Functional_Area;Operating_Company;Service_Type;Ticket_Category;Ticket_Resolution;IRIS.Incident.Number;Priority;Prediction
FUN;DCF;FUN;SR;OK;42372,57569;Priority 3;OK
DCF;DCF;FUN;SR;OK;42373,21181;Priority 3;OK
SEC;DCF;SEC;SR;OK;42373,33403;Priority 3;OK
SEC;DCF;SEC;SR;OK;42373,41736;Priority 3;OK
DCF;DCF;FUN;SR;Defect;42373,42431;Priority 3;OK
SEC;DCF;SEC;SR;OK;42373,425;Priority 4;OK
FUN;DCF;FUN;SR;Defect;42373,43125;Priority 3;OK
SEC;DCF;SEC;SR;OK;42373,45208;Priority 3;OK
SEC;EES;SEC;SR;OK;42373,69495;Priority 3;OK
DCF;DCF;FUN;SR;Defect;42373,79236;Priority 3;OK
SEC;DCF;SEC;SR;OK;42374,36458;Priority 3;OK
SEC;DCF;SEC;SR;OK;42374,36528;Priority 3;OK
SEC;DCF;SEC;SR;OK;42374,38542;Priority 3;OK
SEC;DCF;SEC;SR;OK;42374,55486;Priority 4;OK
SEC;EES;SEC;SR;OK;42374,59911;Priority 3;OK
SEC;DCF;SEC;SR;OK;42374,60069;Priority 4;OK
FUN;DCF;FUN;SR;Defect;42374,83194;Priority 3;OK
SEC;DCF;SEC;SR;OK;42375,23194;Priority 4;OK
DCF;DCF;FUN;SR;OK;42375,23472;Priority 3;OK
SEC;DCF;SEC;SR;Defect;42375,23542;Priority 3;OK
SEC;DCF;SEC;SR;OK;42375,33542;Priority 4;OK
SEC;DCF;SEC;SR;OK;42375,36875;Priority 3;OK
FUN;DCF;FUN;SR;OK;42375,37569;Priority 3;OK
SEC;DCF;SEC;SR;OK;42375,43542;Priority 4;OK
DCF;DCF;FUN;SR;OK;42375,43958;Priority 4;OK
SEC;DCF;SEC;SR;OK;42375,56319;Priority 4;OK
SEC;EES;SEC;SR;OK;42376,03356;Priority 3;OK
SEC;DCF;SEC;SR;OK;42376,22014;Priority 4;OK
SEC;DCF;SEC;SR;OK;42376,25625;Priority 3;OK
TEC;DCF;TEC;SR;Defect;42376,40208;Priority 3;OK
FUN;DCF;FUN;SR;OK;42376,40556;Priority 3;OK
SEC;EES;SEC;SR;OK;42376,4439;Priority 3;OK
SEC;DCF;SEC;SR;OK;42376,64583;Priority 3;OK
SEC;DCF;SEC;SR;OK;42377,15833;Priority 3;OK
SEC;EES;SEC;SR;OK;42377,42622;Priority 3;OK
SEC;EES;SEC;SR;OK;42377,42865;Priority 3;OK
SEC;DCF;SEC;SR;OK;42377,44236;Priority 3;OK
SEC;DCF;SEC;SR;OK;42377,45486;Priority 4;OK
SEC;EES;SEC;SR;OK;42377,52605;Priority 3;OK
SEC;DCF;SEC;SR;OK;42380,34861;Priority 4;OK
DCF;DCF;FUN;INC;OK;42380,42361;Priority 3;OK
DCF;DCF;FUN;INC;OK;42380,63958;Priority 3;OK
SEC;DCF;SEC;SR;OK;42381,29236;Priority 3;OK
SEC;DCF;SEC;SR;Defect;42381,37431;Priority 3;OK
SEC;DCF;SEC;SR;OK;42381,49583;Priority 4;OK
SEC;DCF;SEC;SR;OK;42381,55556;Priority 4;OK
DCF;DCF;FUN;INC;OK;42381,60208;Priority 3;OK
SEC;DCF;SEC;SR;OK;42382,35833;Priority 4;OK
SEC;DCF;SEC;SR;OK;42382,36875;Priority 4;OK
SEC;DCF;SEC;SR;OK;42382,38889;Priority 4;OK
APS;DCF;APS;SR;OK;42382,46667;Priority 3;OK
SEC;DCF;SEC;SR;OK;42382,55903;Priority 4;OK
SEC;DCF;SEC;SR;OK;42382,575;Priority 4;OK
FUN;DCF;FUN;SR;OK;42382,69653;Priority 3;OK
APS;DCF;APS;SR;OK;42383,19792;Priority 3;OK
SEC;DCF;SEC;SR;OK;42383,30417;Priority 3;OK
SEC;DCF;SEC;SR;OK;42383,33472;Priority 3;OK
DCF;DCF;FUN;SR;OK;42383,37569;Priority 4;OK
FUN;DCF;FUN;INC;OK;42383,51458;Priority 3;OK
SEC;DCF;SEC;SR;OK;42384,28542;Priority 4;OK
SEC;DCF;SEC;SR;OK;42384,29931;Priority 4;OK
SEC;DCF;SEC;SR;OK;42384,36042;Priority 3;OK
SEC;DCF;SEC;SR;OK;42384,38125;Priority 4;OK
SEC;EES;SEC;SR;OK;42384,4133;Priority 3;OK
DCF;DCF;FUN;SR;OK;42387,18056;Priority 3;OK
SEC;DCF;SEC;SR;OK;42387,23889;Priority 3;OK
FUN;DCF;FUN;SR;OK;42387,38125;Priority 3;OK
DCF;DCF;FUN;SR;OK;42388,44792;Priority 3;OK
SEC;EES;SEC;SR;OK;42388,65935;Priority 3;OK
TEC;DCF;TEC;SR;OK;42389,20208;Priority 3;OK
SEC;DCF;SEC;SR;OK;42389,35;Priority 3;OK
SEC;DCF;SEC;SR;OK;42389,56736;Priority 3;OK
FUN;DCF;FUN;SR;OK;42390,2;Priority 3;OK
FUN;DCF;FUN;SR;Defect;42390,22292;Priority 3;OK
SEC;DCF;SEC;SR;OK;42391,31319;Priority 3;OK
SEC;DCF;SEC;SR;Defect;42391,41736;Priority 3;OK
TEC;DCF;TEC;SR;Defect;42391,625;Priority 3;OK
SEC;EES;SEC;SR;OK;42403,60811;Priority 3;OK
SEC;EES;SEC;SR;OK;42403,86381;Priority 3;OK
SEC;EES;SEC;SR;OK;42404,37285;Priority 3;OK
SEC;LAT;SEC;SR;OK;42408;Priority 4;OK
SEC;EES;SEC;SR;OK;42408,54904;Priority 3;OK
SEC;EES;SEC;SR;OK;42408,55029;Priority 3;OK
SEC;EES;SEC;SR;OK;42408,56942;Priority 3;OK
SEC;EES;SEC;SR;OK;42408,59705;Priority 3;OK
SEC;EES;SEC;SR;OK;42408,59782;Priority 3;OK
SEC;EES;SEC;SR;OK;42408,76075;Priority 3;OK
SEC;EES;SEC;SR;OK;42409,67429;Priority 3;OK
SEC;EES;SEC;SR;OK;42409,67463;Priority 3;OK
SEC;EES;SEC;SR;OK;42409,67649;Priority 3;OK
SEC;EES;SEC;SR;OK;42410,61087;Priority 3;OK
SEC;EES;SEC;SR;OK;42412,53905;Priority 3;OK
SEC;LAT;SEC;SR;OK;42414;Priority 4;OK
SEC;LAT;SEC;SR;OK;42418;Priority 4;OK
SEC;EES;SEC;SR;OK;42419,77394;Priority 3;OK
SEC;LAT;SEC;SR;OK;42421;Priority 4;OK
SEC;LAT;SEC;SR;OK;42423;Priority 4;OK
SEC;LAT;SEC;SR;OK;42427;Priority 4;OK
SEC;LAT;SEC;SR;OK;42428;Priority 4;OK
SEC;EES;SEC;SR;OK;42430,77288;Priority 3;OK
SEC;EES;SEC;SR;OK;42431,46277;Priority 3;OK
SEC;EES;SEC;SR;OK;42431,62359;Priority 3;OK
SEC;LAT;SEC;SR;OK;42432;Priority 4;OK
SEC;EES;SEC;SR;OK;42432,12722;Priority 3;OK
SEC;EES;SEC;SR;OK;42436,74422;Priority 3;OK
SEC;EES;SEC;SR;OK;42436,74779;Priority 3;OK
SEC;EES;SEC;SR;OK;42438,50872;Priority 3;OK
SEC;LAT;SEC;SR;OK;42439;Priority 4;OK
SEC;EES;SEC;SR;OK;42439,088;Priority 3;OK
SEC;EES;SEC;SR;OK;42439,92205;Priority 3;OK
SEC;EES;SEC;SR;OK;42440,53704;Priority 3;OK
SEC;EES;SEC;SR;OK;42443,61003;Priority 3;OK
SEC;EES;SEC;SR;OK;42443,83668;Priority 3;OK
SEC;LAT;SEC;SR;OK;42444;Priority 4;OK
SEC;EES;SEC;SR;OK;42444,5995;Priority 3;OK
SEC;EES;SEC;SR;OK;42444,8425;Priority 3;OK
SEC;EES;SEC;SR;OK;42446,43561;Priority 3;OK
SEC;EES;SEC;SR;OK;42452,71017;Priority 3;OK
SEC;LAT;SEC;SR;OK;42453;Priority 4;OK
SEC;EES;SEC;SR;OK;42453,00729;Priority 3;OK
SEC;EES;SEC;SR;OK;42463,64785;Priority 3;OK
SEC;EES;SEC;SR;OK;42466,55147;Priority 3;OK
SEC;EES;SEC;SR;OK;42467,5608;Priority 3;OK
SEC;EES;SEC;SR;OK;42467,56804;Priority 3;OK
SEC;EES;SEC;SR;OK;42467,58;Priority 3;OK
SEC;LAT;SEC;SR;Defect;42470;Priority 4;OK
SEC;EES;SEC;SR;OK;42471,7567;Priority 3;OK
SEC;LAT;SEC;SR;Defect;42472;Priority 4;OK
SEC;EES;SEC;SR;OK;42472,07894;Priority 3;OK
SEC;EES;SEC;SR;OK;42472,07948;Priority 3;OK
SEC;EES;SEC;SR;OK;42472,08288;Priority 3;OK
SEC;EES;SEC;SR;OK;42472,42132;Priority 3;OK
SEC;EES;SEC;SR;OK;42473,76052;Priority 3;OK
SEC;LAT;SEC;SR;OK;42475;Priority 4;OK
SEC;EES;SEC;SR;OK;42479,51311;Priority 3;OK
SEC;LAT;SEC;SR;OK;42482;Priority 4;OK
SEC;EES;SEC;SR;OK;42482,47164;Priority 3;OK
SEC;EES;SEC;SR;OK;42482,47747;Priority 3;OK
SEC;EES;SEC;SR;OK;42482,55737;Priority 3;OK
SEC;LAT;SEC;SR;OK;42487;Priority 4;OK
SEC;LAT;SEC;SR;OK;42493;Priority 4;OK
SEC;LAT;SEC;SR;OK;42494;Priority 4;OK
SEC;LAT;SEC;SR;OK;42498;Priority 4;OK
SEC;EES;SEC;SR;OK;42499,94699;Priority 3;OK
SEC;EES;SEC;SR;OK;42499,961;Priority 3;OK
SEC;LAT;SEC;SR;OK;42500;Priority 4;OK
SEC;EES;SEC;SR;OK;42500,61762;Priority 3;OK
SEC;EES;SEC;SR;OK;42502,55258;Priority 3;OK
SEC;LAT;SEC;SR;OK;42506;Priority 4;OK
SEC;LAT;SEC;SR;Defect;42507;Priority 4;OK
SEC;EES;SEC;SR;OK;42509,81985;Priority 3;OK
SEC;EES;SEC;SR;Defect;42509,81991;Priority 3;OK
SEC;EES;SEC;SR;OK;42510,77301;Priority 3;OK
SEC;EES;SEC;SR;OK;42513,47859;Priority 3;OK
SEC;EES;SEC;SR;OK;42513,50488;Priority 3;OK
SEC;LAT;SEC;SR;OK;42517;Priority 4;OK
SEC;EES;SEC;SR;OK;42523,64866;Priority 3;OK
SEC;EES;SEC;SR;OK;42523,64919;Priority 3;OK
SEC;EES;SEC;SR;OK;42523,64935;Priority 3;OK
SEC;EES;SEC;SR;OK;42523,6516;Priority 3;OK
SEC;EES;SEC;SR;OK;42523,66865;Priority 3;OK
SEC;LAT;SEC;SR;Defect;42524;Priority 4;OK
SEC;LAT;SEC;SR;Defect;42527;Priority 4;OK
SEC;EES;SEC;SR;OK;42527,42105;Priority 3;OK
SEC;EES;SEC;SR;OK;42527,66404;Priority 3;OK
SEC;EES;SEC;SR;OK;42528,49685;Priority 3;OK
SEC;LAT;SEC;SR;Defect;42530;Priority 4;OK
SEC;EES;SEC;SR;OK;42531,42117;Priority 3;OK
SEC;EES;SEC;SR;OK;42531,64414;Priority 3;OK
SEC;LAT;SEC;SR;OK;42532;Priority 4;OK
SEC;EES;SEC;SR;OK;42534,43795;Priority 3;OK
SEC;EES;SEC;SR;OK;42534,77194;Priority 3;OK
SEC;EES;SEC;SR;OK;42534,77262;Priority 3;OK
SEC;LAT;SEC;SR;OK;42535;Priority 4;OK
SEC;LAT;SEC;SR;OK;42538;Priority 4;OK
SEC;EES;SEC;SR;OK;42538,52042;Priority 3;OK
SEC;LAT;SEC;SR;OK;42539;Priority 4;OK
SEC;LAT;SEC;SR;OK;42541;Priority 4;OK
SEC;LAT;SEC;SR;OK;42542;Priority 4;OK
SEC;EES;SEC;SR;OK;42544,40961;Priority 3;OK
SEC;LAT;SEC;SR;OK;42545;Priority 4;OK
SEC;LAT;SEC;SR;OK;42548;Priority 4;OK
SEC;LAT;SEC;SR;OK;42549;Priority 4;OK
SEC;LAT;SEC;SR;OK;42551;Priority 4;OK
SEC;EES;SEC;SR;OK;42553,38705;Priority 3;OK
SEC;EES;SEC;SR;OK;42553,40554;Priority 3;OK
SEC;LAT;SEC;SR;OK;42559;Priority 4;OK
SEC;EES;SEC;SR;OK;42563,00713;Priority 3;OK
SEC;EES;SEC;SR;OK;42564,44356;Priority 3;OK
SEC;EES;SEC;SR;OK;42564,77219;Priority 3;OK
SEC;EES;SEC;SR;OK;42564,7748;Priority 3;OK
SEC;EES;SEC;SR;OK;42565,61137;Priority 3;OK
SEC;EES;SEC;SR;OK;42569,54652;Priority 3;OK
SEC;LAT;SEC;SR;OK;42571;Priority 4;OK
SEC;EES;SEC;SR;OK;42571,70894;Priority 3;OK
SEC;EES;SEC;SR;OK;42571,70895;Priority 3;OK
SEC;EES;SEC;SR;OK;42572,07888;Priority 3;OK
SEC;EES;SEC;SR;OK;42572,70491;Priority 3;OK
SEC;EES;SEC;SR;OK;42573,09691;Priority 3;OK
SEC;EES;SEC;SR;OK;42573,1009;Priority 3;OK
SEC;EES;SEC;SR;OK;42575,60934;Priority 3;OK
SEC;LAT;SEC;SR;OK;42576;Priority 4;OK
SEC;EES;SEC;SR;OK;42583,09635;Priority 3;OK
SEC;EES;SEC;SR;OK;42584,33742;Priority 3;OK
SEC;EES;SEC;SR;OK;42584,33765;Priority 3;OK
SEC;EES;SEC;SR;OK;42584,33777;Priority 3;OK
SEC;EES;SEC;SR;Defect;42584,62023;Priority 3;OK
SEC;EES;SEC;SR;OK;42587,00654;Priority 3;OK
SEC;EES;SEC;SR;Defect;42587,50757;Priority 3;OK
SEC;EES;SEC;SR;Defect;42587,81817;Priority 3;OK
SEC;LAT;SEC;SR;OK;42588;Priority 4;OK
SEC;LAT;SEC;SR;Defect;42590;Priority 4;OK
SEC;EES;SEC;SR;Defect;42590,4635;Priority 3;OK
SEC;EES;SEC;SR;Defect;42590,46531;Priority 3;OK
SEC;EES;SEC;SR;Defect;42590,46632;Priority 3;OK
SEC;EES;SEC;SR;Defect;42590,64848;Priority 3;OK
SEC;LAT;SEC;SR;OK;42591;Priority 4;OK
SEC;LAT;SEC;SR;OK;42593;Priority 4;OK
SEC;EES;SEC;SR;Defect;42597,5724;Priority 3;OK
SEC;EES;SEC;SR;Defect;42598,59372;Priority 3;OK
SEC;EES;SEC;SR;Defect;42598,59373;Priority 3;OK
SEC;EES;SEC;SR;Defect;42601,58481;Priority 3;OK
SEC;EES;SEC;SR;Defect;42601,58536;Priority 3;OK
SEC;EES;SEC;SR;Defect;42601,5856;Priority 3;OK
SEC;EES;SEC;SR;Defect;42601,58582;Priority 3;OK
SEC;EES;SEC;SR;Defect;42601,58653;Priority 3;OK
SEC;EES;SEC;SR;Defect;42601,58666;Priority 3;OK
SEC;EES;SEC;SR;Defect;42601,58758;Priority 3;OK
SEC;EES;SEC;SR;Defect;42601,58804;Priority 3;OK
SEC;EES;SEC;SR;Defect;42601,58823;Priority 3;OK
SEC;EES;SEC;SR;Defect;42602,87375;Priority 3;OK
SEC;LAT;SEC;SR;OK;42604;Priority 4;OK
SEC;LAT;SEC;SR;OK;42605;Priority 4;OK
SEC;EES;SEC;SR;Defect;42605,46362;Priority 3;OK
SEC;EES;SEC;SR;Defect;42605,64547;Priority 3;OK
SEC;EES;SEC;SR;Defect;42605,6498;Priority 3;OK
SEC;EES;SEC;SR;Defect;42606,59119;Priority 3;OK
SEC;LAT;SEC;SR;Defect;42607;Priority 4;OK
SEC;LAT;SEC;SR;OK;42611;Priority 4;OK
SEC;LAT;SEC;SR;OK;42612;Priority 4;OK
SEC;EES;SEC;SR;OK;42614,38867;Priority 3;OK
SEC;EES;SEC;SR;OK;42614,38867;Priority 3;OK
SEC;EES;SEC;SR;OK;42614,45243;Priority 3;OK
SEC;LAT;SEC;SR;OK;42618;Priority 4;OK
SEC;EES;SEC;SR;OK;42619,50324;Priority 3;OK
SEC;EES;SEC;SR;OK;42619,50523;Priority 3;OK
SEC;EES;SEC;SR;OK;42619,50736;Priority 3;OK
SEC;EES;SEC;SR;OK;42619,512;Priority 3;OK
SEC;LAT;SEC;SR;Defect;42620;Priority 4;OK
SEC;EES;SEC;SR;OK;42620,51881;Priority 3;OK
SEC;EES;SEC;SR;OK;42620,51946;Priority 3;OK
SEC;EES;SEC;SR;OK;42627,38763;Priority 3;OK
SEC;EES;SEC;SR;OK;42627,38775;Priority 3;OK
SEC;EES;SEC;SR;OK;42627,49014;Priority 3;OK
SEC;EES;SEC;SR;OK;42627,75519;Priority 3;OK
SEC;EES;SEC;SR;OK;42628,47086;Priority 3;OK
SEC;EES;SEC;SR;OK;42628,4733;Priority 3;OK
SEC;EES;SEC;SR;OK;42628,48199;Priority 3;OK
SEC;EES;SEC;SR;OK;42628,48248;Priority 3;OK
SEC;EES;SEC;SR;OK;42628,48317;Priority 3;OK
SEC;EES;SEC;SR;OK;42628,48669;Priority 3;OK
SEC;EES;SEC;SR;OK;42628,67943;Priority 3;OK
SEC;EES;SEC;SR;OK;42628,68029;Priority 3;OK
SEC;EES;SEC;SR;OK;42628,68201;Priority 3;OK
SEC;EES;SEC;SR;OK;42633,74137;Priority 3;OK
SEC;EES;SEC;SR;OK;42635,50596;Priority 3;OK
SEC;EES;SEC;SR;OK;42635,77936;Priority 3;OK
SEC;EES;SEC;SR;OK;42636,40067;Priority 3;OK
SEC;EES;SEC;SR;OK;42636,40969;Priority 3;OK
SEC;EES;SEC;SR;OK;42636,42013;Priority 3;OK
SEC;LAT;SEC;SR;OK;42640;Priority 4;OK
SEC;EES;SEC;SR;OK;42644,98839;Priority 3;OK
SEC;EES;SEC;SR;OK;42646,65583;Priority 3;OK
SEC;EES;SEC;SR;OK;42646,65856;Priority 3;OK
SEC;LAT;SEC;SR;Defect;42648;Priority 4;OK
SEC;EES;SEC;SR;OK;42648,71407;Priority 3;OK
SEC;EES;SEC;SR;OK;42648,73168;Priority 3;OK
SEC;EES;SEC;SR;OK;42648,73227;Priority 3;OK
SEC;EES;SEC;SR;OK;42648,73293;Priority 3;OK
SEC;EES;SEC;SR;OK;42648,73757;Priority 3;OK
SEC;LAT;SEC;SR;Defect;42650;Priority 4;OK
SEC;EES;SEC;SR;OK;42651,42075;Priority 3;OK
SEC;EES;SEC;SR;OK;42651,4208;Priority 3;OK
SEC;LAT;SEC;SR;Defect;42653;Priority 4;OK
SEC;LAT;SEC;SR;Defect;42656;Priority 4;OK
SEC;EES;SEC;SR;OK;42656,47847;Priority 3;OK
SEC;EES;SEC;SR;OK;42660,6544;Priority 3;OK
SEC;LAT;SEC;SR;OK;42661;Priority 4;OK
SEC;LAT;SEC;SR;OK;42668;Priority 4;OK
SEC;LAT;SEC;SR;Defect;42670;Priority 4;OK
SEC;EES;SEC;SR;OK;42731,50833;Priority 3;OK
SEC;EES;SEC;SR;OK;42731,50859;Priority 3;OK
SEC;EES;SEC;SR;OK;42738,38611;Priority 3;OK
SEC;EES;SEC;SR;OK;42745,00625;Priority 3;OK
SEC;EES;SEC;SR;OK;42746,38406;Priority 3;OK
SEC;EES;SEC;SR;OK;42748,47292;Priority 3;OK
SEC;EES;SEC;SR;OK;42750,39042;Priority 3;OK
SEC;EES;SEC;SR;OK;42753,01806;Priority 3;OK
SEC;EES;SEC;SR;OK;42754,57847;Priority 3;OK
SEC;LAT;SEC;SR;OK;42756;Priority 4;OK
SEC;EES;SEC;SR;OK;42759,58403;Priority 3;OK
SEC;LAT;SEC;SR;OK;42767;Priority 4;OK
SEC;LAT;SEC;SR;OK;42768;Priority 4;OK
SEC;LAT;SEC;SR;OK;42769;Priority 4;OK
SEC;EES;SEC;SR;OK;42769,65729;Priority 3;OK
SEC;LAT;SEC;SR;OK;42770;Priority 4;OK
SEC;LAT;SEC;SR;OK;42772;Priority 4;OK
SEC;EES;SEC;SR;OK;42773,65476;Priority 3;OK
SEC;EES;SEC;SR;OK;42773,65595;Priority 3;OK
SEC;EES;SEC;SR;OK;42773,7183;Priority 3;OK
SEC;EES;SEC;SR;OK;42773,71862;Priority 3;OK
SEC;EES;SEC;SR;OK;42773,71928;Priority 3;OK
SEC;EES;SEC;SR;OK;42773,72672;Priority 3;OK
SEC;EES;SEC;SR;OK;42775,48183;Priority 3;OK
SEC;EES;SEC;SR;OK;42775,63274;Priority 3;OK
SEC;EES;SEC;SR;OK;42775,63282;Priority 3;OK
SEC;EES;SEC;SR;OK;42775,63336;Priority 3;OK
SEC;EES;SEC;SR;OK;42775,63368;Priority 3;OK
SEC;EES;SEC;SR;OK;42775,6337;Priority 3;OK
SEC;LAT;SEC;SR;OK;42777;Priority 4;OK
SEC;EES;SEC;SR;OK;42778,8484;Priority 3;OK
SEC;EES;SEC;SR;OK;42779,52493;Priority 3;OK
SEC;EES;SEC;SR;OK;42780,3;Priority 3;OK
SEC;EES;SEC;SR;OK;42780,31946;Priority 3;OK
SEC;EES;SEC;SR;OK;42780,33968;Priority 3;OK
SEC;EES;SEC;SR;OK;42781,63311;Priority 3;OK
SEC;EES;SEC;SR;OK;42782,48296;Priority 3;OK
SEC;EES;SEC;SR;OK;42782,50016;Priority 3;OK
SEC;EES;SEC;SR;OK;42783,51935;Priority 3;OK
SEC;EES;SEC;SR;OK;42783,69725;Priority 3;OK
SEC;LAT;SEC;SR;OK;42794;Priority 4;OK
SEC;LAT;SEC;SR;OK;42799;Priority 4;OK
SEC;EES;SEC;SR;OK;42801,72257;Priority 3;OK
SEC;EES;SEC;SR;OK;42804,92635;Priority 3;OK
SEC;EES;SEC;SR;OK;42808,44564;Priority 3;OK
SEC;EES;SEC;SR;OK;42811,74145;Priority 3;OK
SEC;EES;SEC;SR;OK;42811,96148;Priority 3;OK
SEC;LAT;SEC;SR;OK;42813;Priority 4;OK
SEC;EES;SEC;SR;OK;42813,09397;Priority 3;OK
SEC;EES;SEC;SR;OK;42814,33227;Priority 3;OK
SEC;EES;SEC;SR;OK;42816,36174;Priority 3;OK
SEC;EES;SEC;SR;OK;42816,39821;Priority 3;OK
SEC;EES;SEC;SR;OK;42816,62619;Priority 3;OK
SEC;EES;SEC;SR;OK;42816,62622;Priority 3;OK
SEC;EES;SEC;SR;OK;42816,62653;Priority 3;OK
SEC;EES;SEC;SR;OK;42816,62691;Priority 3;OK
SEC;EES;SEC;SR;OK;42817,59277;Priority 3;OK
SEC;EES;SEC;SR;OK;42817,61637;Priority 3;OK
SEC;LAT;SEC;SR;OK;42818;Priority 4;OK
SEC;EES;SEC;SR;OK;42818,05987;Priority 3;OK
SEC;LAT;SEC;SR;OK;42823;Priority 4;OK
SEC;LAT;SEC;SR;OK;42824;Priority 4;OK
None;EES;SEC;SR;OK;42828,75439;Priority 3;OK
None;EES;SEC;SR;OK;42829,52141;Priority 3;OK
None;EES;SEC;SR;OK;42831,67841;Priority 3;OK
None;EES;SEC;SR;OK;42832,48297;Priority 3;OK
None;EES;SEC;SR;OK;42836,04845;Priority 3;OK
None;EES;SEC;SR;OK;42836,33016;Priority 3;OK
None;EES;SEC;SR;OK;42836,40569;Priority 3;OK
None;EES;SEC;SR;OK;42837,52899;Priority 3;OK
None;EES;SEC;SR;OK;42837,52907;Priority 3;OK
None;EES;SEC;SR;OK;42837,52922;Priority 3;OK
None;EES;SEC;SR;OK;42842,99427;Priority 3;OK
SEC;EES;SEC;SR;OK;42844,42672;Priority 3;OK
SEC;EES;SEC;SR;OK;42844,44378;Priority 3;OK
None;EES;SEC;SR;OK;42844,94159;Priority 3;OK
SEC;EES;SEC;SR;OK;42845,08811;Priority 3;OK
SEC;EES;SEC;SR;OK;42846,52978;Priority 3;OK
SEC;EES;SEC;SR;OK;42846,52991;Priority 3;OK
SEC;EES;SEC;SR;OK;42846,73789;Priority 3;OK
SEC;EES;SEC;SR;OK;42857,4048;Priority 3;OK
SEC;EES;SEC;SR;OK;42857,74744;Priority 3;OK
SEC;EES;SEC;SR;OK;42866,65396;Priority 3;OK
SEC;EES;SEC;SR;OK;42866,65396;Priority 3;OK
None;EES;SEC;SR;OK;42867,55779;Priority 3;OK
None;EES;SEC;SR;OK;42878,80328;Priority 3;OK
SEC;LAT;SEC;SR;OK;42888;Priority 4;OK
SEC;LAT;SEC;SR;OK;42896;Priority 4;OK
SEC;LAT;SEC;SR;OK;42959;Priority 4;OK
SEC;LAT;SEC;SR;OK;42964;Priority 4;OK
SEC;LAT;SEC;SR;OK;42987;Priority 4;OK
SEC;LAT;SEC;SR;OK;42998;Priority 4;OK
SEC;LAT;SEC;SR;OK;43124;Priority 4;OK
SEC;LAT;SEC;SR;OK;43125;Priority 4;OK
SEC;LAT;SEC;SR;OK;43166;Priority 4;OK
SEC;LAT;SEC;SR;OK;43189;Priority 4;OK
SEC;LAT;SEC;SR;OK;43193;Priority 4;OK
SEC;LAT;SEC;SR;OK;43213;Priority 4;OK
SEC;LAT;SEC;SR;OK;43221;Priority 4;OK
SEC;LAT;SEC;SR;OK;43331;Priority 4;OK
SEC;LAT;SEC;SR;OK;43333;Priority 4;OK
SEC;LAT;SEC;SR;Defect;43334;Priority 4;OK
SEC;LAT;SEC;SR;OK;43339;Priority 4;OK
SEC;LAT;SEC;SR;OK;43348;Priority 4;OK
SEC;LAT;SEC;SR;OK;43352;Priority 4;OK
SEC;LAT;SEC;SR;OK;43354;Priority 4;OK
SEC;LAT;SEC;SR;OK;43356;Priority 4;OK
SEC;LAT;SEC;SR;OK;43358;Priority 4;OK
SEC;LAT;SEC;SR;OK;43362;Priority 4;OK
SEC;LAT;SEC;SR;OK;43364;Priority 4;OK
SEC;LAT;SEC;SR;OK;43366;Priority 4;OK
SEC;LAT;SEC;SR;OK;43367;Priority 4;OK
SEC;LAT;SEC;SR;OK;43377;Priority 4;OK
SEC;LAT;SEC;SR;OK;43378;Priority 4;OK
SEC;LAT;SEC;SR;OK;43391;Priority 4;OK
SEC;LAT;SEC;SR;OK;43392;Priority 4;OK
SEC;LAT;SEC;SR;OK;43395;Priority 4;OK
SEC;LAT;SEC;SR;OK;43403;Priority 4;OK
SEC;LAT;SEC;SR;OK;43407;Priority 4;OK
SEC;LAT;SEC;SR;OK;43425;Priority 4;OK
SEC;LAT;SEC;SR;OK;43434;Priority 4;OK
SEC;LAT;SEC;SR;OK;43435;Priority 4;OK
SEC;LAT;SEC;SR;OK;43440;Priority 4;OK
SEC;LAT;SEC;SR;Defect;43446;Priority 4;OK
SEC;LAT;SEC;SR;OK;43451;Priority 4;OK
SEC;LAT;SEC;SR;OK;43456;Priority 4;OK
SEC;LAT;SEC;SR;OK;43462;Priority 4;OK
SEC;LAT;SEC;SR;OK;43468;Priority 4;OK
SEC;LAT;SEC;SR;OK;43475;Priority 4;OK
SEC;LAT;SEC;SR;OK;43477;Priority 4;OK
SEC;LAT;SEC;SR;OK;43480;Priority 4;OK
SEC;LAT;SEC;SR;OK;43481;Priority 4;OK
SEC;LAT;SEC;SR;OK;43488;Priority 4;OK
SEC;LAT;SEC;SR;OK;43489;Priority 4;OK
SEC;LAT;SEC;SR;OK;43495;Priority 4;OK
SEC;LAT;SEC;SR;OK;43507;Priority 4;OK
SEC;LAT;SEC;SR;OK;43515;Priority 4;OK
SEC;LAT;SEC;SR;OK;43517;Priority 4;OK
SEC;LAT;SEC;SR;OK;43520;Priority 4;OK
SEC;LAT;SEC;SR;OK;43521;Priority 4;OK
SEC;LAT;SEC;SR;OK;43528;Priority 4;OK
SEC;LAT;SEC;SR;OK;43530;Priority 4;OK
SEC;LAT;SEC;SR;OK;43532;Priority 4;OK
SEC;LAT;SEC;SR;OK;43536;Priority 4;OK
SEC;LAT;SEC;SR;OK;43540;Priority 4;OK
SEC;LAT;SEC;SR;OK;43541;Priority 4;OK
SEC;LAT;SEC;SR;OK;43548;Priority 4;OK
SEC;LAT;SEC;SR;OK;43549;Priority 4;OK
SEC;LAT;SEC;SR;OK;43551;Priority 4;OK
SEC;LAT;SEC;SR;OK;43572;Priority 4;OK
SEC;LAT;SEC;SR;OK;43577;Priority 4;OK
SEC;LAT;SEC;SR;OK;43579;Priority 4;OK
SEC;LAT;SEC;SR;OK;43589;Priority 4;OK
SEC;LAT;SEC;SR;OK;43590;Priority 4;OK
SEC;LAT;SEC;SR;OK;43597;Priority 4;OK
SEC;LAT;SEC;SR;OK;43599;Priority 4;OK
SEC;LAT;SEC;SR;OK;43608;Priority 4;OK
SEC;LAT;SEC;SR;OK;43617;Priority 4;OK
SEC;LAT;SEC;SR;Defect;43629;Priority 4;OK
SEC;LAT;SEC;SR;OK;43631;Priority 4;OK
SEC;LAT;SEC;SR;OK;43634;Priority 4;OK
SEC;LAT;SEC;SR;OK;43635;Priority 4;OK
SEC;LAT;SEC;SR;OK;43638;Priority 4;OK
SEC;LAT;SEC;SR;OK;43640;Priority 4;OK
SEC;LAT;SEC;SR;OK;43643;Priority 4;OK
SEC;LAT;SEC;SR;OK;43648;Priority 4;OK
SEC;LAT;SEC;SR;OK;43652;Priority 4;OK
SEC;LAT;SEC;SR;OK;43662;Priority 4;OK
SEC;LAT;SEC;SR;OK;43666;Priority 4;OK
SEC;LAT;SEC;SR;OK;43667;Priority 4;OK
SEC;LAT;SEC;SR;OK;43670;Priority 4;OK
SEC;LAT;SEC;SR;OK;43673;Priority 4;OK
SEC;LAT;SEC;SR;OK;43674;Priority 4;OK
SEC;LAT;SEC;SR;OK;43676;Priority 4;OK
SEC;LAT;SEC;SR;OK;43678;Priority 4;OK
SEC;LAT;SEC;SR;OK;43690;Priority 4;OK
SEC;LAT;SEC;BULK;OK;43709;Priority 4;OK
SEC;LAT;SEC;BULK;OK;43718;Priority 4;OK
SEC;LAT;SEC;BULK;OK;43719;Priority 4;OK
SEC;LAT;SEC;BULK;OK;43725;Priority 4;OK
SEC;LAT;SEC;BULK;OK;43726;Priority 4;OK
SEC;LAT;SEC;BULK;OK;43727;Priority 4;OK
SEC;LAT;SEC;BULK;OK;43733;Priority 4;OK
SEC;LAT;SEC;SR;OK;43737;Priority 4;OK
SEC;LAT;SEC;SR;OK;43739;Priority 4;OK
SEC;LAT;SEC;SR;OK;43741;Priority 4;OK
SEC;LAT;SEC;SR;OK;43744;Priority 4;OK
FUN;DCF;FUN;INC;OK;141868;Priority 2;OK
DCF;DCF;FUN;INC;OK;141876;Priority 2;OK
TEC;DCF;TEC;INC;OK;141912;Priority 3;OK
APS;DCF;APS;INC;OK;141938;Priority 2;OK
APS;DCF;APS;INC;OK;141939;Priority 2;OK
TEC;DCF;TEC;INC;OK;141966;Priority 3;OK
DCF;DCF;FUN;INC;OK;141993;Priority 3;OK
APS;DCF;APS;INC;OK;142067;Priority 3;OK
FUN;DCF;FUN;INC;OK;142082;Priority 3;OK
DCF;DCF;FUN;INC;OK;142087;Priority 3;OK
DCF;DCF;FUN;INC;OK;142088;Priority 2;OK
FUN;DCF;FUN;INC;OK;142109;Priority 2;OK
DCF;DCF;FUN;INC;OK;142110;Priority 3;OK
DCF;DCF;FUN;INC;OK;142131;Priority 3;OK
TEC;DCF;TEC;INC;OK;142144;Priority 3;OK
DCF;DCF;FUN;INC;OK;142148;Priority 3;OK
TEC;DCF;TEC;INC;OK;142208;Priority 4;OK
DCF;DCF;FUN;INC;OK;142226;Priority 3;OK
FUN;DCF;TEC;INC;OK;142229;Priority 3;OK
FUN;DCF;FUN;INC;OK;142250;Priority 3;OK
FUN;DCF;TEC;INC;OK;142321;Priority 3;OK
FUN;DCF;TEC;INC;OK;142325;Priority 3;OK
DCF;DCF;FUN;INC;OK;142337;Priority 3;OK
DCF;DCF;FUN;INC;OK;142360;Priority 3;OK
FUN;DCF;FUN;INC;OK;142407;Priority 2;OK
DCF;DCF;FUN;INC;OK;142417;Priority 3;OK
DCF;DCF;FUN;INC;OK;142426;Priority 4;OK
FUN;DCF;TEC;INC;OK;142450;Priority 3;OK
SEC;DCF;SEC;SR;OK;142479;Priority 4;OK
SEC;DCF;SEC;SR;Defect;142504;Priority 3;OK
SEC;DCF;SEC;SR;OK;142506;Priority 4;OK
FUN;DCF;FUN;INC;OK;142514;Priority 4;OK
DCF;DCF;FUN;INC;OK;142532;Priority 3;OK
SEC;DCF;SEC;SR;OK;142547;Priority 3;OK
SEC;DCF;SEC;SR;OK;142565;Priority 4;OK
FUN;DCF;FUN;SR;OK;142587;Priority 3;OK
DCF;DCF;FUN;INC;OK;142599;Priority 3;OK
DCF;DCF;FUN;SR;OK;142606;Priority 4;OK
DCF;DCF;FUN;INC;OK;142610;Priority 3;OK
SEC;DCF;SEC;SR;OK;142614;Priority 4;OK
SEC;DCF;SEC;SR;OK;142618;Priority 4;OK
FUN;DCF;FUN;INC;Defect;142625;Priority 3;OK
DCF;DCF;FUN;INC;Defect;142627;Priority 3;OK
DCF;DCF;FUN;INC;OK;142629;Priority 4;OK
SEC;DCF;SEC;SR;OK;142632;Priority 4;OK
FUN;DCF;FUN;SR;OK;142633;Priority 3;OK
DCF;DCF;FUN;INC;OK;142643;Priority 4;OK
SEC;DCF;SEC;SR;OK;142658;Priority 4;OK
SEC;DCF;SEC;SR;Defect;142660;Priority 2;OK
DCF;DCF;FUN;SR;OK;142663;Priority 3;OK
DCF;DCF;FUN;INC;OK;142667;Priority 4;OK
SEC;DCF;SEC;SR;OK;142668;Priority 4;OK
APS;DCF;APS;SR;Defect;142669;Priority 3;OK
DCF;DCF;FUN;SR;OK;142672;Priority 3;OK
SEC;DCF;SEC;SR;OK;142682;Priority 4;OK
FUN;DCF;FUN;SR;OK;142698;Priority 3;OK
SEC;DCF;SEC;SR;OK;142701;Priority 4;OK
SEC;DCF;SEC;SR;OK;142702;Priority 3;OK
FUN;DCF;FUN;INC;Defect;142708;Priority 3;OK
SEC;DCF;SEC;SR;OK;142709;Priority 4;OK
DCF;DCF;FUN;SR;OK;142715;Priority 3;OK
DCF;DCF;FUN;INC;OK;142716;Priority 3;OK
DCF;DCF;FUN;INC;OK;142717;Priority 4;OK
SEC;DCF;SEC;SR;OK;142718;Priority 3;OK
SEC;DCF;SEC;SR;OK;142741;Priority 3;OK
DCF;DCF;FUN;INC;OK;142743;Priority 3;OK
FUN;DCF;FUN;SR;OK;142757;Priority 3;OK
DCF;DCF;FUN;INC;OK;142769;Priority 3;OK
DCF;DCF;FUN;INC;OK;142770;Priority 3;OK
FUN;DCF;FUN;SR;OK;142774;Priority 4;OK
FUN;DCF;FUN;SR;Defect;142778;Priority 3;OK
SEC;DCF;SEC;SR;Defect;142792;Priority 3;OK
APS;DCF;APS;INC;OK;142795;Priority 3;OK
APS;DCF;APS;INC;OK;142798;Priority 2;OK
TEC;DCF;TEC;INC;OK;142804;Priority 3;OK
FUN;DCF;FUN;SR;Defect;142825;Priority 3;OK
APS;DCF;APS;SR;OK;142857;Priority 3;OK
SEC;DCF;SEC;SR;OK;142862;Priority 4;OK
TEC;DCF;TEC;INC;OK;142869;Priority 3;OK
FUN;DCF;FUN;SR;Defect;142873;Priority 2;OK
SEC;DCF;SEC;SR;OK;142885;Priority 4;OK
DCF;DCF;FUN;INC;OK;142895;Priority 3;OK
SEC;DCF;SEC;SR;OK;142918;Priority 4;OK
DCF;DCF;FUN;INC;OK;142923;Priority 4;OK
TEC;DCF;TEC;INC;OK;142926;Priority 3;OK
SEC;DCF;SEC;SR;OK;142937;Priority 4;OK
SEC;DCF;SEC;SR;OK;142940;Priority 4;OK
APS;DCF;APS;SR;OK;142943;Priority 3;OK
FUN;DCF;FUN;INC;OK;142946;Priority 2;OK
DCF;DCF;FUN;INC;OK;142953;Priority 3;OK
APS;DCF;APS;INC;OK;142965;Priority 3;OK
SEC;DCF;SEC;SR;OK;142973;Priority 4;OK
TEC;DCF;TEC;INC;Defect;142978;Priority 3;OK
DCF;DCF;FUN;SR;OK;142979;Priority 3;OK
DCF;DCF;FUN;SR;OK;142989;Priority 3;OK
DCF;DCF;FUN;SR;OK;143006;Priority 3;OK
FUN;DCF;FUN;SR;Defect;143025;Priority 3;OK
APS;DCF;APS;INC;OK;143028;Priority 3;OK
DCF;DCF;FUN;SR;OK;143044;Priority 3;OK
SEC;DCF;SEC;SR;OK;143047;Priority 3;OK
FUN;DCF;FUN;INC;Defect;143067;Priority 3;OK
FUN;DCF;FUN;INC;OK;143072;Priority 1;OK
FUN;DCF;FUN;INC;OK;143082;Priority 1;OK
DCF;DCF;FUN;INC;OK;143086;Priority 3;OK
DCF;DCF;FUN;INC;OK;143095;Priority 3;OK
DCF;DCF;FUN;INC;OK;143103;Priority 3;OK
DCF;DCF;FUN;SR;OK;143107;Priority 3;OK
FUN;DCF;FUN;INC;OK;143127;Priority 4;OK
DCF;DCF;FUN;INC;OK;143132;Priority 2;OK
DCF;DCF;FUN;SR;OK;143152;Priority 2;OK
DCF;DCF;FUN;INC;OK;143167;Priority 3;OK
DCF;DCF;FUN;SR;OK;143172;Priority 4;OK
SEC;DCF;SEC;SR;Defect;143180;Priority 3;OK
APS;DCF;APS;INC;OK;143201;Priority 2;OK
APS;DCF;APS;INC;OK;143228;Priority 1;OK
APS;DCF;APS;INC;Defect;143236;Priority 3;OK
SEC;DCF;SEC;SR;OK;143256;Priority 4;OK
APS;DCF;APS;INC;OK;143260;Priority 1;OK
APS;DCF;APS;SR;Defect;143273;Priority 3;OK
SEC;DCF;SEC;SR;OK;143282;Priority 4;OK
SEC;DCF;SEC;SR;Defect;143284;Priority 3;OK
FUN;DCF;FUN;INC;OK;143299;Priority 3;OK
DCF;DCF;FUN;SR;OK;143302;Priority 4;OK
DCF;DCF;FUN;SR;OK;143304;Priority 3;OK
FUN;DCF;FUN;SR;OK;143305;Priority 3;OK
DCF;DCF;FUN;SR;OK;143316;Priority 3;OK
SEC;DCF;SEC;SR;Defect;143325;Priority 3;OK
SEC;DCF;SEC;SR;Defect;143335;Priority 3;OK
DCF;DCF;FUN;INC;OK;143349;Priority 4;OK
TEC;DCF;TEC;INC;OK;143356;Priority 3;OK
DCF;DCF;FUN;SR;OK;143361;Priority 3;OK
SEC;DCF;SEC;SR;OK;143366;Priority 4;OK
SEC;DCF;SEC;SR;Defect;143368;Priority 3;OK
FUN;DCF;FUN;SR;OK;143370;Priority 3;OK
DCF;DCF;FUN;INC;OK;143386;Priority 3;OK
TEC;DCF;TEC;INC;OK;143390;Priority 3;OK
DCF;DCF;FUN;INC;OK;143393;Priority 4;OK
SEC;DCF;SEC;SR;OK;143406;Priority 4;OK
DCF;DCF;FUN;INC;OK;143412;Priority 3;OK
DCF;DCF;FUN;INC;OK;143417;Priority 3;OK
SEC;DCF;SEC;SR;OK;143423;Priority 3;OK
TEC;DCF;TEC;SR;OK;143439;Priority 3;OK
FUN;DCF;FUN;INC;Defect;143442;Priority 3;OK
FUN;DCF;FUN;INC;OK;143448;Priority 3;OK
APS;DCF;APS;INC;OK;143451;Priority 3;OK
SEC;DCF;SEC;SR;OK;143457;Priority 4;OK
FUN;DCF;FUN;SR;Defect;143470;Priority 3;OK
FUN;DCF;TEC;INC;OK;143477;Priority 3;OK
TEC;DCF;TEC;INC;OK;143486;Priority 3;OK
FUN;DCF;FUN;INC;OK;143487;Priority 4;OK
DCF;DCF;FUN;INC;OK;143489;Priority 3;OK
FUN;DCF;TEC;SR;OK;143495;Priority 3;OK
SEC;DCF;SEC;SR;OK;143500;Priority 4;OK
TEC;DCF;FUN;SR;OK;143517;Priority 3;OK
DCF;DCF;FUN;INC;OK;143523;Priority 3;OK
DCF;DCF;FUN;INC;OK;143525;Priority 4;OK
SEC;DCF;SEC;SR;OK;143539;Priority 4;OK
FUN;DCF;FUN;SR;OK;143546;Priority 3;OK
SEC;DCF;SEC;SR;OK;143549;Priority 3;OK
TEC;DCF;TEC;SR;OK;143550;Priority 3;OK
TEC;DCF;TEC;INC;OK;143552;Priority 3;OK
DCF;DCF;FUN;INC;OK;143562;Priority 3;OK
DCF;DCF;FUN;INC;OK;143563;Priority 3;OK
DCF;DCF;FUN;INC;OK;143566;Priority 3;OK
SEC;DCF;SEC;SR;OK;143568;Priority 4;OK
DCF;DCF;FUN;INC;OK;143575;Priority 3;OK
SEC;DCF;SEC;SR;OK;143576;Priority 4;OK
DCF;DCF;FUN;INC;OK;143577;Priority 3;OK
DCF;DCF;FUN;INC;OK;143583;Priority 2;OK
DCF;DCF;FUN;INC;OK;143588;Priority 3;OK
DCF;DCF;FUN;INC;OK;143589;Priority 4;OK
SEC;DCF;SEC;SR;OK;143595;Priority 4;OK
APS;DCF;APS;SR;OK;143598;Priority 3;OK
FUN;DCF;FUN;INC;OK;143611;Priority 2;OK
DCF;DCF;FUN;INC;OK;143612;Priority 3;OK
FUN;DCF;FUN;SR;Defect;143632;Priority 3;OK
DCF;DCF;FUN;INC;OK;143641;Priority 4;OK
SEC;DCF;SEC;SR;OK;143646;Priority 4;OK
SEC;DCF;SEC;SR;OK;143647;Priority 4;OK
SEC;DCF;SEC;SR;Defect;143653;Priority 3;OK
FUN;DCF;FUN;INC;OK;143660;Priority 3;OK
FUN;DCF;FUN;SR;OK;143665;Priority 3;OK
SEC;DCF;SEC;SR;OK;143668;Priority 4;OK
DCF;DCF;FUN;INC;Defect;143669;Priority 3;OK
SEC;DCF;SEC;SR;OK;143672;Priority 4;OK
SEC;DCF;SEC;SR;OK;143676;Priority 4;OK
APS;DCF;APS;SR;OK;143685;Priority 3;OK
APS;DCF;APS;SR;OK;143705;Priority 3;OK
DCF;DCF;FUN;INC;OK;143707;Priority 3;OK
APS;DCF;APS;SR;OK;143725;Priority 3;OK
FUN;DCF;FUN;INC;OK;143729;Priority 3;OK
SEC;DCF;SEC;SR;OK;143753;Priority 3;OK
SEC;DCF;SEC;SR;Defect;143754;Priority 4;OK
TEC;DCF;FUN;INC;OK;143756;Priority 3;OK
APS;DCF;APS;INC;OK;143766;Priority 3;OK
APS;DCF;APS;INC;OK;143769;Priority 3;OK
FUN;DCF;FUN;SR;OK;143774;Priority 3;OK
DCF;DCF;FUN;INC;OK;143789;Priority 3;OK
DCF;DCF;FUN;INC;Defect;143790;Priority 4;OK
SEC;DCF;SEC;SR;OK;143792;Priority 3;OK
DCF;DCF;FUN;INC;OK;143793;Priority 3;OK
FUN;DCF;TEC;SR;OK;143802;Priority 3;OK
DCF;DCF;FUN;INC;OK;143808;Priority 3;OK
DCF;DCF;FUN;INC;OK;143818;Priority 2;OK
DCF;DCF;FUN;INC;OK;143822;Priority 3;OK
DCF;DCF;FUN;SR;OK;143825;Priority 3;OK
SEC;DCF;SEC;SR;OK;143827;Priority 3;OK
FUN;DCF;TEC;INC;OK;143828;Priority 3;OK
FUN;DCF;FUN;INC;Defect;143844;Priority 3;OK
DCF;DCF;FUN;INC;OK;143862;Priority 4;OK
DCF;DCF;FUN;INC;OK;143864;Priority 3;OK
DCF;DCF;FUN;INC;OK;143868;Priority 2;OK
FUN;DCF;FUN;INC;OK;143880;Priority 2;OK
DCF;DCF;FUN;SR;OK;143891;Priority 4;OK
DCF;DCF;FUN;INC;OK;143942;Priority 3;OK
SEC;DCF;SEC;SR;OK;143945;Priority 4;OK
DCF;DCF;FUN;INC;OK;143958;Priority 3;OK
DCF;DCF;FUN;SR;OK;143981;Priority 3;OK
FUN;DCF;FUN;SR;OK;143983;Priority 3;OK
DCF;DCF;FUN;INC;OK;143984;Priority 4;OK
FUN;DCF;FUN;SR;OK;143995;Priority 3;OK
SEC;DCF;SEC;SR;OK;143996;Priority 3;OK
FUN;DCF;FUN;SR;OK;143998;Priority 3;OK
FIN;DCF;FUN;SR;OK;144007;Priority 3;OK
APS;DCF;APS;SR;OK;144010;Priority 3;OK
DCF;DCF;FUN;INC;OK;144027;Priority 3;OK
FUN;DCF;FUN;SR;OK;144030;Priority 4;OK
FUN;DCF;FUN;INC;OK;144035;Priority 3;OK
FUN;DCF;FUN;SR;OK;144036;Priority 3;OK
DCF;DCF;FUN;INC;OK;144040;Priority 2;OK
DCF;DCF;FUN;INC;OK;144045;Priority 3;OK
DCF;DCF;FUN;INC;OK;144048;Priority 4;OK
FUN;DCF;FUN;SR;OK;144060;Priority 3;OK
FUN;DCF;FUN;SR;OK;144068;Priority 3;OK
SEC;DCF;SEC;SR;OK;144076;Priority 4;OK
SEC;DCF;SEC;SR;OK;144081;Priority 3;OK
DCF;DCF;FUN;SR;OK;144082;Priority 3;OK
FUN;DCF;FUN;SR;OK;144089;Priority 3;OK
FUN;DCF;FUN;INC;OK;144090;Priority 2;OK
DCF;DCF;FUN;SR;OK;144099;Priority 3;OK
FUN;DCF;FUN;INC;OK;144102;Priority 4;OK
DCF;DCF;FUN;INC;OK;144104;Priority 4;OK
DCF;DCF;FUN;INC;OK;144105;Priority 4;OK
SEC;DCF;SEC;SR;OK;144122;Priority 4;OK
SEC;DCF;SEC;SR;OK;144123;Priority 4;OK
DCF;DCF;FUN;SR;OK;144141;Priority 4;OK
SEC;DCF;SEC;SR;OK;144149;Priority 4;OK
SEC;DCF;SEC;SR;OK;144158;Priority 3;OK
SEC;DCF;SEC;SR;OK;144161;Priority 4;OK
TEC;DCF;TEC;INC;OK;144166;Priority 3;OK
SEC;DCF;SEC;SR;OK;144175;Priority 4;OK
SEC;DCF;SEC;SR;OK;144178;Priority 4;OK
FUN;DCF;FUN;INC;Defect;1419801;Priority 3;OK
FUN;DCF;FUN;INC;Defect;1420171;Priority 3;OK
FUN;DCF;FUN;INC;OK;1420451;Priority 4;OK
FUN;DCF;FUN;INC;OK;1420821;Priority 3;OK
FUN;DCF;FUN;INC;OK;1421141;Priority 3;OK
DCF;DCF;FUN;INC;OK;1422451;Priority 3;OK
CNC;BWI;CNC;CHG;OK;CHG000010209139;Priority 4;OK
CNC;LAT;CNC;CHG;OK;CHG000010209261;Priority 4;OK
CNC;812;CNC;CHG;OK;CHG000010209330;Priority 4;OK
CNC;ETH;CNC;CHG;OK;CHG000010210132;Priority 4;OK
CNC;DCF;CNC;CHG;OK;CHG000010213564;Priority 4;OK
CNC;BWI;CNC;CHG;OK;CHG000010215846;Priority 4;OK
CNC;BWI;CNC;CHG;OK;CHG000010216130;Priority 4;OK
CNC;812;CNC;CHG;OK;CHG000010218673;Priority 4;OK
CNC;812;CNC;CHG;OK;CHG000010222578;Priority 4;OK
CNC;812;CNC;CHG;Defect;CHG000010224808;Priority 4;OK
CNC;812;L1 ;CHG;OK;CHG000010225042;Priority 4;OK
CNC;LFS;CNC;CHG;OK;CHG000010225714;Priority 4;OK
CNC;812;L1 ;CHG;OK;CHG000010225942;Priority 4;OK
CNC;ETH;CNC;CHG;OK;CHG000010226492;Priority 4;OK
CNC;MNT;CNC;CHG;OK;CHG000010226504;Priority 4;OK
CNC;812;CNC;CHG;OK;CHG000010228250;Priority 4;OK
CNC;BWI;CNC;CHG;OK;CHG000010228293;Priority 4;OK
CNC;CAN;L1 ;CHG;OK;CHG000010228841;Priority 4;OK
CNC;ETH;CNC;CHG;OK;CHG000010229676;Priority 4;OK
CNC;ETH;TEC;CHG;Defect;CHG000010229962;Priority 4;OK
CNC;812;CNC;CHG;OK;CHG000010232422;Priority 4;OK
CNC;BWI;SCH;CHG;Defect;CHG000010232490;Priority 4;OK
CNC;812;CNC;CHG;OK;CHG000010235235;Priority 4;OK
CNC;812;CNC;CHG;OK;CHG000010237670;Priority 4;OK
CNC;812;CNC;CHG;OK;CHG000010238301;Priority 4;OK
CNC;DCF;CNC;CHG;OK;CHG000010239520;Priority 4;OK
CNC;812;CNC;CHG;OK;CHG000010240138;Priority 4;OK
CNC;LAT;CNC;CHG;OK;CHG000010240224;Priority 4;OK
CNC;812;CNC;CHG;OK;CHG000010240538;Priority 4;OK
CNC;812;CNC;CHG;OK;CHG000010241832;Priority 4;OK
CNC;BWI;CNC;CHG;OK;CHG000010244185;Priority 4;OK
CNC;MNT;CNC;CHG;OK;CHG000010246500;Priority 4;OK
CNC;ETH;TEC;CHG;OK;CHG000010246590;Priority 4;OK
CNC;MNT;CNC;CHG;OK;CHG000010246810;Priority 4;OK
CNC;DCF;CNC;CHG;OK;CHG000010248390;Priority 4;OK
CNC;BWI;SCH;CHG;OK;CHG000010248784;Priority 4;OK
CNC;812;CNC;CHG;OK;CHG000010250377;Priority 4;OK
CNC;DCF;CNC;CHG;OK;CHG000010253877;Priority 4;OK
CNC;812;CNC;CHG;OK;CHG000010254966;Priority 4;OK
CNC;812;CNC;CHG;OK;CHG000010254970;Priority 4;OK
CNC;DCF;CNC;CHG;OK;CHG000010256761;Priority 4;OK
CNC;MNT;CNC;CHG;OK;CHG000010258073;Priority 4;OK
CNC;CAN;CNC;CHG;OK;CHG000010261308;Priority 4;OK
CNC;812;CNC;CHG;OK;CHG000010261339;Priority 4;OK
CNC;DCF;CNC;CHG;OK;CHG000010261400;Priority 4;OK
CNC;ETH;CNC;CHG;OK;CHG000010262724;Priority 4;OK
CNC;812;CNC;CHG;Defect;CHG000010264673;Priority 4;OK
CNC;812;CNC;CHG;Defect;CHG000010264876;Priority 4;OK
CNC;DCF;CNC;CHG;OK;CHG000010266851;Priority 4;OK
CNC;LAT;CNC;CHG;OK;CHG000010268080;Priority 4;OK
CNC;812;CNC;CHG;OK;CHG000010268839;Priority 4;OK
CNC;LAT;CNC;CHG;OK;CHG000010269855;Priority 4;OK
CNC;BWI;CNC;CHG;Defect;CHG000010270153;Priority 4;OK
CNC;BWI;CNC;CHG;OK;CHG000010270174;Priority 4;OK
CNC;812;CNC;CHG;OK;CHG000010270434;Priority 4;OK
CNC;MNT;CNC;CHG;Defect;CHG000010271672;Priority 4;OK
CNC;DCF;CNC;CHG;Defect;CHG000010271679;Priority 4;OK
CNC;OXE;CNC;CHG;OK;CHG000010272649;Priority 4;OK
CNC;812;CNC;CHG;OK;CHG000010273171;Priority 4;OK
CNC;812;CNC;CHG;OK;CHG000010273290;Priority 4;OK
CNC;DCF;CNC;CHG;OK;CHG000010273649;Priority 4;OK
CNC;812;CNC;CHG;OK;CHG000010279267;Priority 4;OK
CNC;ETH;CNC;CHG;OK;CHG000010287043;Priority 4;OK
CNC;OXE;CNC;CHG;OK;CHG000010287353;Priority 4;OK
CNC;BWI;CNC;CHG;Defect;CHG000010291012;Priority 4;OK
CNC;ETH;CNC;CHG;OK;CHG000010291797;Priority 4;OK
CNC;812;CNC;CHG;OK;CHG000010292138;Priority 4;OK
CNC;DXE;CNC;CHG;OK;CHG000010292162;Priority 4;OK
CNC;EES;CNC;CHG;OK;CHG000010292495;Priority 4;OK
CNC;DCF;CNC;CHG;OK;CHG000010292828;Priority 4;OK
CNC;ETH;CNC;CHG;OK;CHG000010294153;Priority 4;OK
CNC;DCF;CNC;CHG;OK;CHG000010295373;Priority 4;OK
CNC;DCF;CNC;CHG;OK;CHG000010295553;Priority 4;OK
CNC;812;CNC;CHG;Defect;CHG000010295612;Priority 3;Defect
CNC;DCF;CNC;CHG;OK;CHG000010295693;Priority 4;OK
CNC;BWI;CNC;CHG;OK;CHG000010295763;Priority 4;OK
CNC;ETH;CNC;CHG;OK;CHG000010295857;Priority 4;OK
L1;DCF;MON;CHG;OK;CHG000010295917;Priority 4;OK
CNC;812;CNC;CHG;OK;CHG000010296111;Priority 4;OK
L1;DCF;MON;CHG;OK;CHG000010296634;Priority 4;OK
L1;DCF;MON;CHG;OK;CHG000010297169;Priority 4;OK
CNC;DCF;CNC;CHG;OK;CHG000010297171;Priority 4;OK
CNC;EES;CNC;CHG;OK;CHG000010297621;Priority 4;OK
CNC;ETH;CNC;CHG;OK;CHG000010297891;Priority 4;OK
CNC;ETH;CNC;CHG;OK;CHG000010298820;Priority 4;OK
CNC;812;CNC;CHG;OK;CHG000010299094;Priority 4;OK
CNC;812;CNC;CHG;OK;CHG000010299111;Priority 4;OK
CNC;ETH;CNC;CHG;OK;CHG000010299122;Priority 4;OK
CNC;ETH;CNC;CHG;OK;CHG000010299172;Priority 4;OK
CNC;DPY;CNC;CHG;OK;CHG000010300143;Priority 4;OK
CNC;812;CNC;CHG;OK;CHG000010301017;Priority 4;OK
CNC;812;CNC;CHG;OK;CHG000010301021;Priority 4;OK
L1;DCF;CNC;CHG;OK;CHG000010301123;Priority 4;OK
CNC;DCF;CNC;CHG;OK;CHG000010301124;Priority 4;OK
CNC;DCF;CNC;CHG;Defect;CHG000010301128;Priority 4;OK
CNC;ETH;CNC;CHG;Defect;CHG000010301922;Priority 4;OK
CNC;LAT;CNC;CHG;OK;CHG000010302145;Priority 4;OK
CNC;DCF;CNC;CHG;OK;CHG000010303129;Priority 4;OK
CNC;DCF;CNC;CHG;OK;CHG000010303131;Priority 4;OK
CNC;812;CNC;CHG;OK;CHG000010305703;Priority 4;OK
CNC;DCF;CNC;CHG;Defect;CHG000010306857;Priority 4;OK
L1;ETH;CNC;CHG;Defect;CHG000010307117;Priority 4;OK
CNC;DCF;CNC;CHG;OK;CHG000010307354;Priority 4;OK
CNC;812;CNC;CHG;OK;CHG000010309257;Priority 4;OK
CNC;ETH;L1 ;CHG;OK;CHG000010313823;Priority 4;OK
L1;EES;CNC;CHG;Defect;CHG000010313972;Priority 4;OK
CNC;DCF;CNC;CHG;OK;CHG000010313975;Priority 4;OK
CNC;812;CNC;CHG;OK;CHG000010314211;Priority 4;OK
CNC;812;CNC;CHG;OK;CHG000010314212;Priority 4;OK
CNC;ETH;CNC;CHG;OK;CHG000010314219;Priority 4;OK
CNC;ETH;CNC;CHG;OK;CHG000010314420;Priority 4;OK
CNC;DCF;CNC;CHG;OK;CHG000010314553;Priority 4;OK
CNC;BWI;CNC;CHG;OK;CHG000010315687;Priority 4;OK
CNC;BWI;CNC;CHG;OK;CHG000010315689;Priority 4;OK
CNC;812;CNC;CHG;OK;CHG000010315925;Priority 4;OK
CNC;DCF;CNC;CHG;OK;CHG000010315978;Priority 4;OK
CNC;BWI;CNC;CHG;OK;CHG000010316124;Priority 4;OK
CNC;BWI;CNC;CHG;OK;CHG000010316130;Priority 4;OK
CNC;812;CNC;CHG;OK;CHG000010316206;Priority 4;OK
CNC;812;CNC;CHG;Defect;CHG000010316207;Priority 4;OK
CNC;DCF;CNC;CHG;OK;CHG000010317910;Priority 4;OK
CNC;DCF;CNC;CHG;OK;CHG000010323112;Priority 4;OK
CNC;SYN;CNC;CHG;OK;CHG000010324360;Priority 4;OK
CNC;812;CNC;CHG;OK;CHG000010325852;Priority 4;OK
CNC;812;CNC;CHG;OK;CHG000010325973;Priority 4;OK
L1;ETH;L1 ;CHG;Defect;CHG000010330793;Priority 4;OK
CNC;812;MON;CHG;Defect;CHG000010331037;Priority 4;OK
CNC;812;MON;CHG;OK;CHG000010332373;Priority 4;OK
L1;ETH;L1 ;CHG;Defect;CHG000010332412;Priority 4;OK
DBA;812;CNC;CHG;OK;CHG000010333200;Priority 4;OK
CNC;812;CNC;CHG;Defect;CHG000010334288;Priority 4;OK
CNC;812;MON;CHG;OK;CHG000010335815;Priority 4;OK
CNC;ETH;L1 ;CHG;Defect;CHG000010339990;Priority 4;OK
CNC;812;MON;CHG;Defect;CHG000010340173;Priority 4;OK
CNC;ETH;TEC;CHG;Defect;CHG000010340239;Priority 4;OK
CNC;MNT;L1 ;CHG;Defect;CHG000010340780;Priority 4;OK
CNC;DXE;CNC;CHG;Defect;CHG000010342958;Priority 3;OK
CNC;812;CNC;CHG;Defect;CHG000010346710;Priority 4;OK
SEC;812;L1 ;CHG;OK;CHG000010347495;Priority 4;Defect
SEC;812;L1 ;CHG;Defect;CHG000010349094;Priority 4;Defect
CNC;EES;CNC;CHG;Defect;CHG000010349510;Priority 4;OK
CNC;812;L1 ;CHG;Defect;CHG000010349910;Priority 4;OK
SEC;812;L1 ;CHG;Defect;CHG000010353367;Priority 4;Defect
CNC;DPY;CNC;CHG;OK;CHG000010357367;Priority 4;OK
OPS;OXE;OPS;HK;OK;INC000014578962;Priority 4;OK
OPS;EDS;OPS;HK;OK;INC000014579169;Priority 4;OK
OPS;EMS;OPS;HK;OK;INC000014579449;Priority 4;OK
SCH;LAT;SCH;INC;OK;INC000014579653;Priority 3;OK
CNC;MNT;CNC;INC;OK;INC000014580131;Priority 4;OK
L1;DXE;L1;INC;OK;INC000014580323;Priority 3;OK
FUN;MNT;FUN;INC;OK;INC000014580398;Priority 4;OK
CNC;BWI;CNC;INC;OK;INC000014580417;Priority 3;OK
OPS;WS;OPS;HK;OK;INC000014580479;Priority 4;OK
OPS;WS;OPS;HK;OK;INC000014580482;Priority 4;OK
OPS;EDS;OPS;HK;OK;INC000014580658;Priority 4;OK
OPS;OXE;OPS;HK;OK;INC000014580704;Priority 4;OK
FUN;ETH;FUN;INC;OK;INC000014580907;Priority 3;OK
FUN;BWI;FUN;INC;OK;INC000014581017;Priority 3;OK
FUN;BWI;FUN;INC;OK;INC000014581494;Priority 3;OK
FUN;EES;FUN;INC;OK;INC000014582217;Priority 3;OK
FUN;812;FUN;INC;OK;INC000014582592;Priority 4;OK
L1;MNT;L1;SR;OK;INC000014582747;Priority 4;OK
FIN;OXE;FUN;INC;OK;INC000014582784;Priority 4;OK
OPS;WS;OPS;HK;OK;INC000014582982;Priority 4;OK
FUN;DXE;FUN;INC;OK;INC000014583205;Priority 4;OK
FUN;OXE;FUN;INC;OK;INC000014583629;Priority 3;OK
FUN;812;FUN;INC;OK;INC000014583634;Priority 3;OK
CNC;OXE;CNC;INC;OK;INC000014583862;Priority 3;OK
FUN;DXE;FUN;INC;OK;INC000014584008;Priority 4;OK
L1;DCF;L1;INC;OK;INC000014584075;Priority 4;OK
SCH;LAT;SCH;INC;OK;INC000014584130;Priority 4;OK
SCH;LAT;SCH;INC;OK;INC000014584136;Priority 4;OK
SCH;DXE;SCH;INC;OK;INC000014584254;Priority 3;OK
FUN;LAT;FUN;INC;OK;INC000014584514;Priority 3;OK
FIN;812;FUN;INC;OK;INC000014584795;Priority 4;OK
FUN;ETH;FUN;INC;OK;INC000014584846;Priority 4;OK
FIN;812;FUN;INC;OK;INC000014585361;Priority 4;OK
FUN;812;FUN;INC;OK;INC000014585379;Priority 4;OK
FUN;812;FUN;INC;OK;INC000014585541;Priority 4;OK
FUN;812;FUN;INC;OK;INC000014585568;Priority 4;OK
FUN;EDS;FUN;INC;OK;INC000014586686;Priority 4;OK
FUN;BWI;FUN;INC;OK;INC000014587007;Priority 3;OK
APS;EES;APS;INC;OK;INC000014587343;Priority 3;OK
SEC;MNT;SEC;INC;OK;INC000014587751;Priority 4;OK
FUN;BWI;FUN;INC;OK;INC000014587864;Priority 3;OK
FUN;BWI;FUN;INC;OK;INC000014587908;Priority 3;OK
FUN;BWI;FUN;INC;OK;INC000014587955;Priority 3;OK
FUN;BWI;FUN;SR;OK;INC000014587997;Priority 4;OK
FUN;BWI;FUN;SR;OK;INC000014588233;Priority 4;OK
FUN;BWI;FUN;INC;OK;INC000014588320;Priority 4;OK
FUN;BWI;FUN;SR;OK;INC000014588342;Priority 4;OK
FIN;812;FUN;INC;OK;INC000014589918;Priority 3;OK
FUN;812;FUN;INC;OK;INC000014589930;Priority 4;OK
FUN;812;FUN;INC;OK;INC000014589959;Priority 4;OK
FUN;812;FUN;INC;OK;INC000014589983;Priority 3;OK
FUN;WS;FUN;INC;OK;INC000014590286;Priority 3;OK
FUN;DXE;FUN;INC;OK;INC000014590452;Priority 3;OK
FUN;LAT;FUN;INC;OK;INC000014590756;Priority 3;OK
FIN;812;FUN;INC;OK;INC000014591489;Priority 4;OK
FUN;BWI;FUN;SR;OK;INC000014591913;Priority 4;OK
FUN;812;FUN;INC;OK;INC000014592234;Priority 3;OK
FUN;BWI;FUN;INC;OK;INC000014592351;Priority 3;OK
FIN;812;FUN;INC;OK;INC000014592574;Priority 4;OK
FIN;812;FUN;INC;OK;INC000014592661;Priority 4;OK
L1;BWI;L1;INC;OK;INC000014592825;Priority 3;OK
L1;MNT;L1;SR;OK;INC000014593646;Priority 4;OK
L1;BWI;L1;INC;OK;INC000014593784;Priority 4;OK
L1;BWI;L1;INC;OK;INC000014593849;Priority 3;OK
FUN;COR;FUN;INC;OK;INC000014593930;Priority 3;OK
FIN;BWI;FUN;INC;OK;INC000014593981;Priority 4;OK
L1;BWI;L1;INC;OK;INC000014594068;Priority 4;OK
FUN;BWI;FUN;INC;OK;INC000014594566;Priority 3;OK
L1;BWI;L1;INC;OK;INC000014594763;Priority 3;OK
OPS;EDS;OPS;HK;OK;INC000014596123;Priority 3;OK
L1;MNT;L1;SR;OK;INC000014596367;Priority 4;OK
L1;MNT;L1;SR;OK;INC000014596374;Priority 3;OK
FIN;812;FUN;INC;OK;INC000014597047;Priority 4;OK
FUN;812;FUN;INC;OK;INC000014597328;Priority 4;OK
CNC;MNT;CNC;INC;OK;INC000014597493;Priority 3;OK
FUN;OXE;FUN;INC;OK;INC000014598053;Priority 4;OK
FUN;LAT;FUN;INC;OK;INC000014598381;Priority 4;OK
L1;BWI;L1;INC;OK;INC000014598431;Priority 3;OK
FUN;BWI;FUN;INC;OK;INC000014598443;Priority 3;OK
FUN;LAT;FUN;INC;OK;INC000014599101;Priority 3;OK
CNC;MNT;CNC;INC;OK;INC000014599918;Priority 3;OK
FUN;OXE;FUN;INC;OK;INC000014600092;Priority 4;OK
FUN;WS;FUN;INC;OK;INC000014600192;Priority 3;OK
CNC;OXE;CNC;INC;OK;INC000014600268;Priority 4;OK
FUN;812;FUN;INC;OK;INC000014600644;Priority 4;OK
FUN;LAT;FUN;INC;OK;INC000014600796;Priority 4;OK
FIN;812;FUN;INC;OK;INC000014600939;Priority 4;OK
FUN;LAT;FUN;INC;OK;INC000014601574;Priority 3;OK
FIN;812;FUN;INC;OK;INC000014601705;Priority 4;OK
FUN;OXE;FUN;INC;OK;INC000014601720;Priority 4;OK
FUN;WS;FUN;INC;OK;INC000014601722;Priority 3;OK
FIN;812;FUN;INC;OK;INC000014602020;Priority 4;OK
L1;812;L1;SR;OK;INC000014602248;Priority 3;OK
L1;BWI;L1;SR;OK;INC000014602497;Priority 3;OK
CNC;ETH;CNC;INC;OK;INC000014602729;Priority 4;OK
FUN;ETH;FUN;INC;OK;INC000014603392;Priority 4;OK
FIN;BWI;FUN;SR;OK;INC000014603589;Priority 4;OK
FIN;BWI;FUN;SR;OK;INC000014603742;Priority 4;OK
FUN;LAT;FUN;INC;OK;INC000014604339;Priority 4;OK
L1;BWI;L1;INC;OK;INC000014604384;Priority 4;OK
SEC;EES;FUN;SR;OK;INC000014604606;Priority 4;OK
FIN;812;FUN;INC;OK;INC000014604717;Priority 4;OK
FUN;BWI;FUN;INC;OK;INC000014604826;Priority 4;OK
FUN;OXE;FUN;INC;OK;INC000014605062;Priority 4;OK
FIN;812;FUN;INC;OK;INC000014605469;Priority 4;OK
FUN;812;FUN;SR;OK;INC000014605743;Priority 3;OK
FUN;812;FUN;SR;OK;INC000014605747;Priority 3;OK
FUN;812;FUN;SR;OK;INC000014605753;Priority 3;OK
FUN;OXE;FUN;INC;OK;INC000014606057;Priority 4;OK
FUN;BWI;FUN;INC;OK;INC000014606330;Priority 3;OK
OPS;OXE;OPS;HK;OK;INC000014606802;Priority 4;OK
FIN;812;FUN;INC;OK;INC000014607038;Priority 4;OK
FUN;EDS;FUN;INC;OK;INC000014607737;Priority 4;OK
FUN;BWI;FUN;SR;OK;INC000014607789;Priority 4;OK
FUN;CAN;FUN;INC;OK;INC000014608162;Priority 3;OK
SCH;LAT;SCH;INC;OK;INC000014608617;Priority 3;OK
SCH;LAT;SCH;INC;OK;INC000014608619;Priority 3;OK
FUN;812;FUN;SR;OK;INC000014609387;Priority 3;OK
CNC;BWI;SCH;INC;OK;INC000014609485;Priority 3;OK
OPS;EDS;OPS;HK;OK;INC000014609836;Priority 3;OK
SCH;LAT;SCH;INC;OK;INC000014610596;Priority 3;OK
SCH;LAT;SCH;INC;OK;INC000014610600;Priority 3;OK
DBA;EES;CNC;INC;OK;INC000014610764;Priority 3;OK
SCH;LAT;SCH;INC;OK;INC000014611681;Priority 3;OK
FUN;WS;FUN;INC;OK;INC000014611719;Priority 3;OK
FUN;812;FUN;INC;OK;INC000014611829;Priority 3;OK
FIN;812;FUN;INC;OK;INC000014612243;Priority 4;OK
FUN;OXE;FUN;SR;OK;INC000014612268;Priority 3;OK
L1;MNT;L1;SR;OK;INC000014612467;Priority 4;OK
FUN;812;FUN;SR;OK;INC000014612902;Priority 4;OK
L1;MNT;L1;SR;OK;INC000014613114;Priority 4;OK
FUN;ETH;FUN;INC;OK;INC000014613408;Priority 3;OK
FUN;EES;FUN;INC;OK;INC000014613676;Priority 3;OK
L1;BWI;L1;INC;OK;INC000014615606;Priority 3;OK
L1;EMS;OPS;SR;OK;INC000014615610;Priority 4;OK
L1;MNT;L1;SR;OK;INC000014615720;Priority 3;OK
L1;BWI;L1;INC;OK;INC000014616522;Priority 3;OK
L1;812;L1;INC;OK;INC000014618096;Priority 3;OK
FIN;812;FUN;INC;OK;INC000014618629;Priority 4;OK
FIN;812;FUN;INC;OK;INC000014618666;Priority 4;OK
FUN;DXE;FUN;INC;OK;INC000014618877;Priority 3;OK
OPS;OXE;OPS;HK;OK;INC000014619049;Priority 4;OK
FUN;BWI;FUN;INC;OK;INC000014619333;Priority 3;OK
CNC;812;CNC;INC;OK;INC000014619338;Priority 3;OK
FUN;LAT;FUN;INC;OK;INC000014619502;Priority 3;OK
CNC;BWI;CNC;INC;OK;INC000014620075;Priority 4;OK
CNC;ETH;CNC;INC;OK;INC000014620796;Priority 4;OK
FUN;WS;FUN;INC;OK;INC000014620816;Priority 4;OK
L1;MNT;L1;SR;OK;INC000014621859;Priority 3;OK
DBA;812;DBA;INC;OK;INC000014622206;Priority 4;OK
DBA;812;DBA;INC;OK;INC000014622473;Priority 4;OK
FIN;MNT;FUN;INC;OK;INC000014623405;Priority 3;OK
FUN;OXE;FUN;INC;OK;INC000014623596;Priority 3;OK
FUN;812;FUN;INC;OK;INC000014624063;Priority 4;OK
CNC;812;CNC;INC;OK;INC000014624493;Priority 4;OK
L1;812;L1;SR;OK;INC000014624592;Priority 4;OK
L1;BWI;L1;INC;OK;INC000014625752;Priority 3;OK
FUN;BWI;FUN;INC;OK;INC000014626255;Priority 4;OK
CNC;812;CNC;INC;OK;INC000014626561;Priority 4;OK
L1;812;L1;INC;OK;INC000014627284;Priority 4;OK
FUN;COR;FUN;INC;OK;INC000014627644;Priority 3;OK
FUN;812;FUN;INC;OK;INC000014628078;Priority 4;OK
FUN;OXE;FUN;INC;OK;INC000014628347;Priority 4;OK
SEC;EDS;SEC;INC;OK;INC000014628772;Priority 3;OK
OPS;EDS;OPS;INC;OK;INC000014628835;Priority 4;OK
FIN;OXE;FUN;INC;OK;INC000014628846;Priority 4;OK
OPS;EDS;OPS;INC;OK;INC000014629018;Priority 4;OK
L1;812;L1;SR;OK;INC000014629328;Priority 3;OK
OPS;EDS;OPS;INC;OK;INC000014629386;Priority 4;OK
OPS;EDS;OPS;INC;OK;INC000014629581;Priority 3;OK
OPS;OXE;OPS;HK;OK;INC000014629642;Priority 3;OK
FUN;LAT;FUN;INC;OK;INC000014630433;Priority 3;OK
OPS;WS;OPS;HK;OK;INC000014630692;Priority 3;OK
L1;MNT;L1;SR;OK;INC000014630853;Priority 3;OK
L1;MNT;L1;SR;OK;INC000014632547;Priority 4;OK
FIN;MNT;FUN;SR;OK;INC000014632941;Priority 3;OK
CNC;MNT;CNC;INC;OK;INC000014634103;Priority 3;OK
FUN;BWI;FUN;INC;OK;INC000014634143;Priority 3;OK
SCH;BWI;SCH;SR;OK;INC000014634843;Priority 4;OK
FUN;812;FUN;INC;OK;INC000014634898;Priority 3;OK
FUN;812;FUN;INC;OK;INC000014635151;Priority 3;OK
CNC;812;CNC;INC;OK;INC000014636343;Priority 3;OK
L1;MNT;L1;SR;OK;INC000014636555;Priority 3;OK
FUN;LAT;FUN;SR;OK;INC000014636713;Priority 3;OK
FUN;BWI;FUN;INC;OK;INC000014636838;Priority 3;OK
FUN;BWI;FUN;INC;OK;INC000014636901;Priority 3;OK
OPS;EDS;OPS;HK;OK;INC000014637332;Priority 4;OK
OPS;OXE;OPS;HK;OK;INC000014638778;Priority 3;OK
DBA;812;DBA;INC;OK;INC000014638890;Priority 3;OK
CNC;ETH;CNC;INC;OK;INC000014639008;Priority 3;OK
SEC;812;SEC;SR;OK;INC000014640261;Priority 4;OK
L1;MNT;L1;SR;OK;INC000014640375;Priority 4;OK
FIN;812;FUN;INC;OK;INC000014640772;Priority 4;OK
FIN;DXE;FUN;INC;Defect;INC000014640864;Priority 4;OK
FIN;812;FUN;INC;OK;INC000014641164;Priority 4;OK
L1;812;L1;INC;OK;INC000014641186;Priority 4;OK
FIN;812;FUN;INC;OK;INC000014641739;Priority 4;OK
FIN;DXE;FUN;INC;OK;INC000014641790;Priority 4;OK
FIN;812;FUN;INC;OK;INC000014642501;Priority 4;OK
CNC;812;CNC;INC;OK;INC000014643778;Priority 4;OK
L1;BWI;L1;SR;OK;INC000014644485;Priority 4;OK
FUN;ETH;FUN;INC;OK;INC000014644699;Priority 4;OK
OPS;EDS;OPS;HK;OK;INC000014645542;Priority 4;OK
L1;MNT;L1;SR;OK;INC000014646855;Priority 4;OK
CNC;812;CNC;INC;OK;INC000014646941;Priority 4;OK
FIN;812;FUN;SR;OK;INC000014647636;Priority 4;OK
FIN;812;FUN;INC;OK;INC000014648046;Priority 4;OK
FUN;812;FUN;INC;Defect;INC000014648592;Priority 4;OK
FIN;OXE;FUN;INC;OK;INC000014648659;Priority 4;OK
FUN;BWI;FUN;SR;OK;INC000014649288;Priority 4;OK
FUN;812;FUN;INC;OK;INC000014651841;Priority 4;OK
FUN;812;FUN;INC;OK;INC000014651900;Priority 4;OK
CNC;DCF;CNC;INC;OK;INC000014652131;Priority 4;OK
CNC;DCF;CNC;INC;OK;INC000014652151;Priority 4;OK
FIN;OXE;FUN;INC;OK;INC000014652433;Priority 4;OK
FUN;812;FUN;INC;OK;INC000014652469;Priority 4;OK
SEC;EMS;SEC;SR;OK;INC000014652480;Priority 4;OK
SEC;EDS;SEC;SR;OK;INC000014652641;Priority 4;OK
FUN;812;FUN;INC;OK;INC000014652682;Priority 4;OK
FUN;ETH;FUN;INC;OK;INC000014654055;Priority 4;OK
OPS;EDS;OPS;INC;OK;INC000014654707;Priority 4;OK
SEC;EMS;SEC;INC;OK;INC000014655153;Priority 4;OK
OPS;WS;OPS;HK;OK;INC000014656063;Priority 4;OK
OPS;EDS;OPS;HK;OK;INC000014656191;Priority 4;OK
FIN;DXE;FUN;INC;OK;INC000014656724;Priority 4;OK
FIN;812;FUN;INC;OK;INC000014656818;Priority 4;OK
FUN;OXE;FUN;SR;OK;INC000014656819;Priority 4;OK
FIN;OXE;FUN;INC;OK;INC000014656855;Priority 4;OK
OPS;EDS;OPS;HK;OK;INC000014657156;Priority 4;OK
FUN;BWI;FUN;INC;OK;INC000014657946;Priority 4;OK
FUN;BWI;FUN;INC;OK;INC000014659028;Priority 4;OK
FUN;BWI;FUN;INC;OK;INC000014659449;Priority 4;OK
FUN;BWI;FUN;INC;OK;INC000014660955;Priority 4;OK
L1;MNT;L1;SR;OK;INC000014661411;Priority 4;OK
FUN;BWI;FUN;INC;OK;INC000014662183;Priority 4;OK
FIN;812;FUN;INC;OK;INC000014662430;Priority 4;OK
FIN;OXE;FUN;INC;OK;INC000014662593;Priority 4;OK
FUN;LAT;FUN;SR;OK;INC000014663107;Priority 4;OK
FIN;812;FUN;INC;OK;INC000014663109;Priority 4;OK
FIN;812;FUN;INC;OK;INC000014663240;Priority 4;OK
FUN;812;FUN;SR;OK;INC000014663273;Priority 4;OK
FIN;812;FUN;INC;OK;INC000014663702;Priority 4;OK
FIN;812;FUN;INC;OK;INC000014664389;Priority 4;OK
FUN;BWI;FUN;SR;Defect;INC000014665021;Priority 4;OK
CNC;MNT;CNC;INC;OK;INC000014665493;Priority 4;OK
CNC;OXE;CNC;INC;OK;INC000014665498;Priority 4;OK
OPS;OXE;TEC;HK;OK;INC000014665596;Priority 4;OK
SCH;LAT;SCH;INC;OK;INC000014665855;Priority 4;OK
OPS;WS;OPS;HK;OK;INC000014667529;Priority 4;OK
FUN;BWI;FUN;INC;OK;INC000014667729;Priority 4;OK
SEC;EMS;SEC;INC;OK;INC000014670387;Priority 3;OK
CNC;ETH;CNC;INC;OK;INC000014670816;Priority 3;OK
CNC;812;CNC;INC;OK;INC000014670864;Priority 4;OK
CNC;812;CNC;INC;OK;INC000014671097;Priority 4;OK
FUN;812;FUN;INC;OK;INC000014671177;Priority 4;OK
FIN;812;FUN;INC;OK;INC000014671336;Priority 4;OK
DBA;812;DBA;INC;OK;INC000014671633;Priority 4;OK
SEC;812;SEC;SR;OK;INC000014671643;Priority 3;OK
CNC;812;CNC;INC;OK;INC000014672318;Priority 4;OK
FUN;812;FUN;INC;OK;INC000014672450;Priority 4;OK
OPS;EDS;OPS;HK;OK;INC000014672621;Priority 3;OK
FIN;DXE;FUN;INC;OK;INC000014673128;Priority 3;OK
FUN;BWI;FUN;SR;OK;INC000014673446;Priority 3;OK
L1;BWI;L1;INC;OK;INC000014673598;Priority 4;OK
FUN;LAT;FUN;SR;OK;INC000014673788;Priority 4;OK
L1;BWI;L1;INC;OK;INC000014674370;Priority 3;OK
SCH;BWI;SCH;INC;OK;INC000014674487;Priority 4;OK
FUN;BWI;FUN;INC;OK;INC000014675022;Priority 3;OK
DBA;812;DBA;INC;OK;INC000014675052;Priority 4;OK
DBA;812;DBA;INC;OK;INC000014675054;Priority 4;OK
L1;BWI;L1;INC;OK;INC000014675140;Priority 3;OK
FUN;ETH;FUN;INC;OK;INC000014675402;Priority 4;OK
FUN;BWI;FUN;SR;OK;INC000014675545;Priority 4;OK
L1;BWI;L1;INC;OK;INC000014677160;Priority 4;OK
FIN;OXE;FUN;INC;OK;INC000014677394;Priority 4;OK
FUN;812;FUN;INC;OK;INC000014677662;Priority 3;OK
FIN;812;FUN;INC;OK;INC000014677697;Priority 4;OK
FIN;812;FUN;INC;OK;INC000014677824;Priority 4;OK
FIN;812;FUN;INC;OK;INC000014677966;Priority 4;OK
FIN;812;FUN;INC;OK;INC000014678170;Priority 4;OK
FUN;BWI;FUN;INC;OK;INC000014678214;Priority 4;OK
SEC;WS;SEC;SR;OK;INC000014678762;Priority 3;OK
FUN;BWI;FUN;INC;OK;INC000014679220;Priority 4;OK
FUN;812;FUN;INC;OK;INC000014679463;Priority 3;OK
FIN;BWI;FUN;INC;Defect;INC000014679763;Priority 4;OK
CNC;BWI;CNC;INC;OK;INC000014680148;Priority 3;OK
SEC;EMS;SEC;INC;OK;INC000014680339;Priority 3;OK
L1;BWI;L1;SR;OK;INC000014681493;Priority 4;OK
FUN;BWI;FUN;INC;OK;INC000014682265;Priority 3;OK
FUN;MNT;FUN;INC;OK;INC000014682679;Priority 3;OK
FUN;812;FUN;INC;OK;INC000014682735;Priority 4;OK
L1;812;L1;INC;OK;INC000014683178;Priority 4;OK
FIN;812;FUN;INC;OK;INC000014683221;Priority 4;OK
FIN;812;FUN;INC;OK;INC000014683539;Priority 4;OK
FIN;812;FUN;INC;OK;INC000014683832;Priority 4;OK
CNC;MNT;CNC;INC;OK;INC000014683895;Priority 4;OK
FIN;812;FUN;INC;OK;INC000014683975;Priority 4;OK
FUN;LAT;FUN;INC;OK;INC000014683995;Priority 3;OK
L1;BWI;L1;SR;OK;INC000014684151;Priority 4;OK
SEC;WS;SEC;SR;OK;INC000014684261;Priority 4;OK
FUN;812;FUN;INC;Defect;INC000014684376;Priority 4;OK
CNC;LAT;CNC;INC;OK;INC000014684559;Priority 3;OK
FIN;812;FUN;INC;OK;INC000014684907;Priority 4;OK
FUN;LAT;FUN;INC;OK;INC000014684924;Priority 4;OK
FUN;MNT;FUN;INC;OK;INC000014685296;Priority 4;OK
FUN;BWI;FUN;SR;OK;INC000014685744;Priority 3;OK
L1;MNT;L1;SR;OK;INC000014686311;Priority 3;OK
FIN;812;FUN;INC;OK;INC000014687976;Priority 4;OK
FUN;ETH;FUN;INC;OK;INC000014688304;Priority 3;OK
FUN;OXE;FUN;INC;OK;INC000014689027;Priority 3;OK
FUN;LAT;FUN;INC;Defect;INC000014689069;Priority 3;OK
FIN;812;FUN;INC;OK;INC000014689128;Priority 3;OK
FIN;DXE;FUN;SR;OK;INC000014689364;Priority 4;OK
FUN;ETH;FUN;INC;OK;INC000014689606;Priority 4;OK
FIN;812;FUN;INC;OK;INC000014690193;Priority 4;OK
FIN;812;FUN;INC;OK;INC000014690504;Priority 3;OK
FUN;ETH;FUN;INC;OK;INC000014690561;Priority 3;OK
FUN;LAT;FUN;INC;OK;INC000014691056;Priority 3;OK
CNC;BWI;CNC;INC;OK;INC000014691338;Priority 3;OK
L1;BWI;L1;INC;OK;INC000014691848;Priority 3;OK
APS;EES;APS;INC;OK;INC000014692367;Priority 4;OK
OPS;EMS;OPS;HK;OK;INC000014692600;Priority 3;OK
L1;BWI;L1;INC;OK;INC000014692697;Priority 4;OK
OPS;OXE;TEC;HK;OK;INC000014692887;Priority 4;OK
FIN;OXE;FUN;INC;OK;INC000014693963;Priority 4;OK
FUN;OXE;FUN;INC;OK;INC000014694126;Priority 3;OK
DBA;812;DBA;INC;OK;INC000014694628;Priority 3;OK
FIN;DXE;FUN;INC;OK;INC000014694786;Priority 3;OK
OPS;EDS;OPS;HK;OK;INC000014695202;Priority 4;OK
FUN;EES;FUN;INC;OK;INC000014695317;Priority 4;OK
FIN;812;FUN;INC;OK;INC000014695329;Priority 4;OK
FUN;OXE;FUN;INC;OK;INC000014695492;Priority 3;OK
CNC;MNT;CNC;INC;OK;INC000014695652;Priority 4;OK
FUN;MNT;FUN;INC;OK;INC000014695818;Priority 4;OK
FUN;ETH;FUN;INC;OK;INC000014695883;Priority 3;OK
FIN;DXE;FUN;INC;OK;INC000014696182;Priority 4;OK
CNC;BWI;CNC;INC;OK;INC000014696231;Priority 3;OK
FUN;BWI;FUN;INC;OK;INC000014696848;Priority 4;OK
CNC;812;CNC;INC;OK;INC000014697290;Priority 3;OK
L1;BWI;L1;INC;OK;INC000014697304;Priority 4;OK
FUN;LAT;FUN;INC;OK;INC000014697522;Priority 3;OK
CNC;812;CNC;INC;OK;INC000014697545;Priority 3;OK
FIN;812;FUN;INC;OK;INC000014697982;Priority 4;OK
FIN;812;FUN;INC;OK;INC000014698065;Priority 4;OK
FUN;812;FUN;INC;OK;INC000014698117;Priority 3;OK
FUN;BWI;FUN;INC;OK;INC000014698286;Priority 3;OK
FIN;812;FUN;INC;OK;INC000014698326;Priority 4;OK
L1;BWI;L1;INC;OK;INC000014698765;Priority 3;OK
FUN;BWI;FUN;INC;OK;INC000014698827;Priority 4;OK
OPS;WS;OPS;HK;OK;INC000014699046;Priority 3;OK
OPS;EDS;OPS;HK;OK;INC000014699137;Priority 3;OK
OPS;EMS;OPS;HK;OK;INC000014699199;Priority 3;OK
SCH;LAT;SCH;SR;OK;INC000014699298;Priority 4;OK
FUN;812;FUN;INC;OK;INC000014699418;Priority 4;OK
CNC;BWI;CNC;INC;OK;INC000014699534;Priority 3;OK
FUN;BWI;FUN;INC;OK;INC000014700587;Priority 3;OK
APS;ETH;APS;INC;OK;INC000014701903;Priority 4;OK
APS;ETH;APS;INC;OK;INC000014703207;Priority 4;OK
FUN;OXE;FUN;INC;OK;INC000014703282;Priority 3;OK
OPS;OXE;TEC;HK;OK;INC000014703291;Priority 4;OK
FIN;812;FUN;INC;OK;INC000014703484;Priority 4;OK
FUN;812;FUN;INC;OK;INC000014703508;Priority 4;OK
FIN;OXE;FUN;INC;OK;INC000014703649;Priority 4;OK
FUN;CAN;FUN;INC;OK;INC000014704593;Priority 4;OK
FUN;ETH;FUN;INC;OK;INC000014704633;Priority 3;OK
FUN;MNT;FUN;INC;OK;INC000014704851;Priority 4;OK
FUN;OXE;FUN;INC;OK;INC000014705275;Priority 4;OK
FIN;812;FUN;INC;OK;INC000014705764;Priority 4;OK
FIN;812;FUN;INC;OK;INC000014705858;Priority 4;OK
CNC;ETH;CNC;INC;OK;INC000014706047;Priority 4;OK
FUN;ETH;FUN;INC;OK;INC000014706170;Priority 4;OK
L1;BWI;L1;SR;OK;INC000014706857;Priority 4;OK
FUN;BWI;FUN;INC;OK;INC000014707427;Priority 4;OK
L1;MNT;SEC;SR;Defect;INC000014707568;Priority 3;OK
FUN;LAT;FUN;INC;OK;INC000014707734;Priority 4;OK
FUN;BWI;FUN;INC;Defect;INC000014707953;Priority 4;OK
L1;MNT;L1;SR;OK;INC000014708993;Priority 4;OK
FUN;812;FUN;INC;OK;INC000014709229;Priority 3;OK
FUN;812;FUN;INC;Defect;INC000014709276;Priority 4;OK
CNC;DCF;CNC;INC;OK;INC000014709306;Priority 3;OK
FIN;812;FUN;INC;OK;INC000014709358;Priority 4;OK
FUN;812;FUN;INC;OK;INC000014710259;Priority 3;OK
FUN;LAT;FUN;SR;OK;INC000014710344;Priority 3;OK
FUN;COR;FUN;INC;OK;INC000014710562;Priority 4;OK
FUN;DXE;FUN;INC;OK;INC000014710603;Priority 3;OK
APS;ETH;APS;INC;OK;INC000014710605;Priority 4;OK
FUN;LAT;FUN;INC;OK;INC000014711044;Priority 3;OK
FUN;ETH;FUN;INC;OK;INC000014711274;Priority 4;OK
FUN;MNT;FUN;INC;OK;INC000014711926;Priority 4;OK
FIN;BWI;FUN;SR;OK;INC000014712801;Priority 3;OK
FUN;LAT;FUN;INC;OK;INC000014712848;Priority 3;OK
FUN;BWI;FUN;INC;OK;INC000014713004;Priority 3;OK
FUN;BWI;FUN;INC;OK;INC000014713277;Priority 4;OK
TEC;EDS;OPS;HK;OK;INC000014714022;Priority 4;OK
FUN;BWI;FUN;INC;OK;INC000014714272;Priority 4;OK
FUN;DXE;FUN;INC;OK;INC000014714379;Priority 4;OK
FUN;WS;FUN;INC;OK;INC000014714868;Priority 4;OK
FIN;812;FUN;INC;OK;INC000014714974;Priority 4;OK
FUN;812;FUN;INC;OK;INC000014715075;Priority 4;OK
FUN;LAT;FUN;INC;OK;INC000014715942;Priority 4;OK
APS;ETH;APS;INC;OK;INC000014716102;Priority 4;OK
CNC;MNT;CNC;INC;OK;INC000014716121;Priority 3;OK
FIN;812;FUN;INC;OK;INC000014716486;Priority 4;OK
FUN;812;FUN;SR;OK;INC000014717363;Priority 4;OK
FUN;BWI;FUN;INC;OK;INC000014718027;Priority 3;OK
CNC;812;CNC;SR;OK;INC000014718130;Priority 4;OK
FUN;BWI;FUN;INC;OK;INC000014718642;Priority 3;OK
FUN;BWI;FUN;SR;OK;INC000014718734;Priority 4;OK
FUN;WS;FUN;INC;OK;INC000014719645;Priority 3;OK
FIN;812;FUN;SR;OK;INC000014719969;Priority 4;OK
FUN;812;FUN;INC;OK;INC000014719988;Priority 4;OK
TEC;OXE;TEC;HK;OK;INC000014720036;Priority 3;OK
FIN;OXE;FUN;INC;OK;INC000014720412;Priority 4;OK
FIN;OXE;FUN;INC;OK;INC000014720441;Priority 4;OK
FUN;ETH;FUN;INC;OK;INC000014720488;Priority 3;OK
L1;812;L1;SR;OK;INC000014721044;Priority 3;OK
FUN;LAT;FUN;INC;OK;INC000014721087;Priority 3;OK
FIN;812;FUN;INC;OK;INC000014721527;Priority 4;OK
FUN;WS;FUN;INC;OK;INC000014721635;Priority 4;OK
FIN;DXE;FUN;INC;OK;INC000014721636;Priority 4;OK
FUN;812;FUN;INC;OK;INC000014722190;Priority 4;OK
FIN;812;FUN;INC;OK;INC000014722480;Priority 4;OK
FIN;812;FUN;INC;OK;INC000014722675;Priority 4;OK
FUN;LAT;FUN;INC;OK;INC000014722677;Priority 3;OK
APS;ETH;APS;INC;OK;INC000014723511;Priority 3;OK
L1;BWI;L1;INC;OK;INC000014723664;Priority 4;OK
FUN;BWI;FUN;INC;OK;INC000014723705;Priority 3;OK
FUN;812;FUN;INC;OK;INC000014723836;Priority 3;OK
FUN;BWI;FUN;SR;OK;INC000014723863;Priority 4;OK
OPS;EDS;OPS;HK;OK;INC000014724915;Priority 4;OK
L1;812;L1;SR;OK;INC000014725349;Priority 4;OK
FUN;BWI;FUN;INC;OK;INC000014725928;Priority 4;OK
FUN;812;FUN;SR;OK;INC000014726079;Priority 4;OK
L1;BWI;L1;INC;OK;INC000014726625;Priority 4;OK
FUN;LAT;FUN;INC;OK;INC000014726642;Priority 4;OK
FUN;812;FUN;INC;OK;INC000014726737;Priority 4;OK
FUN;BWI;FUN;INC;OK;INC000014727158;Priority 3;OK
DBA;812;DBA;INC;OK;INC000014728072;Priority 4;OK
DBA;812;DBA;INC;OK;INC000014728075;Priority 4;OK
DBA;812;DBA;INC;OK;INC000014728076;Priority 4;OK
CNC;812;CNC;INC;OK;INC000014728808;Priority 2;OK
FUN;LAT;FUN;INC;OK;INC000014729101;Priority 4;OK
FUN;LAT;FUN;INC;OK;INC000014729308;Priority 3;OK
CNC;812;CNC;INC;OK;INC000014729683;Priority 3;OK
FUN;BWI;FUN;INC;OK;INC000014730907;Priority 3;OK
TEC;EDS;OPS;HK;OK;INC000014730946;Priority 4;OK
TEC;WS;TEC;HK;OK;INC000014731751;Priority 3;OK
FIN;812;FUN;INC;OK;INC000014733202;Priority 4;OK
CNC;812;CNC;INC;OK;INC000014733431;Priority 3;OK
FUN;812;FUN;INC;OK;INC000014733501;Priority 4;OK
CNC;812;CNC;INC;OK;INC000014733557;Priority 3;OK
SCH;LAT;SCH;INC;OK;INC000014733591;Priority 3;OK
CNC;DXE;CNC;INC;OK;INC000014733906;Priority 3;OK
TEC;WS;TEC;HK;OK;INC000014734142;Priority 3;OK
FIN;812;FUN;INC;OK;INC000014735365;Priority 4;OK
FUN;LAT;FUN;INC;OK;INC000014735999;Priority 3;OK
FUN;LAT;FUN;INC;OK;INC000014736131;Priority 3;OK
FUN;BWI;FUN;INC;OK;INC000014736935;Priority 4;OK
FUN;ETH;FUN;INC;OK;INC000014737339;Priority 3;OK
L1;BWI;FUN;INC;OK;INC000014737745;Priority 3;OK
L1;BWI;L1;SR;OK;INC000014738288;Priority 4;OK
FUN;ETH;FUN;INC;OK;INC000014738335;Priority 3;OK
FIN;OXE;FUN;INC;OK;INC000014739416;Priority 4;OK
FUN;812;FUN;INC;OK;INC000014739939;Priority 3;OK
FIN;DXE;FUN;SR;OK;INC000014740174;Priority 4;OK
FIN;DXE;FUN;INC;OK;INC000014740230;Priority 4;OK
FUN;BWI;FUN;INC;OK;INC000014740492;Priority 3;OK
FUN;LAT;FUN;INC;OK;INC000014740532;Priority 3;OK
FUN;BWI;FUN;SR;OK;INC000014740762;Priority 3;OK
L1;812;L1;SR;OK;INC000014740909;Priority 3;OK
L1;BWI;L1;INC;OK;INC000014741099;Priority 3;OK
L1;BWI;L1;INC;OK;INC000014741582;Priority 3;OK
FUN;LAT;FUN;SR;OK;INC000014741620;Priority 4;OK
FUN;812;FUN;SR;OK;INC000014742039;Priority 4;OK
L1;BWI;L1;INC;OK;INC000014743246;Priority 3;OK
OPS;EDS;OPS;HK;OK;INC000014743251;Priority 4;OK
FUN;WS;FUN;INC;OK;INC000014743266;Priority 3;OK
FIN;OXE;FUN;INC;OK;INC000014743766;Priority 4;OK
FUN;WS;FUN;INC;OK;INC000014744563;Priority 3;OK
FUN;812;FUN;INC;OK;INC000014744831;Priority 3;OK
SEC;EMS;SEC;SR;OK;INC000014744870;Priority 3;OK
FUN;OXE;FUN;INC;OK;INC000014745643;Priority 4;OK
FIN;812;FUN;INC;OK;INC000014745959;Priority 4;OK
OPS;EDS;OPS;HK;OK;INC000014746870;Priority 3;OK
FUN;BWI;FUN;INC;OK;INC000014747053;Priority 3;OK
CNC;OXE;CNC;INC;OK;INC000014747183;Priority 4;OK
L1;BWI;L1;INC;OK;INC000014747273;Priority 4;OK
FUN;LAT;FUN;SR;OK;INC000014747377;Priority 4;OK
FIN;812;FUN;INC;OK;INC000014748447;Priority 4;OK
APS;EES;APS;INC;OK;INC000014748819;Priority 3;OK
FUN;LAT;FUN;INC;OK;INC000014749133;Priority 3;OK
FUN;LAT;FUN;INC;OK;INC000014749168;Priority 3;OK
FIN;812;FUN;INC;OK;INC000014749536;Priority 4;OK
FIN;OXE;FUN;INC;OK;INC000014749579;Priority 4;OK
FIN;812;FUN;INC;OK;INC000014749648;Priority 4;OK
CNC;BWI;CNC;INC;OK;INC000014749721;Priority 3;OK
L1;DCF;L1;INC;OK;INC000014750452;Priority 3;OK
FUN;BWI;FUN;SR;OK;INC000014750474;Priority 3;OK
L1;BWI;L1;INC;OK;INC000014750883;Priority 3;OK
FUN;812;FUN;INC;OK;INC000014751119;Priority 3;OK
L1;BWI;L1;INC;OK;INC000014751341;Priority 3;OK
CNC;MNT;CNC;SR;OK;INC000014751558;Priority 3;OK
CNC;812;CNC;INC;OK;INC000014754168;Priority 4;OK
FUN;LAT;FUN;INC;OK;INC000014754526;Priority 4;OK
OPS;OXE;TEC;HK;OK;INC000014754753;Priority 3;OK
L1;BWI;L1;INC;OK;INC000014755284;Priority 3;OK
FUN;LAT;FUN;INC;OK;INC000014755356;Priority 3;OK
L1;BWI;L1;INC;OK;INC000014755550;Priority 3;OK
APS;ETH;APS;INC;OK;INC000014755631;Priority 3;OK
FUN;CAN;FUN;INC;OK;INC000014756031;Priority 4;OK
CNC;812;CNC;INC;OK;INC000014756426;Priority 3;OK
FUN;CAN;FUN;INC;OK;INC000014756773;Priority 4;OK
CNC;812;CNC;INC;OK;INC000014757233;Priority 3;OK
FUN;BWI;FUN;INC;OK;INC000014758536;Priority 3;OK
L1;WS;L1;SR;OK;INC000014758896;Priority 3;OK
FUN;ETH;FUN;INC;OK;INC000014759063;Priority 3;OK
CNC;ETH;TEC;INC;OK;INC000014759282;Priority 3;OK
CNC;812;CNC;INC;OK;INC000014762119;Priority 3;OK
CNC;812;CNC;INC;OK;INC000014762682;Priority 3;OK
FUN;812;FUN;INC;OK;INC000014762881;Priority 4;OK
CNC;812;CNC;INC;OK;INC000014763511;Priority 3;OK
FUN;LAT;FUN;INC;OK;INC000014763637;Priority 3;OK
L1;BWI;L1;INC;OK;INC000014763964;Priority 3;OK
OPS;EDS;OPS;HK;OK;INC000014765182;Priority 4;OK
OPS;EDS;OPS;HK;OK;INC000014765191;Priority 4;OK
DBA;812;DBA;INC;OK;INC000014765337;Priority 4;OK
FIN;812;FUN;INC;OK;INC000014766394;Priority 4;OK
FUN;812;FUN;INC;Defect;INC000014766588;Priority 4;OK
FUN;812;FUN;INC;OK;INC000014766955;Priority 4;OK
FIN;812;FUN;INC;OK;INC000014767143;Priority 4;OK
FUN;EES;FUN;INC;OK;INC000014767849;Priority 4;OK
FUN;812;FUN;INC;OK;INC000014768996;Priority 4;OK
FUN;BWI;FUN;INC;OK;INC000014770404;Priority 4;OK
FUN;EES;FUN;INC;OK;INC000014770687;Priority 4;OK
FUN;WS;FUN;INC;OK;INC000014771330;Priority 4;OK
DBA;812;DBA;INC;OK;INC000014771537;Priority 4;OK
FIN;MNT;FUN;INC;OK;INC000014771703;Priority 4;OK
CNC;812;CNC;INC;OK;INC000014772443;Priority 4;OK
FUN;812;FUN;INC;OK;INC000014772860;Priority 4;OK
FUN;LAT;FUN;INC;Defect;INC000014772984;Priority 4;OK
FUN;812;FUN;INC;OK;INC000014773059;Priority 4;OK
FUN;812;FUN;INC;OK;INC000014774846;Priority 4;OK
FUN;LAT;FUN;INC;OK;INC000014776260;Priority 4;OK
FUN;812;FUN;INC;OK;INC000014777352;Priority 4;OK
CNC;812;CNC;INC;OK;INC000014777556;Priority 4;OK
FUN;812;FUN;INC;OK;INC000014777994;Priority 4;OK
CNC;812;CNC;INC;OK;INC000014778306;Priority 4;OK
L1;MNT;L1 ;SR;OK;INC000014778666;Priority 4;OK
FUN;DXE;FUN;INC;OK;INC000014778723;Priority 4;OK
CNC;WS;L1 ;SR;OK;INC000014778953;Priority 4;OK
FIN;812;FUN;INC;OK;INC000014778979;Priority 4;OK
FIN;812;FUN;INC;OK;INC000014779338;Priority 4;OK
FUN;WS;FUN;INC;OK;INC000014779529;Priority 4;OK
SEC;EES;FUN;INC;OK;INC000014779718;Priority 4;OK
FIN;812;FUN;INC;OK;INC000014779887;Priority 4;OK
FIN;812;FUN;INC;OK;INC000014780501;Priority 4;OK
L1;BWI;L1 ;INC;OK;INC000014781225;Priority 4;OK
TEC;EDS;OPS;HK;OK;INC000014782214;Priority 4;OK
L1;MNT;L1 ;SR;OK;INC000014782288;Priority 4;OK
FUN;812;FUN;INC;OK;INC000014783628;Priority 4;OK
FIN;812;FUN;INC;OK;INC000014783784;Priority 4;OK
FUN;LAT;FUN;INC;OK;INC000014784162;Priority 4;OK
FUN;ETH;FUN;INC;OK;INC000014784190;Priority 4;OK
CNC;812;CNC;INC;OK;INC000014787942;Priority 4;OK
FUN;ETH;FUN;INC;OK;INC000014789867;Priority 4;OK
APS;EES;APS;INC;OK;INC000014789992;Priority 4;OK
DBA;812;DBA;INC;OK;INC000014791596;Priority 4;OK
CNC;812;CNC;INC;OK;INC000014792229;Priority 4;OK
FIN;812;FUN;INC;OK;INC000014792413;Priority 4;OK
FIN;812;FUN;INC;OK;INC000014792488;Priority 4;OK
FUN;WS;FUN;SR;OK;INC000014792568;Priority 4;OK
FUN;812;FUN;INC;OK;INC000014792682;Priority 4;OK
FUN;812;FUN;INC;Defect;INC000014792828;Priority 4;OK
FIN;812;FUN;INC;OK;INC000014793088;Priority 4;OK
FUN;812;FUN;INC;OK;INC000014794142;Priority 4;OK
CNC;812;CNC;SR;OK;INC000014794177;Priority 4;OK
CNC;ETH;CNC;INC;OK;INC000014794274;Priority 4;OK
FUN;BWI;FUN;INC;OK;INC000014794877;Priority 4;OK
FUN;BWI;FUN;INC;OK;INC000014795106;Priority 4;OK
L1;ETH;L1 ;INC;OK;INC000014796539;Priority 4;OK
L1;812;L1 ;SR;OK;INC000014798854;Priority 4;OK
FIN;812;FUN;INC;OK;INC000014798912;Priority 4;OK
DBA;812;DBA;INC;OK;INC000014799088;Priority 3;OK
FIN;812;FUN;INC;OK;INC000014799224;Priority 4;OK
FIN;812;FUN;INC;OK;INC000014799662;Priority 4;OK
FUN;812;FUN;INC;OK;INC000014799876;Priority 4;OK
FUN;WS;FUN;INC;OK;INC000014800386;Priority 3;OK
FIN;812;FUN;INC;OK;INC000014800799;Priority 4;OK
L1;BWI;L1 ;INC;OK;INC000014800860;Priority 3;OK
FUN;812;FUN;INC;OK;INC000014800904;Priority 4;OK
L1;BWI;L1 ;INC;OK;INC000014801334;Priority 4;OK
FUN;BWI;FUN;INC;OK;INC000014802217;Priority 4;OK
L1;BWI;L1 ;INC;OK;INC000014802443;Priority 3;OK
FUN;LAT;FUN;INC;OK;INC000014802532;Priority 3;OK
FUN;LAT;FUN;INC;OK;INC000014802830;Priority 3;OK
FUN;812;FUN;INC;OK;INC000014803872;Priority 4;OK
FUN;812;FUN;INC;OK;INC000014804004;Priority 3;OK
FIN;812;FUN;INC;OK;INC000014804041;Priority 4;OK
FIN;812;FUN;INC;OK;INC000014804100;Priority 4;OK
OPS;EDS;OPS;HK;OK;INC000014804826;Priority 3;OK
FUN;DXE;FUN;INC;OK;INC000014804875;Priority 3;OK
FUN;812;FUN;INC;Defect;INC000014804921;Priority 4;OK
FUN;WS;FUN;INC;OK;INC000014805160;Priority 4;OK
FUN;LAT;FUN;INC;Defect;INC000014805172;Priority 3;OK
FIN;812;FUN;INC;OK;INC000014805903;Priority 4;OK
FUN;BWI;FUN;INC;OK;INC000014806282;Priority 3;OK
FUN;BWI;FUN;INC;OK;INC000014806339;Priority 3;OK
L1;BWI;L1 ;INC;OK;INC000014806364;Priority 3;OK
FUN;WS;FUN;INC;OK;INC000014806365;Priority 3;OK
FUN;812;FUN;INC;Defect;INC000014806796;Priority 3;OK
FUN;LAT;FUN;INC;OK;INC000014806909;Priority 3;OK
FUN;BWI;FUN;INC;OK;INC000014807613;Priority 4;OK
FUN;BWI;FUN;INC;Defect;INC000014807730;Priority 4;OK
APS;LAT;FUN;INC;OK;INC000014807754;Priority 3;OK
APS;LAT;FUN;INC;OK;INC000014807820;Priority 3;OK
L1;BWI;L1 ;INC;OK;INC000014808046;Priority 4;OK
FUN;LAT;FUN;INC;OK;INC000014808078;Priority 3;OK
FUN;LAT;FUN;INC;OK;INC000014808136;Priority 3;OK
FUN;LAT;FUN;INC;OK;INC000014808935;Priority 4;OK
FUN;LAT;FUN;INC;OK;INC000014808947;Priority 3;OK
CNC;812;CNC;SR;OK;INC000014809507;Priority 4;OK
FIN;812;FUN;INC;OK;INC000014809541;Priority 4;OK
FIN;812;FUN;INC;OK;INC000014809676;Priority 4;OK
FIN;812;FUN;INC;OK;INC000014809698;Priority 4;OK
FIN;812;FUN;INC;OK;INC000014810111;Priority 4;OK
FIN;812;FUN;INC;OK;INC000014810209;Priority 4;OK
FIN;812;FUN;INC;OK;INC000014810360;Priority 4;OK
L1;BWI;L1 ;INC;OK;INC000014810505;Priority 3;OK
SEC;EMS;SEC;SR;OK;INC000014811275;Priority 3;OK
L1;BWI;L1 ;INC;OK;INC000014812039;Priority 3;OK
L1;BWI;SCH;INC;OK;INC000014812651;Priority 3;OK
APS;LAT;FUN;INC;OK;INC000014812997;Priority 3;OK
FUN;LAT;FUN;INC;OK;INC000014813388;Priority 3;OK
FUN;LAT;FUN;INC;OK;INC000014813396;Priority 3;OK
OPS;EDS;OPS;HK;OK;INC000014813936;Priority 4;OK
FIN;812;FUN;INC;OK;INC000014814823;Priority 4;OK
FIN;812;FUN;INC;OK;INC000014814849;Priority 4;OK
FIN;812;FUN;INC;OK;INC000014814865;Priority 4;OK
FIN;812;FUN;INC;OK;INC000014814928;Priority 4;OK
FIN;812;FUN;INC;OK;INC000014815431;Priority 4;OK
L1;WS;L1 ;SR;OK;INC000014815607;Priority 3;OK
FUN;812;FUN;INC;OK;INC000014815637;Priority 3;OK
CNC;812;CNC;SR;OK;INC000014815918;Priority 3;OK
FUN;BWI;FUN;INC;Defect;INC000014816085;Priority 3;OK
FUN;812;FUN;INC;OK;INC000014816306;Priority 4;OK
FIN;812;FUN;INC;OK;INC000014816403;Priority 4;OK
FIN;812;FUN;INC;OK;INC000014816685;Priority 4;OK
FUN;LAT;FUN;INC;OK;INC000014816866;Priority 4;OK
L1;BWI;L1 ;INC;OK;INC000014817224;Priority 4;OK
OPS;EMS;OPS;HK;OK;INC000014817579;Priority 3;OK
OPS;WS;OPS;HK;OK;INC000014817711;Priority 4;OK
OPS;WS;OPS;HK;OK;INC000014817730;Priority 4;OK
OPS;EMS;OPS;HK;OK;INC000014817745;Priority 4;OK
CNC;812;CNC;INC;OK;INC000014817797;Priority 3;OK
APS;LAT;FUN;INC;OK;INC000014817862;Priority 3;OK
APS;LAT;FUN;SR;OK;INC000014817872;Priority 3;OK
APS;LAT;FUN;INC;OK;INC000014817896;Priority 3;OK
L1;BWI;FUN;INC;OK;INC000014817953;Priority 3;OK
CNC;BWI;CNC;INC;OK;INC000014818038;Priority 4;OK
FIN;812;FUN;INC;OK;INC000014818641;Priority 4;OK
FUN;812;FUN;INC;OK;INC000014818684;Priority 4;OK
FIN;812;FUN;INC;OK;INC000014818718;Priority 3;OK
FUN;812;FUN;INC;OK;INC000014818841;Priority 3;OK
FIN;812;FUN;INC;OK;INC000014818843;Priority 3;OK
FUN;BWI;FUN;SR;OK;INC000014819045;Priority 4;OK
CNC;LAT;L1 ;INC;OK;INC000014819137;Priority 3;OK
OPS;EMS;OPS;HK;OK;INC000014819515;Priority 3;OK
CNC;LAT;L1 ;INC;OK;INC000014819935;Priority 3;OK
FUN;BWI;FUN;INC;OK;INC000014820424;Priority 4;OK
APS;EES;APS;INC;OK;INC000014821184;Priority 4;OK
DBA;EES;FUN;INC;OK;INC000014821373;Priority 4;OK
FIN;812;FUN;INC;OK;INC000014822648;Priority 3;OK
CNC;812;CNC;INC;OK;INC000014822708;Priority 4;OK
FUN;812;FUN;INC;OK;INC000014822753;Priority 4;OK
FUN;WS;FUN;INC;OK;INC000014823266;Priority 4;OK
FIN;812;FUN;INC;OK;INC000014823288;Priority 3;OK
FUN;812;FUN;INC;OK;INC000014823291;Priority 4;OK
APS;ETH;APS;INC;Defect;INC000014823351;Priority 3;OK
L1;BWI;L1 ;INC;OK;INC000014824238;Priority 4;OK
FUN;812;FUN;INC;OK;INC000014824280;Priority 4;OK
FUN;812;FUN;INC;OK;INC000014824624;Priority 4;OK
FIN;812;FUN;INC;OK;INC000014824936;Priority 4;OK
FUN;LAT;FUN;INC;OK;INC000014825015;Priority 3;OK
FUN;EES;FUN;INC;OK;INC000014825968;Priority 4;OK
FUN;CAN;FUN;INC;OK;INC000014826415;Priority 4;OK
FUN;BWI;FUN;INC;OK;INC000014826953;Priority 3;OK
L1;BWI;L1 ;INC;OK;INC000014827032;Priority 4;OK
FIN;812;FUN;INC;OK;INC000014827439;Priority 3;OK
CNC;812;CNC;INC;OK;INC000014827535;Priority 3;OK
FUN;812;FUN;INC;OK;INC000014827619;Priority 3;OK
FUN;LAT;FUN;INC;OK;INC000014827806;Priority 4;OK
FUN;WS;FUN;INC;OK;INC000014828940;Priority 3;OK
L1;BWI;L1 ;INC;OK;INC000014829893;Priority 3;OK
CNC;812;CNC;INC;OK;INC000014829985;Priority 4;OK
FUN;812;FUN;INC;OK;INC000014830046;Priority 3;OK
FUN;812;FUN;INC;OK;INC000014830390;Priority 3;OK
FIN;812;FUN;INC;OK;INC000014831004;Priority 4;OK
FIN;812;FUN;INC;OK;INC000014831585;Priority 4;OK
FUN;LAT;FUN;INC;Defect;INC000014831700;Priority 3;OK
FUN;812;FUN;INC;Defect;INC000014831770;Priority 4;OK
FIN;812;FUN;INC;OK;INC000014832218;Priority 4;OK
L1;BWI;L1 ;INC;OK;INC000014832256;Priority 3;OK
FUN;BWI;FUN;INC;OK;INC000014832851;Priority 4;OK
APS;LAT;FUN;INC;OK;INC000014833167;Priority 3;OK
FUN;812;FUN;INC;OK;INC000014833779;Priority 3;OK
OPS;EDS;OPS;HK;OK;INC000014834957;Priority 3;OK
CNC;812;CNC;INC;OK;INC000014835361;Priority 4;OK
FUN;LAT;FUN;INC;OK;INC000014835369;Priority 3;OK
DBA;EES;FUN;INC;OK;INC000014835757;Priority 4;OK
FUN;812;FUN;INC;OK;INC000014835919;Priority 4;OK
FIN;812;FUN;INC;OK;INC000014835943;Priority 4;OK
FUN;LAT;FUN;INC;OK;INC000014836586;Priority 3;OK
FIN;812;FUN;INC;OK;INC000014836607;Priority 4;OK
APS;EES;APS;INC;Defect;INC000014836760;Priority 3;OK
FUN;EDS;FUN;INC;OK;INC000014837717;Priority 4;OK
FUN;ETH;FUN;INC;OK;INC000014837787;Priority 4;OK
CNC;BWI;CNC;INC;OK;INC000014837912;Priority 3;OK
FUN;LAT;FUN;INC;OK;INC000014838042;Priority 3;OK
FUN;LAT;FUN;INC;OK;INC000014838261;Priority 4;OK
L1;MNT;L1 ;SR;OK;INC000014838610;Priority 4;OK
SEC;WS;JDE;INC;OK;INC000014838640;Priority 3;OK
L1;MNT;L1 ;SR;OK;INC000014838738;Priority 4;OK
FUN;812;FUN;INC;OK;INC000014839722;Priority 3;OK
L1;MNT;L1 ;SR;OK;INC000014840167;Priority 4;OK
OPS;EMS;OPS;HK;OK;INC000014840318;Priority 4;OK
FUN;BWI;FUN;INC;OK;INC000014840347;Priority 3;OK
CNC;EMS;OPS;INC;OK;INC000014841551;Priority 2;OK
CNC;DXE;CNC;INC;OK;INC000014841778;Priority 4;OK
FUN;WS;FUN;INC;OK;INC000014842318;Priority 4;OK
FUN;812;FUN;INC;OK;INC000014843165;Priority 4;OK
FUN;DXE;FUN;INC;OK;INC000014843188;Priority 4;OK
FUN;DXE;FUN;INC;OK;INC000014843231;Priority 4;OK
FUN;812;FUN;INC;OK;INC000014843376;Priority 4;OK
FIN;812;FUN;INC;OK;INC000014843612;Priority 4;OK
FUN;812;FUN;INC;OK;INC000014843650;Priority 4;OK
FUN;LAT;FUN;INC;OK;INC000014844120;Priority 3;OK
FIN;DXE;FUN;INC;OK;INC000014844348;Priority 4;OK
L1;BWI;L1 ;INC;OK;INC000014845080;Priority 4;OK
CNC;BWI;CNC;INC;OK;INC000014845272;Priority 2;OK
FUN;812;FUN;INC;OK;INC000014846740;Priority 4;OK
FIN;812;FUN;INC;OK;INC000014846915;Priority 4;OK
FUN;812;FUN;INC;OK;INC000014847115;Priority 4;OK
FIN;DXE;FUN;INC;OK;INC000014847189;Priority 4;OK
FUN;BWI;FUN;INC;OK;INC000014847363;Priority 4;OK
FUN;DXE;FUN;SR;OK;INC000014847702;Priority 3;OK
FUN;812;FUN;INC;OK;INC000014847792;Priority 3;OK
L1;812;L1 ;SR;OK;INC000014847974;Priority 3;OK
FUN;812;FUN;INC;OK;INC000014848472;Priority 4;OK
FUN;812;FUN;INC;OK;INC000014848530;Priority 4;OK
FUN;BWI;FUN;INC;OK;INC000014848732;Priority 4;OK
APS;EES;APS;INC;OK;INC000014850060;Priority 4;OK
APS;LAT;FUN;SR;OK;INC000014850206;Priority 4;OK
FUN;BWI;FUN;INC;OK;INC000014851764;Priority 4;OK
L1;WS;L1 ;SR;OK;INC000014852021;Priority 4;OK
FUN;LAT;FUN;INC;OK;INC000014852359;Priority 3;OK
OPS;EMS;OPS;HK;OK;INC000014852864;Priority 4;OK
CNC;MNT;CNC;INC;OK;INC000014853380;Priority 3;OK
OPS;EDS;OPS;HK;OK;INC000014853558;Priority 3;OK
OPS;EDS;OPS;HK;OK;INC000014853583;Priority 3;OK
FUN;812;FUN;INC;OK;INC000014854709;Priority 4;OK
OPS;EDS;OPS;HK;OK;INC000014855799;Priority 3;OK
SEC;812;SEC;INC;OK;INC000014856651;Priority 3;OK
FUN;WS;FUN;INC;OK;INC000014857593;Priority 3;OK
FUN;WS;FUN;INC;OK;INC000014857798;Priority 4;OK
L1;812;L1 ;INC;OK;INC000014857999;Priority 4;OK
FUN;BWI;FUN;INC;OK;INC000014858249;Priority 3;OK
FUN;ETH;FUN;INC;OK;INC000014858626;Priority 4;OK
FIN;DXE;FUN;INC;OK;INC000014858808;Priority 4;OK
L1;812;L1 ;SR;OK;INC000014859413;Priority 4;OK
FUN;812;FUN;INC;OK;INC000014861119;Priority 3;OK
FUN;BWI;FUN;INC;OK;INC000014861160;Priority 4;OK
L1;BWI;L1 ;INC;OK;INC000014861998;Priority 3;OK
FIN;812;FUN;INC;OK;INC000014863368;Priority 4;OK
FUN;812;FUN;INC;OK;INC000014863818;Priority 4;OK
L1;MNT;L1 ;SR;OK;INC000014863894;Priority 4;OK
FUN;812;FUN;INC;OK;INC000014864655;Priority 4;OK
FUN;812;FUN;INC;OK;INC000014864771;Priority 4;OK
FUN;812;FUN;INC;OK;INC000014864961;Priority 3;OK
DBA;812;DBA;INC;OK;INC000014865817;Priority 3;OK
L1;BWI;L1 ;INC;OK;INC000014865869;Priority 4;OK
L1;BWI;L1 ;INC;OK;INC000014866208;Priority 4;OK
FUN;ETH;FUN;INC;OK;INC000014866468;Priority 3;OK
L1;BWI;L1 ;INC;OK;INC000014867119;Priority 3;OK
CNC;812;CNC;INC;OK;INC000014867754;Priority 4;OK
FUN;BWI;FUN;INC;OK;INC000014868524;Priority 4;OK
SCH;DXE;SCH;SR;OK;INC000014869199;Priority 3;OK
FIN;812;FUN;INC;OK;INC000014869208;Priority 4;OK
FIN;812;FUN;INC;OK;INC000014869801;Priority 4;OK
SEC;EDS;SEC;SR;OK;INC000014869862;Priority 3;OK
FUN;LAT;FUN;INC;OK;INC000014870505;Priority 3;OK
FUN;812;FUN;INC;OK;INC000014870613;Priority 3;OK
FUN;812;FUN;INC;OK;INC000014870668;Priority 3;OK
L1;EDS;L1 ;SR;OK;INC000014870879;Priority 4;OK
APS;LAT;FUN;SR;OK;INC000014871169;Priority 3;OK
FUN;LAT;FUN;INC;OK;INC000014871381;Priority 4;OK
SCH;812;SCH;SR;OK;INC000014872464;Priority 3;OK
L1;BWI;L1 ;INC;OK;INC000014872585;Priority 3;OK
CNC;EES;L1 ;INC;OK;INC000014872968;Priority 3;OK
L1;812;L1 ;SR;OK;INC000014873703;Priority 4;OK
CNC;812;L1 ;INC;OK;INC000014874127;Priority 4;OK
SEC;EDS;SEC;SR;OK;INC000014874149;Priority 3;OK
FUN;812;FUN;INC;OK;INC000014874449;Priority 3;OK
L1;EDS;L1 ;SR;OK;INC000014874556;Priority 4;OK
FUN;812;FUN;INC;OK;INC000014874563;Priority 3;OK
SEC;EDS;SEC;INC;OK;INC000014874584;Priority 4;OK
FUN;EMS;FUN;INC;OK;INC000014874704;Priority 4;OK
FUN;LAT;FUN;INC;OK;INC000014875091;Priority 3;OK
FUN;LAT;FUN;INC;OK;INC000014875786;Priority 3;OK
FUN;812;FUN;INC;OK;INC000014875826;Priority 3;OK
L1;BWI;L1 ;INC;OK;INC000014876158;Priority 4;OK
FUN;WS;FUN;INC;OK;INC000014876347;Priority 3;OK
FIN;812;FUN;INC;OK;INC000014876531;Priority 4;OK
L1;BWI;L1 ;INC;OK;INC000014876968;Priority 4;OK
L1;BWI;L1 ;INC;OK;INC000014877030;Priority 4;OK
FUN;812;FUN;INC;OK;INC000014877048;Priority 3;OK
CNC;812;CNC;INC;OK;INC000014878103;Priority 3;OK
L1;812;L1 ;SR;OK;INC000014879261;Priority 4;OK
SEC;EDS;SEC;SR;OK;INC000014879315;Priority 3;OK
OPS;EMS;OPS;HK;OK;INC000014880024;Priority 4;OK
L1;EMS;L1 ;SR;OK;INC000014880108;Priority 4;OK
OPS;EMS;OPS;HK;OK;INC000014880121;Priority 3;OK
FUN;812;FUN;INC;OK;INC000014880672;Priority 3;OK
APS;EES;APS;INC;OK;INC000014880817;Priority 3;OK
FUN;812;FUN;INC;OK;INC000014881109;Priority 4;OK
L1;BWI;L1 ;INC;OK;INC000014881563;Priority 4;OK
FUN;BWI;FUN;INC;OK;INC000014882225;Priority 3;OK
L1;BWI;L1 ;INC;OK;INC000014882266;Priority 4;OK
CNC;BWI;CNC;INC;OK;INC000014882598;Priority 3;OK
CNC;ETH;CNC;INC;OK;INC000014882712;Priority 4;OK
FUN;812;FUN;INC;OK;INC000014883026;Priority 3;OK
TEC;EMS;OPS;HK;OK;INC000014883416;Priority 3;OK
TEC;EDS;OPS;HK;OK;INC000014885368;Priority 3;OK
OPS;EDS;OPS;HK;OK;INC000014885554;Priority 3;OK
DBA;812;DBA;INC;OK;INC000014885663;Priority 4;OK
FUN;ETH;FUN;INC;OK;INC000014886266;Priority 4;OK
APS;EES;APS;INC;OK;INC000014886360;Priority 4;OK
CNC;BWI;SCH;INC;OK;INC000014887271;Priority 3;OK
L1;MNT;L1 ;SR;OK;INC000014889100;Priority 4;OK
FUN;BWI;FUN;INC;OK;INC000014889518;Priority 3;OK
FIN;812;FUN;INC;OK;INC000014889523;Priority 4;OK
L1;MNT;L1 ;SR;OK;INC000014889654;Priority 4;OK
SEC;LAT;SEC;INC;OK;INC000014890144;Priority 4;OK
L1;BWI;L1 ;INC;OK;INC000014891290;Priority 4;OK
FUN;LAT;FUN;INC;OK;INC000014891803;Priority 3;OK
L1;BWI;L1 ;SR;OK;INC000014892160;Priority 4;OK
APS;EES;APS;INC;OK;INC000014892182;Priority 4;OK
OPS;EMS;OPS;HK;OK;INC000014893299;Priority 4;OK
L1;812;L1 ;SR;OK;INC000014893828;Priority 3;OK
L1;812;L1 ;SR;OK;INC000014894562;Priority 3;OK
DBA;812;DBA;INC;OK;INC000014894719;Priority 3;OK
FUN;EMS;FUN;INC;OK;INC000014896953;Priority 3;OK
L1;BWI;L1 ;INC;OK;INC000014897382;Priority 3;OK
FUN;ETH;FUN;INC;OK;INC000014897723;Priority 3;OK
L1;BWI;L1 ;INC;OK;INC000014897795;Priority 4;OK
APS;LAT;FUN;SR;OK;INC000014898110;Priority 3;OK
L1;BWI;L1 ;INC;OK;INC000014899143;Priority 3;OK
OPS;EDS;OPS;HK;OK;INC000014899339;Priority 3;OK
CNC;812;CNC;INC;OK;INC000014899622;Priority 2;OK
CNC;812;CNC;INC;OK;INC000014900402;Priority 4;OK
FUN;812;FUN;INC;OK;INC000014900528;Priority 3;OK
FUN;812;FUN;INC;OK;INC000014900704;Priority 3;OK
CNC;812;CNC;INC;OK;INC000014902061;Priority 3;OK
L1;BWI;L1 ;INC;OK;INC000014903022;Priority 4;OK
FUN;BWI;FUN;INC;OK;INC000014903406;Priority 4;OK
L1;BWI;L1 ;INC;OK;INC000014903558;Priority 4;OK
CNC;812;CNC;INC;OK;INC000014903790;Priority 3;OK
FUN;BWI;FUN;INC;OK;INC000014906684;Priority 4;OK
L1;BWI;L1 ;INC;OK;INC000014907118;Priority 4;OK
L1;BWI;L1 ;INC;OK;INC000014907866;Priority 4;OK
L1;BWI;L1 ;INC;OK;INC000014908972;Priority 3;OK
FUN;812;FUN;INC;OK;INC000014908991;Priority 3;OK
CNC;812;CNC;INC;OK;INC000014909818;Priority 2;OK
TEC;EMS;OPS;HK;OK;INC000014909928;Priority 3;OK
SCH;LAT;SCH;INC;OK;INC000014917944;Priority 4;OK
SCH;LAT;SCH;INC;OK;INC000014917946;Priority 4;OK
SCH;LAT;SCH;INC;OK;INC000014918288;Priority 4;OK
SCH;LAT;SCH;INC;OK;INC000014918289;Priority 4;OK
SCH;LAT;SCH;INC;OK;INC000014918293;Priority 4;OK
SCH;LAT;SCH;INC;OK;INC000014918296;Priority 4;OK
FUN;812;FUN;SR;OK;INC000014919781;Priority 4;OK
L1;812;L1 ;INC;OK;INC000014919972;Priority 4;OK
FIN;812;FUN;INC;OK;INC000014920140;Priority 4;OK
L1;MNT;L1 ;INC;OK;INC000014920322;Priority 4;OK
FIN;812;FUN;INC;OK;INC000014920393;Priority 4;OK
FIN;812;FUN;INC;OK;INC000014920457;Priority 4;OK
FUN;WS;FUN;INC;OK;INC000014921633;Priority 4;OK
L1;BWI;L1 ;INC;OK;INC000014922005;Priority 4;OK
FUN;LAT;FUN;INC;OK;INC000014923332;Priority 4;OK
FIN;812;FUN;INC;OK;INC000014924343;Priority 4;OK
FUN;812;FUN;INC;OK;INC000014924466;Priority 4;OK
L1;MNT;L1 ;SR;OK;INC000014924530;Priority 4;OK
FIN;812;FUN;INC;OK;INC000014926171;Priority 4;OK
FUN;ETH;FUN;INC;OK;INC000014926928;Priority 4;OK
L1;BWI;L1 ;INC;OK;INC000014927378;Priority 4;OK
L1;BWI;L1 ;INC;OK;INC000014927672;Priority 4;OK
CNC;LAT;L1 ;INC;OK;INC000014927704;Priority 4;OK
FUN;BWI;FUN;INC;OK;INC000014928299;Priority 4;OK
FIN;812;FUN;INC;OK;INC000014928491;Priority 4;OK
FUN;812;FUN;INC;OK;INC000014929906;Priority 4;OK
FUN;812;FUN;INC;Defect;INC000014929920;Priority 4;OK
FIN;812;FUN;INC;OK;INC000014930175;Priority 4;OK
FUN;812;FUN;INC;OK;INC000014931561;Priority 4;OK
FIN;812;FUN;INC;OK;INC000014931575;Priority 4;OK
L1;812;L1 ;INC;OK;INC000014932147;Priority 4;OK
OPS;EDS;OPS;HK;OK;INC000014932410;Priority 4;OK
L1;BWI;L1 ;INC;OK;INC000014932448;Priority 4;OK
FUN;LAT;FUN;INC;OK;INC000014933885;Priority 4;OK
FUN;MNT;FUN;INC;Defect;INC000014933952;Priority 4;OK
L1;BWI;L1 ;INC;OK;INC000014935772;Priority 4;OK
L1;812;L1 ;SR;OK;INC000014935826;Priority 4;OK
L1;MNT;L1 ;SR;OK;INC000014936496;Priority 4;OK
L1;BWI;L1 ;INC;OK;INC000014937034;Priority 4;OK
FIN;812;FUN;INC;OK;INC000014937799;Priority 4;OK
CNC;MNT;L1 ;INC;OK;INC000014938087;Priority 4;OK
DBA;MNT;L1 ;INC;OK;INC000014939848;Priority 4;OK
FUN;ETH;FUN;INC;OK;INC000014940986;Priority 3;OK
APS;ETH;APS;INC;OK;INC000014941656;Priority 3;OK
OPS;EMS;OPS;HK;OK;INC000014943388;Priority 3;OK
OPS;EDS;OPS;HK;OK;INC000014943484;Priority 3;OK
OPS;EDS;OPS;HK;OK;INC000014943514;Priority 3;OK
APS;EES;APS;INC;OK;INC000014944452;Priority 3;OK
APS;ETH;APS;INC;OK;INC000014944548;Priority 3;OK
CNC;BWI;L1 ;INC;OK;INC000014944836;Priority 3;OK
L1;BWI;L1 ;INC;OK;INC000014945182;Priority 3;OK
SCH;LAT;SCH;INC;OK;INC000014945274;Priority 3;OK
SCH;LAT;SCH;INC;OK;INC000014945277;Priority 3;OK
SCH;LAT;SCH;INC;OK;INC000014945296;Priority 3;OK
CNC;MNT;CNC;INC;OK;INC000014945416;Priority 4;OK
L1;MNT;L1 ;SR;OK;INC000014946207;Priority 4;OK
FUN;EES;FUN;INC;OK;INC000014947047;Priority 4;OK
SEC;DXE;SEC;SR;OK;INC000014947188;Priority 3;OK
L1;BWI;L1 ;INC;OK;INC000014947197;Priority 4;OK
FUN;ETH;FUN;INC;OK;INC000014948637;Priority 3;OK
FUN;BWI;FUN;INC;OK;INC000014949245;Priority 3;OK
L1;812;L1 ;SR;OK;INC000014949274;Priority 4;OK
FUN;LAT;FUN;INC;OK;INC000014949794;Priority 4;OK
CNC;812;CNC;INC;OK;INC000014950283;Priority 3;OK
FIN;812;FUN;INC;OK;INC000014951037;Priority 3;OK
FIN;812;FUN;INC;OK;INC000014951134;Priority 4;OK
CNC;812;CNC;INC;OK;INC000014951214;Priority 3;OK
DBA;812;DBA;INC;OK;INC000014951684;Priority 4;OK
FIN;812;FUN;INC;OK;INC000014951696;Priority 4;OK
FIN;812;FUN;INC;OK;INC000014952143;Priority 4;OK
CNC;MNT;L1 ;INC;OK;INC000014952568;Priority 4;OK
FUN;EES;FUN;INC;OK;INC000014952913;Priority 4;OK
L1;BWI;L1 ;INC;OK;INC000014953142;Priority 4;OK
FIN;812;FUN;INC;OK;INC000014953185;Priority 4;OK
FIN;812;FUN;INC;OK;INC000014953236;Priority 4;OK
FIN;812;FUN;INC;OK;INC000014953292;Priority 4;OK
FUN;812;FUN;INC;OK;INC000014953338;Priority 3;OK
L1;BWI;L1 ;INC;OK;INC000014953878;Priority 4;OK
L1;MNT;L1 ;SR;OK;INC000014954366;Priority 4;OK
L1;BWI;L1 ;INC;OK;INC000014954431;Priority 4;OK
L1;BWI;L1 ;INC;OK;INC000014954629;Priority 3;OK
L1;BWI;L1 ;INC;OK;INC000014954656;Priority 4;OK
L1;BWI;L1 ;INC;OK;INC000014954743;Priority 3;OK
L1;BWI;L1 ;INC;OK;INC000014954932;Priority 3;OK
FUN;LAT;FUN;INC;OK;INC000014955381;Priority 3;OK
SCH;LAT;SCH;INC;OK;INC000014955579;Priority 3;OK
FUN;812;FUN;INC;Defect;INC000014955791;Priority 4;OK
CNC;MNT;L1 ;INC;OK;INC000014956358;Priority 3;OK
FUN;812;FUN;INC;OK;INC000014956923;Priority 3;OK
DBA;MNT;L1 ;INC;OK;INC000014956940;Priority 4;OK
CNC;812;CNC;INC;OK;INC000014956988;Priority 3;OK
FIN;812;FUN;INC;OK;INC000014957019;Priority 4;OK
FUN;LAT;FUN;INC;OK;INC000014957409;Priority 3;OK
CNC;812;CNC;INC;OK;INC000014958113;Priority 3;OK
FIN;812;FUN;INC;OK;INC000014958236;Priority 4;OK
CNC;MNT;L1 ;INC;OK;INC000014959398;Priority 4;OK
CNC;MNT;L1 ;INC;OK;INC000014959447;Priority 4;OK
DBA;MNT;L1 ;INC;OK;INC000014960574;Priority 3;OK
DBA;MNT;L1 ;INC;OK;INC000014960909;Priority 4;OK
CNC;812;CNC;INC;OK;INC000014961175;Priority 4;OK
FUN;812;FUN;INC;OK;INC000014961294;Priority 3;OK
L1;BWI;L1 ;INC;OK;INC000014961887;Priority 4;OK
L1;BWI;L1 ;INC;OK;INC000014962522;Priority 3;OK
FUN;LAT;FUN;INC;OK;INC000014963167;Priority 3;OK
OPS;EDS;OPS;HK;OK;INC000014963278;Priority 3;OK
CNC;812;CNC;INC;OK;INC000014963862;Priority 3;OK
FIN;812;FUN;INC;OK;INC000014963972;Priority 4;OK
FIN;812;FUN;INC;OK;INC000014964267;Priority 4;OK
FUN;812;FUN;INC;OK;INC000014964647;Priority 3;OK
CNC;812;CNC;SR;OK;INC000014964663;Priority 3;OK
APS;ETH;APS;INC;Defect;INC000014964949;Priority 3;OK
FUN;WS;FUN;INC;OK;INC000014965011;Priority 4;OK
FUN;812;FUN;INC;OK;INC000014965342;Priority 3;OK
FUN;WS;FUN;INC;OK;INC000014965557;Priority 3;OK
FUN;BWI;FUN;INC;OK;INC000014965667;Priority 4;OK
L1;BWI;L1 ;INC;OK;INC000014966145;Priority 4;OK
FUN;812;FUN;INC;OK;INC000014966178;Priority 4;OK
FUN;LAT;FUN;INC;OK;INC000014966273;Priority 4;OK
FUN;LAT;FUN;INC;OK;INC000014966851;Priority 3;OK
FUN;LAT;FUN;INC;OK;INC000014966944;Priority 4;OK
FUN;BWI;FUN;INC;OK;INC000014967732;Priority 3;OK
L1;BWI;L1 ;INC;OK;INC000014967809;Priority 4;OK
FUN;ETH;FUN;INC;OK;INC000014968080;Priority 3;OK
L1;BWI;L1 ;INC;OK;INC000014968093;Priority 3;OK
FIN;812;FUN;INC;OK;INC000014969391;Priority 4;OK
OPS;EDS;OPS;HK;OK;INC000014969666;Priority 3;OK
FUN;812;FUN;INC;OK;INC000014970026;Priority 4;OK
FIN;812;FUN;INC;OK;INC000014970058;Priority 4;OK
CNC;BWI;L1 ;SR;OK;INC000014970144;Priority 4;OK
OPS;MNT;L1 ;INC;OK;INC000014970591;Priority 3;OK
FUN;LAT;FUN;INC;OK;INC000014970620;Priority 3;OK
FUN;BWI;FUN;INC;OK;INC000014970914;Priority 3;OK
FIN;LAT;FUN;INC;OK;INC000014971234;Priority 4;OK
L1;BWI;L1 ;SR;OK;INC000014971276;Priority 4;OK
CNC;MNT;L1 ;INC;OK;INC000014971355;Priority 4;OK
L1;BWI;L1 ;INC;OK;INC000014971448;Priority 4;OK
FUN;MNT;FUN;INC;OK;INC000014972385;Priority 3;OK
DBA;812;DBA;INC;OK;INC000014972834;Priority 4;OK
L1;BWI;L1 ;INC;OK;INC000014973825;Priority 4;OK
FIN;LAT;FUN;INC;OK;INC000014974297;Priority 4;OK
CNC;812;L1 ;INC;OK;INC000014975241;Priority 3;OK
FUN;BWI;FUN;INC;Defect;INC000014975507;Priority 3;OK
FUN;812;FUN;INC;OK;INC000014977363;Priority 3;OK
L1;MNT;L1 ;SR;OK;INC000014977663;Priority 3;OK
SCH;LAT;SCH;INC;OK;INC000014978025;Priority 3;OK
FIN;812;FUN;INC;OK;INC000014978426;Priority 4;OK
FUN;ETH;FUN;INC;OK;INC000014978687;Priority 3;OK
FUN;BWI;FUN;INC;OK;INC000014978732;Priority 3;OK
FIN;DXE;FUN;INC;OK;INC000014978739;Priority 4;OK
CNC;OXE;L1 ;INC;OK;INC000014978813;Priority 3;OK
OPS;EDS;OPS;SR;OK;INC000014979094;Priority 4;OK
FUN;812;FUN;INC;OK;INC000014979593;Priority 3;OK
FUN;MNT;FUN;INC;OK;INC000014979790;Priority 4;OK
FUN;LAT;FUN;INC;OK;INC000014981095;Priority 3;OK
FUN;ETH;FUN;INC;OK;INC000014981626;Priority 3;OK
L1;BWI;L1 ;INC;OK;INC000014981801;Priority 4;OK
L1;MNT;L1 ;INC;OK;INC000014981960;Priority 3;OK
SCH;812;SCH;INC;OK;INC000014983369;Priority 3;OK
FUN;WS;FUN;INC;OK;INC000014983539;Priority 4;OK
FUN;DXE;FUN;INC;OK;INC000014983963;Priority 3;OK
FUN;812;FUN;INC;OK;INC000014984124;Priority 3;OK
FIN;812;FUN;INC;OK;INC000014984530;Priority 3;OK
APS;ETH;APS;INC;OK;INC000014985256;Priority 4;OK
L1;MNT;L1 ;SR;OK;INC000014985762;Priority 3;OK
FIN;812;FUN;INC;OK;INC000014986253;Priority 4;OK
FUN;WS;FUN;INC;Defect;INC000014986422;Priority 3;OK
CNC;DXE;CNC;INC;OK;INC000014986712;Priority 2;OK
FUN;LAT;FUN;INC;OK;INC000014987401;Priority 3;OK
FUN;WS;FUN;INC;OK;INC000014987457;Priority 4;OK
CNC;MNT;CNC;INC;OK;INC000014987638;Priority 3;OK
SEC;EES;FUN;SR;OK;INC000014987953;Priority 4;OK
FUN;ETH;FUN;INC;OK;INC000014987967;Priority 4;OK
L1;BWI;L1 ;INC;OK;INC000014988131;Priority 3;OK
CNC;DXE;CNC;INC;OK;INC000014989709;Priority 4;OK
SCH;LAT;SCH;INC;OK;INC000014989766;Priority 3;OK
SCH;LAT;SCH;INC;OK;INC000014989775;Priority 3;OK
L1;812;L1 ;SR;OK;INC000014990271;Priority 3;OK
FUN;812;FUN;INC;OK;INC000014990350;Priority 3;OK
FUN;DCF;FUN;INC;OK;INC000014991633;Priority 3;OK
FUN;BWI;FUN;INC;OK;INC000014992021;Priority 3;OK
FUN;BWI;FUN;INC;OK;INC000014992190;Priority 4;OK
CNC;MNT;CNC;INC;OK;INC000014992520;Priority 3;OK
FUN;BWI;FUN;INC;OK;INC000014992764;Priority 3;OK
FIN;812;FUN;INC;OK;INC000014992869;Priority 3;OK
L1;BWI;L1 ;INC;OK;INC000014993013;Priority 3;OK
FUN;812;FUN;INC;OK;INC000014993717;Priority 3;OK
FUN;BWI;FUN;INC;OK;INC000014993792;Priority 3;OK
L1;ETH;L1 ;INC;OK;INC000014995185;Priority 3;OK
OPS;EMS;OPS;HK;OK;INC000014995800;Priority 3;OK
CNC;812;CNC;INC;OK;INC000014995812;Priority 3;OK
FUN;BWI;FUN;INC;OK;INC000014997074;Priority 4;OK
FUN;812;FUN;INC;OK;INC000014997186;Priority 4;OK
FUN;BWI;FUN;INC;OK;INC000014998487;Priority 4;OK
L1;BWI;L1 ;INC;OK;INC000014998895;Priority 3;OK
FIN;MNT;FUN;INC;OK;INC000015000278;Priority 3;OK
CNC;MNT;L1 ;INC;OK;INC000015000293;Priority 4;OK
CNC;MNT;CNC;INC;OK;INC000015001229;Priority 4;OK
FUN;MNT;FUN;INC;OK;INC000015002470;Priority 4;OK
FIN;812;FUN;INC;OK;INC000015002810;Priority 4;OK
FUN;LAT;FUN;SR;OK;INC000015003157;Priority 3;OK
FUN;MNT;FUN;INC;OK;INC000015003781;Priority 4;OK
FUN;MNT;FUN;INC;OK;INC000015003868;Priority 3;OK
SCH;LAT;SCH;INC;OK;INC000015004630;Priority 3;OK
TEC;EDS;OPS;HK;OK;INC000015004774;Priority 3;OK
FUN;BWI;FUN;SR;OK;INC000015004920;Priority 4;OK
CNC;BWI;L1 ;INC;OK;INC000015005809;Priority 3;OK
TEC;EMS;OPS;HK;OK;INC000015006339;Priority 3;OK
DBA;MNT;L1 ;INC;OK;INC000015006788;Priority 4;OK
TEC;EDS;OPS;HK;OK;INC000015007265;Priority 3;OK
FIN;812;FUN;INC;OK;INC000015008449;Priority 4;OK
SCH;LAT;SCH;INC;OK;INC000015008450;Priority 3;OK
SCH;LAT;SCH;INC;OK;INC000015008451;Priority 3;OK
SCH;LAT;SCH;INC;OK;INC000015008452;Priority 3;OK
SCH;LAT;SCH;INC;OK;INC000015008455;Priority 3;OK
SCH;LAT;SCH;INC;OK;INC000015008460;Priority 3;OK
SCH;LAT;SCH;INC;OK;INC000015008463;Priority 3;OK
SCH;LAT;SCH;INC;OK;INC000015008479;Priority 3;OK
FIN;812;FUN;INC;OK;INC000015008757;Priority 4;OK
FUN;812;FUN;INC;OK;INC000015008779;Priority 3;OK
FIN;812;FUN;INC;OK;INC000015008886;Priority 3;OK
FIN;812;FUN;INC;OK;INC000015008955;Priority 4;OK
CNC;MNT;L1 ;INC;OK;INC000015008967;Priority 3;OK
FIN;812;FUN;INC;OK;INC000015009017;Priority 4;OK
FIN;812;FUN;INC;OK;INC000015009304;Priority 4;OK
FIN;812;FUN;INC;OK;INC000015009428;Priority 4;OK
L1;MNT;L1 ;SR;OK;INC000015009434;Priority 3;OK
OPS;EDS;OPS;HK;OK;INC000015009476;Priority 4;OK
SEC;FUN;SEC;SR;OK;INC000015009619;Priority 4;OK
CNC;812;CNC;INC;OK;INC000015010124;Priority 4;OK
FIN;812;FUN;INC;OK;INC000015010134;Priority 4;OK
FUN;812;FUN;INC;OK;INC000015010188;Priority 3;OK
FIN;812;FUN;INC;OK;INC000015010473;Priority 4;OK
FUN;BWI;FUN;INC;OK;INC000015010550;Priority 4;OK
FIN;812;FUN;INC;OK;INC000015010748;Priority 4;OK
FIN;DCF;FUN;INC;OK;INC000015011144;Priority 4;OK
FUN;DCF;FUN;INC;OK;INC000015011280;Priority 3;OK
DCF;DCF;FUN;INC;OK;INC000015011426;Priority 3;OK
SEC;812;SEC;SR;OK;INC000015011882;Priority 3;OK
FUN;BWI;FUN;INC;OK;INC000015011908;Priority 4;OK
SCH;812;SCH;INC;OK;INC000015011917;Priority 3;OK
FUN;LAT;FUN;INC;OK;INC000015012035;Priority 3;OK
TEC;EMS;OPS;HK;OK;INC000015012083;Priority 3;OK
FUN;LAT;FUN;INC;OK;INC000015012159;Priority 4;OK
FUN;BWI;FUN;INC;OK;INC000015012997;Priority 4;OK
OPS;EDS;OPS;HK;OK;INC000015014428;Priority 3;OK
FUN;812;FUN;INC;OK;INC000015015065;Priority 3;OK
OPS;EMS;OPS;HK;OK;INC000015015747;Priority 3;OK
SEC;DXE;SEC;SR;OK;INC000015017047;Priority 4;OK
SEC;DXE;SEC;SR;OK;INC000015017061;Priority 3;OK
FUN;LAT;FUN;INC;OK;INC000015017577;Priority 3;OK
CNC;MNT;CNC;INC;OK;INC000015018717;Priority 4;OK
FUN;812;FUN;INC;OK;INC000015018964;Priority 3;OK
L1;BWI;L1 ;SR;OK;INC000015018989;Priority 4;OK
FUN;LAT;FUN;INC;OK;INC000015019491;Priority 3;OK
FUN;LAT;FUN;INC;OK;INC000015019525;Priority 3;OK
L1;BWI;L1 ;INC;OK;INC000015019868;Priority 4;OK
OPS;EMS;OPS;INC;OK;INC000015020036;Priority 4;OK
L1;BWI;L1 ;INC;OK;INC000015020300;Priority 4;OK
FUN;WS;FUN;INC;OK;INC000015020406;Priority 3;OK
FUN;812;FUN;INC;OK;INC000015020748;Priority 3;OK
L1;MNT;L1 ;INC;OK;INC000015020893;Priority 4;OK
DCF;DCF;FUN;SR;OK;INC000015021002;Priority 3;OK
CNC;MNT;L1 ;INC;OK;INC000015021025;Priority 3;OK
FUN;DCF;FUN;INC;OK;INC000015022798;Priority 3;OK
FIN;812;FUN;INC;OK;INC000015022969;Priority 4;OK
L1;MNT;L1 ;INC;OK;INC000015023447;Priority 3;OK
FUN;LAT;FUN;INC;OK;INC000015024907;Priority 3;OK
FUN;BWI;FUN;INC;OK;INC000015025215;Priority 3;OK
SEC;MNT;L1 ;INC;OK;INC000015025320;Priority 3;OK
L1;MNT;L1 ;INC;OK;INC000015025928;Priority 4;OK
APS;DCF;APS;INC;OK;INC000015026047;Priority 3;OK
L1;BWI;L1 ;INC;OK;INC000015026688;Priority 3;OK
FIN;DXE;FUN;INC;OK;INC000015027378;Priority 3;OK
CNC;MNT;L1 ;INC;OK;INC000015027948;Priority 4;OK
TEC;EDS;OPS;HK;OK;INC000015027960;Priority 3;OK
DCF;DCF;FUN;INC;OK;INC000015028107;Priority 3;OK
FIN;812;FUN;INC;OK;INC000015028135;Priority 3;OK
CNC;BWI;L1 ;INC;OK;INC000015028336;Priority 3;OK
FUN;LAT;FUN;INC;OK;INC000015028474;Priority 3;OK
L1;MNT;L1 ;INC;OK;INC000015028994;Priority 3;OK
OPS;EDS;OPS;HK;OK;INC000015029887;Priority 3;OK
CNC;MNT;CNC;SR;OK;INC000015030077;Priority 4;OK
CNC;812;CNC;INC;OK;INC000015030430;Priority 3;OK
DBA;MNT;L1 ;INC;OK;INC000015031068;Priority 3;OK
CNC;DCF;FUN;INC;OK;INC000015032195;Priority 4;OK
L1;BWI;L1 ;SR;OK;INC000015032381;Priority 4;OK
CNC;MNT;L1 ;INC;OK;INC000015032412;Priority 4;OK
APS;LAT;FUN;SR;OK;INC000015032551;Priority 4;OK
APS;LAT;FUN;INC;OK;INC000015032844;Priority 4;OK
FUN;812;FUN;INC;OK;INC000015033689;Priority 3;OK
L1;BWI;L1 ;INC;OK;INC000015034846;Priority 3;OK
OPS;EMS;OPS;HK;OK;INC000015035406;Priority 3;OK
OPS;EDS;OPS;HK;OK;INC000015035411;Priority 4;OK
TEC;DCF;FUN;INC;OK;INC000015037384;Priority 3;OK
OPS;EDS;OPS;HK;OK;INC000015037454;Priority 4;OK
SEC;812;SEC;INC;OK;INC000015037735;Priority 4;OK
FUN;812;FUN;INC;OK;INC000015038254;Priority 4;OK
FIN;812;FUN;INC;OK;INC000015038686;Priority 4;OK
FIN;812;INS;INC;OK;INC000015038908;Priority 4;OK
FIN;812;FUN;INC;OK;INC000015039711;Priority 4;OK
FUN;812;FUN;INC;Defect;INC000015039721;Priority 4;OK
FIN;812;FUN;INC;OK;INC000015039740;Priority 4;OK
FUN;BWI;FUN;INC;OK;INC000015040432;Priority 4;OK
CNC;ETH;TEC;INC;OK;INC000015040743;Priority 4;OK
FUN;812;FUN;INC;OK;INC000015041374;Priority 4;OK
CNC;DXE;CNC;INC;OK;INC000015041927;Priority 4;OK
CNC;ETH;CNC;INC;OK;INC000015041943;Priority 4;OK
FUN;BWI;FUN;INC;OK;INC000015043055;Priority 4;OK
APS;EES;APS;INC;OK;INC000015043362;Priority 4;OK
FUN;812;FUN;INC;OK;INC000015043823;Priority 4;OK
FUN;WS;FUN;INC;OK;INC000015044147;Priority 4;OK
L1;812;MON;SR;OK;INC000015044194;Priority 4;OK
FUN;812;FUN;INC;OK;INC000015044216;Priority 4;OK
FUN;812;FUN;INC;OK;INC000015044236;Priority 4;OK
FUN;WS;FUN;INC;OK;INC000015044526;Priority 4;OK
CNC;ETH;TEC;INC;OK;INC000015044582;Priority 4;OK
FIN;812;FUN;INC;OK;INC000015045104;Priority 4;OK
FUN;812;FUN;INC;OK;INC000015046088;Priority 4;OK
FUN;BWI;FUN;INC;OK;INC000015046526;Priority 4;OK
FIN;812;FUN;INC;OK;INC000015046585;Priority 4;OK
APS;ETH;APS;INC;OK;INC000015046599;Priority 4;OK
LEAD;DCF;FUN;INC;Defect;INC000015047372;Priority 4;OK
FUN;EES;FUN;INC;OK;INC000015047388;Priority 4;OK
L1;BWI;L1 ;INC;OK;INC000015047501;Priority 4;OK
L1;EES;CNC;INC;OK;INC000015047863;Priority 4;OK
L1;BWI;L1 ;INC;OK;INC000015048665;Priority 4;OK
FUN;WS;FUN;INC;OK;INC000015049193;Priority 4;OK
APS;DCF;APS;INC;OK;INC000015049249;Priority 4;OK
FUN;DCF;FUN;INC;OK;INC000015049254;Priority 4;OK
L1;BWI;L1 ;INC;OK;INC000015049408;Priority 4;OK
FIN;DCF;FUN;INC;OK;INC000015049849;Priority 4;OK
FIN;812;FUN;INC;OK;INC000015049928;Priority 4;OK
FIN;812;FUN;INC;OK;INC000015050527;Priority 4;OK
FIN;LAT;FUN;INC;OK;INC000015050874;Priority 4;OK
FUN;MNT;FUN;INC;Defect;INC000015051344;Priority 4;OK
SEC;DCF;SEC;SR;OK;INC000015051445;Priority 4;OK
SEC;DCF;SEC;SR;OK;INC000015051490;Priority 4;OK
FUN;DCF;SEC;SR;OK;INC000015051518;Priority 4;OK
APS;DCF;APS;INC;OK;INC000015051682;Priority 4;OK
OPS;EDS;OPS;HK;OK;INC000015053563;Priority 4;OK
L1;MNT;MON;SR;OK;INC000015053640;Priority 4;OK
LAT;LAT;FUN;INC;OK;INC000015053671;Priority 4;OK
L1;MNT;MON;SR;OK;INC000015054233;Priority 4;OK
FUN;812;FUN;INC;OK;INC000015054454;Priority 4;OK
FIN;812;FUN;INC;OK;INC000015054897;Priority 4;OK
SEC;DCF;SEC;SR;OK;INC000015055520;Priority 4;OK
FUN;BWI;FUN;SR;Defect;INC000015056069;Priority 4;OK
FUN;DCF;SEC;SR;OK;INC000015056372;Priority 4;OK
FIN;812;FUN;INC;OK;INC000015056481;Priority 4;OK
CNC;ETH;CNC;INC;OK;INC000015056827;Priority 4;OK
FUN;BWI;FUN;INC;OK;INC000015057639;Priority 4;OK
FUN;812;FUN;INC;OK;INC000015059216;Priority 4;OK
FIN;812;FUN;INC;OK;INC000015059653;Priority 4;OK
FIN;812;FUN;INC;OK;INC000015060002;Priority 4;OK
FIN;812;FUN;INC;OK;INC000015060323;Priority 4;OK
SEC;ETH;SEC;INC;OK;INC000015060338;Priority 4;OK
FUN;DCF;FUN;INC;OK;INC000015060830;Priority 4;OK
FUN;EES;FUN;INC;OK;INC000015060839;Priority 4;OK
FUN;LAT;FUN;INC;OK;INC000015061084;Priority 4;OK
FUN;BWI;FUN;INC;OK;INC000015061144;Priority 4;OK
L1;812;MON;SR;OK;INC000015061704;Priority 4;OK
OPS;EMS;OPS;HK;OK;INC000015063952;Priority 4;OK
OPS;OXE;CNC;HK;OK;INC000015064162;Priority 4;OK
L1;DPY;MON;INC;OK;INC000015064558;Priority 4;OK
L1;MNT;MON;SR;OK;INC000015066232;Priority 4;OK
OPS;OXE;CNC;INC;OK;INC000015066460;Priority 3;OK
OPS;EDS;OPS;HK;OK;INC000015067041;Priority 4;OK
OPS;EDS;OPS;HK;OK;INC000015067515;Priority 4;OK
FUN;DCF;FUN;INC;Defect;INC000015067594;Priority 3;OK
APS;ETH;APS;INC;OK;INC000015068051;Priority 3;OK
FUN;DCF;SEC;SR;OK;INC000015068715;Priority 4;OK
FUN;LAT;FUN;INC;OK;INC000015069172;Priority 3;OK
FUN;BWI;FUN;INC;OK;INC000015069781;Priority 4;OK
SEC;DCF;SEC;SR;OK;INC000015070131;Priority 4;OK
FUN;BWI;FUN;INC;OK;INC000015070209;Priority 4;OK
CNC;ETH;CNC;INC;OK;INC000015070232;Priority 4;OK
L1;BWI;L1 ;INC;OK;INC000015071110;Priority 3;OK
L1;BWI;L1 ;INC;OK;INC000015072212;Priority 4;OK
L1;MNT;MON;SR;OK;INC000015072248;Priority 3;OK
L1;812;MON;INC;OK;INC000015072812;Priority 4;OK
FUN;812;FUN;INC;OK;INC000015073010;Priority 4;OK
FUN;812;FUN;INC;OK;INC000015073294;Priority 4;OK
TEC;DCF;FUN;INC;OK;INC000015073527;Priority 3;OK
OPS;OXE;CNC;INC;OK;INC000015073586;Priority 3;OK
FIN;812;FUN;INC;OK;INC000015073712;Priority 3;OK
FUN;DCF;FUN;SR;OK;INC000015073879;Priority 3;OK
FIN;812;FUN;INC;OK;INC000015073890;Priority 4;OK
FIN;812;FUN;INC;OK;INC000015074136;Priority 4;OK
FUN;DCF;FUN;INC;OK;INC000015074248;Priority 3;OK
FIN;DXE;FUN;INC;OK;INC000015074530;Priority 4;OK
FIN;812;FUN;INC;OK;INC000015074572;Priority 4;OK
SEC;WS;SEC;SR;OK;INC000015074585;Priority 3;OK
FIN;MNT;FUN;INC;OK;INC000015074697;Priority 3;OK
FUN;LAT;FUN;INC;OK;INC000015074963;Priority 4;OK
FUN;812;FUN;INC;Defect;INC000015075349;Priority 4;OK
TEC;DCF;FUN;INC;OK;INC000015075351;Priority 3;OK
TEC;DCF;FUN;INC;OK;INC000015075628;Priority 4;OK
CNC;812;CNC;INC;OK;INC000015075724;Priority 4;OK
FUN;812;FUN;INC;OK;INC000015075763;Priority 4;OK
FUN;BWI;FUN;INC;Defect;INC000015076196;Priority 4;OK
FUN;LAT;FUN;INC;OK;INC000015076290;Priority 3;OK
TEC;DCF;FUN;INC;OK;INC000015076296;Priority 3;OK
FUN;812;FUN;INC;OK;INC000015076972;Priority 3;OK
LAT;LAT;FUN;INC;Defect;INC000015077474;Priority 4;OK
L1;BWI;MON;INC;OK;INC000015077691;Priority 3;OK
L1;BWI;L1 ;INC;OK;INC000015077866;Priority 3;OK
FUN;LAT;FUN;SR;OK;INC000015077878;Priority 4;OK
OPS;EDS;OPS;HK;OK;INC000015078034;Priority 4;OK
FUN;812;FUN;INC;OK;INC000015078622;Priority 4;OK
FIN;812;FUN;INC;OK;INC000015078712;Priority 4;OK
FIN;812;FUN;INC;OK;INC000015078908;Priority 4;OK
APS;DCF;APS;INC;OK;INC000015079763;Priority 3;OK
FIN;812;FUN;INC;OK;INC000015080063;Priority 3;OK
DCF;DCF;FUN;INC;OK;INC000015080546;Priority 4;OK
DCF;DCF;FUN;INC;OK;INC000015080622;Priority 4;OK
FUN;DCF;SEC;SR;OK;INC000015080678;Priority 3;OK
FIN;812;FUN;INC;OK;INC000015080714;Priority 3;OK
FUN;BWI;FUN;INC;OK;INC000015080848;Priority 3;OK
FUN;WS;FUN;INC;OK;INC000015080860;Priority 4;OK
FUN;812;FUN;INC;Defect;INC000015081037;Priority 4;OK
SEC;DCF;SEC;SR;OK;INC000015081044;Priority 4;OK
FUN;BWI;FUN;INC;OK;INC000015081064;Priority 3;OK
LAT;LAT;FUN;INC;OK;INC000015081081;Priority 3;OK
OPS;EDS;OPS;INC;OK;INC000015081143;Priority 3;OK
FUN;LAT;FUN;INC;OK;INC000015081903;Priority 4;OK
CNC;LAT;CNC;INC;OK;INC000015081985;Priority 4;OK
FUN;BWI;FUN;INC;OK;INC000015081986;Priority 4;OK
CNC;BWI;L1 ;INC;OK;INC000015082216;Priority 3;OK
FUN;BWI;FUN;INC;OK;INC000015082282;Priority 4;OK
FUN;EES;FUN;INC;OK;INC000015082322;Priority 4;OK
FUN;LAT;FUN;INC;OK;INC000015082518;Priority 3;OK
FUN;LAT;FUN;INC;OK;INC000015082767;Priority 3;OK
LAT;LAT;FUN;INC;OK;INC000015082775;Priority 3;OK
FUN;ETH;FUN;INC;OK;INC000015083412;Priority 4;OK
CNC;812;CNC;INC;OK;INC000015083641;Priority 4;OK
FIN;812;FUN;INC;OK;INC000015083697;Priority 3;OK
FIN;812;FUN;INC;OK;INC000015083798;Priority 3;OK
OPS;EDS;OPS;HK;OK;INC000015083808;Priority 4;OK
FIN;DCF;FUN;INC;OK;INC000015083845;Priority 4;OK
FUN;EMS;FUN;INC;OK;INC000015083979;Priority 4;OK
FIN;DXE;FUN;INC;OK;INC000015084086;Priority 4;OK
FIN;812;FUN;INC;OK;INC000015084458;Priority 4;OK
CNC;812;CNC;INC;OK;INC000015085107;Priority 4;OK
L1;BWI;L1 ;INC;OK;INC000015085396;Priority 4;OK
FUN;812;FUN;INC;OK;INC000015085516;Priority 3;OK
LAT;LAT;FUN;INC;OK;INC000015085781;Priority 4;OK
FUN;BWI;FUN;INC;OK;INC000015085829;Priority 4;OK
FUN;LAT;FUN;INC;OK;INC000015085923;Priority 4;OK
CNC;EES;CNC;INC;OK;INC000015086146;Priority 4;OK
FUN;EES;FUN;INC;OK;INC000015086264;Priority 4;OK
L1;BWI;L1 ;INC;OK;INC000015086655;Priority 4;OK
L1;BWI;L1 ;SR;OK;INC000015086824;Priority 4;OK
L1;BWI;L1 ;INC;OK;INC000015086922;Priority 4;OK
L1;BWI;L1 ;INC;OK;INC000015086951;Priority 4;OK
L1;BWI;L1 ;INC;OK;INC000015087049;Priority 4;OK
FUN;MNT;FUN;INC;OK;INC000015087584;Priority 3;OK
FUN;812;FUN;INC;OK;INC000015088120;Priority 3;OK
FIN;812;FUN;INC;OK;INC000015089009;Priority 4;OK
FIN;812;FUN;INC;OK;INC000015089058;Priority 4;OK
FUN;812;FUN;INC;OK;INC000015089093;Priority 3;OK
CNC;812;CNC;INC;OK;INC000015089095;Priority 3;OK
FUN;812;FUN;INC;OK;INC000015089148;Priority 4;OK
FUN;812;FUN;INC;OK;INC000015089232;Priority 3;OK
LAT;LAT;FUN;INC;OK;INC000015089473;Priority 3;OK
FUN;ETH;FUN;INC;OK;INC000015089497;Priority 3;OK
FIN;812;FUN;INC;OK;INC000015089651;Priority 4;OK
FIN;812;FUN;INC;OK;INC000015089713;Priority 4;OK
FUN;DCF;FUN;INC;OK;INC000015089792;Priority 4;OK
FUN;812;FUN;INC;OK;INC000015090040;Priority 3;OK
FUN;812;FUN;INC;Defect;INC000015090146;Priority 3;OK
LAT;LAT;FUN;INC;OK;INC000015090372;Priority 3;OK
L1;BWI;L1 ;INC;OK;INC000015090452;Priority 4;OK
APS;DCF;APS;INC;OK;INC000015090476;Priority 4;OK
L1;BWI;L1 ;INC;OK;INC000015090487;Priority 3;OK
L1;BWI;L1 ;INC;OK;INC000015091425;Priority 4;OK
DCF;DCF;FUN;INC;OK;INC000015091730;Priority 4;OK
FUN;BWI;FUN;INC;OK;INC000015091965;Priority 4;OK
CNC;DCF;CNC;INC;OK;INC000015092284;Priority 4;OK
FIN;812;FUN;INC;OK;INC000015092552;Priority 4;OK
FIN;812;FUN;INC;OK;INC000015092568;Priority 4;OK
FIN;812;FUN;INC;OK;INC000015092712;Priority 4;OK
FIN;812;FUN;INC;OK;INC000015092787;Priority 4;OK
FIN;812;FUN;INC;OK;INC000015092816;Priority 4;OK
FIN;812;FUN;INC;OK;INC000015092847;Priority 4;OK
FUN;DCF;SEC;SR;OK;INC000015092858;Priority 3;OK
L1;BWI;L1 ;INC;OK;INC000015093414;Priority 4;OK
OPS;EDS;OPS;HK;OK;INC000015093782;Priority 3;OK
OPS;EDS;OPS;HK;OK;INC000015094192;Priority 4;OK
CNC;MNT;CNC;INC;OK;INC000015095175;Priority 3;OK
L1;MNT;MON;SR;OK;INC000015095641;Priority 4;OK
FIN;DCF;FUN;INC;OK;INC000015095842;Priority 4;OK
FIN;DCF;FUN;INC;OK;INC000015095941;Priority 4;OK
FIN;DCF;FUN;INC;OK;INC000015096040;Priority 4;OK
FUN;812;FUN;INC;OK;INC000015096073;Priority 3;OK
APS;ETH;APS;INC;OK;INC000015096139;Priority 3;OK
FIN;812;FUN;INC;OK;INC000015096227;Priority 4;OK
FUN;812;FUN;INC;OK;INC000015096527;Priority 4;OK
FIN;DXE;FUN;INC;OK;INC000015096557;Priority 4;OK
FIN;812;FUN;INC;OK;INC000015096927;Priority 4;OK
FUN;DCF;FUN;INC;OK;INC000015097076;Priority 3;OK
CNC;812;CNC;INC;OK;INC000015097123;Priority 4;OK
SCH;BWI;SCH;INC;OK;INC000015097214;Priority 3;OK
FIN;812;FUN;INC;OK;INC000015097568;Priority 4;OK
FUN;812;FUN;INC;OK;INC000015097710;Priority 4;OK
FIN;812;FUN;INC;OK;INC000015097762;Priority 4;OK
L1;812;MON;SR;OK;INC000015097937;Priority 4;OK
FUN;812;FUN;INC;OK;INC000015097994;Priority 3;OK
FUN;DCF;FUN;INC;OK;INC000015098200;Priority 4;OK
SCH;LAT;SCH;INC;OK;INC000015098275;Priority 3;OK
CNC;DCF;CNC;INC;OK;INC000015098581;Priority 3;OK
FUN;ETH;FUN;INC;OK;INC000015098973;Priority 4;OK
FUN;LAT;FUN;INC;OK;INC000015099976;Priority 3;OK
FUN;812;FUN;INC;OK;INC000015101333;Priority 4;OK
OPS;EMS;OPS;HK;OK;INC000015101343;Priority 3;OK
OPS;EDS;OPS;SR;OK;INC000015101632;Priority 3;OK
SEC;812;SEC;INC;OK;INC000015102177;Priority 3;OK
TEC;DCF;FUN;INC;OK;INC000015102722;Priority 3;OK
FUN;WS;FUN;INC;OK;INC000015103230;Priority 4;OK
APS;ETH;APS;INC;OK;INC000015103630;Priority 4;OK
APS;LAT;FUN;INC;OK;INC000015103896;Priority 3;OK
LAT;LAT;FUN;INC;OK;INC000015104027;Priority 4;OK
FUN;ETH;FUN;INC;OK;INC000015104277;Priority 3;OK
L1;BWI;L1 ;INC;OK;INC000015104502;Priority 4;OK
OPS;OXE;CNC;HK;OK;INC000015105423;Priority 3;OK
APS;ETH;APS;INC;OK;INC000015106037;Priority 4;OK
FUN;BWI;FUN;INC;OK;INC000015106618;Priority 4;OK
TEC;DCF;FUN;INC;OK;INC000015106841;Priority 4;OK
FIN;DCF;FUN;INC;OK;INC000015106900;Priority 4;OK
CNC;DCF;CNC;INC;OK;INC000015107602;Priority 3;OK
SEC;DCF;SEC;SR;Defect;INC000015107785;Priority 3;OK
FUN;ETH;FUN;INC;OK;INC000015107819;Priority 4;OK
L1;812;MON;SR;OK;INC000015108300;Priority 3;OK
FIN;812;FUN;INC;OK;INC000015108534;Priority 4;OK
FUN;LAT;FUN;INC;OK;INC000015108628;Priority 4;OK
TEC;DCF;FUN;INC;OK;INC000015108788;Priority 3;OK
L1;BWI;L1 ;INC;OK;INC000015108893;Priority 3;OK
FUN;WS;FUN;INC;OK;INC000015108925;Priority 3;OK
FUN;BWI;FUN;INC;OK;INC000015109211;Priority 4;OK
SEC;DCF;SEC;SR;OK;INC000015109297;Priority 4;OK
CNC;MNT;CNC;INC;OK;INC000015109414;Priority 4;OK
FUN;ETH;FUN;INC;OK;INC000015109442;Priority 4;OK
FUN;BWI;FUN;INC;OK;INC000015109684;Priority 4;OK
L1;BWI;L1 ;INC;OK;INC000015109966;Priority 3;OK
CNC;DXE;CNC;INC;OK;INC000015111358;Priority 3;OK
L1;BWI;L1 ;INC;OK;INC000015111374;Priority 4;OK
FUN;WS;FUN;INC;OK;INC000015111377;Priority 4;OK
FIN;DCF;FUN;INC;OK;INC000015111480;Priority 3;OK
FUN;812;FUN;INC;Defect;INC000015111517;Priority 4;OK
FIN;812;FUN;INC;OK;INC000015111931;Priority 4;OK
FIN;812;FUN;INC;OK;INC000015111957;Priority 4;OK
L1;BWI;L1 ;INC;OK;INC000015112845;Priority 3;OK
L1;BWI;L1 ;INC;OK;INC000015113060;Priority 4;OK
FUN;DCF;SEC;SR;OK;INC000015113291;Priority 3;OK
FUN;LAT;FUN;INC;OK;INC000015113551;Priority 4;OK
L1;BWI;L1 ;INC;OK;INC000015113661;Priority 4;OK
FUN;DCF;SEC;SR;OK;INC000015113911;Priority 3;OK
FUN;BWI;FUN;SR;OK;INC000015114156;Priority 4;OK
APS;LAT;FUN;SR;OK;INC000015114655;Priority 3;OK
CNC;812;L1 ;SR;OK;INC000015115568;Priority 3;OK
APS;ETH;APS;INC;OK;INC000015115748;Priority 3;OK
FUN;DCF;FUN;SR;OK;INC000015116217;Priority 3;OK
FIN;812;FUN;INC;OK;INC000015116373;Priority 4;OK
FUN;DCF;FUN;INC;OK;INC000015116506;Priority 3;OK
L1;BWI;L1 ;INC;OK;INC000015116806;Priority 4;OK
FUN;BWI;FUN;INC;OK;INC000015117332;Priority 3;OK
FIN;812;INS;INC;OK;INC000015117575;Priority 4;OK
FIN;812;INS;INC;OK;INC000015117642;Priority 4;OK
L1;BWI;L1 ;INC;OK;INC000015117788;Priority 3;OK
L1;BWI;L1 ;INC;OK;INC000015117897;Priority 4;OK
APS;LAT;FUN;SR;OK;INC000015118051;Priority 3;OK
TEC;DCF;FUN;INC;OK;INC000015118448;Priority 3;OK
L1;BWI;L1 ;INC;OK;INC000015118455;Priority 4;OK
L1;BWI;L1 ;INC;OK;INC000015118710;Priority 3;OK
FUN;BWI;FUN;INC;OK;INC000015118727;Priority 3;OK
FUN;BWI;FUN;INC;OK;INC000015118747;Priority 4;OK
FUN;BWI;FUN;INC;OK;INC000015118803;Priority 4;OK
L1;BWI;L1 ;INC;OK;INC000015118867;Priority 4;OK
L1;BWI;L1 ;INC;OK;INC000015118967;Priority 3;OK
APS;LAT;FUN;SR;OK;INC000015118968;Priority 3;OK
FUN;MNT;FUN;INC;OK;INC000015119111;Priority 3;OK
L1;BWI;L1 ;INC;OK;INC000015119888;Priority 4;OK
OPS;EMS;OPS;HK;OK;INC000015120528;Priority 4;OK
OPS;EMS;OPS;HK;OK;INC000015121149;Priority 4;OK
OPS;EDS;OPS;HK;OK;INC000015121939;Priority 4;OK
FIN;812;FUN;INC;OK;INC000015123057;Priority 4;OK
FUN;DXE;FUN;INC;OK;INC000015123121;Priority 3;OK
L1;812;MON;HK;OK;INC000015123275;Priority 4;OK
FIN;DCF;FUN;INC;OK;INC000015123398;Priority 4;OK
FUN;812;FUN;INC;OK;INC000015123636;Priority 3;OK
OPS;EDS;OPS;HK;OK;INC000015123732;Priority 4;OK
CNC;DCF;CNC;INC;OK;INC000015123853;Priority 3;OK
TEC;DCF;FUN;INC;OK;INC000015123886;Priority 3;OK
FIN;DXE;FUN;INC;OK;INC000015123904;Priority 3;OK
FUN;DCF;FUN;INC;OK;INC000015123960;Priority 3;OK
FIN;812;FUN;INC;OK;INC000015123995;Priority 4;OK
OPS;OXE;CNC;HK;OK;INC000015124086;Priority 4;OK
FUN;LAT;FUN;SR;OK;INC000015124250;Priority 3;OK
FUN;812;FUN;INC;OK;INC000015124430;Priority 3;OK
FUN;DCF;FUN;INC;OK;INC000015124581;Priority 4;OK
FIN;812;FUN;INC;OK;INC000015124656;Priority 4;OK
FUN;BWI;FUN;INC;OK;INC000015124706;Priority 3;OK
APS;ETH;APS;INC;OK;INC000015124740;Priority 3;OK
FUN;DCF;FUN;SR;OK;INC000015125206;Priority 3;OK
FUN;DCF;SEC;SR;OK;INC000015125289;Priority 3;OK
FIN;DCF;FUN;INC;OK;INC000015126154;Priority 4;OK
FUN;BWI;FUN;INC;OK;INC000015126435;Priority 3;OK
L1;BWI;L1 ;INC;OK;INC000015126495;Priority 4;OK
FUN;DCF;SEC;SR;OK;INC000015126652;Priority 3;OK
CNC;DCF;CNC;INC;OK;INC000015126805;Priority 3;OK
APS;ETH;APS;INC;OK;INC000015127088;Priority 4;OK
FUN;BWI;FUN;INC;OK;INC000015127102;Priority 4;OK
TEC;DCF;FUN;INC;OK;INC000015127149;Priority 3;OK
L1;BWI;L1 ;SR;OK;INC000015127491;Priority 4;OK
APS;ETH;APS;INC;OK;INC000015129421;Priority 4;OK
FUN;812;FUN;INC;OK;INC000015129709;Priority 3;OK
OPS;EDS;OPS;HK;OK;INC000015130390;Priority 3;OK
FIN;812;FUN;INC;OK;INC000015130664;Priority 4;OK
FUN;DCF;SEC;SR;OK;INC000015130885;Priority 4;OK
FIN;DCF;FUN;INC;OK;INC000015131406;Priority 3;OK
FIN;DXE;FUN;INC;OK;INC000015131591;Priority 4;OK
CNC;812;CNC;INC;OK;INC000015133569;Priority 3;OK
FIN;812;FUN;INC;OK;INC000015134601;Priority 4;OK
LAT;LAT;FUN;INC;OK;INC000015135099;Priority 3;OK
APS;ETH;APS;INC;OK;INC000015135436;Priority 4;OK
APS;ETH;APS;INC;OK;INC000015135439;Priority 4;OK
L1;BWI;L1 ;INC;OK;INC000015135685;Priority 3;OK
FUN;DCF;SEC;SR;Defect;INC000015135850;Priority 3;OK
APS;ETH;APS;INC;OK;INC000015135930;Priority 4;OK
APS;ETH;APS;INC;OK;INC000015136102;Priority 4;OK
CNC;812;CNC;INC;OK;INC000015136958;Priority 3;OK
OPS;EDS;OPS;HK;OK;INC000015136973;Priority 3;OK
L1;MNT;MON;SR;OK;INC000015137032;Priority 4;OK
FUN;812;FUN;INC;OK;INC000015138078;Priority 4;OK
FUN;DXE;FUN;INC;OK;INC000015138257;Priority 4;OK
FUN;812;FUN;INC;OK;INC000015138273;Priority 4;OK
L1;812;MON;SR;OK;INC000015138425;Priority 4;OK
FUN;DCF;SEC;SR;OK;INC000015138436;Priority 4;OK
CNC;812;L1 ;INC;OK;INC000015138472;Priority 4;OK
FUN;DCF;SEC;SR;OK;INC000015138597;Priority 3;OK
TEC;DCF;FUN;INC;OK;INC000015138989;Priority 2;OK
FUN;LAT;FUN;SR;OK;INC000015139996;Priority 4;OK
FUN;LAT;FUN;INC;OK;INC000015140056;Priority 3;OK
FUN;LAT;FUN;INC;OK;INC000015140379;Priority 3;OK
FIN;DCF;FUN;SR;OK;INC000015140522;Priority 3;OK
L1;BWI;L1 ;INC;OK;INC000015140546;Priority 3;OK
L1;BWI;L1 ;INC;OK;INC000015140920;Priority 3;OK
CNC;DCF;CNC;INC;OK;INC000015141221;Priority 3;OK
L1;BWI;L1 ;INC;OK;INC000015141342;Priority 3;OK
FUN;DCF;FUN;INC;OK;INC000015141463;Priority 3;OK
OPS;EMS;OPS;HK;OK;INC000015141633;Priority 3;OK
CNC;OXE;CNC;INC;OK;INC000015142776;Priority 3;OK
FUN;EDS;FUN;INC;OK;INC000015143033;Priority 3;OK
FIN;DCF;FUN;INC;OK;INC000015143654;Priority 4;OK
FUN;DXE;FUN;INC;OK;INC000015143768;Priority 4;OK
CNC;ETH;TEC;INC;OK;INC000015144018;Priority 4;OK
FUN;ETH;FUN;INC;OK;INC000015144178;Priority 3;OK
FIN;812;FUN;INC;OK;INC000015145830;Priority 4;OK
APS;ETH;APS;INC;OK;INC000015146161;Priority 4;OK
APS;ETH;APS;INC;OK;INC000015146162;Priority 4;OK
APS;ETH;APS;INC;OK;INC000015146166;Priority 4;OK
APS;ETH;APS;INC;OK;INC000015146168;Priority 4;OK
APS;ETH;APS;INC;OK;INC000015146169;Priority 4;OK
L1;BWI;L1 ;INC;OK;INC000015146342;Priority 3;OK
CNC;BWI;CNC;INC;OK;INC000015146453;Priority 4;OK
OPS;EDS;OPS;HK;OK;INC000015147529;Priority 3;OK
FIN;812;FUN;INC;OK;INC000015148071;Priority 4;OK
FIN;812;FUN;INC;OK;INC000015148264;Priority 4;OK
OPS;EMS;OPS;HK;OK;INC000015148798;Priority 3;OK
SEC;EES;FUN;SR;OK;INC000015148808;Priority 3;OK
CNC;MNT;CNC;INC;OK;INC000015148977;Priority 4;OK
FUN;BWI;FUN;INC;OK;INC000015149084;Priority 4;OK
APS;DCF;APS;INC;OK;INC000015149086;Priority 3;OK
FUN;EES;FUN;INC;OK;INC000015149175;Priority 4;OK
OPS;EMS;OPS;HK;OK;INC000015149432;Priority 3;OK
APS;EES;APS;INC;OK;INC000015149632;Priority 4;OK
TEC;DCF;FUN;INC;OK;INC000015150192;Priority 3;OK
FUN;ETH;FUN;INC;OK;INC000015150350;Priority 4;OK
APS;LAT;FUN;SR;OK;INC000015151206;Priority 4;OK
L1;BWI;L1 ;INC;OK;INC000015151786;Priority 4;OK
L1;MNT;MON;SR;OK;INC000015152134;Priority 4;OK
OPS;OXE;CNC;HK;OK;INC000015153007;Priority 4;OK
FUN;DCF;FUN;INC;OK;INC000015153497;Priority 4;OK
OPS;EDS;OPS;HK;OK;INC000015153555;Priority 3;OK
FUN;WS;FUN;INC;OK;INC000015153803;Priority 4;OK
OPS;OXE;CNC;HK;OK;INC000015153846;Priority 3;OK
OPS;EMS;OPS;HK;OK;INC000015155288;Priority 3;OK
CNC;812;CNC;INC;OK;INC000015156798;Priority 4;OK
CNC;OXE;CNC;INC;OK;INC000015156924;Priority 3;OK
FUN;DCF;FUN;INC;OK;INC000015156990;Priority 3;OK
FUN;WS;FUN;INC;OK;INC000015157694;Priority 3;OK
TEC;DCF;FUN;INC;OK;INC000015157706;Priority 3;OK
FIN;812;FUN;INC;OK;INC000015157971;Priority 4;OK
L1;BWI;L1 ;INC;OK;INC000015158250;Priority 4;OK
SCH;BWI;SCH;INC;OK;INC000015158750;Priority 4;OK
MNT;MNT;FUN;INC;OK;INC000015158801;Priority 4;OK
APS;LAT;FUN;SR;OK;INC000015159100;Priority 3;OK
L1;BWI;L1 ;INC;OK;INC000015159445;Priority 3;OK
L1;BWI;L1 ;INC;OK;INC000015159452;Priority 3;OK
L1;BWI;L1 ;INC;OK;INC000015159517;Priority 4;OK
FUN;BWI;FUN;INC;OK;INC000015159574;Priority 3;OK
FUN;LAT;FUN;INC;OK;INC000015160201;Priority 3;OK
FUN;LAT;FUN;INC;OK;INC000015160220;Priority 4;OK
OPS;EMS;OPS;HK;OK;INC000015161055;Priority 4;OK
OPS;EMS;OPS;HK;OK;INC000015161281;Priority 3;OK
FUN;812;FUN;INC;OK;INC000015161582;Priority 3;OK
DBA;812;DBA;SR;OK;INC000015163475;Priority 3;OK
FUN;DCF;SEC;SR;OK;INC000015163546;Priority 3;OK
FUN;LAT;FUN;INC;OK;INC000015163661;Priority 3;OK
L1;BWI;L1 ;INC;OK;INC000015164265;Priority 3;OK
FUN;MNT;FUN;INC;OK;INC000015164278;Priority 3;OK
OPS;EDS;OPS;HK;OK;INC000015164324;Priority 4;OK
FUN;BWI;FUN;INC;OK;INC000015164617;Priority 3;OK
FUN;ETH;FUN;INC;OK;INC000015164865;Priority 3;OK
L1;BWI;L1 ;INC;OK;INC000015165015;Priority 4;OK
L1;MNT;MON;SR;OK;INC000015165154;Priority 4;OK
L1;BWI;L1 ;INC;OK;INC000015165295;Priority 3;OK
FUN;BWI;FUN;INC;OK;INC000015165597;Priority 4;OK
CNC;BWI;L1 ;INC;OK;INC000015165972;Priority 3;OK
FUN;BWI;FUN;INC;OK;INC000015167001;Priority 4;OK
FIN;DCF;FUN;INC;OK;INC000015167067;Priority 4;OK
FIN;DCF;FUN;INC;OK;INC000015167144;Priority 4;OK
CNC;812;CNC;INC;OK;INC000015167319;Priority 3;OK
CNC;812;CNC;INC;OK;INC000015168054;Priority 3;OK
FUN;DCF;FUN;INC;OK;INC000015168100;Priority 3;OK
FIN;812;FUN;INC;OK;INC000015168406;Priority 4;OK
FUN;EES;FUN;INC;OK;INC000015168593;Priority 3;OK
FUN;812;FUN;INC;OK;INC000015168723;Priority 4;OK
L1;812;MON;INC;OK;INC000015168808;Priority 3;OK
FUN;DCF;SEC;SR;OK;INC000015169095;Priority 3;OK
FIN;812;FUN;INC;Defect;INC000015169422;Priority 4;OK
APS;EES;APS;INC;Defect;INC000015170700;Priority 4;OK
MNT;MNT;FUN;SR;OK;INC000015170796;Priority 4;OK
CNC;ETH;CNC;INC;OK;INC000015171248;Priority 3;OK
FIN;DCF;FUN;INC;OK;INC000015173025;Priority 4;OK
FUN;812;FUN;INC;OK;INC000015173278;Priority 4;OK
FUN;812;FUN;INC;Defect;INC000015173481;Priority 4;OK
FIN;812;FUN;INC;OK;INC000015173923;Priority 4;OK
L1;MNT;CNC;SR;OK;INC000015174883;Priority 4;OK
SEC;DCF;SEC;SR;Defect;INC000015175987;Priority 4;OK
CNC;DXE;CNC;INC;OK;INC000015176023;Priority 4;OK
FUN;BWI;FUN;SR;OK;INC000015176542;Priority 4;OK
FUN;812;FUN;INC;Defect;INC000015177660;Priority 4;OK
FUN;812;FUN;INC;Defect;INC000015178496;Priority 4;OK
FIN;DCF;FUN;INC;OK;INC000015178561;Priority 4;OK
FIN;812;FUN;INC;OK;INC000015178622;Priority 4;OK
FUN;BWI;FUN;INC;OK;INC000015178683;Priority 4;OK
APS;ETH;APS;INC;OK;INC000015178931;Priority 4;OK
FUN;BWI;FUN;INC;OK;INC000015179610;Priority 4;OK
FUN;812;FUN;INC;OK;INC000015181071;Priority 4;OK
L1;812;CNC;SR;OK;INC000015181621;Priority 4;OK
APS;EES;APS;INC;OK;INC000015184131;Priority 4;OK
APS;EES;APS;INC;OK;INC000015184245;Priority 4;OK
FIN;812;FUN;INC;OK;INC000015186124;Priority 4;OK
OPS;EDS;OPS;HK;OK;INC000015186784;Priority 4;OK
FIN;812;FUN;INC;OK;INC000015187273;Priority 4;OK
FIN;812;FUN;INC;OK;INC000015187498;Priority 4;OK
FIN;812;FUN;INC;OK;INC000015187845;Priority 4;OK
FIN;812;FUN;INC;OK;INC000015187920;Priority 4;OK
FIN;812;FUN;INC;OK;INC000015188628;Priority 4;OK
L1;BWI;L1 ;INC;OK;INC000015189644;Priority 4;OK
FUN;BWI;FUN;INC;OK;INC000015190036;Priority 4;OK
FUN;DXE;FUN;INC;OK;INC000015190414;Priority 4;OK
FIN;812;FUN;INC;OK;INC000015192081;Priority 4;OK
FUN;ETH;FUN;INC;OK;INC000015193799;Priority 4;OK
FUN;LAT;FUN;SR;OK;INC000015195066;Priority 4;OK
CNC;LAT;CNC;INC;OK;INC000015196408;Priority 4;OK
FUN;LAT;FUN;INC;OK;INC000015197391;Priority 4;OK
CNC;CAN;L1 ;INC;OK;INC000015197486;Priority 4;OK
L1;BWI;CNC;INC;OK;INC000015197544;Priority 4;OK
FUN;812;FUN;INC;OK;INC000015197861;Priority 4;OK
FUN;812;FUN;INC;OK;INC000015197959;Priority 3;OK
FUN;DCF;FUN;INC;OK;INC000015197979;Priority 3;OK
FIN;812;FUN;INC;OK;INC000015198105;Priority 3;OK
FUN;812;FUN;INC;OK;INC000015198152;Priority 3;OK
FUN;812;FUN;INC;OK;INC000015198372;Priority 3;OK
OPS;EDS;OPS;HK;OK;INC000015198469;Priority 3;OK
TEC;DCF;TEC;INC;OK;INC000015199266;Priority 3;OK
L1;BWI;L1 ;INC;OK;INC000015199388;Priority 3;OK
FIN;812;FUN;INC;OK;INC000015199582;Priority 4;OK
L1;BWI;L1 ;INC;OK;INC000015199661;Priority 3;OK
FIN;812;FUN;INC;OK;INC000015199664;Priority 4;OK
FIN;812;FUN;INC;OK;INC000015199876;Priority 3;OK
FIN;812;FUN;INC;OK;INC000015200015;Priority 4;OK
FUN;LAT;FUN;INC;OK;INC000015200573;Priority 3;OK
APS;LAT;FUN;SR;OK;INC000015200876;Priority 3;OK
L1;BWI;L1 ;INC;OK;INC000015200900;Priority 3;OK
APS;LAT;FUN;INC;OK;INC000015201635;Priority 3;OK
L1;BWI;L1 ;INC;OK;INC000015202401;Priority 3;OK
L1;BWI;L1 ;INC;OK;INC000015202632;Priority 4;OK
APS;ETH;APS;INC;OK;INC000015203032;Priority 3;OK
FUN;BWI;FUN;INC;OK;INC000015203577;Priority 4;OK
FIN;812;FUN;INC;OK;INC000015203818;Priority 4;OK
FUN;812;FUN;INC;OK;INC000015203911;Priority 4;OK
FUN;LAT;FUN;INC;OK;INC000015203983;Priority 3;OK
FIN;DXE;FUN;INC;OK;INC000015204036;Priority 4;OK
FIN;812;FUN;INC;OK;INC000015204139;Priority 4;OK
FUN;LAT;FUN;INC;OK;INC000015205085;Priority 3;OK
FIN;DXE;FUN;INC;OK;INC000015205249;Priority 4;OK
DCF;DCF;FUN;INC;OK;INC000015205308;Priority 3;OK
FUN;BWI;FUN;INC;OK;INC000015205390;Priority 4;OK
L1;BWI;L1 ;INC;OK;INC000015205490;Priority 3;OK
L1;BWI;L1 ;INC;OK;INC000015205787;Priority 3;OK
SCH;LAT;SCH;INC;OK;INC000015205874;Priority 3;OK
FUN;LAT;FUN;INC;OK;INC000015205974;Priority 3;OK
FUN;LAT;FUN;INC;OK;INC000015206081;Priority 3;OK
FUN;BWI;FUN;INC;OK;INC000015206093;Priority 4;OK
FUN;EES;FUN;INC;OK;INC000015206348;Priority 4;OK
APS;LAT;FUN;INC;OK;INC000015206470;Priority 4;OK
FUN;CAN;FUN;INC;OK;INC000015206551;Priority 3;OK
FUN;CAN;FUN;INC;OK;INC000015206572;Priority 3;OK
APS;LAT;FUN;SR;OK;INC000015206574;Priority 4;OK
CNC;BWI;L1 ;INC;OK;INC000015206795;Priority 3;OK
FIN;812;FUN;INC;OK;INC000015207927;Priority 4;OK
FIN;812;FUN;INC;OK;INC000015207942;Priority 4;OK
FUN;DCF;FUN;INC;OK;INC000015208241;Priority 3;OK
FIN;812;FUN;SR;OK;INC000015208755;Priority 3;OK
FUN;LAT;FUN;INC;OK;INC000015208962;Priority 3;OK
CNC;EES;CNC;INC;OK;INC000015209178;Priority 3;OK
FUN;LAT;FUN;INC;OK;INC000015209556;Priority 3;OK
FUN;DCF;SEC;SR;OK;INC000015210061;Priority 4;OK
SCH;LAT;SCH;INC;OK;INC000015210210;Priority 3;OK
FUN;ETH;FUN;INC;OK;INC000015210286;Priority 4;OK
L1;BWI;L1 ;INC;OK;INC000015210406;Priority 3;OK
FIN;LAT;FUN;INC;OK;INC000015210441;Priority 3;OK
L1;BWI;L1 ;INC;OK;INC000015210530;Priority 4;OK
L1;BWI;L1 ;SR;OK;INC000015210642;Priority 4;OK
L1;BWI;L1 ;INC;OK;INC000015210711;Priority 3;OK
MNT;MNT;FUN;SR;OK;INC000015210905;Priority 3;OK
L1;BWI;L1 ;INC;OK;INC000015210907;Priority 3;OK
SCH;LAT;SCH;INC;OK;INC000015211875;Priority 3;OK
SCH;LAT;SCH;INC;OK;INC000015211881;Priority 3;OK
CNC;812;CNC;INC;OK;INC000015212034;Priority 4;OK
FIN;812;FUN;INC;OK;INC000015212221;Priority 3;OK
FIN;812;FUN;INC;OK;INC000015212296;Priority 3;OK
FIN;812;FUN;INC;OK;INC000015212424;Priority 3;OK
APS;ETH;APS;INC;OK;INC000015213283;Priority 4;OK
OPS;EDS;OPS;HK;OK;INC000015213302;Priority 4;OK
OPS;EDS;OPS;HK;OK;INC000015213307;Priority 4;OK
OPS;EDS;OPS;HK;OK;INC000015213327;Priority 4;OK
FUN;DCF;FUN;INC;OK;INC000015214317;Priority 3;OK
CNC;BWI;L1 ;INC;OK;INC000015214401;Priority 3;OK
OPS;EDS;OPS;HK;OK;INC000015214556;Priority 3;OK
CNC;812;CNC;INC;OK;INC000015215327;Priority 3;OK
FIN;812;FUN;INC;OK;INC000015215563;Priority 3;OK
FUN;MNT;FUN;INC;OK;INC000015215973;Priority 3;OK
FUN;DCF;FUN;INC;OK;INC000015215991;Priority 3;OK
FUN;DCF;FUN;INC;OK;INC000015216011;Priority 3;OK
FIN;812;FUN;INC;OK;INC000015216137;Priority 3;OK
FIN;812;FUN;INC;OK;INC000015216381;Priority 4;OK
CNC;812;CNC;INC;OK;INC000015216416;Priority 3;OK
FUN;MNT;FUN;INC;OK;INC000015216486;Priority 3;OK
CNC;812;CNC;INC;OK;INC000015216707;Priority 3;OK
CNC;812;CNC;INC;OK;INC000015216754;Priority 4;OK
FUN;812;FUN;INC;OK;INC000015216770;Priority 3;OK
CNC;812;CNC;INC;OK;INC000015216863;Priority 3;OK
FUN;812;FUN;INC;OK;INC000015216889;Priority 4;OK
FIN;812;FUN;INC;OK;INC000015217374;Priority 4;OK
FUN;DCF;SEC;SR;OK;INC000015217465;Priority 4;OK
FUN;ETH;FUN;INC;OK;INC000015217635;Priority 3;OK
L1;BWI;L1 ;INC;OK;INC000015217716;Priority 4;OK
FIN;812;FUN;INC;OK;INC000015217718;Priority 4;OK
FUN;DCF;SEC;SR;OK;INC000015217793;Priority 3;OK
FIN;DCF;FUN;INC;OK;INC000015218059;Priority 4;OK
FIN;DCF;FUN;INC;OK;INC000015218063;Priority 3;OK
FUN;LAT;FUN;INC;OK;INC000015218287;Priority 3;OK
CNC;BWI;L1 ;INC;OK;INC000015218406;Priority 3;OK
MNT;MNT;FUN;SR;OK;INC000015218408;Priority 3;OK
FUN;CAN;FUN;INC;OK;INC000015218501;Priority 3;OK
FUN;BWI;FUN;INC;OK;INC000015218887;Priority 4;OK
APS;ETH;APS;INC;OK;INC000015219971;Priority 3;OK
L1;EMS;OPS;INC;OK;INC000015220084;Priority 4;OK
FIN;812;FUN;INC;OK;INC000015220190;Priority 4;OK
FIN;812;FUN;INC;OK;INC000015220409;Priority 4;OK
CNC;812;CNC;INC;OK;INC000015220429;Priority 4;OK
FUN;812;FUN;INC;OK;INC000015220810;Priority 3;OK
APS;DCF;APS;INC;OK;INC000015221271;Priority 4;OK
FIN;812;FUN;INC;OK;INC000015221273;Priority 4;OK
FIN;DXE;FUN;INC;OK;INC000015221484;Priority 3;OK
FIN;812;FUN;INC;OK;INC000015221803;Priority 4;OK
FUN;ETH;FUN;INC;OK;INC000015222682;Priority 3;OK
LAT;LAT;FUN;INC;OK;INC000015223725;Priority 4;OK
FUN;LAT;FUN;INC;OK;INC000015223840;Priority 4;OK
FUN;812;FUN;INC;OK;INC000015224041;Priority 3;OK
OPS;WS;CNC;HK;OK;INC000015225087;Priority 4;OK
L1;812;CNC;SR;OK;INC000015225661;Priority 4;OK
FUN;812;FUN;INC;OK;INC000015226460;Priority 4;OK
CNC;812;CNC;SR;OK;INC000015226475;Priority 4;OK
FIN;812;FUN;INC;OK;INC000015226660;Priority 4;OK
FUN;EDS;FUN;INC;OK;INC000015227258;Priority 4;OK
CNC;MNT;CNC;INC;OK;INC000015227654;Priority 4;OK
FUN;DXE;FUN;INC;OK;INC000015227709;Priority 4;OK
CNC;812;CNC;INC;OK;INC000015227728;Priority 4;OK
L1;BWI;CNC;INC;OK;INC000015227901;Priority 3;OK
L1;BWI;L1 ;INC;OK;INC000015227995;Priority 3;OK
CNC;812;CNC;INC;OK;INC000015228205;Priority 4;OK
APS;EES;APS;INC;OK;INC000015229205;Priority 3;OK
L1;BWI;L1 ;INC;OK;INC000015229342;Priority 3;OK
FUN;MNT;FUN;INC;OK;INC000015230575;Priority 4;OK
FUN;LAT;FUN;INC;OK;INC000015230594;Priority 3;OK
FUN;812;FUN;INC;OK;INC000015230642;Priority 3;OK
CNC;BWI;L1 ;INC;OK;INC000015230824;Priority 3;OK
FUN;ETH;FUN;INC;OK;INC000015231109;Priority 3;OK
CNC;812;CNC;INC;OK;INC000015232089;Priority 4;OK
SEC;812;SEC;SR;OK;INC000015232702;Priority 4;OK
FIN;812;INS;INC;Defect;INC000015232754;Priority 4;OK
TEC;DCF;TEC;INC;OK;INC000015233155;Priority 4;OK
FIN;LAT;FUN;INC;OK;INC000015233775;Priority 4;OK
L1;BWI;L1 ;INC;OK;INC000015233836;Priority 3;OK
FUN;DXE;FUN;INC;OK;INC000015233918;Priority 4;OK
FUN;LAT;FUN;INC;OK;INC000015233937;Priority 3;OK
OPS;EDS;OPS;HK;OK;INC000015234144;Priority 3;OK
FIN;812;FUN;INC;OK;INC000015234163;Priority 4;OK
FUN;BWI;FUN;INC;OK;INC000015234181;Priority 3;OK
FIN;DCF;FUN;INC;OK;INC000015234611;Priority 3;OK
OPS;EMS;OPS;HK;OK;INC000015234614;Priority 3;OK
FUN;ETH;FUN;INC;OK;INC000015236360;Priority 4;OK
L1;EES;CNC;INC;OK;INC000015236447;Priority 4;OK
CNC;BWI;L1 ;INC;OK;INC000015236505;Priority 3;OK
DBA;812;DBA;INC;OK;INC000015236640;Priority 3;OK
FUN;EMS;FUN;INC;OK;INC000015237513;Priority 4;OK
L1;MNT;CNC;SR;OK;INC000015237772;Priority 4;OK
FUN;812;FUN;INC;OK;INC000015238580;Priority 4;OK
FUN;812;FUN;INC;OK;INC000015238994;Priority 4;OK
FUN;ETH;FUN;INC;OK;INC000015239569;Priority 4;OK
TEC;DCF;TEC;INC;OK;INC000015239698;Priority 3;OK
FIN;812;FUN;INC;OK;INC000015239846;Priority 4;OK
FIN;812;FUN;INC;OK;INC000015239912;Priority 3;OK
L1;BWI;L1 ;INC;OK;INC000015240005;Priority 4;OK
FUN;ETH;FUN;INC;OK;INC000015240446;Priority 4;OK
CNC;812;CNC;INC;OK;INC000015240502;Priority 4;OK
L1;BWI;L1 ;INC;OK;INC000015240534;Priority 4;OK
TEC;DCF;TEC;INC;OK;INC000015240928;Priority 3;OK
L1;BWI;L1 ;INC;OK;INC000015240934;Priority 3;OK
TEC;DCF;TEC;INC;OK;INC000015241255;Priority 3;OK
SEC;EDS;SEC;INC;OK;INC000015241760;Priority 4;OK
CNC;LAT;CNC;INC;OK;INC000015242243;Priority 4;OK
CNC;LAT;CNC;INC;OK;INC000015243115;Priority 4;OK
OPS;EDS;OPS;HK;OK;INC000015243127;Priority 3;OK
OPS;EDS;OPS;HK;OK;INC000015243132;Priority 3;OK
OPS;EMS;OPS;HK;OK;INC000015243208;Priority 3;OK
FUN;812;FUN;INC;OK;INC000015246244;Priority 4;OK
FIN;DCF;FUN;INC;OK;INC000015246423;Priority 4;OK
FUN;WS;FUN;INC;OK;INC000015246619;Priority 4;OK
FIN;812;FUN;INC;OK;INC000015246709;Priority 3;OK
APS;DCF;APS;INC;OK;INC000015247272;Priority 4;OK
FUN;812;FUN;INC;OK;INC000015247301;Priority 3;OK
FIN;812;FUN;INC;OK;INC000015247592;Priority 4;OK
FUN;812;FUN;INC;OK;INC000015247766;Priority 3;OK
LEAD;DCF;FUN;SR;OK;INC000015248059;Priority 3;OK
TEC;DCF;TEC;INC;OK;INC000015248481;Priority 3;OK
FUN;ETH;FUN;INC;OK;INC000015248602;Priority 3;OK
FUN;BWI;FUN;INC;OK;INC000015248660;Priority 3;OK
FUN;DCF;FUN;INC;OK;INC000015249065;Priority 4;OK
FUN;ETH;FUN;INC;OK;INC000015249825;Priority 4;OK
FUN;812;FUN;INC;OK;INC000015250251;Priority 3;OK
FIN;812;FUN;INC;OK;INC000015252040;Priority 4;OK
FUN;DCF;FUN;INC;OK;INC000015252056;Priority 3;OK
FUN;DCF;FUN;SR;OK;INC000015252635;Priority 3;OK
FUN;812;FUN;INC;OK;INC000015252805;Priority 3;OK
CNC;BWI;SCH;INC;OK;INC000015252916;Priority 4;OK
SEC;812;SEC;SR;OK;INC000015252998;Priority 3;OK
FUN;812;FUN;INC;OK;INC000015253582;Priority 3;OK
FUN;BWI;FUN;INC;OK;INC000015253753;Priority 3;OK
FUN;812;FUN;INC;OK;INC000015254609;Priority 4;OK
L1;BWI;L1 ;INC;OK;INC000015254870;Priority 4;OK
APS;ETH;APS;INC;OK;INC000015254928;Priority 3;OK
APS;LAT;FUN;SR;OK;INC000015255097;Priority 3;OK
L1;812;CNC;SR;OK;INC000015255246;Priority 3;OK
APS;LAT;FUN;SR;OK;INC000015256140;Priority 4;OK
CNC;BWI;L1 ;INC;OK;INC000015256515;Priority 3;OK
CNC;ETH;CNC;INC;OK;INC000015257350;Priority 4;OK
FIN;DCF;FUN;INC;Defect;INC000015257642;Priority 3;OK
FIN;812;FUN;INC;OK;INC000015257713;Priority 3;OK
CNC;812;L1 ;INC;OK;INC000015258254;Priority 4;OK
FIN;812;FUN;INC;OK;INC000015258699;Priority 4;OK
FUN;BWI;FUN;INC;OK;INC000015258906;Priority 4;OK
FIN;812;FUN;INC;OK;INC000015258919;Priority 4;OK
FUN;LAT;FUN;INC;OK;INC000015259245;Priority 4;OK
FIN;DCF;FUN;INC;OK;INC000015259754;Priority 3;OK
CNC;ETH;TEC;INC;OK;INC000015260136;Priority 4;OK
FUN;ETH;FUN;INC;OK;INC000015260140;Priority 3;OK
APS;LAT;FUN;SR;OK;INC000015260197;Priority 3;OK
FUN;MNT;FUN;INC;OK;INC000015260330;Priority 3;OK
L1;BWI;L1 ;INC;OK;INC000015261081;Priority 4;OK
FUN;812;FUN;INC;OK;INC000015261434;Priority 3;OK
CNC;BWI;L1 ;INC;OK;INC000015261436;Priority 3;OK
CNC;BWI;SCH;INC;OK;INC000015261542;Priority 3;OK
OPS;EMS;OPS;HK;OK;INC000015261674;Priority 3;OK
CNC;ETH;TEC;INC;OK;INC000015262105;Priority 4;OK
FIN;812;FUN;INC;OK;INC000015262326;Priority 4;OK
L1;BWI;L1 ;INC;OK;INC000015263001;Priority 4;OK
FIN;812;FUN;INC;OK;INC000015263326;Priority 3;OK
FIN;812;FUN;INC;OK;INC000015263364;Priority 4;OK
CNC;MNT;CNC;INC;OK;INC000015263783;Priority 3;OK
FIN;812;FUN;INC;OK;INC000015264608;Priority 4;OK
FIN;BWI;FUN;INC;OK;INC000015265075;Priority 4;OK
FUN;BWI;FUN;INC;OK;INC000015265395;Priority 4;OK
CNC;BWI;L1 ;INC;OK;INC000015266564;Priority 3;OK
FUN;DCF;FUN;INC;OK;INC000015267969;Priority 3;OK
FUN;WS;FUN;INC;OK;INC000015268063;Priority 3;OK
FUN;ETH;FUN;INC;OK;INC000015268600;Priority 4;OK
CNC;ETH;TEC;INC;OK;INC000015268615;Priority 4;OK
CNC;812;CNC;INC;OK;INC000015268797;Priority 3;OK
L1;BWI;L1 ;INC;OK;INC000015269056;Priority 3;OK
SEC;SYN;SEC;INC;OK;INC000015269172;Priority 4;OK
DBA;812;DBA;INC;OK;INC000015269174;Priority 4;OK
APS;LAT;FUN;SR;OK;INC000015269251;Priority 3;OK
TEC;DCF;TEC;INC;OK;INC000015269475;Priority 3;OK
CNC;ETH;TEC;INC;OK;INC000015269797;Priority 4;OK
DCF;DCF;FUN;INC;OK;INC000015270069;Priority 4;OK
CNC;BWI;L1 ;INC;OK;INC000015270229;Priority 3;OK
CNC;BWI;L1 ;INC;OK;INC000015270285;Priority 3;OK
CNC;812;L1 ;INC;OK;INC000015270288;Priority 2;OK
CNC;BWI;L1 ;INC;OK;INC000015270321;Priority 3;OK
FUN;DCF;FUN;INC;OK;INC000015271041;Priority 4;OK
CNC;BWI;SCH;INC;OK;INC000015271931;Priority 4;OK
CNC;ETH;CNC;INC;OK;INC000015272049;Priority 3;OK
OPS;EDS;OPS;HK;OK;INC000015272262;Priority 3;OK
L1;BWI;L1 ;INC;OK;INC000015272863;Priority 3;OK
CNC;EES;CNC;INC;OK;INC000015273102;Priority 4;OK
APS;ETH;APS;INC;OK;INC000015274209;Priority 4;OK
OPS;EDS;OPS;HK;OK;INC000015274659;Priority 3;OK
FUN;MNT;FUN;INC;OK;INC000015274756;Priority 3;OK
TEC;DCF;TEC;INC;OK;INC000015274906;Priority 3;OK
FUN;DCF;SEC;SR;OK;INC000015275839;Priority 4;OK
FUN;DCF;FUN;INC;OK;INC000015276060;Priority 4;OK
FUN;DCF;FUN;SR;OK;INC000015276394;Priority 3;OK
FUN;DCF;FUN;INC;OK;INC000015276587;Priority 3;OK
FUN;EMS;FUN;INC;OK;INC000015276589;Priority 3;OK
TEC;DCF;TEC;INC;OK;INC000015277009;Priority 4;OK
CNC;DCF;CNC;SR;OK;INC000015277195;Priority 3;OK
FUN;LAT;FUN;INC;OK;INC000015277564;Priority 4;OK
FUN;EES;FUN;INC;OK;INC000015277779;Priority 4;OK
L1;BWI;L1 ;INC;OK;INC000015277815;Priority 3;OK
L1;BWI;L1 ;INC;OK;INC000015278044;Priority 3;OK
FUN;DCF;SEC;SR;OK;INC000015278053;Priority 3;OK
L1;BWI;L1 ;INC;OK;INC000015278359;Priority 4;OK
FUN;812;FUN;INC;OK;INC000015280374;Priority 3;OK
SEC;812;SEC;INC;OK;INC000015280564;Priority 3;OK
CNC;MNT;CNC;SR;OK;INC000015281163;Priority 4;OK
CNC;DCF;CNC;INC;OK;INC000015281487;Priority 3;OK
FUN;DCF;FUN;INC;OK;INC000015281546;Priority 3;OK
FUN;DCF;FUN;INC;OK;INC000015282176;Priority 3;OK
FUN;LAT;FUN;INC;OK;INC000015283628;Priority 4;OK
FUN;812;FUN;INC;OK;INC000015284686;Priority 3;OK
CNC;BWI;L1 ;INC;OK;INC000015284734;Priority 3;OK
FUN;BWI;FUN;INC;OK;INC000015284893;Priority 3;OK
OPS;EMS;OPS;HK;OK;INC000015285883;Priority 4;OK
L1;812;CNC;SR;OK;INC000015286945;Priority 4;OK
FUN;DCF;FUN;INC;OK;INC000015287916;Priority 3;OK
FUN;812;FUN;INC;OK;INC000015287995;Priority 3;OK
L1;BWI;L1 ;INC;OK;INC000015288769;Priority 4;OK
OPS;EMS;OPS;HK;OK;INC000015289276;Priority 3;OK
FUN;ETH;FUN;INC;OK;INC000015289674;Priority 3;OK
FUN;LAT;FUN;INC;OK;INC000015290268;Priority 4;OK
APS;DCF;APS;INC;OK;INC000015291002;Priority 4;OK
TEC;EMS;OPS;HK;OK;INC000015291151;Priority 3;OK
FUN;LAT;FUN;INC;OK;INC000015292496;Priority 4;OK
L1;BWI;L1 ;INC;OK;INC000015294419;Priority 4;OK
CNC;CAN;CNC;INC;OK;INC000015295396;Priority 3;OK
L1;BWI;L1 ;INC;OK;INC000015295568;Priority 3;OK
CNC;BWI;L1 ;INC;OK;INC000015295635;Priority 3;OK
FUN;LAT;FUN;INC;OK;INC000015297574;Priority 3;OK
TEC;DCF;TEC;INC;OK;INC000015298273;Priority 4;OK
FUN;DXE;FUN;INC;OK;INC000015298734;Priority 4;OK
FUN;LAT;FUN;INC;OK;INC000015299249;Priority 4;OK
FUN;LAT;FUN;INC;OK;INC000015299269;Priority 3;OK
FUN;812;FUN;INC;OK;INC000015299386;Priority 4;OK
CNC;BWI;L1 ;INC;OK;INC000015300138;Priority 3;OK
CNC;BWI;L1 ;INC;OK;INC000015300154;Priority 3;OK
FUN;LAT;FUN;INC;OK;INC000015300341;Priority 4;OK
DBA;812;DBA;INC;OK;INC000015300684;Priority 4;OK
DBA;812;DBA;INC;OK;INC000015300699;Priority 4;OK
DBA;812;DBA;INC;OK;INC000015300744;Priority 4;OK
DBA;812;DBA;INC;OK;INC000015300801;Priority 4;OK
CNC;812;CNC;INC;OK;INC000015301373;Priority 4;OK
OPS;EDS;OPS;HK;OK;INC000015301929;Priority 4;OK
OPS;EMS;OPS;HK;OK;INC000015302315;Priority 4;OK
APS;DCF;APS;INC;OK;INC000015303757;Priority 4;OK
L1;812;MON;SR;OK;INC000015304561;Priority 4;OK
FIN;812;FUN;INC;Defect;INC000015304970;Priority 4;OK
FUN;EMS;FUN;INC;OK;INC000015305256;Priority 4;OK
FUN;812;FUN;INC;OK;INC000015305331;Priority 4;OK
FIN;812;FUN;INC;OK;INC000015305835;Priority 4;OK
FUN;EES;FUN;INC;OK;INC000015306489;Priority 4;OK
FUN;DCF;FUN;INC;OK;INC000015307113;Priority 4;OK
FUN;812;FUN;INC;OK;INC000015307191;Priority 4;OK
FUN;BWI;FUN;INC;OK;INC000015308019;Priority 4;OK
CNC;DXE;CNC;INC;OK;INC000015308054;Priority 4;OK
FIN;MNT;FUN;INC;OK;INC000015308836;Priority 4;OK
FUN;LAT;FUN;INC;OK;INC000015308999;Priority 4;OK
APS;LAT;FUN;SR;OK;INC000015309335;Priority 4;OK
DBA;812;DBA;INC;OK;INC000015309957;Priority 4;OK
TEC;EMS;OPS;HK;OK;INC000015309965;Priority 4;OK
CNC;812;CNC;INC;OK;INC000015311678;Priority 4;OK
FIN;812;FUN;INC;OK;INC000015311916;Priority 4;OK
FIN;812;FUN;INC;OK;INC000015311997;Priority 4;OK
L1;812;MON;SR;OK;INC000015312102;Priority 4;OK
L1;BWI;L1 ;INC;OK;INC000015312755;Priority 4;OK
FUN;LAT;FUN;INC;OK;INC000015312846;Priority 4;OK
FUN;BWI;FUN;INC;OK;INC000015312863;Priority 4;OK
FUN;LAT;FUN;INC;OK;INC000015313510;Priority 4;OK
FUN;LAT;FUN;INC;OK;INC000015313961;Priority 4;OK
CNC;ETH;MON;INC;OK;INC000015313976;Priority 4;OK
FUN;812;FUN;INC;OK;INC000015314145;Priority 4;OK
FUN;MNT;FUN;INC;Defect;INC000015314168;Priority 4;OK
FUN;ETH;FUN;INC;OK;INC000015314612;Priority 4;OK
CNC;BWI;CNC;INC;OK;INC000015314735;Priority 4;OK
FUN;BWI;FUN;INC;OK;INC000015314781;Priority 4;OK
L1;BWI;L1 ;INC;OK;INC000015316435;Priority 4;OK
FIN;812;FUN;INC;OK;INC000015317050;Priority 4;OK
L1;BWI;L1 ;INC;OK;INC000015317598;Priority 4;OK
FUN;812;FUN;INC;OK;INC000015318018;Priority 4;OK
FIN;MNT;FUN;INC;OK;INC000015318213;Priority 4;OK
FIN;DXE;FUN;INC;OK;INC000015318427;Priority 4;OK
FUN;DCF;SEC;SR;Defect;INC000015318464;Priority 4;OK
TEC;DCF;TEC;INC;OK;INC000015318567;Priority 4;OK
FUN;ETH;FUN;INC;OK;INC000015318575;Priority 4;OK
FUN;DXE;FUN;INC;OK;INC000015318968;Priority 4;OK
CNC;DCF;CNC;INC;OK;INC000015319193;Priority 4;OK
FIN;812;FUN;INC;OK;INC000015319496;Priority 4;OK
L1;BWI;L1 ;INC;OK;INC000015321077;Priority 4;OK
FIN;812;FUN;INC;OK;INC000015322747;Priority 4;OK
FIN;812;FUN;INC;OK;INC000015322986;Priority 4;OK
FIN;DCF;FUN;INC;OK;INC000015323193;Priority 4;OK
FUN;812;FUN;INC;OK;INC000015323732;Priority 4;OK
FUN;MNT;FUN;INC;OK;INC000015323952;Priority 4;OK
CNC;812;CNC;INC;OK;INC000015324148;Priority 4;OK
FUN;812;FUN;INC;OK;INC000015324428;Priority 4;OK
FUN;812;FUN;INC;OK;INC000015325485;Priority 4;OK
FUN;812;FUN;INC;OK;INC000015325581;Priority 4;OK
L1;BWI;L1 ;INC;OK;INC000015325923;Priority 4;OK
FIN;DCF;FUN;INC;OK;INC000015325980;Priority 4;OK
CNC;812;CNC;INC;OK;INC000015328238;Priority 4;OK
FUN;DCF;FUN;INC;OK;INC000015328654;Priority 3;OK
FUN;DCF;FUN;INC;OK;INC000015329566;Priority 3;OK
FUN;ETH;FUN;INC;OK;INC000015329841;Priority 3;OK
FIN;812;FUN;INC;OK;INC000015331120;Priority 3;OK
FIN;812;FUN;INC;OK;INC000015331273;Priority 4;OK
L1;MNT;MON;SR;OK;INC000015331512;Priority 4;OK
APS;ETH;APS;INC;OK;INC000015332301;Priority 4;OK
CNC;BWI;CNC;INC;OK;INC000015333062;Priority 4;OK
TEC;DCF;TEC;INC;OK;INC000015333117;Priority 3;OK
L1;BWI;L1 ;INC;OK;INC000015333380;Priority 4;OK
OPS;EMS;OPS;INC;OK;INC000015333907;Priority 4;OK
L1;BWI;L1 ;INC;OK;INC000015334260;Priority 3;OK
APS;DCF;APS;INC;OK;INC000015336895;Priority 4;OK
FUN;MNT;FUN;INC;OK;INC000015337146;Priority 4;OK
OPS;EDS;OPS;HK;OK;INC000015337179;Priority 3;OK
LEAD;DCF;FUN;SR;OK;INC000015338121;Priority 4;OK
FIN;812;FUN;INC;OK;INC000015338272;Priority 4;OK
CNC;812;CNC;INC;OK;INC000015338318;Priority 3;OK
FUN;ETH;FUN;INC;OK;INC000015338525;Priority 3;OK
FIN;DCF;FUN;INC;OK;INC000015338634;Priority 4;OK
FUN;812;FUN;INC;OK;INC000015338645;Priority 3;OK
FIN;812;FUN;INC;OK;INC000015338900;Priority 4;OK
FIN;812;FUN;INC;OK;INC000015338950;Priority 4;OK
FUN;COR;FUN;INC;OK;INC000015338976;Priority 4;OK
FUN;LAT;FUN;INC;OK;INC000015339093;Priority 3;OK
FUN;DCF;SEC;SR;OK;INC000015339428;Priority 3;OK
FUN;DCF;FUN;SR;OK;INC000015339653;Priority 3;OK
DCF;DCF;FUN;INC;OK;INC000015340173;Priority 3;OK
FUN;812;FUN;INC;OK;INC000015340990;Priority 4;OK
FUN;DCF;SEC;SR;OK;INC000015342410;Priority 3;OK
FUN;BWI;FUN;INC;OK;INC000015342747;Priority 4;OK
DCF;DCF;FUN;INC;OK;INC000015342882;Priority 4;OK
FUN;ETH;FUN;INC;OK;INC000015343502;Priority 4;OK
DBA;812;DBA;INC;OK;INC000015343650;Priority 4;OK
FUN;DCF;SEC;SR;Defect;INC000015343874;Priority 3;OK
OPS;EDS;OPS;HK;OK;INC000015344274;Priority 3;OK
CNC;BWI;CNC;INC;OK;INC000015344285;Priority 3;OK
FIN;812;FUN;INC;OK;INC000015345529;Priority 3;OK
FIN;812;FUN;INC;Defect;INC000015345530;Priority 3;OK
APS;DCF;APS;INC;OK;INC000015345933;Priority 4;OK
L1;812;MON;INC;OK;INC000015346195;Priority 4;OK
L1;BWI;L1 ;INC;OK;INC000015349670;Priority 3;OK
L1;BWI;L1 ;INC;OK;INC000015350124;Priority 3;OK
OPS;EDS;OPS;HK;OK;INC000015350576;Priority 4;OK
FUN;DCF;FUN;INC;OK;INC000015352301;Priority 3;OK
L1;812;MON;SR;OK;INC000015352504;Priority 4;OK
L1;812;MON;SR;OK;INC000015352589;Priority 4;OK
FIN;DXE;FUN;INC;OK;INC000015352866;Priority 4;OK
L1;BWI;L1 ;INC;OK;INC000015353510;Priority 4;OK
FUN;WS;FUN;INC;OK;INC000015354160;Priority 4;OK
TEC;EDS;OPS;HK;OK;INC000015355004;Priority 3;OK
FUN;ETH;FUN;INC;OK;INC000015355050;Priority 3;OK
FUN;ETH;FUN;INC;OK;INC000015355806;Priority 4;OK
FUN;MNT;FUN;INC;OK;INC000015356003;Priority 4;OK
L1;DXE;MON;SR;OK;INC000015357059;Priority 4;OK
FIN;DCF;FUN;INC;OK;INC000015357688;Priority 4;OK
FUN;DCF;SEC;SR;Defect;INC000015358123;Priority 3;OK
FIN;812;FUN;INC;OK;INC000015358172;Priority 4;OK
TEC;DCF;TEC;INC;OK;INC000015358289;Priority 3;OK
FIN;DCF;FUN;INC;OK;INC000015358429;Priority 3;OK
FUN;BWI;FUN;INC;OK;INC000015358831;Priority 4;OK
FUN;812;FUN;INC;OK;INC000015359713;Priority 4;OK
FUN;BWI;FUN;INC;OK;INC000015359846;Priority 4;OK
DCF;DCF;FUN;INC;OK;INC000015359941;Priority 4;OK
FUN;812;FUN;INC;OK;INC000015360344;Priority 4;OK
DCF;DCF;FUN;INC;OK;INC000015360563;Priority 4;OK
FUN;BWI;FUN;INC;OK;INC000015361414;Priority 4;OK
FUN;ETH;FUN;INC;OK;INC000015361513;Priority 4;OK
FUN;DCF;FUN;INC;OK;INC000015361740;Priority 3;OK
FUN;812;FUN;INC;OK;INC000015361750;Priority 3;OK
FUN;ETH;FUN;INC;OK;INC000015361836;Priority 4;OK
CNC;812;CNC;INC;OK;INC000015361946;Priority 4;OK
DCF;DCF;FUN;INC;Defect;INC000015361951;Priority 3;OK
FUN;MNT;FUN;INC;OK;INC000015361990;Priority 4;OK
APS;DCF;APS;INC;OK;INC000015362681;Priority 3;OK
L1;BWI;L1 ;INC;OK;INC000015363168;Priority 4;OK
FIN;812;FUN;INC;OK;INC000015363193;Priority 4;OK
FIN;812;FUN;INC;OK;INC000015363502;Priority 4;OK
FIN;812;FUN;INC;OK;INC000015363513;Priority 4;OK
FIN;DCF;FUN;INC;OK;INC000015363581;Priority 4;OK
CNC;EES;CNC;SR;OK;INC000015364005;Priority 4;OK
FUN;812;FUN;INC;Defect;INC000015364367;Priority 4;OK
L1;812;MON;SR;OK;INC000015364647;Priority 3;OK
FUN;LAT;FUN;INC;OK;INC000015364706;Priority 4;OK
SEC;812;SEC;SR;OK;INC000015364718;Priority 3;OK
FUN;BWI;FUN;INC;OK;INC000015364787;Priority 4;OK
FIN;DCF;FUN;INC;OK;INC000015364894;Priority 4;OK
FUN;812;FUN;INC;OK;INC000015366276;Priority 3;OK
FUN;LAT;FUN;INC;OK;INC000015366894;Priority 4;OK
TEC;DCF;TEC;INC;OK;INC000015367014;Priority 3;OK
FIN;812;FUN;INC;OK;INC000015368097;Priority 3;OK
FIN;812;FUN;INC;OK;INC000015368179;Priority 3;OK
L1;ETH;TEC;INC;OK;INC000015368523;Priority 4;OK
APS;DCF;APS;INC;OK;INC000015368836;Priority 3;OK
OPS;EDS;OPS;HK;OK;INC000015368844;Priority 3;OK
CNC;EMS;OPS;INC;OK;INC000015369027;Priority 4;OK
FUN;MNT;FUN;INC;OK;INC000015369847;Priority 4;OK
FUN;MNT;FUN;INC;OK;INC000015369914;Priority 4;OK
CNC;DCF;CNC;INC;OK;INC000015370133;Priority 4;OK
CNC;ETH;TEC;INC;OK;INC000015370156;Priority 4;OK
CNC;812;CNC;INC;OK;INC000015370409;Priority 4;OK
CNC;812;CNC;INC;OK;INC000015370443;Priority 4;OK
CNC;812;CNC;INC;OK;INC000015370546;Priority 4;OK
CNC;ETH;TEC;INC;OK;INC000015370618;Priority 4;OK
FIN;DCF;FUN;INC;OK;INC000015371535;Priority 4;OK
FUN;812;FUN;INC;OK;INC000015371938;Priority 3;OK
FUN;812;FUN;INC;OK;INC000015372430;Priority 3;OK
FUN;812;FUN;INC;OK;INC000015372587;Priority 3;OK
FIN;812;FUN;INC;OK;INC000015372725;Priority 3;OK
FUN;DCF;FUN;SR;OK;INC000015372767;Priority 4;OK
FUN;812;FUN;INC;OK;INC000015372988;Priority 3;OK
FUN;ETH;FUN;INC;OK;INC000015373276;Priority 3;OK
FIN;DCF;FUN;INC;OK;INC000015373368;Priority 3;OK
FIN;812;FUN;INC;OK;INC000015373454;Priority 4;OK
FUN;BWI;FUN;INC;OK;INC000015373773;Priority 3;OK
SCH;812;SCH;SR;OK;INC000015373893;Priority 3;OK
FUN;EES;FUN;INC;OK;INC000015374546;Priority 4;OK
L1;BWI;L1 ;INC;OK;INC000015374561;Priority 3;OK
LAT;LAT;FUN;INC;OK;INC000015374590;Priority 4;OK
L1;BWI;L1 ;INC;OK;INC000015374779;Priority 3;OK
OPS;EDS;OPS;HK;OK;INC000015375307;Priority 3;OK
L1;MNT;MON;SR;OK;INC000015375424;Priority 4;OK
OPS;EDS;OPS;HK;OK;INC000015375499;Priority 3;OK
CNC;BWI;L1 ;INC;OK;INC000015375731;Priority 3;OK
L1;MNT;MON;SR;OK;INC000015376513;Priority 4;OK
FIN;812;FUN;INC;OK;INC000015377309;Priority 3;OK
TEC;DCF;TEC;INC;OK;INC000015377346;Priority 4;OK
FUN;DCF;FUN;SR;OK;INC000015377360;Priority 3;OK
TEC;DCF;TEC;INC;OK;INC000015377466;Priority 3;OK
TEC;DCF;TEC;INC;OK;INC000015377522;Priority 4;OK
L1;812;MON;INC;OK;INC000015377537;Priority 4;OK
FIN;DXE;FUN;INC;OK;INC000015377604;Priority 3;OK
FIN;DCF;FUN;INC;OK;INC000015377836;Priority 4;OK
FUN;812;FUN;INC;OK;INC000015378264;Priority 3;OK
CNC;ETH;CNC;INC;OK;INC000015378945;Priority 3;OK
DCF;DCF;FUN;INC;OK;INC000015379672;Priority 4;OK
FUN;LAT;FUN;INC;OK;INC000015380388;Priority 3;OK
L1;BWI;L1 ;INC;OK;INC000015380496;Priority 4;OK
L1;BWI;L1 ;INC;OK;INC000015380562;Priority 4;OK
L1;BWI;L1 ;INC;OK;INC000015380593;Priority 3;OK
FUN;DCF;FUN;INC;OK;INC000015381720;Priority 3;OK
CNC;MNT;MON;SR;OK;INC000015381818;Priority 3;OK
L1;812;MON;SR;OK;INC000015382165;Priority 4;OK
FUN;BWI;FUN;INC;OK;INC000015382224;Priority 4;OK
OPS;EMS;OPS;HK;OK;INC000015382676;Priority 4;OK
FUN;DCF;FUN;INC;OK;INC000015382946;Priority 3;OK
FIN;812;FUN;INC;OK;INC000015383462;Priority 3;OK
FUN;LAT;FUN;INC;OK;INC000015383574;Priority 4;OK
FUN;DCF;FUN;INC;OK;INC000015383614;Priority 3;OK
FUN;BWI;FUN;INC;OK;INC000015383618;Priority 4;OK
SEC;SYN;SEC;INC;OK;INC000015384072;Priority 4;OK
FUN;BWI;FUN;INC;OK;INC000015384358;Priority 4;OK
L1;BWI;L1 ;INC;OK;INC000015385432;Priority 3;OK
FUN;LAT;FUN;INC;OK;INC000015385537;Priority 4;OK
FUN;BWI;FUN;INC;OK;INC000015385732;Priority 4;OK
L1;DXE;MON;SR;OK;INC000015385780;Priority 4;OK
FUN;BWI;FUN;INC;OK;INC000015385825;Priority 3;OK
L1;BWI;L1 ;INC;OK;INC000015386560;Priority 4;OK
SEC;SYN;SEC;INC;OK;INC000015386659;Priority 3;OK
FUN;LAT;FUN;INC;OK;INC000015387368;Priority 4;OK
FUN;LAT;FUN;INC;OK;INC000015387403;Priority 4;OK
DBA;812;DBA;INC;OK;INC000015387469;Priority 4;OK
OPS;EMS;OPS;HK;OK;INC000015387511;Priority 3;OK
OPS;EDS;OPS;HK;OK;INC000015388120;Priority 3;OK
SCH;LAT;SCH;INC;OK;INC000015388363;Priority 4;OK
FIN;MNT;FUN;INC;OK;INC000015388503;Priority 3;OK
FUN;812;FUN;INC;OK;INC000015388562;Priority 4;OK
FUN;DXE;FUN;INC;OK;INC000015388947;Priority 3;OK
FIN;DCF;FUN;INC;OK;INC000015389054;Priority 4;OK
FIN;812;FUN;INC;OK;INC000015389163;Priority 4;OK
FUN;BWI;FUN;INC;OK;INC000015390169;Priority 4;OK
FUN;DCF;SEC;SR;OK;INC000015390438;Priority 3;OK
FUN;EES;FUN;INC;OK;INC000015390854;Priority 4;OK
FIN;812;FUN;INC;OK;INC000015391043;Priority 3;OK
FUN;LAT;FUN;INC;OK;INC000015391124;Priority 3;OK
FUN;DCF;FUN;INC;OK;INC000015391200;Priority 3;OK
SEC;SYN;SEC;INC;OK;INC000015391458;Priority 4;OK
L1;BWI;L1 ;INC;OK;INC000015391523;Priority 4;OK
L1;BWI;L1 ;INC;OK;INC000015391543;Priority 4;OK
CNC;812;CNC;INC;OK;INC000015391555;Priority 3;OK
FUN;BWI;FUN;INC;OK;INC000015391875;Priority 4;OK
L1;BWI;L1 ;INC;OK;INC000015392318;Priority 4;OK
L1;BWI;L1 ;INC;OK;INC000015392585;Priority 4;OK
APS;LAT;FUN;SR;OK;INC000015393088;Priority 4;OK
CNC;BWI;L1 ;INC;OK;INC000015394506;Priority 3;OK
FIN;812;FUN;INC;OK;INC000015394957;Priority 4;OK
FIN;MNT;FUN;INC;OK;INC000015395189;Priority 3;OK
FIN;812;FUN;INC;OK;INC000015395643;Priority 4;OK
L1;BWI;L1 ;INC;OK;INC000015396038;Priority 3;OK
FIN;DCF;FUN;INC;OK;INC000015396262;Priority 4;OK
L1;BWI;L1 ;INC;OK;INC000015396356;Priority 4;OK
L1;BWI;L1 ;INC;OK;INC000015396984;Priority 4;OK
FIN;812;FUN;INC;OK;INC000015397276;Priority 4;OK
L1;BWI;L1 ;INC;OK;INC000015397300;Priority 4;OK
L1;BWI;L1 ;INC;OK;INC000015397727;Priority 4;OK
APS;LAT;FUN;SR;OK;INC000015397933;Priority 4;OK
L1;BWI;L1 ;INC;OK;INC000015398525;Priority 3;OK
SCH;LAT;SCH;INC;OK;INC000015398563;Priority 4;OK
SCH;LAT;SCH;INC;OK;INC000015398564;Priority 4;OK
FUN;BWI;FUN;INC;OK;INC000015399144;Priority 4;OK
DBA;812;DBA;INC;OK;INC000015399635;Priority 4;OK
OPS;EDS;OPS;HK;OK;INC000015399855;Priority 4;OK
OPS;EMS;OPS;HK;OK;INC000015399957;Priority 4;OK
FUN;ETH;FUN;INC;OK;INC000015400499;Priority 3;OK
OPS;EMS;OPS;HK;OK;INC000015401022;Priority 3;OK
L1;812;MON;SR;OK;INC000015401990;Priority 3;OK
FIN;812;FUN;INC;OK;INC000015402973;Priority 4;OK
FIN;812;FUN;INC;OK;INC000015403019;Priority 4;OK
SCH;LAT;SCH;INC;OK;INC000015403065;Priority 4;OK
SCH;LAT;SCH;INC;OK;INC000015403068;Priority 4;OK
FIN;MNT;FUN;INC;OK;INC000015403265;Priority 3;OK
FUN;812;FUN;INC;OK;INC000015404006;Priority 4;OK
APS;DCF;APS;INC;OK;INC000015404026;Priority 4;OK
FIN;812;FUN;INC;OK;INC000015404213;Priority 4;OK
DBA;812;DBA;INC;OK;INC000015404255;Priority 4;OK
FUN;ETH;FUN;INC;OK;INC000015404993;Priority 3;OK
FIN;812;FUN;INC;OK;INC000015405416;Priority 3;OK
APS;LAT;FUN;SR;OK;INC000015406246;Priority 3;OK
L1;BWI;L1 ;SR;OK;INC000015406375;Priority 3;OK
FUN;812;FUN;INC;OK;INC000015406494;Priority 3;OK
FUN;DCF;SEC;SR;OK;INC000015406811;Priority 3;OK
L1;MNT;MON;SR;OK;INC000015407130;Priority 4;OK
L1;BWI;L1 ;INC;OK;INC000015407864;Priority 3;OK
CNC;BWI;CNC;INC;OK;INC000015408543;Priority 3;OK
OPS;EDS;OPS;HK;OK;INC000015408581;Priority 4;OK
CNC;CAN;CNC;INC;OK;INC000015408978;Priority 3;OK
SEC;DXE;SEC;INC;OK;INC000015410151;Priority 4;OK
FUN;DCF;FUN;INC;OK;INC000015410202;Priority 3;OK
FUN;DCF;FUN;INC;OK;INC000015410535;Priority 3;OK
FUN;DCF;FUN;INC;OK;INC000015410675;Priority 4;OK
SEC;SYN;SEC;INC;OK;INC000015410748;Priority 4;OK
FUN;DCF;FUN;INC;OK;INC000015411025;Priority 4;OK
CNC;LFS;CNC;INC;OK;INC000015411544;Priority 4;OK
FUN;BWI;FUN;INC;OK;INC000015411870;Priority 4;OK
SCH;LAT;SCH;INC;OK;INC000015412506;Priority 3;OK
L1;BWI;L1 ;INC;OK;INC000015413700;Priority 3;OK
TEC;DCF;TEC;INC;OK;INC000015415140;Priority 3;OK
FUN;812;FUN;INC;OK;INC000015415370;Priority 4;OK
FUN;812;FUN;INC;OK;INC000015415914;Priority 4;OK
CNC;ETH;CNC;INC;OK;INC000015415986;Priority 3;OK
FIN;DCF;FUN;INC;OK;INC000015416036;Priority 4;OK
TEC;DCF;TEC;INC;OK;INC000015416280;Priority 3;OK
OPS;EDS;OPS;HK;OK;INC000015416613;Priority 3;OK
OPS;EDS;OPS;HK;OK;INC000015416637;Priority 3;OK
FUN;BWI;FUN;INC;OK;INC000015416774;Priority 4;OK
FUN;ETH;FUN;INC;OK;INC000015416923;Priority 3;OK
L1;812;MON;INC;OK;INC000015417697;Priority 4;OK
FUN;BWI;FUN;INC;OK;INC000015418160;Priority 4;OK
FUN;ETH;FUN;INC;OK;INC000015418182;Priority 3;OK
SEC;SYN;SEC;INC;OK;INC000015418462;Priority 4;OK
OPS;EMS;OPS;HK;OK;INC000015419842;Priority 3;OK
FIN;812;FUN;INC;OK;INC000015420823;Priority 4;OK
FIN;812;FUN;INC;OK;INC000015421086;Priority 4;OK
FUN;812;FUN;INC;OK;INC000015421119;Priority 4;OK
FUN;DCF;FUN;INC;OK;INC000015421951;Priority 3;OK
APS;EES;APS;INC;OK;INC000015422226;Priority 4;OK
FUN;ETH;FUN;INC;OK;INC000015422797;Priority 3;OK
APS;ETH;APS;INC;OK;INC000015423128;Priority 4;OK
L1;MNT;MON;SR;OK;INC000015423238;Priority 4;OK
FUN;BWI;FUN;INC;OK;INC000015424313;Priority 4;OK
L1;EES;CNC;INC;OK;INC000015424861;Priority 3;OK
L1;BWI;L1 ;INC;OK;INC000015425028;Priority 3;OK
APS;DCF;APS;INC;OK;INC000015425705;Priority 3;OK
CNC;812;CNC;INC;OK;INC000015426826;Priority 3;OK
FUN;DCF;FUN;INC;OK;INC000015426882;Priority 3;OK
DCF;DCF;FUN;INC;OK;INC000015427289;Priority 4;OK
FIN;812;FUN;INC;OK;INC000015429306;Priority 4;OK
L1;BWI;L1 ;INC;OK;INC000015429401;Priority 4;OK
FUN;LAT;FUN;INC;OK;INC000015429924;Priority 3;OK
FUN;LAT;FUN;INC;OK;INC000015430507;Priority 3;OK
CNC;812;CNC;INC;OK;INC000015431951;Priority 4;OK
L1;BWI;L1 ;INC;OK;INC000015432028;Priority 4;OK
OPS;EMS;OPS;HK;OK;INC000015432695;Priority 3;OK
OPS;EDS;OPS;HK;OK;INC000015432702;Priority 3;OK
OPS;EDS;OPS;HK;OK;INC000015432732;Priority 3;OK
DBA;812;DBA;INC;OK;INC000015434027;Priority 4;OK
FIN;MNT;FUN;INC;OK;INC000015434098;Priority 4;OK
OPS;EDS;OPS;HK;OK;INC000015434232;Priority 3;OK
OPS;EMS;OPS;HK;OK;INC000015434269;Priority 3;OK
FUN;812;FUN;INC;OK;INC000015435337;Priority 4;OK
FIN;812;FUN;INC;OK;INC000015435821;Priority 4;OK
L1;812;MON;SR;OK;INC000015436383;Priority 4;OK
FUN;812;FUN;INC;OK;INC000015436788;Priority 4;OK
DBA;812;DBA;INC;OK;INC000015437155;Priority 4;OK
FUN;BWI;FUN;INC;OK;INC000015437398;Priority 4;OK
FUN;812;FUN;INC;OK;INC000015437665;Priority 4;OK
FUN;812;FUN;INC;OK;INC000015440262;Priority 4;OK
FUN;BWI;FUN;INC;Defect;INC000015440496;Priority 4;OK
FUN;812;FUN;INC;OK;INC000015443941;Priority 4;OK
SEC;CAN;SEC;INC;OK;INC000015445094;Priority 4;OK
TEC;DCF;TEC;INC;OK;INC000015445216;Priority 4;OK
FUN;LAT;FUN;INC;OK;INC000015445718;Priority 4;OK
FIN;DCF;FUN;INC;OK;INC000015446101;Priority 4;OK
L1;BWI;L1 ;INC;OK;INC000015447484;Priority 4;OK
DBA;812;DBA;INC;OK;INC000015448096;Priority 4;OK
TEC;DCF;TEC;INC;OK;INC000015448906;Priority 4;OK
FIN;812;FUN;INC;OK;INC000015449688;Priority 4;OK
FIN;812;FUN;INC;OK;INC000015449696;Priority 4;OK
FIN;DCF;FUN;INC;OK;INC000015449787;Priority 4;OK
L1;OCD;MON;SR;OK;INC000015450482;Priority 4;OK
L1;BWI;L1 ;INC;OK;INC000015451389;Priority 4;OK
L1;BWI;L1 ;INC;OK;INC000015452246;Priority 4;OK
FUN;BWI;FUN;INC;OK;INC000015452794;Priority 4;OK
APS;ETH;APS;INC;OK;INC000015452888;Priority 4;OK
L1;BWI;L1 ;INC;OK;INC000015456466;Priority 4;OK
FUN;BWI;FUN;INC;OK;INC000015456594;Priority 4;OK
FUN;BWI;FUN;INC;OK;INC000015456677;Priority 4;OK
TEC;DCF;TEC;INC;OK;INC000015456815;Priority 4;OK
FUN;BWI;FUN;SR;OK;INC000015456865;Priority 4;OK
L1;BWI;L1 ;INC;OK;INC000015456885;Priority 4;OK
FUN;812;FUN;INC;OK;INC000015456926;Priority 4;OK
L1;BWI;L1 ;INC;OK;INC000015457503;Priority 4;OK
FUN;WS;FUN;INC;OK;INC000015458490;Priority 4;OK
CNC;ETH;CNC;INC;OK;INC000015459790;Priority 4;OK
L1;BWI;L1 ;INC;OK;INC000015459833;Priority 4;OK
FUN;BWI;FUN;INC;OK;INC000015461077;Priority 4;OK
FIN;812;FUN;INC;OK;INC000015461312;Priority 4;OK
L1;BWI;L1 ;INC;OK;INC000015462851;Priority 4;OK
OPS;EDS;OPS;HK;OK;INC000015463897;Priority 4;OK
SCH;LAT;SCH;INC;OK;INC000015464454;Priority 4;OK
CNC;DPY;CNC;INC;OK;INC000015464947;Priority 4;OK
FUN;DCF;FUN;INC;OK;INC000015469195;Priority 3;OK
FUN;DXE;FUN;INC;OK;INC000015469597;Priority 4;OK
FUN;DCF;FUN;INC;OK;INC000015469691;Priority 4;OK
FUN;DCF;FUN;INC;OK;INC000015469867;Priority 3;OK
FUN;812;FUN;INC;OK;INC000015470485;Priority 3;OK
FUN;BWI;FUN;INC;OK;INC000015470597;Priority 4;OK
FUN;812;FUN;INC;OK;INC000015470598;Priority 4;OK
FUN;DCF;FUN;INC;OK;INC000015471164;Priority 3;OK
TEC;DCF;TEC;INC;OK;INC000015471185;Priority 3;OK
FUN;BWI;FUN;INC;OK;INC000015471359;Priority 3;OK
FIN;LAT;FUN;INC;OK;INC000015471653;Priority 4;OK
CNC;BWI;CNC;SR;OK;INC000015471728;Priority 4;OK
FUN;BWI;FUN;INC;OK;INC000015472424;Priority 4;OK
L1;BWI;L1 ;SR;OK;INC000015473313;Priority 3;OK
CNC;DXE;L1 ;INC;OK;INC000015474174;Priority 4;OK
OPS;EDS;OPS;HK;OK;INC000015474473;Priority 3;OK
SCH;LAT;SCH;INC;OK;INC000015474486;Priority 4;OK
DBA;812;DBA;INC;OK;INC000015474805;Priority 4;OK
FUN;DCF;FUN;INC;OK;INC000015474942;Priority 3;OK
SEC;WS;SEC;SR;OK;INC000015475033;Priority 4;OK
FUN;BWI;FUN;SR;OK;INC000015475047;Priority 4;OK
CNC;DXE;L1 ;INC;OK;INC000015475077;Priority 3;OK
CNC;DXE;L1 ;INC;OK;INC000015475304;Priority 4;OK
FUN;812;FUN;INC;OK;INC000015475327;Priority 4;OK
FIN;DCF;FUN;INC;OK;INC000015475380;Priority 3;OK
FIN;812;FUN;INC;OK;INC000015475425;Priority 4;OK
FUN;DCF;FUN;INC;OK;INC000015475515;Priority 3;OK
FIN;812;FUN;INC;OK;INC000015475712;Priority 4;OK
FUN;WS;FUN;INC;OK;INC000015475775;Priority 3;OK
FIN;812;FUN;INC;OK;INC000015475815;Priority 4;OK
FUN;812;FUN;INC;OK;INC000015476152;Priority 4;OK
TEC;DCF;TEC;INC;OK;INC000015476239;Priority 3;OK
FUN;812;FUN;INC;OK;INC000015476298;Priority 4;OK
FIN;LAT;FUN;INC;OK;INC000015476408;Priority 4;OK
FIN;812;FUN;INC;OK;INC000015476441;Priority 4;OK
CNC;MNT;MON;SR;OK;INC000015476538;Priority 4;OK
L1;BWI;L1 ;INC;OK;INC000015476582;Priority 4;OK
FUN;BWI;FUN;INC;OK;INC000015476637;Priority 4;OK
FUN;DCF;FUN;SR;OK;INC000015476690;Priority 3;OK
FIN;DCF;FUN;INC;OK;INC000015476715;Priority 4;OK
FIN;812;FUN;INC;OK;INC000015477030;Priority 4;OK
FUN;812;FUN;INC;OK;INC000015477067;Priority 3;OK
SEC;DPY;SEC;INC;OK;INC000015477774;Priority 3;OK
L1;BWI;L1 ;INC;OK;INC000015478107;Priority 4;OK
FUN;EES;FUN;INC;OK;INC000015478173;Priority 4;OK
FUN;LAT;FUN;INC;Defect;INC000015478250;Priority 4;OK
CNC;BWI;L1 ;INC;OK;INC000015478299;Priority 3;OK
FUN;LAT;FUN;INC;OK;INC000015478317;Priority 4;OK
FUN;LAT;FUN;SR;Defect;INC000015479104;Priority 3;OK
FUN;BWI;FUN;INC;OK;INC000015479432;Priority 3;OK
DCF;DCF;FUN;INC;OK;INC000015479500;Priority 4;OK
L1;BWI;L1 ;INC;OK;INC000015479743;Priority 3;OK
L1;BWI;L1 ;INC;OK;INC000015479820;Priority 3;OK
L1;BWI;L1 ;INC;OK;INC000015480125;Priority 4;OK
APS;DCF;APS;INC;OK;INC000015480449;Priority 4;OK
FUN;812;FUN;INC;OK;INC000015480832;Priority 3;OK
FUN;DCF;FUN;INC;OK;INC000015480889;Priority 3;OK
FIN;812;FUN;INC;Defect;INC000015480977;Priority 4;OK
FUN;WS;FUN;INC;OK;INC000015480986;Priority 4;OK
FIN;812;FUN;INC;OK;INC000015481158;Priority 4;OK
FUN;DXE;FUN;INC;OK;INC000015482403;Priority 4;OK
FIN;812;FUN;INC;OK;INC000015482775;Priority 4;OK
FUN;ETH;FUN;INC;OK;INC000015482805;Priority 3;OK
FIN;812;FUN;INC;OK;INC000015482838;Priority 4;OK
FIN;DCF;FUN;INC;OK;INC000015482940;Priority 3;OK
FIN;812;INS;INC;OK;INC000015483199;Priority 4;OK
CNC;812;CNC;INC;OK;INC000015483587;Priority 3;OK
FUN;ETH;FUN;INC;OK;INC000015483689;Priority 3;OK
FIN;812;FUN;INC;OK;INC000015484284;Priority 3;OK
L1;BWI;L1 ;INC;OK;INC000015484476;Priority 4;OK
L1;BWI;L1 ;INC;OK;INC000015484563;Priority 3;OK
L1;BWI;L1 ;INC;OK;INC000015484887;Priority 4;OK
FUN;ETH;FUN;INC;OK;INC000015484894;Priority 3;OK
FIN;812;FUN;INC;OK;INC000015484964;Priority 4;OK
L1;BWI;L1 ;INC;OK;INC000015485393;Priority 4;OK
L1;BWI;MON;INC;OK;INC000015485589;Priority 4;OK
FIN;LAT;FUN;INC;Defect;INC000015485788;Priority 4;OK
FUN;LAT;FUN;INC;OK;INC000015486263;Priority 3;OK
L1;BWI;L1 ;INC;OK;INC000015486797;Priority 3;OK
FIN;DCF;FUN;INC;OK;INC000015487646;Priority 3;OK
FIN;812;FUN;INC;OK;INC000015487774;Priority 4;OK
FUN;812;FUN;INC;OK;INC000015487897;Priority 4;OK
FUN;DXE;FUN;INC;OK;INC000015488139;Priority 3;OK
FIN;812;FUN;INC;OK;INC000015488140;Priority 4;OK
FUN;812;FUN;INC;OK;INC000015488264;Priority 4;OK
FIN;812;FUN;INC;OK;INC000015488332;Priority 3;OK
SEC;DXE;SEC;INC;OK;INC000015488373;Priority 4;OK
FIN;812;FUN;INC;OK;INC000015488376;Priority 4;OK
CNC;BWI;CNC;INC;OK;INC000015488397;Priority 4;OK
FUN;812;FUN;INC;OK;INC000015489222;Priority 3;OK
L1;BWI;L1 ;INC;OK;INC000015490160;Priority 4;OK
TEC;DCF;TEC;INC;OK;INC000015490697;Priority 3;OK
FUN;LAT;FUN;SR;OK;INC000015490777;Priority 4;OK
FUN;BWI;FUN;SR;OK;INC000015491150;Priority 4;OK
FUN;BWI;FUN;INC;OK;INC000015491690;Priority 4;OK
SEC;812;SEC;SR;OK;INC000015492966;Priority 3;OK
FUN;DCF;SEC;SR;OK;INC000015493223;Priority 3;OK
FIN;812;FUN;INC;OK;INC000015493230;Priority 4;OK
FUN;812;FUN;INC;OK;INC000015493289;Priority 4;OK
FUN;812;FUN;INC;OK;INC000015494012;Priority 4;OK
DCF;DCF;FUN;SR;OK;INC000015494259;Priority 3;OK
FUN;LAT;FUN;SR;OK;INC000015494309;Priority 2;OK
L1;BWI;L1 ;INC;OK;INC000015494392;Priority 4;OK
FUN;WS;FUN;INC;OK;INC000015494904;Priority 4;OK
L1;BWI;L1 ;INC;OK;INC000015495328;Priority 4;OK
L1;BWI;L1 ;INC;OK;INC000015495569;Priority 4;OK
FUN;LAT;FUN;INC;OK;INC000015495960;Priority 3;OK
FUN;BWI;FUN;INC;OK;INC000015496343;Priority 4;OK
L1;BWI;L1 ;INC;OK;INC000015496405;Priority 3;OK
FIN;812;FUN;INC;OK;INC000015497320;Priority 4;OK
FIN;812;FUN;INC;OK;INC000015497321;Priority 4;OK
FIN;812;FUN;INC;OK;INC000015497350;Priority 4;OK
FIN;812;FUN;INC;OK;INC000015497456;Priority 4;OK
APS;DCF;APS;INC;OK;INC000015498060;Priority 4;OK
SCH;LAT;SCH;INC;OK;INC000015498222;Priority 4;OK
OPS;WS;OPS;HK;OK;INC000015498770;Priority 3;OK
APS;ETH;APS;INC;OK;INC000015498807;Priority 4;OK
OPS;EDS;OPS;HK;OK;INC000015498835;Priority 3;OK
FIN;812;FUN;INC;OK;INC000015501110;Priority 3;OK
FUN;812;FUN;INC;OK;INC000015501169;Priority 3;OK
FUN;812;FUN;INC;OK;INC000015501189;Priority 4;OK
FIN;812;FUN;INC;OK;INC000015501896;Priority 4;OK
DBA;812;DBA;INC;OK;INC000015501932;Priority 3;OK
APS;DCF;APS;INC;OK;INC000015502179;Priority 4;OK
FUN;812;FUN;INC;OK;INC000015502252;Priority 4;OK
FUN;ETH;FUN;INC;OK;INC000015502308;Priority 4;OK
L1;812;MON;INC;OK;INC000015502324;Priority 4;OK
FUN;ETH;FUN;INC;OK;INC000015502462;Priority 4;OK
FUN;BWI;FUN;SR;OK;INC000015502765;Priority 2;OK
FIN;DCF;FUN;INC;OK;INC000015502782;Priority 4;OK
L1;BWI;L1 ;SR;OK;INC000015502916;Priority 3;OK
APS;EES;APS;INC;OK;INC000015503312;Priority 4;OK
FUN;BWI;FUN;INC;OK;INC000015503684;Priority 3;OK
FIN;812;FUN;INC;Defect;INC000015503777;Priority 4;OK
FUN;ETH;FUN;INC;OK;INC000015503928;Priority 3;OK
FUN;ETH;FUN;INC;OK;INC000015505008;Priority 4;OK
L1;BWI;L1 ;INC;OK;INC000015505029;Priority 3;OK
FUN;BWI;FUN;SR;OK;INC000015505991;Priority 3;OK
L1;BWI;L1 ;INC;OK;INC000015506104;Priority 4;OK
DBA;812;DBA;INC;OK;INC000015506395;Priority 4;OK
FUN;812;FUN;INC;OK;INC000015507103;Priority 4;OK
FUN;DCF;FUN;INC;OK;INC000015507817;Priority 3;OK
FUN;812;FUN;INC;OK;INC000015508116;Priority 3;OK
FUN;DCF;FUN;SR;OK;INC000015508854;Priority 3;OK
FIN;DCF;FUN;INC;OK;INC000015510260;Priority 4;OK
DCF;DCF;FUN;INC;OK;INC000015510610;Priority 4;OK
FIN;812;FUN;INC;OK;INC000015510626;Priority 3;OK
L1;BWI;L1 ;INC;OK;INC000015510656;Priority 3;OK
FUN;EES;FUN;INC;OK;INC000015510797;Priority 4;OK
FIN;DCF;FUN;INC;OK;INC000015511315;Priority 4;OK
FUN;LAT;FUN;INC;OK;INC000015511554;Priority 3;OK
FUN;LAT;FUN;INC;OK;INC000015511604;Priority 3;OK
FUN;DXE;FUN;INC;OK;INC000015511617;Priority 4;OK
L1;BWI;L1 ;INC;OK;INC000015511718;Priority 3;OK
L1;MNT;MON;SR;OK;INC000015511854;Priority 4;OK
L1;BWI;L1 ;INC;OK;INC000015512446;Priority 3;OK
OPS;EDS;OPS;HK;OK;INC000015513098;Priority 4;OK
CNC;812;L1 ;INC;OK;INC000015513436;Priority 3;OK
CNC;812;L1 ;INC;OK;INC000015513929;Priority 2;OK
FIN;812;FUN;INC;OK;INC000015514168;Priority 4;OK
FUN;BWI;FUN;INC;OK;INC000015515051;Priority 4;OK
CNC;ETH;L1 ;INC;OK;INC000015516862;Priority 4;OK
APS;ETH;APS;INC;OK;INC000015517275;Priority 4;OK
APS;ETH;APS;INC;OK;INC000015517278;Priority 4;OK
L1;BWI;L1 ;INC;OK;INC000015517740;Priority 3;OK
FUN;LAT;FUN;SR;OK;INC000015517877;Priority 3;OK
FIN;MNT;FUN;INC;OK;INC000015517925;Priority 3;OK
FUN;812;FUN;INC;OK;INC000015519072;Priority 3;OK
FIN;DXE;FUN;INC;OK;INC000015519675;Priority 4;OK
APS;DCF;APS;INC;OK;INC000015519720;Priority 3;OK
FIN;MNT;FUN;INC;OK;INC000015519760;Priority 4;OK
FUN;DCF;SEC;SR;OK;INC000015520008;Priority 3;OK
FUN;812;FUN;INC;OK;INC000015520119;Priority 4;OK
FIN;DXE;FUN;INC;OK;INC000015520241;Priority 4;OK
DBA;812;DBA;INC;OK;INC000015520767;Priority 3;OK
FUN;DCF;FUN;INC;OK;INC000015521386;Priority 3;OK
FUN;ETH;FUN;INC;OK;INC000015521425;Priority 4;OK
APS;ETH;APS;INC;OK;INC000015522546;Priority 4;OK
APS;ETH;APS;INC;OK;INC000015522553;Priority 4;OK
FUN;DCF;FUN;INC;OK;INC000015522649;Priority 4;OK
L1;BWI;L1 ;INC;OK;INC000015522955;Priority 3;OK
L1;BWI;L1 ;INC;OK;INC000015522972;Priority 3;OK
DBA;812;DBA;INC;OK;INC000015523351;Priority 4;OK
FUN;BWI;FUN;INC;OK;INC000015523775;Priority 4;OK
L1;812;MON;INC;OK;INC000015524264;Priority 4;OK
TEC;DCF;TEC;INC;OK;INC000015524892;Priority 3;OK
TEC;DCF;TEC;INC;OK;INC000015525642;Priority 3;OK
TEC;DCF;TEC;INC;OK;INC000015525818;Priority 3;OK
TEC;EDS;OPS;HK;OK;INC000015525822;Priority 3;OK
FUN;DCF;FUN;SR;OK;INC000015526187;Priority 3;OK
FUN;BWI;FUN;INC;OK;INC000015526383;Priority 3;OK
L1;BWI;L1 ;INC;OK;INC000015526522;Priority 3;OK
APS;ETH;APS;INC;OK;INC000015527093;Priority 4;OK
FUN;BWI;FUN;INC;OK;INC000015527604;Priority 4;OK
FUN;WS;FUN;INC;OK;INC000015528672;Priority 4;OK
FUN;BWI;FUN;INC;OK;INC000015528999;Priority 3;OK
SCH;LAT;SCH;INC;OK;INC000015529223;Priority 3;OK
L1;BWI;L1 ;INC;OK;INC000015529270;Priority 3;OK
FUN;ETH;FUN;INC;OK;INC000015530131;Priority 4;OK
OPS;EDS;OPS;HK;OK;INC000015530157;Priority 3;OK
OPS;EDS;OPS;HK;OK;INC000015530161;Priority 3;OK
SCH;LAT;SCH;INC;OK;INC000015532291;Priority 3;OK
SCH;LAT;SCH;INC;OK;INC000015532297;Priority 3;OK
SCH;LAT;SCH;INC;OK;INC000015532298;Priority 3;OK
SCH;LAT;SCH;INC;OK;INC000015532299;Priority 3;OK
SCH;LAT;SCH;INC;OK;INC000015532305;Priority 3;OK
APS;DCF;APS;INC;OK;INC000015532359;Priority 3;OK
TEC;DCF;TEC;INC;OK;INC000015536243;Priority 3;OK
FUN;WS;FUN;INC;OK;INC000015536245;Priority 3;OK
L1;BWI;L1 ;INC;OK;INC000015538120;Priority 4;OK
DBA;812;DBA;INC;OK;INC000015538345;Priority 3;OK
FUN;DCF;FUN;INC;OK;INC000015538599;Priority 3;OK
OPS;EDS;OPS;HK;OK;INC000015538861;Priority 4;OK
FIN;DCF;FUN;INC;OK;INC000015539967;Priority 4;OK
CNC;812;CNC;INC;OK;INC000015540154;Priority 4;OK
FUN;DCF;FUN;SR;OK;INC000015540188;Priority 3;OK
FUN;BWI;FUN;INC;OK;INC000015541083;Priority 4;OK
CNC;EMS;OPS;INC;OK;INC000015541382;Priority 4;OK
FUN;812;FUN;INC;OK;INC000015541412;Priority 3;OK
FUN;DCF;FUN;INC;OK;INC000015541619;Priority 4;OK
FUN;LAT;FUN;SR;OK;INC000015541916;Priority 3;OK
FUN;812;FUN;INC;OK;INC000015542693;Priority 4;OK
CNC;ETH;CNC;INC;OK;INC000015543556;Priority 4;OK
L1;BWI;L1 ;INC;OK;INC000015543916;Priority 4;OK
FUN;DCF;FUN;INC;OK;INC000015544337;Priority 4;OK
L1;MNT;MON;SR;OK;INC000015544836;Priority 4;OK
FUN;812;FUN;INC;OK;INC000015545150;Priority 4;OK
L1;BWI;L1 ;INC;OK;INC000015546984;Priority 3;OK
APS;ETH;APS;INC;OK;INC000015547288;Priority 3;OK
FIN;812;FUN;INC;OK;INC000015547292;Priority 4;OK
L1;BWI;L1 ;INC;OK;INC000015548697;Priority 3;OK
SCH;812;SCH;INC;OK;INC000015548904;Priority 4;OK
APS;ETH;APS;INC;OK;INC000015548913;Priority 4;OK
OPS;EDS;OPS;HK;OK;INC000015550288;Priority 3;OK
FUN;812;FUN;INC;OK;INC000015551741;Priority 3;OK
FIN;812;FUN;INC;OK;INC000015552086;Priority 4;OK
FUN;BWI;FUN;INC;OK;INC000015552292;Priority 4;OK
FUN;ETH;FUN;INC;OK;INC000015552413;Priority 3;OK
DCF;DCF;FUN;INC;OK;INC000015552589;Priority 3;OK
FUN;DCF;FUN;SR;OK;INC000015556179;Priority 3;OK
FIN;812;FUN;INC;OK;INC000015556250;Priority 3;OK
SEC;EMS;SEC;INC;OK;INC000015556677;Priority 3;OK
CNC;812;L1 ;INC;OK;INC000015556836;Priority 4;OK
FUN;DCF;FUN;SR;OK;INC000015556917;Priority 3;OK
FUN;812;FUN;INC;OK;INC000015556950;Priority 4;OK
FUN;BWI;FUN;INC;OK;INC000015557002;Priority 3;OK
FIN;812;FUN;INC;OK;INC000015557255;Priority 4;OK
FUN;DCF;FUN;INC;OK;INC000015557563;Priority 4;OK
SCH;BWI;SCH;INC;OK;INC000015558218;Priority 4;OK
FUN;LAT;FUN;INC;OK;INC000015558937;Priority 3;OK
L1;BWI;L1 ;INC;OK;INC000015559482;Priority 4;OK
OPS;EDS;OPS;HK;OK;INC000015560340;Priority 4;OK
OPS;EDS;OPS;HK;OK;INC000015560594;Priority 3;OK
SCH;LAT;SCH;INC;OK;INC000015563315;Priority 3;OK
FUN;DCF;FUN;INC;OK;INC000015563773;Priority 3;OK
FUN;BWI;FUN;INC;OK;INC000015565048;Priority 3;OK
SEC;WS;SEC;INC;OK;INC000015565139;Priority 4;OK
L1;BWI;L1 ;SR;OK;INC000015565476;Priority 4;OK
CNC;DCF;FUN;INC;OK;INC000015565510;Priority 3;OK
CNC;812;L1 ;INC;OK;INC000015565802;Priority 4;OK
FUN;BWI;FUN;INC;OK;INC000015565821;Priority 3;OK
SCH;812;SCH;INC;OK;INC000015566549;Priority 3;OK
L1;BWI;L1 ;INC;OK;INC000015567783;Priority 4;OK
L1;BWI;L1 ;INC;OK;INC000015568016;Priority 3;OK
FUN;BWI;FUN;INC;OK;INC000015568112;Priority 4;OK
L1;BWI;L1 ;INC;OK;INC000015568917;Priority 3;OK
FIN;DXE;FUN;INC;OK;INC000015570102;Priority 3;OK
FIN;812;FUN;INC;OK;INC000015570175;Priority 4;OK
CNC;812;L1 ;INC;OK;INC000015570254;Priority 3;OK
CNC;812;L1 ;INC;OK;INC000015570354;Priority 4;OK
CNC;812;L1 ;INC;OK;INC000015570358;Priority 4;OK
L1;812;MON;SR;OK;INC000015570482;Priority 4;OK
CNC;812;L1 ;INC;OK;INC000015570494;Priority 4;OK
CNC;812;L1 ;INC;OK;INC000015570611;Priority 4;OK
FIN;812;FUN;INC;OK;INC000015570774;Priority 4;OK
FIN;812;FUN;INC;OK;INC000015570954;Priority 4;OK
FUN;DCF;FUN;SR;OK;INC000015570975;Priority 3;OK
CNC;812;L1 ;INC;OK;INC000015571009;Priority 3;OK
FUN;ETH;FUN;INC;OK;INC000015571540;Priority 3;OK
FUN;DCF;SEC;SR;OK;INC000015572535;Priority 4;OK
CNC;812;L1 ;INC;OK;INC000015572753;Priority 4;OK
L1;BWI;L1 ;INC;OK;INC000015574673;Priority 4;OK
FUN;BWI;FUN;INC;OK;INC000015574787;Priority 3;OK
APS;DCF;APS;INC;OK;INC000015576272;Priority 3;OK
L1;812;MON;SR;OK;INC000015576489;Priority 4;OK
OPS;EMS;OPS;HK;OK;INC000015576941;Priority 3;OK
APS;DCF;APS;INC;OK;INC000015577174;Priority 4;OK
OPS;EMS;OPS;HK;OK;INC000015577622;Priority 4;OK
FUN;812;FUN;INC;OK;INC000015578075;Priority 3;OK
CNC;812;L1 ;INC;OK;INC000015578082;Priority 3;OK
TEC;DCF;TEC;INC;OK;INC000015578112;Priority 3;OK
FUN;LAT;FUN;INC;OK;INC000015580571;Priority 3;OK
FUN;LAT;FUN;INC;OK;INC000015580633;Priority 3;OK
APS;ETH;APS;INC;OK;INC000015582058;Priority 4;OK
CNC;DCF;CNC;INC;OK;INC000015584369;Priority 4;OK
L1;812;MON;SR;OK;INC000015584390;Priority 4;OK
FUN;WS;FUN;INC;OK;INC000015585520;Priority 4;OK
FUN;BWI;FUN;INC;OK;INC000015586140;Priority 4;OK
FUN;812;FUN;INC;OK;INC000015587050;Priority 4;OK
L1;812;MON;INC;OK;INC000015587568;Priority 4;OK
APS;ETH;APS;INC;OK;INC000015589030;Priority 4;OK
APS;ETH;APS;INC;OK;INC000015589234;Priority 4;OK
FUN;812;FUN;INC;OK;INC000015589457;Priority 4;OK
FUN;BWI;FUN;INC;OK;INC000015589621;Priority 4;OK
L1;BWI;L1 ;INC;OK;INC000015589635;Priority 4;OK
FUN;LAT;FUN;SR;OK;INC000015589662;Priority 4;OK
FUN;LAT;FUN;SR;OK;INC000015589693;Priority 4;OK
CNC;MNT;CNC;INC;OK;INC000015589733;Priority 4;OK
L1;812;MON;SR;OK;INC000015592069;Priority 4;OK
FIN;812;FUN;INC;OK;INC000015593031;Priority 4;OK
FIN;DCF;FUN;SR;OK;INC000015593235;Priority 4;OK
APS;ETH;APS;INC;OK;INC000015595260;Priority 4;OK
APS;ETH;APS;INC;OK;INC000015595265;Priority 4;OK
APS;ETH;APS;INC;OK;INC000015595267;Priority 4;OK
APS;ETH;APS;INC;OK;INC000015595347;Priority 4;OK
FUN;LAT;FUN;INC;OK;INC000015595740;Priority 4;OK
FUN;BWI;FUN;INC;OK;INC000015596556;Priority 4;OK
FUN;BWI;FUN;INC;OK;INC000015597399;Priority 4;OK
L1;BWI;L1 ;INC;OK;INC000015597840;Priority 4;OK
OPS;WS;OPS;INC;OK;INC000015598959;Priority 4;OK
FIN;812;FUN;INC;OK;INC000015603475;Priority 4;OK
L1;MNT;MON;SR;OK;INC000015603782;Priority 4;OK
FUN;WS;FUN;INC;OK;INC000015604062;Priority 4;OK
OPS;EMS;OPS;INC;OK;INC000015604130;Priority 4;OK
L1;BWI;L1 ;INC;OK;INC000015605218;Priority 4;OK
FIN;812;FUN;INC;OK;INC000015608998;Priority 4;OK
FIN;812;FUN;INC;OK;INC000015609252;Priority 4;OK
CNC;812;L1 ;INC;OK;INC000015609878;Priority 4;OK
FUN;LAT;FUN;SR;OK;INC000015609879;Priority 4;OK
FUN;812;FUN;INC;OK;INC000015610009;Priority 4;OK
LAT;LAT;FUN;INC;OK;INC000015610094;Priority 4;OK
FUN;BWI;FUN;INC;OK;INC000015610353;Priority 4;OK
FIN;812;FUN;INC;OK;INC000015611261;Priority 4;OK
L1;BWI;L1 ;INC;OK;INC000015614365;Priority 4;OK
CNC;812;CNC;INC;OK;INC000015615415;Priority 4;OK
FIN;812;FUN;SR;OK;INC000015615577;Priority 4;OK
FUN;812;FUN;INC;OK;INC000015615846;Priority 4;OK
CNC;DXE;CNC;INC;OK;INC000015615888;Priority 4;OK
FIN;812;FUN;INC;OK;INC000015616212;Priority 4;OK
FUN;BWI;FUN;INC;OK;INC000015617496;Priority 4;OK
FUN;DXE;FUN;INC;OK;INC000015617910;Priority 4;OK
APS;DCF;APS;INC;OK;INC000015618212;Priority 4;OK
APS;ETH;APS;INC;OK;INC000015619181;Priority 4;OK
APS;ETH;APS;INC;OK;INC000015619183;Priority 4;OK
APS;ETH;APS;INC;OK;INC000015619188;Priority 4;OK
L1;BWI;L1 ;INC;OK;INC000015619595;Priority 4;OK
FUN;DCF;SEC;SR;OK;INC000015620612;Priority 4;OK
FIN;812;FUN;INC;OK;INC000015622066;Priority 3;OK
FUN;812;FUN;INC;OK;INC000015622805;Priority 4;OK
CNC;DCF;CNC;INC;OK;INC000015623218;Priority 4;OK
FIN;812;FUN;INC;OK;INC000015623605;Priority 4;OK
FUN;LAT;FUN;INC;OK;INC000015624578;Priority 3;OK
APS;ETH;APS;INC;OK;INC000015625006;Priority 4;OK
APS;ETH;APS;INC;OK;INC000015625011;Priority 4;OK
APS;ETH;APS;INC;OK;INC000015625012;Priority 4;OK
APS;ETH;APS;INC;OK;INC000015625015;Priority 4;OK
APS;ETH;APS;INC;OK;INC000015625016;Priority 4;OK
FUN;BWI;FUN;SR;OK;INC000015625381;Priority 4;OK
FUN;LAT;FUN;INC;OK;INC000015625662;Priority 4;OK
FUN;WS;FUN;INC;OK;INC000015626968;Priority 4;OK
FUN;DCF;FUN;INC;OK;INC000015627035;Priority 3;OK
FUN;812;FUN;INC;OK;INC000015627260;Priority 3;OK
FIN;812;FUN;INC;OK;INC000015627628;Priority 4;OK
FIN;812;FUN;INC;OK;INC000015627680;Priority 4;OK
FUN;812;FUN;INC;OK;INC000015627890;Priority 3;OK
TEC;DCF;TEC;INC;OK;INC000015628087;Priority 4;OK
FUN;BWI;FUN;INC;OK;INC000015628172;Priority 4;OK
TEC;DCF;TEC;INC;OK;INC000015628416;Priority 3;OK
FUN;BWI;FUN;INC;OK;INC000015628711;Priority 3;OK
FUN;BWI;FUN;INC;OK;INC000015628774;Priority 3;OK
FIN;812;FUN;INC;OK;INC000015629497;Priority 4;OK
APS;ETH;APS;INC;OK;INC000015630009;Priority 4;OK
APS;ETH;APS;INC;OK;INC000015630010;Priority 4;OK
APS;ETH;APS;INC;OK;INC000015630011;Priority 4;OK
APS;ETH;APS;INC;OK;INC000015630013;Priority 4;OK
APS;ETH;APS;INC;OK;INC000015630014;Priority 4;OK
FIN;812;FUN;INC;OK;INC000015631409;Priority 4;OK
L1;BWI;L1 ;INC;OK;INC000015631761;Priority 4;OK
FUN;WS;FUN;INC;OK;INC000015634245;Priority 3;OK
FUN;WS;FUN;INC;OK;INC000015634695;Priority 4;OK
FUN;WS;FUN;INC;OK;INC000015635097;Priority 3;OK
L1;812;MON;SR;OK;INC000015635277;Priority 4;OK
FUN;812;FUN;INC;OK;INC000015635344;Priority 3;OK
CNC;DXE;CNC;INC;OK;INC000015635625;Priority 4;OK
FUN;812;FUN;INC;OK;INC000015636134;Priority 4;OK
APS;ETH;APS;INC;OK;INC000015636491;Priority 4;OK
FUN;LAT;FUN;INC;OK;INC000015637853;Priority 3;OK
APS;ETH;APS;INC;OK;INC000015637935;Priority 4;OK
L1;BWI;L1 ;INC;OK;INC000015638241;Priority 4;OK
L1;BWI;L1 ;INC;OK;INC000015639756;Priority 4;OK
CNC;DXE;CNC;INC;OK;INC000015641464;Priority 3;OK
CNC;MNT;CNC;INC;OK;INC000015642039;Priority 3;OK
FIN;812;FUN;INC;OK;INC000015642235;Priority 4;OK
DBA;812;DBA;INC;OK;INC000015642293;Priority 4;OK
0;ETH;FUN;INC;OK;INC000015643043;Priority 3;OK
L1;812;MON;SR;OK;INC000015643143;Priority 4;OK
APS;EES;APS;INC;OK;INC000015643414;Priority 4;OK
0;DCF;FUN;SR;OK;INC000015643429;Priority 3;OK
SCH;812;SCH;SR;OK;INC000015643646;Priority 3;OK
FUN;LAT;FUN;INC;OK;INC000015644017;Priority 3;OK
0;ETH;FUN;INC;OK;INC000015644315;Priority 3;OK
FUN;BWI;FUN;SR;OK;INC000015645907;Priority 4;OK
FUN;ETH;FUN;INC;OK;INC000015646010;Priority 3;OK
L1;BWI;L1 ;INC;OK;INC000015646104;Priority 4;OK
FUN;EES;FUN;INC;OK;INC000015646141;Priority 3;OK
L1;BWI;L1 ;INC;OK;INC000015646415;Priority 4;OK
L1;BWI;L1 ;INC;OK;INC000015647448;Priority 4;OK
L1;812;MON;SR;OK;INC000015647958;Priority 4;OK
DBA;812;DBA;INC;OK;INC000015648543;Priority 4;OK
FIN;812;FUN;INC;OK;INC000015648711;Priority 4;OK
FUN;812;FUN;INC;OK;INC000015648779;Priority 3;OK
CNC;812;L1 ;INC;OK;INC000015649276;Priority 3;OK
L1;812;MON;SR;OK;INC000015649359;Priority 4;OK
CNC;812;CNC;INC;OK;INC000015650004;Priority 3;OK
CNC;812;CNC;INC;OK;INC000015650791;Priority 4;OK
FUN;LAT;FUN;SR;OK;INC000015651605;Priority 4;OK
APS;ETH;APS;INC;OK;INC000015651637;Priority 4;OK
APS;ETH;APS;INC;OK;INC000015651638;Priority 4;OK
APS;ETH;APS;INC;OK;INC000015651639;Priority 4;OK
APS;DCF;APS;INC;OK;INC000015651808;Priority 4;OK
CNC;BWI;CNC;INC;OK;INC000015652058;Priority 3;OK
L1;BWI;L1 ;INC;OK;INC000015653316;Priority 3;OK
FUN;DCF;FUN;SR;OK;INC000015653788;Priority 4;OK
FUN;WS;FUN;INC;OK;INC000015654900;Priority 3;OK
FUN;DCF;FUN;INC;OK;INC000015655090;Priority 3;OK
FUN;BWI;FUN;INC;OK;INC000015655447;Priority 4;OK
SCH;BWI;SCH;INC;OK;INC000015656751;Priority 4;OK
FUN;BWI;FUN;INC;OK;INC000015657827;Priority 3;OK
FUN;ETH;FUN;INC;OK;INC000015657914;Priority 3;OK
APS;DCF;APS;INC;OK;INC000015658276;Priority 4;OK
OPS;EMS;OPS;HK;OK;INC000015658942;Priority 4;OK
TEC;WS;OPS;HK;OK;INC000015659381;Priority 4;OK
CNC;812;CNC;INC;OK;INC000015659469;Priority 4;OK
DCF;DCF;FUN;INC;OK;INC000015661437;Priority 3;OK
FUN;ETH;FUN;INC;OK;INC000015661902;Priority 3;OK
TEC;DCF;TEC;INC;OK;INC000015662325;Priority 3;OK
FUN;EES;FUN;INC;OK;INC000015662463;Priority 4;OK
OPS;EMS;OPS;HK;OK;INC000015663304;Priority 3;OK
L1;BWI;L1 ;INC;OK;INC000015663608;Priority 3;OK
SEC;DCF;SEC;SR;OK;INC000015663886;Priority 4;OK
OPS;WS;OPS;HK;OK;INC000015664432;Priority 3;OK
OPS;WS;OPS;HK;OK;INC000015665140;Priority 4;OK
FUN;ETH;FUN;INC;OK;INC000015665461;Priority 3;OK
FUN;ETH;FUN;INC;OK;INC000015665485;Priority 3;OK
FUN;ETH;FUN;INC;OK;INC000015665557;Priority 3;OK
OPS;WS;OPS;HK;OK;INC000015665672;Priority 3;OK
OPS;WS;OPS;HK;OK;INC000015666185;Priority 3;OK
FUN;DCF;FUN;INC;OK;INC000015667252;Priority 4;OK
CNC;812;CNC;INC;OK;INC000015667578;Priority 4;OK
SEC;SYN;SEC;INC;OK;INC000015667953;Priority 4;OK
FUN;LAT;FUN;INC;OK;INC000015668250;Priority 4;OK
FUN;LAT;FUN;INC;OK;INC000015669111;Priority 3;OK
0;ETH;FUN;INC;OK;INC000015669203;Priority 3;OK
FUN;BWI;FUN;INC;OK;INC000015669659;Priority 3;OK
0;SYN;SEC;INC;OK;INC000015670700;Priority 3;OK
CNC;812;CNC;INC;OK;INC000015671092;Priority 4;OK
CNC;812;CNC;INC;OK;INC000015671783;Priority 3;OK
0;SYN;SEC;INC;OK;INC000015671990;Priority 4;OK
FUN;DCF;FUN;INC;OK;INC000015672061;Priority 3;OK
CNC;812;CNC;SR;OK;INC000015673218;Priority 3;OK
0;SYN;SEC;INC;OK;INC000015673318;Priority 4;OK
CNC;DXE;CNC;INC;OK;INC000015673866;Priority 2;OK
0;SYN;SEC;INC;OK;INC000015674629;Priority 4;OK
DBA;812;DBA;INC;OK;INC000015675174;Priority 3;OK
0;SYN;SEC;INC;OK;INC000015675782;Priority 4;OK
DBA;812;DBA;INC;OK;INC000015676557;Priority 4;OK
DBA;812;DBA;INC;OK;INC000015676559;Priority 3;OK
FUN;LAT;FUN;INC;OK;INC000015678985;Priority 3;OK
CNC;812;CNC;INC;OK;INC000015679046;Priority 4;OK
0;SYN;SEC;INC;OK;INC000015679615;Priority 3;OK
0;SYN;SEC;INC;OK;INC000015680743;Priority 4;OK
L1;BWI;L1 ;INC;OK;INC000015680783;Priority 3;OK
L1;BWI;L1 ;INC;OK;INC000015681993;Priority 3;OK
FUN;MNT;FUN;INC;OK;INC000015727710;Priority 4;OK
FIN;812;FUN;INC;OK;INC000015728556;Priority 4;OK
FIN;DCF;FUN;INC;OK;INC000015728637;Priority 4;OK
DBA;812;DBA;INC;OK;INC000015728650;Priority 4;OK
FUN;COR;FUN;INC;OK;INC000015728721;Priority 4;OK
APS;ETH;APS;INC;OK;INC000015729180;Priority 4;OK
CNC;DCF;CNC;INC;OK;INC000015729395;Priority 4;OK
FIN;812;FUN;INC;OK;INC000015729808;Priority 4;OK
CNC;ETH;TEC;INC;Defect;INC000015730089;Priority 4;OK
CNC;BWI;SCH;INC;OK;INC000015730154;Priority 4;OK
L1;BWI;L1 ;INC;OK;INC000015731028;Priority 4;OK
FUN;LAT;FUN;INC;OK;INC000015731104;Priority 4;OK
APS;DCF;APS;INC;Defect;INC000015732090;Priority 4;OK
DCF;DCF;FUN;INC;OK;INC000015732429;Priority 4;OK
SEC;SYN;SEC;INC;OK;INC000015732775;Priority 4;OK
FIN;812;FUN;INC;OK;INC000015734514;Priority 4;OK
FUN;DCF;FUN;INC;OK;INC000015734568;Priority 4;OK
FIN;812;FUN;INC;OK;INC000015734717;Priority 4;OK
FUN;812;FUN;INC;OK;INC000015735041;Priority 4;OK
FIN;812;FUN;INC;OK;INC000015735405;Priority 4;OK
FIN;812;FUN;INC;OK;INC000015735409;Priority 4;OK
FUN;COR;FUN;INC;OK;INC000015736046;Priority 4;OK
FUN;812;FUN;INC;OK;INC000015736357;Priority 4;OK
FUN;DCF;FUN;INC;OK;INC000015736926;Priority 4;OK
FUN;BWI;FUN;INC;OK;INC000015737132;Priority 4;OK
CNC;812;CNC;INC;OK;INC000015737143;Priority 4;OK
FIN;812;FUN;INC;OK;INC000015737422;Priority 4;OK
FIN;DXE;FUN;SR;OK;INC000015737468;Priority 4;OK
FUN;BWI;FUN;INC;Defect;INC000015738918;Priority 4;OK
CNC;812;CNC;INC;OK;INC000015741258;Priority 4;OK
CNC;812;CNC;INC;OK;INC000015741400;Priority 4;OK
SEC;DCF;SEC;SR;OK;INC000015741528;Priority 4;OK
L1;MNT;MON;SR;OK;INC000015741721;Priority 4;OK
FUN;812;FUN;INC;OK;INC000015741742;Priority 4;OK
FUN;812;FUN;INC;OK;INC000015741883;Priority 4;OK
FIN;812;FUN;INC;OK;INC000015742266;Priority 4;OK
FUN;ETH;FUN;INC;OK;INC000015742437;Priority 4;OK
APS;DCF;APS;INC;OK;INC000015743134;Priority 4;OK
FUN;DCF;FUN;INC;OK;INC000015743293;Priority 4;OK
L1;BWI;L1 ;INC;OK;INC000015744009;Priority 4;OK
SEC;SYN;SEC;INC;OK;INC000015744441;Priority 4;OK
FUN;ETH;FUN;INC;OK;INC000015744573;Priority 4;OK
APS;ETH;APS;INC;OK;INC000015746111;Priority 4;OK
FUN;812;FUN;INC;OK;INC000015746117;Priority 4;OK
FIN;812;FUN;INC;OK;INC000015746398;Priority 4;OK
FUN;812;FUN;INC;OK;INC000015746406;Priority 4;OK
FIN;812;FUN;INC;OK;INC000015746491;Priority 4;OK
FUN;812;FUN;INC;OK;INC000015746595;Priority 4;OK
FIN;DCF;FUN;INC;OK;INC000015746673;Priority 4;OK
FIN;812;FUN;INC;OK;INC000015746831;Priority 4;OK
FIN;812;FUN;INC;OK;INC000015747192;Priority 4;OK
FIN;812;FUN;INC;Defect;INC000015747302;Priority 4;OK
DBA;812;DBA;INC;OK;INC000015747342;Priority 4;OK
FIN;812;FUN;INC;OK;INC000015747571;Priority 4;OK
FUN;BWI;FUN;INC;OK;INC000015747694;Priority 4;OK
APS;DCF;APS;INC;OK;INC000015748024;Priority 4;OK
FUN;ETH;FUN;INC;OK;INC000015748674;Priority 4;OK
FUN;ETH;FUN;INC;OK;INC000015749862;Priority 4;OK
FUN;ETH;FUN;INC;OK;INC000015749882;Priority 4;OK
FIN;DCF;FUN;INC;OK;INC000015751734;Priority 4;OK
FIN;DCF;FUN;INC;OK;INC000015751772;Priority 4;OK
FIN;812;FUN;INC;OK;INC000015751946;Priority 4;OK
FUN;812;FUN;INC;OK;INC000015751949;Priority 4;OK
APS;DCF;APS;INC;OK;INC000015752296;Priority 4;OK
DBA;812;DBA;INC;OK;INC000015752428;Priority 4;OK
FIN;812;FUN;INC;OK;INC000015752692;Priority 4;OK
FUN;DCF;FUN;SR;OK;INC000015753079;Priority 4;OK
CNC;ETH;L1 ;INC;OK;INC000015753093;Priority 4;OK
SEC;SYN;SEC;INC;OK;INC000015753175;Priority 4;OK
FUN;EDS;FUN;INC;OK;INC000015753238;Priority 4;OK
FIN;DCF;FUN;INC;OK;INC000015753415;Priority 4;OK
FIN;812;FUN;INC;OK;INC000015753674;Priority 4;OK
TEC;DCF;FUN;INC;OK;INC000015753733;Priority 4;OK
FUN;BWI;FUN;INC;OK;INC000015755549;Priority 4;OK
DBA;812;DBA;INC;OK;INC000015757103;Priority 4;OK
L1;COE;MON;SR;OK;INC000015757409;Priority 4;OK
TEC;EDS;OPS;HK;OK;INC000015758108;Priority 4;OK
TEC;EDS;OPS;HK;OK;INC000015758119;Priority 4;OK
FUN;812;FUN;INC;OK;INC000015760249;Priority 3;OK
FUN;812;FUN;INC;OK;INC000015761512;Priority 4;OK
FIN;812;FUN;INC;OK;INC000015761615;Priority 4;OK
L1;812;MON;INC;OK;INC000015761634;Priority 4;OK
FUN;812;FUN;INC;OK;INC000015761635;Priority 4;OK
L1;LFS;CNC;INC;OK;INC000015761883;Priority 4;OK
FUN;DCF;FUN;INC;OK;INC000015761903;Priority 4;OK
TEC;DCF;FUN;INC;OK;INC000015762034;Priority 3;OK
CNC;812;CNC;INC;OK;INC000015762400;Priority 4;OK
FIN;812;FUN;INC;OK;INC000015762686;Priority 4;OK
SEC;SYN;SEC;INC;OK;INC000015762918;Priority 4;OK
FUN;LAT;FUN;SR;OK;INC000015762994;Priority 4;OK
FUN;DCF;FUN;INC;OK;INC000015763347;Priority 4;OK
FUN;LAT;FUN;INC;OK;INC000015764185;Priority 3;OK
CNC;EES;CNC;INC;OK;INC000015764839;Priority 4;OK
FUN;ETH;FUN;INC;OK;INC000015765836;Priority 3;OK
FUN;DCF;FUN;INC;OK;INC000015766421;Priority 3;OK
APS;DCF;APS;INC;OK;INC000015767257;Priority 3;OK
FUN;DCF;FUN;INC;OK;INC000015767405;Priority 4;OK
FUN;812;FUN;INC;OK;INC000015767463;Priority 3;OK
FIN;812;FUN;INC;OK;INC000015767715;Priority 4;OK
FIN;LAT;FUN;INC;Defect;INC000015767857;Priority 3;OK
FUN;ETH;FUN;INC;OK;INC000015768010;Priority 3;OK
FUN;WS;FUN;INC;OK;INC000015768032;Priority 3;OK
FIN;812;FUN;INC;OK;INC000015768237;Priority 4;OK
FUN;DXE;FUN;INC;OK;INC000015768530;Priority 4;OK
FUN;812;FUN;INC;OK;INC000015768894;Priority 3;OK
LAT;LAT;FUN;INC;OK;INC000015769282;Priority 4;OK
FUN;812;FUN;INC;OK;INC000015769347;Priority 4;OK
APS;EES;APS;INC;OK;INC000015769609;Priority 3;OK
FUN;LAT;FUN;INC;OK;INC000015769767;Priority 3;OK
SEC;SYN;SEC;INC;OK;INC000015769923;Priority 3;OK
L1;BWI;L1 ;INC;OK;INC000015770015;Priority 4;OK
L1;BWI;L1 ;INC;OK;INC000015770730;Priority 3;OK
L1;BWI;L1 ;SR;OK;INC000015770750;Priority 4;OK
FUN;BWI;FUN;INC;OK;INC000015771016;Priority 3;OK
FUN;DCF;FUN;INC;OK;INC000015772479;Priority 3;OK
L1;812;MON;INC;OK;INC000015773053;Priority 4;OK
FUN;ETH;FUN;INC;OK;INC000015773085;Priority 4;OK
FIN;812;FUN;INC;OK;INC000015773138;Priority 4;OK
FUN;DCF;SEC;SR;Defect;INC000015773163;Priority 3;OK
FUN;LAT;FUN;INC;OK;INC000015773352;Priority 3;OK
FIN;DXE;FUN;SR;OK;INC000015773368;Priority 4;OK
FIN;812;FUN;INC;OK;INC000015773376;Priority 4;OK
FIN;812;FUN;INC;OK;INC000015773474;Priority 4;OK
FIN;812;FUN;INC;OK;INC000015773705;Priority 3;OK
L1;MNT;MON;SR;OK;INC000015773979;Priority 3;OK
L1;812;MON;INC;OK;INC000015774027;Priority 4;OK
FIN;812;FUN;INC;OK;INC000015774138;Priority 4;OK
FIN;812;FUN;INC;OK;INC000015774172;Priority 3;OK
FIN;812;FUN;INC;OK;INC000015774266;Priority 4;OK
FIN;812;FUN;INC;OK;INC000015774457;Priority 4;OK
FUN;812;FUN;INC;OK;INC000015774941;Priority 3;OK
FIN;812;FUN;INC;OK;INC000015775030;Priority 4;OK
SEC;BWI;SEC;INC;OK;INC000015775359;Priority 3;OK
TEC;DCF;FUN;INC;OK;INC000015775557;Priority 3;OK
FUN;BWI;FUN;INC;OK;INC000015775562;Priority 3;OK
L1;BWI;L1 ;INC;OK;INC000015775859;Priority 3;OK
DCF;DCF;FUN;SR;OK;INC000015776498;Priority 3;OK
L1;BWI;L1 ;INC;OK;INC000015776786;Priority 3;OK
FUN;812;FUN;INC;OK;INC000015777716;Priority 4;OK
FIN;812;FUN;INC;OK;INC000015777930;Priority 4;OK
TEC;DCF;FUN;INC;OK;INC000015778496;Priority 4;OK
FUN;812;FUN;INC;OK;INC000015778537;Priority 4;OK
FUN;DCF;FUN;INC;OK;INC000015778577;Priority 3;OK
FIN;812;FUN;INC;OK;INC000015778852;Priority 3;OK
FIN;812;FUN;INC;OK;INC000015779127;Priority 4;OK
OPS;EMS;OPS;INC;OK;INC000015779174;Priority 4;OK
FUN;BWI;FUN;INC;OK;INC000015779380;Priority 4;OK
L1;MNT;FUN;SR;OK;INC000015779389;Priority 4;OK
APS;DCF;APS;INC;OK;INC000015779426;Priority 4;OK
FUN;DCF;FUN;INC;OK;INC000015779430;Priority 3;OK
FUN;812;FUN;INC;OK;INC000015779782;Priority 4;OK
FUN;DCF;FUN;INC;OK;INC000015780031;Priority 4;OK
FIN;812;FUN;INC;OK;INC000015780305;Priority 3;OK
FIN;812;FUN;INC;OK;INC000015780332;Priority 4;OK
FUN;ETH;FUN;INC;OK;INC000015780749;Priority 3;OK
FUN;812;FUN;INC;OK;INC000015780826;Priority 4;OK
SEC;SYN;SEC;INC;OK;INC000015780943;Priority 4;OK
FUN;BWI;FUN;INC;OK;INC000015781081;Priority 4;OK
FUN;EES;FUN;INC;OK;INC000015781425;Priority 3;OK
DCF;DCF;FUN;INC;OK;INC000015781452;Priority 3;OK
FUN;BWI;FUN;INC;OK;INC000015782005;Priority 4;OK
L1;CRD;MON;INC;OK;INC000015782081;Priority 3;OK
SEC;DCF;SEC;SR;OK;INC000015782202;Priority 4;OK
SEC;DCF;SEC;SR;OK;INC000015782211;Priority 3;OK
SEC;DCF;SEC;SR;OK;INC000015782709;Priority 3;OK
FUN;BWI;FUN;INC;OK;INC000015782841;Priority 4;OK
OPS;WS;OPS;INC;OK;INC000015783274;Priority 4;OK
SEC;SYN;SEC;INC;OK;INC000015784257;Priority 3;OK
FIN;812;INS;INC;OK;INC000015784453;Priority 4;OK
FUN;812;FUN;INC;OK;INC000015784474;Priority 4;OK
FIN;812;FUN;SR;OK;INC000015784625;Priority 4;OK
APS;DCF;APS;INC;OK;INC000015784631;Priority 3;OK
DCF;DCF;FUN;SR;OK;INC000015785359;Priority 3;OK
FIN;812;FUN;INC;OK;INC000015785797;Priority 4;OK
SCH;BWI;SCH;INC;OK;INC000015786023;Priority 4;OK
DCF;DCF;FUN;SR;OK;INC000015786260;Priority 3;OK
FUN;DXE;FUN;INC;OK;INC000015786441;Priority 3;OK
CNC;812;CNC;INC;OK;INC000015786524;Priority 2;OK
FIN;812;FUN;INC;OK;INC000015787897;Priority 4;OK
FUN;MNT;FUN;INC;OK;INC000015787995;Priority 3;OK
FIN;812;FUN;INC;OK;INC000015788136;Priority 4;OK
FUN;MNT;FUN;INC;OK;INC000015788242;Priority 3;OK
OPS;WS;OPS;HK;OK;INC000015788909;Priority 3;OK
FUN;812;FUN;INC;OK;INC000015790110;Priority 4;OK
SCH;LAT;SCH;INC;OK;INC000015790343;Priority 3;OK
SEC;EMS;SEC;INC;OK;INC000015791178;Priority 4;OK
CNC;DCF;CNC;INC;OK;INC000015791501;Priority 3;OK
FUN;DXE;FUN;INC;OK;INC000015791504;Priority 3;OK
DBA;812;DBA;SR;OK;INC000015791587;Priority 3;OK
FUN;DCF;FUN;INC;OK;INC000015791744;Priority 3;OK
FUN;DCF;FUN;INC;OK;INC000015791823;Priority 3;OK
CNC;812;CNC;INC;OK;INC000015791946;Priority 4;OK
DCF;DCF;FUN;INC;OK;INC000015792290;Priority 4;OK
FUN;812;FUN;INC;OK;INC000015792607;Priority 4;OK
TEC;DCF;FUN;INC;OK;INC000015793277;Priority 3;OK
FUN;LAT;FUN;INC;OK;INC000015793609;Priority 3;OK
FUN;BWI;FUN;INC;OK;INC000015793632;Priority 4;OK
CNC;812;CNC;INC;OK;INC000015793849;Priority 3;OK
SEC;SYN;SEC;INC;OK;INC000015793931;Priority 4;OK
FUN;LAT;FUN;INC;OK;INC000015794058;Priority 3;OK
FUN;LAT;FUN;INC;OK;INC000015794158;Priority 3;OK
L1;BWI;L1 ;INC;OK;INC000015794229;Priority 4;OK
FIN;812;FUN;INC;OK;INC000015794253;Priority 4;OK
FUN;LAT;FUN;INC;OK;INC000015794266;Priority 3;OK
FUN;EES;FUN;INC;OK;INC000015794956;Priority 4;OK
L1;ETH;CNC;INC;OK;INC000015796835;Priority 4;OK
FUN;812;FUN;INC;Defect;INC000015796844;Priority 4;OK
L1;ETH;CNC;INC;OK;INC000015797084;Priority 4;OK
FUN;DXE;FUN;INC;OK;INC000015797095;Priority 3;OK
DCF;DCF;FUN;INC;OK;INC000015797758;Priority 3;OK
FUN;812;FUN;INC;OK;INC000015797767;Priority 4;OK
FUN;812;FUN;INC;OK;INC000015797903;Priority 4;OK
OPS;EMS;OPS;INC;OK;INC000015798022;Priority 4;OK
APS;DCF;APS;INC;OK;INC000015798434;Priority 4;OK
SEC;SYN;SEC;INC;OK;INC000015798442;Priority 3;OK
FUN;LAT;FUN;INC;OK;INC000015798592;Priority 3;OK
TEC;DCF;FUN;INC;OK;INC000015799139;Priority 4;OK
APS;ETH;APS;INC;OK;INC000015800043;Priority 4;OK
TEC;DCF;FUN;INC;OK;INC000015800290;Priority 4;OK
L1;BWI;L1 ;INC;OK;INC000015800343;Priority 3;OK
FUN;ETH;FUN;INC;OK;INC000015800582;Priority 3;OK
FUN;ETH;FUN;INC;OK;INC000015800663;Priority 4;OK
FUN;812;FUN;INC;OK;INC000015800735;Priority 4;OK
FUN;DCF;FUN;INC;OK;INC000015801581;Priority 4;OK
FIN;DXE;FUN;INC;OK;INC000015802226;Priority 4;OK
FIN;DCF;FUN;INC;OK;INC000015803018;Priority 4;OK
FUN;DCF;FUN;INC;OK;INC000015803136;Priority 3;OK
SEC;SYN;SEC;INC;OK;INC000015803397;Priority 4;OK
FUN;LAT;FUN;INC;OK;INC000015804366;Priority 3;OK
FUN;BWI;FUN;INC;OK;INC000015804658;Priority 3;OK
L1;BWI;L1 ;INC;OK;INC000015805302;Priority 3;OK
FIN;DCF;FUN;INC;OK;INC000015805694;Priority 4;OK
FUN;LAT;FUN;INC;OK;INC000015805844;Priority 3;OK
SEC;SYN;SEC;INC;OK;INC000015805866;Priority 3;OK
L1;MNT;MON;SR;OK;INC000015805909;Priority 3;OK
OPS;EMS;OPS;INC;OK;INC000015806215;Priority 4;OK
DCF;DCF;FUN;INC;OK;INC000015806244;Priority 4;OK
DBA;812;DBA;INC;OK;INC000015806393;Priority 3;OK
L1;BWI;L1 ;INC;OK;INC000015806408;Priority 3;OK
L1;BWI;L1 ;INC;OK;INC000015806514;Priority 4;OK
OPS;EMS;OPS;HK;OK;INC000015806530;Priority 4;OK
FIN;812;FUN;INC;OK;INC000015807706;Priority 3;OK
FIN;812;FUN;INC;OK;INC000015808018;Priority 4;OK
FUN;812;FUN;INC;OK;INC000015808173;Priority 3;OK
FIN;DXE;FUN;SR;OK;INC000015808269;Priority 4;OK
FUN;WS;FUN;INC;OK;INC000015808286;Priority 3;OK
CNC;ETH;CNC;INC;OK;INC000015808938;Priority 4;OK
CNC;DCF;FUN;INC;OK;INC000015808973;Priority 3;OK
SEC;SYN;SEC;INC;OK;INC000015809271;Priority 4;OK
SEC;SYN;SEC;INC;OK;INC000015809324;Priority 4;OK
FUN;WS;FUN;INC;OK;INC000015809391;Priority 3;OK
FUN;WS;FUN;INC;OK;INC000015809454;Priority 3;OK
FIN;DCF;FUN;INC;OK;INC000015809462;Priority 3;OK
SEC;SYN;SEC;INC;OK;INC000015809489;Priority 3;OK
SEC;SYN;SEC;INC;OK;INC000015809508;Priority 4;OK
FUN;812;FUN;INC;OK;INC000015809698;Priority 4;OK
FUN;DCF;FUN;INC;OK;INC000015809738;Priority 3;OK
APS;DCF;APS;INC;OK;INC000015809739;Priority 4;OK
MNT;MNT;FUN;INC;OK;INC000015810244;Priority 4;OK
L1;MNT;MON;SR;OK;INC000015810298;Priority 4;OK
L1;BWI;L1 ;INC;OK;INC000015810530;Priority 4;OK
MNT;MNT;FUN;INC;OK;INC000015810560;Priority 3;OK
FUN;BWI;FUN;INC;OK;INC000015810869;Priority 3;OK
SEC;SYN;SYN;INC;OK;INC000015811603;Priority 3;OK
TEC;DCF;FUN;INC;OK;INC000015811713;Priority 3;OK
FUN;LAT;FUN;INC;OK;INC000015811843;Priority 4;OK
FUN;ETH;FUN;INC;OK;INC000015812082;Priority 4;OK
FUN;BWI;FUN;INC;OK;INC000015812294;Priority 4;OK
TEC;DCF;FUN;INC;OK;INC000015812344;Priority 4;OK
SEC;812;SEC;INC;OK;INC000015812378;Priority 3;OK
CNC;812;CNC;INC;OK;INC000015812698;Priority 4;OK
TEC;DCF;FUN;INC;OK;INC000015813120;Priority 3;OK
FUN;812;FUN;INC;OK;INC000015813254;Priority 4;OK
FUN;812;FUN;INC;OK;INC000015814146;Priority 3;OK
MNT;MNT;FUN;INC;OK;INC000015814838;Priority 3;OK
DCF;DCF;FUN;INC;OK;INC000015815057;Priority 4;OK
FUN;LAT;FUN;INC;OK;INC000015815082;Priority 3;OK
DCF;DCF;FUN;INC;OK;INC000015815842;Priority 4;OK
L1;BWI;L1 ;INC;OK;INC000015816124;Priority 4;OK
FUN;MNT;FUN;INC;OK;INC000015816373;Priority 3;OK
FUN;MNT;FUN;INC;OK;INC000015816493;Priority 3;OK
DBA;812;DBA;INC;OK;INC000015816557;Priority 3;OK
FUN;DCF;FUN;INC;OK;INC000015816927;Priority 4;OK
L1;BWI;L1 ;INC;OK;INC000015818108;Priority 3;OK
CNC;BWI;L1 ;INC;OK;INC000015818709;Priority 4;OK
SCH;BWI;SCH;INC;OK;INC000015819125;Priority 4;OK
FUN;DCF;FUN;INC;OK;INC000015819666;Priority 3;OK
APS;DCF;APS;INC;OK;INC000015821028;Priority 3;OK
APS;ETH;APS;INC;OK;INC000015821439;Priority 3;OK
CNC;812;CNC;INC;OK;INC000015821510;Priority 3;OK
FUN;BWI;FUN;INC;OK;INC000015821620;Priority 3;OK
OPS;EMS;OPS;SR;OK;INC000015821728;Priority 4;OK
L1;DPY;CNC;INC;OK;INC000015821927;Priority 4;OK
FIN;DXE;FUN;SR;OK;INC000015821992;Priority 4;OK
L1;812;CNC;INC;OK;INC000015822362;Priority 4;OK
L1;812;MON;INC;OK;INC000015823132;Priority 4;OK
FUN;812;FUN;INC;OK;INC000015824569;Priority 3;OK
FUN;812;FUN;INC;OK;INC000015824638;Priority 3;OK
SEC;SYN;SEC;INC;OK;INC000015825064;Priority 3;OK
L1;BWI;L1 ;INC;OK;INC000015825590;Priority 3;OK
APS;ETH;APS;INC;OK;INC000015825860;Priority 3;OK
APS;DCF;APS;INC;OK;INC000015827111;Priority 3;OK
APS;ETH;APS;INC;OK;INC000015827304;Priority 3;OK
FIN;812;FUN;INC;OK;INC000015828248;Priority 4;OK
L1;812;MON;INC;OK;INC000015828254;Priority 3;OK
FUN;812;FUN;INC;OK;INC000015829027;Priority 4;OK
DBA;812;DBA;INC;OK;INC000015829205;Priority 3;OK
FUN;DCF;SEC;SR;OK;INC000015829689;Priority 4;OK
FUN;DCF;SEC;SR;OK;INC000015829721;Priority 3;OK
CNC;LFS;CNC;INC;OK;INC000015830120;Priority 3;OK
FUN;ETH;FUN;INC;OK;INC000015830736;Priority 3;OK
FUN;LAT;FUN;INC;OK;INC000015830753;Priority 3;OK
FUN;LAT;FUN;INC;OK;INC000015831210;Priority 4;OK
FUN;ETH;FUN;INC;OK;INC000015831216;Priority 4;OK
APS;ETH;APS;INC;OK;INC000015831270;Priority 3;OK
CNC;812;CNC;INC;OK;INC000015831334;Priority 3;OK
DCF;DCF;FUN;INC;OK;INC000015831556;Priority 4;OK
SCH;LAT;SCH;INC;OK;INC000015831774;Priority 3;OK
FUN;ETH;FUN;INC;OK;INC000015831806;Priority 4;OK
CNC;LAT;CNC;INC;OK;INC000015832234;Priority 3;OK
SCH;LAT;SCH;INC;OK;INC000015832875;Priority 3;OK
FUN;812;FUN;INC;OK;INC000015833245;Priority 3;OK
FUN;DCF;FUN;INC;OK;INC000015833417;Priority 4;OK
SCH;LAT;SCH;INC;OK;INC000015833567;Priority 3;OK
FUN;DCF;FUN;INC;OK;INC000015833601;Priority 3;OK
FUN;DCF;SEC;SR;OK;INC000015833734;Priority 3;OK
FIN;DCF;FUN;SR;OK;INC000015833788;Priority 4;OK
L1;812;MON;SR;OK;INC000015834952;Priority 4;OK
FUN;DCF;FUN;INC;OK;INC000015835345;Priority 4;OK
FUN;BWI;FUN;INC;OK;INC000015835369;Priority 3;OK
FUN;DCF;FUN;INC;OK;INC000015835901;Priority 3;OK
FUN;DCF;FUN;INC;OK;INC000015835931;Priority 4;OK
L1;BWI;L1 ;INC;OK;INC000015836443;Priority 4;OK
SEC;SYN;SEC;INC;OK;INC000015836910;Priority 3;OK
L1;BWI;L1 ;INC;OK;INC000015837374;Priority 3;OK
DBA;812;DBA;INC;OK;INC000015837456;Priority 3;OK
DBA;812;DBA;INC;OK;INC000015837459;Priority 3;OK
SEC;DCF;SEC;SR;OK;INC000015837607;Priority 4;OK
APS;DCF;APS;INC;OK;INC000015838436;Priority 3;OK
FUN;DCF;FUN;INC;OK;INC000015838554;Priority 4;OK
SCH;LAT;SCH;INC;OK;INC000015838724;Priority 3;OK
SCH;LAT;SCH;INC;OK;INC000015839039;Priority 3;OK
FIN;812;FUN;INC;OK;INC000015839547;Priority 4;OK
DCF;DCF;FUN;INC;OK;INC000015840850;Priority 3;OK
FUN;ETH;FUN;INC;OK;INC000015840976;Priority 4;OK
SEC;SYN;SEC;INC;OK;INC000015841599;Priority 3;OK
SEC;SYN;SEC;INC;OK;INC000015841923;Priority 3;OK
L1;BWI;L1 ;INC;OK;INC000015842139;Priority 4;OK
SEC;SYN;SEC;INC;OK;INC000015842468;Priority 4;OK
FUN;ETH;FUN;INC;OK;INC000015843429;Priority 3;OK
SCH;LAT;SCH;INC;OK;INC000015844331;Priority 3;OK
FIN;DCF;FUN;INC;OK;INC000015844957;Priority 4;OK
TEC;DCF;FUN;INC;OK;INC000015845230;Priority 3;OK
FUN;DCF;SEC;SR;OK;INC000015845807;Priority 4;OK
SEC;SYN;SEC;INC;OK;INC000015846313;Priority 4;OK
FUN;DCF;FUN;INC;OK;INC000015846380;Priority 4;OK
SEC;SYN;SEC;INC;OK;INC000015846995;Priority 4;OK
TEC;DCF;FUN;INC;OK;INC000015847607;Priority 3;OK
SEC;SYN;SEC;INC;OK;INC000015848331;Priority 3;OK
FUN;BWI;FUN;INC;OK;INC000015848455;Priority 3;OK
CNC;812;CNC;INC;OK;INC000015848611;Priority 3;OK
FUN;DCF;FUN;INC;OK;INC000015851049;Priority 3;OK
SCH;LAT;SCH;INC;OK;INC000015851531;Priority 3;OK
APS;ETH;APS;INC;OK;INC000015851831;Priority 4;OK
APS;ETH;APS;INC;OK;INC000015851832;Priority 4;OK
APS;DCF;APS;INC;OK;INC000015852184;Priority 4;OK
L1;DPY;MON;SR;OK;INC000015853967;Priority 3;OK
OPS;EMS;OPS;SR;OK;INC000015854149;Priority 4;OK
FIN;DCF;FUN;INC;OK;INC000015854587;Priority 4;OK
L1;MNT;MON;SR;OK;INC000015854670;Priority 4;OK
FUN;DCF;FUN;INC;OK;INC000015855696;Priority 3;OK
FUN;BWI;FUN;INC;OK;INC000015856181;Priority 4;OK
FUN;DCF;FUN;INC;OK;INC000015856977;Priority 3;OK
FUN;LAT;FUN;INC;OK;INC000015858456;Priority 3;OK
FUN;812;FUN;INC;OK;INC000015862150;Priority 4;OK
FIN;812;FUN;INC;OK;INC000015862971;Priority 4;OK
FUN;812;FUN;INC;OK;INC000015863357;Priority 4;OK
FUN;812;FUN;INC;OK;INC000015863433;Priority 4;OK
FUN;BWI;FUN;INC;OK;INC000015863458;Priority 4;OK
FIN;812;FUN;INC;OK;INC000015863461;Priority 4;OK
FIN;812;FUN;INC;OK;INC000015863976;Priority 4;OK
FUN;LAT;FUN;SR;OK;INC000015865973;Priority 4;OK
L1;MNT;MON;INC;OK;INC000015867830;Priority 4;OK
SEC;SYN;SEC;INC;OK;INC000015868152;Priority 4;OK
FIN;812;FUN;INC;OK;INC000015869353;Priority 4;OK
FIN;812;FUN;INC;OK;INC000015869734;Priority 4;OK
FUN;DCF;FUN;INC;OK;INC000015869998;Priority 4;OK
FUN;ETH;FUN;INC;OK;INC000015871337;Priority 4;OK
FUN;ETH;FUN;INC;OK;INC000015871365;Priority 4;OK
APS;DCF;APS;INC;OK;INC000015873757;Priority 4;OK
APS;ETH;APS;INC;OK;INC000015873760;Priority 4;OK
FUN;812;FUN;INC;OK;INC000015874293;Priority 4;OK
SEC;SYN;SEC;INC;OK;INC000015875034;Priority 4;OK
FUN;812;FUN;INC;OK;INC000015879659;Priority 4;OK
FIN;812;FUN;INC;OK;INC000015879935;Priority 4;OK
FUN;BWI;FUN;INC;OK;INC000015881034;Priority 4;OK
FUN;EES;FUN;INC;OK;INC000015881297;Priority 4;OK
FIN;812;FUN;INC;OK;INC000015881322;Priority 4;OK
FUN;BWI;FUN;INC;OK;INC000015881661;Priority 4;OK
CNC;812;CNC;INC;OK;INC000015882447;Priority 4;OK
L1;BWI;L1 ;INC;OK;INC000015883043;Priority 4;OK
FIN;812;FUN;INC;OK;INC000015889500;Priority 4;OK
FIN;DCF;FUN;INC;OK;INC000015889546;Priority 4;OK
APS;DCF;APS;INC;OK;INC000015890096;Priority 4;OK
FIN;812;FUN;INC;OK;INC000015890242;Priority 4;OK
SEC;SYN;SEC;INC;OK;INC000015890628;Priority 4;OK
FUN;BWI;FUN;INC;OK;INC000015890863;Priority 4;OK
CNC;812;CNC;INC;OK;INC000015891082;Priority 4;OK
FIN;812;FUN;INC;OK;INC000015891090;Priority 4;OK
FUN;MNT;FUN;INC;OK;INC000015892035;Priority 4;OK
FIN;DXE;FUN;SR;OK;INC000015892406;Priority 4;OK
FIN;LAT;FUN;INC;OK;INC000015893419;Priority 4;OK
MNT;MNT;FUN;INC;OK;INC000015893716;Priority 4;OK
SEC;SYN;SEC;INC;OK;INC000015894072;Priority 4;OK
L1;BWI;L1 ;INC;OK;INC000015894252;Priority 4;OK
FUN;812;FUN;INC;OK;INC000015896289;Priority 4;OK
SEC;DCF;SEC;SR;Defect;INC000015896565;Priority 3;OK
FUN;DXE;FUN;INC;OK;INC000015897020;Priority 4;OK
L1;812;MON;INC;OK;INC000015897388;Priority 3;OK
FIN;812;FUN;INC;OK;INC000015897914;Priority 4;OK
SEC;SYN;SEC;INC;OK;INC000015898033;Priority 3;OK
FUN;DCF;FUN;INC;OK;INC000015898153;Priority 3;OK
FUN;BWI;FUN;INC;OK;INC000015898993;Priority 4;OK
FUN;ETH;FUN;INC;OK;INC000015899997;Priority 4;OK
SEC;SYN;SEC;INC;OK;INC000015900152;Priority 3;OK
FUN;812;FUN;INC;OK;INC000015901643;Priority 3;OK
FIN;812;FUN;INC;OK;INC000015902306;Priority 4;OK
FIN;812;FUN;INC;OK;INC000015902347;Priority 4;OK
FIN;DCF;FUN;INC;OK;INC000015902642;Priority 3;OK
FUN;812;FUN;INC;OK;INC000015902741;Priority 4;OK
FIN;DCF;FUN;INC;OK;INC000015903116;Priority 4;OK
CNC;812;CNC;INC;OK;INC000015903200;Priority 3;OK
FUN;BWI;FUN;INC;OK;INC000015903366;Priority 4;OK
FUN;812;FUN;INC;OK;INC000015903431;Priority 4;OK
FIN;812;FUN;INC;OK;INC000015903900;Priority 4;OK
FIN;812;FUN;INC;OK;INC000015903980;Priority 4;OK
APS;ETH;APS;INC;OK;INC000015904216;Priority 4;OK
DCF;DCF;FUN;INC;OK;INC000015904349;Priority 3;OK
FUN;DCF;FUN;INC;Defect;INC000015904624;Priority 4;OK
L1;MNT;MON;SR;OK;INC000015904629;Priority 4;OK
FUN;LAT;FUN;INC;OK;INC000015905146;Priority 3;OK
FUN;LAT;FUN;INC;OK;INC000015905713;Priority 3;OK
FUN;WS;FUN;INC;OK;INC000015907759;Priority 3;OK
FUN;812;FUN;INC;OK;INC000015907907;Priority 3;OK
FUN;812;FUN;INC;OK;INC000015908348;Priority 4;OK
FIN;812;FUN;INC;OK;INC000015908436;Priority 4;OK
FUN;LAT;FUN;INC;OK;INC000015908888;Priority 3;OK
L1;MNT;MON;SR;Defect;INC000015908891;Priority 4;OK
CNC;ETH;CNC;INC;OK;INC000015909530;Priority 4;OK
FIN;812;FUN;INC;OK;INC000015910474;Priority 4;OK
FUN;DXE;FUN;INC;Defect;INC000015910771;Priority 4;OK
L1;BWI;L1 ;INC;OK;INC000015911935;Priority 4;OK
DCF;DCF;FUN;INC;OK;INC000015911976;Priority 3;OK
FIN;812;FUN;INC;OK;INC000015914009;Priority 4;OK
FIN;812;FUN;INC;OK;INC000015914314;Priority 4;OK
FUN;812;FUN;INC;OK;INC000015914335;Priority 4;OK
FUN;812;FUN;INC;OK;INC000015914389;Priority 4;OK
SEC;EMS;SEC;INC;OK;INC000015914392;Priority 3;OK
FUN;812;FUN;INC;OK;INC000015914442;Priority 4;OK
FUN;EES;FUN;INC;OK;INC000015914721;Priority 4;OK
DCF;DCF;FUN;INC;Defect;INC000015914767;Priority 3;OK
FIN;LAT;FUN;INC;OK;INC000015915034;Priority 3;OK
FUN;LAT;FUN;INC;OK;INC000015915081;Priority 3;OK
FIN;LAT;FUN;INC;OK;INC000015915112;Priority 4;OK
FUN;WS;FUN;INC;OK;INC000015915366;Priority 4;OK
FUN;BWI;FUN;INC;OK;INC000015915410;Priority 3;OK
FUN;ETH;FUN;INC;OK;INC000015915774;Priority 4;OK
DCF;DCF;FUN;INC;OK;INC000015915807;Priority 3;OK
FUN;LAT;FUN;INC;OK;INC000015916032;Priority 3;OK
FUN;812;FUN;INC;OK;INC000015916039;Priority 3;OK
FUN;LAT;FUN;SR;OK;INC000015916066;Priority 4;OK
TEC;DCF;TEC;INC;OK;INC000015916398;Priority 3;OK
SEC;DCF;SEC;SR;OK;INC000015916484;Priority 3;OK
FUN;ETH;FUN;INC;OK;INC000015916964;Priority 3;OK
L1;BWI;L1 ;INC;OK;INC000015917305;Priority 3;OK
SCH;LAT;SCH;INC;OK;INC000015917307;Priority 3;OK
FIN;812;FUN;INC;OK;INC000015917523;Priority 4;OK
FIN;812;FUN;INC;OK;INC000015917615;Priority 4;OK
FIN;812;FUN;INC;OK;INC000015917620;Priority 4;OK
FIN;812;FUN;INC;OK;INC000015917644;Priority 4;OK
FIN;812;FUN;INC;OK;INC000015917661;Priority 4;OK
FIN;812;FUN;INC;OK;INC000015917709;Priority 4;OK
FIN;812;FUN;INC;Defect;INC000015917769;Priority 4;OK
FIN;812;FUN;INC;OK;INC000015917783;Priority 4;OK
FIN;812;FUN;INC;OK;INC000015917873;Priority 4;OK
FUN;ETH;FUN;INC;OK;INC000015918089;Priority 3;OK
FUN;ETH;FUN;INC;OK;INC000015918149;Priority 3;OK
OPS;EDS;OPS;HK;OK;INC000015918569;Priority 3;OK
APS;ETH;APS;INC;OK;INC000015919679;Priority 4;OK
APS;ETH;APS;INC;OK;INC000015919682;Priority 4;OK
APS;ETH;APS;INC;OK;INC000015919685;Priority 4;OK
APS;ETH;APS;INC;OK;INC000015919687;Priority 4;OK
FUN;BWI;FUN;INC;OK;INC000015921028;Priority 3;OK
APS;DCF;APS;INC;OK;INC000015922251;Priority 4;OK
FUN;812;FUN;INC;OK;INC000015922270;Priority 4;OK
CNC;812;CNC;INC;OK;INC000015922383;Priority 3;OK
FIN;812;FUN;INC;OK;INC000015922543;Priority 4;OK
L1;812;MON;INC;OK;INC000015922700;Priority 3;OK
TEC;ETH;FUN;INC;OK;INC000015923046;Priority 4;OK
FUN;DXE;FUN;INC;OK;INC000015923426;Priority 3;OK
FIN;DCF;FUN;INC;OK;INC000015923438;Priority 4;OK
FIN;812;FUN;INC;OK;INC000015923493;Priority 4;OK
FUN;MNT;FUN;INC;OK;INC000015923506;Priority 3;OK
SEC;SYN;SEC;INC;OK;INC000015924509;Priority 4;OK
DBA;812;DBA;INC;OK;INC000015924598;Priority 3;OK
SEC;SYN;SEC;INC;OK;INC000015924675;Priority 3;OK
FIN;812;FUN;INC;OK;INC000015924791;Priority 4;OK
TEC;DCF;TEC;INC;OK;INC000015925481;Priority 3;OK
FUN;DCF;FUN;INC;OK;INC000015925844;Priority 3;OK
L1;BWI;L1 ;INC;OK;INC000015927778;Priority 3;OK
DCF;DCF;FUN;INC;OK;INC000015928952;Priority 3;OK
FIN;812;FUN;INC;OK;INC000015930203;Priority 4;OK
FUN;ETH;FUN;INC;OK;INC000015930874;Priority 3;OK
SEC;SYN;SEC;INC;OK;INC000015930921;Priority 4;OK
DCF;DCF;FUN;INC;OK;INC000015931654;Priority 3;OK
TEC;ETH;FUN;INC;OK;INC000015932218;Priority 4;OK
FUN;812;FUN;INC;OK;INC000015934739;Priority 4;OK
L1;812;L1 ;INC;OK;INC000015934988;Priority 4;OK
FUN;ETH;FUN;INC;OK;INC000015935337;Priority 4;OK
APS;DCF;APS;INC;OK;INC000015936157;Priority 4;OK
DCF;DCF;FUN;INC;OK;INC000015936319;Priority 3;OK
FUN;EMS;FUN;INC;OK;INC000015936574;Priority 4;OK
FIN;DXE;FUN;INC;OK;INC000015936669;Priority 3;OK
FUN;812;FUN;INC;OK;INC000015936719;Priority 4;OK
FUN;ETH;FUN;INC;OK;INC000015936792;Priority 2;OK
FIN;812;FUN;INC;OK;INC000015936943;Priority 4;OK
FUN;LAT;FUN;INC;OK;INC000015937256;Priority 3;OK
SEC;SYN;SEC;INC;OK;INC000015937688;Priority 4;OK
APS;ETH;APS;INC;OK;INC000015938043;Priority 4;OK
SEC;SYN;SEC;INC;OK;INC000015938152;Priority 3;OK
FUN;BWI;FUN;INC;OK;INC000015938917;Priority 3;OK
L1;BWI;L1 ;INC;OK;INC000015938961;Priority 4;OK
FUN;ETH;FUN;INC;OK;INC000015938991;Priority 3;OK
FUN;ETH;FUN;INC;OK;INC000015939002;Priority 3;OK
SEC;812;SEC;SR;OK;INC000015940736;Priority 3;OK
FUN;812;FUN;INC;OK;INC000015940996;Priority 4;OK
DBA;812;DBA;INC;OK;INC000015941495;Priority 4;OK
SEC;SYN;SEC;INC;OK;INC000015941957;Priority 3;OK
FUN;DXE;FUN;INC;OK;INC000015942364;Priority 3;OK
FUN;EES;FUN;INC;OK;INC000015942623;Priority 4;OK
FIN;812;FUN;INC;OK;INC000015942885;Priority 4;OK
APS;DCF;APS;INC;OK;INC000015943037;Priority 3;OK
FUN;MNT;FUN;INC;OK;INC000015943086;Priority 3;OK
FIN;812;FUN;INC;OK;INC000015943163;Priority 4;OK
FUN;LAT;FUN;INC;OK;INC000015943271;Priority 3;OK
TEC;DCF;TEC;INC;OK;INC000015944258;Priority 3;OK
FUN;DCF;FUN;INC;OK;INC000015944610;Priority 2;OK
APS;DCF;APS;INC;OK;INC000015946401;Priority 4;OK
FUN;MNT;FUN;INC;Defect;INC000015947564;Priority 3;OK
FUN;BWI;FUN;INC;OK;INC000015947731;Priority 4;OK
SCH;LAT;SCH;INC;OK;INC000015950539;Priority 3;OK
LEAD;DCF;FUN;INC;OK;INC000015950608;Priority 3;OK
APS;DCF;APS;INC;OK;INC000015951546;Priority 4;OK
FUN;MNT;FUN;INC;OK;INC000015953349;Priority 4;OK
FUN;812;FUN;INC;OK;INC000015955056;Priority 4;OK
FIN;812;FUN;INC;OK;INC000015955390;Priority 4;OK
DBA;812;DBA;INC;OK;INC000015955461;Priority 3;OK
FUN;DXE;FUN;INC;OK;INC000015955510;Priority 3;OK
TEC;DCF;TEC;INC;OK;INC000015956062;Priority 3;OK
FUN;DCF;FUN;SR;OK;INC000015956222;Priority 3;OK
FUN;812;FUN;INC;OK;INC000015956246;Priority 3;OK
FIN;812;FUN;INC;OK;INC000015956759;Priority 4;OK
L1;MNT;MON;SR;OK;INC000015957020;Priority 3;OK
FUN;812;FUN;INC;OK;INC000015957060;Priority 4;OK
L1;MNT;MON;SR;OK;INC000015957138;Priority 3;OK
FUN;MNT;FUN;INC;OK;INC000015957142;Priority 4;OK
FUN;LAT;FUN;INC;OK;INC000015957209;Priority 3;OK
FUN;MNT;FUN;INC;Defect;INC000015957423;Priority 3;OK
SEC;SYN;SEC;INC;OK;INC000015959592;Priority 3;OK
L1;MNT;MON;SR;OK;INC000015961564;Priority 4;OK
APS;ETH;APS;INC;OK;INC000015961648;Priority 4;OK
DBA;812;DBA;INC;OK;INC000015961828;Priority 3;OK
SEC;EMS;SEC;INC;OK;INC000015962256;Priority 3;OK
FIN;DCF;FUN;INC;OK;INC000015963081;Priority 4;OK
SEC;SYN;SEC;INC;OK;INC000015963261;Priority 3;OK
SEC;SYN;SEC;INC;OK;INC000015964316;Priority 4;OK
FUN;LAT;FUN;SR;OK;INC000015964858;Priority 4;OK
FUN;MNT;FUN;INC;OK;INC000015965263;Priority 4;OK
APS;ETH;FUN;INC;OK;INC000015965741;Priority 3;OK
FUN;BWI;FUN;INC;OK;INC000015966070;Priority 3;OK
FUN;EMS;FUN;INC;OK;INC000015966212;Priority 3;OK
CNC;EES;CNC;INC;OK;INC000015966240;Priority 4;OK
FUN;ETH;FUN;INC;OK;INC000015966242;Priority 4;OK
CNC;EES;CNC;INC;OK;INC000015966243;Priority 4;OK
DBA;812;DBA;INC;OK;INC000015966271;Priority 3;OK
DBA;812;DBA;INC;OK;INC000015966274;Priority 4;OK
DBA;812;DBA;INC;OK;INC000015966280;Priority 3;OK
CNC;EES;CNC;INC;OK;INC000015966307;Priority 4;OK
APS;DCF;APS;INC;OK;INC000015967181;Priority 3;OK
FUN;812;FUN;INC;OK;INC000015967768;Priority 4;OK
FUN;LAT;FUN;INC;OK;INC000015968834;Priority 3;OK
FUN;ETH;FUN;INC;OK;INC000015969075;Priority 3;OK
FUN;812;FUN;INC;OK;INC000015969281;Priority 3;OK
L1;812;MON;SR;OK;INC000015969409;Priority 4;OK
FIN;812;FUN;INC;OK;INC000015969579;Priority 4;OK
FUN;LAT;FUN;INC;OK;INC000015970025;Priority 4;OK
FUN;DCF;FUN;INC;OK;INC000015970093;Priority 3;OK
FUN;LAT;FUN;INC;OK;INC000015970135;Priority 3;OK
L1;812;MON;SR;OK;INC000015970603;Priority 3;OK
FIN;812;FUN;INC;OK;INC000015970685;Priority 4;OK
SEC;DCF;SEC;SR;OK;INC000015970910;Priority 4;OK
L1;BWI;L1 ;SR;OK;INC000015971194;Priority 4;OK
L1;MNT;MON;SR;OK;INC000015973323;Priority 4;OK
FIN;812;FUN;INC;OK;INC000015974047;Priority 4;OK
FUN;812;FUN;INC;OK;INC000015974309;Priority 3;OK
L1;MNT;MON;SR;OK;INC000015974677;Priority 4;OK
FIN;812;FUN;INC;OK;INC000015975378;Priority 4;OK
SEC;SYN;SEC;INC;OK;INC000015975514;Priority 3;OK
FIN;812;FUN;INC;OK;INC000015975918;Priority 4;OK
FUN;DXE;FUN;INC;OK;INC000015976246;Priority 3;OK
APS;ETH;APS;INC;OK;INC000015976362;Priority 3;OK
FUN;LAT;FUN;INC;OK;INC000015976926;Priority 3;OK
FUN;LAT;FUN;SR;OK;INC000015977257;Priority 4;OK
DBA;812;DBA;INC;OK;INC000015977337;Priority 4;OK
FUN;EMS;FUN;INC;OK;INC000015977582;Priority 4;OK
L1;BWI;L1 ;INC;OK;INC000015977600;Priority 4;OK
DBA;812;DBA;INC;OK;INC000015977829;Priority 4;OK
APS;DCF;APS;INC;OK;INC000015978523;Priority 3;OK
DBA;812;DBA;INC;OK;INC000015979865;Priority 4;OK
FIN;812;FUN;INC;OK;INC000015980387;Priority 3;OK
FUN;812;FUN;INC;OK;INC000015980428;Priority 3;OK
FUN;LAT;FUN;INC;OK;INC000015980749;Priority 4;OK
APS;EES;APS;INC;OK;INC000015981599;Priority 3;OK
FIN;812;FUN;INC;OK;INC000015981672;Priority 4;OK
FUN;BWI;FUN;INC;OK;INC000015982648;Priority 4;OK
FUN;BWI;FUN;INC;OK;INC000015982774;Priority 4;OK
FUN;BWI;FUN;INC;OK;INC000015982867;Priority 3;OK
L1;MNT;MON;SR;OK;INC000015983532;Priority 4;OK
APS;DCF;APS;INC;OK;INC000015983607;Priority 3;OK
CNC;812;CNC;INC;OK;INC000015984017;Priority 4;OK
SEC;EMS;SEC;INC;OK;INC000015984245;Priority 3;OK
FUN;ETH;FUN;INC;OK;INC000015984260;Priority 3;OK
CNC;812;CNC;INC;OK;INC000015984366;Priority 4;OK
CNC;812;CNC;INC;OK;INC000015984558;Priority 3;OK
FUN;MNT;FUN;INC;OK;INC000015985413;Priority 3;OK
FUN;MNT;FUN;INC;OK;INC000015985512;Priority 3;OK
FUN;MNT;FUN;INC;OK;INC000015985552;Priority 3;OK
FUN;MNT;FUN;INC;OK;INC000015985593;Priority 3;OK
FIN;MNT;FUN;INC;OK;INC000015985688;Priority 3;OK
CNC;MNT;CNC;INC;OK;INC000015986137;Priority 3;OK
FIN;MNT;FUN;INC;OK;INC000015986304;Priority 3;OK
FIN;MNT;FUN;INC;OK;INC000015986506;Priority 3;OK
APS;DCF;APS;INC;OK;INC000015986534;Priority 4;OK
FIN;MNT;FUN;INC;OK;INC000015986662;Priority 3;OK
APS;EES;APS;INC;OK;INC000015987407;Priority 3;OK
FUN;ETH;FUN;INC;OK;INC000015990405;Priority 3;OK
FUN;BWI;FUN;INC;OK;INC000015990594;Priority 4;OK
FUN;BWI;FUN;INC;OK;INC000015990635;Priority 4;OK
APS;ETH;APS;INC;OK;INC000015990753;Priority 4;OK
FUN;BWI;FUN;INC;OK;INC000015991287;Priority 4;OK
FUN;ETH;FUN;INC;OK;INC000015992239;Priority 3;OK
FUN;LAT;FUN;SR;OK;INC000015993347;Priority 4;OK
FUN;BWI;FUN;INC;OK;INC000015993366;Priority 3;OK
APS;DCF;APS;INC;OK;INC000015994016;Priority 3;OK
FIN;812;FUN;INC;OK;INC000015995477;Priority 4;OK
DBA;812;DBA;INC;OK;INC000015996100;Priority 3;OK
SEC;EMS;SEC;INC;OK;INC000015996435;Priority 3;OK
FUN;BWI;FUN;INC;OK;INC000015996650;Priority 4;OK
APS;DCF;APS;INC;OK;INC000015997325;Priority 4;OK
FIN;812;FUN;INC;OK;INC000015997467;Priority 4;OK
SEC;SYN;SEC;INC;OK;INC000015998039;Priority 4;OK
SEC;SYN;SEC;INC;OK;INC000015998227;Priority 3;OK
FUN;BWI;FUN;INC;OK;INC000015998245;Priority 3;OK
SEC;SYN;SEC;INC;OK;INC000015998514;Priority 3;OK
SEC;SYN;SEC;INC;OK;INC000015998556;Priority 3;OK
FUN;812;FUN;INC;OK;INC000016000672;Priority 4;OK
FUN;DCF;FUN;INC;OK;INC000016000894;Priority 3;OK
FUN;DCF;FUN;INC;OK;INC000016001111;Priority 3;OK
FUN;EMS;FUN;INC;OK;INC000016001816;Priority 3;OK
SEC;SYN;SEC;INC;OK;INC000016002440;Priority 4;OK
FUN;BWI;FUN;INC;OK;INC000016002928;Priority 4;OK
FUN;BWI;FUN;INC;OK;INC000016003423;Priority 3;OK
L1;BWI;L1 ;SR;OK;INC000016003524;Priority 4;OK
CNC;MNT;CNC;INC;OK;INC000016004260;Priority 3;OK
FUN;COR;FUN;INC;OK;INC000016004323;Priority 3;OK
FUN;812;FUN;INC;OK;INC000016006597;Priority 4;OK
APS;DCF;APS;INC;OK;INC000016007674;Priority 4;OK
L1;MNT;MON;SR;OK;INC000016008622;Priority 4;OK
FUN;LAT;FUN;INC;OK;INC000016008810;Priority 4;OK
SEC;SYN;SEC;INC;OK;INC000016009994;Priority 4;OK
FUN;MNT;FUN;INC;OK;INC000016012568;Priority 4;OK
APS;DCF;APS;INC;OK;INC000016013086;Priority 4;OK
APS;ETH;FUN;INC;OK;INC000016013502;Priority 4;OK
FUN;BWI;FUN;INC;OK;INC000016014557;Priority 4;OK
SCH;LAT;SCH;INC;OK;INC000016017726;Priority 4;OK
SCH;LAT;SCH;INC;OK;INC000016018556;Priority 4;OK
SCH;LAT;SCH;INC;OK;INC000016018558;Priority 4;OK
SCH;LAT;SCH;INC;OK;INC000016018559;Priority 4;OK
SCH;LAT;SCH;INC;OK;INC000016018561;Priority 4;OK
SCH;LAT;SCH;INC;OK;INC000016018562;Priority 4;OK
SCH;LAT;SCH;INC;OK;INC000016018566;Priority 4;OK
SCH;LAT;SCH;INC;OK;INC000016018571;Priority 4;OK
SCH;LAT;SCH;INC;OK;INC000016018573;Priority 4;OK
SCH;LAT;SCH;INC;OK;INC000016020249;Priority 4;OK
SCH;LAT;SCH;INC;OK;INC000016020750;Priority 4;OK
SCH;LAT;SCH;INC;OK;INC000016020758;Priority 4;OK
SCH;LAT;SCH;INC;OK;INC000016020759;Priority 4;OK
SCH;LAT;SCH;INC;OK;INC000016020763;Priority 4;OK
SCH;LAT;SCH;INC;OK;INC000016020769;Priority 4;OK
L1;MNT;MON;SR;OK;INC000016022836;Priority 4;OK
APS;ETH;FUN;INC;OK;INC000016024426;Priority 4;OK
FIN;812;FUN;INC;OK;INC000016025240;Priority 4;OK
FUN;812;FUN;INC;OK;INC000016025347;Priority 4;OK
FUN;BWI;FUN;INC;OK;INC000016025490;Priority 4;OK
FUN;LAT;FUN;INC;OK;INC000016026209;Priority 4;OK
APS;DCF;APS;INC;OK;INC000016027859;Priority 4;OK
FIN;812;FUN;INC;OK;INC000016029221;Priority 4;OK
FUN;MNT;FUN;INC;OK;INC000016029611;Priority 4;OK
FIN;DCF;FUN;INC;OK;INC000016029872;Priority 4;OK
FIN;DCF;FUN;INC;OK;INC000016030243;Priority 4;OK
L1;812;MON;SR;OK;INC000016030309;Priority 4;OK
FUN;LAT;FUN;SR;OK;INC000016031461;Priority 4;OK
FIN;812;FUN;INC;OK;INC000016032137;Priority 4;OK
FIN;LAT;FUN;INC;OK;INC000016032473;Priority 4;OK
FIN;DCF;FUN;INC;OK;INC000016035327;Priority 4;OK
FUN;812;FUN;INC;OK;INC000016035361;Priority 4;OK
FIN;812;FUN;INC;OK;INC000016035592;Priority 4;OK
FIN;LAT;FUN;INC;OK;INC000016035948;Priority 4;OK
FIN;812;FUN;INC;OK;INC000016036317;Priority 4;OK
FIN;812;FUN;INC;OK;INC000016036392;Priority 4;OK
FUN;DXE;FUN;INC;OK;INC000016036622;Priority 4;OK
FIN;LAT;FUN;INC;OK;INC000016036966;Priority 4;OK
FUN;LAT;FUN;INC;OK;INC000016038211;Priority 4;OK
FIN;LAT;FUN;INC;OK;INC000016038232;Priority 4;OK
FIN;812;FUN;INC;OK;INC000016040310;Priority 4;OK
FIN;812;FUN;INC;OK;INC000016040344;Priority 4;OK
FIN;DCF;FUN;INC;OK;INC000016041193;Priority 4;OK
FUN;ETH;FUN;INC;OK;INC000016041254;Priority 3;OK
L1;DPY;CNC;SR;OK;INC000016041369;Priority 3;OK
FUN;BWI;FUN;INC;OK;INC000016041375;Priority 4;OK
FUN;812;FUN;INC;OK;INC000016041602;Priority 4;OK
FUN;LAT;FUN;INC;OK;INC000016041858;Priority 3;OK
FIN;DXE;FUN;INC;OK;INC000016044223;Priority 4;OK
FUN;DCF;FUN;INC;OK;INC000016044659;Priority 4;OK
DCF;DCF;FUN;SR;OK;INC000016045120;Priority 3;OK
FUN;BWI;FUN;INC;OK;INC000016045288;Priority 4;OK
APS;DCF;APS;INC;OK;INC000016045879;Priority 3;OK
FUN;812;FUN;INC;OK;INC000016046344;Priority 4;OK
FIN;812;FUN;INC;OK;INC000016046443;Priority 4;OK
APS;DCF;APS;INC;OK;INC000016047559;Priority 3;OK
OPS;EDS;OPS;HK;OK;INC000016047721;Priority 4;OK
FIN;BWI;FUN;INC;OK;INC000016048713;Priority 3;OK
FUN;EMS;FUN;INC;OK;INC000016049360;Priority 4;OK
FUN;WS;FUN;INC;OK;INC000016050345;Priority 3;OK
TEC;DCF;TEC;INC;OK;INC000016051447;Priority 3;OK
FUN;DCF;FUN;INC;OK;INC000016052111;Priority 3;OK
FUN;DCF;FUN;INC;OK;INC000016052613;Priority 3;OK
FIN;812;FUN;INC;OK;INC000016052619;Priority 4;OK
FUN;812;FUN;INC;OK;INC000016053134;Priority 4;OK
TEC;DCF;TEC;INC;OK;INC000016053207;Priority 3;OK
OPS;EMS;OPS;INC;OK;INC000016053289;Priority 3;OK
FUN;EDS;FUN;INC;OK;INC000016053337;Priority 4;OK
APS;DCF;APS;INC;OK;INC000016053475;Priority 4;OK
FUN;BWI;FUN;INC;Defect;INC000016054146;Priority 4;OK
APS;ETH;APS;INC;OK;INC000016054194;Priority 4;OK
FUN;EMS;FUN;INC;OK;INC000016054381;Priority 4;OK
FUN;EMS;FUN;INC;OK;INC000016054438;Priority 4;OK
FUN;LAT;FUN;INC;OK;INC000016054877;Priority 3;OK
TEC;DCF;TEC;INC;OK;INC000016054950;Priority 3;OK
SEC;SYN;SEC;INC;OK;INC000016054956;Priority 4;OK
LEAD;DCF;FUN;INC;OK;INC000016055314;Priority 3;OK
LEAD;DCF;FUN;INC;OK;INC000016055320;Priority 3;OK
FUN;BWI;FUN;INC;OK;INC000016055501;Priority 3;OK
LEAD;DCF;FUN;INC;OK;INC000016055654;Priority 3;OK
FIN;BWI;FUN;INC;Defect;INC000016055877;Priority 4;OK
SEC;SYN;SEC;INC;OK;INC000016056035;Priority 3;OK
L1;MNT;MON;SR;OK;INC000016056671;Priority 4;OK
FUN;DCF;FUN;INC;OK;INC000016056902;Priority 3;OK
TEC;DCF;TEC;INC;OK;INC000016057580;Priority 4;OK
FUN;DCF;FUN;INC;OK;INC000016057641;Priority 3;OK
FUN;WS;FUN;INC;OK;INC000016057962;Priority 4;OK
FUN;812;FUN;INC;OK;INC000016058098;Priority 3;OK
LEAD;DCF;FUN;INC;OK;INC000016058141;Priority 3;OK
LEAD;DCF;FUN;INC;OK;INC000016058228;Priority 3;OK
LEAD;DCF;FUN;INC;OK;INC000016058350;Priority 3;OK
L1;MNT;MON;SR;OK;INC000016058695;Priority 4;OK
FUN;BWI;FUN;INC;OK;INC000016059251;Priority 4;OK
SEC;SYN;SEC;INC;OK;INC000016060484;Priority 3;OK
FUN;DCF;FUN;INC;OK;INC000016061411;Priority 3;OK
FUN;ETH;FUN;INC;OK;INC000016061856;Priority 3;OK
FUN;ETH;FUN;INC;OK;INC000016062040;Priority 4;OK
DBA;812;DBA;INC;OK;INC000016062066;Priority 3;OK
DBA;812;DBA;INC;OK;INC000016062864;Priority 3;OK
SEC;ETH;SEC;INC;OK;INC000016063599;Priority 4;OK
SEC;812;SEC;INC;OK;INC000016063708;Priority 3;OK
SEC;DCF;SEC;SR;OK;INC000016063735;Priority 4;OK
DBA;812;DBA;INC;OK;INC000016063907;Priority 4;OK
FIN;812;FUN;INC;Defect;INC000016064331;Priority 4;OK
TEC;DCF;TEC;INC;OK;INC000016065412;Priority 3;OK
FUN;DCF;FUN;INC;OK;INC000016065543;Priority 4;OK
SEC;SYN;SEC;INC;OK;INC000016065585;Priority 3;OK
FIN;DCF;FUN;INC;OK;INC000016065622;Priority 4;OK
APS;EES;APS;INC;OK;INC000016065882;Priority 3;OK
FUN;DCF;FUN;INC;OK;INC000016065985;Priority 3;OK
DCF;DCF;FUN;SR;OK;INC000016066087;Priority 3;OK
FUN;LAT;FUN;INC;OK;INC000016066457;Priority 3;OK
FUN;BWI;FUN;SR;OK;INC000016067012;Priority 3;OK
FUN;ETH;FUN;INC;OK;INC000016067181;Priority 4;OK
FUN;ETH;FUN;INC;OK;INC000016067664;Priority 3;OK
FUN;812;FUN;INC;OK;INC000016070664;Priority 4;OK
FUN;WS;FUN;INC;OK;INC000016070855;Priority 3;OK
FUN;WS;FUN;INC;OK;INC000016070867;Priority 3;OK
FUN;LAT;FUN;INC;OK;INC000016071018;Priority 4;OK
FIN;DCF;FUN;INC;OK;INC000016071193;Priority 4;OK
FUN;WS;FUN;INC;OK;INC000016071606;Priority 4;OK
FUN;812;FUN;INC;OK;INC000016072485;Priority 4;OK
L1;BWI;L1 ;INC;OK;INC000016073553;Priority 4;OK
FUN;ETH;FUN;INC;OK;INC000016073589;Priority 3;OK
APS;DCF;APS;INC;OK;INC000016074999;Priority 3;OK
TEC;DCF;TEC;INC;OK;INC000016075159;Priority 3;OK
FUN;812;FUN;INC;OK;INC000016076781;Priority 4;OK
FUN;BWI;FUN;INC;OK;INC000016077076;Priority 4;OK
FUN;EES;FUN;INC;OK;INC000016077971;Priority 4;OK
SEC;DCF;SEC;SR;OK;INC000016078856;Priority 4;OK
FUN;ETH;FUN;INC;OK;INC000016079164;Priority 4;OK
APS;DCF;APS;INC;OK;INC000016080436;Priority 4;OK
SCH;LAT;SCH;INC;OK;INC000016080637;Priority 3;OK
DCF;DCF;FUN;INC;OK;INC000016081140;Priority 3;OK
OPS;EDS;OPS;HK;OK;INC000016081416;Priority 3;OK
APS;DCF;APS;INC;OK;INC000016083263;Priority 3;OK
FIN;DCF;FUN;INC;OK;INC000016084289;Priority 3;OK
APS;ETH;FUN;INC;OK;INC000016085800;Priority 4;OK
APS;ETH;FUN;INC;OK;INC000016085860;Priority 3;OK
FUN;812;FUN;INC;OK;INC000016086148;Priority 4;OK
TEC;DCF;TEC;INC;OK;INC000016086298;Priority 3;OK
FIN;DCF;FUN;INC;OK;INC000016086588;Priority 4;OK
FUN;DCF;FUN;INC;OK;INC000016086824;Priority 4;OK
FUN;LAT;FUN;INC;OK;INC000016087106;Priority 3;OK
DCF;DCF;FUN;INC;OK;INC000016087244;Priority 3;OK
DBA;812;DBA;INC;OK;INC000016089088;Priority 3;OK
DBA;812;DBA;INC;OK;INC000016089089;Priority 3;OK
FIN;812;FUN;INC;OK;INC000016090268;Priority 4;OK
FIN;812;FUN;INC;OK;INC000016090628;Priority 4;OK
FUN;812;FUN;INC;OK;INC000016090823;Priority 4;OK
FIN;812;FUN;SR;OK;INC000016091616;Priority 4;OK
L1;812;MON;SR;OK;INC000016091835;Priority 4;OK
L1;812;MON;SR;OK;INC000016091902;Priority 4;OK
FUN;DXE;FUN;INC;OK;INC000016091931;Priority 3;OK
FUN;LAT;FUN;INC;OK;INC000016092005;Priority 3;OK
FUN;812;FUN;INC;OK;INC000016092069;Priority 4;OK
FUN;812;FUN;INC;OK;INC000016092210;Priority 3;OK
FUN;LAT;FUN;SR;OK;INC000016093471;Priority 3;OK
FIN;812;FUN;INC;OK;INC000016093650;Priority 4;OK
FUN;LAT;FUN;INC;OK;INC000016094155;Priority 3;OK
SEC;SYN;SEC;INC;OK;INC000016094425;Priority 4;OK
FUN;DCF;FUN;INC;OK;INC000016094453;Priority 4;OK
APS;ETH;FUN;INC;OK;INC000016094590;Priority 3;OK
TEC;DCF;TEC;INC;OK;INC000016096701;Priority 4;OK
FUN;DCF;FUN;INC;OK;INC000016097231;Priority 3;OK
FUN;EMS;FUN;INC;OK;INC000016097751;Priority 4;OK
TEC;DCF;TEC;INC;OK;INC000016097989;Priority 3;OK
SEC;EDS;SEC;INC;OK;INC000016098359;Priority 4;OK
FUN;DCF;FUN;INC;OK;INC000016099006;Priority 3;OK
FUN;DCF;FUN;INC;OK;INC000016100640;Priority 3;OK
FIN;DCF;FUN;INC;OK;INC000016100872;Priority 4;OK
APS;ETH;APS;INC;OK;INC000016102863;Priority 4;OK
FUN;812;FUN;INC;OK;INC000016103387;Priority 4;OK
APS;EES;APS;INC;OK;INC000016104611;Priority 3;OK
FIN;812;FUN;INC;OK;INC000016104745;Priority 4;OK
FUN;LAT;FUN;INC;OK;INC000016104859;Priority 3;OK
FIN;LAT;FUN;INC;OK;INC000016105034;Priority 4;OK
FUN;LAT;FUN;INC;OK;INC000016105057;Priority 3;OK
L1;812;MON;SR;OK;INC000016105205;Priority 4;OK
FIN;812;FUN;INC;OK;INC000016105463;Priority 4;OK
FUN;LAT;FUN;SR;OK;INC000016106381;Priority 4;OK
FUN;LAT;FUN;INC;OK;INC000016106626;Priority 3;OK
SEC;SYN;SEC;INC;OK;INC000016106846;Priority 4;OK
FUN;LAT;FUN;SR;OK;INC000016107215;Priority 4;OK
APS;DCF;APS;INC;OK;INC000016108154;Priority 3;OK
FUN;BWI;FUN;INC;OK;INC000016110761;Priority 4;OK
FUN;BWI;FUN;INC;OK;INC000016111810;Priority 4;OK
L1;BWI;L1 ;INC;OK;INC000016112527;Priority 3;OK
DCF;DCF;FUN;INC;OK;INC000016115182;Priority 4;OK
CNC;812;CNC;INC;OK;INC000016115470;Priority 3;OK
OPS;EDS;OPS;HK;OK;INC000016115535;Priority 4;OK
FUN;ETH;FUN;INC;OK;INC000016117135;Priority 3;OK
LEAD;DCF;FUN;INC;OK;INC000016117669;Priority 3;OK
APS;DCF;APS;INC;OK;INC000016117877;Priority 3;OK
FUN;812;FUN;INC;OK;INC000016118633;Priority 3;OK
FUN;DCF;FUN;INC;OK;INC000016118948;Priority 3;OK
SCH;812;SCH;INC;OK;INC000016119480;Priority 4;OK
OPS;EMS;OPS;HK;OK;INC000016119482;Priority 4;OK
CNC;812;CNC;INC;OK;INC000016119502;Priority 4;OK
L1;812;MON;SR;OK;INC000016120199;Priority 3;OK
FUN;812;FUN;INC;OK;INC000016120937;Priority 3;OK
FUN;BWI;FUN;INC;OK;INC000016121027;Priority 4;OK
FUN;ETH;FUN;INC;OK;INC000016121308;Priority 3;OK
L1;812;MON;INC;OK;INC000016121327;Priority 3;OK
FUN;DCF;FUN;SR;OK;INC000016121852;Priority 3;OK
DCF;DCF;FUN;SR;OK;INC000016123428;Priority 3;OK
FUN;BWI;FUN;INC;OK;INC000016123923;Priority 3;OK
FIN;812;FUN;INC;OK;INC000016125982;Priority 4;OK
L1;812;MON;SR;OK;INC000016126960;Priority 3;OK
L1;MNT;MON;SR;OK;INC000016127432;Priority 4;OK
FUN;812;FUN;INC;OK;INC000016127495;Priority 3;OK
SEC;DCF;SEC;SR;OK;INC000016127712;Priority 3;OK
TEC;DCF;TEC;INC;OK;INC000016127826;Priority 3;OK
SEC;SYN;SEC;INC;OK;INC000016127845;Priority 3;OK
FUN;ETH;FUN;INC;OK;INC000016129250;Priority 3;OK
CNC;812;CNC;INC;OK;INC000016130654;Priority 3;OK
FUN;DCF;FUN;SR;OK;INC000016132040;Priority 4;OK
SEC;EMS;SEC;INC;OK;INC000016132111;Priority 3;OK
FIN;DCF;FUN;INC;OK;INC000016133042;Priority 3;OK
DCF;DCF;FUN;INC;OK;INC000016133408;Priority 3;OK
SEC;BWI;SEC;INC;OK;INC000016134457;Priority 4;OK
TEC;DCF;TEC;INC;OK;INC000016134917;Priority 3;OK
L1;MNT;MON;SR;OK;INC000016135312;Priority 4;OK
APS;DCF;APS;INC;OK;INC000016139260;Priority 4;OK
DCF;DCF;FUN;INC;OK;INC000016140139;Priority 3;OK
CNC;ETH;L1 ;INC;OK;INC000016140356;Priority 4;OK
FUN;BWI;FUN;INC;OK;INC000016144516;Priority 4;OK
FUN;BWI;FUN;INC;OK;INC000016146361;Priority 4;OK
APS;DCF;APS;INC;OK;INC000016148180;Priority 3;OK
OPS;EMS;OPS;HK;OK;INC000016148710;Priority 4;OK
APS;DCF;APS;INC;OK;INC000016148790;Priority 4;OK
APS;DCF;APS;INC;OK;INC000016149187;Priority 4;OK
FIN;812;FUN;INC;Defect;INC000016151932;Priority 4;OK
TEC;DCF;FUN;INC;OK;INC000016151949;Priority 4;OK
FIN;812;FUN;INC;OK;INC000016151954;Priority 4;OK
FIN;812;FUN;INC;OK;INC000016152033;Priority 4;OK
FIN;812;FUN;INC;OK;INC000016152280;Priority 4;OK
FUN;LAT;FUN;INC;OK;INC000016152308;Priority 4;OK
L1;MNT;MON;SR;OK;INC000016152616;Priority 4;OK
FUN;WS;FUN;INC;OK;INC000016153184;Priority 4;OK
FIN;812;FUN;INC;OK;INC000016153222;Priority 4;OK
FIN;812;FUN;INC;OK;INC000016153951;Priority 4;OK
FIN;812;FUN;INC;OK;INC000016154176;Priority 4;OK
FIN;LAT;FUN;INC;OK;INC000016155542;Priority 4;OK
L1;MNT;MON;SR;OK;INC000016156967;Priority 4;OK
FIN;812;FUN;INC;OK;INC000016157857;Priority 4;OK
FIN;DCF;FUN;INC;OK;INC000016158782;Priority 4;OK
FUN;EMS;FUN;INC;OK;INC000016160162;Priority 4;OK
SEC;SYN;SEC;INC;OK;INC000016161467;Priority 4;OK
FUN;812;FUN;INC;OK;INC000016163089;Priority 4;OK
FUN;DCF;FUN;INC;OK;INC000016163602;Priority 4;OK
FIN;812;FUN;INC;OK;INC000016163745;Priority 4;OK
FIN;812;FUN;INC;OK;INC000016163771;Priority 4;OK
FUN;EMS;FUN;INC;OK;INC000016163898;Priority 4;OK
FUN;DXE;FUN;INC;OK;INC000016164057;Priority 4;OK
FUN;812;FUN;INC;OK;INC000016164244;Priority 4;OK
FUN;ETH;FUN;INC;OK;INC000016166815;Priority 4;OK
L1;812;MON;SR;OK;INC000016167794;Priority 4;OK
FUN;812;FUN;INC;OK;INC000016168847;Priority 4;OK
FUN;812;FUN;INC;OK;INC000016169400;Priority 4;OK
FUN;812;FUN;INC;OK;INC000016169440;Priority 4;OK
FUN;BWI;FUN;INC;OK;INC000016169464;Priority 4;OK
FIN;812;FUN;INC;OK;INC000016169544;Priority 4;OK
FIN;812;FUN;INC;OK;INC000016169763;Priority 4;OK
FUN;EES;FUN;INC;OK;INC000016169969;Priority 4;OK
FIN;812;FUN;INC;OK;INC000016170027;Priority 4;OK
FUN;812;FUN;INC;OK;INC000016172624;Priority 4;OK
FIN;812;FUN;INC;OK;INC000016172721;Priority 4;OK
FIN;812;FUN;INC;OK;INC000016172833;Priority 4;OK
FIN;DXE;FUN;INC;OK;INC000016173445;Priority 4;OK
FUN;WS;FUN;INC;OK;INC000016176998;Priority 4;OK
FIN;812;FUN;INC;OK;INC000016177670;Priority 3;OK
TEC;DCF;FUN;INC;OK;INC000016177818;Priority 3;OK
TEC;DCF;FUN;INC;OK;INC000016178303;Priority 3;OK
FIN;812;FUN;INC;OK;INC000016179717;Priority 4;OK
FUN;EDS;FUN;INC;OK;INC000016180186;Priority 4;OK
FUN;812;FUN;INC;OK;INC000016180211;Priority 4;OK
FIN;812;FUN;INC;OK;INC000016180509;Priority 3;OK
FIN;DCF;FUN;INC;OK;INC000016180662;Priority 4;OK
FUN;LAT;FUN;INC;OK;INC000016180798;Priority 3;OK
FIN;812;FUN;INC;OK;INC000016180832;Priority 4;OK
FUN;812;FUN;INC;Defect;INC000016180967;Priority 4;OK
SEC;SYN;SEC;INC;OK;INC000016181762;Priority 3;OK
SEC;SYN;SEC;INC;OK;INC000016182072;Priority 4;OK
FUN;LAT;FUN;INC;OK;INC000016182365;Priority 3;OK
FIN;812;FUN;INC;OK;INC000016183532;Priority 4;OK
FUN;812;FUN;INC;OK;INC000016183560;Priority 4;OK
CNC;812;CNC;INC;OK;INC000016183720;Priority 4;OK
DBA;812;DBA;INC;OK;INC000016183729;Priority 3;OK
FIN;812;FUN;INC;OK;INC000016183774;Priority 4;OK
FIN;812;FUN;INC;OK;INC000016183778;Priority 4;OK
FIN;DXE;FUN;INC;OK;INC000016184026;Priority 4;OK
FUN;DXE;FUN;INC;OK;INC000016184172;Priority 4;OK
TEC;DCF;FUN;INC;OK;INC000016184391;Priority 3;OK
FIN;812;FUN;INC;OK;INC000016184405;Priority 4;OK
APS;EES;APS;INC;Defect;INC000016184504;Priority 4;OK
FUN;BWI;FUN;INC;OK;INC000016184523;Priority 4;OK
FUN;LAT;FUN;INC;Defect;INC000016185076;Priority 4;OK
CNC;DPY;CNC;INC;OK;INC000016185553;Priority 4;OK
FUN;ETH;FUN;INC;OK;INC000016185704;Priority 4;OK
SEC;SYN;SEC;INC;OK;INC000016185922;Priority 3;OK
FIN;812;FUN;INC;OK;INC000016187055;Priority 4;OK
FIN;812;FUN;INC;OK;INC000016187187;Priority 4;OK
FIN;812;FUN;INC;OK;INC000016187542;Priority 4;OK
FIN;DCF;FUN;INC;OK;INC000016187759;Priority 3;OK
FUN;BWI;FUN;INC;OK;INC000016188024;Priority 4;OK
FIN;812;FUN;INC;OK;INC000016188059;Priority 4;OK
FIN;812;FUN;INC;OK;INC000016188111;Priority 4;OK
FIN;812;FUN;INC;OK;INC000016188134;Priority 4;OK
FIN;812;FUN;INC;OK;INC000016188207;Priority 4;OK
FIN;812;FUN;INC;OK;INC000016188479;Priority 4;OK
FIN;812;FUN;INC;OK;INC000016188982;Priority 4;OK
FIN;812;FUN;INC;OK;INC000016189052;Priority 4;OK
FUN;BWI;FUN;INC;OK;INC000016189399;Priority 4;OK
DBA;812;DBA;INC;OK;INC000016189787;Priority 3;OK
FIN;812;FUN;INC;OK;INC000016190624;Priority 4;OK
FIN;812;FUN;INC;OK;INC000016190809;Priority 4;OK
DBA;812;DBA;INC;OK;INC000016190917;Priority 4;OK
FUN;BWI;FUN;INC;OK;INC000016190971;Priority 4;OK
FUN;ETH;FUN;INC;OK;INC000016191432;Priority 4;OK
FUN;LAT;FUN;INC;OK;INC000016191731;Priority 3;OK
FUN;MNT;FUN;INC;OK;INC000016191950;Priority 3;OK
FIN;DCF;FUN;INC;OK;INC000016192379;Priority 4;OK
CNC;812;CNC;INC;OK;INC000016193423;Priority 3;OK
FIN;BWI;FUN;INC;Defect;INC000016194204;Priority 4;OK
FUN;WS;FUN;INC;OK;INC000016194493;Priority 4;OK
L1;ETH;CNC;INC;OK;INC000016194574;Priority 4;OK
FUN;812;FUN;INC;OK;INC000016194831;Priority 3;OK
FUN;DCF;FUN;INC;OK;INC000016195062;Priority 3;OK
FUN;LAT;FUN;INC;OK;INC000016195135;Priority 3;OK
FIN;812;FUN;INC;OK;INC000016195206;Priority 4;OK
FIN;812;FUN;INC;OK;INC000016195231;Priority 4;OK
TEC;DCF;FUN;INC;OK;INC000016195313;Priority 3;OK
FUN;WS;FUN;INC;OK;INC000016195407;Priority 4;OK
CNC;ETH;L1 ;INC;OK;INC000016195583;Priority 4;OK
TEC;ETH;FUN;INC;OK;INC000016195884;Priority 4;OK
FIN;812;FUN;INC;OK;INC000016195887;Priority 4;OK
FUN;BWI;FUN;INC;OK;INC000016195896;Priority 4;OK
FIN;812;FUN;INC;OK;INC000016196024;Priority 3;OK
APS;DCF;APS;INC;OK;INC000016197107;Priority 3;OK
FIN;812;FUN;INC;OK;INC000016198201;Priority 3;OK
FIN;DXE;FUN;SR;OK;INC000016198436;Priority 3;OK
FIN;812;FUN;INC;OK;INC000016198590;Priority 4;OK
FUN;ETH;FUN;INC;OK;INC000016199180;Priority 3;OK
FIN;812;FUN;INC;OK;INC000016199461;Priority 4;OK
FUN;812;FUN;INC;OK;INC000016199485;Priority 3;OK
SEC;SYN;SEC;INC;OK;INC000016199779;Priority 3;OK
FUN;BWI;FUN;INC;OK;INC000016200232;Priority 4;OK
FUN;812;FUN;INC;OK;INC000016200376;Priority 3;OK
FIN;812;FUN;INC;OK;INC000016200655;Priority 4;OK
OPS;WS;OPS;HK;OK;INC000016201368;Priority 3;OK
SEC;SYN;SEC;INC;OK;INC000016201441;Priority 4;OK
APS;DCF;APS;INC;OK;INC000016201830;Priority 3;OK
FIN;LAT;FUN;INC;OK;INC000016202226;Priority 4;OK
FIN;LAT;FUN;INC;OK;INC000016202257;Priority 4;OK
SEC;SYN;SEC;INC;Defect;INC000016202471;Priority 3;OK
FUN;LAT;FUN;INC;OK;INC000016203343;Priority 4;OK
SEC;SYN;SEC;INC;OK;INC000016203727;Priority 4;OK
DCF;DCF;FUN;INC;OK;INC000016203796;Priority 4;OK
FUN;WS;FUN;INC;OK;INC000016205024;Priority 3;OK
SEC;SYN;SEC;INC;OK;INC000016205501;Priority 4;OK
TEC;DCF;FUN;INC;OK;INC000016205852;Priority 3;OK
FIN;812;FUN;INC;OK;INC000016206176;Priority 4;OK
FUN;812;FUN;INC;OK;INC000016207294;Priority 4;OK
SEC;SYN;SEC;INC;OK;INC000016207340;Priority 3;OK
SEC;SYN;SEC;INC;OK;INC000016207877;Priority 4;OK
SEC;SYN;SEC;INC;OK;INC000016208348;Priority 3;OK
DCF;DCF;FUN;INC;OK;INC000016208492;Priority 3;OK
OPS;WS;OPS;HK;OK;INC000016208606;Priority 3;OK
SEC;SYN;SEC;INC;OK;INC000016209016;Priority 4;OK
DCF;DCF;FUN;INC;OK;INC000016209262;Priority 4;OK
DCF;DCF;FUN;INC;OK;INC000016209712;Priority 4;OK
SEC;EES;FUN;INC;OK;INC000016209853;Priority 4;OK
L1;BWI;L1 ;SR;OK;INC000016209868;Priority 4;OK
SEC;SYN;SEC;INC;OK;INC000016209990;Priority 4;OK
SEC;SYN;SEC;INC;OK;INC000016210243;Priority 4;OK
TEC;DCF;FUN;INC;OK;INC000016211378;Priority 3;OK
FUN;DCF;FUN;INC;OK;INC000016211555;Priority 3;OK
FUN;DXE;FUN;INC;OK;INC000016212528;Priority 4;OK
FUN;BWI;FUN;INC;OK;INC000016212712;Priority 4;OK
FUN;DCF;FUN;INC;OK;INC000016213437;Priority 4;OK
FUN;LAT;FUN;INC;OK;INC000016213449;Priority 3;OK
FUN;BWI;FUN;INC;OK;INC000016213780;Priority 4;OK
SEC;SYN;SEC;INC;OK;INC000016214532;Priority 4;OK
FUN;BWI;FUN;INC;OK;INC000016215560;Priority 4;OK
FUN;DXE;FUN;INC;OK;INC000016217124;Priority 3;OK
FIN;DXE;FUN;SR;OK;INC000016217576;Priority 3;OK
FUN;BWI;FUN;INC;OK;INC000016218180;Priority 4;OK
FUN;LAT;FUN;INC;OK;INC000016218833;Priority 4;OK
TEC;ETH;FUN;INC;OK;INC000016218881;Priority 4;OK
FUN;LAT;FUN;INC;OK;INC000016219108;Priority 3;OK
FUN;ETH;FUN;INC;OK;INC000016219730;Priority 4;OK
CNC;LAT;CNC;INC;OK;INC000016219794;Priority 4;OK
FIN;BWI;FUN;INC;OK;INC000016219822;Priority 4;OK
SEC;DCF;SEC;SR;OK;INC000016220345;Priority 4;OK
FUN;DCF;FUN;INC;OK;INC000016220684;Priority 4;OK
FUN;ETH;FUN;INC;OK;INC000016220685;Priority 3;OK
FIN;812;FUN;INC;OK;INC000016222101;Priority 4;OK
FUN;WS;FUN;INC;OK;INC000016223238;Priority 3;OK
OPS;EMS;OPS;HK;OK;INC000016223262;Priority 4;OK
DBA;812;DBA;INC;OK;INC000016223727;Priority 3;OK
CNC;DCF;CNC;INC;OK;INC000016226025;Priority 3;OK
FUN;812;FUN;INC;OK;INC000016226090;Priority 3;OK
FUN;812;FUN;INC;OK;INC000016226168;Priority 3;OK
FUN;DCF;FUN;INC;OK;INC000016226249;Priority 4;OK
FUN;812;FUN;INC;OK;INC000016226386;Priority 4;OK
FUN;WS;FUN;INC;OK;INC000016226863;Priority 3;OK
SEC;SYN;SEC;INC;OK;INC000016227238;Priority 3;OK
FUN;DXE;FUN;INC;OK;INC000016227789;Priority 4;OK
FIN;DCF;FUN;INC;OK;INC000016228654;Priority 4;OK
FUN;BWI;FUN;INC;OK;INC000016228944;Priority 3;OK
FUN;LAT;FUN;INC;OK;INC000016228984;Priority 3;OK
SEC;SYN;SEC;INC;OK;INC000016229104;Priority 3;OK
SEC;SYN;SEC;INC;OK;INC000016229726;Priority 3;OK
FUN;BWI;FUN;INC;OK;INC000016229956;Priority 3;OK
SCH;LAT;SCH;INC;OK;INC000016232086;Priority 3;OK
FIN;812;FUN;INC;OK;INC000016232495;Priority 4;OK
TEC;ETH;FUN;INC;OK;INC000016233281;Priority 3;OK
FUN;WS;FUN;INC;OK;INC000016233790;Priority 4;OK
FUN;BWI;FUN;INC;OK;INC000016234088;Priority 4;OK
FUN;LAT;FUN;SR;OK;INC000016234092;Priority 3;OK
SEC;SYN;SEC;INC;OK;INC000016234247;Priority 3;OK
APS;ETH;APS;INC;OK;INC000016235060;Priority 3;OK
SEC;SYN;SEC;INC;OK;INC000016235193;Priority 3;OK
SEC;SYN;SEC;INC;OK;INC000016235431;Priority 4;OK
FUN;LAT;FUN;SR;OK;INC000016235510;Priority 3;OK
FUN;ETH;FUN;INC;OK;INC000016236097;Priority 4;OK
SEC;SYN;SEC;INC;OK;INC000016236816;Priority 3;OK
L1;BWI;CNC;INC;OK;INC000016236868;Priority 3;OK
L1;812;MON;SR;OK;INC000016237664;Priority 4;OK
SCH;LAT;SCH;INC;OK;INC000016238193;Priority 3;OK
FUN;DCF;FUN;INC;OK;INC000016238200;Priority 3;OK
FUN;LAT;FUN;INC;OK;INC000016238462;Priority 4;OK
CNC;812;CNC;INC;OK;INC000016239068;Priority 3;OK
FUN;812;FUN;INC;OK;INC000016239141;Priority 4;OK
FUN;BWI;FUN;INC;OK;INC000016239517;Priority 4;OK
FUN;DCF;FUN;INC;OK;INC000016239777;Priority 4;OK
FUN;EES;FUN;INC;OK;INC000016239995;Priority 4;OK
FIN;812;FUN;INC;OK;INC000016240254;Priority 4;OK
FIN;DXE;FUN;INC;OK;INC000016240301;Priority 4;OK
FUN;812;FUN;INC;OK;INC000016240470;Priority 3;OK
FUN;ETH;FUN;INC;OK;INC000016241956;Priority 3;OK
SEC;BWI;SEC;INC;OK;INC000016242044;Priority 3;OK
CNC;MNT;MON;SR;OK;INC000016242090;Priority 4;OK
SEC;DXE;SEC;INC;OK;INC000016243598;Priority 4;OK
FIN;812;FUN;INC;OK;INC000016243604;Priority 4;OK
FIN;812;FUN;INC;OK;INC000016243743;Priority 3;OK
FUN;DCF;FUN;INC;OK;INC000016244160;Priority 4;OK
SEC;SYN;SEC;INC;OK;INC000016244557;Priority 3;OK
FUN;BWI;FUN;INC;OK;INC000016244816;Priority 4;OK
FUN;DCF;FUN;INC;OK;INC000016245174;Priority 3;OK
FUN;812;FUN;INC;OK;INC000016245320;Priority 4;OK
FIN;BWI;FUN;INC;OK;INC000016245444;Priority 4;OK
FIN;812;FUN;INC;OK;INC000016245838;Priority 4;OK
FUN;ETH;FUN;INC;OK;INC000016246044;Priority 4;OK
DBA;812;DBA;INC;OK;INC000016246219;Priority 3;OK
SEC;SYN;SEC;INC;OK;INC000016246426;Priority 3;OK
TEC;DCF;FUN;INC;OK;INC000016246562;Priority 3;OK
FIN;BWI;FUN;INC;OK;INC000016246691;Priority 4;OK
FUN;812;FUN;INC;OK;INC000016248640;Priority 4;OK
OPS;EDS;OPS;SR;OK;INC000016249088;Priority 3;OK
OPS;EMS;OPS;HK;OK;INC000016249103;Priority 3;OK
FUN;812;FUN;INC;OK;INC000016249521;Priority 4;OK
FUN;LAT;FUN;INC;OK;INC000016249546;Priority 3;OK
FIN;DCF;FUN;INC;OK;INC000016250166;Priority 4;OK
FIN;812;FUN;INC;OK;INC000016250167;Priority 4;OK
FIN;812;FUN;INC;OK;INC000016250405;Priority 4;OK
SEC;WS;SEC;INC;OK;INC000016250458;Priority 4;OK
L1;MNT;MON;SR;OK;INC000016250508;Priority 4;OK
TEC;DCF;FUN;INC;OK;INC000016251522;Priority 3;OK
FUN;ETH;FUN;INC;OK;INC000016251666;Priority 3;OK
SEC;DCF;SEC;SR;OK;INC000016253804;Priority 4;OK
FUN;DCF;FUN;INC;OK;INC000016255418;Priority 3;OK
FIN;DCF;FUN;INC;OK;INC000016269882;Priority 4;OK
FUN;812;FUN;INC;OK;INC000016270468;Priority 4;OK
FUN;812;FUN;INC;OK;INC000016270487;Priority 4;OK
FUN;812;FUN;INC;OK;INC000016271048;Priority 4;OK
FUN;BWI;FUN;INC;Defect;INC000016271473;Priority 4;OK
APS;ETH;FUN;INC;OK;INC000016273833;Priority 4;OK
FIN;812;FUN;INC;OK;INC000016275106;Priority 4;OK
TEC;DCF;FUN;INC;OK;INC000016275562;Priority 4;OK
FUN;812;FUN;INC;OK;INC000016279132;Priority 4;OK
FIN;812;FUN;INC;OK;INC000016279423;Priority 4;OK
FUN;812;FUN;INC;Defect;INC000016279569;Priority 4;OK
FUN;EES;FUN;INC;OK;INC000016280893;Priority 4;OK
FUN;DCF;FUN;SR;OK;INC000016281034;Priority 4;OK
FUN;812;FUN;INC;OK;INC000016281124;Priority 4;OK
FIN;812;FUN;INC;OK;INC000016281360;Priority 4;OK
FUN;BWI;FUN;INC;Defect;INC000016282636;Priority 4;OK
FUN;DCF;FUN;INC;OK;INC000016282716;Priority 4;OK
FUN;ETH;FUN;INC;OK;INC000016286552;Priority 4;OK
FUN;DCF;FUN;INC;OK;INC000016287179;Priority 4;OK
FUN;812;FUN;INC;OK;INC000016288600;Priority 4;OK
FUN;812;FUN;INC;OK;INC000016289331;Priority 4;OK
FUN;812;FUN;INC;OK;INC000016289573;Priority 4;OK
FUN;LAT;FUN;SR;OK;INC000016289673;Priority 4;OK
DBA;812;DBA;INC;OK;INC000016289907;Priority 4;OK
FUN;BWI;FUN;INC;OK;INC000016289980;Priority 4;OK
MNT;MNT;FUN;INC;OK;INC000016290302;Priority 4;OK
FIN;812;FUN;INC;OK;INC000016290754;Priority 4;OK
FIN;812;FUN;INC;OK;INC000016290991;Priority 4;OK
L1;BWI;L1 ;SR;OK;INC000016292030;Priority 4;OK
SEC;SYN;SEC;INC;OK;INC000016292349;Priority 4;OK
FIN;DCF;FUN;INC;OK;INC000016294694;Priority 4;OK
FIN;812;FUN;INC;OK;INC000016295736;Priority 4;OK
FUN;EES;FUN;INC;OK;INC000016296075;Priority 4;OK
L1;BWI;L1 ;INC;OK;INC000016296094;Priority 4;OK
FIN;DXE;FUN;INC;OK;INC000016296253;Priority 4;OK
FIN;BWI;FUN;INC;OK;INC000016296256;Priority 4;OK
DBA;812;DBA;INC;OK;INC000016296568;Priority 4;OK
TEC;DCF;FUN;INC;OK;INC000016297598;Priority 4;OK
FIN;LAT;FUN;INC;OK;INC000016298003;Priority 4;OK
SEC;812;SEC;INC;OK;INC000016298125;Priority 4;OK
CNC;ETH;CNC;INC;OK;INC000016299035;Priority 4;OK
FIN;812;FUN;INC;OK;INC000016299723;Priority 4;OK
FUN;DCF;FUN;INC;Defect;INC000016300224;Priority 3;OK
FUN;812;FUN;INC;OK;INC000016300270;Priority 4;OK
FUN;812;FUN;INC;OK;INC000016300391;Priority 3;OK
FIN;812;FUN;INC;OK;INC000016300409;Priority 4;OK
FUN;812;FUN;INC;OK;INC000016300485;Priority 3;OK
FUN;812;FUN;INC;OK;INC000016300571;Priority 3;OK
SEC;812;SEC;INC;OK;INC000016300703;Priority 3;OK
CNC;ETH;TEC;INC;OK;INC000016301123;Priority 3;OK
FUN;812;FUN;INC;OK;INC000016301542;Priority 4;OK
FIN;812;FUN;INC;OK;INC000016301681;Priority 4;OK
FUN;BWI;FUN;INC;OK;INC000016301724;Priority 4;OK
FIN;812;FUN;INC;OK;INC000016301768;Priority 4;OK
FUN;BWI;FUN;INC;OK;INC000016302282;Priority 4;OK
FUN;812;FUN;INC;OK;INC000016302412;Priority 4;OK
FUN;BWI;FUN;INC;OK;INC000016302866;Priority 3;OK
SEC;SYN;SEC;INC;OK;INC000016303551;Priority 4;OK
FIN;LAT;FUN;INC;OK;INC000016303845;Priority 4;OK
FUN;ETH;FUN;INC;OK;INC000016303951;Priority 4;OK
FUN;LAT;FUN;INC;OK;INC000016303965;Priority 3;OK
FUN;DCF;FUN;INC;OK;INC000016305099;Priority 3;OK
APS;ETH;APS;INC;OK;INC000016305426;Priority 4;OK
FIN;812;FUN;INC;OK;INC000016306777;Priority 3;OK
FUN;DCF;TEC;INC;OK;INC000016306993;Priority 3;OK
FUN;DCF;FUN;INC;OK;INC000016307130;Priority 3;OK
FUN;812;FUN;INC;OK;INC000016307174;Priority 3;OK
SEC;SYN;SEC;INC;OK;INC000016307216;Priority 4;OK
L1;812;MON;INC;OK;INC000016309913;Priority 3;OK
FIN;812;FUN;INC;OK;INC000016310476;Priority 3;OK
FUN;812;FUN;INC;OK;INC000016310561;Priority 3;OK
FIN;812;FUN;INC;OK;INC000016311151;Priority 4;OK
FIN;812;FUN;INC;OK;INC000016311291;Priority 3;OK
FUN;BWI;FUN;INC;OK;INC000016311384;Priority 4;OK
FIN;812;FUN;INC;OK;INC000016311528;Priority 4;OK
FIN;LAT;FUN;INC;OK;INC000016311609;Priority 4;OK
FUN;EES;FUN;INC;OK;INC000016311673;Priority 4;OK
FUN;LAT;FUN;INC;OK;INC000016311682;Priority 4;OK
FUN;LAT;FUN;INC;OK;INC000016311985;Priority 3;OK
FUN;812;FUN;INC;OK;INC000016312094;Priority 4;OK
FUN;ETH;FUN;INC;OK;INC000016312545;Priority 3;OK
L1;MNT;MON;SR;OK;INC000016313019;Priority 3;OK
APS;EES;APS;INC;OK;INC000016313612;Priority 4;OK
OPS;WS;OPS;HK;OK;INC000016313697;Priority 3;OK
FIN;812;FUN;INC;OK;INC000016314678;Priority 4;OK
FIN;812;FUN;INC;OK;INC000016314765;Priority 4;OK
SCH;LAT;SCH;INC;OK;INC000016315843;Priority 3;OK
SCH;LAT;SCH;INC;OK;INC000016315844;Priority 3;OK
SCH;LAT;SCH;INC;OK;INC000016316120;Priority 3;OK
SCH;LAT;SCH;INC;OK;INC000016316122;Priority 3;OK
SCH;LAT;SCH;INC;OK;INC000016316123;Priority 3;OK
SCH;LAT;SCH;INC;OK;INC000016316124;Priority 3;OK
SCH;LAT;SCH;INC;OK;INC000016316125;Priority 3;OK
SCH;LAT;SCH;INC;OK;INC000016316126;Priority 3;OK
OPS;EMS;OPS;HK;OK;INC000016316195;Priority 3;OK
SCH;LAT;SCH;INC;OK;INC000016316296;Priority 3;OK
SCH;LAT;SCH;INC;OK;INC000016316297;Priority 3;OK
SCH;LAT;SCH;INC;OK;INC000016316298;Priority 3;OK
LEAD;DCF;FUN;INC;OK;INC000016316549;Priority 3;OK
APS;ETH;FUN;INC;OK;INC000016317817;Priority 3;OK
APS;ETH;FUN;INC;OK;INC000016317818;Priority 3;OK
SCH;LAT;SCH;INC;OK;INC000016318139;Priority 3;OK
SCH;LAT;SCH;INC;OK;INC000016318141;Priority 4;OK
SCH;LAT;SCH;INC;OK;INC000016318144;Priority 3;OK
SCH;LAT;SCH;INC;OK;INC000016318145;Priority 4;OK
SCH;LAT;SCH;INC;OK;INC000016318146;Priority 4;OK
SCH;LAT;SCH;INC;OK;INC000016318151;Priority 4;OK
FUN;DCF;FUN;INC;OK;INC000016318157;Priority 4;OK
CNC;MNT;CNC;INC;OK;INC000016318550;Priority 3;OK
FUN;DXE;FUN;INC;OK;INC000016318826;Priority 4;OK
APS;ETH;APS;INC;OK;INC000016318957;Priority 4;OK
CNC;812;CNC;INC;OK;INC000016319222;Priority 4;OK
SCH;LAT;SCH;INC;OK;INC000016319305;Priority 4;OK
TEC;DCF;FUN;INC;OK;INC000016319512;Priority 3;OK
SEC;812;SEC;INC;OK;INC000016319833;Priority 4;OK
SEC;812;SEC;INC;OK;INC000016319842;Priority 4;OK
FUN;DXE;FUN;INC;OK;INC000016319962;Priority 3;OK
FIN;812;FUN;INC;OK;INC000016320037;Priority 4;OK
SEC;SYN;SEC;INC;OK;INC000016320605;Priority 3;OK
FUN;BWI;FUN;INC;OK;INC000016321763;Priority 4;OK
TEC;DCF;FUN;INC;OK;INC000016322116;Priority 3;OK
FIN;DCF;FUN;INC;OK;INC000016322207;Priority 4;OK
FUN;LAT;FUN;SR;OK;INC000016322830;Priority 3;OK
FUN;ETH;FUN;INC;OK;INC000016323126;Priority 4;OK
CNC;DCF;FUN;INC;OK;INC000016324141;Priority 4;OK
SEC;BWI;SEC;INC;OK;INC000016324583;Priority 3;OK
FUN;DXE;FUN;INC;OK;INC000016325108;Priority 4;OK
OPS;EMS;OPS;HK;OK;INC000016325210;Priority 4;OK
FUN;812;FUN;INC;OK;INC000016325498;Priority 4;OK
SEC;812;SEC;INC;OK;INC000016325774;Priority 4;OK
FUN;EES;FUN;INC;OK;INC000016325870;Priority 4;OK
FUN;BWI;FUN;INC;OK;INC000016326026;Priority 4;OK
FUN;DCF;FUN;INC;OK;INC000016326165;Priority 3;OK
FUN;812;FUN;INC;OK;INC000016326204;Priority 4;OK
FUN;DCF;FUN;INC;OK;INC000016326206;Priority 4;OK
FUN;DCF;FUN;SR;OK;INC000016326632;Priority 3;OK
OPS;EMS;OPS;HK;OK;INC000016326785;Priority 3;OK
FUN;ETH;FUN;INC;OK;INC000016326956;Priority 3;OK
FIN;DXE;FUN;INC;OK;INC000016327023;Priority 4;OK
FUN;ETH;FUN;INC;OK;INC000016327085;Priority 4;OK
SEC;ETH;SEC;INC;OK;INC000016327667;Priority 3;OK
FIN;BWI;FUN;INC;OK;INC000016327717;Priority 4;OK
L1;MNT;MON;SR;OK;INC000016327961;Priority 3;OK
FUN;LAT;FUN;INC;OK;INC000016328126;Priority 4;OK
FUN;LAT;FUN;INC;OK;INC000016328230;Priority 3;OK
L1;BWI;L1 ;INC;OK;INC000016328511;Priority 3;OK
SCH;LAT;SCH;INC;OK;INC000016329563;Priority 4;OK
FUN;DCF;FUN;INC;OK;INC000016330015;Priority 3;OK
OPS;EDS;OPS;HK;OK;INC000016330157;Priority 3;OK
FIN;DCF;FUN;INC;OK;INC000016330219;Priority 4;OK
L1;DXE;CNC;INC;OK;INC000016330692;Priority 3;OK
FUN;DCF;FUN;INC;OK;INC000016330708;Priority 3;OK
FIN;812;FUN;SR;OK;INC000016331414;Priority 4;OK
FUN;ETH;FUN;INC;OK;INC000016331420;Priority 4;OK
FUN;LAT;FUN;INC;OK;INC000016331446;Priority 3;OK
FUN;WS;FUN;INC;OK;INC000016331501;Priority 3;OK
FIN;812;FUN;INC;OK;INC000016332147;Priority 3;OK
FUN;812;FUN;INC;OK;INC000016332397;Priority 4;OK
MNT;MNT;FUN;INC;OK;INC000016332461;Priority 3;OK
DCF;DCF;FUN;INC;OK;INC000016332826;Priority 3;OK
FUN;BWI;FUN;INC;OK;INC000016333387;Priority 3;OK
FUN;ETH;FUN;INC;OK;INC000016333645;Priority 3;OK
DCF;DCF;FUN;INC;OK;INC000016333820;Priority 4;OK
CNC;812;CNC;INC;OK;INC000016334584;Priority 3;OK
SCH;LAT;SCH;INC;OK;INC000016335259;Priority 4;OK
FIN;812;FUN;INC;OK;INC000016335856;Priority 3;OK
FUN;DCF;FUN;INC;OK;INC000016336118;Priority 3;OK
FUN;MNT;FUN;INC;OK;INC000016336162;Priority 3;OK
FIN;812;FUN;INC;OK;INC000016336197;Priority 4;OK
FUN;DCF;FUN;INC;OK;INC000016336276;Priority 4;OK
FUN;BWI;FUN;INC;OK;INC000016336542;Priority 4;OK
FUN;ETH;FUN;INC;OK;INC000016336863;Priority 3;OK
FUN;812;FUN;INC;OK;INC000016336978;Priority 4;OK
FUN;BWI;FUN;INC;OK;INC000016337076;Priority 4;OK
SEC;SYN;SEC;INC;OK;INC000016338245;Priority 3;OK
FUN;LAT;FUN;INC;OK;INC000016338410;Priority 4;OK
SEC;812;SEC;INC;OK;INC000016338505;Priority 3;OK
FUN;ETH;FUN;INC;OK;INC000016338877;Priority 4;OK
FUN;LAT;FUN;INC;OK;INC000016338879;Priority 3;OK
FUN;ETH;FUN;INC;OK;INC000016339564;Priority 3;OK
FIN;DCF;FUN;INC;OK;INC000016340754;Priority 3;OK
FUN;812;FUN;INC;OK;INC000016340815;Priority 4;OK
CNC;812;CNC;INC;OK;INC000016340892;Priority 3;OK
CNC;812;CNC;INC;OK;INC000016341368;Priority 3;OK
CNC;DXE;CNC;SR;OK;INC000016341528;Priority 3;OK
FIN;812;FUN;INC;OK;INC000016341736;Priority 4;OK
FIN;LAT;FUN;INC;OK;INC000016342387;Priority 4;OK
FUN;812;FUN;INC;OK;INC000016342547;Priority 4;OK
SEC;EMS;SEC;SR;OK;INC000016342676;Priority 4;OK
SEC;SYN;SEC;INC;OK;INC000016342893;Priority 3;OK
SEC;SYN;SEC;INC;OK;INC000016343282;Priority 3;OK
FUN;BWI;FUN;INC;OK;INC000016343773;Priority 3;OK
FUN;ETH;FUN;INC;OK;INC000016344331;Priority 4;OK
SCH;LAT;SCH;INC;OK;INC000016345109;Priority 4;OK
SEC;WS;SEC;INC;OK;INC000016346799;Priority 3;OK
LEAD;DCF;FUN;INC;OK;INC000016346945;Priority 3;OK
APS;ETH;APS;INC;OK;INC000016347063;Priority 3;OK
APS;ETH;APS;INC;OK;INC000016347064;Priority 3;OK
FUN;812;FUN;INC;OK;INC000016348870;Priority 3;OK
SCH;LAT;SCH;INC;OK;INC000016349098;Priority 3;OK
SEC;EMS;SEC;INC;OK;INC000016349453;Priority 4;OK
FIN;812;FUN;INC;OK;INC000016349611;Priority 4;OK
FIN;812;FUN;INC;OK;INC000016349827;Priority 4;OK
FUN;812;FUN;INC;OK;INC000016349835;Priority 4;OK
FUN;MNT;FUN;INC;OK;INC000016350264;Priority 3;OK
L1;MNT;CNC;SR;OK;INC000016350747;Priority 4;OK
FUN;812;FUN;INC;OK;INC000016350960;Priority 3;OK
FIN;812;FUN;INC;OK;INC000016350966;Priority 4;OK
APS;ETH;APS;INC;OK;INC000016351459;Priority 3;OK
FUN;LAT;FUN;INC;OK;INC000016351966;Priority 3;OK
FUN;BWI;FUN;INC;OK;INC000016352134;Priority 4;OK
FUN;BWI;FUN;INC;OK;INC000016352697;Priority 4;OK
FUN;ETH;FUN;INC;OK;INC000016353162;Priority 4;OK
CNC;ETH;CNC;INC;OK;INC000016354164;Priority 3;OK
FIN;812;FUN;INC;OK;INC000016354653;Priority 4;OK
L1;BWI;L1 ;SR;OK;INC000016354903;Priority 4;OK
DBA;812;DBA;INC;OK;INC000016355490;Priority 3;OK
FIN;812;FUN;INC;OK;INC000016356169;Priority 3;OK
L1;MNT;MON;SR;OK;INC000016356929;Priority 3;OK
FUN;BWI;FUN;INC;OK;INC000016357179;Priority 4;OK
DCF;DCF;FUN;INC;OK;INC000016357381;Priority 3;OK
SEC;SYN;SEC;INC;OK;INC000016357546;Priority 3;OK
SEC;EDS;SEC;INC;OK;INC000016358105;Priority 3;OK
FUN;BWI;FUN;INC;OK;INC000016358947;Priority 3;OK
SEC;SYN;SEC;INC;OK;INC000016359878;Priority 4;OK
APS;ETH;APS;INC;OK;INC000016360230;Priority 4;OK
SEC;WS;SEC;INC;OK;INC000016362183;Priority 3;OK
FIN;812;FUN;INC;OK;INC000016363100;Priority 3;OK
FUN;812;FUN;INC;OK;INC000016363254;Priority 3;OK
FUN;BWI;FUN;INC;OK;INC000016364011;Priority 4;OK
SEC;SYN;SEC;INC;OK;INC000016364237;Priority 3;OK
SEC;812;SEC;SR;OK;INC000016364388;Priority 3;OK
FUN;DCF;FUN;INC;OK;INC000016364739;Priority 3;OK
SEC;SYN;SEC;INC;OK;INC000016365139;Priority 4;OK
L1;BWI;L1 ;INC;OK;INC000016365895;Priority 3;OK
FUN;ETH;FUN;INC;OK;INC000016366024;Priority 4;OK
FUN;ETH;FUN;INC;OK;INC000016367265;Priority 4;OK
CNC;812;CNC;INC;OK;INC000016369492;Priority 3;OK
CNC;812;L1 ;INC;OK;INC000016370238;Priority 4;OK
FIN;812;FUN;INC;OK;INC000016370439;Priority 3;OK
FIN;BWI;FUN;INC;OK;INC000016370459;Priority 4;OK
FUN;LAT;FUN;INC;OK;INC000016370665;Priority 3;OK
SEC;SYN;SEC;INC;OK;INC000016370676;Priority 3;OK
FIN;DXE;FUN;SR;OK;INC000016371088;Priority 4;OK
SEC;SYN;SEC;INC;OK;INC000016371165;Priority 3;OK
FUN;BWI;FUN;INC;OK;INC000016371222;Priority 4;OK
FUN;BWI;FUN;INC;OK;INC000016371476;Priority 3;OK
FUN;ETH;FUN;INC;OK;INC000016372628;Priority 3;OK
FUN;MNT;FUN;INC;OK;INC000016372687;Priority 4;OK
TEC;DCF;FUN;INC;OK;INC000016372881;Priority 3;OK
APS;EES;APS;INC;OK;INC000016372891;Priority 4;OK
CNC;ETH;CNC;INC;OK;INC000016373263;Priority 4;OK
FUN;DCF;FUN;INC;OK;INC000016374467;Priority 4;OK
CNC;MNT;MON;INC;OK;INC000016374720;Priority 4;OK
FUN;EES;FUN;INC;OK;INC000016375444;Priority 4;OK
L1;812;MON;SR;OK;INC000016375634;Priority 3;OK
FUN;DCF;FUN;INC;OK;INC000016376126;Priority 3;OK
TEC;DCF;FUN;INC;OK;INC000016376702;Priority 3;OK
FUN;BWI;FUN;INC;OK;INC000016376846;Priority 3;OK
FUN;ETH;FUN;INC;OK;INC000016377002;Priority 3;OK
FUN;BWI;FUN;INC;OK;INC000016377537;Priority 3;OK
SCH;LAT;SCH;INC;OK;INC000016378182;Priority 3;OK
SCH;LAT;SCH;INC;OK;INC000016378183;Priority 4;OK
SCH;LAT;SCH;INC;OK;INC000016379785;Priority 4;OK
OPS;EDS;OPS;HK;OK;INC000016380210;Priority 3;OK
FUN;ETH;FUN;INC;OK;INC000016381272;Priority 3;OK
DCF;DCF;FUN;INC;OK;INC000016383844;Priority 3;OK
TEC;DCF;FUN;INC;OK;INC000016384308;Priority 3;OK
FIN;812;FUN;INC;OK;INC000016386713;Priority 4;OK
CNC;ETH;TEC;INC;OK;INC000016386872;Priority 4;OK
TEC;DCF;FUN;INC;OK;INC000016386938;Priority 3;OK
L1;BWI;L1 ;INC;OK;INC000016387193;Priority 4;OK
APS;ETH;APS;INC;OK;INC000016387652;Priority 3;OK
FUN;BWI;FUN;INC;OK;INC000016387862;Priority 4;OK
FIN;812;FUN;INC;OK;INC000016392888;Priority 4;OK
FUN;BWI;FUN;INC;OK;INC000016395048;Priority 3;OK
FUN;BWI;FUN;INC;OK;INC000016395127;Priority 3;OK
FUN;812;FUN;INC;OK;INC000016396334;Priority 4;OK
FUN;DCF;FUN;INC;OK;INC000016396528;Priority 4;OK
FIN;DCF;FUN;INC;OK;INC000016396851;Priority 4;OK
FUN;812;FUN;INC;OK;INC000016396983;Priority 4;OK
FUN;DCF;FUN;INC;OK;INC000016397223;Priority 4;OK
FUN;812;FUN;INC;OK;INC000016397459;Priority 4;OK
FUN;812;FUN;INC;OK;INC000016398257;Priority 4;OK
CNC;MNT;MON;SR;OK;INC000016400668;Priority 4;OK
SCH;LAT;SCH;INC;OK;INC000016402069;Priority 4;OK
FUN;DCF;FUN;INC;OK;INC000016402374;Priority 4;OK
FIN;DCF;FUN;INC;OK;INC000016402638;Priority 4;OK
FUN;812;FUN;INC;OK;INC000016402980;Priority 4;OK
FIN;812;FUN;INC;OK;INC000016403113;Priority 4;OK
TEC;ETH;FUN;INC;OK;INC000016405650;Priority 4;OK
FIN;DCF;FUN;INC;OK;INC000016405807;Priority 4;OK
FIN;812;FUN;INC;OK;INC000016408698;Priority 4;OK
FUN;DXE;FUN;INC;Defect;INC000016408714;Priority 4;OK
L1;812;MON;SR;OK;INC000016408811;Priority 4;OK
FUN;BWI;FUN;INC;OK;INC000016409175;Priority 4;OK
TEC;ETH;FUN;INC;OK;INC000016409902;Priority 4;OK
FUN;LAT;FUN;INC;OK;INC000016410695;Priority 4;OK
CNC;MNT;FUN;SR;OK;INC000016410742;Priority 4;OK
CNC;MNT;FUN;SR;OK;INC000016410748;Priority 4;OK
SEC;SYN;SEC;INC;OK;INC000016411399;Priority 4;OK
SCH;LAT;SCH;INC;OK;INC000016414870;Priority 4;OK
SCH;LAT;SCH;INC;OK;INC000016414871;Priority 4;OK
SCH;LAT;SCH;INC;OK;INC000016414874;Priority 4;OK
TEC;ETH;FUN;INC;OK;INC000016416034;Priority 4;OK
FIN;BWI;FUN;INC;Defect;INC000016416091;Priority 4;OK
FIN;DCF;FUN;INC;OK;INC000016416373;Priority 4;OK
L1;DPY;CNC;INC;OK;INC000016416612;Priority 4;OK
APS;ETH;APS;INC;OK;INC000016417009;Priority 4;OK
FUN;812;FUN;INC;OK;INC000016417067;Priority 4;OK
CNC;LAT;L1 ;INC;OK;INC000016417143;Priority 4;OK
FUN;WS;FUN;INC;OK;INC000016417672;Priority 4;OK
FIN;812;FUN;INC;OK;INC000016421321;Priority 4;OK
FUN;812;FUN;INC;OK;INC000016421956;Priority 4;OK
TEC;DCF;FUN;INC;OK;INC000016422208;Priority 4;OK
FIN;812;FUN;INC;OK;INC000016422377;Priority 4;OK
DBA;812;DBA;INC;OK;INC000016422600;Priority 4;OK
APS;EES;APS;INC;OK;INC000016424391;Priority 4;OK
FUN;BWI;FUN;INC;OK;INC000016426696;Priority 4;OK
SEC;SYN;SEC;INC;OK;INC000016427197;Priority 4;OK
FIN;812;FUN;INC;OK;INC000016428788;Priority 4;OK
FIN;812;FUN;INC;OK;INC000016429311;Priority 3;OK
FUN;WS;FUN;INC;OK;INC000016429612;Priority 3;OK
FIN;812;FUN;INC;OK;INC000016429658;Priority 4;OK
FUN;DXE;FUN;INC;OK;INC000016429728;Priority 4;OK
FUN;LAT;FUN;INC;OK;INC000016429898;Priority 3;OK
FUN;812;FUN;INC;OK;INC000016430039;Priority 4;OK
FUN;MNT;FUN;INC;OK;INC000016430181;Priority 3;OK
FIN;812;FUN;INC;OK;INC000016430333;Priority 4;OK
OPS;EDS;OPS;HK;OK;INC000016430390;Priority 3;OK
FIN;812;FUN;INC;OK;INC000016430420;Priority 4;OK
FUN;EES;FUN;INC;OK;INC000016430632;Priority 4;OK
TEC;ETH;FUN;INC;OK;INC000016431162;Priority 3;OK
FUN;LAT;FUN;INC;OK;INC000016431189;Priority 4;OK
FUN;MNT;FUN;INC;OK;INC000016431455;Priority 3;OK
FUN;BWI;FUN;INC;OK;INC000016431677;Priority 3;OK
FUN;LAT;FUN;INC;OK;INC000016431869;Priority 3;OK
CNC;ETH;L1 ;INC;OK;INC000016433660;Priority 4;OK
L1;MNT;MON;SR;OK;INC000016433839;Priority 3;OK
FUN;DCF;FUN;INC;OK;INC000016434083;Priority 4;OK
FUN;812;FUN;INC;OK;INC000016434630;Priority 3;OK
FUN;DCF;FUN;INC;OK;INC000016434682;Priority 4;OK
FIN;812;FUN;INC;OK;INC000016434873;Priority 3;OK
FUN;812;FUN;INC;OK;INC000016434933;Priority 3;OK
FUN;812;FUN;INC;OK;INC000016435431;Priority 3;OK
FUN;812;FUN;INC;OK;INC000016435512;Priority 3;OK
FUN;812;FUN;INC;OK;INC000016435902;Priority 4;OK
FIN;812;FUN;INC;OK;INC000016436104;Priority 4;OK
FUN;LAT;FUN;INC;OK;INC000016436456;Priority 3;OK
FUN;ETH;FUN;INC;OK;INC000016437613;Priority 4;OK
FUN;BWI;FUN;INC;OK;INC000016437801;Priority 4;OK
TEC;DCF;FUN;INC;OK;INC000016437901;Priority 3;OK
APS;ETH;APS;INC;OK;INC000016438050;Priority 4;OK
TEC;ETH;FUN;INC;OK;INC000016438116;Priority 4;OK
FUN;ETH;FUN;INC;OK;INC000016438186;Priority 4;OK
FUN;ETH;FUN;INC;OK;INC000016438252;Priority 3;OK
FUN;BWI;FUN;SR;OK;INC000016438519;Priority 4;OK
FIN;812;FUN;INC;OK;INC000016440440;Priority 3;OK
FUN;812;FUN;INC;OK;INC000016441160;Priority 4;OK
FIN;812;FUN;INC;OK;INC000016441303;Priority 4;OK
FIN;812;FUN;INC;OK;INC000016441502;Priority 4;OK
FUN;BWI;FUN;INC;OK;INC000016442280;Priority 4;OK
FUN;ETH;FUN;INC;OK;INC000016442320;Priority 4;OK
FUN;812;FUN;INC;OK;INC000016442524;Priority 4;OK
FUN;MNT;FUN;INC;OK;INC000016442746;Priority 3;OK
FUN;BWI;FUN;INC;OK;INC000016442799;Priority 4;OK
CNC;ETH;TEC;INC;OK;INC000016442867;Priority 3;OK
FUN;812;FUN;INC;OK;INC000016442878;Priority 4;OK
CNC;DPY;CNC;INC;OK;INC000016443678;Priority 3;OK
FIN;DCF;FUN;INC;OK;INC000016443719;Priority 4;OK
FUN;MNT;FUN;INC;OK;INC000016444089;Priority 3;OK
FIN;812;FUN;INC;OK;INC000016444328;Priority 4;OK
FIN;812;FUN;INC;OK;INC000016444367;Priority 4;OK
FIN;812;FUN;INC;OK;INC000016444412;Priority 4;OK
FIN;812;FUN;INC;OK;INC000016444453;Priority 4;OK
L1;ETH;L1 ;INC;OK;INC000016445438;Priority 4;OK
FUN;MNT;FUN;INC;OK;INC000016445610;Priority 3;OK
FUN;MNT;FUN;INC;OK;INC000016445748;Priority 3;OK
FUN;MNT;FUN;INC;OK;INC000016445761;Priority 3;OK
APS;ETH;APS;INC;OK;INC000016446135;Priority 4;OK
FIN;BWI;FUN;INC;OK;INC000016446251;Priority 4;OK
SCH;LAT;SCH;INC;OK;INC000016448921;Priority 4;OK
FIN;812;FUN;INC;Defect;INC000016449400;Priority 4;OK
TEC;ETH;FUN;INC;OK;INC000016449425;Priority 4;OK
SEC;SYN;SEC;INC;OK;INC000016449585;Priority 3;OK
FIN;DCF;FUN;INC;OK;INC000016450076;Priority 3;OK
FUN;DCF;FUN;INC;OK;INC000016450434;Priority 4;OK
TEC;DCF;FUN;INC;OK;INC000016450804;Priority 3;OK
FUN;DCF;FUN;INC;OK;INC000016451765;Priority 4;OK
CNC;ETH;L1 ;INC;OK;INC000016452050;Priority 4;OK
APS;ETH;APS;INC;OK;INC000016452172;Priority 4;OK
FIN;DCF;FUN;INC;OK;INC000016452383;Priority 4;OK
SEC;BWI;SCH;INC;OK;INC000016452622;Priority 4;OK
FUN;WS;FUN;INC;OK;INC000016452643;Priority 4;OK
TEC;ETH;FUN;INC;OK;INC000016453498;Priority 3;OK
OPS;EMS;OPS;HK;OK;INC000016454130;Priority 3;OK
FUN;DCF;FUN;INC;OK;INC000016454413;Priority 3;OK
FIN;812;FUN;INC;OK;INC000016455329;Priority 4;OK
FUN;DCF;FUN;INC;OK;INC000016455386;Priority 3;OK
OPS;EMS;OPS;HK;OK;INC000016455556;Priority 4;OK
CNC;MNT;MON;SR;OK;INC000016455857;Priority 4;OK
FIN;DXE;FUN;INC;OK;INC000016456107;Priority 3;OK
FIN;DXE;FUN;INC;OK;INC000016456202;Priority 4;OK
TEC;ETH;FUN;INC;OK;INC000016456535;Priority 4;OK
FUN;812;FUN;INC;OK;INC000016456575;Priority 3;OK
FIN;812;FUN;INC;OK;INC000016456596;Priority 3;OK
FUN;LAT;FUN;INC;OK;INC000016456638;Priority 4;OK
FIN;812;FUN;INC;OK;INC000016456857;Priority 4;OK
FUN;ETH;FUN;INC;OK;INC000016457230;Priority 4;OK
SEC;SYN;SEC;INC;OK;INC000016457378;Priority 3;OK
FUN;BWI;FUN;INC;OK;INC000016458185;Priority 4;OK
FUN;BWI;FUN;INC;OK;INC000016458881;Priority 4;OK
FUN;DCF;FUN;INC;OK;INC000016460481;Priority 3;OK
FIN;812;FUN;INC;OK;INC000016460675;Priority 4;OK
FUN;812;FUN;INC;OK;INC000016461003;Priority 4;OK
FUN;812;FUN;INC;OK;INC000016461008;Priority 4;OK
SEC;SYN;SEC;INC;OK;INC000016461560;Priority 3;OK
CNC;812;MON;SR;OK;INC000016461577;Priority 4;OK
CNC;DXE;CNC;INC;OK;INC000016462410;Priority 3;OK
FUN;812;FUN;INC;OK;INC000016462469;Priority 4;OK
FUN;LAT;FUN;INC;OK;INC000016463043;Priority 3;OK
FIN;EES;FUN;INC;OK;INC000016463488;Priority 4;OK
SEC;ETH;SEC;INC;OK;INC000016463746;Priority 3;OK
FUN;MNT;FUN;INC;OK;INC000016463973;Priority 3;OK
FIN;812;FUN;INC;OK;INC000016465749;Priority 4;OK
FUN;812;FUN;INC;OK;INC000016466224;Priority 3;OK
FIN;DCF;FUN;INC;OK;INC000016466389;Priority 4;OK
FUN;DXE;FUN;INC;OK;INC000016466694;Priority 3;OK
FUN;812;FUN;INC;OK;INC000016466964;Priority 4;OK
FUN;WS;FUN;INC;OK;INC000016467136;Priority 3;OK
FIN;BWI;FUN;INC;OK;INC000016468303;Priority 4;OK
FUN;BWI;FUN;INC;OK;INC000016468333;Priority 3;OK
CNC;DCF;FUN;INC;OK;INC000016469084;Priority 3;OK
FUN;BWI;FUN;INC;OK;INC000016469512;Priority 3;OK
FUN;BWI;FUN;INC;OK;INC000016469837;Priority 3;OK
SEC;812;SEC;SR;OK;INC000016469838;Priority 3;OK
FUN;DCF;FUN;INC;OK;INC000016471594;Priority 3;OK
CNC;812;CNC;INC;OK;INC000016471959;Priority 4;OK
FIN;DCF;FUN;INC;OK;INC000016472052;Priority 4;OK
SEC;SYN;SEC;INC;OK;INC000016472299;Priority 3;OK
CNC;DCF;CNC;INC;OK;INC000016472450;Priority 3;OK
FUN;BWI;FUN;INC;OK;INC000016472744;Priority 4;OK
FUN;DCF;FUN;INC;OK;INC000016472828;Priority 4;OK
FUN;812;FUN;INC;OK;INC000016472860;Priority 4;OK
CNC;BWI;L1 ;INC;OK;INC000016473450;Priority 4;OK
SEC;SYN;SEC;INC;OK;INC000016475145;Priority 3;OK
SCH;LAT;SCH;INC;OK;INC000016475481;Priority 3;OK
SCH;LAT;SCH;INC;OK;INC000016475486;Priority 3;OK
SEC;SYN;SEC;INC;OK;INC000016476408;Priority 4;OK
OPS;EMS;OPS;HK;OK;INC000016476646;Priority 3;OK
OPS;EDS;OPS;HK;OK;INC000016476668;Priority 4;OK
FUN;DCF;FUN;INC;OK;INC000016477127;Priority 4;OK
TEC;ETH;FUN;INC;OK;INC000016477465;Priority 3;OK
OPS;EMS;OPS;HK;OK;INC000016479687;Priority 3;OK
FIN;812;FUN;INC;OK;INC000016480874;Priority 4;OK
FUN;812;FUN;INC;OK;INC000016481135;Priority 4;OK
FUN;812;FUN;INC;OK;INC000016481250;Priority 4;OK
FUN;DCF;FUN;INC;OK;INC000016481328;Priority 3;OK
SCH;LAT;SCH;INC;OK;INC000016482546;Priority 3;OK
SEC;SYN;SEC;INC;OK;INC000016482734;Priority 3;OK
FUN;DCF;FUN;INC;OK;INC000016482751;Priority 3;OK
FUN;MNT;FUN;INC;OK;INC000016482975;Priority 4;OK
SEC;SYN;SEC;INC;OK;INC000016483146;Priority 3;OK
SEC;SYN;SEC;INC;OK;INC000016483350;Priority 4;OK
APS;EES;APS;INC;OK;INC000016483416;Priority 3;OK
FUN;812;FUN;INC;OK;INC000016483810;Priority 4;OK
FUN;DCF;FUN;INC;OK;INC000016486041;Priority 3;OK
FIN;812;FUN;INC;OK;INC000016486205;Priority 4;OK
CNC;MNT;MON;SR;OK;INC000016486988;Priority 4;OK
FUN;EES;FUN;INC;OK;INC000016487550;Priority 4;OK
FIN;812;FUN;INC;OK;INC000016487841;Priority 4;OK
FUN;812;FUN;INC;OK;INC000016488252;Priority 4;OK
FUN;812;FUN;INC;OK;INC000016488343;Priority 4;OK
FIN;812;FUN;INC;OK;INC000016488393;Priority 3;OK
FUN;BWI;FUN;INC;OK;INC000016489571;Priority 4;OK
FUN;EES;FUN;INC;OK;INC000016489993;Priority 4;OK
CNC;MNT;MON;SR;OK;INC000016490297;Priority 4;OK
CNC;BWI;L1 ;SR;OK;INC000016491254;Priority 4;OK
FUN;DCF;FUN;INC;OK;INC000016491268;Priority 4;OK
FIN;DCF;FUN;INC;OK;INC000016492395;Priority 4;OK
APS;DCF;APS;INC;OK;INC000016492508;Priority 4;OK
TEC;LAT;TEC;INC;Defect;INC000016492578;Priority 3;OK
TEC;LAT;TEC;INC;OK;INC000016492658;Priority 3;OK
SEC;812;SEC;SR;OK;INC000016492798;Priority 4;OK
FUN;812;FUN;INC;OK;INC000016492948;Priority 3;OK
FIN;DCF;FUN;INC;OK;INC000016493435;Priority 3;OK
FUN;DCF;FUN;SR;OK;INC000016493464;Priority 3;OK
SEC;SYN;SEC;INC;OK;INC000016493636;Priority 4;OK
FUN;LAT;FUN;INC;OK;INC000016493740;Priority 3;OK
TEC;DCF;FUN;INC;OK;INC000016493963;Priority 3;OK
FUN;ETH;FUN;INC;OK;INC000016494293;Priority 3;OK
FUN;BWI;FUN;INC;OK;INC000016495720;Priority 3;OK
CNC;EES;CNC;INC;OK;INC000016495942;Priority 3;OK
CNC;LAT;CNC;INC;OK;INC000016496170;Priority 2;OK
CNC;DCF;CNC;INC;OK;INC000016496231;Priority 3;OK
CNC;812;L1 ;INC;OK;INC000016498029;Priority 3;OK
APS;EES;APS;INC;OK;INC000016499004;Priority 3;OK
FUN;MNT;FUN;INC;OK;INC000016500421;Priority 4;OK
TEC;DCF;FUN;INC;OK;INC000016500432;Priority 3;OK
FUN;EES;FUN;INC;OK;INC000016502067;Priority 4;OK
FIN;DCF;FUN;INC;OK;INC000016503256;Priority 4;OK
FUN;LAT;FUN;INC;OK;INC000016504469;Priority 3;OK
FUN;DCF;FUN;INC;OK;INC000016504558;Priority 3;OK
FUN;MNT;FUN;INC;OK;INC000016504997;Priority 3;OK
FUN;ETH;FUN;INC;OK;INC000016505421;Priority 3;OK
SEC;SYN;SEC;INC;OK;INC000016505527;Priority 3;OK
FUN;LAT;FUN;INC;OK;INC000016505770;Priority 4;OK
APS;ETH;APS;INC;OK;INC000016506231;Priority 3;OK
APS;ETH;APS;INC;OK;INC000016506234;Priority 3;OK
APS;ETH;APS;INC;OK;INC000016506235;Priority 3;OK
APS;ETH;APS;INC;OK;INC000016506401;Priority 4;OK
APS;ETH;APS;INC;OK;INC000016506438;Priority 4;OK
CNC;812;CNC;INC;OK;INC000016507945;Priority 4;OK
SCH;LAT;SCH;INC;OK;INC000016508202;Priority 3;OK
SCH;LAT;SCH;INC;OK;INC000016508205;Priority 3;OK
SCH;LAT;SCH;INC;OK;INC000016508206;Priority 3;OK
SCH;LAT;SCH;INC;OK;INC000016508207;Priority 3;OK
APS;ETH;APS;INC;OK;INC000016508437;Priority 3;OK
APS;ETH;APS;INC;OK;INC000016508441;Priority 3;OK
FUN;EMS;FUN;INC;OK;INC000016512052;Priority 3;OK
FUN;812;FUN;INC;OK;INC000016512178;Priority 4;OK
CNC;812;CNC;INC;OK;INC000016512188;Priority 3;OK
FUN;DXE;FUN;INC;OK;INC000016512573;Priority 3;OK
TEC;DCF;FUN;INC;OK;INC000016513353;Priority 3;OK
SEC;SYN;SEC;INC;OK;INC000016513416;Priority 3;OK
SEC;SYN;SEC;INC;OK;INC000016513702;Priority 4;OK
FUN;LAT;FUN;INC;OK;INC000016514478;Priority 3;OK
FUN;EMS;FUN;INC;OK;INC000016514711;Priority 3;OK
FIN;812;FUN;INC;OK;INC000016515050;Priority 3;OK
FIN;DCF;FUN;INC;OK;INC000016515577;Priority 3;OK
APS;ETH;APS;INC;OK;INC000016515947;Priority 3;OK
APS;ETH;APS;INC;OK;INC000016515950;Priority 3;OK
APS;ETH;APS;INC;OK;INC000016515958;Priority 3;OK
L1;BWI;L1 ;INC;OK;INC000016516445;Priority 3;OK
CNC;ETH;CNC;INC;OK;INC000016516835;Priority 4;OK
DBA;812;DBA;INC;OK;INC000016518957;Priority 4;OK
FIN;812;INS;INC;OK;INC000016519262;Priority 4;OK
FIN;812;FUN;INC;OK;INC000016519263;Priority 3;OK
FUN;LAT;FUN;SR;OK;INC000016520171;Priority 3;OK
SEC;812;SEC;SR;OK;INC000016520405;Priority 4;OK
SEC;SYN;SEC;INC;OK;INC000016521082;Priority 3;OK
FUN;LAT;FUN;INC;OK;INC000016521464;Priority 3;OK
FUN;MNT;FUN;INC;OK;INC000016521824;Priority 3;OK
FIN;812;FUN;INC;OK;INC000016521963;Priority 3;OK
APS;ETH;APS;INC;OK;INC000016522663;Priority 3;OK
APS;ETH;APS;INC;OK;INC000016522664;Priority 3;OK
APS;ETH;APS;INC;OK;INC000016522667;Priority 3;OK
APS;ETH;APS;INC;OK;INC000016522670;Priority 3;OK
FIN;812;FUN;INC;OK;INC000016522947;Priority 3;OK
SEC;SYN;SEC;INC;OK;INC000016523215;Priority 3;OK
FUN;812;FUN;INC;OK;INC000016525589;Priority 3;OK
TEC;LAT;TEC;INC;OK;INC000016526493;Priority 3;OK
TEC;LAT;TEC;INC;OK;INC000016526612;Priority 3;OK
TEC;ETH;FUN;INC;OK;INC000016527185;Priority 3;OK
CNC;812;CNC;INC;OK;INC000016531565;Priority 3;OK
SEC;ETH;SEC;INC;OK;INC000016531684;Priority 3;OK
APS;DCF;APS;INC;OK;INC000016532431;Priority 3;OK
TEC;ETH;FUN;INC;OK;INC000016532448;Priority 3;OK
FUN;812;MON;INC;OK;INC000016532666;Priority 4;OK
SEC;SYN;SEC;INC;OK;INC000016532780;Priority 3;OK
APS;ETH;APS;INC;OK;INC000016534112;Priority 3;OK
APS;ETH;APS;INC;OK;INC000016534114;Priority 3;OK
APS;ETH;APS;INC;OK;INC000016534115;Priority 3;OK
APS;ETH;APS;INC;OK;INC000016534117;Priority 3;OK
APS;ETH;APS;INC;OK;INC000016534118;Priority 3;OK
APS;ETH;APS;INC;OK;INC000016534120;Priority 3;OK
APS;ETH;APS;INC;OK;INC000016534121;Priority 3;OK
APS;ETH;APS;INC;OK;INC000016534124;Priority 3;OK
FUN;ETH;FUN;INC;OK;INC000016534218;Priority 3;OK
TEC;DCF;FUN;INC;OK;INC000016536110;Priority 3;OK
FUN;MNT;FUN;INC;OK;INC000016539719;Priority 4;OK
CNC;MNT;MON;SR;OK;INC000016539854;Priority 4;OK
FUN;LAT;FUN;SR;OK;INC000016539954;Priority 3;OK
CNC;812;CNC;INC;OK;INC000016540505;Priority 3;OK
APS;ETH;APS;INC;OK;INC000016542279;Priority 3;OK
FIN;812;FUN;INC;OK;INC000016543480;Priority 4;OK
SCH;LAT;SCH;INC;OK;INC000016543617;Priority 4;OK
SCH;LAT;SCH;INC;OK;INC000016543622;Priority 4;OK
FIN;812;FUN;INC;OK;INC000016543787;Priority 4;OK
FUN;812;FUN;INC;OK;INC000016544125;Priority 4;OK
FIN;812;FUN;INC;OK;INC000016544336;Priority 4;OK
FUN;LAT;FUN;INC;OK;INC000016545602;Priority 4;OK
FUN;LAT;FUN;INC;OK;INC000016546214;Priority 4;OK
CNC;812;L1 ;INC;OK;INC000016547253;Priority 4;OK
FUN;DXE;FUN;INC;OK;INC000016549672;Priority 4;OK
FUN;DXE;FUN;INC;OK;INC000016549693;Priority 4;OK
FUN;812;FUN;INC;Defect;INC000016549702;Priority 4;OK
FIN;DCF;FUN;INC;OK;INC000016549984;Priority 4;OK
APS;ETH;APS;INC;OK;INC000016550035;Priority 4;OK
FIN;812;FUN;INC;OK;INC000016550885;Priority 4;OK
FUN;DXE;FUN;INC;OK;INC000016551656;Priority 4;OK
FUN;DCF;FUN;INC;OK;INC000016551845;Priority 4;OK
FUN;812;FUN;INC;OK;INC000016552489;Priority 4;OK
FUN;812;FUN;INC;OK;INC000016552562;Priority 4;OK
FUN;LAT;FUN;INC;Defect;INC000016553567;Priority 4;OK
FUN;DXE;FUN;INC;OK;INC000016555312;Priority 4;OK
FUN;812;FUN;INC;OK;INC000016555512;Priority 4;OK
FUN;DXE;FUN;INC;OK;INC000016555837;Priority 4;OK
FIN;812;FUN;INC;OK;INC000016555968;Priority 4;OK
FIN;812;FUN;INC;OK;INC000016556842;Priority 4;OK
FIN;LAT;FUN;INC;OK;INC000016557072;Priority 4;OK
SEC;SYN;SEC;INC;OK;INC000016557158;Priority 4;OK
FUN;BWI;FUN;INC;OK;INC000016557292;Priority 4;OK
APS;DCF;APS;INC;OK;INC000016558206;Priority 4;OK
L1;BWI;L1 ;INC;OK;INC000016558436;Priority 4;OK
FUN;ETH;FUN;INC;OK;INC000016558437;Priority 4;OK
FUN;ETH;FUN;INC;Defect;INC000016560965;Priority 4;OK
FIN;812;FUN;INC;OK;INC000016561629;Priority 4;OK
FUN;812;FUN;INC;OK;INC000016561988;Priority 4;OK
FIN;DCF;FUN;INC;OK;INC000016562276;Priority 4;OK
FIN;812;FUN;INC;OK;INC000016562557;Priority 4;OK
TEC;ETH;FUN;INC;OK;INC000016562645;Priority 4;OK
FIN;812;FUN;INC;OK;INC000016562855;Priority 4;OK
FUN;812;FUN;INC;OK;INC000016565663;Priority 4;OK
FUN;812;FUN;INC;OK;INC000016565679;Priority 4;OK
FIN;812;FUN;INC;OK;INC000016567860;Priority 4;OK
SCH;LAT;SCH;INC;OK;INC000016570097;Priority 4;OK
FUN;812;FUN;INC;OK;INC000016575346;Priority 4;OK
FIN;812;FUN;INC;OK;INC000016576110;Priority 4;OK
CNC;ETH;CNC;INC;OK;INC000016576163;Priority 4;OK
SEC;SYN;SEC;INC;OK;INC000016576536;Priority 3;OK
FUN;BWI;FUN;INC;OK;INC000016576731;Priority 3;OK
FIN;812;FUN;INC;OK;INC000016576822;Priority 3;OK
FIN;LAT;FUN;INC;OK;INC000016577078;Priority 3;OK
FIN;LAT;FUN;INC;OK;INC000016577433;Priority 4;OK
APS;ETH;APS;INC;OK;INC000016577673;Priority 3;OK
APS;ETH;APS;INC;OK;INC000016577674;Priority 3;OK
FIN;812;FUN;INC;OK;INC000016580176;Priority 3;OK
FIN;812;FUN;INC;OK;INC000016580325;Priority 4;OK
SEC;812;SEC;SR;OK;INC000016580450;Priority 4;OK
FUN;DCF;FUN;INC;OK;INC000016580788;Priority 4;OK
TEC;DCF;TEC;INC;OK;INC000016582135;Priority 3;OK
FUN;ETH;FUN;INC;OK;INC000016582178;Priority 3;OK
FUN;BWI;FUN;INC;OK;INC000016582536;Priority 4;OK
FUN;812;FUN;INC;OK;INC000016582752;Priority 3;OK
SEC;SYN;SEC;INC;OK;INC000016583933;Priority 4;OK
None;ETH;FUN;INC;OK;INC000016584328;Priority 3;OK
MNT;MNT;FUN;INC;OK;INC000016584496;Priority 4;OK
FUN;812;FUN;INC;OK;INC000016586080;Priority 3;OK
FUN;812;FUN;INC;OK;INC000016586155;Priority 4;OK
FUN;812;FUN;INC;OK;INC000016586265;Priority 4;OK
FIN;DCF;FUN;INC;OK;INC000016586600;Priority 3;OK
FUN;DCF;FUN;INC;OK;INC000016586803;Priority 4;OK
FUN;812;FUN;INC;OK;INC000016586884;Priority 4;OK
TEC;LAT;TEC;INC;OK;INC000016586998;Priority 3;OK
FUN;DCF;FUN;INC;OK;INC000016587218;Priority 3;OK
SEC;SYN;SEC;INC;OK;INC000016587324;Priority 3;OK
FUN;812;FUN;INC;OK;INC000016587356;Priority 4;OK
FUN;812;FUN;INC;OK;INC000016587383;Priority 3;OK
FIN;812;FUN;INC;OK;INC000016587445;Priority 4;OK
FIN;812;FUN;INC;OK;INC000016587669;Priority 4;OK
FIN;812;FUN;INC;OK;INC000016587707;Priority 4;OK
SEC;SYN;SEC;INC;OK;INC000016587934;Priority 4;OK
FUN;BWI;FUN;INC;OK;INC000016588279;Priority 4;OK
FUN;812;FUN;INC;OK;INC000016588374;Priority 4;OK
FUN;812;FUN;INC;OK;INC000016588385;Priority 4;OK
SEC;SYN;SEC;INC;OK;INC000016588483;Priority 4;OK
DCF;DCF;FUN;INC;OK;INC000016589113;Priority 3;OK
FIN;812;FUN;INC;OK;INC000016589604;Priority 4;OK
FUN;812;FUN;INC;OK;INC000016589777;Priority 3;OK
FIN;812;FUN;INC;OK;INC000016589893;Priority 4;OK
FUN;LAT;FUN;INC;OK;INC000016590432;Priority 3;OK
FUN;DCF;FUN;INC;OK;INC000016591575;Priority 3;OK
FIN;812;FUN;INC;OK;INC000016592240;Priority 4;OK
CNC;EMS;CNC;INC;OK;INC000016592453;Priority 4;OK
FIN;812;FUN;INC;OK;INC000016592675;Priority 3;OK
DCF;DCF;FUN;INC;OK;INC000016593388;Priority 3;OK
0;812;FUN;INC;OK;INC000016593881;Priority 4;OK
FUN;EES;FUN;INC;OK;INC000016594323;Priority 4;OK
CNC;812;CNC;INC;OK;INC000016594330;Priority 3;OK
APS;ETH;APS;INC;OK;INC000016595507;Priority 3;OK
APS;ETH;APS;INC;OK;INC000016595509;Priority 3;OK
APS;ETH;APS;INC;OK;INC000016595512;Priority 3;OK
FUN;DXE;FUN;INC;OK;INC000016597326;Priority 4;OK
FUN;DCF;FUN;INC;OK;INC000016597366;Priority 3;OK
FIN;812;FUN;INC;OK;INC000016597431;Priority 4;OK
FUN;DCF;FUN;INC;OK;INC000016597466;Priority 4;OK
FUN;DXE;FUN;INC;OK;INC000016597520;Priority 4;OK
FUN;812;FUN;INC;OK;INC000016597650;Priority 3;OK
FIN;812;FUN;INC;OK;INC000016597971;Priority 4;OK
FUN;812;FUN;INC;Defect;INC000016598031;Priority 3;OK
0;812;FUN;INC;OK;INC000016598184;Priority 4;OK
FUN;812;FUN;INC;OK;INC000016598344;Priority 4;OK
FUN;812;FUN;INC;OK;INC000016598354;Priority 4;OK
FUN;DCF;FUN;INC;OK;INC000016598708;Priority 4;OK
FUN;812;FUN;INC;OK;INC000016598806;Priority 3;OK
FUN;ETH;FUN;INC;OK;INC000016599030;Priority 3;OK
TEC;DCF;TEC;INC;OK;INC000016600049;Priority 3;OK
SEC;SYN;SEC;INC;OK;INC000016600293;Priority 3;OK
FUN;812;FUN;INC;OK;INC000016600409;Priority 3;OK
None;ETH;FUN;INC;OK;INC000016600562;Priority 4;OK
MNT;MNT;FUN;INC;OK;INC000016600886;Priority 3;OK
FIN;812;FUN;INC;OK;INC000016601725;Priority 3;OK
SCH;LAT;SCH;INC;OK;INC000016601818;Priority 3;OK
SCH;LAT;SCH;INC;OK;INC000016601821;Priority 3;OK
SEC;DCF;SEC;SR;OK;INC000016602021;Priority 3;OK
FIN;812;FUN;INC;OK;INC000016602050;Priority 4;OK
L1;BWI;CNC;INC;OK;INC000016602482;Priority 4;OK
FUN;DCF;FUN;INC;OK;INC000016602666;Priority 3;OK
CNC;812;CNC;INC;OK;INC000016603482;Priority 3;OK
OPS;EMS;OPS;HK;OK;INC000016604522;Priority 3;OK
SEC;812;SEC;SR;OK;INC000016605312;Priority 4;OK
OPS;EMS;OPS;HK;OK;INC000016605396;Priority 3;OK
FUN;EES;FUN;INC;OK;INC000016606108;Priority 4;OK
FUN;BWI;FUN;INC;OK;INC000016606437;Priority 4;OK
FUN;812;FUN;INC;OK;INC000016606782;Priority 4;OK
SEC;SYN;SEC;INC;OK;INC000016607183;Priority 4;OK
FUN;BWI;FUN;INC;OK;INC000016607512;Priority 4;OK
APS;EES;APS;INC;OK;INC000016607595;Priority 3;OK
FUN;BWI;FUN;INC;OK;INC000016608169;Priority 3;OK
SEC;SYN;SEC;SR;OK;INC000016608280;Priority 3;OK
FUN;BWI;FUN;INC;OK;INC000016608401;Priority 3;OK
FUN;DXE;FUN;INC;OK;INC000016608831;Priority 3;OK
FUN;812;FUN;INC;OK;INC000016610167;Priority 3;OK
FUN;812;FUN;INC;OK;INC000016610718;Priority 4;OK
FUN;EMS;FUN;INC;OK;INC000016610962;Priority 3;OK
MNT;MNT;FUN;INC;OK;INC000016611370;Priority 3;OK
SEC;SYN;SEC;INC;OK;INC000016611527;Priority 3;OK
FUN;EMS;FUN;INC;OK;INC000016611687;Priority 4;OK
CNC;DPY;CNC;INC;OK;INC000016611985;Priority 2;OK
DBA;DXE;L1 ;INC;OK;INC000016612153;Priority 3;OK
SEC;812;SEC;SR;OK;INC000016612292;Priority 3;OK
SEC;SYN;SEC;INC;OK;INC000016613263;Priority 3;OK
FUN;ETH;FUN;INC;OK;INC000016613398;Priority 3;OK
FIN;LAT;FUN;INC;OK;INC000016613487;Priority 4;OK
FUN;ETH;FUN;INC;OK;INC000016613851;Priority 4;OK
FUN;BWI;FUN;INC;OK;INC000016614099;Priority 4;OK
DCF;DCF;FUN;INC;OK;INC000016614475;Priority 4;OK
DCF;DCF;FUN;INC;OK;INC000016614479;Priority 3;OK
CNC;MNT;CNC;INC;OK;INC000016616029;Priority 3;OK
FIN;EES;FUN;INC;OK;INC000016616051;Priority 4;OK
FUN;812;FUN;INC;OK;INC000016616339;Priority 4;OK
FIN;812;FUN;INC;OK;INC000016616356;Priority 4;OK
None;ETH;FUN;INC;OK;INC000016616589;Priority 3;OK
FIN;812;FUN;INC;OK;INC000016616636;Priority 4;OK
FIN;812;FUN;INC;OK;INC000016616681;Priority 3;OK
SEC;812;SEC;SR;OK;INC000016616738;Priority 3;OK
FUN;812;FUN;INC;OK;INC000016616804;Priority 4;OK
0;812;FUN;INC;OK;INC000016616967;Priority 4;OK
MNT;MNT;FUN;INC;OK;INC000016617399;Priority 4;OK
FIN;DCF;FUN;INC;OK;INC000016617465;Priority 4;OK
FIN;812;FUN;INC;OK;INC000016617802;Priority 4;OK
BWI;BWI;FUN;INC;OK;INC000016618323;Priority 3;OK
FUN;ETH;FUN;INC;OK;INC000016618388;Priority 4;OK
CNC;BWI;L1 ;INC;OK;INC000016618664;Priority 3;OK
FUN;DCF;FUN;INC;OK;INC000016619245;Priority 4;OK
DCF;DCF;FUN;INC;OK;INC000016619441;Priority 3;OK
DCF;DCF;FUN;INC;OK;INC000016620001;Priority 3;OK
FIN;DCF;FUN;INC;OK;INC000016620133;Priority 3;OK
OPS;EMS;OPS;HK;OK;INC000016622677;Priority 3;OK
FUN;BWI;FUN;INC;OK;INC000016623725;Priority 4;OK
CNC;812;CNC;INC;OK;INC000016623727;Priority 3;OK
FUN;BWI;FUN;INC;OK;INC000016623860;Priority 3;OK
FIN;812;FUN;INC;OK;INC000016623979;Priority 3;OK
L1;MNT;MON;SR;OK;INC000016624209;Priority 4;OK
FUN;812;FUN;INC;OK;INC000016624245;Priority 3;OK
FIN;812;FUN;INC;OK;INC000016624979;Priority 3;OK
APS;ETH;APS;INC;OK;INC000016625162;Priority 4;OK
SCH;LAT;SCH;INC;OK;INC000016625229;Priority 3;OK
CNC;EMS;CNC;INC;OK;INC000016625645;Priority 3;OK
0;ETH;FUN;INC;OK;INC000016626235;Priority 4;OK
FUN;DCF;FUN;INC;OK;INC000016626539;Priority 3;OK
FUN;DCF;FUN;INC;OK;INC000016627435;Priority 4;OK
APS;ETH;APS;INC;OK;INC000016627740;Priority 3;OK
APS;ETH;APS;INC;OK;INC000016627755;Priority 3;OK
SCH;LAT;SCH;INC;OK;INC000016628127;Priority 3;OK
FUN;812;FUN;INC;OK;INC000016628281;Priority 3;OK
FUN;EES;FUN;INC;OK;INC000016628877;Priority 4;OK
FIN;812;FUN;INC;OK;INC000016628896;Priority 4;OK
SCH;BWI;SCH;INC;OK;INC000016628916;Priority 3;OK
L1;BWI;L1 ;INC;OK;INC000016629029;Priority 3;OK
MNT;MNT;FUN;INC;OK;INC000016629099;Priority 4;OK
FIN;DCF;FUN;INC;OK;INC000016629164;Priority 4;OK
CNC;812;CNC;INC;OK;INC000016629697;Priority 4;OK
TEC;DCF;TEC;INC;OK;INC000016630368;Priority 3;OK
SEC;SYN;SEC;INC;OK;INC000016630705;Priority 3;OK
CNC;ETH;L1 ;INC;OK;INC000016630730;Priority 3;OK
SEC;SYN;SEC;INC;OK;INC000016631009;Priority 3;OK
None;ETH;FUN;INC;OK;INC000016631533;Priority 4;OK
FUN;BWI;FUN;INC;OK;INC000016631617;Priority 4;OK
CNC;812;CNC;INC;OK;INC000016631799;Priority 3;OK
SCH;LAT;SCH;INC;OK;INC000016631990;Priority 4;OK
FUN;DCF;FUN;INC;OK;INC000016632596;Priority 3;OK
CNC;BWI;CNC;INC;OK;INC000016633576;Priority 3;OK
SCH;LAT;SCH;INC;OK;INC000016633885;Priority 3;OK
CNC;812;CNC;INC;OK;INC000016635084;Priority 3;OK
CNC;812;L1 ;INC;OK;INC000016635135;Priority 4;OK
L1;812;MON;INC;OK;INC000016635325;Priority 3;OK
APS;ETH;APS;INC;OK;INC000016635723;Priority 3;OK
L1;812;MON;SR;OK;INC000016635867;Priority 4;OK
FUN;DCF;FUN;INC;OK;INC000016636059;Priority 3;OK
SCH;LAT;SCH;INC;OK;INC000016636487;Priority 4;OK
FUN;812;FUN;INC;OK;INC000016636537;Priority 3;OK
FIN;812;FUN;INC;OK;INC000016636569;Priority 4;OK
L1;812;CNC;INC;OK;INC000016636646;Priority 4;OK
APS;ETH;APS;INC;OK;INC000016637275;Priority 4;OK
FUN;BWI;FUN;INC;OK;INC000016637894;Priority 4;OK
FUN;812;FUN;INC;OK;INC000016638042;Priority 3;OK
SEC;SYN;SEC;INC;OK;INC000016638096;Priority 3;OK
L1;BWI;L1 ;INC;OK;INC000016638188;Priority 4;OK
MNT;MNT;FUN;INC;OK;INC000016638287;Priority 4;OK
FUN;DCF;FUN;INC;OK;INC000016638396;Priority 3;OK
CNC;DPY;CNC;INC;OK;INC000016638620;Priority 3;OK
FUN;LAT;FUN;INC;OK;INC000016638694;Priority 3;OK
None;ETH;FUN;INC;OK;INC000016638720;Priority 3;OK
MNT;MNT;FUN;INC;OK;INC000016638740;Priority 4;OK
FUN;LAT;FUN;INC;OK;INC000016638902;Priority 3;OK
CNC;DPY;CNC;INC;OK;INC000016639219;Priority 3;OK
CNC;BWI;CNC;INC;OK;INC000016640033;Priority 2;OK
FUN;LAT;FUN;INC;OK;INC000016642313;Priority 3;OK
TEC;DCF;TEC;INC;OK;INC000016642374;Priority 3;OK
FUN;DCF;FUN;INC;OK;INC000016642461;Priority 3;OK
FIN;812;FUN;INC;OK;INC000016643160;Priority 3;OK
FUN;LAT;FUN;INC;OK;INC000016643466;Priority 3;OK
FIN;DCF;FUN;INC;OK;INC000016643695;Priority 4;OK
TEC;DCF;TEC;INC;OK;INC000016644966;Priority 3;OK
FUN;LAT;FUN;INC;OK;INC000016646848;Priority 4;OK
0;812;FUN;INC;OK;INC000016647165;Priority 4;OK
OPS;WS;OPS;INC;OK;INC000016647323;Priority 3;OK
L1;MNT;MON;SR;OK;INC000016647816;Priority 4;OK
DCF;DCF;FUN;INC;OK;INC000016647950;Priority 3;OK
FIN;812;FUN;INC;OK;INC000016648388;Priority 4;OK
FUN;BWI;FUN;INC;OK;INC000016648483;Priority 4;OK
FUN;LAT;FUN;INC;OK;INC000016648526;Priority 4;OK
CNC;BWI;CNC;INC;OK;INC000016650283;Priority 2;OK
SEC;SYN;SEC;INC;OK;INC000016650520;Priority 3;OK
FIN;DCF;FUN;INC;OK;INC000016652898;Priority 4;OK
L1;812;MON;SR;OK;INC000016654330;Priority 4;OK
CNC;DCF;CNC;INC;OK;INC000016654875;Priority 3;OK
TEC;DCF;TEC;INC;OK;INC000016655837;Priority 3;OK
TEC;DCF;TEC;INC;OK;INC000016655850;Priority 3;OK
MNT;MNT;FUN;INC;OK;INC000016657842;Priority 3;OK
OPS;EMS;OPS;HK;OK;INC000016659922;Priority 3;OK
APS;ETH;APS;INC;OK;INC000016661324;Priority 3;OK
OPS;EMS;OPS;HK;OK;INC000016661502;Priority 3;OK
APS;ETH;APS;INC;OK;INC000016661587;Priority 3;OK
CNC;BWI;CNC;INC;OK;INC000016661948;Priority 3;OK
DCF;DCF;FUN;INC;OK;INC000016664758;Priority 4;OK
FIN;LAT;FUN;INC;OK;INC000016666653;Priority 4;OK
L1;BWI;L1 ;INC;OK;INC000016667007;Priority 4;OK
DBA;812;DBA;INC;OK;INC000016668338;Priority 4;OK
SEC;SYN;SEC;INC;OK;INC000016670755;Priority 4;OK
FUN;EES;FUN;INC;OK;INC000016671281;Priority 4;OK
FUN;BWI;FUN;INC;OK;INC000016672057;Priority 4;OK
FUN;LAT;FUN;INC;OK;INC000016672173;Priority 4;OK
FUN;BWI;FUN;INC;OK;INC000016672297;Priority 4;OK
FUN;BWI;FUN;INC;OK;INC000016672474;Priority 4;OK
L1;812;MON;SR;OK;INC000016673827;Priority 4;OK
L1;812;MON;SR;OK;INC000016674317;Priority 4;OK
TEC;ETH;FUN;INC;OK;INC000016675406;Priority 4;OK
FUN;812;FUN;INC;OK;INC000016675583;Priority 4;OK
FUN;BWI;FUN;INC;OK;INC000016677111;Priority 4;OK
TEC;LAT;TEC;INC;OK;INC000016677994;Priority 4;OK
DCF;DCF;FUN;INC;OK;INC000016680267;Priority 4;OK
FUN;BWI;FUN;INC;OK;INC000016681362;Priority 4;OK
FUN;BWI;FUN;INC;OK;INC000016682271;Priority 4;OK
FUN;BWI;FUN;INC;OK;INC000016682702;Priority 4;OK
FUN;BWI;FUN;INC;OK;INC000016684187;Priority 4;OK
FIN;812;FUN;INC;OK;INC000016685241;Priority 4;OK
FIN;812;FUN;INC;OK;INC000016685652;Priority 4;OK
FIN;812;FUN;INC;OK;INC000016685855;Priority 4;OK
FIN;812;FUN;INC;OK;INC000016685879;Priority 4;OK
FIN;812;FUN;INC;OK;INC000016685978;Priority 4;OK
FUN;812;FUN;INC;Defect;INC000016686099;Priority 4;OK
FUN;ETH;FUN;INC;OK;INC000016686937;Priority 4;OK
FIN;812;FUN;INC;OK;INC000016687417;Priority 4;OK
L1;MNT;MON;SR;OK;INC000016688429;Priority 4;OK
FUN;ETH;FUN;INC;OK;INC000016688480;Priority 4;OK
MNT;MNT;FUN;INC;OK;INC000016692369;Priority 3;OK
MNT;MNT;FUN;INC;OK;INC000016692510;Priority 3;OK
MNT;MNT;FUN;INC;OK;INC000016692557;Priority 3;OK
FIN;812;FUN;INC;OK;INC000016693130;Priority 4;OK
MNT;MNT;FUN;INC;OK;INC000016693232;Priority 3;OK
CNC;DCF;FUN;INC;OK;INC000016693655;Priority 4;OK
FUN;812;FUN;INC;OK;INC000016694653;Priority 3;OK
FIN;812;FUN;INC;OK;INC000016694683;Priority 3;OK
FUN;812;FUN;INC;OK;INC000016694948;Priority 3;OK
SEC;SYN;SEC;INC;OK;INC000016695494;Priority 4;OK
DBA;812;DBA;INC;OK;INC000016695795;Priority 4;OK
FUN;812;FUN;INC;OK;INC000016696471;Priority 4;OK
SEC;SYN;SEC;INC;Defect;INC000016697252;Priority 3;OK
FUN;BWI;FUN;INC;OK;INC000016697366;Priority 3;OK
CNC;BWI;L1 ;INC;OK;INC000016697493;Priority 4;OK
FUN;BWI;FUN;INC;OK;INC000016698327;Priority 4;OK
FUN;812;FUN;INC;OK;INC000016699198;Priority 3;OK
FIN;812;FUN;INC;OK;INC000016699340;Priority 4;OK
FIN;812;FUN;INC;OK;INC000016699424;Priority 4;OK
FIN;812;FUN;INC;OK;INC000016699514;Priority 4;OK
FUN;812;FUN;INC;OK;INC000016699817;Priority 3;OK
FUN;812;FUN;INC;OK;INC000016699921;Priority 4;OK
L1;812;MON;SR;OK;INC000016700257;Priority 4;OK
FIN;812;FUN;INC;OK;INC000016700306;Priority 4;OK
DCF;DCF;FUN;INC;OK;INC000016700738;Priority 4;OK
FUN;812;FUN;INC;OK;INC000016700969;Priority 3;OK
FUN;ETH;FUN;INC;OK;INC000016701728;Priority 4;OK
DCF;DCF;FUN;INC;OK;INC000016702621;Priority 4;OK
L1;BWI;L1 ;INC;OK;INC000016703069;Priority 4;OK
L1;MNT;MON;SR;OK;INC000016703149;Priority 4;OK
SEC;DXE;SEC;SR;OK;INC000016703672;Priority 3;OK
TEC;ETH;FUN;INC;OK;INC000016704666;Priority 4;OK
TEC;ETH;FUN;INC;OK;INC000016706518;Priority 4;OK
FIN;812;FUN;INC;OK;INC000016706655;Priority 4;OK
FUN;812;FUN;INC;OK;INC000016707093;Priority 3;OK
FUN;BWI;FUN;INC;OK;INC000016707371;Priority 3;OK
SEC;SYN;SEC;INC;OK;INC000016707742;Priority 3;OK
FUN;EES;FUN;INC;OK;INC000016707941;Priority 4;OK
FUN;ETH;FUN;INC;OK;INC000016708034;Priority 3;OK
DCF;DCF;FUN;INC;OK;INC000016708035;Priority 3;OK
FUN;BWI;FUN;INC;OK;INC000016708691;Priority 3;OK
FUN;LAT;FUN;INC;OK;INC000016708869;Priority 4;OK
DCF;DCF;FUN;INC;OK;INC000016708883;Priority 3;OK
FUN;BWI;FUN;INC;OK;INC000016708899;Priority 4;OK
DCF;DCF;FUN;INC;OK;INC000016710963;Priority 3;OK
DXE;DXE;FUN;INC;OK;INC000016711117;Priority 3;OK
FIN;812;FUN;INC;OK;INC000016711194;Priority 4;OK
FIN;812;FUN;INC;OK;INC000016711440;Priority 3;OK
DCF;DCF;FUN;INC;OK;INC000016711565;Priority 4;OK
FIN;812;FUN;INC;OK;INC000016711636;Priority 4;OK
FUN;812;FUN;INC;OK;INC000016711836;Priority 4;OK
FIN;812;FUN;INC;OK;INC000016711859;Priority 3;OK
FIN;812;FUN;INC;OK;INC000016712012;Priority 4;OK
FUN;DXE;FUN;INC;OK;INC000016712424;Priority 4;OK
FIN;812;FUN;INC;OK;INC000016712990;Priority 4;OK
FUN;LAT;FUN;INC;OK;INC000016712998;Priority 3;OK
DCF;DCF;FUN;INC;OK;INC000016713091;Priority 3;OK
FUN;LAT;FUN;INC;OK;INC000016713337;Priority 3;OK
SEC;SYN;SEC;INC;OK;INC000016714092;Priority 4;OK
FUN;812;FUN;INC;OK;INC000016717962;Priority 3;OK
FIN;812;FUN;INC;OK;INC000016717994;Priority 4;OK
FIN;812;FUN;INC;OK;INC000016718391;Priority 3;OK
MNT;MNT;FUN;INC;OK;INC000016718515;Priority 3;OK
FIN;812;FUN;INC;OK;INC000016720780;Priority 4;OK
OPS;EDS;OPS;HK;OK;INC000016720950;Priority 3;OK
FIN;812;FUN;INC;OK;INC000016720955;Priority 4;OK
FIN;812;FUN;INC;OK;INC000016720964;Priority 4;OK
APS;ETH;APS;INC;OK;INC000016721771;Priority 3;OK
APS;ETH;APS;INC;OK;INC000016721773;Priority 3;OK
APS;EES;APS;INC;OK;INC000016721787;Priority 3;OK
OPS;WS;OPS;HK;OK;INC000016721838;Priority 3;OK
TEC;ETH;FUN;INC;OK;INC000016722488;Priority 4;OK
DBA;812;DBA;INC;Defect;INC000016723930;Priority 3;OK
SEC;SYN;SEC;SR;OK;INC000016724186;Priority 3;OK
APS;ETH;APS;INC;OK;INC000016724442;Priority 4;OK
SEC;SYN;SEC;INC;OK;INC000016724580;Priority 4;OK
MNT;MNT;FUN;INC;OK;INC000016725315;Priority 4;OK
SEC;SYN;SEC;INC;OK;INC000016725354;Priority 4;OK
FUN;ETH;FUN;INC;OK;INC000016725985;Priority 4;OK
DBA;812;DBA;INC;OK;INC000016726631;Priority 4;OK
FUN;MNT;FUN;INC;OK;INC000016728250;Priority 4;OK
TEC;DCF;TEC;INC;OK;INC000016728424;Priority 3;OK
SEC;812;SEC;SR;OK;INC000016729014;Priority 3;OK
L1;MNT;MON;SR;OK;INC000016729395;Priority 4;OK
FIN;812;FUN;INC;OK;INC000016729488;Priority 4;OK
TEC;LAT;TEC;INC;OK;INC000016729877;Priority 3;OK
L1;MNT;MON;SR;OK;INC000016729918;Priority 4;OK
CNC;812;CNC;INC;OK;INC000016730134;Priority 3;OK
FUN;BWI;FUN;INC;OK;INC000016730234;Priority 4;OK
FUN;DXE;FUN;INC;OK;INC000016730255;Priority 4;OK
SEC;SYN;SEC;INC;OK;INC000016730759;Priority 3;OK
FUN;MNT;FUN;INC;OK;INC000016730961;Priority 3;OK
FUN;BWI;FUN;SR;OK;INC000016731310;Priority 3;OK
FUN;EES;FUN;INC;OK;INC000016731399;Priority 3;OK
CNC;BWI;L1 ;INC;OK;INC000016732259;Priority 4;OK
TEC;ETH;FUN;INC;OK;INC000016732470;Priority 4;OK
FUN;DCF;FUN;INC;OK;INC000016732669;Priority 3;OK
FUN;EES;FUN;INC;OK;INC000016732713;Priority 4;OK
DCF;DCF;FUN;INC;OK;INC000016733121;Priority 3;OK
SEC;ETH;SEC;INC;OK;INC000016734395;Priority 4;OK
FUN;812;FUN;INC;OK;INC000016734457;Priority 4;OK
FUN;MNT;FUN;INC;OK;INC000016734881;Priority 4;OK
FIN;812;FUN;INC;OK;INC000016735255;Priority 3;OK
FIN;812;FUN;INC;OK;INC000016735279;Priority 4;OK
CNC;ETH;CNC;INC;OK;INC000016735302;Priority 4;OK
FIN;812;FUN;INC;OK;INC000016735433;Priority 4;OK
FIN;812;FUN;INC;OK;INC000016735649;Priority 4;OK
FIN;812;FUN;INC;OK;INC000016735721;Priority 4;OK
FUN;BWI;FUN;INC;OK;INC000016735792;Priority 4;OK
FIN;812;FUN;INC;OK;INC000016735827;Priority 4;OK
FIN;812;FUN;INC;OK;INC000016736074;Priority 4;OK
TEC;ETH;FUN;INC;OK;INC000016736739;Priority 3;OK
FIN;812;FUN;INC;OK;INC000016736990;Priority 4;OK
L1;MNT;MON;INC;OK;INC000016737371;Priority 4;OK
FUN;ETH;FUN;INC;OK;INC000016739122;Priority 3;OK
DCF;DCF;FUN;INC;OK;INC000016740257;Priority 3;OK
FUN;812;FUN;INC;OK;INC000016740755;Priority 4;OK
FUN;812;FUN;INC;OK;INC000016742310;Priority 3;OK
DCF;DCF;FUN;INC;OK;INC000016742425;Priority 3;OK
FUN;ETH;FUN;INC;OK;INC000016742545;Priority 4;OK
DBA;812;DBA;INC;OK;INC000016742761;Priority 4;OK
L1;MNT;MON;SR;OK;INC000016742984;Priority 4;OK
FUN;BWI;FUN;INC;OK;INC000016742991;Priority 4;OK
SEC;SYN;SEC;INC;OK;INC000016743041;Priority 3;OK
FIN;812;FUN;INC;OK;INC000016743173;Priority 4;OK
SEC;812;SEC;SR;OK;INC000016743594;Priority 3;OK
FUN;DXE;FUN;INC;OK;INC000016743942;Priority 4;OK
DCF;DCF;FUN;INC;OK;INC000016744010;Priority 3;OK
FIN;812;FUN;INC;OK;INC000016744296;Priority 4;OK
FUN;ETH;FUN;INC;OK;INC000016744446;Priority 3;OK
DCF;DCF;FUN;INC;OK;INC000016745549;Priority 3;OK
DCF;DCF;FUN;INC;OK;INC000016745897;Priority 3;OK
DCF;DCF;FUN;INC;OK;INC000016747521;Priority 3;OK
DCF;DCF;FUN;INC;OK;INC000016748823;Priority 3;OK
DCF;DCF;FUN;INC;OK;INC000016748831;Priority 3;OK
L1;812;MON;INC;OK;INC000016749108;Priority 4;OK
DCF;DCF;FUN;INC;OK;INC000016749822;Priority 3;OK
FUN;MNT;FUN;INC;OK;INC000016750109;Priority 4;OK
L1;812;MON;SR;OK;INC000016750205;Priority 4;OK
FUN;ETH;FUN;INC;OK;INC000016751282;Priority 3;OK
DCF;DCF;FUN;INC;OK;INC000016752874;Priority 3;OK
L1;MNT;MON;SR;OK;INC000016755155;Priority 4;OK
APS;ETH;APS;INC;OK;INC000016755195;Priority 3;OK
FUN;ETH;FUN;INC;OK;INC000016755372;Priority 3;OK
APS;ETH;APS;INC;OK;INC000016755512;Priority 3;OK
SCH;LAT;SCH;INC;OK;INC000016758685;Priority 4;OK
OPS;EMS;OPS;HK;OK;INC000016758809;Priority 3;OK
OPS;EDS;OPS;HK;OK;INC000016759510;Priority 3;OK
MNT;MNT;FUN;INC;OK;INC000016760238;Priority 3;OK
CNC;812;MON;SR;OK;INC000016761277;Priority 4;OK
FUN;EMS;FUN;INC;OK;INC000016761476;Priority 4;OK
OPS;EMS;OPS;HK;OK;INC000016761883;Priority 3;OK
FUN;812;FUN;INC;OK;INC000016762259;Priority 4;OK
L1;812;MON;SR;OK;INC000016762646;Priority 4;OK
DCF;DCF;FUN;INC;OK;INC000016762698;Priority 4;OK
SEC;SYN;SEC;INC;OK;INC000016763439;Priority 3;OK
FUN;EES;FUN;INC;OK;INC000016763540;Priority 4;OK
L1;MNT;MON;SR;OK;INC000016763596;Priority 4;OK
L1;MNT;MON;SR;OK;INC000016763687;Priority 4;OK
DCF;DCF;FUN;INC;OK;INC000016763709;Priority 3;OK
CNC;BWI;L1 ;SR;OK;INC000016767662;Priority 4;OK
DCF;DCF;FUN;INC;OK;INC000016769353;Priority 4;OK
FUN;812;FUN;INC;OK;INC000016769520;Priority 3;OK
FIN;812;FUN;INC;OK;INC000016769813;Priority 3;OK
FUN;DXE;FUN;INC;OK;INC000016770321;Priority 4;OK
DBA;812;DBA;INC;OK;INC000016770329;Priority 3;OK
SEC;EMS;SEC;INC;OK;INC000016771973;Priority 3;OK
APS;ETH;APS;INC;OK;INC000016771982;Priority 4;OK
FUN;DXE;FUN;INC;OK;INC000016772080;Priority 3;OK
FUN;812;FUN;INC;OK;INC000016772110;Priority 3;OK
L1;LAT;CNC;INC;OK;INC000016773935;Priority 3;OK
L1;LAT;CNC;INC;OK;INC000016774093;Priority 3;OK
OPS;EMS;OPS;HK;OK;INC000016775467;Priority 4;OK
CNC;812;CNC;INC;OK;INC000016775724;Priority 4;OK
TEC;DCF;TEC;INC;OK;INC000016776875;Priority 3;OK
FUN;812;FUN;INC;OK;INC000016777679;Priority 3;OK
DBA;812;DBA;INC;OK;INC000016777842;Priority 4;OK
FUN;812;FUN;INC;OK;INC000016777973;Priority 3;OK
SEC;SYN;SEC;INC;OK;INC000016778632;Priority 3;OK
DCF;DCF;FUN;INC;OK;INC000016781527;Priority 3;OK
L1;MNT;MON;SR;OK;INC000016781637;Priority 4;OK
DCF;DCF;FUN;INC;OK;INC000016783154;Priority 3;OK
FIN;DXE;FUN;INC;OK;INC000016783387;Priority 3;OK
FUN;MNT;FUN;INC;OK;INC000016783505;Priority 3;OK
DBA;812;DBA;INC;OK;INC000016784588;Priority 4;OK
FUN;MNT;FUN;INC;OK;INC000016785243;Priority 3;OK
FUN;LAT;FUN;INC;OK;INC000016785853;Priority 3;OK
FUN;LAT;FUN;INC;OK;INC000016786199;Priority 3;OK
FIN;812;FUN;INC;OK;INC000016788221;Priority 4;OK
FUN;BWI;FUN;INC;OK;INC000016789300;Priority 4;OK
APS;DCF;APS;INC;OK;INC000016789391;Priority 4;OK
CNC;812;CNC;INC;OK;INC000016789405;Priority 3;OK
CNC;MNT;MON;SR;OK;INC000016789441;Priority 4;OK
DCF;DCF;FUN;INC;OK;INC000016789776;Priority 3;OK
FUN;LAT;FUN;INC;OK;INC000016789860;Priority 4;OK
FUN;812;FUN;INC;OK;INC000016789937;Priority 3;OK
FUN;BWI;FUN;INC;OK;INC000016791493;Priority 3;OK
FUN;MNT;FUN;INC;OK;INC000016792135;Priority 3;OK
FUN;ETH;FUN;INC;OK;INC000016793611;Priority 3;OK
FUN;ETH;FUN;INC;OK;INC000016793613;Priority 3;OK
FUN;ETH;FUN;INC;OK;INC000016793617;Priority 3;OK
APS;ETH;APS;INC;OK;INC000016796660;Priority 3;OK
DCF;DCF;FUN;INC;OK;INC000016796987;Priority 4;OK
DCF;DCF;FUN;INC;OK;INC000016797102;Priority 3;OK
APS;ETH;APS;INC;OK;INC000016797248;Priority 3;OK
TEC;DCF;TEC;INC;OK;INC000016797829;Priority 3;OK
FUN;812;FUN;INC;OK;INC000016798176;Priority 3;OK
FUN;LAT;FUN;INC;OK;INC000016799360;Priority 3;OK
SEC;ETH;SEC;INC;OK;INC000016800492;Priority 3;OK
FUN;812;FUN;INC;OK;INC000016803399;Priority 3;OK
DCF;DCF;FUN;INC;OK;INC000016804326;Priority 4;OK
SEC;ETH;SEC;INC;OK;INC000016806799;Priority 3;OK
SEC;SYN;SEC;INC;OK;INC000016808969;Priority 4;OK
DCF;DCF;FUN;INC;OK;INC000016809110;Priority 3;OK
DCF;DCF;FUN;INC;OK;INC000016809452;Priority 4;OK
CNC;812;CNC;INC;OK;INC000016809949;Priority 4;OK
APS;ETH;APS;INC;OK;INC000016810692;Priority 3;OK
TEC;ETH;FUN;INC;OK;INC000016813037;Priority 4;OK
L1;ETH;CNC;INC;OK;INC000016813041;Priority 4;OK
L1;MNT;MON;SR;OK;INC000016813894;Priority 4;OK
L1;MNT;MON;SR;OK;INC000016814134;Priority 4;OK
FUN;812;FUN;INC;OK;INC000016815683;Priority 4;OK
SEC;812;SEC;SR;OK;INC000016816224;Priority 4;OK
None;EMS;OPS;HK;OK;INC000016816989;Priority 4;OK
DBA;812;DBA;INC;OK;INC000016817275;Priority 4;OK
FIN;DXE;FUN;INC;OK;INC000016817794;Priority 4;OK
FUN;BWI;FUN;INC;OK;INC000016817824;Priority 4;OK
CNC;EMS;CNC;INC;OK;INC000016817829;Priority 4;OK
FUN;BWI;FUN;INC;OK;INC000016818368;Priority 4;OK
FUN;BWI;FUN;SR;Defect;INC000016820857;Priority 4;OK
FIN;812;FUN;INC;OK;INC000016822325;Priority 4;OK
DBA;812;DBA;INC;OK;INC000016822598;Priority 4;OK
FUN;812;FUN;INC;OK;INC000016823025;Priority 4;OK
CNC;EMS;OPS;INC;OK;INC000016823031;Priority 4;OK
CNC;MNT;MON;SR;OK;INC000016823609;Priority 4;OK
CNC;812;CNC;INC;OK;INC000016823653;Priority 4;OK
TEC;ETH;FUN;INC;OK;INC000016824251;Priority 4;OK
TEC;DCF;FUN;INC;OK;INC000016824700;Priority 4;OK
FUN;BWI;FUN;INC;OK;INC000016825440;Priority 4;OK
FUN;LAT;FUN;INC;OK;INC000016825549;Priority 4;OK
FIN;812;FUN;INC;OK;INC000016825965;Priority 4;OK
CNC;812;CNC;INC;OK;INC000016826020;Priority 4;OK
DCF;DCF;FUN;INC;OK;INC000016826114;Priority 4;OK
FUN;812;FUN;INC;OK;INC000016826988;Priority 4;OK
FUN;812;FUN;INC;OK;INC000016828927;Priority 4;OK
FUN;812;FUN;INC;OK;INC000016830945;Priority 4;OK
FUN;812;FUN;INC;OK;INC000016831453;Priority 4;OK
FIN;812;FUN;INC;OK;INC000016831987;Priority 4;OK
FUN;WS;FUN;INC;OK;INC000016832123;Priority 4;OK
FIN;812;FUN;INC;OK;INC000016832199;Priority 4;OK
FIN;812;FUN;INC;OK;INC000016833044;Priority 4;OK
FUN;812;FUN;INC;OK;INC000016833190;Priority 4;OK
FUN;812;FUN;INC;OK;INC000016833641;Priority 4;OK
DCF;DCF;FUN;INC;OK;INC000016834026;Priority 4;OK
CNC;EMS;OPS;INC;OK;INC000016834077;Priority 4;OK
FUN;BWI;FUN;INC;OK;INC000016835355;Priority 4;OK
TEC;ETH;FUN;INC;OK;INC000016835522;Priority 4;OK
FUN;BWI;FUN;INC;OK;INC000016835957;Priority 4;OK
CNC;812;MON;INC;OK;INC000016836620;Priority 4;OK
CNC;BWI;L1 ;INC;OK;INC000016836672;Priority 4;OK
CNC;812;CNC;INC;OK;INC000016836732;Priority 4;OK
FUN;DXE;FUN;INC;OK;INC000016838598;Priority 4;OK
FIN;812;FUN;INC;OK;INC000016839044;Priority 4;OK
FIN;812;FUN;INC;OK;INC000016839640;Priority 4;OK
FUN;812;FUN;INC;OK;INC000016839952;Priority 4;OK
FUN;812;FUN;INC;OK;INC000016839964;Priority 4;OK
DCF;DCF;FUN;INC;OK;INC000016840323;Priority 4;OK
FIN;812;FUN;INC;OK;INC000016842006;Priority 4;OK
FIN;812;FUN;INC;OK;INC000016845313;Priority 4;OK
FUN;BWI;FUN;INC;OK;INC000016845536;Priority 4;OK
FIN;812;FUN;INC;OK;INC000016846388;Priority 4;OK
SEC;SYN;SEC;INC;OK;INC000016846503;Priority 4;OK
SEC;SYN;SEC;INC;OK;INC000016846636;Priority 4;OK
FIN;812;FUN;INC;OK;INC000016847319;Priority 4;OK
DXE;DXE;FUN;INC;OK;INC000016848222;Priority 4;OK
L1;BWI;L1 ;INC;OK;INC000016850425;Priority 3;OK
FIN;812;FUN;INC;OK;INC000016851012;Priority 4;OK
FIN;812;FUN;INC;OK;INC000016851090;Priority 4;OK
FIN;812;FUN;INC;OK;INC000016851392;Priority 3;OK
MNT;MNT;FUN;INC;OK;INC000016851721;Priority 3;OK
L1;812;MON;INC;OK;INC000016852234;Priority 4;OK
DBA;812;DBA;INC;OK;INC000016852430;Priority 4;OK
L1;ETH;CNC;INC;OK;INC000016853312;Priority 4;OK
DCF;DCF;FUN;INC;OK;INC000016853369;Priority 4;OK
FUN;BWI;FUN;INC;OK;INC000016854259;Priority 4;OK
FUN;BWI;FUN;INC;OK;INC000016854594;Priority 3;OK
CNC;CRD;MON;INC;OK;INC000016855797;Priority 4;OK
FUN;812;FUN;INC;OK;INC000016856157;Priority 4;OK
FIN;812;FUN;INC;OK;INC000016856636;Priority 4;OK
FIN;DXE;FUN;INC;OK;INC000016856930;Priority 3;OK
FIN;812;FUN;INC;OK;INC000016857339;Priority 3;OK
FIN;812;FUN;INC;OK;INC000016857538;Priority 4;OK
SEC;DCF;FUN;INC;OK;INC000016857914;Priority 3;OK
CNC;LAT;L1 ;INC;OK;INC000016857979;Priority 3;OK
DCF;DCF;FUN;INC;OK;INC000016857997;Priority 3;OK
FUN;DXE;FUN;INC;OK;INC000016858110;Priority 4;OK
FUN;812;FUN;INC;OK;INC000016858343;Priority 4;OK
APS;ETH;APS;INC;OK;INC000016858359;Priority 3;OK
FUN;DXE;FUN;INC;OK;INC000016858961;Priority 4;OK
FUN;BWI;FUN;SR;OK;INC000016859304;Priority 4;OK
SCH;BWI;SCH;INC;OK;INC000016859375;Priority 3;OK
FUN;BWI;FUN;INC;OK;INC000016859398;Priority 4;OK
FUN;LAT;FUN;INC;OK;INC000016859489;Priority 4;OK
FUN;BWI;FUN;INC;OK;INC000016859750;Priority 3;OK
FUN;MNT;FUN;INC;OK;INC000016860599;Priority 3;OK
FIN;812;FUN;INC;OK;INC000016861244;Priority 4;OK
TEC;ETH;FUN;INC;OK;INC000016861984;Priority 3;OK
FIN;812;FUN;INC;OK;INC000016862222;Priority 4;OK
CNC;812;CNC;INC;OK;INC000016862917;Priority 3;OK
CNC;812;CNC;INC;OK;INC000016864076;Priority 3;OK
FIN;812;FUN;INC;OK;INC000016864186;Priority 4;OK
SEC;812;SEC;SR;OK;INC000016864238;Priority 3;OK
DCF;DCF;FUN;SR;OK;INC000016864529;Priority 3;OK
FUN;812;FUN;INC;OK;INC000016864571;Priority 4;OK
DCF;DCF;FUN;INC;OK;INC000016864763;Priority 3;OK
CNC;812;MON;SR;OK;INC000016864861;Priority 4;OK
APS;DCF;APS;INC;OK;INC000016865219;Priority 4;OK
DBA;812;DBA;INC;OK;INC000016865722;Priority 3;OK
FIN;812;FUN;INC;OK;INC000016866041;Priority 3;OK
FUN;BWI;FUN;INC;OK;INC000016866076;Priority 3;OK
FUN;EES;FUN;INC;OK;INC000016866383;Priority 3;OK
DCF;DCF;FUN;INC;OK;INC000016866677;Priority 3;OK
CNC;BWI;L1 ;INC;OK;INC000016866865;Priority 4;OK
SCH;LAT;SCH;INC;OK;INC000016866906;Priority 3;OK
FUN;BWI;FUN;INC;OK;INC000016867321;Priority 3;OK
SEC;EDS;SEC;INC;OK;INC000016867632;Priority 4;OK
CNC;812;CNC;INC;OK;INC000016867771;Priority 4;OK
DCF;DCF;FUN;INC;OK;INC000016868099;Priority 3;OK
FUN;EMS;FUN;INC;OK;INC000016868337;Priority 4;OK
FUN;812;FUN;INC;OK;INC000016868415;Priority 3;OK
DCF;DCF;FUN;INC;OK;INC000016869266;Priority 4;OK
TEC;DCF;FUN;INC;OK;INC000016870068;Priority 3;OK
CNC;BWI;L1 ;SR;OK;INC000016870114;Priority 4;OK
FIN;DXE;FUN;INC;OK;INC000016870897;Priority 4;OK
SEC;SYN;SEC;INC;OK;INC000016871157;Priority 3;OK
TEC;ETH;FUN;INC;OK;INC000016872510;Priority 3;OK
FIN;BWI;FUN;INC;OK;INC000016872826;Priority 3;OK
FUN;ETH;FUN;INC;OK;INC000016872924;Priority 4;OK
FUN;812;FUN;INC;OK;INC000016875358;Priority 3;OK
FUN;812;FUN;INC;OK;INC000016875693;Priority 4;OK
SEC;SYN;SEC;INC;OK;INC000016876383;Priority 3;OK
DCF;DCF;FUN;INC;OK;INC000016876722;Priority 4;OK
FUN;ETH;FUN;INC;OK;INC000016876779;Priority 3;OK
FUN;812;FUN;INC;OK;INC000016877083;Priority 3;OK
FUN;812;FUN;INC;OK;INC000016877322;Priority 3;OK
TEC;DCF;FUN;INC;OK;INC000016877360;Priority 3;OK
FUN;BWI;FUN;INC;OK;INC000016877446;Priority 3;OK
FUN;COR;FUN;INC;OK;INC000016877769;Priority 3;OK
FUN;EES;FUN;INC;OK;INC000016878131;Priority 4;OK
FUN;BWI;FUN;SR;OK;INC000016878575;Priority 4;OK
FUN;EES;FUN;INC;OK;INC000016878826;Priority 3;OK
L1;MNT;MON;SR;OK;INC000016879339;Priority 3;OK
CNC;ETH;CNC;INC;OK;INC000016879531;Priority 2;OK
FUN;BWI;FUN;INC;OK;INC000016880012;Priority 4;OK
SEC;ETH;CNC;INC;OK;INC000016880110;Priority 3;OK
CNC;ETH;CNC;INC;OK;INC000016880158;Priority 4;OK
FUN;BWI;FUN;INC;OK;INC000016880308;Priority 4;OK
DCF;DCF;FUN;INC;OK;INC000016880644;Priority 4;OK
OPS;EMS;OPS;HK;OK;INC000016881350;Priority 3;OK
DCF;DCF;FUN;INC;OK;INC000016882029;Priority 4;OK
FIN;DCF;FUN;INC;OK;INC000016882254;Priority 3;OK
L1;812;MON;SR;OK;INC000016882261;Priority 4;OK
FIN;812;FUN;INC;OK;INC000016882414;Priority 4;OK
FUN;LAT;FUN;INC;OK;INC000016882841;Priority 4;OK
CNC;DCF;CNC;INC;OK;INC000016883072;Priority 4;OK
FUN;812;FUN;INC;OK;INC000016883109;Priority 4;OK
SEC;MNT;SEC;INC;OK;INC000016883239;Priority 4;OK
CNC;DCF;CNC;INC;OK;INC000016883966;Priority 4;OK
SEC;812;SEC;SR;OK;INC000016886084;Priority 3;OK
FIN;812;FUN;INC;OK;INC000016886283;Priority 4;OK
CNC;MNT;CNC;INC;OK;INC000016886713;Priority 3;OK
DBA;812;DBA;INC;OK;INC000016887224;Priority 4;OK
OPS;EMS;OPS;HK;OK;INC000016887228;Priority 4;OK
FUN;BWI;FUN;INC;OK;INC000016887731;Priority 3;OK
SEC;DXE;SEC;SR;OK;INC000016888069;Priority 4;OK
FUN;BWI;FUN;INC;OK;INC000016888104;Priority 3;OK
FUN;ETH;FUN;INC;OK;INC000016888455;Priority 3;OK
FUN;BWI;FUN;INC;OK;INC000016888890;Priority 3;OK
TEC;LAT;TEC;INC;OK;INC000016890009;Priority 3;OK
FUN;BWI;FUN;INC;OK;INC000016890266;Priority 4;OK
CNC;DXE;L1 ;INC;OK;INC000016890680;Priority 2;OK
APS;ETH;APS;INC;OK;INC000016890981;Priority 3;OK
APS;ETH;APS;INC;OK;INC000016892372;Priority 3;OK
FUN;BWI;FUN;SR;OK;INC000016892407;Priority 3;OK
APS;ETH;APS;INC;OK;INC000016892447;Priority 3;OK
SCH;LAT;SCH;INC;OK;INC000016893418;Priority 4;OK
OPS;EDS;OPS;HK;OK;INC000016894421;Priority 3;OK
OPS;EMS;OPS;HK;OK;INC000016894515;Priority 3;OK
SCH;LAT;SCH;INC;OK;INC000016895257;Priority 4;OK
FUN;MNT;FUN;INC;OK;INC000016895781;Priority 3;OK
FIN;812;FUN;INC;OK;INC000016897568;Priority 4;OK
L1;812;CNC;INC;OK;INC000016898416;Priority 4;OK
APS;EES;APS;INC;OK;INC000016902277;Priority 3;OK
DBA;812;DBA;INC;OK;INC000016903332;Priority 4;OK
CNC;812;MON;SR;OK;INC000016903521;Priority 4;OK
SEC;SYN;SEC;INC;OK;INC000016904801;Priority 4;OK
FUN;BWI;FUN;INC;OK;INC000016904925;Priority 4;OK
FUN;BWI;FUN;INC;OK;INC000016905017;Priority 4;OK
FUN;EES;FUN;INC;OK;INC000016906327;Priority 4;OK
L1;BWI;L1 ;INC;OK;INC000016906958;Priority 4;OK
FIN;812;FUN;INC;OK;INC000016907320;Priority 4;OK
TEC;BWI;TEC;INC;OK;INC000016907637;Priority 4;OK
CNC;812;CNC;INC;OK;INC000016910368;Priority 3;OK
DCF;DCF;FUN;INC;OK;INC000016911123;Priority 3;OK
TEC;ETH;FUN;INC;OK;INC000016911461;Priority 3;OK
L1;BWI;L1 ;INC;OK;INC000016913495;Priority 4;OK
DCF;DCF;FUN;INC;OK;INC000016962360;Priority 4;OK
FUN;812;FUN;INC;OK;INC000016962510;Priority 4;OK
CNC;812;CNC;INC;OK;INC000016963082;Priority 4;OK
DCF;DCF;FUN;INC;OK;INC000016964037;Priority 4;OK
DCF;DCF;FUN;INC;OK;INC000016964738;Priority 4;OK
FUN;812;FUN;INC;OK;INC000016964989;Priority 4;OK
FUN;812;FUN;INC;OK;INC000016965362;Priority 4;OK
LAT;LAT;FUN;INC;OK;INC000016966781;Priority 4;OK
CNC;MNT;MON;SR;OK;INC000016967634;Priority 4;OK
SEC;EDS;SEC;INC;OK;INC000016968200;Priority 4;OK
DXE;DXE;FUN;INC;OK;INC000016968634;Priority 4;OK
FUN;812;FUN;INC;OK;INC000016968857;Priority 4;OK
FIN;MNT;FUN;INC;OK;INC000016968924;Priority 4;OK
FUN;812;FUN;INC;OK;INC000016969611;Priority 4;OK
DCF;DCF;FUN;INC;OK;INC000016970996;Priority 4;OK
FUN;812;FUN;INC;OK;INC000016974484;Priority 4;OK
OPS;EMS;OPS;HK;OK;INC000016975282;Priority 4;OK
FIN;812;FUN;INC;OK;INC000016975835;Priority 4;OK
FUN;BWI;FUN;INC;OK;INC000016975980;Priority 4;OK
FIN;812;FUN;INC;Defect;INC000016976104;Priority 4;OK
FUN;812;FUN;INC;OK;INC000016976413;Priority 4;OK
FUN;812;FUN;INC;OK;INC000016976427;Priority 4;OK
FUN;WS;FUN;INC;OK;INC000016976451;Priority 4;OK
SEC;SYN;SEC;INC;OK;INC000016976691;Priority 4;OK
812;812;FUN;INC;OK;INC000016977797;Priority 4;OK
FIN;812;FUN;INC;OK;INC000016977854;Priority 4;OK
TEC;ETH;FUN;INC;OK;INC000016978830;Priority 4;OK
TEC;BWI;TEC;INC;OK;INC000016978928;Priority 4;OK
L1;812;MON;SR;OK;INC000016980655;Priority 4;OK
DCF;DCF;FUN;INC;OK;INC000016980956;Priority 4;OK
FUN;812;FUN;INC;OK;INC000016981007;Priority 4;OK
812;812;FUN;INC;OK;INC000016981952;Priority 4;OK
812;812;FUN;INC;OK;INC000016982330;Priority 4;OK
FUN;812;FUN;INC;OK;INC000016982490;Priority 4;OK
FUN;812;FUN;INC;OK;INC000016982571;Priority 4;OK
CNC;812;CNC;INC;OK;INC000016982796;Priority 4;OK
SEC;SYN;SEC;INC;OK;INC000016982901;Priority 4;OK
BWI;BWI;FUN;INC;OK;INC000016984383;Priority 4;OK
MNT;MNT;FUN;INC;OK;INC000016984710;Priority 4;OK
SEC;812;SEC;SR;OK;INC000016985796;Priority 4;OK
FIN;812;FUN;INC;OK;INC000016985956;Priority 4;OK
FIN;DXE;FUN;INC;OK;INC000016986083;Priority 4;OK
FIN;812;FUN;INC;OK;INC000016986675;Priority 4;OK
FUN;BWI;FUN;INC;OK;INC000016987246;Priority 4;OK
TEC;BWI;TEC;INC;OK;INC000016987563;Priority 4;OK
FUN;812;FUN;INC;OK;INC000016988059;Priority 4;OK
FUN;BWI;FUN;INC;OK;INC000016988280;Priority 4;OK
FUN;BWI;FUN;INC;OK;INC000016989080;Priority 4;OK
FUN;ETH;FUN;INC;OK;INC000016989644;Priority 4;OK
SEC;SYN;SEC;SR;OK;INC000016993899;Priority 3;OK
DCF;DCF;FUN;INC;OK;INC000016994109;Priority 4;OK
L1;812;MON;INC;OK;INC000016994687;Priority 4;OK
SEC;812;SEC;SR;OK;INC000016994697;Priority 4;OK
CNC;812;CNC;INC;OK;INC000016995365;Priority 3;OK
FUN;BWI;FUN;INC;OK;INC000016995387;Priority 4;OK
APS;ETH;APS;INC;OK;INC000016995836;Priority 3;OK
FIN;812;FUN;INC;OK;INC000016996031;Priority 3;OK
FUN;812;FUN;INC;OK;INC000016996685;Priority 3;OK
SEC;SYN;SEC;INC;OK;INC000016997287;Priority 4;OK
DBA;812;DBA;INC;OK;INC000016997891;Priority 4;OK
APS;ETH;APS;INC;OK;INC000016998286;Priority 3;OK
APS;ETH;APS;INC;OK;INC000016998291;Priority 3;OK
APS;ETH;APS;INC;OK;INC000016998372;Priority 3;OK
APS;ETH;APS;INC;OK;INC000016998373;Priority 3;OK
BWI;BWI;FUN;INC;OK;INC000016998978;Priority 4;OK
DBA;812;DBA;INC;OK;INC000016999782;Priority 3;OK
DCF;DCF;FUN;INC;OK;INC000017000466;Priority 3;OK
FIN;812;FUN;INC;OK;INC000017000904;Priority 3;OK
L1;812;MON;INC;OK;INC000017001214;Priority 4;OK
FIN;812;FUN;INC;OK;INC000017001223;Priority 4;OK
FUN;812;FUN;INC;OK;INC000017001273;Priority 3;OK
FIN;812;FUN;INC;OK;INC000017001361;Priority 3;OK
FIN;DPY;FUN;INC;OK;INC000017001889;Priority 4;OK
FUN;812;FUN;INC;OK;INC000017001991;Priority 4;OK
FUN;EES;FUN;INC;OK;INC000017002097;Priority 4;OK
FUN;812;FUN;INC;OK;INC000017002448;Priority 4;OK
DCF;DCF;FUN;INC;OK;INC000017002817;Priority 3;OK
FIN;812;FUN;INC;OK;INC000017002899;Priority 3;OK
LEAD;DCF;FUN;INC;OK;INC000017002903;Priority 4;OK
FUN;DXE;FUN;INC;OK;INC000017003117;Priority 4;OK
FUN;812;FUN;INC;OK;INC000017003386;Priority 4;OK
FUN;BWI;FUN;INC;OK;INC000017003437;Priority 3;OK
SEC;SYN;SEC;INC;OK;INC000017003771;Priority 3;OK
APS;ETH;APS;INC;OK;INC000017004498;Priority 3;OK
APS;ETH;APS;INC;OK;INC000017004500;Priority 3;OK
L1;MNT;MON;SR;OK;INC000017004611;Priority 4;OK
FUN;BWI;FUN;INC;OK;INC000017004644;Priority 3;OK
APS;ETH;APS;INC;OK;INC000017004810;Priority 3;OK
APS;ETH;APS;INC;OK;INC000017004811;Priority 3;OK
CNC;ETH;CNC;INC;OK;INC000017005905;Priority 4;OK
TEC;ETH;FUN;INC;OK;INC000017005974;Priority 3;OK
FUN;DXE;FUN;INC;OK;INC000017006421;Priority 4;OK
DCF;DCF;FUN;INC;OK;INC000017006497;Priority 4;OK
812;812;FUN;INC;OK;INC000017006589;Priority 4;OK
OPS;EMS;OPS;HK;OK;INC000017007299;Priority 4;OK
FIN;812;FUN;INC;OK;INC000017007579;Priority 4;OK
FIN;812;FUN;INC;OK;INC000017007736;Priority 3;OK
FUN;BWI;FUN;INC;OK;INC000017008269;Priority 3;OK
FUN;EES;FUN;INC;OK;INC000017008280;Priority 4;OK
FUN;BWI;FUN;INC;OK;INC000017008360;Priority 4;OK
FIN;812;FUN;INC;OK;INC000017008896;Priority 3;OK
FIN;812;FUN;INC;OK;INC000017008906;Priority 3;OK
DBA;812;DBA;INC;OK;INC000017009071;Priority 4;OK
FUN;BWI;FUN;INC;OK;INC000017009405;Priority 3;OK
FIN;DPY;FUN;INC;OK;INC000017009744;Priority 4;OK
APS;ETH;APS;INC;OK;INC000017010251;Priority 3;OK
APS;ETH;APS;INC;OK;INC000017010252;Priority 3;OK
FUN;ETH;FUN;INC;OK;INC000017010676;Priority 4;OK
APS;EES;APS;INC;OK;INC000017011189;Priority 3;OK
FUN;812;FUN;INC;OK;INC000017012006;Priority 4;OK
FIN;812;FUN;INC;OK;INC000017012501;Priority 4;OK
SEC;812;SEC;SR;OK;INC000017012847;Priority 4;OK
FUN;EES;FUN;INC;OK;INC000017013566;Priority 4;OK
DBA;812;DBA;INC;OK;INC000017013818;Priority 4;OK
812;812;INS;INC;OK;INC000017014785;Priority 4;OK
FUN;BWI;FUN;INC;OK;INC000017014985;Priority 4;OK
FUN;BWI;FUN;INC;OK;INC000017015517;Priority 3;OK
SEC;SYN;SEC;INC;OK;INC000017015568;Priority 3;OK
MNT;MNT;FUN;INC;OK;INC000017015600;Priority 3;OK
SCH;LAT;SCH;INC;OK;INC000017017127;Priority 3;OK
FUN;BWI;FUN;INC;OK;INC000017018948;Priority 4;OK
FUN;812;FUN;INC;OK;INC000017019250;Priority 4;OK
FUN;812;FUN;INC;OK;INC000017019590;Priority 4;OK
FIN;812;FUN;INC;OK;INC000017020025;Priority 3;OK
LAT;LAT;FUN;INC;OK;INC000017020138;Priority 4;OK
MNT;MNT;FUN;INC;OK;INC000017020369;Priority 4;OK
FUN;ETH;FUN;INC;OK;INC000017021154;Priority 3;OK
LAT;LAT;FUN;INC;OK;INC000017021231;Priority 4;OK
FIN;812;FUN;INC;OK;INC000017021933;Priority 3;OK
FIN;812;FUN;INC;OK;INC000017022229;Priority 3;OK
FIN;812;FUN;INC;OK;INC000017022382;Priority 3;OK
APS;DCF;APS;INC;OK;INC000017022973;Priority 2;OK
TEC;ETH;FUN;INC;OK;INC000017023636;Priority 3;OK
APS;DCF;APS;INC;OK;INC000017023979;Priority 3;OK
TEC;DCF;TEC;INC;OK;INC000017024246;Priority 4;OK
L1;812;MON;SR;OK;INC000017024497;Priority 4;OK
SCH;LAT;SCH;INC;OK;INC000017024957;Priority 3;OK
CNC;812;CNC;INC;OK;INC000017025677;Priority 3;OK
FUN;BWI;FUN;INC;OK;INC000017026479;Priority 3;OK
DCF;DCF;FUN;INC;OK;INC000017026756;Priority 3;OK
SEC;SYN;SEC;INC;OK;INC000017027055;Priority 4;OK
APS;ETH;APS;INC;OK;INC000017027121;Priority 3;OK
SEC;SYN;SEC;INC;OK;INC000017027760;Priority 4;OK
APS;ETH;APS;INC;OK;INC000017027921;Priority 3;OK
APS;ETH;APS;INC;OK;INC000017027922;Priority 3;OK
APS;ETH;APS;INC;OK;INC000017027923;Priority 3;OK
APS;ETH;APS;INC;OK;INC000017027924;Priority 3;OK
APS;ETH;APS;INC;OK;INC000017027926;Priority 3;OK
SEC;EMS;SEC;INC;OK;INC000017029303;Priority 4;OK
DCF;DCF;FUN;INC;OK;INC000017029574;Priority 3;OK
DCF;DCF;FUN;INC;OK;INC000017029943;Priority 4;OK
SEC;EMS;OPS;HK;OK;INC000017030047;Priority 4;OK
DCF;DCF;FUN;INC;OK;INC000017031050;Priority 3;OK
FIN;812;FUN;INC;OK;INC000017031304;Priority 4;OK
LAT;LAT;FUN;INC;OK;INC000017031471;Priority 4;OK
SEC;812;SEC;INC;OK;INC000017031514;Priority 3;OK
MNT;MNT;FUN;INC;OK;INC000017031749;Priority 3;OK
APS;ETH;APS;INC;OK;INC000017031899;Priority 3;OK
FUN;BWI;FUN;INC;OK;INC000017032633;Priority 4;OK
L1;DPY;MON;SR;OK;INC000017032776;Priority 4;OK
DCF;DCF;FUN;INC;OK;INC000017033295;Priority 4;OK
SEC;EMS;OPS;INC;OK;INC000017033995;Priority 3;OK
FIN;DXE;FUN;INC;OK;INC000017034555;Priority 3;OK
L1;812;MON;SR;OK;INC000017034798;Priority 4;OK
FUN;BWI;FUN;INC;OK;INC000017037500;Priority 3;OK
APS;ETH;APS;INC;OK;INC000017037671;Priority 3;OK
MNT;MNT;FUN;INC;OK;INC000017037983;Priority 4;OK
SEC;812;SEC;SR;OK;INC000017039580;Priority 4;OK
DCF;DCF;FUN;INC;OK;INC000017040728;Priority 3;OK
L1;BWI;L1 ;INC;OK;INC000017041882;Priority 4;OK
TEC;ETH;FUN;INC;OK;INC000017042288;Priority 3;OK
L1;BWI;L1 ;SR;OK;INC000017042494;Priority 4;OK
FUN;BWI;FUN;INC;OK;INC000017043223;Priority 3;OK
SEC;SYN;SEC;INC;OK;INC000017043368;Priority 3;OK
FUN;BWI;FUN;INC;OK;INC000017046574;Priority 3;OK
SEC;SYN;SEC;INC;OK;INC000017046871;Priority 4;OK
L1;BWI;L1 ;INC;OK;INC000017047513;Priority 4;OK
TEC;SYN;FUN;INC;Defect;INC000017113961;Priority 3;OK
CNC;812;CNC;INC;OK;INC000017125842;Priority 4;OK
FUN;812;FUN;INC;Defect;INC000017126500;Priority 4;OK
L1;812;MON;SR;OK;INC000017126628;Priority 4;OK
FUN;812;FUN;INC;OK;INC000017126902;Priority 4;OK
812;812;FUN;INC;OK;INC000017127606;Priority 4;OK
CNC;812;CNC;INC;OK;INC000017127642;Priority 4;OK
FIN;812;FUN;INC;OK;INC000017128080;Priority 4;OK
FUN;BWI;FUN;INC;OK;INC000017128152;Priority 4;OK
FUN;812;FUN;INC;Defect;INC000017128846;Priority 4;OK
SEC;SYN;SEC;INC;OK;INC000017129086;Priority 4;OK
FIN;812;FUN;INC;OK;INC000017129424;Priority 4;OK
L1;MNT;MON;SR;OK;INC000017129741;Priority 4;OK
SEC;SYN;SEC;INC;OK;INC000017131450;Priority 4;OK
CNC;MNT;MON;SR;OK;INC000017132336;Priority 4;OK
FIN;812;FUN;INC;Defect;INC000017133066;Priority 4;OK
SEC;812;SEC;SR;OK;INC000017133189;Priority 4;OK
L1;812;MON;INC;OK;INC000017133456;Priority 4;OK
SEC;SYN;SEC;INC;OK;INC000017134006;Priority 4;OK
DCF;DCF;FUN;INC;OK;INC000017134284;Priority 4;OK
DBA;812;DBA;INC;OK;INC000017135436;Priority 4;OK
SEC;SYN;SEC;INC;OK;INC000017135542;Priority 4;OK
FUN;LAT;FUN;INC;OK;INC000017135962;Priority 4;OK
LAT;LAT;FUN;INC;OK;INC000017136957;Priority 4;OK
CNC;MNT;MON;SR;OK;INC000017137412;Priority 4;OK
DBA;812;DBA;INC;OK;INC000017138349;Priority 3;OK
SEC;SYN;SEC;INC;OK;INC000017139171;Priority 3;OK
L!;BWI;L1 ;SR;OK;INC000017139381;Priority 4;OK
SEC;SYN;SEC;INC;OK;INC000017139385;Priority 4;OK
FIN;812;FUN;INC;OK;INC000017139565;Priority 3;OK
FIN;812;FUN;INC;OK;INC000017139904;Priority 3;OK
FIN;812;FUN;INC;OK;INC000017140005;Priority 3;OK
FUN;BWI;FUN;INC;OK;INC000017140437;Priority 3;OK
FIN;812;FUN;INC;OK;INC000017140457;Priority 3;OK
FIN;812;FUN;INC;OK;INC000017140524;Priority 3;OK
SEC;SYN;SEC;INC;OK;INC000017140769;Priority 3;OK
APS;ETH;APS;INC;OK;INC000017141523;Priority 3;OK
APS;ETH;APS;INC;OK;INC000017141528;Priority 3;OK
APS;ETH;APS;INC;OK;INC000017141529;Priority 3;OK
APS;ETH;APS;INC;OK;INC000017141530;Priority 3;OK
CNC;BWI;L1 ;INC;OK;INC000017141574;Priority 3;OK
APS;ETH;APS;INC;OK;INC000017141610;Priority 3;OK
FUN;LAT;FUN;INC;OK;INC000017142434;Priority 3;OK
DBA;812;DBA;INC;OK;INC000017142730;Priority 4;OK
DBA;812;DBA;INC;OK;INC000017142913;Priority 4;OK
FIN;812;FUN;INC;OK;INC000017143592;Priority 3;OK
FIN;812;FUN;INC;OK;INC000017143709;Priority 3;OK
FIN;812;FUN;SR;OK;INC000017143722;Priority 3;OK
FIN;812;FUN;INC;OK;INC000017143740;Priority 3;OK
812;812;FUN;INC;OK;INC000017143767;Priority 4;OK
812;812;FUN;INC;OK;INC000017143994;Priority 4;OK
FIN;812;FUN;INC;OK;INC000017144015;Priority 4;OK
FUN;DXE;FUN;INC;Defect;INC000017144399;Priority 3;OK
FIN;812;FUN;INC;OK;INC000017144439;Priority 3;OK
FIN;812;FUN;INC;OK;INC000017144480;Priority 4;OK
FUN;BWI;FUN;INC;OK;INC000017144515;Priority 4;OK
FUN;812;FUN;INC;Defect;INC000017144540;Priority 4;OK
FUN;812;FUN;INC;Defect;INC000017144980;Priority 3;OK
FUN;812;FUN;INC;Defect;INC000017145015;Priority 4;OK
FIN;812;FUN;INC;OK;INC000017145210;Priority 4;OK
FIN;812;FUN;INC;OK;INC000017145306;Priority 3;OK
L1;BWI;L1 ;INC;OK;INC000017145379;Priority 3;OK
FIN;812;FUN;INC;OK;INC000017145774;Priority 3;OK
FIN;812;FUN;INC;OK;INC000017145809;Priority 3;OK
FUN;ETH;FUN;INC;OK;INC000017145832;Priority 4;OK
CNC;ETH;L1 ;INC;OK;INC000017145928;Priority 3;OK
LAT;LAT;FUN;INC;OK;INC000017146159;Priority 4;OK
TEC;DCF;TEC;INC;OK;INC000017146428;Priority 3;OK
FUN;ETH;FUN;INC;OK;INC000017146436;Priority 4;OK
MNT;MNT;FUN;INC;OK;INC000017147268;Priority 3;OK
MNT;MNT;FUN;INC;OK;INC000017147326;Priority 3;OK
CNC;MNT;MON;INC;OK;INC000017147429;Priority 4;OK
DBA;812;DBA;INC;OK;INC000017147456;Priority 4;OK
FIN;812;FUN;INC;OK;INC000017147632;Priority 3;OK
FIN;812;FUN;INC;OK;INC000017147702;Priority 4;OK
MNT;MNT;FUN;INC;OK;INC000017147723;Priority 3;OK
FIN;812;FUN;INC;OK;INC000017147729;Priority 4;OK
FIN;812;FUN;INC;OK;INC000017147763;Priority 3;OK
FUN;BWI;FUN;INC;OK;INC000017147828;Priority 3;OK
FIN;812;FUN;INC;OK;INC000017147912;Priority 4;OK
FUN;812;FUN;INC;OK;INC000017148054;Priority 3;OK
FIN;812;FUN;INC;OK;INC000017148113;Priority 4;OK
TEC;ETH;FUN;INC;OK;INC000017148177;Priority 3;OK
FIN;812;FUN;INC;Defect;INC000017148179;Priority 3;OK
APS;ETH;APS;INC;OK;INC000017148258;Priority 3;OK
SCH;LAT;SCH;INC;OK;INC000017149990;Priority 3;OK
SCH;LAT;SCH;INC;OK;INC000017149991;Priority 3;OK
SCH;LAT;SCH;INC;OK;INC000017149992;Priority 3;OK
SCH;LAT;SCH;INC;OK;INC000017149995;Priority 3;OK
FIN;812;FUN;INC;OK;INC000017150988;Priority 3;OK
FIN;812;FUN;INC;OK;INC000017151193;Priority 4;OK
L1;812;MON;SR;OK;INC000017151643;Priority 4;OK
FUN;812;FUN;INC;OK;INC000017151655;Priority 4;OK
FUN;812;FUN;INC;Defect;INC000017151949;Priority 4;OK
SEC;SYN;SEC;INC;OK;INC000017152014;Priority 3;OK
TEC;DCF;TEC;INC;OK;INC000017152021;Priority 3;OK
FIN;812;FUN;INC;OK;INC000017152083;Priority 4;OK
FUN;812;FUN;INC;OK;INC000017152087;Priority 4;OK
FIN;812;FUN;INC;OK;INC000017152274;Priority 4;OK
FUN;812;FUN;INC;OK;INC000017152479;Priority 3;OK
FUN;812;FUN;INC;Defect;INC000017152509;Priority 4;OK
FUN;812;FUN;INC;Defect;INC000017152745;Priority 4;OK
SEC;SYN;SEC;INC;OK;INC000017153187;Priority 4;OK
TEC;BWI;TEC;INC;OK;INC000017153382;Priority 3;OK
FIN;BWI;FUN;INC;OK;INC000017153403;Priority 4;OK
FUN;ETH;FUN;INC;OK;INC000017153675;Priority 4;OK
MNT;MNT;FUN;INC;OK;INC000017153899;Priority 3;OK
DCF;DCF;FUN;INC;OK;INC000017154054;Priority 4;OK
None;SYN;FUN;INC;OK;INC000017154653;Priority 3;OK
TEC;DCF;TEC;INC;OK;INC000017155152;Priority 3;OK
SEC;BWI;SEC;SR;OK;INC000017155364;Priority 3;OK
SEC;SYN;SEC;INC;OK;INC000017155402;Priority 3;OK
TEC;BWI;TEC;INC;OK;INC000017155465;Priority 3;OK
None;SYN;FUN;INC;OK;INC000017155505;Priority 3;OK
CNC;BWI;L1 ;INC;OK;INC000017156263;Priority 3;OK
OPS;EMS;OPS;HK;OK;INC000017156494;Priority 3;OK
TEC;BWI;TEC;INC;OK;INC000017156497;Priority 3;OK
FIN;812;FUN;INC;OK;INC000017157469;Priority 3;OK
FIN;812;FUN;INC;Defect;INC000017157562;Priority 4;OK
FIN;812;FUN;INC;OK;INC000017157790;Priority 3;OK
FUN;812;FUN;INC;Defect;INC000017157803;Priority 4;OK
SEC;SYN;SEC;INC;OK;INC000017157980;Priority 4;OK
OPS;EMS;OPS;HK;OK;INC000017158266;Priority 4;OK
FIN;812;FUN;INC;OK;INC000017158584;Priority 4;OK
SEC;SYN;SEC;INC;OK;INC000017158661;Priority 3;OK
FUN;812;FUN;INC;Defect;INC000017159086;Priority 3;OK
L1;MNT;MON;SR;OK;INC000017159406;Priority 4;OK
TEC;DCF;TEC;INC;OK;INC000017159825;Priority 3;OK
SEC;SYN;SEC;INC;OK;INC000017160050;Priority 3;OK
TEC;BWI;TEC;INC;OK;INC000017160287;Priority 3;OK
TEC;ETH;FUN;INC;OK;INC000017161792;Priority 3;OK
APS;EES;APS;INC;OK;INC000017162932;Priority 3;OK
CNC;812;CNC;INC;OK;INC000017163020;Priority 4;OK
SEC;SYN;SEC;INC;OK;INC000017163071;Priority 4;OK
FUN;812;FUN;INC;OK;INC000017163339;Priority 4;OK
FUN;812;FUN;INC;OK;INC000017163450;Priority 3;OK
FUN;812;FUN;INC;Defect;INC000017163565;Priority 4;OK
FIN;812;FUN;INC;OK;INC000017163650;Priority 4;OK
DBA;812;DBA;INC;OK;INC000017163891;Priority 4;OK
FIN;812;FUN;INC;OK;INC000017164251;Priority 3;OK
FUN;812;FUN;INC;Defect;INC000017164320;Priority 4;OK
FUN;812;FUN;INC;Defect;INC000017164356;Priority 4;OK
FIN;812;FUN;INC;OK;INC000017164535;Priority 3;OK
FIN;812;FUN;INC;OK;INC000017164573;Priority 4;OK
FUN;BWI;FUN;INC;OK;INC000017164576;Priority 4;OK
FUN;812;FUN;INC;Defect;INC000017164594;Priority 4;OK
FIN;812;FUN;INC;OK;INC000017164953;Priority 3;OK
FUN;BWI;FUN;INC;OK;INC000017165513;Priority 4;OK
DCF;DCF;FUN;INC;OK;INC000017165709;Priority 3;OK
SEC;SYN;SEC;INC;OK;INC000017166133;Priority 3;OK
SEC;SYN;SEC;INC;OK;INC000017166217;Priority 3;OK
FUN;ETH;FUN;INC;OK;INC000017166434;Priority 4;OK
SEC;SYN;SEC;INC;OK;INC000017166774;Priority 3;OK
TEC;ETH;FUN;INC;OK;INC000017166788;Priority 3;OK
FUN;BWI;FUN;INC;OK;INC000017166968;Priority 3;OK
SEC;SYN;SEC;INC;OK;INC000017167196;Priority 3;OK
FUN;BWI;FUN;INC;OK;INC000017167321;Priority 4;OK
L1;CRD;MON;SR;OK;INC000017167587;Priority 4;OK
SCH;LAT;SCH;INC;OK;INC000017168385;Priority 3;OK
FIN;812;FUN;INC;Defect;INC000017168906;Priority 4;OK
CNC;812;CNC;INC;OK;INC000017168930;Priority 4;OK
FUN;DXE;FUN;INC;OK;INC000017170014;Priority 3;OK
DCF;DCF;FUN;INC;OK;INC000017170515;Priority 3;OK
CNC;812;CNC;INC;Defect;INC000017170671;Priority 3;OK
FUN;812;FUN;INC;Defect;INC000017170968;Priority 4;OK
FIN;812;FUN;INC;Defect;INC000017171693;Priority 3;OK
FUN;BWI;FUN;INC;OK;INC000017171727;Priority 4;OK
SEC;SYN;SEC;INC;OK;INC000017171947;Priority 4;OK
LEAD;DCF;FUN;INC;OK;INC000017172599;Priority 3;OK
MNT;MNT;FUN;INC;OK;INC000017173374;Priority 3;OK
MNT;MNT;FUN;INC;OK;INC000017173498;Priority 3;OK
FUN;BWI;FUN;INC;OK;INC000017173541;Priority 3;OK
DBA;812;DBA;INC;OK;INC000017173887;Priority 4;OK
FUN;WS;FUN;INC;Defect;INC000017174017;Priority 4;OK
FUN;812;FUN;INC;Defect;INC000017174237;Priority 3;OK
FUN;BWI;FUN;INC;OK;INC000017174450;Priority 4;OK
FUN;DXE;FUN;INC;OK;INC000017174570;Priority 3;OK
FIN;812;FUN;INC;OK;INC000017174592;Priority 3;OK
DBA;812;DBA;INC;OK;INC000017175139;Priority 4;OK
DCF;DCF;FUN;INC;OK;INC000017175177;Priority 4;OK
FUN;812;FUN;INC;Defect;INC000017175186;Priority 4;OK
FIN;812;INS;INC;OK;INC000017175296;Priority 4;OK
FIN;812;INS;INC;OK;INC000017175328;Priority 4;OK
FIN;812;INS;INC;OK;INC000017175346;Priority 4;OK
FIN;812;INS;INC;OK;INC000017175354;Priority 4;OK
FUN;EES;FUN;INC;OK;INC000017175405;Priority 4;OK
TEC;BWI;TEC;INC;OK;INC000017175728;Priority 3;OK
FUN;812;FUN;INC;OK;INC000017175893;Priority 3;OK
FUN;812;FUN;INC;OK;INC000017175937;Priority 4;OK
DCF;DCF;FUN;INC;OK;INC000017176054;Priority 4;OK
DCF;DCF;FUN;INC;OK;INC000017176211;Priority 4;OK
DBA;812;DBA;INC;OK;INC000017176282;Priority 4;OK
FUN;ETH;FUN;INC;OK;INC000017176395;Priority 3;OK
TEC;ETH;FUN;INC;OK;INC000017176953;Priority 3;OK
FUN;BWI;FUN;INC;OK;INC000017177634;Priority 3;OK
TEC;BWI;TEC;INC;OK;INC000017177733;Priority 3;OK
APS;ETH;APS;INC;OK;INC000017177900;Priority 3;OK
APS;ETH;APS;INC;OK;INC000017177902;Priority 3;OK
FUN;MNT;FUN;INC;OK;INC000017178169;Priority 3;OK
FUN;MNT;FUN;INC;OK;INC000017178398;Priority 3;OK
FUN;MNT;FUN;INC;OK;INC000017178654;Priority 3;OK
FUN;BWI;FUN;INC;OK;INC000017178761;Priority 3;OK
DCF;DCF;FUN;INC;OK;INC000017178773;Priority 3;OK
DBA;812;DBA;INC;OK;INC000017179369;Priority 3;OK
DBA;812;DBA;INC;OK;INC000017179539;Priority 4;OK
APS;DCF;APS;INC;OK;INC000017180028;Priority 4;OK
APS;ETH;APS;INC;OK;INC000017180348;Priority 3;OK
TEC;ETH;FUN;INC;OK;INC000017180372;Priority 3;OK
APS;DCF;APS;INC;OK;INC000017180630;Priority 4;OK
SEC;SYN;SEC;INC;OK;INC000017180866;Priority 3;OK
FUN;812;FUN;INC;OK;INC000017181328;Priority 3;OK
APS;ETH;APS;INC;OK;INC000017181354;Priority 4;OK
DCF;DCF;FUN;INC;OK;INC000017182058;Priority 3;OK
L1;812;MON;SR;OK;INC000017182114;Priority 4;OK
FIN;812;FUN;INC;OK;INC000017182511;Priority 3;OK
FUN;812;FUN;INC;OK;INC000017182673;Priority 4;OK
SEC;SYN;SEC;INC;OK;INC000017183010;Priority 3;OK
FUN;812;FUN;INC;Defect;INC000017183020;Priority 3;OK
FIN;BWI;FUN;INC;OK;INC000017183032;Priority 4;OK
CNC;ETH;L1 ;INC;OK;INC000017184097;Priority 3;OK
FIN;812;FUN;INC;OK;INC000017184150;Priority 4;OK
SEC;812;SEC;SR;OK;INC000017184420;Priority 4;OK
TEC;DCF;TEC;INC;OK;INC000017185260;Priority 4;OK
SEC;SYN;SEC;INC;OK;INC000017186046;Priority 3;OK
DCF;DCF;FUN;INC;OK;INC000017187731;Priority 3;OK
FUN;812;FUN;INC;OK;INC000017188164;Priority 4;OK
SEC;812;SEC;SR;OK;INC000017188557;Priority 4;OK
FUN;812;FUN;INC;OK;INC000017188599;Priority 3;OK
DCF;DCF;FUN;INC;OK;INC000017188777;Priority 4;OK
FUN;812;FUN;INC;OK;INC000017188783;Priority 3;OK
CNC;812;CNC;INC;OK;INC000017189209;Priority 4;OK
FUN;812;FUN;INC;OK;INC000017189415;Priority 4;OK
FUN;812;FUN;INC;OK;INC000017189810;Priority 4;OK
FUN;812;FUN;INC;OK;INC000017189966;Priority 4;OK
FUN;812;FUN;INC;OK;INC000017190033;Priority 4;OK
FUN;ETH;FUN;INC;OK;INC000017190066;Priority 4;OK
FUN;812;FUN;INC;OK;INC000017190296;Priority 4;OK
FUN;812;FUN;INC;OK;INC000017190330;Priority 3;OK
FUN;812;FUN;INC;OK;INC000017190351;Priority 3;OK
SCH;LAT;SCH;INC;OK;INC000017190545;Priority 3;OK
DBA;812;DBA;INC;OK;INC000017190948;Priority 3;OK
SEC;SYN;SEC;INC;OK;INC000017190984;Priority 3;OK
SCH;LAT;SCH;INC;OK;INC000017193596;Priority 3;OK
DCF;DCF;FUN;INC;OK;INC000017193645;Priority 4;OK
TEC;ETH;FUN;INC;OK;INC000017193872;Priority 3;OK
FIN;812;FUN;INC;OK;INC000017194020;Priority 3;OK
OPS;EMS;OPS;HK;OK;INC000017194379;Priority 3;OK
FUN;812;FUN;INC;OK;INC000017195056;Priority 4;OK
DCF;DCF;FUN;INC;OK;INC000017195222;Priority 4;OK
SEC;SYN;SEC;INC;OK;INC000017195576;Priority 3;OK
EES;EES;FUN;INC;OK;INC000017195587;Priority 4;OK
CNC;MNT;MON;SR;OK;INC000017195705;Priority 4;OK
FIN;812;FUN;INC;OK;INC000017195725;Priority 4;OK
APS;ETH;APS;INC;OK;INC000017196235;Priority 3;OK
None;SYN;FUN;INC;OK;INC000017196699;Priority 3;OK
FUN;BWI;FUN;INC;OK;INC000017197014;Priority 4;OK
SEC;SYN;SEC;INC;OK;INC000017197076;Priority 4;OK
CNC;BWI;L1 ;INC;OK;INC000017197302;Priority 4;OK
CNC;BWI;L1 ;INC;OK;INC000017197459;Priority 4;OK
FUN;812;FUN;INC;OK;INC000017197658;Priority 4;OK
DCF;DCF;FUN;INC;OK;INC000017197866;Priority 4;OK
APS;ETH;APS;INC;OK;INC000017197920;Priority 3;OK
APS;ETH;APS;INC;OK;INC000017197921;Priority 3;OK
APS;ETH;APS;INC;OK;INC000017198615;Priority 3;OK
CNC;812;CNC;INC;OK;INC000017199339;Priority 4;OK
FUN;812;FUN;INC;OK;INC000017199879;Priority 4;OK
FUN;812;FUN;INC;OK;INC000017200103;Priority 4;OK
FUN;812;FUN;INC;OK;INC000017200191;Priority 4;OK
TEC;LAT;TEC;INC;OK;INC000017200750;Priority 4;OK
FUN;812;FUN;INC;OK;INC000017201097;Priority 3;OK
FUN;812;FUN;INC;OK;INC000017201134;Priority 4;OK
FUN;BWI;FUN;INC;OK;INC000017201239;Priority 4;OK
DCF;DCF;FUN;INC;OK;INC000017201273;Priority 3;OK
FUN;812;FUN;INC;OK;INC000017201660;Priority 4;OK
TEC;ETH;FUN;INC;OK;INC000017202004;Priority 3;OK
TEC;ETH;FUN;INC;OK;INC000017202019;Priority 3;OK
TEC;ETH;FUN;SR;OK;INC000017202020;Priority 4;OK
None;LAT;TEC;INC;OK;INC000017202078;Priority 3;OK
FUN;BWI;FUN;INC;OK;INC000017202288;Priority 4;OK
TEC;ETH;FUN;INC;OK;INC000017202328;Priority 3;OK
SEC;SYN;SEC;INC;OK;INC000017202937;Priority 3;OK
FUN;812;FUN;INC;Defect;INC000017204054;Priority 3;OK
FUN;812;FUN;INC;Defect;INC000017204360;Priority 3;OK
SEC;812;SEC;SR;OK;INC000017204977;Priority 4;OK
FUN;812;FUN;INC;OK;INC000017205006;Priority 4;OK
FUN;ETH;FUN;INC;OK;INC000017205471;Priority 3;OK
FUN;BWI;FUN;INC;OK;INC000017205605;Priority 4;OK
FUN;812;FUN;INC;OK;INC000017205642;Priority 3;OK
FUN;812;FUN;INC;OK;INC000017205796;Priority 4;OK
TEC;LAT;TEC;INC;OK;INC000017205961;Priority 4;OK
CNC;MNT;MON;SR;OK;INC000017205969;Priority 4;OK
FUN;812;FUN;INC;OK;INC000017206129;Priority 4;OK
CNC;812;CNC;INC;OK;INC000017206264;Priority 4;OK
CNC;EES;CNC;SR;OK;INC000017207066;Priority 4;OK
FUN;ETH;FUN;INC;OK;INC000017207117;Priority 4;OK
SEC;SYN;SEC;INC;OK;INC000017207429;Priority 3;OK
TEC;DCF;TEC;INC;OK;INC000017207554;Priority 3;OK
FUN;EES;FUN;INC;OK;INC000017207749;Priority 4;OK
SEC;SYN;SEC;SR;OK;INC000017208417;Priority 4;OK
FUN;ETH;FUN;INC;OK;INC000017209039;Priority 3;OK
APS;EES;APS;INC;OK;INC000017209166;Priority 2;OK
FUN;BWI;FUN;INC;OK;INC000017209428;Priority 4;OK
CNC;812;MON;INC;OK;INC000017209574;Priority 4;OK
APS;ETH;APS;INC;OK;INC000017209633;Priority 3;OK
APS;EES;APS;INC;OK;INC000017209884;Priority 3;OK
OPS;EMS;OPS;HK;OK;INC000017210304;Priority 3;OK
L1;MNT;MON;SR;OK;INC000017211316;Priority 4;OK
FUN;DXE;FUN;INC;OK;INC000017212691;Priority 3;OK
FUN;812;FUN;INC;OK;INC000017212760;Priority 3;OK
FUN;WS;FUN;INC;OK;INC000017212947;Priority 3;OK
FUN;812;FUN;INC;OK;INC000017213491;Priority 3;OK
FUN;812;FUN;INC;OK;INC000017213493;Priority 3;OK
EES;EES;FUN;INC;OK;INC000017214291;Priority 4;OK
FUN;812;FUN;INC;OK;INC000017214461;Priority 3;OK
L1;BWI;L1 ;INC;OK;INC000017215211;Priority 4;OK
FUN;ETH;FUN;INC;OK;INC000017215359;Priority 4;OK
L1;BWI;L1 ;INC;OK;INC000017215431;Priority 3;OK
APS;ETH;APS;INC;OK;INC000017215972;Priority 3;OK
FIN;BWI;FUN;INC;OK;INC000017215991;Priority 4;OK
812;812;FUN;INC;OK;INC000017216957;Priority 4;OK
FUN;812;FUN;INC;OK;INC000017218210;Priority 3;OK
SEC;SYN;SEC;INC;OK;INC000017218261;Priority 4;OK
CNC;812;MON;INC;OK;INC000017218282;Priority 4;OK
TEC;DCF;TEC;INC;OK;INC000017218868;Priority 3;OK
SEC;SYN;SEC;INC;OK;INC000017218871;Priority 4;OK
TEC;ETH;FUN;INC;OK;INC000017219281;Priority 3;OK
SEC;SYN;SEC;INC;OK;INC000017220022;Priority 3;OK
SEC;SYN;SEC;INC;OK;INC000017220662;Priority 4;OK
APS;ETH;APS;INC;OK;INC000017220777;Priority 3;OK
APS;ETH;APS;INC;OK;INC000017220778;Priority 3;OK
APS;ETH;APS;INC;OK;INC000017220780;Priority 3;OK
APS;ETH;APS;INC;OK;INC000017220781;Priority 3;OK
APS;ETH;APS;INC;OK;INC000017220783;Priority 3;OK
APS;DCF;APS;INC;OK;INC000017221553;Priority 3;OK
CNC;812;CNC;INC;OK;INC000017222277;Priority 3;OK
SCH;LAT;SCH;INC;OK;INC000017222477;Priority 3;OK
None;DPY;CNC;INC;OK;INC000017223228;Priority 3;OK
FIN;812;FUN;INC;OK;INC000017223356;Priority 4;OK
FUN;BWI;FUN;INC;OK;INC000017223398;Priority 4;OK
SEC;SYN;SEC;INC;OK;INC000017223661;Priority 3;OK
FUN;ETH;FUN;INC;OK;INC000017223675;Priority 3;OK
CNC;EES;CNC;INC;OK;INC000017223940;Priority 4;OK
SEC;SYN;SEC;INC;OK;INC000017225824;Priority 4;OK
APS;ETH;APS;INC;OK;INC000017226192;Priority 3;OK
APS;EES;APS;INC;OK;INC000017226397;Priority 3;OK
FUN;812;FUN;INC;OK;INC000017227825;Priority 4;OK
DCF;DCF;FUN;INC;OK;INC000017228311;Priority 3;OK
OPS;EMS;OPS;HK;OK;INC000017228807;Priority 4;OK
SEC;SYN;SEC;INC;OK;INC000017230912;Priority 3;OK
FUN;BWI;FUN;INC;OK;INC000017231010;Priority 3;OK
APS;ETH;APS;INC;OK;INC000017231254;Priority 3;OK
APS;ETH;APS;INC;OK;INC000017231261;Priority 3;OK
812;812;FUN;INC;OK;INC000017232233;Priority 3;OK
TEC;DCF;TEC;INC;OK;INC000017235281;Priority 3;OK
L1;ETH;CNC;INC;OK;INC000017238107;Priority 3;OK
APS;ETH;APS;INC;OK;INC000017263834;Priority 4;OK
FIN;812;FUN;INC;OK;INC000017264667;Priority 4;OK
FIN;812;FUN;INC;OK;INC000017264814;Priority 4;OK
FIN;812;FUN;INC;OK;INC000017264871;Priority 4;OK
DBA;812;DBA;INC;OK;INC000017264982;Priority 4;OK
FIN;812;FUN;INC;OK;INC000017265018;Priority 4;OK
FUN;EES;FUN;INC;OK;INC000017265043;Priority 4;OK
TEC;ETH;FUN;INC;OK;INC000017265205;Priority 4;OK
FUN;EES;FUN;INC;OK;INC000017265229;Priority 4;OK
DBA;812;DBA;INC;OK;INC000017265330;Priority 4;OK
FIN;812;FUN;INC;Defect;INC000017265779;Priority 4;OK
FUN;ETH;FUN;INC;OK;INC000017267516;Priority 4;OK
FIN;812;FUN;INC;OK;INC000017267981;Priority 4;OK
FIN;812;FUN;INC;Defect;INC000017268093;Priority 4;OK
FIN;812;FUN;INC;Defect;INC000017268143;Priority 4;OK
FIN;812;FUN;INC;OK;INC000017268175;Priority 4;OK
MNT;MNT;FUN;INC;OK;INC000017269247;Priority 4;OK
APS;EES;APS;INC;OK;INC000017269249;Priority 4;OK
FIN;812;FUN;INC;Defect;INC000017270968;Priority 4;OK
FUN;812;FUN;INC;OK;INC000017272083;Priority 4;OK
FUN;EMS;FUN;INC;OK;INC000017273274;Priority 4;OK
FUN;ETH;FUN;INC;OK;INC000017274319;Priority 4;OK
SEC;EMS;SEC;INC;OK;INC000017277051;Priority 3;OK
FIN;812;FUN;INC;OK;INC000017277637;Priority 3;OK
OPS;EMS;FUN;HK;OK;INC000017277736;Priority 3;OK
SEC;EES;CNC;INC;OK;INC000017277880;Priority 4;OK
APS;ETH;APS;INC;Defect;INC000017278025;Priority 4;OK
FUN;812;FUN;INC;OK;INC000017278451;Priority 3;OK
FUN;812;FUN;INC;OK;INC000017278471;Priority 3;OK
FUN;WS;FUN;INC;OK;INC000017279305;Priority 3;OK
FUN;BWI;FUN;INC;OK;INC000017279586;Priority 3;OK
FIN;812;FUN;INC;OK;INC000017279660;Priority 4;OK
CNC;812;L1 ;INC;OK;INC000017279702;Priority 4;OK
SEC;SYN;SEC;INC;OK;INC000017279954;Priority 3;OK
SEC;SYN;SEC;INC;OK;INC000017280227;Priority 3;OK
FUN;ETH;FUN;INC;OK;INC000017280305;Priority 4;OK
TEC;DCF;TEC;INC;OK;INC000017280730;Priority 4;OK
FUN;LAT;FUN;INC;OK;INC000017280780;Priority 3;OK
FUN;SYN;FUN;INC;OK;INC000017281182;Priority 4;OK
APS;ETH;APS;INC;OK;INC000017281706;Priority 3;OK
APS;ETH;APS;INC;OK;INC000017281707;Priority 3;OK
APS;ETH;APS;INC;OK;INC000017281714;Priority 3;OK
APS;ETH;APS;INC;OK;INC000017281715;Priority 3;OK
L1;MNT;MON;SR;OK;INC000017282058;Priority 4;OK
FUN;BWI;FUN;INC;OK;INC000017282920;Priority 4;OK
FUN;BWI;FUN;INC;OK;INC000017283698;Priority 3;OK
DCF;DCF;FUN;INC;OK;INC000017284224;Priority 3;OK
OPS;EMS;OPS;HK;OK;INC000017284268;Priority 4;OK
FUN;ETH;FUN;INC;OK;INC000017284332;Priority 3;OK
FIN;DXE;FUN;INC;OK;INC000017284467;Priority 3;OK
EES;EES;FUN;INC;OK;INC000017284734;Priority 4;OK
TEC;DCF;TEC;INC;OK;INC000017285278;Priority 3;OK
FUN;BWI;FUN;INC;OK;INC000017286217;Priority 4;OK
TEC;ETH;FUN;INC;OK;INC000017286346;Priority 3;OK
FUN;BWI;FUN;INC;OK;INC000017286409;Priority 4;OK
FUN;BWI;FUN;INC;OK;INC000017286611;Priority 4;OK
FUN;812;FUN;INC;Defect;INC000017286661;Priority 4;OK
SEC;SYN;SEC;INC;OK;INC000017286692;Priority 3;OK
APS;ETH;APS;INC;OK;INC000017287598;Priority 3;OK
APS;ETH;APS;INC;OK;INC000017287606;Priority 3;OK
MNT;MNT;FUN;INC;Defect;INC000017288459;Priority 3;OK
FUN;812;FUN;INC;OK;INC000017288516;Priority 4;OK
SEC;SYN;SEC;INC;OK;INC000017288580;Priority 4;OK
FIN;812;FUN;INC;OK;INC000017288721;Priority 4;OK
DCF;DCF;FUN;INC;OK;INC000017288767;Priority 3;OK
DCF;DCF;FUN;INC;OK;INC000017289046;Priority 4;OK
FIN;812;FUN;INC;OK;INC000017289300;Priority 4;OK
SEC;SYN;SEC;INC;OK;INC000017289966;Priority 3;OK
FUN;812;FUN;INC;OK;INC000017290019;Priority 4;OK
FIN;812;FUN;INC;Defect;INC000017290157;Priority 3;OK
MNT;MNT;FUN;INC;OK;INC000017290241;Priority 4;OK
LEAD;DCF;FUN;INC;Defect;INC000017290379;Priority 3;OK
SEC;SYN;SEC;INC;OK;INC000017290445;Priority 3;OK
SEC;SYN;SEC;INC;OK;INC000017290446;Priority 3;OK
FUN;812;FUN;INC;Defect;INC000017290571;Priority 4;OK
TEC;DCF;TEC;INC;OK;INC000017290661;Priority 3;OK
BWI;BWI;L1 ;INC;OK;INC000017290929;Priority 3;OK
FUN;BWI;FUN;INC;OK;INC000017291049;Priority 3;OK
OPS;EMS;OPS;INC;OK;INC000017291188;Priority 4;OK
FIN;812;FUN;INC;OK;INC000017291658;Priority 4;OK
DCF;DCF;TEC;INC;OK;INC000017291732;Priority 4;OK
TEC;ETH;FUN;INC;OK;INC000017292291;Priority 4;OK
TEC;SYN;FUN;INC;OK;INC000017292431;Priority 3;OK
CNC;DCF;CNC;INC;OK;INC000017292433;Priority 4;OK
SEC;SYN;SEC;INC;OK;INC000017292633;Priority 3;OK
TEC;DCF;TEC;INC;OK;INC000017292854;Priority 3;OK
MNT;MNT;FUN;INC;Defect;INC000017292969;Priority 4;OK
DCF;DCF;FUN;INC;OK;INC000017293131;Priority 3;OK
APS;ETH;APS;INC;OK;INC000017293233;Priority 3;OK
APS;ETH;APS;INC;OK;INC000017293234;Priority 3;OK
APS;ETH;APS;INC;OK;INC000017293237;Priority 3;OK
APS;ETH;APS;INC;OK;INC000017293238;Priority 3;OK
APS;ETH;APS;INC;OK;INC000017293241;Priority 3;OK
APS;ETH;APS;INC;OK;INC000017293243;Priority 3;OK
SEC;812;SEC;SR;OK;INC000017294031;Priority 4;OK
FUN;812;FUN;INC;OK;INC000017294387;Priority 3;OK
FUN;812;FUN;INC;OK;INC000017294731;Priority 4;OK
OPS;EMS;OPS;HK;OK;INC000017294759;Priority 3;OK
FUN;812;FUN;INC;OK;INC000017295042;Priority 3;OK
FUN;812;FUN;INC;OK;INC000017295062;Priority 3;OK
SEC;SYN;SEC;INC;OK;INC000017295090;Priority 3;OK
TEC;DCF;TEC;INC;OK;INC000017295153;Priority 4;OK
DCF;DCF;FUN;INC;OK;INC000017295404;Priority 4;OK
FUN;BWI;FUN;INC;OK;INC000017295539;Priority 4;OK
FUN;BWI;FUN;INC;OK;INC000017295582;Priority 3;OK
TEC;DCF;TEC;INC;OK;INC000017295594;Priority 4;OK
TEC;ETH;FUN;INC;OK;INC000017296019;Priority 3;OK
TEC;DCF;TEC;INC;OK;INC000017296033;Priority 2;OK
TEC;ETH;FUN;INC;OK;INC000017296360;Priority 3;OK
FUN;812;FUN;INC;Defect;INC000017296496;Priority 4;OK
FUN;ETH;FUN;INC;OK;INC000017296766;Priority 4;OK
TEC;DCF;TEC;INC;OK;INC000017296781;Priority 3;OK
DCF;DCF;FUN;INC;OK;INC000017296834;Priority 4;OK
EES;EES;FUN;INC;Defect;INC000017296883;Priority 4;OK
CNC;812;CNC;INC;OK;INC000017296923;Priority 4;OK
FIN;BWI;FUN;INC;OK;INC000017297345;Priority 4;OK
TEC;DCF;TEC;INC;OK;INC000017297395;Priority 3;OK
DCF;DCF;FUN;INC;OK;INC000017297528;Priority 4;OK
APS;ETH;APS;INC;OK;INC000017297679;Priority 3;OK
APS;ETH;APS;INC;OK;INC000017297681;Priority 3;OK
APS;ETH;APS;INC;OK;INC000017297682;Priority 3;OK
MNT;MNT;FUN;INC;OK;INC000017298030;Priority 3;OK
MNT;MNT;FUN;INC;OK;INC000017298081;Priority 3;OK
FUN;ETH;FUN;INC;OK;INC000017298305;Priority 3;OK
APS;DCF;APS;INC;OK;INC000017298951;Priority 3;OK
SCH;LAT;SCH;INC;OK;INC000017300650;Priority 3;OK
SCH;LAT;SCH;INC;OK;INC000017300651;Priority 3;OK
SCH;LAT;SCH;INC;OK;INC000017300653;Priority 3;OK
SCH;LAT;SCH;INC;OK;INC000017300656;Priority 3;OK
SCH;LAT;SCH;INC;OK;INC000017300658;Priority 3;OK
FIN;812;FUN;INC;OK;INC000017300858;Priority 3;OK
APS;ETH;APS;INC;OK;INC000017301489;Priority 3;OK
FIN;812;FUN;INC;OK;INC000017301935;Priority 4;OK
FUN;DXE;FUN;INC;OK;INC000017301982;Priority 3;OK
FUN;EES;FUN;INC;Defect;INC000017302430;Priority 4;OK
DCF;DCF;FUN;INC;OK;INC000017303091;Priority 3;OK
FUN;ETH;FUN;INC;OK;INC000017303255;Priority 3;OK
FUN;ETH;FUN;INC;OK;INC000017304062;Priority 4;OK
FUN;BWI;FUN;INC;OK;INC000017304163;Priority 3;OK
APS;ETH;APS;INC;OK;INC000017304459;Priority 3;OK
SEC;EMS;SEC;INC;OK;INC000017304989;Priority 4;OK
DCF;DCF;FUN;INC;OK;INC000017305829;Priority 4;OK
FUN;812;FUN;INC;OK;INC000017305907;Priority 4;OK
FUN;812;FUN;INC;Defect;INC000017305956;Priority 3;OK
SEC;812;SEC;SR;OK;INC000017306160;Priority 4;OK
SEC;SYN;SEC;INC;OK;INC000017306606;Priority 4;OK
SEC;SYN;SEC;INC;OK;INC000017307043;Priority 3;OK
FIN;812;FUN;INC;Defect;INC000017307269;Priority 4;OK
L1;DPY;CNC;INC;OK;INC000017308182;Priority 3;OK
TEC;DCF;TEC;INC;OK;INC000017308205;Priority 3;OK
TEC;DCF;TEC;INC;OK;INC000017308381;Priority 3;OK
FUN;ETH;FUN;INC;OK;INC000017308492;Priority 4;OK
FIN;812;FUN;INC;OK;INC000017308567;Priority 4;OK
FUN;SYN;FUN;INC;OK;INC000017308774;Priority 3;OK
DCF;DCF;TEC;INC;OK;INC000017308793;Priority 3;OK
TEC;SYN;FUN;INC;Defect;INC000017309118;Priority 3;OK
FUN;BWI;FUN;INC;OK;INC000017309287;Priority 3;OK
TEC;ETH;FUN;INC;OK;INC000017309572;Priority 4;OK
CNC;MNT;CNC;INC;OK;INC000017310004;Priority 3;OK
APS;ETH;APS;INC;OK;INC000017310242;Priority 3;OK
APS;ETH;APS;INC;OK;INC000017310250;Priority 3;OK
FUN;812;FUN;INC;OK;INC000017311561;Priority 3;OK
DCF;DCF;FUN;INC;Defect;INC000017312505;Priority 4;OK
SEC;SYN;SEC;INC;OK;INC000017312731;Priority 3;OK
FUN;812;FUN;INC;OK;INC000017312786;Priority 3;OK
FUN;812;FUN;INC;OK;INC000017313119;Priority 4;OK
SEC;SYN;SEC;INC;OK;INC000017313498;Priority 4;OK
FIN;812;FUN;INC;OK;INC000017313780;Priority 4;OK
FUN;BWI;FUN;INC;OK;INC000017314264;Priority 4;OK
DCF;DCF;FUN;INC;OK;INC000017314300;Priority 3;OK
TEC;DCF;TEC;INC;OK;INC000017314911;Priority 3;OK
FUN;LAT;FUN;INC;Defect;INC000017314970;Priority 4;OK
FUN;BWI;FUN;INC;OK;INC000017315417;Priority 3;OK
APS;ETH;APS;INC;OK;INC000017316007;Priority 3;OK
APS;ETH;APS;INC;OK;INC000017316011;Priority 3;OK
APS;ETH;APS;INC;OK;INC000017316016;Priority 3;OK
APS;ETH;APS;INC;OK;INC000017316159;Priority 3;OK
SEC;812;SEC;SR;OK;INC000017316326;Priority 4;OK
FIN;DXE;FUN;INC;OK;INC000017317810;Priority 3;OK
DBA;812;DBA;INC;OK;INC000017317869;Priority 4;OK
DCF;DCF;FUN;INC;OK;INC000017318196;Priority 4;OK
FIN;812;FUN;INC;OK;INC000017318293;Priority 3;OK
FUN;BWI;FUN;INC;OK;INC000017318480;Priority 4;OK
CNC;BWI;L1 ;INC;OK;INC000017318488;Priority 4;OK
SCH;LAT;SCH;INC;OK;INC000017318770;Priority 3;OK
CNC;MNT;MON;SR;OK;INC000017318783;Priority 4;OK
SEC;812;SEC;INC;OK;INC000017318792;Priority 3;OK
FUN;ETH;FUN;INC;OK;INC000017319037;Priority 4;OK
FIN;812;FUN;INC;OK;INC000017319043;Priority 4;OK
FUN;812;FUN;INC;OK;INC000017319077;Priority 4;OK
FUN;DXE;FUN;INC;OK;INC000017319187;Priority 4;OK
FUN;SYN;FUN;INC;OK;INC000017319300;Priority 3;OK
SEC;SYN;SEC;INC;OK;INC000017319415;Priority 4;OK
FIN;BWI;FUN;INC;OK;INC000017319533;Priority 4;OK
FUN;SYN;FUN;INC;OK;INC000017319814;Priority 3;OK
SEC;SYN;SEC;INC;OK;INC000017320188;Priority 4;OK
FUN;812;FUN;INC;OK;INC000017320630;Priority 3;OK
None;MNT;FUN;INC;OK;INC000017320748;Priority 4;OK
SEC;SYN;SEC;INC;OK;INC000017320847;Priority 4;OK
LEAD;DCF;FUN;INC;OK;INC000017321217;Priority 3;OK
APS;ETH;APS;INC;OK;INC000017321227;Priority 3;OK
APS;ETH;APS;INC;OK;INC000017321237;Priority 3;OK
APS;ETH;APS;INC;OK;INC000017321238;Priority 3;OK
APS;ETH;APS;INC;OK;INC000017321239;Priority 3;OK
APS;ETH;APS;INC;OK;INC000017321240;Priority 3;OK
MNT;MNT;FUN;INC;OK;INC000017321619;Priority 3;OK
FIN;812;FUN;INC;OK;INC000017321769;Priority 4;OK
FIN;812;FUN;INC;OK;INC000017321812;Priority 4;OK
FIN;812;FUN;INC;OK;INC000017322241;Priority 4;OK
FUN;812;FUN;INC;OK;INC000017322298;Priority 3;OK
L1;812;MON;INC;OK;INC000017322320;Priority 4;OK
CNC;EMS;OPS;INC;OK;INC000017322786;Priority 3;OK
SEC;SYN;SEC;INC;OK;INC000017323003;Priority 4;OK
TEC;SYN;FUN;INC;OK;INC000017323717;Priority 4;OK
FIN;812;FUN;INC;OK;INC000017324196;Priority 4;OK
TEC;ETH;FUN;INC;OK;INC000017324251;Priority 4;OK
FUN;ETH;FUN;INC;OK;INC000017324653;Priority 4;OK
TEC;ETH;FUN;INC;OK;INC000017324990;Priority 4;OK
FUN;BWI;FUN;INC;OK;INC000017325644;Priority 4;OK
DCF;DCF;FUN;INC;OK;INC000017326208;Priority 3;OK
None;MNT;FUN;INC;Defect;INC000017326816;Priority 4;OK
APS;ETH;APS;INC;OK;INC000017327705;Priority 3;OK
APS;ETH;APS;INC;OK;INC000017327708;Priority 3;OK
DCF;DCF;FUN;INC;OK;INC000017328665;Priority 3;OK
MNT;MNT;FUN;INC;OK;INC000017328833;Priority 3;OK
SEC;EMS;SEC;INC;OK;INC000017330144;Priority 3;OK
FUN;DXE;FUN;INC;OK;INC000017330395;Priority 4;OK
FUN;EES;FUN;INC;OK;INC000017331171;Priority 4;OK
DCF;DCF;FUN;INC;OK;INC000017331943;Priority 4;OK
CNC;ETH;L1 ;INC;OK;INC000017331985;Priority 3;OK
FUN;ETH;FUN;INC;OK;INC000017332548;Priority 3;OK
SEC;SYN;SEC;INC;OK;INC000017332688;Priority 4;OK
FUN;BWI;FUN;INC;OK;INC000017332869;Priority 3;OK
FUN;BWI;FUN;INC;OK;INC000017333897;Priority 3;OK
APS;ETH;APS;INC;OK;INC000017334237;Priority 3;OK
APS;ETH;APS;INC;OK;INC000017334238;Priority 3;OK
APS;ETH;APS;INC;OK;INC000017334243;Priority 3;OK
MNT;MNT;FUN;INC;OK;INC000017335642;Priority 4;OK
FUN;812;FUN;INC;OK;INC000017336068;Priority 4;OK
SEC;EMS;OPS;HK;OK;INC000017336191;Priority 4;OK
FUN;812;FUN;INC;OK;INC000017336301;Priority 4;OK
FIN;812;FUN;INC;OK;INC000017336371;Priority 4;OK
CNC;812;CNC;INC;OK;INC000017337854;Priority 4;OK
FUN;EES;FUN;INC;OK;INC000017338105;Priority 4;OK
DCF;DCF;FUN;INC;OK;INC000017338335;Priority 4;OK
FUN;DXE;FUN;INC;OK;INC000017338543;Priority 4;OK
CNC;MNT;MON;SR;OK;INC000017338688;Priority 4;OK
SEC;SYN;SEC;INC;OK;INC000017339344;Priority 3;OK
FIN;BWI;FUN;INC;OK;INC000017339664;Priority 4;OK
FUN;BWI;FUN;INC;OK;INC000017339916;Priority 4;OK
FIN;812;FUN;INC;OK;INC000017341992;Priority 4;OK
SEC;SYN;SEC;INC;OK;INC000017342724;Priority 3;OK
CNC;EES;CNC;INC;OK;INC000017343203;Priority 3;OK
None;MNT;MON;INC;OK;INC000017343227;Priority 4;OK
FIN;DXE;FUN;INC;OK;INC000017343686;Priority 4;OK
SEC;SYN;SEC;INC;OK;INC000017343949;Priority 3;OK
CNC;EES;CNC;INC;OK;INC000017343971;Priority 3;OK
SEC;SYN;SEC;INC;OK;INC000017344744;Priority 3;OK
APS;ETH;APS;INC;OK;INC000017346016;Priority 3;OK
FUN;812;FUN;INC;OK;INC000017347164;Priority 4;OK
TEC;ETH;FUN;INC;OK;INC000017348233;Priority 4;OK
FIN;812;FUN;INC;OK;INC000017348419;Priority 3;OK
FUN;SYN;FUN;INC;OK;INC000017348586;Priority 3;OK
APS;EES;APS;INC;OK;INC000017348872;Priority 4;OK
FUN;ETH;FUN;INC;OK;INC000017350500;Priority 3;OK
FUN;ETH;FUN;INC;OK;INC000017350529;Priority 3;OK
SEC;SYN;SEC;INC;OK;INC000017350730;Priority 3;OK
FUN;ETH;FUN;INC;OK;INC000017350822;Priority 3;OK
DCF;DCF;FUN;INC;OK;INC000017350937;Priority 4;OK
APS;ETH;APS;INC;OK;INC000017351398;Priority 3;OK
SEC;SYN;SEC;INC;OK;INC000017351553;Priority 3;OK
L1;BWI;L1 ;INC;OK;INC000017351614;Priority 4;OK
CNC;BWI;L1 ;INC;OK;INC000017351617;Priority 4;OK
MNT;MNT;FUN;INC;OK;INC000017351834;Priority 3;OK
DCF;DCF;FUN;INC;OK;INC000017352125;Priority 3;OK
OPS;EMS;OPS;HK;OK;INC000017353147;Priority 3;OK
L1;MNT;MON;SR;OK;INC000017353340;Priority 4;OK
FUN;BWI;FUN;INC;OK;INC000017353965;Priority 4;OK
FIN;812;FUN;INC;OK;INC000017354026;Priority 4;OK
TEC;SYN;FUN;INC;OK;INC000017354599;Priority 3;OK
L1;BWI;L1 ;INC;OK;INC000017355273;Priority 3;OK
APS;ETH;APS;INC;OK;INC000017356275;Priority 3;OK
APS;ETH;APS;INC;OK;INC000017356276;Priority 3;OK
APS;ETH;APS;INC;OK;INC000017356278;Priority 3;OK
APS;ETH;APS;INC;OK;INC000017356281;Priority 3;OK
MNT;MNT;FUN;INC;OK;INC000017356536;Priority 3;OK
MNT;MNT;FUN;INC;OK;INC000017356632;Priority 3;OK
SCH;LAT;SCH;INC;OK;INC000017357009;Priority 3;OK
SCH;LAT;SCH;INC;OK;INC000017357826;Priority 3;OK
APS;ETH;APS;INC;OK;INC000017358787;Priority 3;OK
SCH;LAT;SCH;INC;OK;INC000017359743;Priority 3;OK
SCH;LAT;SCH;INC;OK;INC000017359749;Priority 3;OK
SCH;LAT;SCH;INC;OK;INC000017359750;Priority 3;OK
SCH;LAT;SCH;INC;OK;INC000017359751;Priority 3;OK
SCH;LAT;SCH;INC;OK;INC000017359753;Priority 3;OK
SCH;LAT;SCH;INC;OK;INC000017359754;Priority 3;OK
FUN;EMS;FUN;INC;OK;INC000017361077;Priority 3;OK
DCF;DCF;FUN;INC;OK;INC000017361572;Priority 3;OK
SEC;EMS;SEC;INC;OK;INC000017361787;Priority 3;OK
SEC;SYN;SEC;INC;OK;INC000017362092;Priority 3;OK
TEC;DCF;TEC;INC;OK;INC000017362129;Priority 3;OK
SEC;SYN;SEC;INC;OK;INC000017362720;Priority 4;OK
CNC;812;MON;INC;OK;INC000017362736;Priority 3;OK
APS;ETH;APS;INC;OK;INC000017365227;Priority 3;OK
SEC;EMS;SEC;INC;OK;INC000017366355;Priority 3;OK
SCH;LAT;SCH;INC;OK;INC000017367147;Priority 3;OK
FUN;MNT;FUN;INC;OK;INC000017367581;Priority 3;OK
SEC;SYN;SEC;INC;OK;INC000017368521;Priority 4;OK
TEC;ETH;FUN;INC;OK;INC000017369252;Priority 4;OK
FUN;BWI;FUN;INC;OK;INC000017369453;Priority 3;OK
SEC;SYN;SEC;INC;OK;INC000017370579;Priority 4;OK
APS;ETH;APS;INC;OK;INC000017371113;Priority 3;OK
FIN;812;FUN;INC;OK;INC000017391714;Priority 4;OK
FIN;812;FUN;INC;OK;INC000017392114;Priority 4;OK
FUN;BWI;FUN;INC;OK;INC000017393116;Priority 4;OK
FUN;BWI;FUN;INC;Defect;INC000017393219;Priority 4;OK
FIN;812;FUN;INC;OK;INC000017393231;Priority 4;OK
SEC;SYN;SEC;INC;OK;INC000017393350;Priority 4;OK
FIN;812;FUN;INC;Defect;INC000017394171;Priority 4;OK
FUN;BWI;FUN;INC;OK;INC000017395803;Priority 4;OK
L1;MNT;MON;SR;OK;INC000017398121;Priority 4;OK
FUN;812;FUN;INC;OK;INC000017399206;Priority 4;OK
L1;MNT;MON;SR;OK;INC000017399623;Priority 4;OK
FIN;812;FUN;INC;Defect;INC000017399707;Priority 4;OK
FUN;EES;FUN;INC;OK;INC000017399998;Priority 4;OK
FIN;812;FUN;INC;OK;INC000017400396;Priority 4;OK
FUN;812;FUN;INC;OK;INC000017400664;Priority 4;OK
FUN;812;FUN;INC;OK;INC000017401020;Priority 4;OK
FUN;BWI;FUN;INC;Defect;INC000017402904;Priority 4;OK
SEC;SYN;SEC;INC;Defect;INC000017402992;Priority 4;OK
APS;ETH;APS;INC;OK;INC000017403626;Priority 3;OK
L1;812;MON;SR;Defect;INC000017404026;Priority 4;OK
CNC;MNT;CNC;INC;OK;INC000017404163;Priority 3;OK
FIN;812;FUN;INC;OK;INC000017404219;Priority 4;OK
CNC;MNT;CNC;INC;OK;INC000017404397;Priority 3;OK
FIN;812;FUN;INC;OK;INC000017404793;Priority 3;OK
FIN;812;FUN;INC;OK;INC000017405442;Priority 4;OK
DBA;812;DBA;INC;OK;INC000017405831;Priority 4;OK
FUN;812;FUN;INC;OK;INC000017405879;Priority 3;OK
FIN;812;FUN;INC;Defect;INC000017405908;Priority 4;OK
FIN;812;FUN;INC;Defect;INC000017405930;Priority 4;OK
SEC;SYN;SEC;INC;OK;INC000017406090;Priority 4;OK
TEC;DCF;TEC;INC;OK;INC000017406217;Priority 3;OK
0;BWI;L1 ;INC;OK;INC000017406496;Priority 3;OK
FUN;LAT;FUN;INC;OK;INC000017406529;Priority 4;OK
TEC;BWI;TEC;INC;OK;INC000017407408;Priority 3;OK
DCF;DCF;FUN;INC;OK;INC000017407426;Priority 3;OK
FUN;ETH;FUN;INC;OK;INC000017408121;Priority 3;OK
APS;ETH;APS;INC;OK;INC000017408242;Priority 3;OK
APS;ETH;APS;INC;OK;INC000017408246;Priority 3;OK
APS;ETH;APS;INC;OK;INC000017408315;Priority 3;OK
L1;MNT;MON;SR;OK;INC000017408572;Priority 3;OK
DCF;DCF;FUN;INC;OK;INC000017408624;Priority 3;OK
FUN;ETH;FUN;INC;OK;INC000017408796;Priority 3;OK
FUN;BWI;FUN;SR;OK;INC000017408989;Priority 3;OK
APS;ETH;APS;INC;OK;INC000017409035;Priority 3;OK
APS;ETH;APS;INC;OK;INC000017409036;Priority 3;OK
APS;ETH;APS;INC;OK;INC000017409040;Priority 3;OK
APS;ETH;APS;INC;OK;INC000017409115;Priority 3;OK
APS;EES;APS;INC;OK;INC000017409266;Priority 3;OK
APS;ETH;APS;INC;OK;INC000017409390;Priority 3;OK
APS;ETH;APS;INC;OK;INC000017409562;Priority 3;OK
FUN;812;FUN;INC;OK;INC000017410255;Priority 4;OK
FUN;MNT;FUN;INC;OK;INC000017410263;Priority 4;OK
FUN;DXE;FUN;INC;OK;INC000017410578;Priority 3;OK
FUN;812;FUN;INC;OK;INC000017410891;Priority 4;OK
DCF;DCF;FUN;INC;OK;INC000017410908;Priority 4;OK
OPS;EMS;OPS;HK;OK;INC000017411070;Priority 4;OK
CNC;812;CNC;INC;OK;INC000017411244;Priority 3;OK
FIN;DXE;FUN;INC;OK;INC000017411387;Priority 4;OK
SEC;SYN;SEC;INC;OK;INC000017411437;Priority 4;OK
FUN;EES;FUN;INC;OK;INC000017411742;Priority 4;OK
FUN;EES;FUN;INC;OK;INC000017413214;Priority 4;OK
FUN;812;FUN;INC;OK;INC000017413563;Priority 4;OK
APS;ETH;APS;INC;OK;INC000017413842;Priority 3;OK
APS;ETH;APS;INC;OK;INC000017413845;Priority 3;OK
APS;ETH;APS;INC;OK;INC000017413914;Priority 3;OK
L1;MNT;MON;SR;OK;INC000017413978;Priority 3;OK
DCF;DCF;FUN;INC;OK;INC000017414012;Priority 3;OK
APS;ETH;APS;INC;OK;INC000017414099;Priority 3;OK
TEC;SYN;FUN;INC;OK;INC000017414252;Priority 3;OK
SEC;SYN;SEC;INC;OK;INC000017414582;Priority 4;OK
FIN;BWI;FUN;INC;OK;INC000017414622;Priority 4;OK
FUN;EES;FUN;INC;Defect;INC000017414698;Priority 4;OK
APS;EES;APS;INC;OK;INC000017415095;Priority 3;OK
FIN;812;FUN;INC;OK;INC000017415643;Priority 4;OK
SEC;WS;SEC;SR;OK;INC000017415918;Priority 4;OK
DCF;DCF;FUN;INC;OK;INC000017415998;Priority 4;OK
FIN;812;FUN;INC;OK;INC000017416041;Priority 4;OK
CNC;812;MON;INC;OK;INC000017416336;Priority 4;OK
FUN;812;FUN;INC;OK;INC000017416417;Priority 4;OK
FIN;812;FUN;INC;OK;INC000017416960;Priority 3;OK
SEC;SYN;SEC;INC;OK;INC000017417243;Priority 3;OK
FUN;812;FUN;INC;OK;INC000017417340;Priority 4;OK
FIN;812;FUN;INC;OK;INC000017417573;Priority 3;OK
FUN;812;FUN;INC;Defect;INC000017417633;Priority 3;OK
APS;ETH;APS;INC;OK;INC000017418331;Priority 3;OK
FUN;812;FUN;INC;OK;INC000017418463;Priority 4;OK
APS;ETH;APS;INC;OK;INC000017419009;Priority 3;OK
APS;ETH;APS;INC;OK;INC000017419073;Priority 3;OK
SEC;SYN;SEC;INC;OK;INC000017419085;Priority 4;OK
FUN;BWI;FUN;INC;Defect;INC000017419140;Priority 4;OK
APS;EES;APS;INC;OK;INC000017419906;Priority 3;OK
OPS;EMS;OPS;HK;Defect;INC000017420181;Priority 3;OK
FIN;812;FUN;INC;OK;INC000017420269;Priority 4;OK
FIN;812;FUN;INC;OK;INC000017420287;Priority 3;OK
APS;ETH;APS;INC;OK;INC000017420397;Priority 3;OK
FUN;BWI;FUN;INC;OK;INC000017420505;Priority 4;OK
APS;ETH;APS;INC;OK;INC000017420551;Priority 3;OK
APS;EES;APS;INC;OK;INC000017420867;Priority 3;OK
APS;EES;APS;INC;OK;INC000017420871;Priority 3;OK
APS;EES;APS;INC;OK;INC000017420905;Priority 3;OK
APS;ETH;APS;INC;OK;INC000017421022;Priority 3;OK
APS;DCF;APS;INC;OK;INC000017421921;Priority 3;OK
APS;EES;APS;INC;OK;INC000017422005;Priority 3;OK
FUN;812;FUN;INC;OK;INC000017423098;Priority 3;OK
TEC;DCF;TEC;INC;OK;INC000017423338;Priority 4;OK
TEC;DCF;TEC;INC;OK;INC000017423900;Priority 2;OK
FIN;812;FUN;INC;OK;INC000017424096;Priority 4;OK
FUN;812;FUN;INC;OK;INC000017424137;Priority 3;OK
FUN;DXE;FUN;INC;OK;INC000017424436;Priority 4;OK
SEC;SYN;SEC;INC;OK;INC000017424975;Priority 3;OK
SEC;SYN;SEC;INC;OK;INC000017425143;Priority 3;OK
FUN;812;FUN;INC;OK;INC000017425251;Priority 3;OK
FUN;ETH;FUN;INC;OK;INC000017425471;Priority 4;OK
APS;ETH;APS;INC;OK;INC000017425553;Priority 3;OK
CNC;812;CNC;INC;OK;INC000017425845;Priority 3;OK
SEC;SYN;SEC;INC;OK;INC000017425923;Priority 3;OK
APS;ETH;APS;INC;OK;INC000017426148;Priority 3;OK
CNC;DPY;CNC;INC;OK;INC000017426186;Priority 4;OK
SEC;SYN;SEC;INC;OK;INC000017426255;Priority 3;OK
APS;ETH;APS;INC;OK;INC000017426429;Priority 3;OK
APS;ETH;APS;INC;OK;INC000017426438;Priority 3;OK
APS;ETH;APS;INC;OK;INC000017426441;Priority 3;OK
FIN;MNT;FUN;INC;OK;INC000017426670;Priority 3;OK
SEC;SYN;SEC;INC;OK;INC000017426852;Priority 4;OK
SEC;SYN;SEC;INC;Defect;INC000017427232;Priority 3;OK
SCH;LAT;SCH;INC;OK;INC000017427384;Priority 3;OK
APS;ETH;APS;INC;OK;INC000017427838;Priority 3;OK
DCF;DCF;FUN;INC;OK;INC000017427961;Priority 4;OK
DCF;DCF;FUN;INC;Defect;INC000017428072;Priority 4;OK
APS;ETH;APS;INC;OK;INC000017428089;Priority 3;OK
FUN;812;FUN;INC;OK;INC000017428096;Priority 4;OK
CNC;812;CNC;INC;OK;INC000017428465;Priority 4;OK
CNC;812;CNC;INC;OK;INC000017428590;Priority 3;OK
OPS;EMS;OPS;HK;OK;INC000017429012;Priority 4;OK
FIN;BWI;FUN;INC;OK;INC000017429259;Priority 4;OK
CNC;812;CNC;INC;OK;INC000017429640;Priority 4;OK
FUN;812;FUN;INC;OK;INC000017429649;Priority 3;OK
FUN;BWI;FUN;INC;OK;INC000017429735;Priority 4;OK
TEC;DCF;TEC;INC;OK;INC000017429798;Priority 3;OK
FUN;812;FUN;INC;OK;INC000017430717;Priority 4;OK
FUN;EMS;FUN;INC;OK;INC000017431268;Priority 4;OK
APS;ETH;APS;INC;OK;INC000017431822;Priority 3;OK
APS;ETH;APS;INC;OK;INC000017431830;Priority 3;OK
APS;ETH;APS;INC;OK;INC000017431903;Priority 3;OK
APS;ETH;APS;INC;OK;INC000017432849;Priority 3;OK
APS;ETH;APS;INC;OK;INC000017433095;Priority 3;OK
FUN;812;FUN;INC;OK;INC000017434077;Priority 4;OK
OPS;EMS;OPS;HK;OK;INC000017434378;Priority 4;OK
TEC;SYN;FUN;INC;Defect;INC000017434530;Priority 4;OK
FUN;812;FUN;INC;OK;INC000017434638;Priority 4;OK
FUN;812;FUN;INC;Defect;INC000017434941;Priority 4;OK
APS;ETH;APS;INC;OK;INC000017434958;Priority 3;OK
FIN;812;FUN;INC;OK;INC000017434965;Priority 4;OK
FUN;812;FUN;INC;OK;INC000017434981;Priority 4;OK
SEC;SYN;SEC;INC;OK;INC000017435094;Priority 3;OK
DCF;DCF;FUN;INC;OK;INC000017435199;Priority 4;OK
SEC;SYN;SEC;INC;OK;INC000017435476;Priority 3;OK
FUN;DXE;FUN;INC;OK;INC000017435590;Priority 3;OK
TEC;SYN;FUN;INC;Defect;INC000017436029;Priority 4;OK
SEC;ETH;SEC;INC;OK;INC000017436178;Priority 4;OK
OPS;EMS;OPS;HK;OK;INC000017436189;Priority 4;OK
SEC;SYN;SEC;INC;OK;INC000017436197;Priority 4;OK
FUN;BWI;FUN;INC;OK;INC000017436551;Priority 4;OK
FUN;MNT;FUN;INC;OK;INC000017436618;Priority 4;OK
FUN;MNT;FUN;INC;OK;INC000017436880;Priority 4;OK
SEC;SYN;SEC;INC;OK;INC000017436881;Priority 4;OK
APS;ETH;APS;INC;OK;INC000017437095;Priority 3;OK
APS;ETH;APS;INC;OK;INC000017437099;Priority 3;OK
APS;ETH;APS;INC;OK;INC000017437104;Priority 3;OK
SEC;SYN;SEC;INC;OK;INC000017437133;Priority 3;OK
FUN;812;FUN;INC;OK;INC000017437147;Priority 3;OK
APS;ETH;APS;INC;OK;INC000017437164;Priority 3;OK
FUN;ETH;FUN;INC;OK;INC000017437649;Priority 4;OK
DCF;DCF;FUN;INC;OK;INC000017437762;Priority 4;OK
APS;ETH;APS;INC;OK;INC000017438271;Priority 3;OK
OPS;EMS;OPS;HK;OK;INC000017439456;Priority 4;OK
DCF;DCF;FUN;INC;OK;INC000017440308;Priority 4;OK
FUN;812;FUN;INC;Defect;INC000017440448;Priority 4;OK
APS;ETH;APS;INC;OK;INC000017441334;Priority 3;OK
FIN;LAT;FUN;INC;OK;INC000017441456;Priority 4;OK
SEC;SYN;SEC;INC;Defect;INC000017441501;Priority 4;OK
FUN;BWI;FUN;SR;OK;INC000017441863;Priority 4;OK
APS;ETH;APS;INC;OK;INC000017442121;Priority 3;OK
TEC;BWI;TEC;INC;OK;INC000017442158;Priority 3;OK
FUN;BWI;FUN;INC;Defect;INC000017442159;Priority 4;OK
FUN;ETH;FUN;INC;OK;INC000017442283;Priority 4;OK
SEC;SYN;SEC;INC;Defect;INC000017442544;Priority 3;OK
APS;EES;APS;INC;OK;INC000017443217;Priority 3;OK
FUN;812;FUN;INC;OK;INC000017443951;Priority 4;OK
FIN;812;FUN;INC;OK;INC000017444091;Priority 4;OK
FUN;812;FUN;INC;OK;INC000017444092;Priority 4;OK
FIN;812;FUN;INC;Defect;INC000017444430;Priority 4;OK
FIN;812;FUN;INC;OK;INC000017444482;Priority 4;OK
FUN;812;FUN;INC;OK;INC000017444547;Priority 4;OK
FUN;BWI;FUN;INC;OK;INC000017444655;Priority 4;OK
FUN;WS;FUN;INC;OK;INC000017445075;Priority 4;OK
FUN;812;FUN;INC;Defect;INC000017445179;Priority 4;OK
FUN;812;FUN;INC;OK;INC000017445434;Priority 4;OK
FUN;812;FUN;INC;OK;INC000017445511;Priority 4;OK
FIN;812;FUN;INC;OK;INC000017445687;Priority 3;OK
FUN;812;FUN;INC;OK;INC000017445755;Priority 4;OK
FUN;EMS;FUN;INC;OK;INC000017445796;Priority 4;OK
FUN;812;FUN;INC;Defect;INC000017445962;Priority 4;OK
APS;ETH;APS;INC;OK;INC000017446319;Priority 3;OK
FUN;BWI;FUN;INC;OK;INC000017446606;Priority 4;OK
APS;ETH;APS;INC;OK;INC000017446995;Priority 3;OK
APS;ETH;APS;INC;OK;INC000017447001;Priority 3;OK
FUN;BWI;FUN;INC;OK;INC000017447625;Priority 4;OK
OPS;EMS;OPS;HK;OK;INC000017447688;Priority 3;OK
APS;ETH;APS;INC;OK;INC000017447694;Priority 3;OK
TEC;SYN;FUN;INC;OK;INC000017448034;Priority 3;OK
APS;ETH;APS;INC;OK;INC000017448105;Priority 3;OK
APS;EES;APS;INC;OK;INC000017448706;Priority 4;OK
OPS;WS;OPS;HK;OK;INC000017448710;Priority 3;OK
APS;ETH;APS;INC;OK;INC000017449103;Priority 3;OK
LEAD;DCF;FUN;INC;OK;INC000017449330;Priority 3;OK
APS;ETH;APS;INC;OK;INC000017449411;Priority 3;OK
APS;ETH;APS;INC;OK;INC000017449451;Priority 3;OK
APS;ETH;APS;INC;OK;INC000017449613;Priority 3;OK
APS;ETH;APS;INC;OK;INC000017449651;Priority 3;OK
APS;ETH;APS;INC;OK;INC000017449652;Priority 3;OK
APS;EES;APS;INC;OK;INC000017450104;Priority 4;OK
APS;ETH;APS;INC;OK;INC000017450169;Priority 3;OK
SCH;LAT;SCH;INC;OK;INC000017450194;Priority 3;OK
SCH;LAT;SCH;INC;OK;INC000017450196;Priority 3;OK
L1;812;MON;SR;OK;INC000017450742;Priority 3;OK
FIN;812;FUN;INC;Defect;INC000017451204;Priority 4;OK
FUN;812;FUN;INC;OK;INC000017451219;Priority 4;OK
FUN;812;FUN;INC;OK;INC000017451568;Priority 4;OK
DCF;DCF;FUN;INC;OK;INC000017451707;Priority 4;OK
FUN;812;FUN;INC;Defect;INC000017452412;Priority 4;OK
FIN;812;FUN;INC;OK;INC000017452436;Priority 4;OK
SEC;SYN;SEC;INC;OK;INC000017452783;Priority 4;OK
TEC;DCF;TEC;INC;OK;INC000017452996;Priority 3;OK
TEC;ETH;TEC;INC;OK;INC000017453000;Priority 4;OK
DCF;DCF;FUN;INC;OK;INC000017453111;Priority 4;OK
SEC;SYN;SEC;INC;OK;INC000017453312;Priority 4;OK
SEC;812;SEC;INC;OK;INC000017453678;Priority 4;OK
FUN;ETH;FUN;INC;OK;INC000017453898;Priority 4;OK
TEC;SYN;FUN;INC;OK;INC000017453902;Priority 3;OK
SEC;SYN;SEC;INC;OK;INC000017454521;Priority 4;OK
TEC;DCF;TEC;INC;OK;INC000017454912;Priority 3;OK
APS;ETH;APS;INC;OK;INC000017455146;Priority 4;OK
APS;ETH;APS;INC;OK;INC000017455148;Priority 4;OK
FIN;BWI;FUN;INC;Defect;INC000017456118;Priority 4;OK
APS;ETH;APS;INC;OK;INC000017456342;Priority 4;OK
APS;ETH;APS;INC;OK;INC000017456783;Priority 4;OK
SEC;SYN;SEC;INC;OK;INC000017458945;Priority 4;OK
FIN;LAT;FUN;INC;OK;INC000017459637;Priority 4;OK
FUN;812;FUN;INC;OK;INC000017459821;Priority 4;OK
FIN;BWI;FUN;INC;OK;INC000017461398;Priority 4;OK
FUN;BWI;FUN;INC;OK;INC000017461654;Priority 4;OK
DCF;DCF;FUN;INC;OK;INC000017461696;Priority 4;OK
APS;ETH;APS;INC;OK;INC000017461707;Priority 4;OK
SEC;SYN;SEC;INC;OK;INC000017461829;Priority 3;OK
FIN;MNT;FUN;INC;OK;INC000017462108;Priority 4;OK
SEC;EMS;SEC;INC;OK;INC000017462711;Priority 4;OK
SCH;LAT;SCH;INC;OK;INC000017462787;Priority 4;OK
APS;ETH;APS;INC;OK;INC000017463008;Priority 4;OK
SEC;SYN;SEC;INC;OK;INC000017463392;Priority 4;OK
CNC;MNT;CNC;INC;OK;INC000017463490;Priority 2;OK
APS;ETH;APS;INC;OK;INC000017463738;Priority 4;OK
SEC;SYN;SEC;INC;OK;INC000017463932;Priority 4;OK
OPS;EMS;OPS;HK;OK;INC000017464631;Priority 4;OK
CNC;812;MON;INC;OK;INC000017464850;Priority 4;OK
FUN;812;FUN;INC;OK;INC000017465069;Priority 4;OK
FUN;812;FUN;INC;OK;INC000017465127;Priority 4;OK
FIN;DXE;FUN;INC;OK;INC000017465250;Priority 4;OK
FIN;812;FUN;INC;OK;INC000017465260;Priority 4;OK
FIN;812;FUN;INC;OK;INC000017465799;Priority 4;OK
FUN;BWI;FUN;INC;OK;INC000017465828;Priority 4;OK
FUN;EES;FUN;INC;Defect;INC000017465995;Priority 4;OK
TEC;SYN;FUN;INC;OK;INC000017466025;Priority 4;OK
FIN;812;FUN;INC;OK;INC000017466152;Priority 4;OK
FUN;812;FUN;INC;OK;INC000017466334;Priority 4;OK
FIN;812;FUN;INC;OK;INC000017466398;Priority 4;OK
FIN;812;FUN;INC;OK;INC000017466481;Priority 4;OK
FIN;812;FUN;INC;Defect;INC000017466789;Priority 4;OK
FUN;BWI;FUN;INC;OK;INC000017467506;Priority 4;OK
SEC;SYN;SEC;INC;OK;INC000017467779;Priority 4;OK
APS;ETH;APS;INC;OK;INC000017467799;Priority 4;OK
APS;ETH;APS;INC;OK;INC000017467801;Priority 4;OK
APS;ETH;APS;INC;OK;INC000017467847;Priority 4;OK
FUN;812;FUN;INC;OK;INC000017468329;Priority 4;OK
FUN;ETH;FUN;INC;OK;INC000017468519;Priority 4;OK
APS;ETH;APS;INC;OK;INC000017468803;Priority 4;OK
APS;EES;APS;INC;OK;INC000017468865;Priority 4;OK
CNC;812;CNC;INC;OK;INC000017470002;Priority 4;OK
CNC;812;CNC;INC;OK;INC000017470388;Priority 4;OK
OPS;EMS;OPS;HK;OK;INC000017470565;Priority 4;OK
CNC;812;CNC;INC;OK;INC000017470689;Priority 4;OK
APS;ETH;APS;INC;OK;INC000017470850;Priority 4;OK
FIN;812;FUN;INC;OK;INC000017471076;Priority 4;OK
TEC;DCF;TEC;INC;OK;INC000017471206;Priority 4;OK
FUN;BWI;FUN;INC;OK;INC000017471279;Priority 4;OK
L1;BWI;L1 ;INC;OK;INC000017471333;Priority 4;OK
FUN;812;FUN;INC;OK;INC000017471398;Priority 3;OK
APS;ETH;APS;INC;OK;INC000017472038;Priority 4;OK
FUN;812;FUN;INC;OK;INC000017472151;Priority 4;OK
APS;ETH;APS;INC;OK;INC000017473241;Priority 4;OK
APS;ETH;APS;INC;OK;INC000017473243;Priority 4;OK
APS;ETH;APS;INC;OK;INC000017473321;Priority 4;OK
L1;MNT;MON;SR;OK;INC000017473555;Priority 4;OK
SEC;SYN;SEC;INC;OK;INC000017474176;Priority 4;OK
FUN;812;FUN;INC;OK;INC000017474792;Priority 4;OK
FUN;812;FUN;INC;OK;INC000017474915;Priority 4;OK
FUN;DXE;FUN;INC;OK;INC000017475118;Priority 4;OK
FUN;812;FUN;INC;OK;INC000017475167;Priority 4;OK
FUN;812;FUN;INC;OK;INC000017475733;Priority 4;OK
OPS;EMS;OPS;HK;OK;INC000017476738;Priority 4;OK
OPS;WS;OPS;HK;OK;INC000017476753;Priority 4;OK
FIN;812;FUN;INC;OK;INC000017476861;Priority 3;OK
SEC;SYN;SEC;INC;OK;INC000017476882;Priority 4;OK
FUN;EES;FUN;INC;OK;INC000017477714;Priority 4;OK
SEC;SYN;SEC;INC;OK;INC000017477818;Priority 4;OK
L1;BWI;L1 ;INC;OK;INC000017477850;Priority 4;OK
FUN;EES;FUN;INC;OK;INC000017477977;Priority 4;OK
SEC;SYN;SEC;INC;OK;INC000017478330;Priority 4;OK
APS;ETH;APS;INC;OK;INC000017478395;Priority 4;OK
APS;ETH;APS;INC;OK;INC000017478405;Priority 4;OK
APS;ETH;APS;INC;OK;INC000017478406;Priority 4;OK
FUN;BWI;FUN;SR;OK;INC000017478566;Priority 4;OK
FUN;BWI;FUN;INC;OK;INC000017478581;Priority 4;OK
FUN;LAT;FUN;INC;OK;INC000017478998;Priority 4;OK
FUN;BWI;FUN;INC;OK;INC000017479011;Priority 4;OK
APS;EES;APS;INC;OK;INC000017479499;Priority 3;OK
L1;MNT;MON;SR;OK;INC000017479717;Priority 4;OK
APS;ETH;APS;INC;OK;INC000017479960;Priority 4;OK
APS;ETH;APS;INC;OK;INC000017480268;Priority 4;OK
APS;ETH;APS;INC;OK;INC000017482412;Priority 4;OK
SCH;LAT;SCH;INC;OK;INC000017483240;Priority 4;OK
APS;ETH;APS;INC;OK;INC000017483409;Priority 4;OK
TEC;ETH;TEC;INC;OK;INC000017483462;Priority 3;OK
SCH;LAT;SCH;INC;OK;INC000017483504;Priority 4;OK
SCH;LAT;SCH;INC;OK;INC000017483506;Priority 4;OK
SCH;LAT;SCH;INC;OK;INC000017483507;Priority 3;OK
SCH;LAT;SCH;INC;OK;INC000017483512;Priority 4;OK
SCH;LAT;SCH;INC;OK;INC000017483513;Priority 4;OK
SCH;LAT;SCH;INC;OK;INC000017483515;Priority 3;OK
FIN;812;FUN;INC;OK;INC000017484667;Priority 3;OK
FIN;812;FUN;INC;OK;INC000017484681;Priority 3;OK
FIN;812;FUN;INC;OK;INC000017485745;Priority 4;OK
FIN;812;FUN;INC;OK;INC000017486067;Priority 4;OK
TEC;SYN;FUN;INC;OK;INC000017486549;Priority 4;OK
FUN;BWI;FUN;INC;OK;INC000017486569;Priority 4;OK
FUN;812;FUN;INC;OK;INC000017486978;Priority 4;OK
FUN;EES;FUN;INC;OK;INC000017487299;Priority 4;OK
SEC;SYN;SEC;INC;OK;INC000017487399;Priority 4;OK
APS;ETH;APS;INC;OK;INC000017487504;Priority 3;OK
FIN;MNT;FUN;INC;OK;INC000017487867;Priority 4;OK
APS;ETH;APS;INC;OK;INC000017488457;Priority 4;OK
APS;ETH;APS;INC;OK;INC000017488459;Priority 4;OK
APS;ETH;APS;INC;OK;INC000017488549;Priority 4;OK
FUN;BWI;FUN;INC;OK;INC000017489319;Priority 3;OK
OPS;EMS;OPS;HK;OK;INC000017489698;Priority 4;OK
FIN;812;FUN;INC;OK;INC000017490760;Priority 4;OK
FUN;812;FUN;INC;OK;INC000017491792;Priority 4;OK
APS;ETH;APS;INC;OK;INC000017492157;Priority 3;OK
TEC;DCF;TEC;INC;OK;INC000017492792;Priority 3;OK
SEC;SYN;SEC;INC;OK;INC000017492794;Priority 4;OK
FIN;812;FUN;INC;OK;INC000017493431;Priority 3;OK
TEC;DCF;TEC;INC;OK;INC000017493496;Priority 4;OK
L1;BWI;L1 ;INC;OK;INC000017493843;Priority 4;OK
APS;ETH;APS;INC;OK;INC000017494505;Priority 3;OK
FUN;BWI;FUN;INC;OK;INC000017494607;Priority 3;OK
SEC;SYN;SEC;INC;OK;INC000017494727;Priority 3;OK
APS;ETH;APS;INC;OK;INC000017494890;Priority 3;OK
APS;ETH;APS;INC;OK;INC000017494894;Priority 4;OK
SEC;SYN;SEC;INC;OK;INC000017495291;Priority 4;OK
APS;EES;APS;INC;OK;INC000017495649;Priority 3;OK
APS;ETH;APS;INC;OK;INC000017495759;Priority 3;OK
TEC;SYN;FUN;INC;OK;INC000017495785;Priority 4;OK
FUN;812;FUN;INC;OK;INC000017497343;Priority 4;OK
TEC;DCF;TEC;INC;OK;INC000017498368;Priority 3;OK
TEC;SYN;FUN;INC;OK;INC000017498603;Priority 4;OK
TEC;SYN;FUN;INC;OK;INC000017498633;Priority 3;OK
SEC;SYN;SEC;INC;OK;INC000017499339;Priority 4;OK
SEC;SYN;SEC;INC;OK;INC000017500016;Priority 4;OK
L1;BWI;L1 ;INC;OK;INC000017500066;Priority 3;OK
APS;ETH;APS;INC;OK;INC000017500408;Priority 4;OK
APS;ETH;APS;INC;OK;INC000017500414;Priority 4;OK
APS;ETH;APS;INC;OK;INC000017500418;Priority 4;OK
APS;ETH;APS;INC;OK;INC000017500419;Priority 4;OK
APS;ETH;APS;INC;OK;INC000017500475;Priority 4;OK
APS;ETH;APS;INC;OK;INC000017501747;Priority 4;OK
L1;MNT;MON;SR;OK;INC000017502223;Priority 4;OK
FIN;812;FUN;INC;OK;INC000017502696;Priority 4;OK
APS;EES;APS;INC;OK;INC000017503492;Priority 4;OK
FIN;812;FUN;INC;OK;INC000017503601;Priority 4;OK
SEC;SYN;SEC;INC;OK;INC000017504276;Priority 4;OK
FUN;BWI;FUN;INC;OK;INC000017504286;Priority 4;OK
DCF;DCF;FUN;INC;OK;INC000017504366;Priority 3;OK
SEC;SYN;SEC;INC;OK;INC000017505792;Priority 4;OK
APS;ETH;APS;INC;OK;INC000017505882;Priority 4;OK
APS;ETH;APS;INC;OK;INC000017505884;Priority 4;OK
APS;ETH;APS;INC;OK;INC000017505888;Priority 4;OK
APS;ETH;APS;INC;OK;INC000017505889;Priority 4;OK
DCF;DCF;FUN;INC;OK;INC000017505904;Priority 4;OK
OPS;EMS;OPS;HK;OK;INC000017506780;Priority 4;OK
APS;ETH;APS;INC;OK;INC000017507005;Priority 4;OK
SEC;SYN;SEC;INC;OK;INC000017510443;Priority 4;OK
TEC;SYN;FUN;INC;OK;INC000017510571;Priority 4;OK
APS;ETH;APS;INC;OK;INC000017510791;Priority 4;OK
APS;ETH;APS;INC;OK;INC000017510853;Priority 4;OK
FUN;EMS;FUN;INC;OK;INC000017528618;Priority 4;OK
APS;DCF;APS;INC;OK;INC000017529288;Priority 4;OK
FIN;812;FUN;INC;OK;INC000017529560;Priority 4;OK
FUN;812;FUN;INC;OK;INC000017529704;Priority 4;OK
FIN;812;FUN;INC;OK;INC000017529721;Priority 4;OK
L1;MNT;MON;INC;OK;INC000017530326;Priority 4;OK
DBA;812;DBA;INC;OK;INC000017530450;Priority 4;OK
FIN;812;FUN;INC;OK;INC000017530903;Priority 4;OK
FUN;BWI;FUN;INC;OK;INC000017532508;Priority 4;OK
FIN;812;FUN;INC;OK;INC000017533474;Priority 4;OK
L1;MNT;MON;INC;OK;INC000017533486;Priority 4;OK
FIN;812;FUN;INC;OK;INC000017533524;Priority 4;OK
FUN;BWI;FUN;INC;OK;INC000017533860;Priority 4;OK
FIN;812;FUN;INC;OK;INC000017535468;Priority 4;OK
FUN;812;FUN;INC;OK;INC000017535708;Priority 4;OK
FIN;812;FUN;INC;OK;INC000017535810;Priority 4;OK
FUN;812;FUN;INC;OK;INC000017535907;Priority 4;OK
FUN;LAT;FUN;INC;OK;INC000017536068;Priority 4;OK
FIN;812;FUN;INC;OK;INC000017536381;Priority 4;OK
SEC;SYN;SEC;INC;Defect;INC000017538488;Priority 4;OK
FUN;EES;FUN;INC;OK;INC000017538759;Priority 4;OK
APS;EES;APS;INC;OK;INC000017541010;Priority 4;OK
DCF;DCF;FUN;INC;OK;INC000017541118;Priority 4;OK
FIN;812;FUN;INC;OK;INC000017541192;Priority 4;OK
FUN;812;FUN;INC;OK;INC000017541358;Priority 3;OK
FUN;812;FUN;INC;OK;INC000017541497;Priority 4;OK
FUN;812;FUN;INC;OK;INC000017541699;Priority 4;OK
FIN;812;FUN;INC;OK;INC000017541991;Priority 4;OK
FUN;812;FUN;INC;OK;INC000017542435;Priority 3;OK
FIN;812;FUN;INC;OK;INC000017542635;Priority 4;OK
SEC;SYN;SEC;INC;OK;INC000017543190;Priority 4;OK
SEC;SYN;SEC;INC;OK;INC000017543601;Priority 3;OK
SEC;SYN;SEC;INC;OK;INC000017543619;Priority 3;OK
FUN;EES;FUN;INC;OK;INC000017544135;Priority 4;OK
SEC;SYN;SEC;INC;OK;INC000017544224;Priority 4;OK
SEC;SYN;SEC;INC;OK;INC000017544250;Priority 4;OK
SEC;SYN;SEC;INC;OK;INC000017544271;Priority 3;OK
APS;ETH;APS;INC;OK;INC000017544373;Priority 3;OK
APS;ETH;APS;INC;OK;INC000017544376;Priority 3;OK
APS;ETH;APS;INC;OK;INC000017544383;Priority 3;OK
APS;ETH;APS;INC;OK;INC000017544384;Priority 3;OK
FIN;812;FUN;INC;OK;INC000017544651;Priority 4;OK
FIN;812;FUN;INC;OK;INC000017544735;Priority 4;OK
FIN;BWI;FUN;INC;OK;INC000017544945;Priority 4;OK
FIN;812;FUN;INC;OK;INC000017545768;Priority 4;OK
FIN;812;FUN;INC;OK;INC000017545882;Priority 3;OK
FIN;812;FUN;INC;OK;INC000017545885;Priority 3;OK
FIN;812;FUN;INC;OK;INC000017545889;Priority 4;OK
FIN;812;FUN;INC;OK;INC000017545933;Priority 4;OK
APS;ETH;APS;INC;OK;INC000017546197;Priority 3;OK
FIN;812;FUN;INC;OK;INC000017546374;Priority 4;OK
DCF;DCF;FUN;INC;OK;INC000017546449;Priority 3;OK
APS;DCF;APS;INC;OK;INC000017546868;Priority 3;OK
APS;ETH;APS;INC;OK;INC000017546993;Priority 3;OK
TEC;ETH;TEC;INC;OK;INC000017547428;Priority 4;OK
SEC;EMS;SEC;INC;OK;INC000017548710;Priority 4;OK
FUN;812;FUN;INC;Defect;INC000017548730;Priority 4;OK
FUN;812;FUN;INC;OK;INC000017549709;Priority 3;OK
FIN;MNT;FUN;INC;OK;INC000017549874;Priority 4;OK
FUN;812;FUN;INC;OK;INC000017549879;Priority 4;OK
TEC;SYN;FUN;INC;OK;INC000017550796;Priority 3;OK
FUN;DXE;FUN;INC;OK;INC000017550821;Priority 3;OK
SEC;SYN;SEC;INC;OK;INC000017550904;Priority 3;OK
FUN;812;FUN;INC;OK;INC000017551203;Priority 4;OK
SEC;SYN;SEC;INC;OK;INC000017551206;Priority 4;OK
FIN;812;FUN;INC;OK;INC000017551239;Priority 3;OK
DCF;DCF;FUN;INC;OK;INC000017551262;Priority 3;OK
TEC;ETH;TEC;INC;OK;INC000017551779;Priority 4;OK
TEC;ETH;TEC;INC;OK;INC000017551794;Priority 4;OK
FIN;812;INS;INC;OK;INC000017551950;Priority 4;OK
APS;ETH;APS;INC;OK;INC000017552288;Priority 3;OK
SEC;SYN;SEC;INC;OK;INC000017552345;Priority 4;OK
FUN;812;FUN;INC;OK;INC000017552427;Priority 4;OK
FUN;EMS;FUN;INC;OK;INC000017552456;Priority 4;OK
OPS;EMS;OPS;INC;OK;INC000017552503;Priority 4;OK
FUN;812;FUN;INC;OK;INC000017553020;Priority 4;OK
SEC;SYN;SEC;INC;OK;INC000017553103;Priority 3;OK
OPS;EMS;OPS;INC;OK;INC000017553338;Priority 3;OK
APS;ETH;APS;INC;OK;INC000017553619;Priority 3;OK
APS;ETH;APS;INC;OK;INC000017553620;Priority 3;OK
APS;ETH;APS;INC;OK;INC000017553724;Priority 3;OK
TEC;SYN;FUN;INC;OK;INC000017553874;Priority 3;OK
L1;BWI;L1 ;INC;OK;INC000017554767;Priority 3;OK
SEC;812;SEC;INC;OK;INC000017556139;Priority 4;OK
APS;ETH;APS;INC;OK;INC000017556254;Priority 3;OK
SEC;SYN;SEC;INC;OK;INC000017557127;Priority 3;OK
FUN;812;FUN;INC;OK;INC000017557515;Priority 4;OK
TEC;SYN;FUN;INC;OK;INC000017558036;Priority 4;OK
FIN;812;FUN;INC;OK;INC000017558288;Priority 4;OK
FUN;EES;FUN;INC;OK;INC000017558545;Priority 4;OK
FUN;812;FUN;INC;OK;INC000017559155;Priority 4;OK
APS;ETH;APS;INC;OK;INC000017559436;Priority 3;OK
APS;ETH;APS;INC;OK;INC000017559441;Priority 3;OK
APS;ETH;APS;INC;OK;INC000017559443;Priority 3;OK
APS;ETH;APS;INC;OK;INC000017559449;Priority 3;OK
DCF;DCF;FUN;INC;OK;INC000017559470;Priority 4;OK
APS;ETH;APS;INC;OK;INC000017559507;Priority 3;OK
DCF;DCF;FUN;INC;OK;INC000017559524;Priority 3;OK
FUN;ETH;FUN;INC;OK;INC000017559804;Priority 3;OK
APS;ETH;APS;INC;OK;INC000017559826;Priority 3;OK
TEC;ETH;TEC;INC;OK;INC000017559885;Priority 3;OK
APS;ETH;APS;INC;OK;INC000017560855;Priority 3;OK
APS;DCF;APS;INC;OK;INC000017561000;Priority 3;OK
FIN;DXE;FUN;INC;OK;INC000017561917;Priority 3;OK
FUN;812;FUN;INC;OK;INC000017562014;Priority 4;OK
FIN;812;FUN;INC;OK;INC000017562079;Priority 4;OK
FUN;812;FUN;INC;OK;INC000017562090;Priority 4;OK
FUN;BWI;FUN;INC;OK;INC000017562563;Priority 4;OK
APS;ETH;APS;INC;OK;INC000017562858;Priority 3;OK
FUN;EES;FUN;INC;OK;INC000017563025;Priority 4;OK
SEC;SYN;SEC;INC;OK;INC000017563268;Priority 4;OK
FUN;BWI;FUN;INC;OK;INC000017563289;Priority 3;OK
FUN;ETH;FUN;INC;OK;INC000017563735;Priority 4;OK
APS;ETH;APS;INC;OK;INC000017564593;Priority 3;OK
APS;ETH;APS;INC;OK;INC000017564601;Priority 3;OK
APS;ETH;APS;INC;OK;INC000017564666;Priority 3;OK
FUN;EES;FUN;INC;OK;INC000017564879;Priority 4;OK
OPS;EMS;OPS;INC;OK;INC000017565716;Priority 4;OK
OPS;EMS;OPS;INC;OK;INC000017565752;Priority 4;OK
OPS;EMS;OPS;INC;OK;INC000017565926;Priority 4;OK
APS;DCF;APS;INC;OK;INC000017566136;Priority 3;OK
APS;DCF;APS;INC;OK;INC000017566165;Priority 3;OK
FUN;812;FUN;INC;OK;INC000017566562;Priority 4;OK
FUN;812;FUN;INC;OK;INC000017566580;Priority 3;OK
FUN;812;FUN;INC;OK;INC000017566712;Priority 3;OK
FIN;812;FUN;INC;OK;INC000017566817;Priority 3;OK
FUN;812;FUN;INC;OK;INC000017567101;Priority 4;OK
TEC;DCF;TEC;INC;OK;INC000017567316;Priority 4;OK
DCF;DCF;FUN;INC;OK;INC000017567488;Priority 4;OK
FUN;812;FUN;INC;OK;INC000017568172;Priority 4;OK
APS;ETH;APS;INC;OK;INC000017568184;Priority 3;OK
FIN;812;FUN;INC;OK;INC000017568336;Priority 4;OK
FIN;812;FUN;INC;OK;INC000017568351;Priority 4;OK
FUN;812;FUN;INC;OK;INC000017568563;Priority 4;OK
FUN;812;FUN;INC;OK;INC000017568870;Priority 3;OK
DCF;DCF;FUN;INC;OK;INC000017569396;Priority 4;OK
TEC;SYN;FUN;INC;OK;INC000017569940;Priority 3;OK
FUN;BWI;FUN;INC;OK;INC000017569986;Priority 3;OK
APS;ETH;APS;INC;OK;INC000017570156;Priority 3;OK
APS;ETH;APS;INC;OK;INC000017570159;Priority 3;OK
APS;ETH;APS;INC;OK;INC000017570161;Priority 3;OK
APS;ETH;APS;INC;OK;INC000017570171;Priority 3;OK
APS;ETH;APS;INC;OK;INC000017570224;Priority 3;OK
TEC;ETH;TEC;INC;OK;INC000017570368;Priority 3;OK
FUN;DXE;FUN;INC;OK;INC000017570982;Priority 3;OK
APS;ETH;APS;INC;OK;INC000017571199;Priority 3;OK
FUN;MNT;FUN;INC;OK;INC000017571364;Priority 3;OK
FUN;MNT;FUN;INC;OK;INC000017571383;Priority 3;OK
FUN;812;FUN;INC;OK;INC000017571602;Priority 4;OK
FUN;EMS;FUN;INC;OK;INC000017572284;Priority 4;OK
SEC;812;SEC;INC;OK;INC000017572560;Priority 4;OK
FUN;DXE;FUN;INC;OK;INC000017572632;Priority 4;OK
CNC;812;MON;INC;OK;INC000017572809;Priority 4;OK
FUN;812;FUN;INC;OK;INC000017572872;Priority 4;OK
FIN;812;FUN;INC;OK;INC000017573020;Priority 4;OK
SEC;SYN;SEC;INC;OK;INC000017573092;Priority 3;OK
SEC;SYN;SEC;INC;OK;INC000017573913;Priority 3;OK
FUN;812;FUN;INC;OK;INC000017574052;Priority 3;OK
SEC;SYN;SEC;INC;OK;INC000017574109;Priority 3;OK
FIN;812;FUN;INC;OK;INC000017574322;Priority 4;OK
TEC;DCF;TEC;INC;OK;INC000017574464;Priority 4;OK
APS;ETH;APS;INC;OK;INC000017575121;Priority 3;OK
APS;ETH;APS;INC;OK;INC000017575131;Priority 3;OK
APS;ETH;APS;INC;OK;INC000017575133;Priority 3;OK
SEC;SYN;SEC;INC;OK;INC000017575306;Priority 3;OK
FUN;ETH;FUN;INC;OK;INC000017575573;Priority 4;OK
APS;ETH;APS;INC;OK;INC000017576032;Priority 3;OK
APS;ETH;APS;INC;OK;INC000017576699;Priority 3;OK
APS;ETH;APS;INC;OK;INC000017577384;Priority 3;OK
DCF;DCF;FUN;INC;OK;INC000017577444;Priority 3;OK
APS;ETH;APS;INC;OK;INC000017577460;Priority 3;OK
FUN;812;FUN;INC;OK;INC000017578491;Priority 4;OK
FIN;812;FUN;INC;OK;INC000017579865;Priority 4;OK
FIN;812;FUN;INC;OK;INC000017580321;Priority 3;OK
FIN;812;FUN;INC;OK;INC000017580375;Priority 4;OK
FIN;812;FUN;INC;OK;INC000017580419;Priority 4;OK
FUN;812;FUN;INC;OK;INC000017580433;Priority 4;OK
DCF;DCF;FUN;INC;OK;INC000017580948;Priority 4;OK
FUN;812;FUN;INC;OK;INC000017580995;Priority 3;OK
FUN;812;FUN;INC;OK;INC000017581047;Priority 3;OK
FIN;DXE;FUN;INC;OK;INC000017581628;Priority 4;OK
DBA;812;DBA;INC;OK;INC000017581838;Priority 4;OK
APS;DCF;APS;INC;OK;INC000017582536;Priority 3;OK
SEC;812;SEC;INC;OK;INC000017583420;Priority 4;OK
SEC;812;SEC;INC;OK;INC000017584028;Priority 4;OK
SEC;SYN;SEC;INC;OK;INC000017584084;Priority 4;OK
FUN;MNT;FUN;INC;OK;INC000017584248;Priority 4;OK
APS;ETH;APS;INC;OK;INC000017584460;Priority 3;OK
SEC;SYN;SEC;INC;OK;INC000017584471;Priority 4;OK
APS;ETH;APS;INC;OK;INC000017584535;Priority 3;OK
FUN;ETH;FUN;INC;OK;INC000017584674;Priority 4;OK
SEC;SYN;SEC;INC;OK;INC000017584917;Priority 3;OK
FIN;812;FUN;INC;OK;INC000017586875;Priority 4;OK
FUN;812;FUN;INC;OK;INC000017586910;Priority 3;OK
SEC;EMS;SEC;INC;OK;INC000017587201;Priority 3;OK
SEC;812;SEC;INC;OK;INC000017587858;Priority 4;OK
APS;ETH;APS;INC;OK;INC000017588072;Priority 3;OK
FUN;812;FUN;INC;OK;INC000017588241;Priority 4;OK
SEC;SYN;SEC;INC;OK;INC000017588426;Priority 3;OK
SEC;SYN;SEC;INC;OK;INC000017588450;Priority 3;OK
FUN;812;FUN;INC;OK;INC000017588766;Priority 3;OK
SEC;ETH;SEC;INC;OK;INC000017589776;Priority 3;OK
SEC;EMS;SEC;INC;OK;INC000017589792;Priority 3;OK
FUN;EES;FUN;INC;OK;INC000017589863;Priority 4;OK
FUN;BWI;FUN;INC;OK;INC000017590087;Priority 3;OK
FUN;ETH;FUN;INC;OK;INC000017590188;Priority 4;OK
L1;BWI;L1 ;INC;OK;INC000017590541;Priority 4;OK
SEC;812;SEC;INC;OK;INC000017591152;Priority 4;OK
APS;ETH;APS;INC;OK;INC000017591269;Priority 3;OK
APS;ETH;APS;INC;OK;INC000017591270;Priority 3;OK
APS;ETH;APS;INC;OK;INC000017591271;Priority 3;OK
APS;ETH;APS;INC;OK;INC000017591275;Priority 3;OK
APS;ETH;APS;INC;OK;INC000017591279;Priority 3;OK
APS;EES;APS;INC;OK;INC000017592075;Priority 3;OK
APS;ETH;APS;INC;OK;INC000017592444;Priority 3;OK
CNC;MNT;MON;INC;OK;INC000017593171;Priority 4;OK
SEC;SYN;SEC;INC;OK;INC000017594052;Priority 4;OK
FIN;812;FUN;INC;OK;INC000017594447;Priority 4;OK
APS;ETH;APS;INC;OK;INC000017594666;Priority 3;OK
FUN;BWI;FUN;INC;OK;INC000017594832;Priority 4;OK
L1;BWI;L1 ;INC;OK;INC000017595476;Priority 4;OK
FUN;BWI;FUN;INC;OK;INC000017595827;Priority 3;OK
FUN;812;FUN;INC;OK;INC000017596139;Priority 3;OK
SCH;LAT;SCH;INC;OK;INC000017596760;Priority 3;OK
SCH;LAT;SCH;INC;OK;INC000017596761;Priority 3;OK
TEC;ETH;TEC;INC;OK;INC000017597054;Priority 3;OK
TEC;SYN;FUN;INC;OK;INC000017602698;Priority 3;OK
APS;ETH;APS;INC;OK;INC000017603268;Priority 3;OK
APS;ETH;APS;INC;OK;INC000017603270;Priority 3;OK
APS;ETH;APS;INC;OK;INC000017603271;Priority 3;OK
APS;ETH;APS;INC;OK;INC000017603328;Priority 3;OK
DCF;DCF;FUN;INC;OK;INC000017606122;Priority 3;OK
L1;812;MON;INC;OK;INC000017606550;Priority 4;OK
APS;ETH;APS;INC;OK;INC000017607721;Priority 3;OK
APS;ETH;APS;INC;OK;INC000017608836;Priority 3;OK
APS;ETH;APS;INC;OK;INC000017608838;Priority 3;OK
APS;ETH;APS;INC;OK;INC000017608840;Priority 3;OK
APS;ETH;APS;INC;OK;INC000017608893;Priority 3;OK
L1;BWI;L1 ;INC;OK;INC000017609162;Priority 3;OK
APS;ETH;APS;INC;OK;INC000017609176;Priority 3;OK
L1;812;MON;INC;OK;INC000017670157;Priority 4;OK
FUN;812;FUN;INC;OK;INC000017670338;Priority 4;OK
FUN;812;FUN;INC;OK;INC000017670511;Priority 4;OK
FIN;812;FUN;INC;OK;INC000017670665;Priority 4;OK
OPS;EMS;OPS;INC;OK;INC000017670681;Priority 4;OK
SEC;ETH;SEC;INC;OK;INC000017672467;Priority 4;OK
FIN;812;FUN;INC;OK;INC000017672815;Priority 4;OK
FIN;812;FUN;INC;OK;INC000017672901;Priority 4;OK
FIN;812;FUN;INC;OK;INC000017672974;Priority 4;OK
FIN;812;FUN;INC;Defect;INC000017672994;Priority 4;OK
FIN;812;FUN;INC;OK;INC000017673007;Priority 4;OK
FIN;812;FUN;INC;OK;INC000017673098;Priority 4;OK
FIN;812;FUN;INC;OK;INC000017673842;Priority 4;OK
SEC;EMS;SEC;INC;OK;INC000017676375;Priority 4;OK
FUN;812;FUN;INC;OK;INC000017677791;Priority 4;OK
FUN;BWI;FUN;INC;OK;INC000017678344;Priority 4;OK
L1;812;MON;INC;OK;INC000017678668;Priority 4;OK
FIN;812;FUN;INC;OK;INC000017679403;Priority 4;OK
TEC;SYN;FUN;INC;OK;INC000017679959;Priority 4;OK
SEC;DXE;SEC;INC;OK;INC000017680141;Priority 4;OK
OPS;EMS;OPS;INC;Defect;INC000017680694;Priority 4;OK
FUN;EES;FUN;INC;OK;INC000017681671;Priority 4;OK
FUN;LAT;FUN;INC;OK;INC000017682352;Priority 4;OK
FIN;812;FUN;INC;OK;INC000017683668;Priority 3;OK
FIN;812;FUN;INC;OK;INC000017684453;Priority 4;OK
FUN;812;FUN;INC;OK;INC000017684461;Priority 4;OK
FUN;EMS;FUN;INC;OK;INC000017684501;Priority 4;OK
SEC;SYN;SEC;INC;OK;INC000017684753;Priority 4;OK
FIN;DCF;FUN;INC;OK;INC000017685375;Priority 4;OK
DCF;DCF;FUN;INC;OK;INC000017685403;Priority 4;OK
FUN;812;FUN;INC;OK;INC000017685851;Priority 4;OK
FUN;812;FUN;INC;OK;INC000017685881;Priority 4;OK
FIN;812;FUN;INC;OK;INC000017685999;Priority 4;OK
FIN;MNT;FUN;INC;OK;INC000017686062;Priority 3;OK
DCF;DCF;FUN;INC;OK;INC000017686119;Priority 4;OK
APS;DCF;APS;INC;OK;INC000017686882;Priority 3;OK
L1;MNT;MON;INC;OK;INC000017687222;Priority 4;OK
ETH;ETH;FUN;INC;OK;INC000017687224;Priority 3;OK
APS;ETH;APS;INC;OK;INC000017687308;Priority 3;OK
FUN;812;FUN;INC;OK;INC000017687860;Priority 4;OK
TEC;SYN;FUN;INC;OK;INC000017687930;Priority 3;OK
APS;ETH;APS;INC;OK;INC000017688251;Priority 3;OK
FIN;BWI;FUN;INC;Defect;INC000017688256;Priority 4;OK
FUN;BWI;FUN;INC;OK;INC000017688264;Priority 3;OK
APS;ETH;APS;INC;OK;INC000017688756;Priority 3;OK
MNT;MNT;FUN;INC;Defect;INC000017689161;Priority 3;OK
CNC;BWI;L1 ;INC;OK;INC000017689162;Priority 4;OK
APS;ETH;APS;INC;OK;INC000017689197;Priority 3;OK
SEC;ETH;SEC;INC;OK;INC000017689456;Priority 4;OK
APS;DCF;APS;INC;OK;INC000017689511;Priority 4;OK
APS;ETH;APS;INC;OK;INC000017689792;Priority 3;OK
SEC;EMS;SEC;INC;OK;INC000017690545;Priority 3;OK
FUN;812;FUN;INC;OK;INC000017690856;Priority 4;OK
FIN;812;FUN;INC;OK;INC000017691075;Priority 4;OK
SEC;SYN;SEC;INC;OK;INC000017691179;Priority 4;OK
FUN;812;FUN;INC;OK;INC000017691261;Priority 3;OK
SCH;LAT;SCH;INC;OK;INC000017691582;Priority 3;OK
FUN;OXE;FUN;INC;OK;INC000017691897;Priority 3;OK
FIN;812;FUN;INC;OK;INC000017692003;Priority 3;OK
SEC;SYN;SEC;INC;OK;INC000017692071;Priority 3;OK
FUN;812;FUN;INC;OK;INC000017692083;Priority 3;OK
FUN;812;FUN;INC;OK;INC000017692313;Priority 3;OK
DCF;DCF;FUN;INC;OK;INC000017692399;Priority 3;OK
FUN;812;FUN;INC;OK;INC000017692743;Priority 4;OK
L1;BWI;L1 ;INC;OK;INC000017692886;Priority 3;OK
TEC;SYN;FUN;INC;OK;INC000017692959;Priority 4;OK
SEC;SYN;SEC;INC;OK;INC000017692997;Priority 4;OK
APS;ETH;APS;INC;OK;INC000017693848;Priority 4;OK
SEC;SYN;SEC;INC;OK;INC000017693996;Priority 4;OK
APS;ETH;APS;INC;OK;INC000017694313;Priority 3;OK
APS;ETH;APS;INC;OK;INC000017694314;Priority 3;OK
APS;ETH;APS;INC;OK;INC000017694319;Priority 3;OK
APS;ETH;APS;INC;OK;INC000017694321;Priority 3;OK
APS;ETH;APS;INC;OK;INC000017694393;Priority 3;OK
APS;ETH;APS;INC;OK;INC000017695904;Priority 3;OK
SEC;SYN;SEC;INC;OK;INC000017696184;Priority 4;OK
FUN;812;FUN;INC;OK;INC000017696558;Priority 4;OK
APS;EES;APS;INC;OK;INC000017696760;Priority 3;OK
FUN;812;FUN;INC;OK;INC000017697020;Priority 3;OK
DBA;812;DBA;INC;OK;INC000017697053;Priority 4;OK
FUN;DXE;FUN;INC;OK;INC000017697055;Priority 4;OK
SEC;EMS;SEC;INC;OK;INC000017697078;Priority 4;OK
FUN;DXE;FUN;INC;OK;INC000017697121;Priority 4;OK
FUN;812;FUN;INC;OK;INC000017697351;Priority 3;OK
OPS;EMS;OPS;INC;OK;INC000017697471;Priority 3;OK
TEC;SYN;FUN;INC;OK;INC000017697949;Priority 3;OK
FUN;ETH;FUN;INC;OK;INC000017698238;Priority 3;OK
TEC;SYN;FUN;INC;OK;INC000017698396;Priority 3;OK
FIN;BWI;FUN;INC;OK;INC000017698817;Priority 4;OK
DCF;DCF;FUN;INC;OK;INC000017698839;Priority 4;OK
SEC;SYN;SEC;INC;OK;INC000017699138;Priority 4;OK
DCF;DCF;FUN;INC;OK;INC000017699278;Priority 4;OK
FIN;812;FUN;INC;OK;INC000017699362;Priority 4;OK
TEC;SYN;FUN;INC;OK;INC000017699762;Priority 4;OK
FIN;BWI;FUN;INC;OK;INC000017699872;Priority 4;OK
APS;ETH;APS;INC;OK;INC000017700333;Priority 3;OK
APS;ETH;APS;INC;OK;INC000017700339;Priority 3;OK
APS;ETH;APS;INC;OK;INC000017700345;Priority 3;OK
TEC;ETH;FUN;INC;OK;INC000017700652;Priority 4;OK
SEC;SYN;SEC;INC;OK;INC000017700727;Priority 4;OK
EES;EES;FUN;INC;OK;INC000017700917;Priority 4;OK
CNC;MNT;MON;INC;OK;INC000017701260;Priority 4;OK
APS;ETH;APS;INC;OK;INC000017701653;Priority 3;OK
APS;ETH;APS;INC;OK;INC000017702028;Priority 3;OK
SEC;SYN;SEC;INC;OK;INC000017702182;Priority 4;OK
FIN;812;FUN;INC;OK;INC000017703006;Priority 4;OK
SEC;ETH;SEC;INC;Defect;INC000017703046;Priority 3;OK
OPS;EMS;OPS;INC;OK;INC000017703791;Priority 4;OK
FUN;BWI;FUN;INC;OK;INC000017703988;Priority 4;OK
FUN;812;FUN;INC;OK;INC000017704221;Priority 3;OK
FUN;812;FUN;INC;OK;INC000017704449;Priority 3;OK
FUN;EES;FUN;INC;OK;INC000017704576;Priority 4;OK
FIN;812;FUN;INC;OK;INC000017704687;Priority 4;OK
SEC;SYN;SEC;INC;OK;INC000017705029;Priority 4;OK
SEC;EMS;SEC;INC;OK;INC000017705326;Priority 3;OK
FUN;812;FUN;INC;OK;INC000017705341;Priority 4;OK
SEC;SYN;SEC;INC;OK;INC000017705560;Priority 3;OK
L1;MNT;MON;INC;OK;INC000017705708;Priority 4;OK
TEC;ETH;FUN;INC;OK;INC000017705791;Priority 3;OK
TEC;SYN;FUN;INC;OK;INC000017705952;Priority 3;OK
APS;ETH;APS;INC;OK;INC000017706366;Priority 3;OK
APS;ETH;APS;INC;OK;INC000017706368;Priority 3;OK
APS;ETH;APS;INC;OK;INC000017706377;Priority 3;OK
TEC;ETH;FUN;INC;OK;INC000017706544;Priority 3;OK
SEC;ETH;SEC;INC;OK;INC000017706797;Priority 3;OK
FUN;812;FUN;INC;OK;INC000017706936;Priority 4;OK
FUN;BWI;FUN;INC;OK;INC000017707221;Priority 4;OK
SEC;812;SEC;INC;OK;INC000017708354;Priority 4;OK
APS;ETH;APS;INC;OK;INC000017708533;Priority 3;OK
APS;EES;APS;INC;OK;INC000017708616;Priority 3;OK
APS;ETH;APS;INC;OK;INC000017708924;Priority 3;OK
OPS;WS;OPS;INC;OK;INC000017709110;Priority 4;OK
TEC;ETH;FUN;INC;OK;INC000017709332;Priority 3;OK
APS;ETH;APS;INC;OK;INC000017710167;Priority 3;OK
OPS;EMS;OPS;INC;OK;INC000017710791;Priority 3;OK
FIN;812;FUN;INC;OK;INC000017712280;Priority 4;OK
FIN;812;FUN;INC;OK;INC000017712767;Priority 4;OK
FIN;812;FUN;INC;OK;INC000017713858;Priority 4;OK
FUN;812;FUN;INC;OK;INC000017714458;Priority 4;OK
DCF;DCF;FUN;INC;OK;INC000017715424;Priority 4;OK
SEC;SYN;SEC;INC;OK;INC000017715435;Priority 3;OK
OPS;EMS;OPS;INC;OK;INC000017715856;Priority 3;OK
FUN;BWI;FUN;INC;OK;INC000017716033;Priority 4;OK
FIN;DXE;FUN;INC;OK;INC000017716170;Priority 3;OK
FUN;812;FUN;INC;OK;INC000017716416;Priority 4;OK
APS;ETH;APS;INC;OK;INC000017717040;Priority 3;OK
APS;ETH;APS;INC;OK;INC000017717042;Priority 3;OK
APS;ETH;APS;INC;OK;INC000017717044;Priority 3;OK
APS;ETH;APS;INC;OK;INC000017717045;Priority 3;OK
APS;ETH;APS;INC;OK;INC000017717140;Priority 3;OK
FUN;BWI;FUN;INC;OK;INC000017717730;Priority 4;OK
OPS;EMS;OPS;INC;OK;INC000017718171;Priority 4;OK
OPS;EMS;OPS;INC;OK;INC000017718347;Priority 4;OK
APS;ETH;APS;INC;OK;INC000017718528;Priority 3;OK
FIN;812;FUN;INC;OK;INC000017718985;Priority 4;OK
DCF;DCF;FUN;INC;OK;INC000017719422;Priority 4;OK
CNC;MNT;MON;INC;OK;INC000017720551;Priority 4;OK
FUN;BWI;FUN;INC;OK;INC000017721199;Priority 4;OK
FUN;812;FUN;INC;OK;INC000017722254;Priority 4;OK
FIN;MNT;FUN;INC;OK;INC000017722743;Priority 4;OK
TEC;ETH;FUN;INC;OK;INC000017723953;Priority 4;OK
APS;ETH;APS;INC;OK;INC000017723961;Priority 3;OK
APS;ETH;APS;INC;OK;INC000017723967;Priority 3;OK
APS;ETH;APS;INC;OK;INC000017723979;Priority 3;OK
TEC;SYN;FUN;INC;OK;INC000017724019;Priority 4;OK
APS;ETH;APS;INC;OK;INC000017724053;Priority 3;OK
APS;ETH;APS;INC;OK;INC000017724060;Priority 3;OK
FUN;812;FUN;INC;OK;INC000017724511;Priority 3;OK
APS;ETH;APS;INC;OK;INC000017725484;Priority 3;OK
APS;ETH;APS;INC;OK;INC000017725596;Priority 3;OK
SEC;812;SEC;INC;OK;INC000017725667;Priority 3;OK
FIN;812;FUN;INC;OK;INC000017726495;Priority 4;OK
DCF;DCF;FUN;INC;OK;INC000017726571;Priority 3;OK
FIN;812;FUN;INC;OK;INC000017726948;Priority 4;OK
FUN;812;FUN;INC;OK;INC000017727031;Priority 4;OK
FIN;812;FUN;INC;OK;INC000017727366;Priority 4;OK
FUN;812;FUN;INC;OK;INC000017727461;Priority 4;OK
FIN;MNT;FUN;INC;OK;INC000017727495;Priority 3;OK
FUN;812;FUN;INC;OK;INC000017727725;Priority 4;OK
FIN;812;FUN;INC;OK;INC000017727778;Priority 4;OK
FIN;812;FUN;INC;OK;INC000017727779;Priority 4;OK
FUN;BWI;FUN;INC;OK;INC000017728046;Priority 4;OK
APS;ETH;APS;INC;Defect;INC000017728089;Priority 4;OK
FIN;812;FUN;INC;OK;INC000017728327;Priority 3;OK
FIN;812;FUN;INC;OK;INC000017728417;Priority 4;OK
TEC;SYN;FUN;INC;OK;INC000017728640;Priority 4;OK
TEC;BWI;TEC;INC;OK;INC000017728880;Priority 4;OK
FUN;812;FUN;INC;OK;INC000017728882;Priority 4;OK
SEC;EMS;SEC;INC;OK;INC000017728945;Priority 4;OK
FUN;BWI;FUN;INC;OK;INC000017729268;Priority 4;OK
TEC;ETH;FUN;INC;OK;INC000017729865;Priority 3;OK
APS;ETH;APS;INC;OK;INC000017729885;Priority 3;OK
APS;ETH;APS;INC;OK;INC000017730204;Priority 3;OK
FUN;BWI;FUN;INC;OK;INC000017730264;Priority 4;OK
SEC;812;SEC;INC;OK;INC000017730458;Priority 4;OK
SEC;SYN;SEC;INC;OK;INC000017730520;Priority 4;OK
FUN;BWI;FUN;INC;OK;INC000017730784;Priority 3;OK
APS;ETH;APS;INC;OK;INC000017731289;Priority 3;OK
FUN;812;FUN;INC;OK;INC000017731867;Priority 4;OK
FIN;812;FUN;INC;Defect;INC000017732524;Priority 4;OK
FIN;MNT;FUN;INC;OK;INC000017732615;Priority 3;OK
OPS;EMS;OPS;INC;OK;INC000017732708;Priority 3;OK
FUN;812;FUN;INC;Defect;INC000017732789;Priority 3;OK
DBA;812;DBA;INC;OK;INC000017732859;Priority 3;OK
FUN;DXE;FUN;INC;OK;INC000017733487;Priority 4;OK
FUN;812;FUN;INC;OK;INC000017733817;Priority 4;OK
OPS;EMS;OPS;INC;OK;INC000017733827;Priority 4;OK
FIN;812;FUN;INC;OK;INC000017734212;Priority 4;OK
CNC;DCF;FUN;INC;OK;INC000017734256;Priority 4;OK
EES;EES;FUN;INC;OK;INC000017734401;Priority 4;OK
TEC;SYN;FUN;INC;OK;INC000017734572;Priority 3;OK
FIN;BWI;FUN;INC;OK;INC000017735575;Priority 4;OK
APS;ETH;APS;INC;OK;INC000017735975;Priority 3;OK
APS;ETH;APS;INC;OK;INC000017736027;Priority 3;OK
L1;BWI;L1 ;INC;OK;INC000017736281;Priority 4;OK
FUN;BWI;FUN;INC;OK;INC000017736332;Priority 4;OK
L1;MNT;MON;INC;OK;INC000017736413;Priority 3;OK
FUN;812;FUN;INC;OK;INC000017736455;Priority 3;OK
FUN;812;FUN;INC;OK;INC000017738153;Priority 4;OK
DCF;DCF;FUN;INC;OK;INC000017738363;Priority 4;OK
SEC;EMS;SEC;INC;OK;INC000017738508;Priority 4;OK
FUN;812;FUN;INC;OK;INC000017739396;Priority 3;OK
FUN;812;FUN;INC;OK;INC000017739692;Priority 4;OK
FIN;812;FUN;INC;OK;INC000017739798;Priority 4;OK
FUN;812;FUN;INC;OK;INC000017739961;Priority 3;OK
APS;ETH;APS;INC;OK;INC000017741422;Priority 3;OK
APS;ETH;APS;INC;OK;INC000017741424;Priority 3;OK
APS;ETH;APS;INC;OK;INC000017741429;Priority 3;OK
APS;ETH;APS;INC;OK;INC000017741430;Priority 3;OK
APS;ETH;APS;INC;OK;INC000017741431;Priority 3;OK
APS;ETH;APS;INC;OK;INC000017741485;Priority 3;OK
APS;ETH;APS;INC;OK;INC000017741486;Priority 3;OK
TEC;SYN;FUN;INC;OK;INC000017741583;Priority 3;OK
TEC;ETH;FUN;INC;OK;INC000017741841;Priority 4;OK
ETH;ETH;FUN;INC;OK;INC000017742525;Priority 3;OK
FUN;812;FUN;INC;OK;INC000017742583;Priority 3;OK
FUN;812;FUN;INC;OK;INC000017742595;Priority 3;OK
APS;ETH;APS;INC;OK;INC000017743111;Priority 3;OK
FUN;812;FUN;INC;OK;INC000017743165;Priority 3;OK
APS;ETH;APS;INC;OK;INC000017743319;Priority 3;OK
APS;EES;APS;INC;OK;INC000017743644;Priority 3;OK
APS;ETH;APS;INC;OK;INC000017743648;Priority 3;OK
APS;ETH;APS;INC;OK;INC000017743809;Priority 3;OK
FUN;WS;FUN;INC;OK;INC000017744174;Priority 3;OK
OPS;EMS;OPS;INC;OK;INC000017744402;Priority 3;OK
OPS;EMS;OPS;INC;OK;INC000017744404;Priority 3;OK
APS;ETH;APS;INC;OK;INC000017744669;Priority 3;OK
APS;ETH;APS;INC;OK;INC000017744725;Priority 3;OK
APS;ETH;APS;INC;OK;INC000017744726;Priority 3;OK
APS;ETH;APS;INC;OK;INC000017744802;Priority 3;OK
APS;ETH;APS;INC;OK;INC000017745046;Priority 3;OK
OPS;EMS;OPS;INC;OK;INC000017745469;Priority 4;OK
SCH;LAT;SCH;INC;OK;INC000017745878;Priority 3;OK
SCH;LAT;SCH;INC;OK;INC000017745882;Priority 3;OK
SCH;LAT;SCH;INC;OK;INC000017745883;Priority 3;OK
SCH;LAT;SCH;INC;OK;INC000017745885;Priority 3;OK
FIN;812;FUN;INC;OK;INC000017746233;Priority 4;OK
APS;ETH;APS;INC;OK;INC000017746537;Priority 3;OK
SEC;EMS;SEC;INC;OK;INC000017746785;Priority 4;OK
FUN;812;FUN;INC;OK;INC000017747031;Priority 4;OK
FIN;812;FUN;INC;OK;INC000017747942;Priority 4;OK
FUN;812;FUN;INC;OK;INC000017748069;Priority 4;OK
DBA;812;DBA;INC;OK;INC000017748538;Priority 3;OK
FUN;812;FUN;INC;OK;INC000017749023;Priority 4;OK
FUN;812;FUN;INC;OK;INC000017749073;Priority 4;OK
APS;EES;APS;INC;OK;INC000017749195;Priority 4;OK
FUN;812;FUN;INC;OK;INC000017749378;Priority 3;OK
FUN;812;FUN;INC;OK;INC000017749986;Priority 4;OK
SEC;SYN;SEC;INC;OK;INC000017749988;Priority 4;OK
FUN;812;FUN;INC;OK;INC000017750183;Priority 4;OK
FUN;812;FUN;INC;OK;INC000017750217;Priority 4;OK
FUN;ETH;FUN;INC;OK;INC000017751156;Priority 4;OK
TEC;SYN;FUN;INC;OK;INC000017751386;Priority 3;OK
APS;ETH;APS;INC;OK;INC000017751438;Priority 3;OK
APS;ETH;APS;INC;OK;INC000017751440;Priority 3;OK
L1;MNT;MON;INC;OK;INC000017751529;Priority 4;OK
FUN;BWI;FUN;INC;OK;INC000017751532;Priority 4;OK
TEC;SYN;FUN;INC;OK;INC000017751761;Priority 3;OK
SEC;SYN;SEC;INC;OK;INC000017751840;Priority 4;OK
FIN;MNT;FUN;INC;OK;INC000017751874;Priority 4;OK
TEC;SYN;FUN;INC;Defect;INC000017752039;Priority 3;OK
FUN;812;FUN;INC;OK;INC000017752336;Priority 3;OK
FUN;BWI;FUN;INC;OK;INC000017752376;Priority 4;OK
APS;ETH;APS;INC;OK;INC000017753323;Priority 3;OK
FIN;812;FUN;INC;OK;INC000017753394;Priority 4;OK
FIN;812;FUN;INC;OK;INC000017753403;Priority 4;OK
SEC;812;SEC;INC;OK;INC000017753925;Priority 3;OK
FIN;812;FUN;INC;OK;INC000017754035;Priority 4;OK
APS;ETH;APS;INC;OK;INC000017754162;Priority 3;OK
FUN;812;FUN;INC;OK;INC000017754543;Priority 4;OK
FUN;DXE;FUN;INC;OK;INC000017754801;Priority 3;OK
FIN;812;FUN;INC;OK;INC000017754869;Priority 4;OK
FUN;BWI;FUN;INC;OK;INC000017755114;Priority 4;OK
SEC;SYN;SEC;INC;OK;INC000017755211;Priority 4;OK
FUN;812;FUN;INC;OK;INC000017755321;Priority 4;OK
TEC;SYN;FUN;INC;OK;INC000017755468;Priority 3;OK
FIN;DXE;FUN;INC;OK;INC000017755638;Priority 4;OK
FUN;812;FUN;INC;OK;INC000017756328;Priority 3;OK
SEC;SYN;SEC;INC;OK;INC000017756586;Priority 3;OK
APS;ETH;APS;INC;OK;INC000017756847;Priority 3;OK
TEC;SYN;FUN;INC;OK;INC000017757246;Priority 3;OK
FUN;BWI;FUN;INC;OK;INC000017757417;Priority 4;OK
APS;ETH;APS;INC;OK;INC000017757779;Priority 3;OK
APS;ETH;APS;INC;OK;INC000017757794;Priority 3;OK
APS;ETH;APS;INC;OK;INC000017757797;Priority 3;OK
APS;ETH;APS;INC;OK;INC000017757863;Priority 3;OK
FUN;812;FUN;INC;OK;INC000017758271;Priority 3;OK
FUN;BWI;FUN;INC;OK;INC000017758389;Priority 3;OK
APS;ETH;APS;INC;OK;INC000017758717;Priority 3;OK
APS;ETH;APS;INC;OK;INC000017758821;Priority 3;OK
APS;ETH;APS;INC;OK;INC000017758979;Priority 3;OK
APS;ETH;APS;INC;OK;INC000017759025;Priority 3;OK
FIN;812;FUN;INC;OK;INC000017760027;Priority 4;OK
FUN;812;FUN;INC;OK;INC000017760336;Priority 4;OK
FUN;DXE;FUN;INC;OK;INC000017760554;Priority 3;OK
FUN;DXE;FUN;INC;OK;INC000017760741;Priority 4;OK
FIN;812;FUN;INC;OK;INC000017760971;Priority 4;OK
FIN;812;FUN;INC;OK;INC000017761002;Priority 4;OK
FUN;812;FUN;INC;OK;INC000017761073;Priority 3;OK
FIN;812;FUN;INC;OK;INC000017761074;Priority 4;OK
FIN;812;FUN;INC;OK;INC000017761202;Priority 4;OK
FUN;812;FUN;INC;OK;INC000017761343;Priority 4;OK
FUN;BWI;FUN;INC;OK;INC000017761346;Priority 4;OK
FUN;812;FUN;INC;OK;INC000017761408;Priority 4;OK
FUN;812;FUN;INC;OK;INC000017761442;Priority 4;OK
FIN;812;FUN;INC;OK;INC000017761835;Priority 4;OK
SEC;812;SEC;INC;OK;INC000017762343;Priority 3;OK
FIN;812;FUN;INC;OK;INC000017762457;Priority 4;OK
SEC;SYN;SEC;INC;OK;INC000017762518;Priority 4;OK
FUN;812;FUN;INC;OK;INC000017762716;Priority 4;OK
SEC;ETH;SEC;INC;OK;INC000017762969;Priority 4;OK
APS;ETH;APS;INC;OK;INC000017763755;Priority 3;OK
APS;ETH;APS;INC;OK;INC000017763757;Priority 3;OK
APS;ETH;APS;INC;OK;INC000017763763;Priority 3;OK
APS;ETH;APS;INC;OK;INC000017763818;Priority 3;OK
OPS;EMS;OPS;INC;OK;INC000017764690;Priority 4;OK
APS;EES;APS;INC;OK;INC000017764823;Priority 3;OK
FUN;BWI;FUN;INC;OK;INC000017765507;Priority 4;OK
FUN;812;FUN;INC;OK;INC000017765634;Priority 4;OK
FUN;DXE;FUN;INC;OK;INC000017765956;Priority 4;OK
FIN;812;FUN;INC;OK;INC000017765963;Priority 4;OK
FIN;812;FUN;INC;OK;INC000017766076;Priority 4;OK
FIN;812;FUN;INC;OK;INC000017766329;Priority 3;OK
SEC;812;SEC;INC;OK;INC000017766447;Priority 3;OK
FUN;812;FUN;INC;OK;INC000017767074;Priority 4;OK
DBA;812;DBA;INC;OK;INC000017767404;Priority 4;OK
SEC;SYN;SEC;INC;OK;INC000017767514;Priority 3;OK
FUN;812;FUN;INC;OK;INC000017767892;Priority 4;OK
FIN;812;FUN;INC;OK;INC000017768054;Priority 4;OK
FIN;812;FUN;INC;OK;INC000017768060;Priority 4;OK
SEC;SYN;SEC;INC;OK;INC000017768342;Priority 4;OK
APS;ETH;APS;INC;OK;INC000017768386;Priority 3;OK
APS;ETH;APS;INC;OK;INC000017769055;Priority 3;OK
TEC;SYN;FUN;INC;OK;INC000017769683;Priority 3;OK
APS;EES;APS;INC;OK;INC000017770517;Priority 4;OK
APS;ETH;APS;INC;OK;INC000017770539;Priority 3;OK
APS;ETH;APS;INC;OK;INC000017770590;Priority 3;OK
APS;ETH;APS;INC;OK;INC000017770602;Priority 3;OK
SCH;LAT;SCH;INC;OK;INC000017770892;Priority 3;OK
FUN;812;FUN;INC;OK;INC000017771336;Priority 4;OK
OPS;EMS;OPS;INC;OK;INC000017771937;Priority 4;OK
APS;ETH;APS;INC;OK;INC000017772555;Priority 3;OK
FUN;BWI;FUN;INC;OK;INC000017773329;Priority 4;OK
FUN;BWI;FUN;INC;OK;INC000017773392;Priority 3;OK
FUN;812;FUN;INC;OK;INC000017774123;Priority 3;OK
APS;ETH;APS;INC;OK;INC000017774213;Priority 3;OK
APS;ETH;APS;INC;OK;INC000017774219;Priority 3;OK
APS;ETH;APS;INC;OK;INC000017774222;Priority 3;OK
APS;ETH;APS;INC;OK;INC000017774275;Priority 3;OK
L1;BWI;L1 ;INC;OK;INC000017775141;Priority 3;OK
OPS;EMS;OPS;INC;OK;INC000017775238;Priority 3;OK
L1;BWI;L1 ;INC;OK;INC000017775741;Priority 4;OK
APS;ETH;APS;INC;OK;INC000017775940;Priority 3;OK
APS;ETH;APS;INC;OK;INC000017776121;Priority 3;OK
FUN;ETH;FUN;INC;OK;INC000017776180;Priority 3;OK
APS;ETH;APS;INC;OK;INC000017776635;Priority 3;OK
APS;EES;APS;INC;OK;INC000017776722;Priority 3;OK
APS;ETH;APS;INC;OK;INC000017777098;Priority 3;OK
APS;ETH;APS;INC;OK;INC000017777886;Priority 3;OK
OPS;EMS;OPS;INC;OK;INC000017778906;Priority 3;OK
OPS;EMS;OPS;INC;OK;INC000017779293;Priority 3;OK
SEC;DXE;SEC;INC;OK;INC000017779940;Priority 4;OK
FUN;812;FUN;INC;OK;INC000017779959;Priority 4;OK
FUN;812;FUN;INC;OK;INC000017780205;Priority 3;OK
OPS;EMS;OPS;INC;OK;INC000017780237;Priority 4;OK
FIN;812;FUN;INC;OK;INC000017780394;Priority 4;OK
FUN;DXE;FUN;INC;OK;INC000017780572;Priority 4;OK
SEC;SYN;SEC;INC;OK;INC000017781276;Priority 4;OK
FUN;812;FUN;INC;OK;INC000017781672;Priority 4;OK
SEC;SYN;SEC;INC;OK;INC000017782264;Priority 4;OK
APS;ETH;APS;INC;OK;INC000017782433;Priority 3;OK
FUN;812;FUN;INC;OK;INC000017782477;Priority 4;OK
FUN;MNT;FUN;INC;OK;INC000017783003;Priority 3;OK
APS;ETH;APS;INC;OK;INC000017783314;Priority 3;OK
APS;ETH;APS;INC;OK;INC000017783315;Priority 3;OK
L1;MNT;MON;INC;OK;INC000017784799;Priority 4;OK
CNC;MNT;MON;INC;OK;INC000017785225;Priority 4;OK
DCF;DCF;FUN;INC;OK;INC000017785363;Priority 3;OK
FUN;812;FUN;INC;OK;INC000017786319;Priority 3;OK
FIN;812;FUN;INC;OK;INC000017787218;Priority 4;OK
L1;812;MON;INC;OK;INC000017787877;Priority 4;OK
APS;ETH;APS;INC;OK;INC000017788426;Priority 3;OK
APS;ETH;APS;INC;OK;INC000017789108;Priority 3;OK
APS;ETH;APS;INC;OK;INC000017789111;Priority 3;OK
APS;ETH;APS;INC;OK;INC000017789159;Priority 3;OK
FUN;BWI;FUN;INC;OK;INC000017789243;Priority 4;OK
APS;EES;APS;INC;OK;INC000017789881;Priority 3;OK
APS;ETH;APS;INC;OK;INC000017790490;Priority 3;OK
CNC;MNT;MON;INC;OK;INC000017790723;Priority 4;OK
SEC;EMS;SEC;INC;OK;INC000017790728;Priority 3;OK
SEC;CAN;SEC;INC;OK;INC000017791057;Priority 4;OK
OPS;EMS;OPS;INC;OK;INC000017791817;Priority 3;OK
SEC;SYN;SEC;INC;OK;INC000017792499;Priority 4;OK
APS;ETH;APS;INC;OK;INC000017793909;Priority 3;OK
APS;ETH;APS;INC;OK;INC000017794728;Priority 3;OK
APS;ETH;APS;INC;OK;INC000017794729;Priority 3;OK
APS;ETH;APS;INC;OK;INC000017794734;Priority 3;OK
APS;ETH;APS;INC;OK;INC000017794736;Priority 3;OK
APS;ETH;APS;INC;OK;INC000017794791;Priority 3;OK
OPS;EMS;OPS;INC;OK;INC000017809043;Priority 4;OK
FUN;812;FUN;INC;OK;INC000017809410;Priority 4;OK
FIN;812;FUN;INC;OK;INC000017810340;Priority 4;OK
EES;EES;FUN;INC;Defect;INC000017810612;Priority 4;OK
FUN;812;FUN;INC;OK;INC000017810819;Priority 4;OK
FIN;MNT;FUN;INC;OK;INC000017811444;Priority 4;OK
OPS;EMS;OPS;INC;OK;INC000017812479;Priority 4;OK
FUN;812;FUN;INC;OK;INC000017813095;Priority 4;OK
FUN;812;FUN;INC;OK;INC000017813103;Priority 4;OK
APS;DCF;APS;INC;OK;INC000017813111;Priority 3;OK
FUN;812;FUN;INC;OK;INC000017813113;Priority 4;OK
FUN;812;FUN;INC;OK;INC000017813286;Priority 4;OK
FUN;812;FUN;INC;OK;INC000017813387;Priority 3;OK
FUN;DXE;FUN;INC;OK;INC000017813429;Priority 4;OK
FIN;812;FUN;INC;OK;INC000017813449;Priority 4;OK
FUN;WS ;FUN;INC;OK;INC000017813487;Priority 3;OK
TEC;DCF;FUN;INC;OK;INC000017813670;Priority 3;OK
FIN;812;FUN;INC;OK;INC000017813682;Priority 4;OK
FUN;812;FUN;INC;OK;INC000017813702;Priority 3;OK
APS;DCF;APS;INC;OK;INC000017813723;Priority 4;OK
FIN;812;FUN;INC;OK;INC000017813868;Priority 4;OK
FIN;812;FUN;INC;OK;INC000017813932;Priority 4;OK
FIN;812;FUN;INC;OK;INC000017813947;Priority 4;OK
FUN;812;FUN;INC;OK;INC000017813995;Priority 3;OK
FIN;812;FUN;INC;OK;INC000017814082;Priority 4;OK
FIN;812;FUN;INC;OK;INC000017814106;Priority 4;OK
FIN;812;FUN;INC;OK;INC000017814237;Priority 4;OK
FUN;812;FUN;INC;OK;INC000017814248;Priority 4;OK
FIN;MNT;FUN;INC;OK;INC000017814289;Priority 3;OK
FIN;812;FUN;INC;OK;INC000017814429;Priority 3;OK
L1;MNT;MON;INC;OK;INC000017814839;Priority 4;OK
SEC;SYN;SEC;INC;OK;INC000017815032;Priority 4;OK
APS;ETH;APS;INC;OK;INC000017815040;Priority 3;OK
APS;ETH;APS;INC;OK;INC000017815074;Priority 3;OK
FUN;ETH;FUN;INC;OK;INC000017815101;Priority 4;OK
APS;ETH;APS;INC;OK;INC000017815523;Priority 3;OK
FUN;EMS;FUN;INC;OK;INC000017816191;Priority 3;OK
FUN;812;FUN;INC;OK;INC000017816505;Priority 4;OK
FIN;812;FUN;INC;OK;INC000017816564;Priority 4;OK
SEC;SYN;SEC;INC;OK;INC000017816708;Priority 3;OK
FIN;812;FUN;INC;OK;INC000017816935;Priority 4;OK
FUN;812;FUN;INC;OK;INC000017817305;Priority 3;OK
FIN;812;FUN;INC;OK;INC000017817784;Priority 4;OK
FIN;BWI;FUN;INC;OK;INC000017817792;Priority 3;OK
FIN;812;FUN;INC;OK;INC000017817879;Priority 4;OK
APS;ETH;APS;INC;OK;INC000017818017;Priority 3;OK
FUN;ETH;FUN;INC;OK;INC000017818322;Priority 3;OK
SEC;SYN;SEC;INC;OK;INC000017818344;Priority 3;OK
APS;ETH;APS;INC;OK;INC000017818429;Priority 3;OK
APS;ETH;APS;INC;OK;INC000017818456;Priority 3;OK
FUN;ETH;FUN;INC;OK;INC000017818465;Priority 3;OK
TEC;SYN;FUN;INC;OK;INC000017818966;Priority 3;OK
OPS;EMS;OPS;INC;Defect;INC000017819382;Priority 3;OK
FIN;812;FUN;INC;OK;INC000017820141;Priority 4;OK
FIN;812;FUN;INC;OK;INC000017820146;Priority 4;OK
FIN;812;FUN;INC;OK;INC000017820171;Priority 4;OK
FIN;DXE;FUN;INC;OK;INC000017820323;Priority 3;OK
FIN;812;FUN;INC;OK;INC000017820348;Priority 4;OK
TEC;DCF;FUN;INC;OK;INC000017820423;Priority 3;OK
FIN;812;FUN;INC;OK;INC000017820687;Priority 4;OK
FUN;DXE;FUN;INC;OK;INC000017820715;Priority 4;OK
FIN;812;FUN;INC;OK;INC000017820719;Priority 4;OK
FIN;812;FUN;INC;OK;INC000017820773;Priority 4;OK
FUN;812;FUN;INC;OK;INC000017820893;Priority 4;OK
APS;ETH;APS;INC;OK;INC000017821066;Priority 3;OK
FUN;812;FUN;INC;OK;INC000017821119;Priority 4;OK
FIN;812;FUN;INC;OK;INC000017821318;Priority 4;OK
FIN;812;FUN;INC;OK;INC000017821436;Priority 3;OK
APS;ETH;APS;INC;OK;INC000017821447;Priority 3;OK
APS;ETH;APS;INC;OK;INC000017821454;Priority 3;OK
APS;ETH;APS;INC;OK;INC000017821482;Priority 3;OK
APS;ETH;APS;INC;OK;INC000017821483;Priority 3;OK
APS;ETH;APS;INC;OK;INC000017821484;Priority 3;OK
FIN;812;FUN;INC;OK;INC000017821485;Priority 4;OK
FIN;812;FUN;INC;OK;INC000017821505;Priority 4;OK
OPS;EMS;OPS;INC;Defect;INC000017822306;Priority 3;OK
APS;ETH;APS;INC;OK;INC000017823025;Priority 3;OK
APS;EES;APS;INC;OK;INC000017823030;Priority 3;OK
APS;DCF;APS;INC;OK;INC000017823371;Priority 3;OK
OPS;EMS;OPS;INC;OK;INC000017823642;Priority 4;OK
APS;ETH;APS;INC;OK;INC000017823767;Priority 3;OK
APS;ETH;APS;INC;OK;INC000017824124;Priority 3;OK
APS;ETH;APS;INC;OK;INC000017824244;Priority 3;OK
SCH;LAT;SCH;INC;OK;INC000017824436;Priority 3;OK
SCH;LAT;SCH;INC;OK;INC000017824437;Priority 3;OK
SCH;LAT;SCH;INC;OK;INC000017824438;Priority 3;OK
SCH;LAT;SCH;INC;OK;INC000017824439;Priority 3;OK
APS;ETH;APS;INC;OK;INC000017824448;Priority 3;OK
APS;ETH;APS;INC;OK;INC000017825482;Priority 3;OK
APS;ETH;APS;INC;OK;INC000017825483;Priority 3;OK
APS;ETH;APS;INC;OK;INC000017825498;Priority 3;OK
APS;ETH;APS;INC;OK;INC000017825499;Priority 3;OK
APS;ETH;APS;INC;OK;INC000017826296;Priority 3;OK
SEC;DXE;SEC;INC;OK;INC000017828132;Priority 4;OK
FIN;812;FUN;INC;OK;INC000017828230;Priority 4;OK
L1;MNT;MON;INC;OK;INC000017828744;Priority 4;OK
APS;ETH;APS;INC;OK;INC000017829259;Priority 3;OK
APS;ETH;APS;INC;OK;INC000017829605;Priority 4;OK
FIN;812;FUN;INC;OK;INC000017829676;Priority 4;OK
DBA;812;DBA;INC;OK;INC000017829678;Priority 4;OK
FUN;BWI;FUN;INC;OK;INC000017830591;Priority 4;OK
SEC;SYN;SEC;INC;Defect;INC000017830642;Priority 3;OK
APS;ETH;APS;INC;OK;INC000017831467;Priority 3;OK
APS;ETH;APS;INC;OK;INC000017831472;Priority 3;OK
APS;ETH;APS;INC;OK;INC000017831473;Priority 3;OK
APS;ETH;APS;INC;OK;INC000017831474;Priority 3;OK
APS;ETH;APS;INC;OK;INC000017831475;Priority 3;OK
APS;ETH;APS;INC;OK;INC000017831545;Priority 3;OK
APS;ETH;APS;INC;OK;INC000017831546;Priority 3;OK
FUN;812;FUN;INC;OK;INC000017832119;Priority 3;OK
TEC;SYN;FUN;INC;OK;INC000017832605;Priority 3;OK
APS;ETH;APS;INC;OK;INC000017832867;Priority 3;OK
FIN;812;FUN;INC;OK;INC000017834357;Priority 4;OK
SEC;SYN;SEC;INC;OK;INC000017834798;Priority 4;OK
FUN;812;FUN;INC;OK;INC000017834878;Priority 3;OK
FUN;812;FUN;INC;OK;INC000017834939;Priority 3;OK
TEC;DCF;FUN;INC;OK;INC000017835046;Priority 3;OK
FUN;BWI;FUN;INC;OK;INC000017835176;Priority 4;OK
FIN;BWI;FUN;INC;OK;INC000017835588;Priority 4;OK
TEC;ETH;TEC;INC;OK;INC000017835668;Priority 3;OK
SEC;SYN;SEC;INC;OK;INC000017835838;Priority 3;OK
SEC;SYN;SEC;INC;OK;INC000017835856;Priority 4;OK
FUN;812;FUN;INC;OK;INC000017835947;Priority 4;OK
FIN;812;FUN;INC;OK;INC000017835966;Priority 4;OK
FUN;EMS;FUN;INC;OK;INC000017836121;Priority 4;OK
SEC;SYN;SEC;INC;OK;INC000017836267;Priority 4;OK
FUN;812;FUN;INC;OK;INC000017836606;Priority 4;OK
L1;MNT;MON;INC;OK;INC000017836616;Priority 4;OK
APS;ETH;APS;INC;OK;INC000017836634;Priority 3;OK
FIN;812;FUN;INC;OK;INC000017837063;Priority 4;OK
APS;ETH;APS;INC;OK;INC000017837177;Priority 3;OK
APS;DCF;APS;INC;OK;INC000017837316;Priority 3;OK
FUN;BWI;FUN;INC;OK;INC000017837438;Priority 3;OK
APS;ETH;APS;INC;OK;INC000017837738;Priority 3;OK
TEC;SYN;FUN;INC;OK;INC000017837968;Priority 3;OK
SEC;SYN;SEC;INC;Defect;INC000017838066;Priority 3;OK
APS;ETH;APS;INC;OK;INC000017838178;Priority 3;OK
APS;ETH;APS;INC;OK;INC000017838179;Priority 3;OK
APS;ETH;APS;INC;OK;INC000017838184;Priority 3;OK
APS;ETH;APS;INC;OK;INC000017838277;Priority 3;OK
APS;ETH;APS;INC;OK;INC000017838278;Priority 3;OK
APS;ETH;APS;INC;OK;INC000017838279;Priority 3;OK
SEC;SYN;SEC;INC;OK;INC000017838532;Priority 4;OK
APS;ETH;APS;INC;OK;INC000017838925;Priority 3;OK
APS;EES;APS;INC;OK;INC000017839368;Priority 3;OK
L1;812;MON;INC;OK;INC000017840538;Priority 3;OK
SEC;SYN;SEC;INC;OK;INC000017841052;Priority 3;OK
TEC;SYN;FUN;INC;OK;INC000017841296;Priority 3;OK
APS;DCF;APS;INC;OK;INC000017841307;Priority 4;OK
FUN;812;FUN;INC;OK;INC000017841517;Priority 4;OK
FUN;812;FUN;INC;Defect;INC000017841571;Priority 4;OK
SEC;812;SEC;INC;OK;INC000017841969;Priority 4;OK
FUN;812;FUN;INC;OK;INC000017842042;Priority 3;OK
TEC;DCF;FUN;INC;OK;INC000017842059;Priority 3;OK
DCF;DCF;FUN;INC;OK;INC000017842069;Priority 3;OK
FIN;812;FUN;INC;OK;INC000017842089;Priority 4;OK
FUN;812;FUN;INC;OK;INC000017842144;Priority 4;OK
FIN;812;FUN;INC;OK;INC000017842896;Priority 4;OK
FUN;ETH;FUN;INC;OK;INC000017843408;Priority 4;OK
DCF;DCF;FUN;INC;Defect;INC000017843598;Priority 3;OK
SEC;SYN;SEC;INC;OK;INC000017843711;Priority 4;OK
SEC;SYN;SEC;INC;OK;INC000017844392;Priority 4;OK
FIN;MNT;FUN;INC;OK;INC000017844405;Priority 4;OK
APS;ETH;APS;INC;OK;INC000017844557;Priority 3;OK
APS;ETH;APS;INC;OK;INC000017844560;Priority 3;OK
APS;ETH;APS;INC;OK;INC000017844561;Priority 3;OK
APS;ETH;APS;INC;OK;INC000017844625;Priority 3;OK
FUN;812;FUN;INC;OK;INC000017846884;Priority 4;OK
CNC;MNT;MON;INC;OK;INC000017846976;Priority 4;OK
TEC;ETH;TEC;INC;OK;INC000017847604;Priority 3;OK
FUN;812;FUN;INC;OK;INC000017847672;Priority 4;OK
FUN;BWI;FUN;INC;OK;INC000017847697;Priority 4;OK
FUN;EES;FUN;INC;OK;INC000017848140;Priority 4;OK
FIN;812;FUN;INC;OK;INC000017848159;Priority 4;OK
FIN;812;FUN;INC;OK;INC000017848392;Priority 4;OK
FUN;812;FUN;INC;OK;INC000017848686;Priority 4;OK
SEC;SYN;SEC;INC;OK;INC000017849777;Priority 3;OK
APS;ETH;APS;INC;OK;INC000017849980;Priority 3;OK
APS;ETH;APS;INC;OK;INC000017849982;Priority 3;OK
FUN;812;FUN;INC;OK;INC000017850161;Priority 4;OK
APS;ETH;APS;INC;OK;INC000017851401;Priority 3;OK
APS;ETH;APS;INC;OK;INC000017852247;Priority 3;OK
DCF;DCF;FUN;INC;OK;INC000017852424;Priority 3;OK
APS;ETH;APS;INC;OK;INC000017853085;Priority 3;OK
APS;ETH;APS;INC;OK;INC000017853326;Priority 3;OK
OPS;EMS;OPS;INC;OK;INC000017853454;Priority 3;OK
TEC;ETH;TEC;INC;OK;INC000017854536;Priority 3;OK
SEC;812;SEC;INC;OK;INC000017854727;Priority 4;OK
FUN;812;FUN;INC;OK;INC000017855090;Priority 4;OK
L1;812;MON;INC;OK;INC000017855158;Priority 4;OK
DCF;DCF;FUN;INC;OK;INC000017855523;Priority 4;OK
FIN;812;FUN;INC;OK;INC000017855729;Priority 4;OK
CNC;812;MON;INC;OK;INC000017855894;Priority 4;OK
FIN;812;FUN;INC;OK;INC000017855995;Priority 4;OK
FUN;DXE;FUN;INC;OK;INC000017856018;Priority 4;OK
FIN;812;FUN;INC;OK;INC000017856443;Priority 3;OK
FUN;812;FUN;INC;OK;INC000017856561;Priority 4;OK
FUN;812;FUN;INC;OK;INC000017856594;Priority 4;OK
FUN;812;FUN;INC;OK;INC000017856619;Priority 4;OK
SEC;SYN;SEC;INC;OK;INC000017856789;Priority 4;OK
FIN;812;FUN;INC;OK;INC000017857255;Priority 4;OK
FUN;EES;FUN;INC;OK;INC000017857290;Priority 4;OK
CNC;812;MON;INC;OK;INC000017857486;Priority 4;OK
FUN;812;FUN;INC;OK;INC000017857554;Priority 4;OK
FUN;ETH;FUN;INC;OK;INC000017857579;Priority 4;OK
FUN;812;FUN;INC;OK;INC000017857767;Priority 3;OK
FIN;BWI;FUN;INC;OK;INC000017858109;Priority 4;OK
SEC;SYN;SEC;INC;OK;INC000017859751;Priority 4;OK
APS;ETH;APS;INC;OK;INC000017859769;Priority 3;OK
APS;ETH;APS;INC;OK;INC000017859770;Priority 3;OK
APS;ETH;APS;INC;OK;INC000017859850;Priority 3;OK
SEC;SYN;SEC;INC;OK;INC000017860019;Priority 4;OK
TEC;SYN;FUN;INC;OK;INC000017860930;Priority 3;OK
APS;ETH;APS;INC;OK;INC000017861570;Priority 3;OK
DCF;DCF;FUN;INC;OK;INC000017862437;Priority 4;OK
FIN;812;FUN;INC;OK;INC000017862822;Priority 4;OK
FUN;812;FUN;INC;OK;INC000017862889;Priority 4;OK
FUN;812;FUN;INC;Defect;INC000017862954;Priority 4;OK
FUN;812;FUN;INC;OK;INC000017863249;Priority 4;OK
FUN;812;FUN;INC;OK;INC000017863472;Priority 3;OK
TEC;ETH;TEC;INC;OK;INC000017863734;Priority 3;OK
DCF;DCF;FUN;INC;OK;INC000017863839;Priority 3;OK
SEC;SYN;SEC;INC;OK;INC000017864726;Priority 4;OK
SEC;SYN;SEC;INC;OK;INC000017864749;Priority 3;OK
SEC;SYN;SEC;INC;OK;INC000017864753;Priority 4;OK
FUN;ETH;FUN;INC;OK;INC000017865156;Priority 3;OK
TEC;SYN;FUN;INC;OK;INC000017865202;Priority 3;OK
FIN;812;FUN;INC;OK;INC000017865219;Priority 3;OK
FIN;812;FUN;INC;OK;INC000017865775;Priority 4;OK
SEC;SYN;SEC;INC;OK;INC000017865818;Priority 3;OK
SCH;BWI;SCH;INC;OK;INC000017866010;Priority 4;OK
APS;ETH;APS;INC;OK;INC000017866098;Priority 3;OK
TEC;SYN;FUN;INC;OK;INC000017866370;Priority 4;OK
APS;ETH;APS;INC;OK;INC000017867077;Priority 3;OK
APS;ETH;APS;INC;OK;INC000017867086;Priority 3;OK
APS;ETH;APS;INC;OK;INC000017867154;Priority 3;OK
FUN;BWI;FUN;INC;OK;INC000017868050;Priority 3;OK
APS;EES;APS;INC;OK;INC000017868248;Priority 3;OK
APS;ETH;APS;INC;OK;INC000017868699;Priority 3;OK
APS;ETH;APS;INC;OK;INC000017868880;Priority 3;OK
FUN;812;FUN;INC;OK;INC000017869432;Priority 4;OK
FUN;812;FUN;INC;OK;INC000017870138;Priority 3;OK
FIN;812;FUN;INC;OK;INC000017870884;Priority 4;OK
EES;EES;FUN;INC;Defect;INC000017871875;Priority 4;OK
SEC;SYN;SEC;INC;OK;INC000017872153;Priority 3;OK
FUN;DXE;FUN;INC;OK;INC000017872408;Priority 4;OK
SEC;SYN;SEC;INC;OK;INC000017872643;Priority 3;OK
FUN;812;FUN;INC;OK;INC000017872840;Priority 3;OK
FIN;812;FUN;INC;OK;INC000017872957;Priority 4;OK
FUN;812;FUN;INC;OK;INC000017873579;Priority 4;OK
APS;ETH;APS;INC;OK;INC000017874158;Priority 3;OK
APS;ETH;APS;INC;OK;INC000017874164;Priority 3;OK
APS;ETH;APS;INC;OK;INC000017874165;Priority 3;OK
APS;ETH;APS;INC;OK;INC000017874168;Priority 3;OK
DCF;DCF;FUN;INC;OK;INC000017874185;Priority 4;OK
TEC;SYN;FUN;INC;OK;INC000017874254;Priority 3;OK
DBA;812;DBA;INC;OK;INC000017875755;Priority 4;OK
APS;ETH;APS;INC;OK;INC000017875872;Priority 3;OK
APS;EES;APS;INC;OK;INC000017877110;Priority 3;OK
APS;EES;APS;INC;OK;INC000017877500;Priority 3;OK
FIN;DXE;FUN;INC;OK;INC000017877660;Priority 3;OK
FIN;812;FUN;INC;OK;INC000017877856;Priority 4;OK
TEC;DCF;FUN;INC;OK;INC000017877956;Priority 3;OK
FIN;812;FUN;INC;OK;INC000017878168;Priority 4;OK
FUN;812;FUN;INC;OK;INC000017878465;Priority 4;OK
FUN;812;FUN;INC;OK;INC000017878647;Priority 4;OK
FIN;812;FUN;INC;OK;INC000017878809;Priority 4;OK
DCF;DCF;FUN;INC;Defect;INC000017879198;Priority 3;OK
FUN;812;FUN;INC;OK;INC000017879583;Priority 4;OK
DCF;DCF;FUN;INC;OK;INC000017879636;Priority 4;OK
L1;MNT;MON;INC;OK;INC000017879706;Priority 4;OK
APS;ETH;APS;INC;OK;INC000017880067;Priority 3;OK
SEC;SYN;SEC;INC;OK;INC000017880096;Priority 4;OK
L1;MNT;MON;INC;OK;INC000017880357;Priority 4;OK
FUN;ETH;FUN;INC;OK;INC000017880433;Priority 4;OK
APS;ETH;APS;INC;OK;INC000017880790;Priority 3;OK
APS;ETH;APS;INC;OK;INC000017880800;Priority 3;OK
SEC;SYN;SEC;INC;OK;INC000017880943;Priority 3;OK
SEC;SYN;SEC;INC;OK;INC000017881172;Priority 3;OK
APS;ETH;APS;INC;OK;INC000017881778;Priority 3;OK
TEC;BWI;TEC;INC;OK;INC000017881807;Priority 4;OK
APS;ETH;APS;INC;OK;INC000017882103;Priority 3;OK
L1;BWI;MON;INC;OK;INC000017882709;Priority 4;OK
L1;BWI;MON;INC;OK;INC000017882721;Priority 3;OK
FUN;812;FUN;INC;OK;INC000017883426;Priority 4;OK
FIN;812;FUN;INC;OK;INC000017883442;Priority 4;OK
FUN;812;FUN;INC;OK;INC000017883509;Priority 3;OK
OPS;EMS;OPS;INC;OK;INC000017884102;Priority 3;OK
FUN;812;FUN;INC;OK;INC000017884164;Priority 4;OK
FUN;BWI;FUN;INC;OK;INC000017884234;Priority 4;OK
TEC;DCF;FUN;INC;OK;INC000017884469;Priority 3;OK
FUN;812;FUN;INC;OK;INC000017884492;Priority 4;OK
FUN;812;FUN;INC;OK;INC000017884942;Priority 3;OK
DCF;DCF;FUN;INC;OK;INC000017885131;Priority 4;OK
FIN;812;FUN;INC;OK;INC000017885132;Priority 4;OK
TEC;SYN;FUN;INC;Defect;INC000017885526;Priority 3;OK
SEC;SYN;SEC;INC;OK;INC000017886281;Priority 4;OK
TEC;ETH;TEC;INC;OK;INC000017886295;Priority 4;OK
APS;ETH;APS;INC;OK;INC000017886682;Priority 3;OK
FUN;MNT;FUN;INC;OK;INC000017886963;Priority 4;OK
SEC;SYN;SEC;INC;OK;INC000017887546;Priority 4;OK
OPS;EMS;OPS;INC;OK;INC000017888137;Priority 3;OK
FUN;MNT;FUN;INC;OK;INC000017888706;Priority 3;OK
FUN;MNT;FUN;INC;OK;INC000017890182;Priority 3;OK
FUN;MNT;FUN;INC;OK;INC000017890265;Priority 3;OK
OPS;EMS;OPS;INC;OK;INC000017890487;Priority 3;OK
OPS;EMS;OPS;INC;OK;INC000017890631;Priority 3;OK
L1;812;MON;INC;OK;INC000017891346;Priority 4;OK
APS;ETH;APS;INC;OK;INC000017891616;Priority 3;OK
APS;EES;APS;INC;OK;INC000017892353;Priority 3;OK
FIN;812;FUN;INC;OK;INC000017892470;Priority 4;OK
FUN;EMS;FUN;INC;OK;INC000017892495;Priority 4;OK
FUN;812;FUN;INC;OK;INC000017892658;Priority 4;OK
FIN;812;FUN;INC;OK;INC000017892848;Priority 4;OK
FIN;812;FUN;INC;OK;INC000017892896;Priority 4;OK
FIN;812;FUN;INC;OK;INC000017892994;Priority 4;OK
FUN;812;FUN;INC;OK;INC000017893217;Priority 4;OK
CNC;812;MON;INC;OK;INC000017893443;Priority 4;OK
FUN;812;FUN;INC;OK;INC000017893538;Priority 4;OK
APS;EES;APS;INC;OK;INC000017893741;Priority 3;OK
FIN;812;FUN;INC;OK;INC000017894440;Priority 4;OK
SEC;SYN;SEC;INC;OK;INC000017894809;Priority 4;OK
FIN;812;FUN;INC;OK;INC000017895187;Priority 4;OK
FUN;812;FUN;INC;OK;INC000017895292;Priority 3;OK
TEC;SYN;FUN;INC;OK;INC000017895379;Priority 3;OK
FUN;ETH;FUN;INC;OK;INC000017895611;Priority 3;OK
CNC;BWI;MON;INC;OK;INC000017896534;Priority 3;OK
APS;ETH;APS;INC;OK;INC000017896661;Priority 3;OK
APS;ETH;APS;INC;OK;INC000017896663;Priority 3;OK
APS;ETH;APS;INC;OK;INC000017896669;Priority 3;OK
APS;ETH;APS;INC;OK;INC000017896671;Priority 3;OK
DCF;DCF;FUN;INC;OK;INC000017896749;Priority 3;OK
FIN;MNT;FUN;INC;Defect;INC000017896809;Priority 4;OK
FUN;BWI;FUN;INC;OK;INC000017897635;Priority 3;OK
APS;ETH;APS;INC;OK;INC000017897655;Priority 3;OK
APS;ETH;APS;INC;OK;INC000017897996;Priority 3;OK
APS;ETH;APS;INC;OK;INC000017898332;Priority 3;OK
FUN;812;FUN;INC;OK;INC000017899008;Priority 4;OK
FUN;812;FUN;INC;OK;INC000017899501;Priority 3;OK
FIN;812;FUN;INC;OK;INC000017899593;Priority 4;OK
FUN;WS ;FUN;INC;OK;INC000017899660;Priority 4;OK
FUN;COR;FUN;INC;OK;INC000017899744;Priority 4;OK
FIN;812;FUN;INC;OK;INC000017899933;Priority 4;OK
TEC;ETH;TEC;INC;OK;INC000017900254;Priority 3;OK
FUN;ETH;FUN;INC;OK;INC000017900337;Priority 3;OK
TEC;BWI;TEC;INC;OK;INC000017900614;Priority 4;OK
FIN;812;FUN;INC;Defect;INC000017900670;Priority 4;OK
DBA;812;DBA;INC;OK;INC000017900684;Priority 3;OK
FIN;812;FUN;INC;OK;INC000017900736;Priority 4;OK
SEC;812;SEC;INC;OK;INC000017900915;Priority 4;OK
FIN;812;FUN;INC;Defect;INC000017901049;Priority 4;OK
SEC;812;SEC;INC;OK;INC000017901174;Priority 4;OK
SEC;SYN;SEC;INC;OK;INC000017901306;Priority 3;OK
TEC;DCF;FUN;INC;OK;INC000017901471;Priority 3;OK
DCF;DCF;FUN;INC;OK;INC000017901564;Priority 4;OK
SEC;SYN;SEC;INC;OK;INC000017901705;Priority 3;OK
FIN;812;FUN;INC;OK;INC000017902070;Priority 4;OK
SEC;SYN;SEC;INC;OK;INC000017902217;Priority 4;OK
SEC;SYN;SEC;INC;OK;INC000017902675;Priority 4;OK
SEC;SYN;SEC;INC;OK;INC000017902897;Priority 4;OK
APS;ETH;APS;INC;OK;INC000017903254;Priority 3;OK
APS;ETH;APS;INC;OK;INC000017903255;Priority 3;OK
APS;ETH;APS;INC;OK;INC000017903256;Priority 3;OK
TEC;SYN;FUN;INC;OK;INC000017903553;Priority 3;OK
TEC;ETH;TEC;INC;Defect;INC000017903617;Priority 4;OK
FUN;ETH;FUN;INC;OK;INC000017903729;Priority 4;OK
APS;ETH;APS;INC;OK;INC000017904424;Priority 3;OK
APS;ETH;APS;INC;OK;INC000017904652;Priority 3;OK
FUN;812;FUN;INC;OK;INC000017905843;Priority 3;OK
FUN;812;FUN;INC;OK;INC000017906173;Priority 3;OK
FUN;812;FUN;INC;OK;INC000017906444;Priority 4;OK
FIN;812;FUN;INC;OK;INC000017906607;Priority 4;OK
FIN;812;FUN;INC;OK;INC000017906633;Priority 4;OK
FIN;812;FUN;INC;OK;INC000017906652;Priority 4;OK
DBA;812;DBA;INC;OK;INC000017906679;Priority 4;OK
APS;ETH;APS;INC;OK;INC000017906718;Priority 3;OK
FIN;812;FUN;INC;OK;INC000017906824;Priority 4;OK
L1;MNT;MON;INC;OK;INC000017906878;Priority 3;OK
FIN;812;FUN;INC;OK;INC000017907604;Priority 3;OK
FUN;BWI;FUN;INC;OK;INC000017907676;Priority 3;OK
FUN;812;FUN;INC;OK;INC000017908426;Priority 4;OK
APS;ETH;APS;INC;OK;INC000017909366;Priority 3;OK
APS;ETH;APS;INC;OK;INC000017909375;Priority 3;OK
TEC;BWI;TEC;INC;OK;INC000017909856;Priority 4;OK
SEC;SYN;SEC;INC;OK;INC000017909964;Priority 4;OK
SEC;LAT;SEC;INC;OK;INC000017910071;Priority 4;OK
FUN;BWI;FUN;INC;OK;INC000017910379;Priority 3;OK
TEC;SYN;FUN;INC;OK;INC000017911065;Priority 4;OK
DCF;DCF;FUN;INC;OK;INC000017911815;Priority 3;OK
TEC;SYN;FUN;INC;OK;INC000017913171;Priority 3;OK
TEC;SYN;FUN;INC;OK;INC000017913383;Priority 3;OK
FUN;812;FUN;INC;OK;INC000017913446;Priority 3;OK
FUN;EES;FUN;INC;Defect;INC000017914012;Priority 4;OK
FUN;812;FUN;INC;OK;INC000017914042;Priority 4;OK
SEC;SYN;SEC;INC;OK;INC000017914135;Priority 3;OK
SEC;SYN;SEC;INC;OK;INC000017914584;Priority 3;OK
SEC;SYN;SEC;INC;OK;INC000017914615;Priority 3;OK
FUN;BWI;FUN;INC;OK;INC000017915015;Priority 3;OK
APS;ETH;APS;INC;OK;INC000017915285;Priority 3;OK
APS;ETH;APS;INC;OK;INC000017915292;Priority 3;OK
APS;ETH;APS;INC;OK;INC000017915293;Priority 3;OK
APS;ETH;APS;INC;OK;INC000017915294;Priority 3;OK
L1;BWI;MON;INC;OK;INC000017915965;Priority 4;OK
SEC;SYN;SEC;INC;OK;INC000017916170;Priority 4;OK
APS;ETH;APS;INC;OK;INC000017916650;Priority 3;OK
FUN;DXE;FUN;INC;OK;INC000017917675;Priority 4;OK
OPS;EMS;OPS;INC;OK;INC000017917943;Priority 4;OK
FUN;DXE;FUN;INC;Defect;INC000017918208;Priority 4;OK
OPS;EMS;OPS;INC;OK;INC000017918528;Priority 3;OK
FIN;812;FUN;INC;OK;INC000017918655;Priority 4;OK
FUN;EES;FUN;INC;OK;INC000017918836;Priority 4;OK
FUN;DXE;FUN;INC;OK;INC000017919601;Priority 4;OK
DCF;DCF;FUN;INC;OK;INC000017919607;Priority 4;OK
FIN;812;FUN;INC;OK;INC000017919701;Priority 4;OK
FUN;ETH;FUN;INC;OK;INC000017919992;Priority 3;OK
FUN;BWI;FUN;INC;OK;INC000017920567;Priority 4;OK
DCF;DCF;FUN;INC;OK;INC000017920612;Priority 4;OK
APS;ETH;APS;INC;OK;INC000017920662;Priority 3;OK
TEC;BWI;TEC;INC;OK;INC000017921371;Priority 4;OK
APS;ETH;APS;INC;OK;INC000017923578;Priority 3;OK
APS;ETH;APS;INC;OK;INC000017923843;Priority 3;OK
APS;ETH;APS;INC;OK;INC000017924943;Priority 3;OK
DBA;812;DBA;INC;OK;INC000017925445;Priority 3;OK
FUN;812;FUN;INC;OK;INC000017925727;Priority 4;OK
APS;ETH;APS;INC;OK;INC000017926396;Priority 3;OK
FIN;812;FUN;INC;OK;INC000017926522;Priority 4;OK
SEC;SYN;SEC;INC;OK;INC000017926652;Priority 3;OK
TEC;SYN;FUN;INC;OK;INC000017926675;Priority 4;OK
FIN;812;FUN;INC;OK;INC000017926993;Priority 4;OK
FUN;BWI;FUN;INC;OK;INC000017927012;Priority 4;OK
FUN;812;FUN;INC;OK;INC000017927163;Priority 4;OK
FUN;DXE;FUN;INC;OK;INC000017927176;Priority 4;OK
CNC;BWI;MON;INC;OK;INC000017927319;Priority 4;OK
SEC;SYN;SEC;INC;OK;INC000017927580;Priority 4;OK
FIN;812;FUN;INC;OK;INC000017927591;Priority 4;OK
FUN;ETH;FUN;INC;OK;INC000017927980;Priority 3;OK
APS;ETH;APS;INC;OK;INC000017928147;Priority 4;OK
FUN;EES;FUN;INC;OK;INC000017928213;Priority 4;OK
SEC; WS;OPS;INC;Defect;INC000017928682;Priority 3;OK
FUN;812;FUN;INC;OK;INC000017928689;Priority 3;OK
SEC;SYN;SEC;INC;OK;INC000017929531;Priority 4;OK
APS;ETH;APS;INC;OK;INC000017929669;Priority 3;OK
APS;ETH;APS;INC;OK;INC000017929673;Priority 3;OK
APS;ETH;APS;INC;OK;INC000017929679;Priority 3;OK
APS;ETH;APS;INC;OK;INC000017931019;Priority 3;OK
APS;ETH;APS;INC;OK;INC000017931250;Priority 3;OK
L1;MNT;MON;INC;OK;INC000017931465;Priority 4;OK
L1;MNT;MON;INC;OK;INC000017931473;Priority 4;OK
FIN;812;FUN;INC;OK;INC000017931840;Priority 4;OK
FUN;812;FUN;INC;OK;INC000017932191;Priority 3;OK
FIN;812;FUN;INC;Defect;INC000017932287;Priority 4;OK
FIN;812;FUN;INC;OK;INC000017932435;Priority 4;OK
FUN;812;FUN;INC;OK;INC000017932460;Priority 4;OK
FUN;812;FUN;INC;OK;INC000017932466;Priority 4;OK
FIN;812;FUN;INC;OK;INC000017932640;Priority 4;OK
FUN;812;FUN;INC;OK;INC000017933123;Priority 4;OK
DCF;DCF;FUN;INC;OK;INC000017933349;Priority 3;OK
FIN;BWI;FUN;INC;OK;INC000017933746;Priority 4;OK
FUN;812;FUN;INC;OK;INC000017933766;Priority 4;OK
FUN;812;FUN;INC;OK;INC000017933872;Priority 4;OK
FIN;812;FUN;INC;OK;INC000017934066;Priority 4;OK
ETH;ETH;FUN;INC;OK;INC000017934420;Priority 4;OK
CNC;CRD;MON;INC;OK;INC000017934555;Priority 4;OK
SEC;SYN;SEC;INC;OK;INC000017934789;Priority 4;OK
SEC;SYN;SEC;INC;OK;INC000017934820;Priority 4;OK
FUN;812;FUN;INC;OK;INC000017934830;Priority 3;OK
FUN;BWI;FUN;INC;OK;INC000017935761;Priority 3;OK
TEC;SYN;FUN;INC;Defect;INC000017935838;Priority 3;OK
FUN;BWI;FUN;INC;OK;INC000017935855;Priority 3;OK
OPS;812;OPS;INC;Defect;INC000017935950;Priority 4;OK
L1;MNT;MON;INC;OK;INC000017936073;Priority 3;OK
FIN;BWI;FUN;INC;OK;INC000017936150;Priority 3;OK
FUN;812;FUN;INC;OK;INC000017938204;Priority 3;OK
FUN;812;FUN;INC;OK;INC000017938430;Priority 4;OK
FIN;812;FUN;INC;OK;INC000017938522;Priority 4;OK
FIN;812;FUN;INC;OK;INC000017938591;Priority 4;OK
FIN;812;FUN;INC;OK;INC000017938646;Priority 4;OK
L1;BWI;MON;INC;OK;INC000017938715;Priority 3;OK
FIN;812;FUN;INC;OK;INC000017938899;Priority 4;OK
SEC;SYN;SEC;INC;OK;INC000017939158;Priority 3;OK
OPS;EMS;OPS;INC;OK;INC000017939193;Priority 3;OK
FIN;812;FUN;INC;OK;INC000017939727;Priority 4;OK
FIN;812;FUN;INC;OK;INC000017939980;Priority 4;OK
FUN;812;FUN;INC;OK;INC000017940193;Priority 3;OK
SEC;SYN;SEC;INC;OK;INC000017941144;Priority 4;OK
FUN;812;FUN;INC;OK;INC000017941351;Priority 4;OK
APS;ETH;APS;INC;OK;INC000017941492;Priority 3;OK
APS;ETH;APS;INC;OK;INC000017941498;Priority 3;OK
FUN;BWI;FUN;INC;OK;INC000017941937;Priority 4;OK
FUN;ETH;FUN;INC;Defect;INC000017941940;Priority 4;OK
OPS;EMS;OPS;INC;OK;INC000017942424;Priority 3;OK
APS;ETH;APS;INC;OK;INC000017942608;Priority 3;OK
OPS;EMS;OPS;INC;OK;INC000017942737;Priority 3;OK
OPS;EMS;OPS;INC;OK;INC000017942749;Priority 3;OK
APS;ETH;APS;INC;OK;INC000017942898;Priority 3;OK
FUN;DXE;FUN;INC;OK;INC000017944299;Priority 3;OK
TEC;DCF;FUN;INC;OK;INC000017944648;Priority 3;OK
FUN;812;FUN;INC;OK;INC000017945205;Priority 3;OK
TEC;SYN;FUN;INC;OK;INC000017945732;Priority 3;OK
TEC;BWI;TEC;INC;OK;INC000017945929;Priority 3;OK
APS;ETH;APS;INC;OK;INC000017946886;Priority 3;OK
FUN;ETH;FUN;INC;OK;INC000017947245;Priority 3;OK
APS;ETH;APS;INC;OK;INC000017947337;Priority 3;OK
APS;ETH;APS;INC;OK;INC000017947338;Priority 3;OK
APS;ETH;APS;INC;OK;INC000017947345;Priority 3;OK
OPS;EMS;OPS;INC;OK;INC000017948387;Priority 3;OK
OPS;EMS;OPS;INC;OK;INC000017948392;Priority 3;OK
APS;ETH;APS;INC;OK;INC000017948414;Priority 3;OK
SEC;SYN;SEC;INC;OK;INC000017950474;Priority 3;OK
APS;ETH;APS;INC;OK;INC000017952926;Priority 3;OK
APS;ETH;APS;INC;OK;INC000017952928;Priority 3;OK
APS;ETH;APS;INC;OK;INC000017952935;Priority 3;OK
APS;ETH;APS;INC;OK;INC000017952938;Priority 3;OK
APS;ETH;APS;INC;OK;INC000017952996;Priority 3;OK
APS;ETH;APS;INC;OK;INC000017952997;Priority 3;OK
FIN;812;FUN;INC;OK;INC000017954253;Priority 3;OK
FIN;812;FUN;INC;OK;INC000017954341;Priority 3;OK
FIN;812;FUN;INC;OK;INC000017954397;Priority 3;OK
APS;ETH;APS;INC;OK;INC000017954492;Priority 3;OK
APS;ETH;APS;INC;OK;INC000017954654;Priority 3;OK
APS;EES;APS;INC;OK;INC000017954866;Priority 3;OK
APS;ETH;APS;INC;OK;INC000017955077;Priority 3;OK
APS;ETH;APS;INC;OK;INC000017955489;Priority 3;OK
APS;ETH;APS;INC;OK;INC000017955559;Priority 3;OK
L1;DXE;L1;HK;OK;ITSK000010094127;Priority 4;OK
L1;DXE;L1;HK;OK;ITSK000010094281;Priority 4;OK
L1;812;L1;HK;OK;ITSK000010094283;Priority 4;OK
L1;DXE;L1;HK;OK;ITSK000010094320;Priority 3;OK
L1;812;L1;HK;OK;ITSK000010094611;Priority 4;OK
L1;812;L1;HK;Defect;ITSK000010094726;Priority 3;OK
L1;812;L1;HK;OK;ITSK000010094861;Priority 4;OK
L1;812;L1;HK;OK;ITSK000010095123;Priority 3;OK
L1;812;L1;HK;OK;ITSK000010095399;Priority 3;OK
OPS;OXE;OPS;HK;OK;ITSK000010095517;Priority 4;OK
OPS;OXE;OPS;HK;OK;ITSK000010095520;Priority 4;OK
L1;DXE;L1;HK;OK;ITSK000010095537;Priority 4;OK
L1;DXE;L1;HK;OK;ITSK000010095629;Priority 4;OK
L1;812;L1;HK;OK;ITSK000010096173;Priority 4;OK
CNC;812;CNC;HK;OK;ITSK000010096453;Priority 4;OK
L1;812;L1;HK;OK;ITSK000010096459;Priority 4;OK
OPS;OXE;CNC;HK;OK;ITSK000010096906;Priority 3;OK
L1;812;L1;HK;Defect;ITSK000010096924;Priority 3;OK
L1;812;L1;HK;OK;ITSK000010097056;Priority 4;OK
OPS;OXE;CNC;HK;OK;ITSK000010097152;Priority 4;OK
CNC;812;CNC;HK;OK;ITSK000010097279;Priority 4;OK
L1;812;L1;HK;OK;ITSK000010097374;Priority 4;OK
L1;812;L1;HK;OK;ITSK000010097380;Priority 4;OK
OPS;OXE;CNC;HK;OK;ITSK000010097393;Priority 4;OK
OPS;OXE;CNC;HK;OK;ITSK000010097395;Priority 4;OK
CNC;812;CNC;HK;OK;ITSK000010097403;Priority 4;OK
CNC;812;CNC;HK;OK;ITSK000010097405;Priority 4;OK
OPS;OXE;CNC;HK;OK;ITSK000010097423;Priority 4;OK
L1;812;L1;HK;OK;ITSK000010097800;Priority 4;OK
L1;812;L1;HK;OK;ITSK000010097808;Priority 4;OK
CNC;812;CNC;HK;Defect;ITSK000010097826;Priority 3;Defect
OPS;OXE;CNC;HK;Defect;ITSK000010097835;Priority 3;OK
CNC;812;CNC;HK;Defect;ITSK000010098196;Priority 3;Defect
OPS;OXE;CNC;HK;OK;ITSK000010098229;Priority 4;OK
L1;812;L1;HK;OK;ITSK000010098859;Priority 3;OK
L1;812;L1 ;HK;OK;ITSK000010099558;Priority 4;OK
L1;812;L1 ;HK;OK;ITSK000010100460;Priority 4;OK
L1;812;L1 ;HK;OK;ITSK000010100504;Priority 4;OK
L1;812;L1 ;HK;OK;ITSK000010100600;Priority 4;OK
L1;DXE;L1 ;HK;OK;ITSK000010100756;Priority 4;OK
L1;812;L1 ;HK;Defect;ITSK000010100785;Priority 4;OK
L1;812;L1 ;HK;Defect;ITSK000010100962;Priority 3;OK
CNC;812;L1 ;HK;Defect;ITSK000010100984;Priority 4;OK
CNC;812;L1 ;HK;Defect;ITSK000010101006;Priority 4;OK
L1;812;L1 ;HK;OK;ITSK000010101989;Priority 3;OK
L1;812;L1 ;HK;OK;ITSK000010102159;Priority 3;OK
L1;812;L1 ;HK;OK;ITSK000010102817;Priority 4;OK
L1;812;L1 ;HK;OK;ITSK000010102907;Priority 4;OK
L1;812;L1 ;HK;OK;ITSK000010103616;Priority 4;OK
L1;812;L1 ;HK;OK;ITSK000010103628;Priority 4;OK
L1;812;L1 ;HK;OK;ITSK000010103742;Priority 4;OK
L1;812;L1 ;HK;OK;ITSK000010103772;Priority 3;OK
L1;812;L1 ;HK;OK;ITSK000010103861;Priority 3;OK
L1;812;L1 ;HK;Defect;ITSK000010103877;Priority 4;OK
L1;812;L1 ;HK;OK;ITSK000010104371;Priority 4;OK
L1;812;L1 ;HK;OK;ITSK000010104377;Priority 4;OK
L1;812;L1 ;HK;OK;ITSK000010104378;Priority 4;OK
OPS;OXE;CNC;HK;OK;ITSK000010104400;Priority 4;OK
L1;812;L1 ;HK;OK;ITSK000010104492;Priority 4;OK
OPS;OXE;CNC;HK;OK;ITSK000010104514;Priority 4;OK
L1;812;L1 ;HK;OK;ITSK000010104725;Priority 4;OK
L1;812;L1 ;HK;OK;ITSK000010105006;Priority 4;OK
L1;812;L1 ;HK;OK;ITSK000010105072;Priority 4;OK
L1;812;L1 ;HK;OK;ITSK000010105109;Priority 4;OK
L1;812;L1 ;HK;OK;ITSK000010105194;Priority 4;OK
L1;812;L1 ;HK;Defect;ITSK000010105312;Priority 3;OK
L1;812;L1 ;HK;OK;ITSK000010105425;Priority 4;OK
L1;812;L1 ;HK;OK;ITSK000010105429;Priority 4;OK
L1;812;L1 ;HK;OK;ITSK000010105451;Priority 4;OK
L1;812;L1 ;HK;OK;ITSK000010105479;Priority 3;OK
OPS;OXE;CNC;HK;Defect;ITSK000010105706;Priority 3;OK
L1;812;L1 ;HK;OK;ITSK000010105713;Priority 4;OK
L1;812;L1 ;HK;OK;ITSK000010105717;Priority 4;OK
L1;812;L1 ;HK;Defect;ITSK000010106062;Priority 3;OK
OPS;OXE;CNC;HK;OK;ITSK000010106089;Priority 3;OK
L1;812;L1 ;HK;OK;ITSK000010106177;Priority 3;OK
OPS;OXE;CNC;HK;OK;ITSK000010106362;Priority 4;OK
L1;812;L1 ;HK;OK;ITSK000010106924;Priority 4;OK
L1;812;L1 ;HK;OK;ITSK000010107015;Priority 4;OK
OPS;OXE;CNC;HK;OK;ITSK000010107052;Priority 4;OK
L1;812;L1 ;HK;OK;ITSK000010107177;Priority 4;OK
L1;812;L1 ;HK;OK;ITSK000010107425;Priority 4;OK
OPS;OXE;CNC;HK;OK;ITSK000010107708;Priority 4;OK
L1;812;MON;HK;OK;ITSK000010107893;Priority 4;OK
L1;812;MON;HK;OK;ITSK000010107997;Priority 4;OK
L1;812;MON;HK;OK;ITSK000010108072;Priority 4;OK
OPS;OXE;CNC;HK;OK;ITSK000010108075;Priority 4;OK
L1;812;MON;HK;OK;ITSK000010108206;Priority 4;OK
L1;812;MON;HK;OK;ITSK000010108649;Priority 4;OK
L1;812;MON;HK;OK;ITSK000010108772;Priority 4;OK
L1;812;MON;HK;OK;ITSK000010109004;Priority 4;OK
OPS;OXE;CNC;HK;OK;ITSK000010109010;Priority 4;OK
OPS;OXE;CNC;HK;OK;ITSK000010109021;Priority 4;OK
CNC;812;MON;HK;OK;ITSK000010109022;Priority 4;OK
CNC;812;MON;HK;OK;ITSK000010109026;Priority 4;OK
OPS;OXE;CNC;HK;OK;ITSK000010109028;Priority 4;OK
OPS;OXE;CNC;HK;OK;ITSK000010109397;Priority 4;OK
L1;812;MON;HK;OK;ITSK000010109409;Priority 4;OK
L1;812;MON;HK;OK;ITSK000010109426;Priority 4;OK
OPS;OXE;CNC;HK;OK;ITSK000010109611;Priority 4;OK
L1;812;MON;SR;Defect;ITSK000010109638;Priority 3;OK
L1;DPY;MON;HK;OK;ITSK000010109728;Priority 4;OK
L1;812;MON;HK;OK;ITSK000010109731;Priority 4;OK
OPS;OXE;CNC;HK;OK;ITSK000010109990;Priority 4;OK
L1;812;MON;HK;OK;ITSK000010110012;Priority 4;OK
L1;812;MON;HK;OK;ITSK000010110244;Priority 4;OK
L1;812;MON;HK;OK;ITSK000010110817;Priority 4;OK
OPS;OXE;CNC;HK;OK;ITSK000010110905;Priority 4;OK
L1;812;CNC;HK;OK;ITSK000010111201;Priority 4;OK
L1;812;CNC;HK;OK;ITSK000010111215;Priority 4;OK
L1;812;CNC;HK;OK;ITSK000010111223;Priority 4;OK
L1;812;CNC;HK;OK;ITSK000010111319;Priority 4;OK
L1;812;CNC;HK;OK;ITSK000010111324;Priority 4;OK
L1;812;CNC;HK;OK;ITSK000010111326;Priority 4;OK
L1;812;CNC;HK;OK;ITSK000010111682;Priority 4;OK
L1;812;CNC;HK;OK;ITSK000010111694;Priority 4;OK
L1;812;CNC;HK;OK;ITSK000010111857;Priority 4;OK
L1;812;CNC;HK;OK;ITSK000010111981;Priority 4;OK
L1;812;CNC;HK;OK;ITSK000010112020;Priority 4;OK
L1;812;CNC;HK;Defect;ITSK000010112132;Priority 4;OK
L1;812;CNC;HK;OK;ITSK000010112574;Priority 4;OK
L1;812;CNC;HK;OK;ITSK000010112668;Priority 3;OK
L1;812;CNC;HK;OK;ITSK000010113053;Priority 4;OK
L1;812;CNC;HK;OK;ITSK000010113568;Priority 4;OK
L1;812;CNC;HK;OK;ITSK000010114522;Priority 4;OK
L1;812;CNC;HK;OK;ITSK000010114704;Priority 4;OK
L1;812;MON;HK;OK;ITSK000010115106;Priority 4;OK
L1;DXE;MON;HK;OK;ITSK000010115470;Priority 4;OK
L1;812;MON;HK;OK;ITSK000010115557;Priority 4;OK
L1;812;MON;HK;OK;ITSK000010115561;Priority 4;OK
L1;812;MON;HK;OK;ITSK000010115676;Priority 4;OK
L1;812;MON;HK;OK;ITSK000010115747;Priority 4;OK
L1;812;MON;HK;OK;ITSK000010116087;Priority 4;OK
L1;812;MON;HK;OK;ITSK000010116257;Priority 3;OK
L1;812;MON;HK;OK;ITSK000010116378;Priority 4;OK
L1;DXE;MON;HK;OK;ITSK000010116431;Priority 4;OK
L1;812;MON;HK;OK;ITSK000010116593;Priority 3;OK
L1;812;MON;HK;OK;ITSK000010116613;Priority 3;OK
L1;812;MON;HK;OK;ITSK000010116682;Priority 4;OK
L1;812;MON;HK;OK;ITSK000010116988;Priority 4;OK
L1;812;MON;HK;Defect;ITSK000010117695;Priority 3;OK
CNC;812;MON;INC;OK;ITSK000010117942;Priority 4;OK
L1;812;MON;HK;OK;ITSK000010118095;Priority 4;OK
L1;812;MON;HK;OK;ITSK000010118197;Priority 4;OK
L1;812;MON;HK;OK;ITSK000010118207;Priority 4;OK
L1;812;MON;HK;OK;ITSK000010118527;Priority 4;OK
CNC;812;MON;HK;Defect;ITSK000010118881;Priority 4;OK
L1;812;MON;HK;OK;ITSK000010118907;Priority 4;OK
L1;812;MON;HK;OK;ITSK000010118919;Priority 4;OK
L1;812;MON;HK;OK;ITSK000010119469;Priority 4;OK
L1;812;MON;HK;Defect;ITSK000010119492;Priority 3;OK
L1;812;MON;HK;OK;ITSK000010119612;Priority 3;OK
L1;812;MON;HK;OK;ITSK000010119658;Priority 4;OK
L1;812;MON;HK;OK;ITSK000010120065;Priority 4;OK
L1;812;MON;HK;OK;ITSK000010120066;Priority 4;OK
L1;DPY;MON;HK;OK;ITSK000010120289;Priority 4;OK
L1;812;MON;HK;OK;ITSK000010120956;Priority 4;OK
L1;812;MON;HK;OK;ITSK000010120965;Priority 4;OK
L1;812;MON;HK;OK;ITSK000010121722;Priority 4;OK
L1;812;MON;HK;OK;ITSK000010122203;Priority 4;OK
L1;812;MON;HK;OK;ITSK000010122213;Priority 4;OK
L1;812;MON;HK;OK;ITSK000010122333;Priority 4;OK
L1;812;MON;HK;OK;ITSK000010122467;Priority 3;OK
L1;812;MON;HK;OK;ITSK000010122687;Priority 4;OK
L1;812;MON;HK;OK;ITSK000010122722;Priority 4;OK
L1;812;MON;HK;OK;ITSK000010122887;Priority 4;OK
L1;812;MON;HK;OK;ITSK000010122888;Priority 3;OK
L1;DPY;MON;HK;Defect;ITSK000010122916;Priority 4;OK
L1;812;MON;HK;Defect;ITSK000010123017;Priority 4;OK
L1;812;MON;HK;OK;ITSK000010123186;Priority 4;OK
L1;812;MON;HK;OK;ITSK000010123408;Priority 4;OK
L1;812;MON;HK;OK;ITSK000010123423;Priority 4;OK
L1;812;MON;HK;OK;ITSK000010123690;Priority 4;OK
L1;DPY;MON;HK;OK;ITSK000010123709;Priority 4;OK
L1;812;MON;HK;OK;ITSK000010123809;Priority 4;OK
L1;812;MON;HK;OK;ITSK000010123906;Priority 4;OK
L1;812;MON;HK;OK;ITSK000010124032;Priority 3;OK
L1;812;MON;HK;OK;ITSK000010124298;Priority 4;OK
L1;812;MON;HK;OK;ITSK000010124303;Priority 4;OK
L1;812;MON;HK;OK;ITSK000010124374;Priority 4;OK
L1;812;MON;HK;Defect;ITSK000010124395;Priority 4;OK
L1;812;MON;HK;OK;ITSK000010124881;Priority 4;OK
L1;812;MON;HK;OK;ITSK000010124961;Priority 3;OK
L1;812;MON;HK;OK;ITSK000010124994;Priority 4;OK
L1;812;MON;HK;OK;ITSK000010125180;Priority 4;OK
L1;812;MON;HK;OK;ITSK000010125198;Priority 4;OK
L1;812;MON;HK;OK;ITSK000010125425;Priority 4;OK
L1;DPY;MON;HK;OK;ITSK000010125430;Priority 4;OK
L1;DPY;MON;HK;Defect;ITSK000010125439;Priority 3;OK
L1;812;MON;HK;OK;ITSK000010125441;Priority 4;OK
L1;812;MON;HK;OK;ITSK000010125511;Priority 4;OK
L1;DPY;MON;HK;OK;ITSK000010125521;Priority 4;OK
L1;812;MON;HK;OK;ITSK000010125590;Priority 3;OK
L1;812;MON;HK;OK;ITSK000010125728;Priority 4;OK
L1;DPY;MON;HK;OK;ITSK000010125739;Priority 3;OK
L1;812;MON;HK;OK;ITSK000010126331;Priority 4;OK
L1;812;MON;HK;OK;ITSK000010126569;Priority 4;OK
L1;812;MON;HK;OK;ITSK000010126830;Priority 4;OK
L1;812;MON;HK;OK;ITSK000010126915;Priority 4;OK
L1;812;MON;HK;OK;ITSK000010127091;Priority 4;OK
L1;812;MON;HK;OK;ITSK000010127476;Priority 4;OK
L1;812;MON;HK;OK;ITSK000010127479;Priority 3;OK
L1;812;MON;HK;OK;ITSK000010127505;Priority 4;OK
L1;812;MON;HK;Defect;ITSK000010127733;Priority 4;OK
L1;812;MON;HK;OK;ITSK000010127734;Priority 4;OK
L1;812;MON;HK;Defect;ITSK000010127900;Priority 3;OK
L1;812;MON;HK;OK;ITSK000010128154;Priority 4;OK
L1;812;MON;HK;OK;ITSK000010128294;Priority 4;OK
L1;812;MON;HK;OK;ITSK000010128615;Priority 4;OK
L1;812;MON;HK;OK;ITSK000010128954;Priority 3;OK
L1;812;MON;HK;OK;ITSK000010129051;Priority 4;OK
L1;812;MON;HK;OK;ITSK000010129205;Priority 4;OK
L1;812;MON;HK;OK;ITSK000010129208;Priority 4;OK
L1;812;MON;HK;OK;ITSK000010129272;Priority 4;OK
L1;812;MON;HK;OK;ITSK000010129623;Priority 4;OK
L1;812;MON;HK;OK;ITSK000010129776;Priority 4;OK
L1;812;MON;HK;OK;ITSK000010133447;Priority 4;OK
L1;812;MON;HK;OK;ITSK000010133536;Priority 4;OK
L1;812;MON;HK;OK;ITSK000010133715;Priority 4;OK
L1;812;MON;HK;OK;ITSK000010133904;Priority 3;OK
L1;812;MON;HK;OK;ITSK000010133925;Priority 4;OK
L1;812;MON;HK;OK;ITSK000010133974;Priority 4;OK
L1;812;MON;HK;OK;ITSK000010134054;Priority 4;OK
L1;812;MON;HK;OK;ITSK000010134055;Priority 3;OK
L1;812;MON;HK;OK;ITSK000010134057;Priority 4;OK
L1;812;MON;HK;OK;ITSK000010135072;Priority 4;OK
CNC;812;MON;HK;OK;ITSK000010135760;Priority 4;OK
L1;812;MON;HK;OK;ITSK000010135875;Priority 4;OK
L1;812;MON;HK;OK;ITSK000010136163;Priority 4;OK
L1;812;MON;HK;OK;ITSK000010136932;Priority 4;OK
CNC;MNT;MON;HK;Defect;ITSK000010137030;Priority 3;Defect
CNC;812;MON;HK;Defect;ITSK000010137280;Priority 4;OK
CNC;812;MON;HK;Defect;ITSK000010137578;Priority 3;Defect
L1;812;CNC;HK;OK;ITSK000010138111;Priority 4;OK
L1;812;MON;HK;Defect;ITSK000010138127;Priority 3;OK
L1;812;MON;HK;OK;ITSK000010138145;Priority 4;OK
L1;812;MON;HK;OK;ITSK000010138236;Priority 4;OK
L1;812;MON;HK;OK;ITSK000010138239;Priority 4;OK
CNC;DPY;MON;HK;OK;ITSK000010138466;Priority 4;OK
CNC;812;MON;HK;OK;ITSK000010138790;Priority 4;OK
CNC;812;MON;HK;OK;ITSK000010138897;Priority 4;OK
CNC;812;MON;HK;OK;ITSK000010138916;Priority 4;OK
L1;812;MON;HK;Defect;ITSK000010139038;Priority 3;OK
L1;812;MON;HK;Defect;ITSK000010139062;Priority 3;OK
CNC;812;MON;HK;OK;ITSK000010139142;Priority 4;OK
CNC;812;MON;HK;Defect;ITSK000010139254;Priority 4;OK
CNC;812;MON;HK;OK;ITSK000010139510;Priority 4;OK
CNC;DPY;MON;HK;Defect;ITSK000010139802;Priority 3;Defect
FUN;DPY;MON;HK;Defect;ITSK000010140375;Priority 3;OK
CNC;812;MON;HK;Defect;ITSK000010140995;Priority 3;Defect
CNC;812;MON;HK;Defect;ITSK000010140999;Priority 3;Defect
L1;812;MON;HK;OK;ITSK000010142842;Priority 4;OK
L1;DPY;MON;HK;OK;ITSK000010143436;Priority 4;OK
L1;812;MON;HK;OK;ITSK000010143454;Priority 4;OK
L1;DPY;MON;HK;Defect;ITSK000010143995;Priority 2;OK
L1;DPY;MON;HK;OK;ITSK000010143996;Priority 4;OK
L1;812;MON;HK;OK;ITSK000010144378;Priority 4;OK
L1;812;MON;HK;OK;ITSK000010144802;Priority 4;OK
CNC;812;MON;HK;OK;ITSK000010146516;Priority 4;OK
CNC;812;MON;HK;OK;ITSK000010146699;Priority 4;OK
CNC;812;MON;HK;Defect;ITSK000010146859;Priority 4;OK
CNC;812;MON;HK;OK;ITSK000010146863;Priority 4;OK
CNC;812;MON;HK;OK;ITSK000010146959;Priority 4;OK
CNC;812;MON;HK;Defect;ITSK000010146991;Priority 4;OK
CNC;812;MON;HK;OK;ITSK000010147399;Priority 4;OK
CNC;812;MON;HK;OK;ITSK000010147408;Priority 4;OK
CNC;812;MON;HK;OK;ITSK000010147410;Priority 4;OK
CNC;DPY;MON;HK;Defect;ITSK000010147791;Priority 3;Defect
CNC;812;MON;HK;Defect;ITSK000010147799;Priority 4;OK
CNC;812;MON;HK;OK;ITSK000010147800;Priority 4;OK
CNC;812;MON;HK;Defect;ITSK000010147938;Priority 3;Defect
CNC;DPY;MON;HK;OK;ITSK000010148133;Priority 4;OK
CNC;812;MON;HK;Defect;ITSK000010148134;Priority 4;OK
CNC;812;MON;HK;Defect;ITSK000010148633;Priority 3;Defect
CNC;812;MON;HK;Defect;ITSK000010151141;Priority 4;OK
L1;812;MON;HK;Defect;ITSK000010151148;Priority 4;OK
CNC;812;MON;HK;OK;ITSK000010151338;Priority 4;OK
L1;812;MON;HK;OK;ITSK000010151963;Priority 4;OK
CNC;812;MON;HK;OK;ITSK000010152125;Priority 4;OK
L1;812;MON;HK;Defect;ITSK000010152263;Priority 4;OK
L1;812;MON;HK;OK;ITSK000010152290;Priority 4;OK
CNC;812;MON;HK;OK;ITSK000010152566;Priority 4;OK
L1;812;MON;HK;Defect;ITSK000010152785;Priority 3;OK
L1;DPY;MON;HK;Defect;ITSK000010153139;Priority 3;OK
CNC;812;MON;HK;OK;ITSK000010153406;Priority 4;OK
CNC;812;MON;HK;Defect;ITSK000010153414;Priority 3;Defect
CNC;812;MON;HK;OK;ITSK000010153896;Priority 4;OK
SEC;812;MON;HK;OK;ITSK000010156165;Priority 4;OK
SEC;812;MON;HK;OK;ITSK000010156527;Priority 4;OK
L1;812;MON;HK;OK;ITSK000010156601;Priority 4;OK
L1;812;MON;HK;OK;ITSK000010156749;Priority 4;OK
SEC;812;MON;HK;Defect;ITSK000010156897;Priority 3;Defect
L1;DXE;MON;HK;Defect;ITSK000010156901;Priority 3;OK
SEC;812;MON;HK;Defect;ITSK000010156902;Priority 3;Defect
L1;812;MON;HK;OK;ITSK000010156907;Priority 4;OK
FIN;812;MON;HK;Defect;ITSK000010156917;Priority 3;OK
CNC;812;MON;HK;OK;ITSK000010157032;Priority 4;OK
SEC;812;MON;HK;Defect;ITSK000010157041;Priority 4;OK
SEC;812;MON;HK;Defect;ITSK000010157168;Priority 3;Defect
CNC;812;MON;HK;Defect;ITSK000010157171;Priority 3;Defect
CNC;812;MON;HK;Defect;ITSK000010157488;Priority 3;Defect
CNC;812;MON;HK;OK;ITSK000010157733;Priority 4;OK
SEC;812;MON;HK;OK;ITSK000010157766;Priority 4;OK
TEC;812;MON;HK;OK;ITSK000010158242;Priority 3;OK
L1;812;MON;HK;Defect;ITSK000010165957;Priority 4;OK
L1;812;MON;HK;Defect;ITSK000010165964;Priority 4;OK
L1;812;MON;HK;Defect;ITSK000010166282;Priority 4;OK
CNC;812;MON;HK;Defect;ITSK000010166546;Priority 4;OK
L1;812;MON;HK;Defect;ITSK000010166547;Priority 4;OK
CNC;812;MON;HK;Defect;ITSK000010166565;Priority 4;OK
CNC;812;MON;HK;Defect;ITSK000010166568;Priority 3;Defect
L1;812;MON;HK;Defect;ITSK000010166719;Priority 3;OK
CNC;812;MON;HK;Defect;ITSK000010167322;Priority 4;OK
L1;812;MON;HK;Defect;ITSK000010167521;Priority 4;OK
L1;812;MON;HK;Defect;ITSK000010168948;Priority 4;OK
L1;812;MON;HK;Defect;ITSK000010169080;Priority 4;OK
CNC;812;MON;HK;Defect;ITSK000010169093;Priority 4;OK
L1;812;MON;HK;Defect;ITSK000010169992;Priority 4;OK
L1;812;MON;HK;Defect;ITSK000010170305;Priority 4;OK
L1;812;MON;HK;Defect;ITSK000010172373;Priority 4;OK
CNC;812;SCH;HK;OK;ITSK000010172385;Priority 4;OK
L1;812;MON;HK;Defect;ITSK000010173287;Priority 4;OK
L1;812;MON;HK;Defect;ITSK000010173574;Priority 3;OK
L1;812;MON;HK;Defect;ITSK000010173796;Priority 4;OK
L1;812;MON;HK;Defect;ITSK000010173800;Priority 4;OK
CNC;812;MON;HK;Defect;ITSK000010174911;Priority 4;OK
L1;812;MON;HK;OK;ITSK000010175354;Priority 4;OK
L1;812;MON;HK;Defect;ITSK000010175360;Priority 4;OK
CNC;812;MON;HK;Defect;ITSK000010175625;Priority 4;OK
L1;812;MON;HK;Defect;ITSK000010175646;Priority 4;OK
CNC;812;MON;HK;Defect;ITSK000010176367;Priority 4;OK
L1;812;MON;HK;Defect;ITSK000010176383;Priority 4;OK
CNC;812;MON;HK;Defect;ITSK000010176494;Priority 4;OK
L1;812;MON;HK;Defect;ITSK000010176516;Priority 3;OK
CNC;812;MON;HK;Defect;ITSK000010176761;Priority 4;OK
CNC;812;MON;HK;Defect;ITSK000010178195;Priority 4;OK
L1;812;MON;HK;Defect;ITSK000010178527;Priority 4;OK
L1;812;MON;HK;Defect;ITSK000010178813;Priority 4;OK
CNC;812;MON;HK;OK;ITSK000010179567;Priority 4;OK
CNC;812;MON;HK;Defect;ITSK000010179782;Priority 4;OK
CNC;812;MON;HK;Defect;ITSK000010179806;Priority 4;OK
CNC;812;MON;HK;OK;ITSK000010180209;Priority 4;OK
CNC;812;MON;HK;OK;ITSK000010180379;Priority 4;OK
CNC;812;MON;HK;OK;ITSK000010180535;Priority 4;OK
DBA;812;DBA;SR;OK;TASK000012971068;Priority 3;OK
DBA;812;DBA;SR;OK;TASK000012971890;Priority 3;OK
CNC;DXE;CNC;SR;OK;TASK000012972528;Priority 3;OK
CNC;LAT;CNC;SR;OK;TASK000012974234;Priority 3;OK
FIN;812;FUN;SR;OK;TASK000012974262;Priority 3;OK
SEC;812;SEC;SR;OK;TASK000012974585;Priority 3;OK
CNC;DXE;CNC;SR;OK;TASK000012975443;Priority 3;OK
L1;812;L1;SR;OK;TASK000012975587;Priority 3;OK
APS;ETH;APS;SR;OK;TASK000012975767;Priority 3;OK
FUN;COR;FUN;SR;OK;TASK000012975820;Priority 3;OK
FUN;COR;FUN;SR;OK;TASK000012975825;Priority 3;OK
L1;812;L1;SR;OK;TASK000012975972;Priority 3;OK
L1;812;L1;SR;OK;TASK000012976210;Priority 3;OK
SEC;812;SEC;SR;OK;TASK000012976213;Priority 3;OK
CNC;LAT;CNC;SR;OK;TASK000012976242;Priority 3;OK
SEC;EMS;SEC;SR;OK;TASK000012976291;Priority 3;OK
CNC;CAN;CNC;SR;OK;TASK000012976400;Priority 3;OK
SEC;812;SEC;SR;OK;TASK000012976881;Priority 3;OK
L1;BWI;L1;SR;OK;TASK000012976886;Priority 3;OK
SEC;BWI;SEC;SR;OK;TASK000012977083;Priority 4;OK
CNC;OXE;CNC;SR;OK;TASK000012977224;Priority 3;OK
SEC;812;SEC;SR;OK;TASK000012977607;Priority 3;OK
SEC;BWI;SEC;SR;OK;TASK000012977722;Priority 3;OK
FUN;812;FUN;INC;OK;TASK000012977756;Priority 3;OK
L1;BWI;L1;SR;OK;TASK000012977832;Priority 3;OK
FIN;812;FUN;SR;OK;TASK000012977867;Priority 3;OK
SEC;BWI;SEC;SR;OK;TASK000012977895;Priority 4;OK
SEC;OXE;SEC;SR;OK;TASK000012978026;Priority 3;OK
SEC;BWI;SEC;SR;OK;TASK000012978605;Priority 4;OK
L1;BWI;L1;SR;OK;TASK000012978710;Priority 3;OK
L1;BWI;L1;SR;OK;TASK000012978744;Priority 3;OK
L1;BWI;L1;SR;OK;TASK000012978835;Priority 3;OK
L1;BWI;L1;SR;OK;TASK000012979004;Priority 3;OK
L1;BWI;L1;SR;OK;TASK000012979046;Priority 3;OK
L1;BWI;L1;SR;OK;TASK000012979090;Priority 3;OK
L1;BWI;L1;SR;OK;TASK000012979100;Priority 3;OK
L1;812;L1;SR;OK;TASK000012979209;Priority 3;OK
L1;BWI;L1;SR;OK;TASK000012979311;Priority 3;OK
L1;812;L1;SR;OK;TASK000012979339;Priority 3;OK
FUN;COR;FUN;SR;OK;TASK000012980155;Priority 3;OK
SEC;812;SEC;SR;OK;TASK000012980260;Priority 3;OK
SEC;812;SEC;SR;OK;TASK000012980580;Priority 3;OK
L1;812;L1;SR;OK;TASK000012980640;Priority 3;OK
L1;812;L1;SR;OK;TASK000012980667;Priority 3;OK
DBA;812;DBA;CHG;Defect;TASK000012980780;Priority 3;Defect
DBA;812;DBA;SR;OK;TASK000012980929;Priority 3;OK
FUN;WS;FUN;INC;OK;TASK000012980940;Priority 4;OK
L1;BWI;L1;SR;OK;TASK000012980997;Priority 3;OK
SEC;BWI;SEC;SR;OK;TASK000012981173;Priority 4;OK
SEC;BWI;SEC;SR;OK;TASK000012981275;Priority 4;OK
SEC;CAN;SEC;SR;OK;TASK000012981315;Priority 3;OK
SEC;CAN;SEC;SR;OK;TASK000012981384;Priority 3;OK
L1;812;L1;SR;OK;TASK000012981639;Priority 3;OK
SEC;812;SEC;SR;OK;TASK000012981699;Priority 3;OK
APS;ETH;APS;SR;Defect;TASK000012981706;Priority 3;OK
L1;BWI;L1;SR;OK;TASK000012981880;Priority 3;OK
SEC;812;SEC;SR;OK;TASK000012981971;Priority 3;OK
SEC;EMS;SEC;SR;OK;TASK000012982036;Priority 3;OK
APS;ETH;APS;SR;OK;TASK000012982076;Priority 3;OK
SEC;BWI;SEC;SR;OK;TASK000012982121;Priority 4;OK
SEC;BWI;SEC;SR;OK;TASK000012982146;Priority 4;OK
L1;812;L1;SR;OK;TASK000012982264;Priority 3;OK
SEC;BWI;SEC;SR;Defect;TASK000012982571;Priority 4;OK
SEC;BWI;SEC;SR;OK;TASK000012982592;Priority 4;OK
L1;BWI;L1;SR;OK;TASK000012982664;Priority 3;OK
CNC;812;CNC;SR;OK;TASK000012982783;Priority 3;OK
L1;BWI;L1;SR;OK;TASK000012983564;Priority 3;OK
L1;BWI;L1;SR;OK;TASK000012983576;Priority 3;OK
SEC;DXE;SEC;SR;OK;TASK000012983965;Priority 3;OK
L1;EES;L1;SR;OK;TASK000012984923;Priority 3;OK
SEC;812;SEC;SR;OK;TASK000012985204;Priority 3;OK
SEC;812;SEC;SR;OK;TASK000012985282;Priority 3;OK
L1;812;L1;SR;OK;TASK000012985350;Priority 3;OK
DBA;812;DBA;SR;OK;TASK000012985907;Priority 3;OK
SCH;812;SCH;SR;OK;TASK000012986100;Priority 3;OK
SEC;BWI;SEC;SR;OK;TASK000012986151;Priority 4;OK
SEC;MNT;SEC;SR;OK;TASK000012986202;Priority 3;OK
SEC;ETH;SEC;SR;OK;TASK000012986273;Priority 3;OK
APS;ETH;APS;SR;OK;TASK000012986285;Priority 3;OK
APS;ETH;APS;SR;OK;TASK000012986402;Priority 3;OK
DBA;812;DBA;SR;OK;TASK000012986569;Priority 3;OK
SEC;OXE;SEC;SR;OK;TASK000012986670;Priority 3;OK
DBA;812;DBA;SR;OK;TASK000012986682;Priority 3;OK
SEC;MNT;SEC;SR;Defect;TASK000012987215;Priority 3;OK
L1;OXE;L1;SR;OK;TASK000012987331;Priority 3;OK
L1;BWI;L1;SR;OK;TASK000012987469;Priority 3;OK
SEC;BWI;SEC;SR;OK;TASK000012987776;Priority 4;OK
L1;BWI;L1;SR;OK;TASK000012987803;Priority 3;OK
L1;BWI;L1;SR;OK;TASK000012988030;Priority 3;OK
SEC;BWI;SEC;SR;OK;TASK000012988054;Priority 4;OK
L1;BWI;L1;SR;OK;TASK000012988396;Priority 3;OK
L1;BWI;L1;SR;OK;TASK000012988556;Priority 3;OK
L1;BWI;L1;SR;OK;TASK000012988636;Priority 3;OK
SEC;MNT;SEC;SR;OK;TASK000012988990;Priority 3;OK
APS;ETH;APS;SR;OK;TASK000012989211;Priority 3;OK
DBA;812;DBA;SR;OK;TASK000012989226;Priority 3;OK
FUN;WS;FUN;INC;OK;TASK000012989237;Priority 3;OK
FUN;OXE;FUN;SR;OK;TASK000012989569;Priority 3;OK
SEC;812;SEC;SR;OK;TASK000012989806;Priority 3;OK
SEC;MNT;SEC;SR;OK;TASK000012989949;Priority 3;OK
SEC;WS;SEC;SR;OK;TASK000012989954;Priority 3;OK
SEC;812;SEC;SR;OK;TASK000012990025;Priority 3;OK
L1;812;L1;SR;OK;TASK000012990136;Priority 3;OK
SCH;LAT;SCH;SR;Defect;TASK000012990363;Priority 3;OK
DBA;812;DBA;SR;OK;TASK000012990625;Priority 3;OK
L1;812;L1;SR;OK;TASK000012990626;Priority 3;OK
DBA;812;DBA;SR;OK;TASK000012990677;Priority 3;OK
DBA;812;DBA;SR;OK;TASK000012990723;Priority 3;OK
L1;BWI;L1;SR;OK;TASK000012990844;Priority 3;OK
FUN;ETH;FUN;SR;OK;TASK000012990934;Priority 4;OK
SEC;ETH;SEC;SR;OK;TASK000012991025;Priority 3;OK
SEC;812;SEC;SR;OK;TASK000012991103;Priority 3;OK
CNC;DPY;CNC;SR;Defect;TASK000012991477;Priority 3;OK
SEC;EDS;SEC;SR;OK;TASK000012991543;Priority 3;OK
SEC;BWI;SEC;SR;OK;TASK000012991553;Priority 3;OK
L1;BWI;L1;SR;OK;TASK000012991567;Priority 3;OK
SEC;BWI;SEC;SR;OK;TASK000012991573;Priority 4;OK
CNC;812;CNC;SR;OK;TASK000012991970;Priority 3;OK
L1;OXE;L1;SR;OK;TASK000012992165;Priority 3;OK
SEC;812;SEC;SR;OK;TASK000012992198;Priority 3;OK
SEC;BWI;SEC;SR;OK;TASK000012992424;Priority 4;OK
L1;BWI;L1;SR;OK;TASK000012992584;Priority 3;OK
L1;OXE;L1;SR;OK;TASK000012992920;Priority 3;OK
SEC;MNT;SEC;SR;OK;TASK000012993626;Priority 3;OK
SEC;812;SEC;SR;OK;TASK000012993749;Priority 3;OK
FUN;812;FUN;SR;OK;TASK000012993779;Priority 4;OK
SEC;EMS;SEC;SR;OK;TASK000012993787;Priority 3;OK
APS;ETH;APS;SR;OK;TASK000012993801;Priority 3;OK
L1;OXE;L1;SR;OK;TASK000012993913;Priority 3;OK
L1;812;L1;SR;OK;TASK000012993949;Priority 3;OK
L1;812;L1;SR;OK;TASK000012993983;Priority 3;OK
CNC;812;CNC;SR;OK;TASK000012994110;Priority 3;OK
SEC;MNT;SEC;SR;OK;TASK000012994145;Priority 3;OK
L1;BWI;L1;SR;OK;TASK000012994183;Priority 3;OK
SEC;812;SEC;SR;OK;TASK000012994225;Priority 3;OK
SEC;EMS;SEC;SR;OK;TASK000012994248;Priority 3;OK
L1;812;L1;SR;OK;TASK000012994348;Priority 3;OK
SEC;812;SEC;SR;OK;TASK000012994502;Priority 3;OK
OPS;EMS;OPS;SR;OK;TASK000012994514;Priority 4;OK
CNC;OXE;CNC;SR;OK;TASK000012994521;Priority 3;OK
SEC;BWI;SEC;SR;OK;TASK000012994527;Priority 4;OK
DBA;812;DBA;SR;OK;TASK000012994579;Priority 3;OK
SEC;812;SEC;SR;OK;TASK000012994693;Priority 3;OK
SEC;EMS;SEC;SR;OK;TASK000012994776;Priority 3;OK
SEC;812;SEC;SR;OK;TASK000012994964;Priority 3;OK
APS;ETH;APS;SR;OK;TASK000012995592;Priority 3;OK
L1;BWI;L1;SR;OK;TASK000012995873;Priority 3;OK
SEC;ETH;SEC;SR;OK;TASK000012995988;Priority 3;OK
L1;BWI;L1;SR;OK;TASK000012996448;Priority 3;OK
L1;812;L1;SR;OK;TASK000012997787;Priority 3;OK
CNC;EES;CNC;SR;OK;TASK000012998185;Priority 3;OK
SEC;812;SEC;SR;OK;TASK000012998644;Priority 3;OK
SEC;812;SEC;SR;OK;TASK000012998709;Priority 3;OK
CNC;DPY;CNC;SR;OK;TASK000012998980;Priority 3;OK
CNC;DCF;CNC;SR;OK;TASK000012999535;Priority 3;OK
CNC;812;CNC;SR;OK;TASK000012999726;Priority 3;OK
SEC;812;SEC;SR;OK;TASK000012999837;Priority 3;OK
SEC;MNT;SEC;SR;OK;TASK000012999921;Priority 3;OK
CNC;812;CNC;SR;OK;TASK000013000010;Priority 3;OK
L1;812;L1;SR;OK;TASK000013000174;Priority 3;OK
SEC;EMS;SEC;SR;OK;TASK000013000379;Priority 3;OK
FUN;EMS;FUN;SR;OK;TASK000013000514;Priority 4;OK
L1;BWI;L1;SR;OK;TASK000013000761;Priority 3;OK
DBA;812;DBA;SR;OK;TASK000013000950;Priority 3;OK
CNC;812;CNC;SR;OK;TASK000013001135;Priority 3;OK
L1;812;L1;SR;OK;TASK000013001342;Priority 3;OK
SEC;BWI;SEC;SR;OK;TASK000013001456;Priority 4;OK
SEC;DXE;SEC;SR;OK;TASK000013001457;Priority 3;OK
SEC;EES;SEC;SR;OK;TASK000013001641;Priority 3;OK
CNC;DXE;CNC;SR;OK;TASK000013001861;Priority 3;OK
CNC;812;CNC;SR;OK;TASK000013001863;Priority 3;OK
SEC;OXE;SEC;SR;OK;TASK000013002205;Priority 3;OK
SEC;CAN;SEC;SR;OK;TASK000013002318;Priority 3;OK
L1;BWI;L1;SR;OK;TASK000013002403;Priority 3;OK
SEC;812;SEC;SR;OK;TASK000013002419;Priority 3;OK
L1;BWI;L1;SR;OK;TASK000013002827;Priority 3;OK
SEC;MNT;SEC;SR;Defect;TASK000013003572;Priority 3;OK
SEC;OXE;SEC;SR;OK;TASK000013003624;Priority 3;OK
SEC;WS;SEC;SR;OK;TASK000013003845;Priority 3;OK
SEC;LAT;SEC;SR;OK;TASK000013003862;Priority 3;OK
L1;812;L1;SR;OK;TASK000013003892;Priority 3;OK
SEC;812;SEC;SR;OK;TASK000013003912;Priority 3;OK
L1;812;L1;SR;OK;TASK000013004144;Priority 3;OK
L1;812;L1;SR;OK;TASK000013004189;Priority 3;OK
SEC;812;SEC;SR;OK;TASK000013004308;Priority 3;OK
DBA;812;DBA;SR;OK;TASK000013004397;Priority 3;OK
APS;ETH;APS;SR;OK;TASK000013004539;Priority 3;OK
SEC;BWI;SEC;SR;OK;TASK000013004623;Priority 4;OK
APS;ETH;APS;SR;OK;TASK000013004680;Priority 3;OK
SEC;812;SEC;SR;OK;TASK000013004765;Priority 3;OK
L1;EMS;L1;SR;OK;TASK000013004845;Priority 3;OK
SEC;BWI;SEC;SR;OK;TASK000013004884;Priority 4;OK
SEC;BWI;SEC;SR;OK;TASK000013005166;Priority 4;OK
FUN;COR;FUN;SR;OK;TASK000013005243;Priority 3;OK
SEC;WS;SEC;SR;OK;TASK000013005255;Priority 3;OK
SEC;812;SEC;SR;OK;TASK000013005317;Priority 3;OK
CNC;CAN;CNC;SR;OK;TASK000013005399;Priority 3;OK
SEC;812;SEC;SR;OK;TASK000013005414;Priority 3;OK
L1;812;L1;SR;OK;TASK000013005416;Priority 3;OK
SEC;MNT;SEC;SR;OK;TASK000013005625;Priority 3;OK
DBA;812;DBA;SR;OK;TASK000013005722;Priority 3;OK
SCH;LAT;SCH;SR;OK;TASK000013006065;Priority 3;OK
L1;812;L1;SR;OK;TASK000013006152;Priority 3;OK
L1;EMS;OPS;SR;OK;TASK000013006202;Priority 3;OK
L1;OXE;L1;SR;OK;TASK000013006341;Priority 3;OK
CNC;LAT;CNC;SR;OK;TASK000013006433;Priority 3;OK
L1;BWI;L1;SR;OK;TASK000013006828;Priority 3;OK
SEC;812;SEC;SR;OK;TASK000013006957;Priority 3;OK
L1;OXE;L1;SR;OK;TASK000013007087;Priority 3;OK
SEC;ETH;SEC;SR;OK;TASK000013007139;Priority 3;OK
SEC;ETH;SEC;SR;OK;TASK000013007175;Priority 3;OK
SEC;ETH;SEC;SR;OK;TASK000013007187;Priority 3;OK
L1;OXE;L1;SR;OK;TASK000013007430;Priority 3;OK
L1;812;L1;SR;OK;TASK000013007432;Priority 3;OK
L1;812;L1;SR;OK;TASK000013007479;Priority 3;OK
CNC;812;CNC;INC;OK;TASK000013008101;Priority 4;OK
DBA;812;DBA;SR;OK;TASK000013008138;Priority 3;OK
L1;DXE;L1;HK;OK;TASK000013008148;Priority 3;OK
L1;812;L1;SR;OK;TASK000013008470;Priority 3;OK
FUN;OXE;FUN;SR;OK;TASK000013008544;Priority 4;OK
CNC;OXE;CNC;SR;OK;TASK000013008694;Priority 3;OK
SEC;812;SEC;SR;OK;TASK000013008794;Priority 3;OK
CNC;812;CNC;SR;OK;TASK000013008818;Priority 3;OK
L1;OXE;L1;SR;OK;TASK000013008825;Priority 3;OK
DBA;812;DBA;SR;OK;TASK000013008925;Priority 3;OK
DBA;812;DBA;SR;OK;TASK000013009212;Priority 3;OK
DBA;812;DBA;SR;OK;TASK000013009247;Priority 3;OK
SEC;BWI;SEC;SR;OK;TASK000013009391;Priority 4;OK
SEC;BWI;SEC;SR;OK;TASK000013009403;Priority 4;OK
SEC;BWI;SEC;SR;OK;TASK000013009423;Priority 4;OK
SEC;BWI;SEC;SR;OK;TASK000013009444;Priority 4;OK
SEC;812;SEC;SR;OK;TASK000013009543;Priority 3;OK
SEC;BWI;SEC;SR;OK;TASK000013009566;Priority 4;OK
CNC;812;CNC;SR;OK;TASK000013009604;Priority 3;OK
FUN;WS;FUN;INC;OK;TASK000013009624;Priority 4;OK
APS;ETH;APS;SR;OK;TASK000013010001;Priority 3;OK
L1;OXE;L1;SR;OK;TASK000013010150;Priority 3;OK
SEC;812;SEC;SR;OK;TASK000013010250;Priority 3;OK
L1;BWI;L1;SR;OK;TASK000013010354;Priority 3;OK
SEC;BWI;SEC;SR;OK;TASK000013010355;Priority 4;OK
SEC;BWI;SEC;SR;OK;TASK000013010384;Priority 4;OK
L1;BWI;L1;SR;OK;TASK000013010410;Priority 3;OK
SEC;BWI;SEC;SR;OK;TASK000013010596;Priority 4;OK
SEC;BWI;SEC;SR;OK;TASK000013010601;Priority 4;OK
SEC;BWI;SEC;SR;OK;TASK000013010672;Priority 4;OK
L1;BWI;L1;SR;OK;TASK000013010682;Priority 3;OK
FUN;ETH;FUN;SR;OK;TASK000013010758;Priority 4;OK
SEC;BWI;SEC;SR;OK;TASK000013010772;Priority 4;OK
L1;BWI;L1;SR;OK;TASK000013010862;Priority 3;OK
L1;BWI;L1;SR;OK;TASK000013011037;Priority 3;OK
SEC;812;SEC;SR;OK;TASK000013012274;Priority 3;OK
L1;812;L1;SR;OK;TASK000013012417;Priority 3;OK
SEC;812;SEC;SR;OK;TASK000013012699;Priority 3;OK
DBA;812;DBA;SR;OK;TASK000013013002;Priority 3;OK
L1;EDS;L1;SR;OK;TASK000013013022;Priority 3;OK
SEC;812;SEC;SR;OK;TASK000013013089;Priority 3;OK
L1;OXE;L1;SR;OK;TASK000013013145;Priority 3;OK
SEC;812;SEC;SR;OK;TASK000013013195;Priority 3;OK
SEC;812;SEC;SR;OK;TASK000013013529;Priority 3;OK
L1;OXE;L1;SR;OK;TASK000013013897;Priority 3;OK
SEC;812;SEC;SR;OK;TASK000013013948;Priority 3;OK
L1;BWI;L1;SR;OK;TASK000013014035;Priority 3;OK
DBA;812;DBA;SR;OK;TASK000013014059;Priority 3;OK
SEC;812;SEC;SR;OK;TASK000013014117;Priority 3;OK
SEC;DXE;SEC;SR;OK;TASK000013014156;Priority 3;OK
SEC;BWI;SEC;SR;OK;TASK000013014350;Priority 4;OK
SEC;BWI;SEC;SR;OK;TASK000013014385;Priority 4;OK
SEC;DPY;SEC;SR;OK;TASK000013014506;Priority 3;OK
SEC;MNT;SEC;SR;OK;TASK000013014547;Priority 3;OK
L1;BWI;L1;SR;OK;TASK000013014764;Priority 3;OK
SEC;BWI;SEC;SR;OK;TASK000013014801;Priority 4;OK
FUN;812;FUN;SR;OK;TASK000013015034;Priority 4;OK
L1;BWI;L1;SR;OK;TASK000013015157;Priority 3;OK
L1;812;L1;SR;OK;TASK000013015414;Priority 3;OK
DBA;812;DBA;SR;OK;TASK000013015967;Priority 3;OK
APS;ETH;APS;SR;OK;TASK000013016099;Priority 3;OK
SEC;812;SEC;SR;OK;TASK000013016148;Priority 3;OK
APS;ETH;APS;SR;OK;TASK000013016266;Priority 3;OK
FUN;DXE;FUN;SR;OK;TASK000013016356;Priority 3;OK
FUN;COR;FUN;SR;OK;TASK000013016444;Priority 3;OK
SEC;812;SEC;SR;OK;TASK000013016570;Priority 3;OK
L1;OXE;L1;SR;OK;TASK000013016582;Priority 3;OK
SEC;812;SEC;SR;OK;TASK000013016618;Priority 3;OK
SEC;EMS;SEC;SR;OK;TASK000013016737;Priority 3;OK
FUN;WS;FUN;SR;OK;TASK000013016927;Priority 4;OK
SEC;812;SEC;SR;OK;TASK000013016960;Priority 3;OK
DBA;812;DBA;SR;OK;TASK000013017038;Priority 3;OK
SEC;DPY;SEC;SR;OK;TASK000013017122;Priority 3;OK
SEC;DPY;SEC;SR;OK;TASK000013017155;Priority 3;OK
L1;812;L1;SR;OK;TASK000013017225;Priority 3;OK
SEC;OXE;SEC;SR;OK;TASK000013017243;Priority 3;OK
OPS;EMS;OPS;SR;OK;TASK000013017390;Priority 3;OK
SEC;812;SEC;SR;OK;TASK000013017460;Priority 3;OK
SEC;BWI;SEC;SR;OK;TASK000013017615;Priority 4;OK
APS;ETH;APS;SR;OK;TASK000013017788;Priority 3;OK
SEC;ETH;SEC;SR;OK;TASK000013018080;Priority 3;OK
SEC;812;SEC;SR;OK;TASK000013018081;Priority 3;OK
SCH;BWI;SCH;SR;OK;TASK000013018088;Priority 3;OK
L1;BWI;L1;SR;OK;TASK000013018167;Priority 3;OK
L1;OXE;L1;SR;OK;TASK000013018187;Priority 3;OK
SEC;BWI;SEC;SR;OK;TASK000013018392;Priority 4;OK
CNC;BWI;CNC;SR;OK;TASK000013018503;Priority 3;OK
L1;812;L1;SR;OK;TASK000013018721;Priority 3;OK
L1;BWI;L1;SR;OK;TASK000013019082;Priority 3;OK
FUN;ETH;FUN;SR;OK;TASK000013019177;Priority 3;OK
SEC;WS;SEC;SR;OK;TASK000013019426;Priority 3;OK
CNC;BWI;CNC;SR;OK;TASK000013019506;Priority 3;OK
DBA;812;DBA;SR;OK;TASK000013019515;Priority 3;OK
SEC;BWI;SEC;SR;OK;TASK000013022275;Priority 4;OK
SEC;BWI;SEC;SR;OK;TASK000013022335;Priority 4;OK
FUN;812;FUN;SR;OK;TASK000013022399;Priority 4;OK
FUN;WS;FUN;SR;OK;TASK000013022403;Priority 4;OK
SEC;BWI;SEC;SR;OK;TASK000013023426;Priority 4;OK
FUN;812;FUN;INC;OK;TASK000013024869;Priority 4;OK
SEC;BWI;SEC;SR;OK;TASK000013027567;Priority 4;OK
SEC;BWI;SEC;SR;OK;TASK000013029909;Priority 4;OK
SEC;BWI;SEC;SR;OK;TASK000013030166;Priority 4;OK
FUN;WS;FUN;INC;OK;TASK000013032980;Priority 4;OK
SEC;BWI;SEC;SR;OK;TASK000013034148;Priority 4;OK
FUN;WS;FUN;INC;OK;TASK000013034453;Priority 4;OK
SEC;BWI;SEC;SR;OK;TASK000013034744;Priority 4;OK
SEC;BWI;SEC;SR;OK;TASK000013034763;Priority 4;OK
FUN;MNT;FUN;SR;OK;TASK000013037911;Priority 4;OK
SEC;BWI;SEC;SR;OK;TASK000013040180;Priority 4;OK
CNC;DPY;CNC;SR;OK;TASK000013041175;Priority 3;OK
CNC;DPY;CNC;SR;OK;TASK000013041213;Priority 3;OK
SEC;WS;SEC;SR;OK;TASK000013041606;Priority 3;OK
SEC;812;SEC;SR;OK;TASK000013041661;Priority 3;OK
SEC;MNT;SEC;SR;OK;TASK000013041669;Priority 3;OK
L1;812;L1;SR;OK;TASK000013041886;Priority 3;OK
SEC;812;SEC;SR;OK;TASK000013041968;Priority 3;OK
L1;DCF;L1;SR;OK;TASK000013042000;Priority 3;OK
SEC;WS;SEC;SR;OK;TASK000013042282;Priority 3;OK
SEC;DPY;SEC;SR;OK;TASK000013042727;Priority 3;OK
DBA;812;DBA;SR;OK;TASK000013042787;Priority 3;OK
SEC;BWI;SEC;SR;OK;TASK000013042806;Priority 4;OK
SEC;MNT;SEC;SR;OK;TASK000013042858;Priority 3;OK
CNC;812;CNC;SR;OK;TASK000013042869;Priority 3;OK
DBA;812;DBA;SR;OK;TASK000013042888;Priority 3;OK
DBA;812;DBA;SR;OK;TASK000013043066;Priority 3;OK
DBA;812;DBA;SR;OK;TASK000013043071;Priority 3;OK
DBA;812;DBA;SR;OK;TASK000013043099;Priority 3;OK
DBA;812;DBA;SR;OK;TASK000013043108;Priority 3;OK
SCH;812;SCH;SR;OK;TASK000013043430;Priority 3;OK
SEC;DXE;SEC;SR;OK;TASK000013043540;Priority 3;OK
SEC;CAN;SEC;SR;OK;TASK000013044034;Priority 3;OK
CNC;LAT;CNC;SR;OK;TASK000013044173;Priority 3;OK
L1;BWI;L1;SR;OK;TASK000013044194;Priority 3;OK
SEC;OXE;SEC;SR;OK;TASK000013044259;Priority 3;OK
APS;EES;APS;SR;OK;TASK000013044433;Priority 3;OK
SEC;BWI;SEC;SR;OK;TASK000013044439;Priority 4;OK
SEC;BWI;SEC;SR;OK;TASK000013044444;Priority 4;OK
SEC;MNT;SEC;SR;Defect;TASK000013044518;Priority 3;OK
SEC;BWI;SEC;SR;OK;TASK000013044685;Priority 4;OK
SEC;BWI;SEC;SR;OK;TASK000013044692;Priority 4;OK
L1;812;L1;SR;OK;TASK000013044764;Priority 3;OK
L1;BWI;L1;SR;OK;TASK000013045124;Priority 3;OK
SEC;LAT;SEC;SR;OK;TASK000013045250;Priority 3;OK
FUN;812;FUN;SR;OK;TASK000013045301;Priority 3;OK
DBA;812;DBA;SR;OK;TASK000013045969;Priority 3;OK
L1;812;L1;SR;OK;TASK000013046006;Priority 3;OK
L1;812;L1;SR;OK;TASK000013046187;Priority 3;OK
L1;812;L1;SR;OK;TASK000013046266;Priority 3;OK
CNC;LAT;CNC;SR;OK;TASK000013046408;Priority 3;OK
SEC;812;SEC;SR;OK;TASK000013046481;Priority 3;OK
SEC;WS;SEC;SR;OK;TASK000013046493;Priority 3;OK
SEC;DPY;SEC;SR;OK;TASK000013046520;Priority 3;OK
DBA;812;DBA;CHG;OK;TASK000013046725;Priority 3;Defect
SEC;812;SEC;SR;OK;TASK000013046922;Priority 3;OK
SEC;BWI;SEC;SR;OK;TASK000013046938;Priority 4;OK
SEC;BWI;SEC;SR;OK;TASK000013046980;Priority 4;OK
CNC;812;CNC;SR;OK;TASK000013047204;Priority 3;OK
SEC;812;SEC;SR;OK;TASK000013047467;Priority 3;OK
L1;BWI;L1;SR;OK;TASK000013047848;Priority 3;OK
CNC;812;CNC;SR;OK;TASK000013047924;Priority 3;OK
SEC;BWI;SEC;SR;OK;TASK000013048212;Priority 4;OK
CNC;LAT;CNC;SR;OK;TASK000013048282;Priority 3;OK
SEC;CAN;SEC;SR;OK;TASK000013048301;Priority 3;OK
L1;BWI;L1;SR;OK;TASK000013048385;Priority 3;OK
DBA;812;DBA;SR;OK;TASK000013048513;Priority 3;OK
SEC;MNT;SEC;SR;OK;TASK000013049418;Priority 3;OK
SEC;812;SEC;SR;OK;TASK000013049871;Priority 3;OK
L1;812;L1;HK;OK;TASK000013050071;Priority 3;OK
SEC;812;SEC;SR;OK;TASK000013050084;Priority 3;OK
SCH;812;SCH;SR;OK;TASK000013050116;Priority 3;OK
SEC;DXE;SEC;SR;OK;TASK000013050128;Priority 3;OK
APS;ETH;APS;SR;OK;TASK000013050201;Priority 3;OK
CNC;812;CNC;SR;OK;TASK000013050234;Priority 3;OK
SEC;812;SEC;SR;OK;TASK000013050411;Priority 3;OK
DBA;812;DBA;SR;OK;TASK000013050443;Priority 3;OK
FUN;WS;FUN;INC;OK;TASK000013050493;Priority 3;OK
APS;ETH;APS;SR;OK;TASK000013050585;Priority 3;OK
CNC;BWI;CNC;SR;OK;TASK000013050756;Priority 3;OK
SEC;BWI;SEC;SR;OK;TASK000013050765;Priority 3;OK
OPS;EMS;OPS;SR;OK;TASK000013050780;Priority 3;OK
CNC;ETH;CNC;SR;OK;TASK000013050816;Priority 3;OK
SCH;BWI;SCH;SR;OK;TASK000013050872;Priority 3;OK
SEC;812;SEC;SR;OK;TASK000013050879;Priority 3;OK
SEC;BWI;SEC;SR;OK;TASK000013050987;Priority 4;OK
CNC;DXE;CNC;SR;OK;TASK000013050998;Priority 3;OK
SEC;EMS;SEC;SR;OK;TASK000013051046;Priority 3;OK
CNC;ETH;CNC;SR;OK;TASK000013051101;Priority 3;OK
DBA;812;DBA;SR;OK;TASK000013051241;Priority 3;OK
APS;ETH;APS;SR;OK;TASK000013051437;Priority 3;OK
CNC;LAT;CNC;SR;OK;TASK000013051559;Priority 3;OK
SEC;BWI;SEC;SR;OK;TASK000013051565;Priority 4;OK
SEC;812;SEC;SR;OK;TASK000013051576;Priority 3;OK
CNC;812;CNC;SR;OK;TASK000013051746;Priority 3;OK
CNC;812;CNC;SR;OK;TASK000013051810;Priority 3;OK
CNC;BWI;CNC;SR;OK;TASK000013051881;Priority 3;OK
FUN;EES;FUN;SR;OK;TASK000013051994;Priority 4;OK
L1;BWI;L1;SR;OK;TASK000013052100;Priority 3;OK
L1;BWI;L1;SR;OK;TASK000013052360;Priority 3;OK
SEC;812;SEC;SR;OK;TASK000013052971;Priority 3;OK
SEC;LAT;SEC;SR;OK;TASK000013053002;Priority 3;OK
SEC;812;SEC;SR;OK;TASK000013053004;Priority 3;OK
SCH;LAT;SCH;SR;OK;TASK000013053311;Priority 3;OK
DBA;812;DBA;SR;OK;TASK000013053442;Priority 3;OK
DBA;812;DBA;SR;OK;TASK000013053499;Priority 3;OK
L1;812;L1;SR;OK;TASK000013053612;Priority 3;OK
L1;812;L1;SR;OK;TASK000013053745;Priority 3;OK
L1;812;L1;SR;OK;TASK000013053796;Priority 3;OK
SEC;812;SEC;SR;OK;TASK000013053812;Priority 3;OK
SEC;812;SEC;SR;OK;TASK000013053820;Priority 3;OK
SEC;812;SEC;SR;OK;TASK000013053828;Priority 3;OK
FUN;812;FUN;HK;OK;TASK000013054184;Priority 4;OK
L1;BWI;L1;SR;OK;TASK000013054217;Priority 3;OK
FUN;812;FUN;SR;OK;TASK000013054225;Priority 3;OK
SEC;DXE;SEC;SR;OK;TASK000013054354;Priority 3;OK
SEC;LAT;SEC;SR;OK;TASK000013054708;Priority 3;OK
DBA;812;DBA;SR;OK;TASK000013054726;Priority 3;OK
FUN;EES;FUN;SR;OK;TASK000013054765;Priority 4;OK
SEC;812;SEC;SR;OK;TASK000013054841;Priority 3;OK
SEC;812;SEC;SR;OK;TASK000013054909;Priority 3;OK
SEC;812;SEC;SR;OK;TASK000013054916;Priority 3;OK
DBA;812;DBA;SR;OK;TASK000013055006;Priority 3;OK
SEC;812;SEC;SR;OK;TASK000013055019;Priority 3;OK
L1;BWI;L1;SR;OK;TASK000013055204;Priority 3;OK
SEC;EMS;SEC;SR;OK;TASK000013055248;Priority 3;OK
CNC;LAT;CNC;SR;OK;TASK000013055550;Priority 3;OK
CNC;LAT;CNC;SR;OK;TASK000013055567;Priority 3;OK
CNC;812;CNC;SR;OK;TASK000013055579;Priority 3;OK
CNC;812;CNC;SR;OK;TASK000013055591;Priority 3;OK
CNC;BWI;CNC;SR;OK;TASK000013055595;Priority 3;OK
SEC;CAN;SEC;SR;OK;TASK000013055616;Priority 3;OK
SEC;BWI;SEC;SR;OK;TASK000013055715;Priority 4;OK
SEC;BWI;SEC;SR;OK;TASK000013055743;Priority 4;OK
SEC;BWI;SEC;SR;OK;TASK000013055797;Priority 4;OK
SEC;BWI;SEC;SR;OK;TASK000013055823;Priority 4;OK
SEC;BWI;SEC;SR;OK;TASK000013055828;Priority 4;OK
SEC;BWI;SEC;SR;OK;TASK000013055985;Priority 4;OK
FUN;ETH;FUN;SR;OK;TASK000013055988;Priority 4;OK
APS;ETH;APS;SR;OK;TASK000013056079;Priority 3;OK
APS;EES;APS;SR;OK;TASK000013056186;Priority 3;OK
SCH;812;SCH;SR;OK;TASK000013056245;Priority 3;OK
CNC;LAT;CNC;SR;OK;TASK000013056511;Priority 3;OK
SEC;812;SEC;SR;OK;TASK000013057301;Priority 3;OK
FUN;812;FUN;INC;Defect;TASK000013057330;Priority 4;OK
FUN;WS;FUN;SR;OK;TASK000013057441;Priority 3;OK
SEC;EMS;SEC;SR;OK;TASK000013057656;Priority 3;OK
APS;ETH;APS;SR;OK;TASK000013057866;Priority 3;OK
CNC;812;CNC;SR;OK;TASK000013057869;Priority 3;OK
SEC;MNT;SEC;SR;OK;TASK000013058140;Priority 3;OK
APS;ETH;APS;SR;OK;TASK000013058209;Priority 3;OK
SEC;EMS;SEC;SR;Defect;TASK000013058236;Priority 3;OK
CNC;LAT;CNC;SR;OK;TASK000013058253;Priority 3;OK
FUN;MNT;FUN;SR;OK;TASK000013058317;Priority 4;OK
SEC;BWI;SEC;SR;OK;TASK000013058351;Priority 4;OK
CNC;BWI;CNC;SR;OK;TASK000013058507;Priority 3;OK
DBA;812;DBA;SR;OK;TASK000013058747;Priority 3;OK
CNC;OXE;CNC;SR;OK;TASK000013058961;Priority 3;OK
CNC;LAT;CNC;SR;OK;TASK000013059009;Priority 3;OK
SEC;BWI;SEC;SR;OK;TASK000013059095;Priority 4;OK
SEC;MNT;SEC;SR;OK;TASK000013059151;Priority 3;OK
APS;ETH;APS;SR;OK;TASK000013059203;Priority 3;OK
SEC;BWI;SEC;SR;OK;TASK000013059392;Priority 4;OK
SEC;MNT;SEC;SR;OK;TASK000013059428;Priority 3;OK
CNC;BWI;CNC;SR;OK;TASK000013059453;Priority 3;OK
SEC;ETH;SEC;SR;OK;TASK000013059809;Priority 3;OK
SEC;EMS;SEC;SR;OK;TASK000013059814;Priority 3;OK
SEC;ETH;SEC;SR;OK;TASK000013059819;Priority 3;OK
SEC;ETH;SEC;SR;OK;TASK000013059872;Priority 3;OK
CNC;MNT;CNC;SR;OK;TASK000013060205;Priority 3;OK
SEC;812;SEC;SR;OK;TASK000013060216;Priority 3;OK
SEC;812;SEC;SR;OK;TASK000013060220;Priority 3;OK
SEC;812;SEC;SR;OK;TASK000013060247;Priority 3;OK
SEC;BWI;SEC;SR;OK;TASK000013060411;Priority 4;OK
APS;EES;APS;SR;OK;TASK000013061331;Priority 3;OK
CNC;DPY;CNC;SR;OK;TASK000013061364;Priority 3;OK
L1;812;L1;SR;OK;TASK000013061859;Priority 3;OK
L1;812;L1;SR;OK;TASK000013062108;Priority 3;OK
SEC;812;SEC;SR;OK;TASK000013062508;Priority 3;OK
DBA;812;DBA;SR;OK;TASK000013062857;Priority 3;OK
CNC;812;CNC;SR;OK;TASK000013062922;Priority 3;OK
DBA;812;DBA;SR;OK;TASK000013063014;Priority 3;OK
SEC;OXE;SEC;SR;OK;TASK000013063059;Priority 3;OK
SEC;MNT;SEC;SR;OK;TASK000013063242;Priority 3;OK
SEC;MNT;SEC;SR;OK;TASK000013063253;Priority 3;OK
DBA;812;DBA;SR;OK;TASK000013063335;Priority 3;OK
SEC;OXE;SEC;SR;OK;TASK000013063534;Priority 3;OK
L1;DXE;L1;HK;OK;TASK000013063729;Priority 3;OK
SEC;812;SEC;SR;OK;TASK000013063839;Priority 3;OK
SEC;ETH;SEC;SR;OK;TASK000013064172;Priority 3;OK
SEC;MNT;SEC;SR;OK;TASK000013064432;Priority 3;OK
SEC;CAN;SEC;SR;OK;TASK000013064594;Priority 3;OK
CNC;MNT;CNC;SR;OK;TASK000013064819;Priority 3;OK
FUN;812;FUN;HK;OK;TASK000013064907;Priority 4;OK
CNC;MNT;CNC;SR;OK;TASK000013065233;Priority 3;OK
L1;BWI;L1;SR;OK;TASK000013065437;Priority 3;OK
L1;BWI;L1;SR;OK;TASK000013065564;Priority 3;OK
DBA;812;DBA;SR;OK;TASK000013065663;Priority 3;OK
CNC;CAN;CNC;SR;OK;TASK000013065972;Priority 3;OK
FUN;WS;FUN;SR;OK;TASK000013066307;Priority 3;OK
APS;EES;APS;SR;OK;TASK000013067046;Priority 3;OK
APS;EES;APS;SR;OK;TASK000013067063;Priority 3;OK
DBA;812;DBA;SR;OK;TASK000013067203;Priority 3;OK
DBA;812;DBA;SR;OK;TASK000013067550;Priority 3;OK
SEC;MNT;SEC;SR;OK;TASK000013068328;Priority 3;OK
SEC;BWI;SEC;SR;OK;TASK000013068348;Priority 4;OK
SEC;812;SEC;SR;OK;TASK000013068367;Priority 3;OK
DBA;812;DBA;SR;OK;TASK000013068518;Priority 3;OK
L1;812;L1;SR;OK;TASK000013068575;Priority 3;OK
SEC;EDS;SEC;SR;OK;TASK000013068718;Priority 3;OK
SCH;812;SCH;SR;OK;TASK000013068742;Priority 3;OK
SEC;812;SEC;SR;OK;TASK000013068791;Priority 3;OK
SEC;BWI;SEC;SR;OK;TASK000013069569;Priority 4;OK
CNC;OXE;CNC;SR;OK;TASK000013069961;Priority 3;OK
L1;BWI;L1;SR;OK;TASK000013070162;Priority 3;OK
L1;ETH;L1;SR;OK;TASK000013070338;Priority 3;OK
APS;ETH;APS;SR;OK;TASK000013071610;Priority 3;OK
FUN;OXE;FUN;SR;OK;TASK000013071684;Priority 4;OK
SEC;DXE;SEC;SR;OK;TASK000013071722;Priority 3;OK
SEC;812;SEC;SR;OK;TASK000013071843;Priority 3;OK
DBA;812;DBA;SR;OK;TASK000013071858;Priority 3;OK
APS;ETH;APS;SR;OK;TASK000013071930;Priority 3;OK
APS;ETH;APS;SR;OK;TASK000013071990;Priority 3;OK
L1;812;L1;SR;OK;TASK000013072221;Priority 3;OK
SEC;WS;SEC;SR;OK;TASK000013072467;Priority 3;OK
L1;BWI;L1;SR;OK;TASK000013072644;Priority 3;OK
FUN;DXE;FUN;SR;OK;TASK000013072668;Priority 4;OK
SEC;OXE;SEC;SR;OK;TASK000013072990;Priority 3;OK
CNC;ETH;CNC;SR;OK;TASK000013072996;Priority 3;OK
DBA;812;DBA;SR;OK;TASK000013073181;Priority 3;OK
DBA;812;DBA;SR;OK;TASK000013073207;Priority 3;OK
DBA;812;DBA;SR;OK;TASK000013073267;Priority 3;OK
APS;ETH;APS;SR;OK;TASK000013073307;Priority 3;OK
SCH;LAT;SCH;SR;OK;TASK000013073336;Priority 3;OK
FUN;ETH;FUN;SR;OK;TASK000013073351;Priority 3;OK
OPS;EDS;OPS;SR;OK;TASK000013073495;Priority 3;OK
CNC;ETH;CNC;SR;OK;TASK000013073742;Priority 3;OK
SEC;BWI;SEC;SR;OK;TASK000013074059;Priority 4;OK
CNC;BWI;CNC;SR;OK;TASK000013074978;Priority 3;OK
SEC;812;SEC;SR;OK;TASK000013075440;Priority 3;OK
CNC;812;CNC;SR;OK;TASK000013075474;Priority 3;OK
FUN;812;FUN;HK;OK;TASK000013075634;Priority 4;OK
SEC;OXE;SEC;SR;OK;TASK000013075652;Priority 3;OK
L1;WS;L1;HK;OK;TASK000013075779;Priority 3;OK
FUN;WS;FUN;SR;OK;TASK000013075926;Priority 3;OK
DBA;812;DBA;SR;OK;TASK000013075937;Priority 3;OK
SEC;EDS;SEC;SR;OK;TASK000013076003;Priority 3;OK
L1;812;L1;SR;OK;TASK000013076116;Priority 3;OK
SEC;812;SEC;SR;OK;TASK000013076160;Priority 3;OK
SEC;812;SEC;SR;OK;TASK000013076574;Priority 3;OK
SEC;812;SEC;SR;OK;TASK000013076654;Priority 3;OK
SEC;MNT;SEC;SR;OK;TASK000013076825;Priority 3;OK
CNC;812;CNC;SR;OK;TASK000013077210;Priority 3;OK
SEC;BWI;SEC;SR;OK;TASK000013077260;Priority 4;OK
CNC;812;CNC;SR;OK;TASK000013077421;Priority 3;OK
FUN;812;FUN;INC;Defect;TASK000013077560;Priority 4;OK
CNC;MNT;CNC;SR;OK;TASK000013077851;Priority 3;OK
SEC;MNT;SEC;SR;OK;TASK000013078207;Priority 3;OK
SEC;ETH;SEC;SR;OK;TASK000013078208;Priority 3;OK
SEC;DPY;SEC;SR;OK;TASK000013078209;Priority 3;OK
SEC;BWI;SEC;SR;OK;TASK000013078250;Priority 4;OK
SEC;BWI;SEC;SR;OK;TASK000013078308;Priority 4;OK
SEC;OXE;SEC;SR;OK;TASK000013078404;Priority 3;OK
SEC;EMS;SEC;SR;OK;TASK000013079450;Priority 3;OK
L1;812;L1;SR;OK;TASK000013079572;Priority 3;OK
SEC;812;SEC;SR;OK;TASK000013079580;Priority 3;OK
L1;812;L1;SR;OK;TASK000013079872;Priority 3;OK
SEC;812;SEC;SR;OK;TASK000013079879;Priority 3;OK
SCH;LAT;SCH;SR;OK;TASK000013079880;Priority 3;OK
SEC;812;SEC;SR;OK;TASK000013079913;Priority 3;OK
DBA;812;DBA;SR;OK;TASK000013079923;Priority 3;OK
SEC;DXE;SEC;SR;OK;TASK000013079987;Priority 3;OK
SEC;OXE;SEC;SR;OK;TASK000013079996;Priority 3;OK
SEC;812;SEC;SR;OK;TASK000013080004;Priority 3;OK
SEC;EDS;SEC;SR;OK;TASK000013080006;Priority 3;OK
L1;812;L1;SR;OK;TASK000013080007;Priority 3;OK
DBA;812;DBA;SR;OK;TASK000013080037;Priority 3;OK
SEC;812;SEC;SR;OK;TASK000013080108;Priority 3;OK
SEC;812;SEC;SR;OK;TASK000013080129;Priority 3;OK
L1;812;L1;SR;OK;TASK000013080243;Priority 3;OK
SEC;812;SEC;SR;OK;TASK000013080257;Priority 3;OK
APS;ETH;APS;SR;OK;TASK000013080342;Priority 3;OK
SEC;812;SEC;SR;OK;TASK000013080473;Priority 3;OK
SEC;812;SEC;SR;OK;TASK000013080663;Priority 3;OK
SEC;ETH;SEC;SR;OK;TASK000013080680;Priority 3;OK
L1;812;L1;HK;OK;TASK000013080762;Priority 3;OK
CNC;OXE;CNC;SR;OK;TASK000013080959;Priority 3;OK
L1;BWI;L1;SR;OK;TASK000013080977;Priority 3;OK
SEC;BWI;SEC;SR;OK;TASK000013081468;Priority 4;OK
CNC;CAN;CNC;SR;OK;TASK000013081588;Priority 3;OK
None;812;CNC;SR;OK;TASK000013081615;Priority 3;OK
CNC;812;CNC;SR;OK;TASK000013081630;Priority 3;OK
SEC;BWI;SEC;SR;OK;TASK000013081638;Priority 4;OK
L1;BWI;L1;SR;OK;TASK000013082108;Priority 3;OK
CNC;DPY;CNC;SR;OK;TASK000013083424;Priority 3;OK
SEC;WS;SEC;SR;OK;TASK000013083776;Priority 3;OK
SEC;812;SEC;SR;OK;TASK000013084106;Priority 3;OK
DBA;812;DBA;CHG;OK;TASK000013084114;Priority 3;Defect
DBA;812;DBA;SR;OK;TASK000013084398;Priority 3;OK
SEC;OXE;SEC;SR;OK;TASK000013084400;Priority 3;OK
CNC;DCF;CNC;SR;OK;TASK000013084889;Priority 3;OK
CNC;CAN;CNC;SR;OK;TASK000013084890;Priority 3;OK
L1;812;L1;SR;OK;TASK000013085206;Priority 3;OK
SEC;WS;SEC;SR;OK;TASK000013085398;Priority 3;OK
L1;BWI;L1;SR;OK;TASK000013085418;Priority 3;OK
SEC;812;SEC;SR;OK;TASK000013085506;Priority 3;OK
SEC;WS;SEC;SR;OK;TASK000013085537;Priority 3;OK
SEC;MNT;SEC;SR;OK;TASK000013085770;Priority 3;OK
CNC;ETH;CNC;SR;OK;TASK000013086038;Priority 3;OK
L1;BWI;L1;SR;OK;TASK000013086054;Priority 4;OK
SEC;MNT;SEC;SR;OK;TASK000013086068;Priority 3;OK
SEC;MNT;SEC;SR;OK;TASK000013086073;Priority 3;OK
L1;812;L1;SR;Defect;TASK000013086166;Priority 3;OK
SEC;ETH;SEC;SR;OK;TASK000013086187;Priority 3;OK
SEC;BWI;SEC;SR;OK;TASK000013086307;Priority 4;OK
SEC;BWI;SEC;SR;OK;TASK000013086410;Priority 4;OK
L1;812;L1;SR;OK;TASK000013086920;Priority 3;OK
DBA;812;DBA;SR;OK;TASK000013087672;Priority 3;OK
DBA;812;DBA;SR;OK;TASK000013087883;Priority 3;OK
SEC;812;SEC;SR;OK;TASK000013087976;Priority 3;OK
FUN;812;FUN;SR;OK;TASK000013088174;Priority 3;OK
SEC;WS;SEC;SR;OK;TASK000013088224;Priority 3;OK
FUN;MNT;FUN;SR;OK;TASK000013088841;Priority 4;OK
L1;BWI;L1;SR;OK;TASK000013089159;Priority 3;OK
FUN;DXE;FUN;SR;OK;TASK000013089321;Priority 4;OK
CNC;812;CNC;SR;OK;TASK000013089711;Priority 3;OK
SEC;BWI;SEC;SR;OK;TASK000013089816;Priority 4;OK
L1;BWI;L1;INC;OK;TASK000013090380;Priority 3;OK
L1;812;L1;SR;OK;TASK000013090439;Priority 3;OK
L1;BWI;L1;SR;OK;TASK000013090530;Priority 3;OK
L1;BWI;L1;SR;OK;TASK000013090704;Priority 3;OK
CNC;DCF;CNC;SR;OK;TASK000013090717;Priority 3;OK
L1;812;L1;SR;OK;TASK000013090728;Priority 3;OK
DBA;812;DBA;SR;OK;TASK000013091192;Priority 3;OK
L1;812;L1;SR;OK;TASK000013091575;Priority 3;OK
CNC;812;CNC;SR;OK;TASK000013091643;Priority 3;OK
FUN;DXE;FUN;SR;OK;TASK000013091730;Priority 3;OK
SEC;WS;SEC;SR;OK;TASK000013091813;Priority 3;OK
SEC;WS;SEC;SR;OK;TASK000013091824;Priority 3;OK
SEC;EES;SEC;SR;OK;TASK000013091886;Priority 3;OK
SEC;WS;SEC;SR;OK;TASK000013091888;Priority 3;OK
DBA;812;DBA;SR;OK;TASK000013092276;Priority 3;OK
DBA;812;DBA;SR;OK;TASK000013092465;Priority 3;OK
APS;ETH;APS;SR;OK;TASK000013092736;Priority 3;OK
CNC;CAN;CNC;SR;OK;TASK000013092775;Priority 3;OK
OPS;WS;TEC;SR;OK;TASK000013093076;Priority 4;OK
SEC;BWI;SEC;SR;OK;TASK000013093197;Priority 4;OK
CNC;CAN;CNC;SR;OK;TASK000013093230;Priority 3;OK
SEC;BWI;SEC;SR;OK;TASK000013093405;Priority 4;OK
SEC;BWI;SEC;SR;OK;TASK000013093512;Priority 4;OK
SEC;BWI;SEC;SR;OK;TASK000013093552;Priority 4;OK
L1;BWI;L1;SR;OK;TASK000013093597;Priority 3;OK
SCH;LAT;SCH;SR;OK;TASK000013093605;Priority 3;OK
CNC;CAN;CNC;SR;OK;TASK000013093650;Priority 3;OK
SCH;LAT;SCH;SR;OK;TASK000013093746;Priority 3;OK
SEC;812;SEC;SR;OK;TASK000013093997;Priority 3;OK
FUN;ETH;FUN;SR;OK;TASK000013094113;Priority 3;OK
CNC;CAN;CNC;SR;OK;TASK000013095122;Priority 3;OK
CNC;CAN;CNC;SR;OK;TASK000013095123;Priority 3;OK
DBA;812;DBA;SR;OK;TASK000013095473;Priority 3;OK
DBA;812;DBA;SR;OK;TASK000013095488;Priority 3;OK
DBA;812;DBA;CHG;OK;TASK000013095589;Priority 3;Defect
APS;ETH;APS;SR;OK;TASK000013095670;Priority 3;OK
DBA;812;DBA;SR;OK;TASK000013095716;Priority 3;OK
None;812;SCH;SR;OK;TASK000013095736;Priority 3;OK
L1;812;L1;INC;OK;TASK000013095863;Priority 3;OK
SEC;BWI;SEC;SR;OK;TASK000013095967;Priority 4;OK
FUN;OXE;FUN;SR;OK;TASK000013096025;Priority 4;OK
CNC;CAN;CNC;SR;OK;TASK000013096512;Priority 3;OK
CNC;CAN;CNC;SR;OK;TASK000013096710;Priority 3;OK
L1;BWI;L1;SR;OK;TASK000013096820;Priority 3;OK
L1;BWI;L1;SR;OK;TASK000013097205;Priority 3;OK
SEC;812;SEC;SR;OK;TASK000013097308;Priority 3;OK
SEC;BWI;SEC;SR;OK;TASK000013097365;Priority 4;OK
L1;BWI;L1;SR;OK;TASK000013097431;Priority 3;OK
APS;EES;APS;SR;OK;TASK000013098075;Priority 3;OK
L1;812;L1;SR;OK;TASK000013098281;Priority 3;OK
SCH;812;SCH;SR;OK;TASK000013098333;Priority 3;OK
SEC;OXE;SEC;SR;OK;TASK000013098382;Priority 3;OK
SEC;812;SEC;SR;OK;TASK000013098403;Priority 3;OK
SEC;EMS;SEC;SR;OK;TASK000013098508;Priority 3;OK
DBA;812;DBA;SR;OK;TASK000013098541;Priority 3;OK
SEC;BWI;SEC;SR;OK;TASK000013098986;Priority 3;OK
SEC;BWI;SEC;SR;OK;TASK000013099068;Priority 3;OK
L1;BWI;L1;SR;OK;TASK000013099109;Priority 3;OK
CNC;812;CNC;SR;OK;TASK000013099372;Priority 3;OK
SCH;LAT;SCH;SR;OK;TASK000013099457;Priority 3;OK
L1;BWI;L1;SR;OK;TASK000013099486;Priority 3;OK
L1;812;L1;SR;OK;TASK000013099521;Priority 3;OK
L1;BWI;L1;SR;OK;TASK000013099581;Priority 3;OK
SEC;BWI;SEC;SR;OK;TASK000013099941;Priority 4;OK
L1;BWI;L1;SR;OK;TASK000013099970;Priority 3;OK
CNC;ETH;CNC;SR;OK;TASK000013099987;Priority 3;OK
L1;BWI;L1;SR;OK;TASK000013100084;Priority 3;OK
APS;ETH;APS;SR;OK;TASK000013100193;Priority 3;OK
L1;BWI;L1;SR;OK;TASK000013100306;Priority 3;OK
FUN;DXE;FUN;SR;OK;TASK000013100318;Priority 3;OK
SEC;MNT;SEC;SR;OK;TASK000013100559;Priority 3;OK
SEC;812;SEC;SR;OK;TASK000013100935;Priority 3;OK
L1;BWI;L1;SR;OK;TASK000013100967;Priority 3;OK
CNC;ETH;CNC;SR;OK;TASK000013101058;Priority 3;OK
CNC;DCF;CNC;SR;OK;TASK000013101491;Priority 3;OK
DBA;812;DBA;SR;OK;TASK000013102647;Priority 3;OK
SEC;812;SEC;SR;OK;TASK000013102717;Priority 3;OK
SEC;EMS;SEC;SR;OK;TASK000013102809;Priority 3;OK
SEC;812;SEC;SR;OK;TASK000013102847;Priority 3;OK
SEC;WS;SEC;SR;OK;TASK000013102884;Priority 3;OK
SEC;812;SEC;SR;OK;TASK000013102999;Priority 3;OK
SEC;812;SEC;SR;OK;TASK000013103125;Priority 3;OK
L1;812;L1;SR;OK;TASK000013103225;Priority 3;OK
APS;ETH;APS;SR;OK;TASK000013103375;Priority 3;OK
SEC;812;SEC;SR;OK;TASK000013103609;Priority 3;OK
DBA;812;DBA;SR;OK;TASK000013103710;Priority 3;OK
DBA;812;DBA;SR;OK;TASK000013103732;Priority 3;OK
DBA;812;DBA;SR;OK;TASK000013103739;Priority 3;OK
FUN;812;FUN;SR;OK;TASK000013103770;Priority 3;OK
SCH;LAT;SCH;SR;OK;TASK000013103801;Priority 3;OK
SCH;LAT;SCH;SR;OK;TASK000013103936;Priority 3;OK
L1;BWI;L1;SR;OK;TASK000013103984;Priority 3;OK
CNC;OXE;CNC;SR;OK;TASK000013104002;Priority 3;OK
SEC;BWI;SEC;SR;OK;TASK000013104910;Priority 4;OK
FIN;812;FUN;INC;OK;TASK000013105437;Priority 4;OK
FUN;812;FUN;SR;OK;TASK000013105796;Priority 4;OK
SEC;BWI;SEC;SR;OK;TASK000013106213;Priority 4;OK
SEC;DPY;SEC;SR;OK;TASK000013107440;Priority 4;OK
FUN;812;FUN;INC;OK;TASK000013108694;Priority 4;OK
FUN;DXE;FUN;SR;OK;TASK000013109275;Priority 4;OK
SEC;BWI;SEC;SR;OK;TASK000013113326;Priority 4;OK
SEC;BWI;SEC;SR;OK;TASK000013113377;Priority 4;OK
SEC;BWI;SEC;SR;OK;TASK000013113794;Priority 4;OK
SEC;BWI;SEC;SR;OK;TASK000013114120;Priority 4;OK
SEC;BWI;SEC;SR;OK;TASK000013114286;Priority 4;OK
SEC;BWI;SEC;SR;OK;TASK000013114855;Priority 4;OK
FUN;812;FUN;INC;OK;TASK000013116978;Priority 4;OK
SEC;BWI;SEC;SR;OK;TASK000013117025;Priority 4;OK
SEC;BWI;SEC;SR;OK;TASK000013117511;Priority 4;OK
SEC;BWI;SEC;SR;OK;TASK000013117942;Priority 4;OK
FUN;WS;FUN;SR;Defect;TASK000013120640;Priority 4;OK
SEC;BWI;SEC;SR;OK;TASK000013121710;Priority 4;OK
APS;EES;APS;SR;OK;TASK000013122029;Priority 4;OK
CNC;LAT;L1 ;SR;OK;TASK000013123908;Priority 4;OK
DBA;812;DBA;SR;OK;TASK000013124387;Priority 3;OK
CNC;DCF;CNC;SR;OK;TASK000013124449;Priority 3;OK
CNC;DCF;CNC;SR;OK;TASK000013124450;Priority 3;OK
SEC;812;SEC;SR;OK;TASK000013124935;Priority 3;OK
SEC;812;SEC;SR;OK;TASK000013125007;Priority 3;OK
DBA;812;DBA;SR;OK;TASK000013125062;Priority 3;OK
FUN;WS;FUN;SR;OK;TASK000013125072;Priority 3;OK
SEC;812;SEC;SR;OK;TASK000013125076;Priority 3;OK
SEC;DXE;SEC;SR;OK;TASK000013125118;Priority 3;OK
SEC;812;SEC;SR;OK;TASK000013125129;Priority 3;OK
SEC;812;SEC;SR;OK;TASK000013125137;Priority 3;OK
SEC;812;SEC;SR;OK;TASK000013125152;Priority 3;OK
CNC;LAT;L1 ;SR;OK;TASK000013125160;Priority 3;OK
SEC;812;SEC;SR;OK;TASK000013125226;Priority 3;OK
L1;BWI;L1 ;SR;OK;TASK000013125257;Priority 3;OK
SEC;812;SEC;SR;OK;TASK000013125263;Priority 3;OK
SEC;812;SEC;SR;OK;TASK000013125315;Priority 3;OK
DBA;812;DBA;SR;OK;TASK000013125336;Priority 3;OK
SEC;812;SEC;SR;OK;TASK000013125481;Priority 3;OK
SEC;812;SEC;SR;OK;TASK000013125518;Priority 3;OK
SEC;812;SEC;SR;OK;TASK000013125588;Priority 3;OK
L1;812;L1 ;SR;OK;TASK000013125593;Priority 3;OK
SEC;WS;SEC;SR;OK;TASK000013125633;Priority 3;OK
SEC;812;SEC;SR;OK;TASK000013125683;Priority 3;OK
SEC;812;SEC;SR;OK;TASK000013126084;Priority 3;OK
SEC;812;SEC;SR;OK;TASK000013126151;Priority 3;OK
OPS;WS;OPS;SR;OK;TASK000013126152;Priority 3;OK
SEC;812;SEC;SR;OK;TASK000013126172;Priority 3;OK
L1;BWI;L1 ;SR;OK;TASK000013126422;Priority 3;OK
SEC;WS;SEC;SR;OK;TASK000013126464;Priority 3;OK
OPS;WS;OPS;SR;OK;TASK000013126473;Priority 3;OK
SEC;812;SEC;SR;OK;TASK000013126520;Priority 3;OK
APS;ETH;APS;SR;OK;TASK000013126607;Priority 3;OK
CNC;ETH;L1 ;SR;OK;TASK000013126620;Priority 3;OK
SEC;812;SEC;SR;OK;TASK000013126671;Priority 3;OK
FUN;WS;FUN;SR;OK;TASK000013126672;Priority 4;OK
SEC;DPY;SEC;SR;OK;TASK000013126696;Priority 3;OK
CNC;DCF;CNC;SR;OK;TASK000013126953;Priority 3;OK
L1;BWI;L1 ;SR;OK;TASK000013127206;Priority 3;OK
L1;BWI;L1 ;SR;OK;TASK000013127625;Priority 3;OK
L1;BWI;L1 ;SR;OK;TASK000013127694;Priority 3;OK
L1;ETH;L1 ;SR;OK;TASK000013127846;Priority 3;OK
L1;812;L1 ;SR;OK;TASK000013128003;Priority 3;OK
APS;ETH;APS;SR;OK;TASK000013129101;Priority 3;OK
SEC;EMS;SEC;SR;OK;TASK000013129105;Priority 3;OK
APS;ETH;APS;SR;OK;TASK000013129198;Priority 3;OK
SEC;812;SEC;SR;OK;TASK000013129238;Priority 3;OK
SEC;812;SEC;SR;OK;TASK000013129267;Priority 3;OK
SEC;812;SEC;SR;OK;TASK000013129269;Priority 3;OK
SEC;812;SEC;SR;OK;TASK000013129351;Priority 3;OK
SEC;812;SEC;SR;OK;TASK000013129407;Priority 3;OK
APS;ETH;APS;SR;OK;TASK000013129414;Priority 3;OK
CNC;812;CNC;SR;OK;TASK000013129416;Priority 3;OK
L1;BWI;L1 ;SR;OK;TASK000013129487;Priority 3;OK
SEC;812;SEC;SR;OK;TASK000013129509;Priority 3;OK
SEC;812;SEC;SR;OK;TASK000013129743;Priority 3;OK
SEC;812;SEC;SR;OK;TASK000013129902;Priority 3;OK
SEC;812;SEC;SR;OK;TASK000013129938;Priority 3;OK
CNC;812;L1 ;SR;OK;TASK000013129998;Priority 3;OK
SEC;812;SEC;SR;OK;TASK000013130001;Priority 3;OK
SEC;CAN;SEC;SR;OK;TASK000013130053;Priority 3;OK
DBA;812;DBA;CHG;Defect;TASK000013130122;Priority 3;Defect
SEC;812;SEC;SR;OK;TASK000013130367;Priority 3;OK
FUN;812;FUN;INC;OK;TASK000013130385;Priority 4;OK
FUN;CAN;FUN;SR;OK;TASK000013130475;Priority 3;OK
SEC;ETH;SEC;SR;OK;TASK000013130754;Priority 3;OK
APS;ETH;APS;SR;OK;TASK000013131041;Priority 3;OK
SEC;BWI;SEC;SR;OK;TASK000013131353;Priority 4;OK
CNC;LAT;L1 ;SR;OK;TASK000013131431;Priority 3;OK
APS;ETH;APS;SR;OK;TASK000013131458;Priority 3;OK
SEC;812;SEC;SR;OK;TASK000013132373;Priority 3;OK
L1;812;L1 ;SR;OK;TASK000013132417;Priority 3;OK
DBA;812;DBA;SR;OK;TASK000013132439;Priority 3;OK
DBA;812;DBA;SR;OK;TASK000013132554;Priority 3;OK
SEC;812;SEC;SR;OK;TASK000013132711;Priority 3;OK
SEC;812;SEC;SR;OK;TASK000013132748;Priority 3;OK
SEC;812;SEC;SR;OK;TASK000013132908;Priority 3;OK
SEC;812;SEC;SR;OK;TASK000013133010;Priority 3;OK
L1;812;L1 ;SR;OK;TASK000013133025;Priority 3;OK
L1;812;L1 ;SR;OK;TASK000013133094;Priority 3;OK
SEC;BWI;SEC;SR;OK;TASK000013133218;Priority 3;OK
SEC;812;SEC;SR;OK;TASK000013133374;Priority 3;OK
OPS;WS;OPS;SR;OK;TASK000013133507;Priority 3;OK
APS;ETH;APS;SR;OK;TASK000013133608;Priority 3;OK
SEC;BWI;SEC;SR;OK;TASK000013133662;Priority 4;OK
SEC;WS;SEC;SR;OK;TASK000013133736;Priority 4;OK
APS;ETH;APS;SR;OK;TASK000013133854;Priority 3;OK
L1;812;L1 ;INC;OK;TASK000013134103;Priority 3;OK
APS;ETH;APS;SR;OK;TASK000013134557;Priority 3;OK
SCH;LAT;SCH;SR;OK;TASK000013134588;Priority 3;OK
SEC;ETH;SEC;SR;OK;TASK000013135336;Priority 3;OK
SEC;CAN;SEC;SR;OK;TASK000013135405;Priority 3;OK
CNC;DCF;CNC;SR;OK;TASK000013135696;Priority 3;OK
SEC;812;SEC;SR;OK;TASK000013136066;Priority 3;OK
L1;812;L1 ;SR;OK;TASK000013136126;Priority 3;OK
L1;812;L1 ;SR;OK;TASK000013136246;Priority 3;OK
L1;812;L1 ;SR;OK;TASK000013136254;Priority 3;OK
SEC;812;SEC;SR;OK;TASK000013136383;Priority 3;OK
SEC;812;SEC;SR;OK;TASK000013136712;Priority 3;OK
SEC;812;SEC;SR;OK;TASK000013136736;Priority 3;OK
SEC;812;SEC;SR;OK;TASK000013136789;Priority 3;OK
DBA;812;DBA;SR;Defect;TASK000013136835;Priority 3;OK
SEC;812;SEC;SR;OK;TASK000013136869;Priority 3;OK
L1;812;L1 ;SR;OK;TASK000013136892;Priority 3;OK
SEC;DPY;SEC;SR;OK;TASK000013136893;Priority 3;OK
CNC;DCF;CNC;SR;OK;TASK000013136894;Priority 3;OK
DBA;812;DBA;CHG;OK;TASK000013136996;Priority 3;Defect
SEC;DXE;SEC;SR;OK;TASK000013137031;Priority 3;OK
APS;ETH;APS;SR;OK;TASK000013137042;Priority 3;OK
SEC;812;SEC;SR;OK;TASK000013137198;Priority 3;OK
L1;BWI;L1 ;SR;OK;TASK000013137464;Priority 3;OK
L1;812;L1 ;SR;OK;TASK000013137488;Priority 3;OK
SEC;812;SEC;SR;OK;TASK000013137596;Priority 3;OK
SEC;ETH;SEC;SR;OK;TASK000013137598;Priority 3;OK
FIN;812;FUN;SR;Defect;TASK000013137666;Priority 3;OK
CNC;LAT;L1 ;SR;OK;TASK000013138078;Priority 3;OK
SEC;BWI;SEC;SR;OK;TASK000013138241;Priority 4;OK
CNC;812;L1 ;SR;OK;TASK000013138379;Priority 3;OK
SEC;812;SEC;SR;OK;TASK000013138722;Priority 3;OK
SCH;LAT;SCH;SR;OK;TASK000013139554;Priority 3;OK
SEC;812;SEC;SR;OK;TASK000013139986;Priority 3;OK
CNC;LAT;L1 ;SR;OK;TASK000013140074;Priority 3;OK
APS;ETH;APS;SR;OK;TASK000013140459;Priority 3;OK
APS;ETH;APS;SR;OK;TASK000013140499;Priority 3;OK
L1;812;L1 ;SR;OK;TASK000013140574;Priority 3;OK
FUN;812;FUN;INC;OK;TASK000013140579;Priority 4;OK
SEC;812;SEC;SR;OK;TASK000013140839;Priority 3;OK
SEC;812;SEC;SR;OK;TASK000013140906;Priority 3;OK
SEC;WS;SEC;SR;OK;TASK000013140915;Priority 3;OK
SEC;812;SEC;SR;OK;TASK000013140922;Priority 3;OK
CNC;EES;L1 ;SR;OK;TASK000013141102;Priority 3;OK
SEC;DXE;SEC;SR;OK;TASK000013141113;Priority 3;OK
CNC;ETH;L1 ;SR;OK;TASK000013141114;Priority 3;OK
L1;BWI;L1 ;SR;OK;TASK000013141260;Priority 3;OK
L1;BWI;L1 ;SR;OK;TASK000013141306;Priority 3;OK
SEC;CAN;SEC;SR;OK;TASK000013141313;Priority 3;OK
SEC;812;SEC;SR;OK;TASK000013141317;Priority 3;OK
SEC;EMS;SEC;SR;OK;TASK000013141395;Priority 3;OK
SEC;812;SEC;SR;OK;TASK000013141445;Priority 3;OK
DBA;812;DBA;CHG;OK;TASK000013141479;Priority 3;Defect
APS;ETH;APS;SR;OK;TASK000013141551;Priority 3;OK
CNC;DCF;CNC;SR;OK;TASK000013141706;Priority 3;OK
SEC;812;SEC;SR;OK;TASK000013141791;Priority 3;OK
SEC;812;SEC;SR;OK;TASK000013141849;Priority 3;OK
SEC;812;SEC;SR;OK;TASK000013141885;Priority 3;OK
APS;ETH;APS;SR;OK;TASK000013142056;Priority 3;OK
SEC;812;SEC;SR;OK;TASK000013142173;Priority 3;OK
SEC;812;SEC;SR;OK;TASK000013142207;Priority 3;OK
SEC;WS;SEC;SR;OK;TASK000013142223;Priority 3;OK
CNC;EES;L1 ;SR;OK;TASK000013142789;Priority 3;OK
OPS;EDS;OPS;SR;OK;TASK000013142800;Priority 3;OK
SEC;BWI;SEC;SR;OK;TASK000013142818;Priority 3;OK
SEC;BWI;SEC;SR;OK;TASK000013142934;Priority 4;OK
L1;BWI;L1 ;SR;OK;TASK000013142968;Priority 3;OK
SEC;WS;SEC;SR;OK;TASK000013143010;Priority 3;OK
SEC;WS;SEC;SR;OK;TASK000013143034;Priority 3;OK
SEC;BWI;SEC;SR;OK;TASK000013143088;Priority 4;OK
DBA;812;DBA;SR;OK;TASK000013143604;Priority 3;OK
FUN;CAN;FUN;INC;OK;TASK000013143738;Priority 3;OK
SEC;MNT;SEC;SR;OK;TASK000013143768;Priority 3;OK
SEC;812;SEC;SR;OK;TASK000013144524;Priority 3;OK
DBA;812;DBA;SR;Defect;TASK000013144531;Priority 3;OK
SEC;812;SEC;SR;OK;TASK000013144683;Priority 3;OK
L1;812;L1 ;SR;OK;TASK000013144701;Priority 3;OK
SEC;812;SEC;SR;OK;TASK000013144711;Priority 3;OK
L1;812;L1 ;SR;OK;TASK000013144823;Priority 3;OK
L1;812;L1 ;SR;OK;TASK000013144828;Priority 3;OK
SEC;812;SEC;SR;OK;TASK000013144845;Priority 3;OK
SEC;812;SEC;SR;OK;TASK000013144941;Priority 3;OK
SEC;812;SEC;SR;OK;TASK000013144972;Priority 3;OK
SEC;812;SEC;SR;OK;TASK000013144998;Priority 3;OK
SEC;EMS;SEC;SR;OK;TASK000013145076;Priority 3;OK
FUN;DXE;FUN;SR;OK;TASK000013145109;Priority 3;OK
OPS;EMS;OPS;SR;OK;TASK000013145210;Priority 3;OK
SEC;DXE;SEC;SR;OK;TASK000013145261;Priority 3;OK
L1;812;L1 ;SR;OK;TASK000013145295;Priority 3;OK
FUN;COR;FUN;SR;OK;TASK000013145476;Priority 3;OK
SEC;BWI;SEC;SR;OK;TASK000013145724;Priority 4;OK
L1;812;L1 ;SR;OK;TASK000013145949;Priority 3;OK
APS;ETH;APS;SR;OK;TASK000013146224;Priority 3;OK
SEC;CAN;SEC;SR;OK;TASK000013146392;Priority 3;OK
SCH;DXE;SCH;SR;OK;TASK000013146434;Priority 3;OK
L1;BWI;L1 ;SR;OK;TASK000013146467;Priority 3;OK
SEC;WS;SEC;SR;OK;TASK000013146701;Priority 3;OK
SEC;812;SEC;SR;OK;TASK000013146727;Priority 3;OK
L1;BWI;L1 ;SR;OK;TASK000013147205;Priority 3;OK
SEC;CAN;SEC;SR;OK;TASK000013147639;Priority 3;OK
SEC;CAN;SEC;SR;OK;TASK000013147646;Priority 3;OK
L1;BWI;L1 ;SR;OK;TASK000013147868;Priority 3;OK
APS;ETH;APS;SR;OK;TASK000013148259;Priority 3;OK
CNC;DCF;CNC;SR;OK;TASK000013149232;Priority 3;OK
DBA;812;DBA;SR;OK;TASK000013149598;Priority 3;OK
FUN;COR;FUN;SR;OK;TASK000013149675;Priority 3;OK
SEC;812;SEC;SR;OK;TASK000013149697;Priority 3;OK
DBA;812;DBA;SR;OK;TASK000013149742;Priority 3;OK
APS;ETH;APS;SR;OK;TASK000013149889;Priority 3;OK
SEC;WS;SEC;SR;OK;TASK000013149991;Priority 3;OK
SEC;CAN;SEC;SR;OK;TASK000013150290;Priority 3;OK
SEC;812;SEC;SR;OK;TASK000013150544;Priority 3;OK
APS;ETH;APS;SR;OK;TASK000013150729;Priority 3;OK
CNC;LAT;L1 ;SR;OK;TASK000013151189;Priority 3;OK
SEC;812;SEC;SR;OK;TASK000013151444;Priority 3;OK
SEC;812;SEC;SR;OK;TASK000013151503;Priority 3;OK
FUN;ETH;FUN;SR;OK;TASK000013151608;Priority 4;OK
DBA;812;DBA;SR;Defect;TASK000013151628;Priority 3;OK
L1;BWI;L1 ;SR;OK;TASK000013152449;Priority 3;OK
SEC;WS;SEC;SR;OK;TASK000013153223;Priority 3;OK
L1;812;L1 ;SR;OK;TASK000013153658;Priority 3;OK
SEC;DXE;SEC;SR;OK;TASK000013153760;Priority 3;OK
DBA;812;DBA;SR;OK;TASK000013153834;Priority 3;OK
FUN;DXE;FUN;INC;OK;TASK000013153873;Priority 4;OK
SEC;812;SEC;SR;OK;TASK000013153908;Priority 3;OK
SEC;812;SEC;SR;OK;TASK000013153957;Priority 3;OK
CNC;LAT;L1 ;SR;OK;TASK000013154071;Priority 3;OK
SEC;812;SEC;SR;OK;TASK000013154156;Priority 3;OK
SEC;812;SEC;SR;OK;TASK000013154195;Priority 3;OK
FUN;DXE;FUN;SR;OK;TASK000013154256;Priority 4;OK
SCH;812;SCH;SR;OK;TASK000013154320;Priority 3;OK
SEC;DXE;SEC;SR;OK;TASK000013154545;Priority 3;OK
L1;812;L1 ;SR;OK;TASK000013154579;Priority 3;OK
SEC;ETH;SEC;SR;OK;TASK000013154602;Priority 3;OK
FUN;812;FUN;INC;OK;TASK000013154622;Priority 3;OK
FUN;812;FUN;INC;OK;TASK000013154817;Priority 3;OK
FUN;WS;FUN;SR;OK;TASK000013154972;Priority 4;OK
SEC;812;SEC;SR;OK;TASK000013154982;Priority 3;OK
FUN;EMS;FUN;INC;OK;TASK000013155076;Priority 3;OK
APS;ETH;APS;SR;OK;TASK000013155095;Priority 3;OK
L1;812;L1 ;SR;OK;TASK000013155198;Priority 3;OK
CNC;BWI;L1 ;SR;OK;TASK000013155481;Priority 3;OK
L1;812;L1 ;SR;OK;TASK000013155598;Priority 3;OK
CNC;BWI;L1 ;SR;OK;TASK000013155836;Priority 4;OK
CNC;BWI;L1 ;SR;OK;TASK000013155846;Priority 3;OK
DBA;812;DBA;SR;OK;TASK000013155876;Priority 3;OK
L1;812;L1 ;SR;OK;TASK000013156176;Priority 3;OK
SEC;BWI;SEC;SR;OK;TASK000013156361;Priority 4;OK
CNC;DCF;CNC;SR;OK;TASK000013156730;Priority 3;OK
FUN;812;FUN;SR;OK;TASK000013156829;Priority 4;OK
APS;ETH;APS;SR;OK;TASK000013157285;Priority 3;OK
DBA;812;DBA;SR;OK;TASK000013157603;Priority 3;OK
SEC;DXE;SEC;SR;OK;TASK000013157703;Priority 3;OK
SEC;DXE;SEC;SR;OK;TASK000013157833;Priority 3;OK
SEC;MNT;SEC;SR;OK;TASK000013157841;Priority 3;OK
CNC;DCF;CNC;SR;OK;TASK000013157851;Priority 3;OK
FIN;812;FUN;SR;OK;TASK000013157869;Priority 3;OK
L1;812;L1 ;SR;OK;TASK000013157901;Priority 3;OK
CNC;CAN;L1 ;SR;OK;TASK000013157999;Priority 3;OK
SEC;812;SEC;SR;OK;TASK000013158115;Priority 3;OK
FUN;COR;FUN;SR;OK;TASK000013158178;Priority 3;OK
SEC;DPY;SEC;SR;OK;TASK000013158345;Priority 3;OK
SEC;DXE;SEC;SR;OK;TASK000013158353;Priority 3;OK
SEC;812;SEC;SR;OK;TASK000013158507;Priority 3;OK
SEC;DXE;SEC;SR;OK;TASK000013158589;Priority 3;OK
FUN;CAN;FUN;CHG;Defect;TASK000013158607;Priority 3;OK
SEC;BWI;SEC;SR;OK;TASK000013158637;Priority 4;OK
APS;ETH;APS;SR;OK;TASK000013158806;Priority 3;OK
SEC;812;SEC;SR;OK;TASK000013158916;Priority 3;OK
L1;BWI;L1 ;SR;OK;TASK000013159433;Priority 3;OK
SEC;DPY;SEC;SR;OK;TASK000013159500;Priority 3;OK
CNC;ETH;CNC;SR;OK;TASK000013159517;Priority 3;OK
L1;BWI;L1 ;SR;OK;TASK000013159608;Priority 3;OK
SEC;EMS;SEC;SR;OK;TASK000013159759;Priority 3;OK
SCH;LAT;SCH;SR;OK;TASK000013159818;Priority 3;OK
FUN;CAN;FUN;INC;OK;TASK000013159838;Priority 3;OK
CNC;BWI;L1 ;SR;OK;TASK000013160397;Priority 3;OK
SEC;EMS;SEC;SR;OK;TASK000013162058;Priority 3;OK
DBA;812;DBA;CHG;OK;TASK000013162320;Priority 3;Defect
CNC;DCF;CNC;SR;OK;TASK000013162697;Priority 3;OK
DBA;812;DBA;SR;OK;TASK000013162729;Priority 3;OK
SEC;812;SEC;SR;OK;TASK000013162808;Priority 3;OK
SEC;EMS;SEC;SR;OK;TASK000013162936;Priority 3;OK
L1;812;L1 ;SR;OK;TASK000013162955;Priority 3;OK
SEC;MNT;SEC;SR;OK;TASK000013163087;Priority 3;OK
SEC;WS;SEC;SR;OK;TASK000013163426;Priority 3;OK
CNC;ETH;L1 ;SR;OK;TASK000013163446;Priority 3;OK
SEC;DXE;SEC;SR;OK;TASK000013163714;Priority 3;OK
SEC;812;SEC;SR;OK;TASK000013163756;Priority 3;OK
SEC;812;SEC;SR;OK;TASK000013163818;Priority 3;OK
SEC;812;SEC;SR;OK;TASK000013163823;Priority 3;OK
SEC;812;SEC;SR;OK;TASK000013163882;Priority 3;OK
L1;812;L1 ;SR;OK;TASK000013163981;Priority 3;OK
L1;BWI;L1 ;SR;OK;TASK000013164070;Priority 3;OK
L1;BWI;L1 ;SR;OK;TASK000013164137;Priority 3;OK
SEC;812;SEC;SR;OK;TASK000013164393;Priority 3;OK
SEC;WS;SEC;SR;OK;TASK000013164484;Priority 3;OK
SEC;CAN;SEC;SR;OK;TASK000013164518;Priority 3;OK
L1;812;L1 ;HK;OK;TASK000013164715;Priority 3;OK
L1;BWI;L1 ;SR;OK;TASK000013164974;Priority 3;OK
L1;BWI;L1 ;SR;OK;TASK000013165015;Priority 3;OK
L1;BWI;L1 ;SR;OK;TASK000013165908;Priority 3;OK
DBA;812;DBA;SR;OK;TASK000013166193;Priority 3;OK
DBA;812;DBA;SR;OK;TASK000013166210;Priority 3;OK
DBA;812;DBA;SR;OK;TASK000013166232;Priority 3;OK
FUN;WS;FUN;INC;OK;TASK000013166729;Priority 3;OK
DBA;812;DBA;SR;OK;TASK000013167120;Priority 3;OK
DBA;812;DBA;SR;OK;TASK000013167220;Priority 3;OK
DBA;812;DBA;SR;Defect;TASK000013167241;Priority 3;OK
DBA;812;DBA;SR;OK;TASK000013167261;Priority 3;OK
FUN;MNT;FUN;SR;OK;TASK000013167400;Priority 4;OK
SEC;EDS;SEC;SR;OK;TASK000013167499;Priority 3;OK
L1;WS;L1 ;SR;OK;TASK000013167602;Priority 3;OK
SEC;MNT;SEC;SR;OK;TASK000013167669;Priority 3;OK
L1;EES;L1 ;SR;OK;TASK000013168038;Priority 3;OK
L1;BWI;L1 ;SR;OK;TASK000013168120;Priority 3;OK
SEC;BWI;SEC;SR;OK;TASK000013168249;Priority 4;OK
L1;BWI;L1 ;SR;OK;TASK000013168621;Priority 3;OK
CNC;BWI;L1 ;SR;OK;TASK000013169294;Priority 3;OK
CNC;BWI;L1 ;SR;OK;TASK000013169312;Priority 3;OK
CNC;DCF;CNC;SR;OK;TASK000013169699;Priority 3;OK
L1;812;L1 ;SR;OK;TASK000013170067;Priority 3;OK
SEC;DXE;SEC;SR;OK;TASK000013170324;Priority 3;OK
SEC;812;SEC;SR;OK;TASK000013170622;Priority 3;OK
SEC;812;SEC;SR;OK;TASK000013170644;Priority 3;OK
SEC;DXE;SEC;SR;OK;TASK000013170918;Priority 3;OK
SEC;EDS;SEC;SR;OK;TASK000013171154;Priority 3;OK
SEC;MNT;SEC;SR;OK;TASK000013171177;Priority 3;OK
FUN;812;FUN;INC;OK;TASK000013171221;Priority 3;OK
SEC;WS;SEC;SR;OK;TASK000013171442;Priority 3;OK
APS;ETH;APS;SR;OK;TASK000013171520;Priority 3;OK
SEC;812;SEC;SR;OK;TASK000013172080;Priority 3;OK
APS;ETH;APS;SR;OK;TASK000013172282;Priority 3;OK
L1;BWI;L1 ;SR;OK;TASK000013172617;Priority 3;OK
CNC;ETH;CNC;SR;OK;TASK000013172686;Priority 3;OK
L1;BWI;L1 ;SR;OK;TASK000013172769;Priority 3;OK
L1;812;L1 ;SR;OK;TASK000013172818;Priority 3;OK
DBA;812;DBA;SR;OK;TASK000013173360;Priority 3;OK
DBA;812;DBA;SR;OK;TASK000013174051;Priority 3;OK
SEC;EDS;SEC;SR;OK;TASK000013174156;Priority 3;OK
FUN;812;FUN;INC;OK;TASK000013174197;Priority 4;OK
SEC;812;SEC;SR;OK;TASK000013174272;Priority 3;OK
SEC;BWI;SEC;SR;OK;TASK000013174361;Priority 4;OK
DBA;812;DBA;SR;OK;TASK000013174405;Priority 3;OK
L1;WS;L1 ;SR;OK;TASK000013174467;Priority 3;OK
DBA;812;DBA;SR;OK;TASK000013174572;Priority 3;OK
DBA;812;DBA;SR;OK;TASK000013174596;Priority 3;OK
APS;ETH;APS;SR;OK;TASK000013174730;Priority 3;OK
SEC;BWI;SEC;SR;OK;TASK000013174752;Priority 4;OK
SEC;812;SEC;SR;OK;TASK000013174819;Priority 3;OK
SEC;812;SEC;SR;OK;TASK000013174841;Priority 3;OK
SEC;812;SEC;SR;OK;TASK000013174941;Priority 3;OK
SEC;MNT;SEC;SR;OK;TASK000013174963;Priority 3;OK
SEC;812;SEC;SR;OK;TASK000013175071;Priority 3;OK
L1;812;L1 ;SR;OK;TASK000013175298;Priority 3;OK
DBA;812;DBA;SR;Defect;TASK000013175332;Priority 3;OK
L1;EDS;L1 ;SR;OK;TASK000013175420;Priority 3;OK
FUN;812;FUN;INC;Defect;TASK000013175448;Priority 4;OK
SEC;812;SEC;SR;OK;TASK000013175467;Priority 3;OK
SEC;ETH;SEC;SR;OK;TASK000013176035;Priority 3;OK
DBA;812;DBA;SR;OK;TASK000013176041;Priority 3;OK
DBA;812;DBA;SR;OK;TASK000013176048;Priority 3;OK
FUN;CAN;FUN;SR;OK;TASK000013176266;Priority 3;OK
SEC;CAN;SEC;SR;OK;TASK000013176362;Priority 3;OK
DBA;812;DBA;SR;OK;TASK000013176717;Priority 3;OK
SCH;LAT;SCH;SR;OK;TASK000013176800;Priority 3;OK
CNC;DCF;CNC;SR;OK;TASK000013177173;Priority 3;OK
FUN;CAN;FUN;SR;OK;TASK000013177190;Priority 3;OK
DBA;812;DBA;SR;OK;TASK000013177606;Priority 3;OK
SCH;812;SCH;SR;OK;TASK000013177915;Priority 3;OK
CNC;BWI;L1 ;SR;OK;TASK000013177936;Priority 3;OK
FUN;812;FUN;INC;OK;TASK000013178097;Priority 3;OK
SEC;812;SEC;SR;OK;TASK000013178425;Priority 3;OK
SEC;DXE;SEC;SR;OK;TASK000013178638;Priority 3;OK
SEC;DXE;SEC;SR;OK;TASK000013178673;Priority 3;OK
SEC;812;SEC;SR;OK;TASK000013179140;Priority 3;OK
SEC;ETH;SEC;SR;OK;TASK000013179616;Priority 3;OK
SEC;ETH;SEC;SR;OK;TASK000013179648;Priority 3;OK
L1;MNT;L1 ;SR;OK;TASK000013179696;Priority 3;OK
SEC;ETH;SEC;SR;OK;TASK000013179845;Priority 3;OK
SEC;MNT;SEC;SR;OK;TASK000013179933;Priority 3;OK
SEC;ETH;SEC;SR;OK;TASK000013180017;Priority 3;OK
APS;EES;APS;SR;OK;TASK000013180060;Priority 3;OK
L1;812;L1 ;SR;OK;TASK000013180318;Priority 3;OK
CNC;EES;L1 ;SR;OK;TASK000013180932;Priority 3;OK
SEC;812;SEC;SR;OK;TASK000013182005;Priority 3;OK
SEC;WS;SEC;SR;OK;TASK000013182382;Priority 3;OK
SEC;WS;SEC;SR;OK;TASK000013182664;Priority 3;OK
SEC;DXE;SEC;SR;OK;TASK000013182802;Priority 3;OK
L1;812;L1 ;SR;OK;TASK000013182825;Priority 3;OK
L1;812;L1 ;SR;OK;TASK000013182836;Priority 3;OK
DBA;812;DBA;SR;OK;TASK000013182912;Priority 3;OK
SEC;812;SEC;SR;OK;TASK000013183101;Priority 3;OK
SEC;812;SEC;SR;OK;TASK000013183115;Priority 3;OK
SEC;DXE;SEC;SR;OK;TASK000013183175;Priority 3;OK
SEC;812;SEC;SR;OK;TASK000013183259;Priority 3;OK
FUN;ETH;FUN;SR;OK;TASK000013184077;Priority 4;OK
L1;812;L1 ;SR;OK;TASK000013184141;Priority 3;OK
APS;ETH;APS;SR;OK;TASK000013184374;Priority 3;OK
APS;ETH;APS;SR;OK;TASK000013184522;Priority 3;OK
SEC;BWI;SEC;SR;OK;TASK000013184680;Priority 4;OK
SEC;ETH;SEC;SR;OK;TASK000013184712;Priority 3;OK
SEC;BWI;SEC;SR;OK;TASK000013184971;Priority 4;OK
CNC;BWI;L1 ;SR;OK;TASK000013185150;Priority 3;OK
L1;812;L1 ;SR;OK;TASK000013186016;Priority 3;OK
L1;812;L1 ;SR;OK;TASK000013186030;Priority 3;OK
FUN;WS;FUN;INC;OK;TASK000013186108;Priority 3;OK
FUN;WS;FUN;INC;OK;TASK000013186145;Priority 4;OK
SEC;812;SEC;SR;OK;TASK000013186202;Priority 3;OK
DBA;812;DBA;SR;OK;TASK000013186260;Priority 3;OK
DBA;812;DBA;CHG;Defect;TASK000013186454;Priority 3;Defect
DBA;812;DBA;SR;OK;TASK000013186545;Priority 3;OK
FUN;ETH;FUN;SR;OK;TASK000013186735;Priority 4;OK
L1;812;L1 ;SR;OK;TASK000013187016;Priority 3;OK
L1;812;L1 ;SR;OK;TASK000013187022;Priority 3;OK
SEC;812;SEC;SR;OK;TASK000013187031;Priority 3;OK
SEC;ETH;SEC;SR;OK;TASK000013187319;Priority 3;OK
SEC;812;SEC;SR;OK;TASK000013187570;Priority 3;OK
SEC;812;SEC;SR;OK;TASK000013187680;Priority 3;OK
SEC;DPY;SEC;SR;OK;TASK000013187725;Priority 3;OK
FUN;ETH;FUN;SR;OK;TASK000013187794;Priority 4;OK
SEC;MNT;SEC;SR;Defect;TASK000013188007;Priority 3;OK
SEC;812;SEC;SR;OK;TASK000013188372;Priority 3;OK
L1;812;L1 ;SR;OK;TASK000013188373;Priority 3;OK
FUN;CAN;FUN;SR;OK;TASK000013188554;Priority 3;OK
SCH;812;SCH;SR;OK;TASK000013188574;Priority 3;OK
SCH;LAT;SCH;SR;Defect;TASK000013188882;Priority 3;OK
L1;BWI;L1 ;SR;OK;TASK000013189042;Priority 3;OK
L1;BWI;L1 ;SR;OK;TASK000013189640;Priority 3;OK
APS;ETH;APS;SR;OK;TASK000013189757;Priority 3;OK
FUN;812;FUN;INC;OK;TASK000013190330;Priority 4;OK
SEC;812;SEC;SR;OK;TASK000013190694;Priority 3;OK
SEC;WS;SEC;SR;OK;TASK000013190938;Priority 3;OK
SEC;EMS;SEC;SR;OK;TASK000013190964;Priority 3;OK
OPS;WS;OPS;SR;OK;TASK000013191068;Priority 4;OK
SEC;WS;SEC;SR;OK;TASK000013191076;Priority 3;OK
APS;ETH;APS;SR;OK;TASK000013192068;Priority 3;OK
SEC;812;SEC;SR;OK;TASK000013192231;Priority 3;OK
APS;ETH;APS;SR;OK;TASK000013192249;Priority 3;OK
SEC;DXE;SEC;SR;OK;TASK000013192422;Priority 3;OK
CNC;LAT;CNC;SR;OK;TASK000013192925;Priority 3;OK
SEC;ETH;SEC;SR;OK;TASK000013192970;Priority 3;OK
APS;ETH;APS;SR;OK;TASK000013193047;Priority 3;OK
CNC;MNT;L1 ;SR;OK;TASK000013193484;Priority 3;OK
SEC;BWI;SEC;SR;OK;TASK000013193567;Priority 4;OK
L1;812;L1 ;SR;OK;TASK000013193595;Priority 3;OK
FUN;ETH;FUN;SR;OK;TASK000013193630;Priority 4;OK
L1;BWI;L1 ;SR;OK;TASK000013193769;Priority 3;OK
APS;ETH;APS;SR;OK;TASK000013194653;Priority 3;OK
APS;ETH;APS;SR;OK;TASK000013194762;Priority 3;OK
L1;812;L1 ;SR;OK;TASK000013194892;Priority 3;OK
CNC;EES;L1 ;SR;OK;TASK000013194893;Priority 3;OK
OPS;EMS;OPS;SR;OK;TASK000013194899;Priority 3;OK
SEC;DPY;SEC;SR;OK;TASK000013195084;Priority 3;OK
CNC;812;L1 ;SR;OK;TASK000013195139;Priority 3;OK
L1;812;L1 ;SR;OK;TASK000013195285;Priority 3;OK
L1;812;L1 ;SR;OK;TASK000013196032;Priority 3;OK
SEC;812;SEC;SR;OK;TASK000013196035;Priority 3;OK
APS;ETH;APS;SR;OK;TASK000013196220;Priority 3;OK
SEC;CAN;SEC;SR;OK;TASK000013196998;Priority 3;OK
SEC;BWI;SEC;SR;OK;TASK000013197199;Priority 4;OK
L1;812;L1 ;SR;OK;TASK000013197420;Priority 3;OK
L1;812;L1 ;SR;OK;TASK000013197425;Priority 3;OK
SEC;812;SEC;SR;OK;TASK000013198126;Priority 3;OK
FUN;812;FUN;SR;OK;TASK000013198154;Priority 3;OK
SEC;WS;SEC;SR;OK;TASK000013198435;Priority 3;OK
FUN;812;FUN;SR;OK;TASK000013198465;Priority 3;OK
SEC;812;SEC;SR;OK;TASK000013198490;Priority 3;OK
APS;ETH;APS;SR;OK;TASK000013198501;Priority 3;OK
SEC;812;SEC;SR;OK;TASK000013198536;Priority 3;OK
DBA;812;DBA;SR;OK;TASK000013198733;Priority 3;OK
SEC;DXE;SEC;SR;OK;TASK000013198838;Priority 3;OK
SEC;812;SEC;SR;OK;TASK000013199220;Priority 3;OK
SEC;812;SEC;SR;OK;TASK000013199236;Priority 3;OK
CNC;ETH;L1 ;SR;OK;TASK000013199308;Priority 3;OK
SEC;DPY;SEC;SR;OK;TASK000013199316;Priority 3;OK
SEC;DXE;SEC;SR;OK;TASK000013199334;Priority 3;OK
SEC;812;SEC;SR;OK;TASK000013199474;Priority 3;OK
SEC;812;SEC;SR;OK;TASK000013199774;Priority 3;OK
SEC;DXE;SEC;SR;OK;TASK000013199874;Priority 3;OK
CNC;DPY;CNC;SR;OK;TASK000013199938;Priority 3;OK
SCH;LAT;SCH;SR;OK;TASK000013199942;Priority 3;OK
SEC;812;SEC;SR;OK;TASK000013199995;Priority 3;OK
SEC;MNT;SEC;SR;OK;TASK000013200200;Priority 3;OK
SEC;MNT;SEC;SR;OK;TASK000013200234;Priority 3;OK
SCH;LAT;SCH;SR;OK;TASK000013200332;Priority 3;OK
SEC;MNT;SEC;SR;OK;TASK000013200374;Priority 3;OK
SEC;MNT;SEC;SR;OK;TASK000013200511;Priority 3;OK
CNC;ETH;L1 ;SR;OK;TASK000013200560;Priority 3;OK
CNC;EES;L1 ;SR;OK;TASK000013201285;Priority 3;OK
SEC;WS;SEC;SR;OK;TASK000013201293;Priority 3;OK
FUN;812;FUN;SR;OK;TASK000013201361;Priority 3;OK
FUN;812;FUN;SR;OK;TASK000013202993;Priority 4;OK
SEC;BWI;SEC;SR;OK;TASK000013203398;Priority 4;OK
SEC;BWI;SEC;SR;OK;TASK000013203934;Priority 4;OK
SEC;BWI;SEC;SR;OK;TASK000013204139;Priority 4;OK
SEC;BWI;SEC;SR;OK;TASK000013204863;Priority 4;OK
SEC;BWI;SEC;SR;OK;TASK000013207776;Priority 4;OK
SEC;BWI;SEC;SR;OK;TASK000013212087;Priority 4;OK
SEC;BWI;SEC;SR;OK;TASK000013212532;Priority 4;OK
SEC;BWI;SEC;SR;OK;TASK000013212728;Priority 4;OK
SEC;812;SEC;SR;OK;TASK000013217088;Priority 3;OK
DBA;812;DBA;SR;OK;TASK000013217152;Priority 3;OK
SEC;812;SEC;SR;OK;TASK000013217396;Priority 3;OK
L1;812;L1 ;SR;OK;TASK000013217462;Priority 3;OK
SEC;DPY;SEC;SR;OK;TASK000013217647;Priority 3;OK
SEC;CAN;SEC;SR;OK;TASK000013217683;Priority 3;OK
CNC;812;L1 ;BULK;OK;TASK000013219315;Priority 3;OK
DBA;812;DBA;SR;OK;TASK000013219393;Priority 3;OK
L1;812;L1 ;SR;OK;TASK000013219671;Priority 3;OK
FIN;MNT;FUN;SR;OK;TASK000013219814;Priority 3;OK
CNC;812;L1 ;BULK;OK;TASK000013219868;Priority 3;OK
SEC;DXE;SEC;SR;OK;TASK000013220132;Priority 3;OK
FUN;COR;FUN;BULK;OK;TASK000013220375;Priority 3;OK
CNC;ETH;CNC;BULK;OK;TASK000013220438;Priority 3;OK
L1;812;L1 ;SR;OK;TASK000013220617;Priority 3;OK
SEC;OXE;SEC;SR;OK;TASK000013220671;Priority 3;OK
SEC;ETH;SEC;SR;OK;TASK000013221248;Priority 3;OK
SEC;BWI;SEC;SR;OK;TASK000013221272;Priority 4;OK
SEC;BWI;SEC;SR;OK;TASK000013221495;Priority 4;OK
SEC;LAT;SEC;SR;OK;TASK000013221512;Priority 3;OK
SEC;BWI;SEC;SR;OK;TASK000013221584;Priority 4;OK
SEC;ETH;SEC;SR;OK;TASK000013221920;Priority 3;OK
SEC;MNT;SEC;SR;OK;TASK000013222042;Priority 3;OK
CNC;812;L1 ;SR;OK;TASK000013222044;Priority 3;OK
SEC;ETH;SEC;SR;OK;TASK000013222047;Priority 3;OK
DBA;812;DBA;SR;OK;TASK000013222573;Priority 3;OK
L1;812;L1 ;SR;OK;TASK000013222991;Priority 3;OK
DBA;812;DBA;SR;OK;TASK000013223166;Priority 3;OK
SEC;812;SEC;SR;OK;TASK000013223237;Priority 3;OK
APS;ETH;APS;BULK;Defect;TASK000013223239;Priority 3;OK
DBA;812;DBA;SR;OK;TASK000013223329;Priority 3;OK
SEC;812;SEC;SR;OK;TASK000013223351;Priority 3;OK
SEC;EMS;SEC;BULK;OK;TASK000013223353;Priority 3;OK
SEC;BWI;SEC;SR;OK;TASK000013223510;Priority 4;OK
APS;ETH;APS;SR;OK;TASK000013223534;Priority 3;OK
L1;812;L1 ;SR;OK;TASK000013223574;Priority 3;OK
DBA;812;DBA;CHG;Defect;TASK000013223625;Priority 3;Defect
FUN;COR;FUN;BULK;OK;TASK000013223796;Priority 3;OK
FUN;COR;FUN;BULK;OK;TASK000013223797;Priority 3;OK
CNC;812;L1 ;BULK;OK;TASK000013224136;Priority 3;OK
APS;ETH;APS;SR;OK;TASK000013224281;Priority 3;OK
L1;812;L1 ;SR;OK;TASK000013224429;Priority 3;OK
SEC;BWI;SEC;SR;OK;TASK000013224718;Priority 4;OK
SEC;812;SEC;SR;OK;TASK000013224764;Priority 3;OK
APS;ETH;APS;SR;OK;TASK000013225034;Priority 3;OK
CNC;812;L1 ;BULK;OK;TASK000013225624;Priority 3;OK
FUN;CAN;FUN;BULK;OK;TASK000013225630;Priority 3;OK
SEC;EMS;SEC;SR;OK;TASK000013226561;Priority 3;OK
SEC;OXE;SEC;SR;OK;TASK000013226689;Priority 3;OK
SEC;812;SEC;SR;OK;TASK000013226721;Priority 3;OK
SEC;WS;SEC;SR;OK;TASK000013226752;Priority 3;OK
SEC;812;SEC;SR;OK;TASK000013226882;Priority 3;OK
SEC;WS;SEC;SR;Defect;TASK000013226891;Priority 3;OK
FUN;COR;FUN;BULK;OK;TASK000013226918;Priority 3;OK
DBA;812;DBA;SR;OK;TASK000013226949;Priority 3;OK
SEC;WS;SEC;SR;OK;TASK000013227070;Priority 3;OK
SEC;812;SEC;SR;OK;TASK000013227194;Priority 3;OK
FUN;COR;FUN;BULK;OK;TASK000013227283;Priority 3;OK
SEC;812;SEC;SR;OK;TASK000013227366;Priority 3;OK
SEC;CAN;SEC;SR;OK;TASK000013227406;Priority 3;OK
FUN;812;FUN;SR;OK;TASK000013227519;Priority 4;OK
SEC;WS;SEC;SR;OK;TASK000013227520;Priority 3;OK
SEC;DPY;SEC;SR;OK;TASK000013227634;Priority 3;OK
SEC;WS;SEC;SR;OK;TASK000013227958;Priority 3;OK
FUN;MNT;FUN;SR;OK;TASK000013227973;Priority 4;OK
SEC;DXE;SEC;SR;OK;TASK000013228291;Priority 3;OK
SEC;MNT;SEC;SR;OK;TASK000013228526;Priority 3;OK
CNC;ETH;CNC;BULK;OK;TASK000013228541;Priority 3;OK
SEC;BWI;SEC;SR;OK;TASK000013228699;Priority 4;OK
SEC;ETH;SEC;SR;OK;TASK000013228700;Priority 3;OK
DBA;812;DBA;SR;OK;TASK000013228789;Priority 3;OK
FUN;CAN;FUN;BULK;OK;TASK000013228818;Priority 3;OK
SEC;BWI;SEC;SR;OK;TASK000013228918;Priority 4;OK
SEC;BWI;SEC;SR;OK;TASK000013228934;Priority 4;OK
L1;BWI;L1 ;SR;OK;TASK000013228948;Priority 3;OK
SEC;CAN;SEC;SR;OK;TASK000013228980;Priority 3;OK
SEC;812;SEC;SR;OK;TASK000013229881;Priority 3;OK
APS;ETH;APS;SR;OK;TASK000013229897;Priority 3;OK
SEC;812;SEC;SR;OK;TASK000013230089;Priority 3;OK
SEC;812;SEC;SR;OK;TASK000013230140;Priority 3;OK
SEC;812;SEC;SR;OK;TASK000013230489;Priority 3;OK
DBA;812;DBA;SR;OK;TASK000013230551;Priority 3;OK
FIN;812;FUN;BULK;OK;TASK000013230734;Priority 4;OK
DBA;812;DBA;SR;OK;TASK000013230784;Priority 3;OK
L1;812;L1 ;SR;OK;TASK000013230799;Priority 3;OK
SEC;CAN;SEC;SR;OK;TASK000013231007;Priority 3;OK
SEC;OXE;SEC;SR;OK;TASK000013231065;Priority 3;OK
SEC;MNT;SEC;SR;OK;TASK000013231236;Priority 3;OK
SEC;812;SEC;SR;OK;TASK000013231515;Priority 3;OK
SEC;BWI;SEC;SR;OK;TASK000013231636;Priority 4;OK
APS;ETH;APS;SR;OK;TASK000013231927;Priority 3;OK
SEC;BWI;SEC;SR;OK;TASK000013231965;Priority 4;OK
SEC;812;SEC;SR;OK;TASK000013231986;Priority 3;OK
SEC;812;SEC;SR;OK;TASK000013231996;Priority 3;OK
SEC;812;SEC;SR;OK;TASK000013232120;Priority 3;OK
CNC;812;L1 ;BULK;OK;TASK000013232192;Priority 3;OK
SEC;BWI;SEC;SR;OK;TASK000013232215;Priority 4;OK
SEC;ETH;SEC;SR;OK;TASK000013232216;Priority 3;OK
L1;BWI;L1 ;SR;OK;TASK000013232550;Priority 4;OK
APS;ETH;APS;BULK;Defect;TASK000013232559;Priority 3;OK
SEC;MNT;SEC;SR;OK;TASK000013232616;Priority 3;OK
SEC;BWI;SEC;SR;OK;TASK000013232678;Priority 4;OK
L1;BWI;L1 ;BULK;OK;TASK000013232955;Priority 4;OK
SCH;LAT;SCH;SR;OK;TASK000013233239;Priority 3;OK
SEC;MNT;SEC;SR;OK;TASK000013233582;Priority 3;OK
FIN;MNT;FUN;SR;OK;TASK000013233915;Priority 3;OK
DBA;812;DBA;CHG;Defect;TASK000013234056;Priority 3;Defect
FUN;812;FUN;SR;OK;TASK000013234277;Priority 4;OK
SEC;WS;SEC;SR;OK;TASK000013234481;Priority 3;OK
SEC;812;SEC;SR;OK;TASK000013234545;Priority 3;OK
SEC;812;SEC;SR;OK;TASK000013234655;Priority 3;OK
SEC;DXE;SEC;SR;OK;TASK000013234708;Priority 3;OK
DBA;812;DBA;SR;OK;TASK000013234790;Priority 3;OK
L1;BWI;L1 ;BULK;OK;TASK000013234859;Priority 4;OK
SEC;812;SEC;SR;OK;TASK000013234903;Priority 3;OK
L1;812;L1 ;BULK;OK;TASK000013235316;Priority 4;OK
SEC;812;SEC;SR;OK;TASK000013235333;Priority 3;OK
DBA;812;DBA;SR;OK;TASK000013235421;Priority 3;OK
DBA;812;DBA;SR;OK;TASK000013235425;Priority 3;OK
FUN;ETH;FUN;SR;OK;TASK000013235474;Priority 4;OK
CNC;812;L1 ;BULK;OK;TASK000013235757;Priority 3;OK
CNC;812;L1 ;BULK;OK;TASK000013235786;Priority 3;OK
SEC;812;SEC;SR;OK;TASK000013235792;Priority 3;OK
CNC;812;L1 ;BULK;OK;TASK000013235999;Priority 3;OK
APS;ETH;APS;BULK;Defect;TASK000013236198;Priority 4;OK
SEC;MNT;SEC;SR;OK;TASK000013236226;Priority 3;OK
L1;812;L1 ;BULK;OK;TASK000013236270;Priority 3;OK
SEC;BWI;SEC;SR;OK;TASK000013236283;Priority 4;OK
FUN;812;FUN;SR;OK;TASK000013236435;Priority 4;OK
L1;BWI;L1 ;SR;OK;TASK000013237243;Priority 3;OK
CNC;812;L1 ;BULK;OK;TASK000013237666;Priority 3;OK
FUN;WS;FUN;SR;Defect;TASK000013238170;Priority 3;OK
SEC;812;SEC;SR;OK;TASK000013238626;Priority 3;OK
SEC;EMS;SEC;SR;OK;TASK000013238881;Priority 3;OK
DBA;812;DBA;SR;OK;TASK000013238906;Priority 3;OK
SEC;812;SEC;SR;OK;TASK000013238915;Priority 3;OK
SEC;WS;SEC;SR;Defect;TASK000013238986;Priority 3;OK
APS;ETH;APS;SR;OK;TASK000013239056;Priority 3;OK
SEC;OXE;SEC;SR;OK;TASK000013239094;Priority 3;OK
SEC;OXE;SEC;SR;OK;TASK000013239169;Priority 3;OK
FUN;812;FUN;SR;OK;TASK000013239367;Priority 4;OK
SEC;812;SEC;SR;OK;TASK000013239418;Priority 3;OK
SEC;812;SEC;SR;OK;TASK000013239495;Priority 3;OK
SEC;WS;SEC;SR;OK;TASK000013239583;Priority 3;OK
L1;812;L1 ;SR;OK;TASK000013239605;Priority 3;OK
FIN;812;FUN;SR;OK;TASK000013239716;Priority 3;OK
DBA;812;DBA;CHG;OK;TASK000013239806;Priority 3;Defect
SEC;812;SEC;SR;OK;TASK000013239828;Priority 3;OK
SEC;BWI;SEC;SR;OK;TASK000013240002;Priority 4;OK
SEC;812;SEC;SR;OK;TASK000013240108;Priority 3;OK
SEC;WS;SEC;SR;OK;TASK000013240205;Priority 3;OK
SEC;WS;SEC;SR;OK;TASK000013240371;Priority 3;OK
SEC;OXE;SEC;SR;OK;TASK000013240437;Priority 3;OK
CNC;812;L1 ;BULK;OK;TASK000013240455;Priority 3;OK
APS;ETH;APS;SR;OK;TASK000013240500;Priority 3;OK
L1;BWI;L1 ;SR;OK;TASK000013240677;Priority 3;OK
CNC;812;L1 ;BULK;OK;TASK000013240972;Priority 3;OK
SEC;812;SEC;SR;OK;TASK000013240994;Priority 3;OK
SEC;BWI;SEC;SR;OK;TASK000013241000;Priority 4;OK
SEC;CAN;SEC;BULK;OK;TASK000013241006;Priority 3;OK
CNC;ETH;TEC;SR;OK;TASK000013241021;Priority 3;OK
FUN;ETH;FUN;SR;OK;TASK000013241307;Priority 4;OK
SCH;LAT;SCH;SR;OK;TASK000013241339;Priority 3;OK
SEC;BWI;SEC;BULK;OK;TASK000013242085;Priority 4;OK
SEC;EMS;SEC;SR;OK;TASK000013242167;Priority 3;OK
SEC;WS;SEC;SR;OK;TASK000013242446;Priority 3;OK
SEC;MNT;SEC;SR;OK;TASK000013242587;Priority 3;OK
SEC;MNT;SEC;SR;OK;TASK000013242675;Priority 3;OK
SEC;812;SEC;SR;OK;TASK000013242719;Priority 3;OK
SEC;WS;SEC;SR;OK;TASK000013243181;Priority 3;OK
SEC;MNT;SEC;SR;OK;TASK000013243233;Priority 3;OK
FUN;812;FUN;SR;OK;TASK000013243320;Priority 3;OK
DBA;812;DBA;SR;OK;TASK000013243480;Priority 3;OK
DBA;812;DBA;SR;OK;TASK000013243482;Priority 3;OK
SEC;OXE;SEC;SR;OK;TASK000013243807;Priority 3;OK
APS;ETH;APS;SR;Defect;TASK000013243824;Priority 3;OK
SEC;812;SEC;SR;OK;TASK000013244213;Priority 3;OK
FUN;812;FUN;SR;OK;TASK000013244286;Priority 3;OK
FUN;WS;FUN;SR;OK;TASK000013244352;Priority 4;OK
SEC;DPY;SEC;SR;OK;TASK000013244457;Priority 3;OK
FUN;812;FUN;SR;OK;TASK000013244461;Priority 4;OK
L1;812;L1 ;SR;OK;TASK000013244473;Priority 3;OK
SEC;DPY;SEC;SR;OK;TASK000013244554;Priority 3;OK
L1;BWI;L1 ;SR;OK;TASK000013244713;Priority 3;OK
SEC;OXE;SEC;SR;OK;TASK000013244781;Priority 3;OK
L1;BWI;L1 ;SR;OK;TASK000013244810;Priority 4;OK
APS;ETH;APS;SR;OK;TASK000013244867;Priority 3;OK
FIN;812;FUN;SR;OK;TASK000013244974;Priority 3;OK
SCH;LAT;SCH;SR;OK;TASK000013245026;Priority 3;OK
FUN;ETH;FUN;SR;OK;TASK000013245265;Priority 4;OK
SEC;BWI;SEC;SR;OK;TASK000013245399;Priority 4;OK
SEC;ETH;SEC;SR;OK;TASK000013245576;Priority 3;OK
SEC;MNT;SEC;SR;OK;TASK000013245715;Priority 3;OK
SEC;ETH;SEC;SR;OK;TASK000013245804;Priority 3;OK
SEC;812;SEC;SR;OK;TASK000013245955;Priority 3;OK
SEC;ETH;SEC;SR;OK;TASK000013245960;Priority 3;OK
APS;ETH;APS;SR;OK;TASK000013246087;Priority 3;OK
L1;BWI;L1 ;SR;OK;TASK000013246151;Priority 3;OK
SEC;BWI;SEC;SR;OK;TASK000013246213;Priority 4;OK
APS;ETH;APS;SR;OK;TASK000013246741;Priority 3;OK
SEC;OXE;SEC;SR;OK;TASK000013247152;Priority 3;OK
L1;812;L1 ;BULK;OK;TASK000013247312;Priority 3;OK
CNC;812;CNC;BULK;Defect;TASK000013247449;Priority 3;OK
FUN;812;FUN;SR;OK;TASK000013247662;Priority 4;OK
FUN;812;FUN;SR;OK;TASK000013247716;Priority 4;OK
FUN;812;FUN;SR;OK;TASK000013247718;Priority 4;OK
SEC;812;SEC;SR;OK;TASK000013247729;Priority 3;OK
SEC;WS;SEC;SR;OK;TASK000013247785;Priority 3;OK
CNC;CAN;CNC;BULK;OK;TASK000013247822;Priority 3;OK
SEC;MNT;SEC;SR;OK;TASK000013247938;Priority 3;OK
SEC;812;SEC;SR;OK;TASK000013248023;Priority 3;OK
SEC;EMS;SEC;SR;OK;TASK000013248276;Priority 3;OK
SEC;812;SEC;SR;OK;TASK000013248488;Priority 3;OK
APS;ETH;APS;SR;OK;TASK000013248497;Priority 3;OK
APS;ETH;APS;SR;OK;TASK000013248539;Priority 3;OK
CNC;812;L1 ;BULK;OK;TASK000013248599;Priority 3;OK
SEC;BWI;SEC;BULK;OK;TASK000013249205;Priority 3;OK
SEC;ETH;SEC;SR;OK;TASK000013249250;Priority 3;OK
SCH;LAT;SCH;SR;OK;TASK000013249344;Priority 3;OK
SEC;812;SEC;SR;OK;TASK000013249824;Priority 3;OK
SEC;WS;SEC;SR;OK;TASK000013250604;Priority 3;OK
SEC;OXE;SEC;SR;OK;TASK000013251383;Priority 3;OK
SEC;OXE;SEC;SR;OK;TASK000013251391;Priority 3;OK
FIN;812;FUN;BULK;OK;TASK000013251519;Priority 3;OK
APS;ETH;APS;SR;OK;TASK000013251575;Priority 3;OK
FUN;WS;FUN;BULK;OK;TASK000013251742;Priority 3;OK
SEC;812;SEC;SR;OK;TASK000013251805;Priority 3;OK
FUN;812;FUN;SR;OK;TASK000013251922;Priority 3;OK
SEC;BWI;SEC;SR;OK;TASK000013251947;Priority 4;OK
SEC;812;SEC;SR;OK;TASK000013252064;Priority 3;OK
SEC;WS;SEC;SR;OK;TASK000013252067;Priority 3;OK
SEC;OXE;SEC;SR;OK;TASK000013252297;Priority 4;OK
CNC;812;L1 ;BULK;OK;TASK000013252521;Priority 3;OK
SEC;812;SEC;SR;OK;TASK000013252597;Priority 3;OK
L1;BWI;L1 ;SR;OK;TASK000013252618;Priority 3;OK
SEC;812;SEC;SR;OK;TASK000013252676;Priority 3;OK
SEC;CAN;SEC;SR;OK;TASK000013252729;Priority 3;OK
APS;ETH;APS;SR;OK;TASK000013252730;Priority 3;OK
APS;ETH;APS;SR;OK;TASK000013252731;Priority 3;OK
APS;EES;APS;SR;Defect;TASK000013252813;Priority 3;OK
SEC;MNT;SEC;SR;OK;TASK000013253153;Priority 3;OK
SEC;812;SEC;SR;OK;TASK000013253282;Priority 3;OK
CNC;812;L1 ;BULK;OK;TASK000013253362;Priority 3;OK
CNC;812;L1 ;BULK;OK;TASK000013253695;Priority 3;OK
SEC;BWI;SEC;SR;OK;TASK000013253835;Priority 4;OK
SCH;LAT;SCH;SR;OK;TASK000013253841;Priority 3;OK
SCH;LAT;SCH;SR;OK;TASK000013254016;Priority 3;OK
SEC;812;SEC;SR;OK;TASK000013254048;Priority 3;OK
SCH;LAT;SCH;SR;OK;TASK000013254085;Priority 3;OK
APS;DCF;APS;BULK;OK;TASK000013254561;Priority 3;OK
FUN;COR;FUN;BULK;OK;TASK000013254674;Priority 3;OK
FUN;COR;FUN;BULK;OK;TASK000013254686;Priority 3;OK
FUN;COR;FUN;BULK;OK;TASK000013254692;Priority 3;OK
SEC;812;SEC;SR;OK;TASK000013254816;Priority 3;OK
L1;812;L1 ;BULK;OK;TASK000013254996;Priority 3;OK
L1;812;L1 ;SR;OK;TASK000013255137;Priority 3;OK
SEC;WS;SEC;SR;OK;TASK000013255260;Priority 3;OK
FUN;COR;FUN;BULK;OK;TASK000013255263;Priority 3;OK
CNC;OXE;L1 ;SR;OK;TASK000013255344;Priority 3;OK
SCH;LAT;SCH;SR;OK;TASK000013255348;Priority 3;OK
CNC;812;CNC;SR;OK;TASK000013255464;Priority 3;OK
SEC;WS;SEC;SR;OK;TASK000013255566;Priority 3;OK
SEC;DXE;SEC;SR;OK;TASK000013255648;Priority 3;OK
SEC;812;SEC;SR;OK;TASK000013255654;Priority 3;OK
SEC;812;SEC;SR;OK;TASK000013255678;Priority 3;OK
FUN;812;FUN;SR;OK;TASK000013255803;Priority 3;OK
SEC;EMS;SEC;SR;OK;TASK000013255868;Priority 3;OK
SEC;EMS;SEC;SR;OK;TASK000013255885;Priority 3;OK
SEC;DPY;SEC;SR;OK;TASK000013255927;Priority 3;OK
SEC;BWI;SEC;SR;OK;TASK000013256018;Priority 4;OK
L1;812;L1 ;SR;OK;TASK000013256115;Priority 3;OK
SEC;812;SEC;SR;OK;TASK000013256191;Priority 3;OK
SEC;LAT;SEC;SR;Defect;TASK000013256393;Priority 3;OK
SEC;WS;SEC;SR;OK;TASK000013256421;Priority 3;OK
L1;BWI;L1 ;SR;OK;TASK000013256782;Priority 3;OK
APS;ETH;APS;SR;OK;TASK000013256997;Priority 3;OK
APS;DCF;APS;SR;OK;TASK000013257146;Priority 3;OK
SEC;MNT;SEC;SR;Defect;TASK000013257179;Priority 3;OK
L1;BWI;L1 ;SR;OK;TASK000013257212;Priority 3;OK
SEC;BWI;SEC;SR;OK;TASK000013257229;Priority 4;OK
SEC;MNT;SEC;SR;Defect;TASK000013257522;Priority 3;OK
SEC;MNT;SEC;SR;Defect;TASK000013257538;Priority 3;OK
SEC;MNT;SEC;SR;Defect;TASK000013257540;Priority 3;OK
CNC;BWI;L1 ;BULK;OK;TASK000013257554;Priority 3;OK
CNC;812;L1 ;BULK;OK;TASK000013258109;Priority 3;OK
L1;812;L1 ;SR;OK;TASK000013258782;Priority 3;OK
L1;812;L1 ;SR;OK;TASK000013259032;Priority 3;OK
SEC;DXE;SEC;SR;OK;TASK000013259158;Priority 3;OK
SEC;WS;SEC;SR;OK;TASK000013259405;Priority 3;OK
CNC;812;L1 ;BULK;OK;TASK000013259545;Priority 3;OK
SEC;812;SEC;SR;OK;TASK000013259641;Priority 3;OK
SEC;812;SEC;SR;OK;TASK000013259646;Priority 3;OK
CNC;812;L1 ;BULK;OK;TASK000013259725;Priority 3;OK
SEC;812;SEC;SR;OK;TASK000013259738;Priority 3;OK
CNC;812;L1 ;BULK;OK;TASK000013259796;Priority 3;OK
SEC;812;SEC;SR;OK;TASK000013259913;Priority 3;OK
DBA;812;DBA;SR;OK;TASK000013259966;Priority 3;OK
CNC;812;L1 ;BULK;OK;TASK000013260322;Priority 3;OK
SEC;812;SEC;SR;OK;TASK000013260379;Priority 3;OK
SEC;812;SEC;SR;OK;TASK000013260453;Priority 3;OK
SEC;812;SEC;SR;OK;TASK000013260594;Priority 3;OK
SEC;EMS;SEC;SR;OK;TASK000013260620;Priority 3;OK
SEC;WS;SEC;SR;OK;TASK000013260769;Priority 3;OK
APS;ETH;APS;SR;OK;TASK000013260812;Priority 3;OK
SEC;BWI;SEC;SR;OK;TASK000013260944;Priority 4;OK
SEC;WS;SEC;SR;OK;TASK000013261227;Priority 3;OK
SEC;WS;SEC;SR;OK;TASK000013261451;Priority 3;OK
SEC;BWI;SEC;SR;OK;TASK000013261452;Priority 4;OK
SEC;WS;SEC;SR;OK;TASK000013261637;Priority 3;OK
SEC;812;SEC;SR;OK;TASK000013262143;Priority 3;OK
SEC;EMS;SEC;SR;OK;TASK000013262868;Priority 3;OK
SEC;812;SEC;SR;OK;TASK000013262956;Priority 3;OK
L1;812;L1 ;SR;OK;TASK000013263144;Priority 3;OK
L1;812;L1 ;BULK;OK;TASK000013263476;Priority 3;OK
DBA;812;DBA;CHG;OK;TASK000013263526;Priority 3;Defect
SEC;WS;SEC;SR;OK;TASK000013263692;Priority 3;OK
SEC;812;SEC;SR;OK;TASK000013263999;Priority 3;OK
SEC;812;SEC;SR;OK;TASK000013264005;Priority 3;OK
SEC;BWI;SEC;SR;Defect;TASK000013264121;Priority 4;OK
CNC;812;CNC;SR;OK;TASK000013264199;Priority 3;OK
CNC;812;L1 ;BULK;OK;TASK000013264200;Priority 3;OK
SEC;812;SEC;SR;OK;TASK000013264341;Priority 3;OK
FIN;DCF;FUN;SR;OK;TASK000013264409;Priority 3;OK
SEC;812;SEC;SR;OK;TASK000013264612;Priority 3;OK
SCH;812;SCH;BULK;OK;TASK000013264645;Priority 3;OK
SEC;FUN;SEC;SR;OK;TASK000013264865;Priority 3;OK
SCH;812;SCH;BULK;OK;TASK000013264994;Priority 3;OK
CNC;LAT;L1 ;SR;OK;TASK000013265017;Priority 3;OK
APS;ETH;APS;SR;OK;TASK000013265211;Priority 3;OK
L1;812;L1 ;SR;OK;TASK000013265252;Priority 3;OK
FUN;FUN;SEC;SR;OK;TASK000013265402;Priority 3;OK
SEC;BWI;SEC;SR;OK;TASK000013265438;Priority 4;OK
SEC;BWI;SEC;SR;OK;TASK000013265565;Priority 4;OK
SEC;BWI;SEC;SR;OK;TASK000013265572;Priority 4;OK
SEC;BWI;SEC;SR;OK;TASK000013265578;Priority 4;OK
SEC;WS;SEC;SR;OK;TASK000013265697;Priority 3;OK
SEC;BWI;SEC;BULK;OK;TASK000013265811;Priority 3;OK
CNC;812;L1 ;BULK;OK;TASK000013265814;Priority 3;OK
SEC;CAN;SEC;SR;OK;TASK000013266091;Priority 3;OK
SEC;BWI;SEC;SR;OK;TASK000013266233;Priority 4;OK
L1;BWI;L1 ;SR;OK;TASK000013266440;Priority 3;OK
SEC;WS;SEC;SR;OK;TASK000013267006;Priority 3;OK
APS;ETH;APS;SR;OK;TASK000013267325;Priority 3;OK
FUN;812;FUN;SR;OK;TASK000013267359;Priority 3;OK
DBA;812;DBA;SR;OK;TASK000013267384;Priority 3;OK
L1;812;L1 ;SR;OK;TASK000013267450;Priority 3;OK
FUN;WS;FUN;BULK;OK;TASK000013267571;Priority 3;OK
SEC;812;SEC;SR;OK;TASK000013267629;Priority 3;OK
DBA;812;DBA;SR;OK;TASK000013267722;Priority 3;OK
SEC;812;SEC;SR;OK;TASK000013267935;Priority 3;OK
DBA;812;DBA;SR;OK;TASK000013268038;Priority 3;OK
L1;812;L1 ;SR;OK;TASK000013268064;Priority 3;OK
SEC;WS;SEC;SR;OK;TASK000013268141;Priority 3;OK
DBA;812;DBA;SR;OK;TASK000013268295;Priority 3;OK
DBA;812;DBA;SR;OK;TASK000013268323;Priority 3;OK
DBA;812;DBA;CHG;OK;TASK000013268369;Priority 3;Defect
TEC;EMS;OPS;SR;OK;TASK000013268511;Priority 3;OK
DBA;812;DBA;SR;OK;TASK000013268697;Priority 3;OK
SEC;812;SEC;SR;OK;TASK000013268709;Priority 3;OK
CNC;812;L1 ;BULK;OK;TASK000013268787;Priority 3;OK
SEC;ETH;SEC;SR;OK;TASK000013268788;Priority 3;OK
APS;ETH;APS;BULK;OK;TASK000013268832;Priority 3;OK
APS;ETH;APS;SR;OK;TASK000013268867;Priority 3;OK
SEC;812;SEC;SR;OK;TASK000013268963;Priority 3;OK
APS;ETH;APS;SR;OK;TASK000013268976;Priority 3;OK
APS;ETH;APS;SR;OK;TASK000013268984;Priority 3;OK
L1;812;L1 ;SR;OK;TASK000013269121;Priority 3;OK
APS;EES;APS;SR;OK;TASK000013269233;Priority 3;OK
SEC;MNT;SEC;SR;OK;TASK000013269305;Priority 3;OK
L1;812;L1 ;SR;OK;TASK000013269319;Priority 3;OK
CNC;812;L1 ;BULK;OK;TASK000013269378;Priority 3;OK
SEC;812;SEC;SR;OK;TASK000013269391;Priority 3;OK
FUN;ETH;FUN;SR;OK;TASK000013269401;Priority 3;OK
FUN;WS;FUN;SR;OK;TASK000013269422;Priority 4;OK
SEC;812;SEC;SR;OK;TASK000013269428;Priority 3;OK
SEC;BWI;SEC;SR;OK;TASK000013269608;Priority 4;OK
L1;BWI;L1 ;SR;OK;TASK000013269812;Priority 3;OK
L1;812;L1 ;SR;OK;TASK000013270769;Priority 3;OK
SEC;812;SEC;SR;OK;TASK000013271084;Priority 3;OK
SEC;812;SEC;SR;OK;TASK000013271087;Priority 3;OK
SEC;812;SEC;SR;OK;TASK000013271342;Priority 3;OK
DBA;812;DBA;SR;OK;TASK000013271673;Priority 3;OK
FUN;812;FUN;SR;OK;TASK000013271810;Priority 3;OK
SEC;812;SEC;SR;OK;TASK000013271837;Priority 3;OK
FUN;812;FUN;SR;OK;TASK000013271873;Priority 3;OK
SEC;812;SEC;SR;OK;TASK000013271914;Priority 3;OK
SEC;812;SEC;SR;OK;TASK000013271946;Priority 3;OK
SEC;DXE;SEC;SR;OK;TASK000013271990;Priority 3;OK
SEC;812;SEC;SR;OK;TASK000013272027;Priority 3;OK
DBA;812;DBA;SR;OK;TASK000013272030;Priority 3;OK
DBA;812;DBA;SR;OK;TASK000013272069;Priority 3;OK
DBA;812;DBA;SR;OK;TASK000013272269;Priority 3;OK
SEC;812;SEC;SR;OK;TASK000013272483;Priority 3;OK
SEC;812;SEC;SR;OK;TASK000013272484;Priority 3;OK
SEC;DXE;SEC;SR;OK;TASK000013272916;Priority 3;OK
SEC;WS;SEC;SR;OK;TASK000013272935;Priority 3;OK
SEC;EMS;SEC;SR;OK;TASK000013272954;Priority 3;OK
CNC;BWI;L1 ;SR;OK;TASK000013272990;Priority 3;OK
CNC;812;L1 ;BULK;OK;TASK000013273134;Priority 4;OK
APS;EES;APS;SR;OK;TASK000013273379;Priority 3;OK
CNC;812;L1 ;BULK;OK;TASK000013273645;Priority 3;OK
L1;812;L1 ;BULK;OK;TASK000013275114;Priority 4;OK
SEC;OXE;SEC;SR;OK;TASK000013275353;Priority 3;OK
DBA;812;DBA;SR;OK;TASK000013275512;Priority 3;OK
FIN;812;FUN;BULK;OK;TASK000013275604;Priority 4;OK
SEC;FUN;SEC;SR;OK;TASK000013275662;Priority 3;OK
SEC;DPY;SEC;SR;OK;TASK000013275869;Priority 3;OK
SEC;812;SEC;SR;OK;TASK000013275991;Priority 3;OK
FUN;812;FUN;SR;OK;TASK000013276013;Priority 3;OK
SEC;812;SEC;SR;OK;TASK000013276106;Priority 3;OK
SEC;812;SEC;SR;OK;TASK000013276114;Priority 3;OK
SEC;812;SEC;SR;OK;TASK000013276170;Priority 3;OK
FIN;MNT;FUN;INC;OK;TASK000013276178;Priority 4;OK
L1;812;L1 ;SR;OK;TASK000013276310;Priority 3;OK
SEC;812;SEC;SR;OK;TASK000013276336;Priority 3;OK
SEC;BWI;SEC;SR;OK;TASK000013276378;Priority 4;OK
APS;EES;APS;BULK;OK;TASK000013276441;Priority 3;OK
FUN;EES;FUN;BULK;OK;TASK000013276484;Priority 4;OK
FUN;812;FUN;SR;OK;TASK000013276522;Priority 4;OK
SCH;812;SCH;BULK;OK;TASK000013276597;Priority 3;OK
SEC;BWI;SEC;SR;OK;TASK000013276656;Priority 4;OK
SEC;BWI;SEC;SR;OK;TASK000013277053;Priority 4;OK
SEC;BWI;SEC;SR;OK;TASK000013277146;Priority 4;OK
SEC;BWI;SEC;SR;OK;TASK000013277213;Priority 4;OK
SEC;BWI;SEC;SR;OK;TASK000013277223;Priority 4;OK
SEC;FUN;SEC;SR;OK;TASK000013278078;Priority 4;OK
CNC;812;L1 ;BULK;OK;TASK000013278348;Priority 3;OK
CNC;812;L1 ;BULK;OK;TASK000013278351;Priority 3;OK
SEC;OXE;SEC;SR;OK;TASK000013279182;Priority 4;OK
FUN;EDS;FUN;SR;OK;TASK000013279598;Priority 4;OK
SEC;DCF;SEC;SR;OK;TASK000013280320;Priority 4;OK
SEC;BWI;SEC;SR;OK;TASK000013280999;Priority 4;OK
SEC;BWI;SEC;SR;OK;TASK000013282296;Priority 4;OK
SEC;BWI;SEC;SR;OK;TASK000013282658;Priority 4;OK
SEC;BWI;SEC;SR;OK;TASK000013284881;Priority 4;OK
SEC;BWI;SEC;SR;OK;TASK000013285009;Priority 4;OK
L1;BWI;L1 ;SR;OK;TASK000013285561;Priority 4;OK
SEC;BWI;SEC;SR;OK;TASK000013286068;Priority 4;OK
SEC;BWI;SEC;SR;OK;TASK000013286133;Priority 4;OK
SEC;BWI;SEC;SR;OK;TASK000013286199;Priority 4;OK
SEC;BWI;SEC;SR;OK;TASK000013286203;Priority 4;OK
L1;812;MON;SR;OK;TASK000013286567;Priority 4;OK
FUN;WS;FUN;SR;OK;TASK000013286800;Priority 4;OK
L1;812;MON;SR;OK;TASK000013286857;Priority 4;OK
FUN;EDS;FUN;SR;OK;TASK000013287581;Priority 4;OK
SEC;BWI;SEC;SR;OK;TASK000013289241;Priority 4;OK
SEC;BWI;SEC;SR;OK;TASK000013289301;Priority 4;OK
MNT;MNT;FUN;SR;OK;TASK000013289965;Priority 4;OK
MNT;MNT;FUN;SR;OK;TASK000013290035;Priority 4;OK
FUN;MNT;FUN;SR;OK;TASK000013290093;Priority 4;OK
L1;LAT;MON;SR;OK;TASK000013290659;Priority 4;OK
FUN;812;FUN;SR;OK;TASK000013291784;Priority 4;OK
SEC;BWI;SEC;SR;OK;TASK000013293369;Priority 4;OK
SEC;BWI;SEC;SR;OK;TASK000013296254;Priority 4;OK
SEC;BWI;SEC;SR;OK;TASK000013296311;Priority 4;OK
SEC;BWI;SEC;SR;OK;TASK000013296575;Priority 4;OK
SEC;BWI;SEC;SR;OK;TASK000013296775;Priority 4;OK
L1;BWI;L1 ;SR;OK;TASK000013297857;Priority 3;OK
L1;812;MON;SR;OK;TASK000013297868;Priority 3;OK
CNC;BWI;CNC;SR;OK;TASK000013297870;Priority 3;OK
SEC;812;SEC;SR;OK;TASK000013298231;Priority 3;OK
DBA;812;DBA;SR;OK;TASK000013298331;Priority 3;OK
SEC;812;SEC;SR;OK;TASK000013298394;Priority 3;OK
SEC;812;SEC;SR;OK;TASK000013298564;Priority 3;OK
DBA;812;DBA;SR;OK;TASK000013298705;Priority 3;OK
SEC;812;SEC;SR;OK;TASK000013298713;Priority 3;OK
DBA;812;DBA;SR;OK;TASK000013298793;Priority 3;OK
SEC;EMS;SEC;SR;OK;TASK000013299022;Priority 3;OK
APS;ETH;APS;SR;OK;TASK000013299116;Priority 3;OK
DBA;812;DBA;SR;OK;TASK000013299125;Priority 3;OK
DBA;812;DBA;SR;OK;TASK000013299127;Priority 3;OK
SEC;812;SEC;SR;OK;TASK000013299210;Priority 3;OK
DBA;812;DBA;SR;OK;TASK000013299342;Priority 3;OK
L1;BWI;L1 ;SR;OK;TASK000013299439;Priority 3;OK
SEC;BWI;SEC;SR;OK;TASK000013299661;Priority 4;OK
DBA;812;DBA;SR;OK;TASK000013299667;Priority 3;OK
SEC;812;SEC;SR;OK;TASK000013299933;Priority 3;OK
SEC;812;SEC;SR;OK;TASK000013299943;Priority 3;OK
SEC;812;SEC;SR;OK;TASK000013300041;Priority 3;OK
SEC;812;SEC;SR;OK;TASK000013300107;Priority 3;OK
FUN;812;FUN;SR;OK;TASK000013300397;Priority 3;OK
L1;BWI;MON;SR;OK;TASK000013300914;Priority 3;OK
SEC;BWI;SEC;SR;OK;TASK000013301086;Priority 4;OK
FUN;DXE;FUN;SR;OK;TASK000013301187;Priority 4;OK
L1;812;MON;SR;OK;TASK000013301234;Priority 3;OK
CNC;DCF;CNC;SR;OK;TASK000013301362;Priority 3;OK
SEC;812;SEC;SR;OK;TASK000013301995;Priority 3;OK
CNC;812;CNC;SR;OK;TASK000013301996;Priority 3;OK
SEC;812;SEC;SR;OK;TASK000013302148;Priority 3;OK
CNC;812;CNC;SR;OK;TASK000013302250;Priority 3;OK
L1;812;MON;SR;OK;TASK000013302251;Priority 3;OK
SEC;OXE;SEC;SR;OK;TASK000013302882;Priority 3;OK
FUN;812;FUN;SR;OK;TASK000013302926;Priority 3;OK
SEC;812;SEC;SR;OK;TASK000013303051;Priority 3;OK
L1;BWI;L1 ;SR;OK;TASK000013303146;Priority 3;OK
SEC;CAN;SEC;SR;OK;TASK000013303155;Priority 3;OK
SEC;EDS;SEC;SR;OK;TASK000013303297;Priority 3;OK
SEC;DCF;SEC;SR;OK;TASK000013303434;Priority 4;OK
SEC;BWI;SEC;SR;OK;TASK000013303591;Priority 4;OK
SEC;BWI;SEC;SR;OK;TASK000013303828;Priority 4;OK
SEC;DXE;SEC;SR;OK;TASK000013303883;Priority 3;OK
SEC;MNT;SEC;SR;OK;TASK000013303933;Priority 3;OK
SEC;812;SEC;SR;OK;TASK000013304108;Priority 3;OK
SEC;BWI;SEC;SR;OK;TASK000013304169;Priority 4;OK
SEC;OXE;SEC;SR;OK;TASK000013304221;Priority 3;OK
CNC;ETH;CNC;SR;OK;TASK000013304748;Priority 3;OK
SEC;BWI;SEC;SR;OK;TASK000013305003;Priority 3;OK
SCH;LAT;SCH;SR;OK;TASK000013305302;Priority 4;OK
SCH;LAT;SCH;SR;OK;TASK000013305305;Priority 3;OK
SCH;LAT;SCH;SR;OK;TASK000013305308;Priority 3;OK
L1;BWI;MON;SR;OK;TASK000013305345;Priority 3;OK
L1;BWI;L1 ;SR;OK;TASK000013305512;Priority 4;OK
FUN;DCF;SEC;SR;OK;TASK000013305521;Priority 3;OK
SEC;812;SEC;SR;OK;TASK000013305526;Priority 3;OK
FUN;COR;FUN;SR;OK;TASK000013305855;Priority 3;OK
L1;812;MON;SR;OK;TASK000013305858;Priority 3;OK
SEC;LAT;SEC;SR;OK;TASK000013305984;Priority 3;OK
FUN;812;FUN;SR;OK;TASK000013306139;Priority 3;OK
SEC;812;SEC;SR;OK;TASK000013306296;Priority 3;OK
FIN;812;FUN;SR;OK;TASK000013306390;Priority 4;OK
L1;812;MON;SR;OK;TASK000013306459;Priority 3;OK
SEC;MNT;SEC;SR;OK;TASK000013306572;Priority 3;OK
APS;ETH;APS;SR;OK;TASK000013306613;Priority 3;OK
L1;812;MON;SR;OK;TASK000013306793;Priority 3;OK
CNC;MNT;CNC;SR;OK;TASK000013306824;Priority 3;OK
APS;ETH;APS;SR;OK;TASK000013306902;Priority 3;OK
APS;ETH;APS;SR;OK;TASK000013307211;Priority 3;OK
SEC;BWI;SEC;SR;OK;TASK000013307229;Priority 4;OK
SEC;812;SEC;SR;OK;TASK000013307330;Priority 3;OK
SEC;WS;SEC;SR;OK;TASK000013307507;Priority 3;OK
FUN;DCF;SEC;SR;OK;TASK000013307619;Priority 3;OK
SEC;BWI;SEC;SR;OK;TASK000013307663;Priority 4;OK
DBA;812;DBA;SR;OK;TASK000013307750;Priority 3;OK
SEC;LAT;SEC;SR;OK;TASK000013307998;Priority 3;OK
SEC;ETH;SEC;SR;OK;TASK000013308040;Priority 3;OK
APS;ETH;APS;SR;OK;TASK000013308042;Priority 3;OK
L1;BWI;L1 ;SR;OK;TASK000013308154;Priority 3;OK
SEC;BWI;SEC;SR;OK;TASK000013308175;Priority 4;OK
SEC;MNT;SEC;SR;OK;TASK000013308176;Priority 3;OK
FUN;CAN;FUN;SR;OK;TASK000013308623;Priority 3;OK
MNT;MNT;FUN;SR;OK;TASK000013308710;Priority 4;OK
SCH;LAT;SCH;SR;OK;TASK000013308870;Priority 3;OK
SEC;CAN;SEC;SR;OK;TASK000013308943;Priority 3;OK
SEC;WS;SEC;SR;OK;TASK000013309640;Priority 3;OK
SEC;DXE;SEC;SR;OK;TASK000013309885;Priority 3;OK
FUN;812;FUN;SR;OK;TASK000013310029;Priority 3;OK
APS;EES;APS;SR;OK;TASK000013310100;Priority 4;OK
L1;812;MON;SR;OK;TASK000013310119;Priority 3;OK
FIN;DXE;FUN;SR;OK;TASK000013310139;Priority 3;OK
FUN;812;FUN;SR;OK;TASK000013310420;Priority 3;OK
FUN;WS;FUN;SR;OK;TASK000013310570;Priority 4;OK
SEC;812;SEC;SR;OK;TASK000013310840;Priority 3;OK
DBA;812;DBA;SR;OK;TASK000013310854;Priority 3;OK
APS;DCF;APS;SR;OK;TASK000013310900;Priority 4;OK
SEC;812;SEC;SR;OK;TASK000013310906;Priority 3;OK
APS;EES;APS;SR;OK;TASK000013310944;Priority 4;OK
L1;812;MON;SR;OK;TASK000013311082;Priority 4;OK
SEC;812;SEC;SR;OK;TASK000013311285;Priority 3;OK
SEC;812;SEC;SR;OK;TASK000013311318;Priority 3;OK
SEC;812;SEC;SR;OK;TASK000013311386;Priority 3;OK
FUN;ETH;FUN;SR;OK;TASK000013311416;Priority 3;OK
SEC;812;SEC;SR;OK;TASK000013311502;Priority 3;OK
L1;812;MON;SR;OK;TASK000013311540;Priority 4;OK
SEC;BWI;SEC;SR;OK;TASK000013311943;Priority 4;OK
CNC;EES;CNC;SR;OK;TASK000013312120;Priority 3;OK
SEC;BWI;SEC;SR;OK;TASK000013312517;Priority 4;OK
CNC;DCF;CNC;SR;OK;TASK000013312533;Priority 3;OK
L1;BWI;MON;SR;OK;TASK000013312742;Priority 3;OK
CNC;EES;CNC;SR;OK;TASK000013312746;Priority 3;OK
FUN;DCF;SEC;SR;OK;TASK000013312790;Priority 3;OK
L1;BWI;L1 ;SR;OK;TASK000013313422;Priority 4;OK
DBA;812;DBA;SR;OK;TASK000013313548;Priority 3;OK
DBA;812;DBA;SR;OK;TASK000013313883;Priority 3;OK
SEC;LAT;SEC;SR;OK;TASK000013314251;Priority 3;OK
APS;ETH;APS;SR;OK;TASK000013314386;Priority 3;OK
SEC;812;SEC;SR;OK;TASK000013314479;Priority 3;OK
SEC;EMS;SEC;SR;OK;TASK000013314527;Priority 3;OK
SEC;812;SEC;SR;OK;TASK000013314575;Priority 3;OK
SEC;BWI;SEC;SR;OK;TASK000013314588;Priority 4;OK
APS;ETH;APS;SR;OK;TASK000013314848;Priority 3;OK
CNC;812;MON;SR;OK;TASK000013314901;Priority 3;OK
FUN;ETH;FUN;SR;OK;TASK000013315126;Priority 4;OK
L1;812;MON;SR;OK;TASK000013315259;Priority 3;OK
SCH;LAT;SCH;SR;OK;TASK000013315264;Priority 3;OK
CNC;ETH;CNC;SR;OK;TASK000013315282;Priority 3;OK
SEC;ETH;SEC;SR;OK;TASK000013315325;Priority 3;OK
SEC;BWI;SEC;SR;OK;TASK000013315380;Priority 4;OK
SEC;BWI;SEC;SR;Defect;TASK000013315382;Priority 4;OK
SEC;ETH;SEC;SR;OK;TASK000013315450;Priority 3;OK
SEC;CAN;SEC;SR;OK;TASK000013315624;Priority 3;OK
SEC;812;SEC;SR;OK;TASK000013315747;Priority 3;OK
SEC;ETH;SEC;SR;OK;TASK000013315810;Priority 3;OK
L1;BWI;L1 ;SR;OK;TASK000013316182;Priority 4;OK
CNC;EES;CNC;SR;OK;TASK000013316443;Priority 3;OK
APS;EES;APS;SR;OK;TASK000013316677;Priority 4;OK
CNC;LAT;CNC;SR;OK;TASK000013317027;Priority 3;OK
CNC;BWI;CNC;SR;OK;TASK000013317031;Priority 3;OK
DBA;812;DBA;SR;OK;TASK000013318208;Priority 3;OK
FUN;COR;FUN;SR;OK;TASK000013318246;Priority 3;OK
L1;812;MON;SR;OK;TASK000013318538;Priority 3;OK
L1;EDS;MON;SR;OK;TASK000013318552;Priority 3;OK
SEC;812;SEC;SR;OK;TASK000013318553;Priority 3;OK
SEC;812;SEC;SR;OK;TASK000013318690;Priority 3;OK
SEC;812;SEC;SR;OK;TASK000013318760;Priority 3;OK
FUN;EMS;FUN;SR;OK;TASK000013318968;Priority 3;OK
APS;EES;APS;SR;OK;TASK000013319104;Priority 4;OK
SEC;BWI;SEC;SR;OK;TASK000013319112;Priority 4;OK
L1;BWI;L1 ;SR;OK;TASK000013319218;Priority 3;OK
MNT;MNT;FUN;SR;OK;TASK000013319722;Priority 4;OK
SEC;ETH;SEC;SR;OK;TASK000013319874;Priority 3;OK
SEC;BWI;SEC;SR;OK;TASK000013319935;Priority 4;OK
SEC;ETH;SEC;SR;OK;TASK000013320000;Priority 3;OK
SEC;BWI;SEC;SR;OK;TASK000013320163;Priority 4;OK
FUN;ETH;FUN;SR;OK;TASK000013320473;Priority 4;OK
DBA;812;DBA;SR;OK;TASK000013320539;Priority 3;OK
APS;EES;APS;SR;OK;TASK000013320546;Priority 4;OK
FUN;DCF;SEC;SR;OK;TASK000013321511;Priority 3;OK
FIN;MNT;FUN;SR;OK;TASK000013321839;Priority 3;OK
L1;812;MON;SR;OK;TASK000013321953;Priority 3;OK
SEC;812;SEC;SR;OK;TASK000013322013;Priority 3;OK
DBA;812;DBA;SR;OK;TASK000013322106;Priority 3;OK
SEC;812;SEC;SR;OK;TASK000013322218;Priority 3;OK
SEC;WS;SEC;SR;OK;TASK000013322227;Priority 3;OK
SEC;812;SEC;SR;OK;TASK000013322287;Priority 3;OK
SEC;DXE;SEC;SR;OK;TASK000013322318;Priority 3;OK
CNC;812;CNC;SR;OK;TASK000013322361;Priority 3;OK
SCH;LAT;SCH;SR;OK;TASK000013322364;Priority 3;OK
FIN;812;FUN;SR;OK;TASK000013322501;Priority 3;OK
SEC;812;SEC;SR;OK;TASK000013322507;Priority 3;OK
APS;ETH;APS;SR;OK;TASK000013322587;Priority 3;OK
SEC;812;SEC;SR;OK;TASK000013322963;Priority 3;OK
DBA;812;DBA;CHG;Defect;TASK000013323028;Priority 3;Defect
SEC;LAT;SEC;SR;OK;TASK000013323033;Priority 3;OK
L1;EDS;MON;SR;OK;TASK000013323073;Priority 3;OK
FUN;ETH;FUN;SR;OK;TASK000013323283;Priority 4;OK
FUN;EES;FUN;SR;OK;TASK000013323456;Priority 4;OK
SEC;812;SEC;SR;OK;TASK000013323647;Priority 3;OK
L1;BWI;L1 ;SR;OK;TASK000013323670;Priority 3;OK
SEC;EDS;SEC;SR;OK;TASK000013323902;Priority 3;OK
L1;BWI;L1 ;SR;OK;TASK000013324001;Priority 3;OK
SEC;BWI;SEC;SR;OK;TASK000013324085;Priority 4;OK
SEC;MNT;SEC;SR;OK;TASK000013324329;Priority 3;OK
SEC;MNT;SEC;SR;OK;TASK000013324333;Priority 3;OK
SEC;MNT;SEC;SR;OK;TASK000013324335;Priority 3;OK
FUN;DCF;SEC;SR;OK;TASK000013324340;Priority 3;OK
DBA;812;DBA;SR;OK;TASK000013324395;Priority 3;OK
SEC;BWI;SEC;SR;OK;TASK000013324469;Priority 4;OK
SEC;MNT;SEC;SR;OK;TASK000013324471;Priority 3;OK
SEC;BWI;SEC;SR;OK;TASK000013324826;Priority 4;OK
SEC;BWI;SEC;SR;OK;TASK000013325017;Priority 4;OK
APS;ETH;APS;SR;OK;TASK000013325041;Priority 3;OK
SEC;BWI;SEC;SR;OK;TASK000013325074;Priority 4;OK
SEC;BWI;SEC;SR;OK;TASK000013325178;Priority 4;OK
SEC;BWI;SEC;SR;OK;TASK000013325259;Priority 4;OK
FUN;DCF;SEC;SR;Defect;TASK000013325269;Priority 3;OK
APS;ETH;APS;SR;OK;TASK000013325781;Priority 4;OK
SEC;BWI;SEC;SR;OK;TASK000013325996;Priority 4;OK
DBA;812;DBA;SR;OK;TASK000013326136;Priority 3;OK
SEC;812;SEC;SR;OK;TASK000013326179;Priority 3;OK
DBA;812;DBA;SR;OK;TASK000013326183;Priority 3;OK
SEC;812;SEC;SR;OK;TASK000013326188;Priority 3;OK
SEC;812;SEC;SR;OK;TASK000013326201;Priority 3;OK
SEC;812;SEC;SR;OK;TASK000013326211;Priority 3;OK
SEC;812;SEC;SR;OK;TASK000013326433;Priority 3;OK
DBA;812;DBA;SR;OK;TASK000013326706;Priority 3;OK
DBA;812;DBA;SR;OK;TASK000013326780;Priority 3;OK
SEC;WS;SEC;SR;OK;TASK000013326927;Priority 3;OK
SEC;EDS;SEC;SR;OK;TASK000013326973;Priority 3;OK
FIN;MNT;FUN;SR;OK;TASK000013327031;Priority 3;OK
SCH;LAT;SCH;SR;OK;TASK000013327032;Priority 3;OK
CNC;812;CNC;SR;OK;TASK000013327102;Priority 3;OK
DBA;812;DBA;SR;OK;TASK000013327171;Priority 3;OK
APS;ETH;APS;SR;OK;TASK000013327583;Priority 3;OK
SEC;CAN;SEC;SR;OK;TASK000013327715;Priority 3;OK
SEC;812;SEC;SR;OK;TASK000013327843;Priority 3;OK
L1;812;MON;SR;OK;TASK000013327861;Priority 3;OK
SEC;DPY;SEC;SR;OK;TASK000013327932;Priority 3;OK
SEC;LAT;SEC;SR;OK;TASK000013328201;Priority 4;OK
APS;ETH;APS;SR;OK;TASK000013328255;Priority 3;OK
SEC;MNT;SEC;SR;OK;TASK000013328575;Priority 3;OK
SEC;MNT;SEC;SR;OK;TASK000013328754;Priority 3;OK
CNC;ETH;CNC;SR;OK;TASK000013329327;Priority 3;OK
L1;812;MON;SR;OK;TASK000013330201;Priority 3;OK
FUN;DCF;SEC;SR;OK;TASK000013330262;Priority 3;OK
FUN;812;FUN;SR;OK;TASK000013330285;Priority 3;OK
SEC;OXE;SEC;SR;OK;TASK000013330514;Priority 3;OK
FUN;DXE;FUN;SR;OK;TASK000013330570;Priority 3;OK
DBA;812;DBA;SR;OK;TASK000013330592;Priority 3;OK
FUN;EES;FUN;SR;OK;TASK000013330660;Priority 4;OK
SEC;SYN;SEC;SR;Defect;TASK000013330752;Priority 3;OK
FUN;EES;FUN;SR;OK;TASK000013330795;Priority 3;OK
FUN;812;FUN;SR;OK;TASK000013330854;Priority 3;OK
APS;EES;APS;SR;OK;TASK000013330857;Priority 3;OK
APS;EES;APS;SR;OK;TASK000013330861;Priority 3;OK
SEC;BWI;SEC;SR;OK;TASK000013330922;Priority 4;OK
SEC;EMS;SEC;SR;OK;TASK000013330983;Priority 3;OK
SEC;DXE;SEC;SR;OK;TASK000013331101;Priority 3;OK
CNC;OXE;L1 ;SR;OK;TASK000013331203;Priority 3;OK
FUN;ETH;FUN;SR;OK;TASK000013331252;Priority 3;OK
L1;BWI;L1 ;SR;OK;TASK000013331321;Priority 3;OK
APS;EES;APS;SR;OK;TASK000013331346;Priority 3;OK
SEC;OXE;SEC;SR;OK;TASK000013331444;Priority 3;OK
L1;BWI;L1 ;SR;OK;TASK000013331839;Priority 3;OK
L1;BWI;L1 ;SR;OK;TASK000013331858;Priority 3;OK
SEC;812;SEC;SR;OK;TASK000013331874;Priority 3;OK
SEC;ETH;SEC;SR;OK;TASK000013332649;Priority 4;OK
SEC;BWI;SEC;SR;OK;TASK000013332650;Priority 4;OK
L1;BWI;L1 ;SR;OK;TASK000013332974;Priority 3;OK
APS;ETH;APS;SR;OK;TASK000013333384;Priority 3;OK
SEC;DXE;SEC;SR;OK;TASK000013333793;Priority 3;OK
L1;812;MON;SR;OK;TASK000013333884;Priority 4;OK
SEC;812;SEC;SR;OK;TASK000013333903;Priority 3;OK
FUN;DCF;SEC;SR;OK;TASK000013334204;Priority 3;OK
SEC;DXE;SEC;SR;OK;TASK000013334213;Priority 3;OK
SEC;812;SEC;SR;OK;TASK000013334348;Priority 3;OK
L1;BWI;L1 ;SR;OK;TASK000013334416;Priority 3;OK
SEC;BWI;SEC;SR;OK;TASK000013334528;Priority 4;OK
SEC;812;SEC;SR;OK;TASK000013334568;Priority 3;OK
SEC;CAN;SEC;SR;OK;TASK000013334723;Priority 3;OK
L1;812;MON;SR;OK;TASK000013334982;Priority 3;OK
SEC;MNT;SEC;SR;OK;TASK000013335024;Priority 3;OK
SCH;LAT;SCH;SR;OK;TASK000013335313;Priority 3;OK
SEC;BWI;SEC;SR;OK;TASK000013335635;Priority 4;OK
L1;BWI;L1 ;SR;OK;TASK000013335896;Priority 3;OK
CNC;EES;CNC;SR;OK;TASK000013336217;Priority 3;OK
SEC;MNT;SEC;SR;OK;TASK000013336384;Priority 3;OK
CNC;BWI;CNC;SR;OK;TASK000013336859;Priority 3;OK
CNC;BWI;CNC;SR;OK;TASK000013336861;Priority 3;OK
L1;812;MON;SR;OK;TASK000013337222;Priority 3;OK
DBA;812;DBA;CHG;Defect;TASK000013337433;Priority 3;Defect
APS;ETH;APS;SR;OK;TASK000013337471;Priority 3;OK
L1;812;MON;SR;OK;TASK000013337518;Priority 3;OK
SEC;812;SEC;SR;OK;TASK000013337592;Priority 3;OK
APS;ETH;APS;SR;OK;TASK000013337742;Priority 3;OK
CNC;812;CNC;SR;OK;TASK000013337786;Priority 3;OK
SEC;812;SEC;SR;OK;TASK000013337827;Priority 3;OK
SEC;812;SEC;SR;OK;TASK000013337839;Priority 3;OK
SEC;812;SEC;SR;OK;TASK000013337852;Priority 3;OK
SEC;WS;SEC;SR;OK;TASK000013337889;Priority 3;OK
SEC;812;SEC;SR;OK;TASK000013338038;Priority 3;OK
SEC;812;SEC;SR;OK;TASK000013338054;Priority 3;OK
L1;812;MON;SR;OK;TASK000013338201;Priority 3;OK
SEC;812;SEC;SR;OK;TASK000013338251;Priority 3;OK
SEC;812;SEC;SR;OK;TASK000013338277;Priority 3;OK
DBA;812;DBA;SR;OK;TASK000013338284;Priority 3;OK
FUN;DCF;FUN;SR;OK;TASK000013338458;Priority 3;OK
SEC;812;SEC;SR;OK;TASK000013338782;Priority 3;OK
SEC;BWI;SEC;SR;OK;TASK000013338951;Priority 4;OK
APS;DCF;APS;SR;Defect;TASK000013338966;Priority 3;OK
SEC;812;SEC;SR;OK;TASK000013338977;Priority 3;OK
FUN;ETH;FUN;SR;OK;TASK000013339105;Priority 3;OK
FUN;DCF;SEC;SR;OK;TASK000013339329;Priority 3;OK
APS;EES;APS;SR;OK;TASK000013339430;Priority 4;OK
APS;EES;APS;SR;OK;TASK000013339442;Priority 4;OK
SEC;MNT;SEC;SR;OK;TASK000013339454;Priority 3;OK
L1;DCF;CNC;SR;OK;TASK000013339544;Priority 3;OK
FUN;CAN;FUN;SR;OK;TASK000013339666;Priority 3;OK
SEC;812;SEC;SR;OK;TASK000013339757;Priority 3;OK
SCH;BWI;SCH;SR;OK;TASK000013339763;Priority 3;OK
APS;ETH;APS;SR;OK;TASK000013339781;Priority 3;OK
L1;812;MON;SR;OK;TASK000013339951;Priority 3;OK
L1;BWI;L1 ;SR;OK;TASK000013340142;Priority 3;OK
SEC;BWI;SEC;SR;OK;TASK000013340323;Priority 4;OK
SEC;DCF;SEC;SR;OK;TASK000013340377;Priority 4;OK
SEC;ETH;SEC;SR;OK;TASK000013340530;Priority 3;OK
SEC;ETH;SEC;SR;OK;TASK000013340839;Priority 3;OK
SEC;ETH;SEC;SR;OK;TASK000013340916;Priority 3;OK
SEC;ETH;SEC;SR;OK;TASK000013340969;Priority 3;OK
SEC;ETH;SEC;SR;OK;TASK000013340980;Priority 3;OK
L1;812;MON;SR;OK;TASK000013341477;Priority 4;OK
SEC;MNT;SEC;SR;OK;TASK000013341694;Priority 3;OK
SEC;812;SEC;SR;OK;TASK000013341702;Priority 3;OK
APS;ETH;APS;SR;OK;TASK000013341742;Priority 4;OK
FUN;EMS;FUN;SR;OK;TASK000013341796;Priority 3;OK
FUN;DCF;FUN;SR;OK;TASK000013341966;Priority 3;OK
L1;812;MON;SR;OK;TASK000013342080;Priority 4;OK
DBA;812;DBA;SR;OK;TASK000013342263;Priority 3;OK
CNC;812;CNC;SR;OK;TASK000013342310;Priority 3;OK
SEC;812;SEC;SR;OK;TASK000013342517;Priority 3;OK
FIN;812;FUN;SR;OK;TASK000013342529;Priority 3;OK
APS;ETH;APS;SR;OK;TASK000013342582;Priority 3;OK
OPS;EMS;OPS;SR;OK;TASK000013342795;Priority 3;OK
SEC;CAN;SEC;SR;OK;TASK000013342811;Priority 3;OK
SEC;812;SEC;SR;OK;TASK000013343221;Priority 3;OK
SEC;812;SEC;SR;OK;TASK000013343473;Priority 3;OK
SEC;812;SEC;SR;OK;TASK000013343489;Priority 3;OK
APS;ETH;APS;SR;OK;TASK000013343505;Priority 3;OK
SEC;EMS;SEC;SR;OK;TASK000013343592;Priority 3;OK
SEC;812;SEC;SR;OK;TASK000013343624;Priority 3;OK
SEC;812;SEC;SR;OK;TASK000013343647;Priority 3;OK
SEC;812;SEC;SR;OK;TASK000013343656;Priority 3;OK
SEC;BWI;SEC;SR;OK;TASK000013343852;Priority 4;OK
SEC;BWI;SEC;SR;OK;TASK000013343860;Priority 4;OK
SEC;BWI;SEC;SR;OK;TASK000013343862;Priority 4;OK
L1;812;MON;SR;OK;TASK000013343986;Priority 3;OK
DBA;812;DBA;SR;OK;TASK000013344031;Priority 3;OK
L1;BWI;L1 ;SR;OK;TASK000013344151;Priority 3;OK
SEC;MNT;SEC;SR;OK;TASK000013344170;Priority 3;OK
SEC;MNT;SEC;SR;OK;TASK000013344651;Priority 3;OK
SEC;MNT;SEC;SR;OK;TASK000013344832;Priority 3;OK
SEC;MNT;SEC;SR;OK;TASK000013344833;Priority 3;OK
L1;812;MON;SR;OK;TASK000013344880;Priority 3;OK
L1;812;MON;SR;OK;TASK000013345205;Priority 4;OK
SEC;812;SEC;SR;OK;TASK000013345545;Priority 3;OK
SEC;812;SEC;SR;OK;TASK000013345726;Priority 3;OK
DBA;812;DBA;SR;OK;TASK000013345809;Priority 3;OK
SEC;812;SEC;SR;OK;TASK000013345909;Priority 3;OK
CNC;OXE;L1 ;SR;OK;TASK000013346109;Priority 3;OK
SEC;DCF;SEC;SR;OK;TASK000013346142;Priority 4;OK
L1;812;MON;SR;OK;TASK000013346338;Priority 4;OK
L1;812;MON;HK;OK;TASK000013346484;Priority 4;OK
SEC;812;SEC;SR;OK;TASK000013346577;Priority 3;OK
SEC;812;SEC;SR;OK;TASK000013346609;Priority 3;OK
SEC;812;SEC;SR;OK;TASK000013346639;Priority 3;OK
SEC;MNT;SEC;SR;OK;TASK000013346937;Priority 3;OK
FUN;812;FUN;SR;OK;TASK000013346967;Priority 3;OK
FUN;812;FUN;SR;OK;TASK000013347047;Priority 4;OK
APS;ETH;APS;SR;OK;TASK000013347159;Priority 3;OK
L1;812;MON;SR;OK;TASK000013347163;Priority 3;OK
SEC;BWI;SEC;SR;OK;TASK000013347459;Priority 4;OK
SEC;OXE;SEC;SR;OK;TASK000013347926;Priority 3;OK
SEC;WS;SEC;SR;OK;TASK000013348114;Priority 3;OK
APS;ETH;APS;SR;OK;TASK000013348249;Priority 3;OK
APS;ETH;APS;SR;OK;TASK000013348310;Priority 3;OK
SEC;OXE;SEC;SR;OK;TASK000013348379;Priority 3;OK
FUN;CAN;FUN;SR;OK;TASK000013348997;Priority 3;OK
SEC;DXE;SEC;SR;OK;TASK000013349494;Priority 3;OK
L1;812;MON;SR;OK;TASK000013349732;Priority 4;OK
L1;812;MON;SR;OK;TASK000013349778;Priority 4;OK
DBA;812;DBA;SR;OK;TASK000013350138;Priority 3;OK
SEC;812;SEC;SR;OK;TASK000013350619;Priority 3;OK
SEC;LAT;SEC;SR;OK;TASK000013350991;Priority 3;OK
FUN;LAT;FUN;SR;OK;TASK000013351045;Priority 3;OK
DBA;812;DBA;SR;OK;TASK000013351133;Priority 3;OK
DBA;812;DBA;SR;OK;TASK000013351217;Priority 3;OK
SEC;812;SEC;SR;OK;TASK000013351235;Priority 3;OK
DBA;812;DBA;SR;OK;TASK000013351416;Priority 3;OK
SEC;LAT;SEC;SR;OK;TASK000013351655;Priority 3;OK
DBA;812;DBA;CHG;OK;TASK000013351684;Priority 3;Defect
APS;ETH;APS;SR;OK;TASK000013351872;Priority 3;OK
CNC;EES;CNC;SR;OK;TASK000013351901;Priority 3;OK
APS;ETH;APS;SR;OK;TASK000013351907;Priority 3;OK
SEC;DCF;SEC;SR;OK;TASK000013351992;Priority 4;OK
SEC;MNT;SEC;SR;OK;TASK000013352094;Priority 3;OK
CNC;ETH;TEC;SR;OK;TASK000013352429;Priority 3;OK
SEC;812;SEC;SR;OK;TASK000013352455;Priority 3;OK
SEC;812;SEC;SR;OK;TASK000013352476;Priority 3;OK
CNC;ETH;TEC;SR;OK;TASK000013352482;Priority 3;OK
CNC;LAT;CNC;SR;OK;TASK000013352598;Priority 3;OK
SEC;MNT;SEC;SR;OK;TASK000013352627;Priority 3;OK
SEC;MNT;SEC;SR;OK;TASK000013352635;Priority 3;OK
SEC;BWI;SEC;SR;OK;TASK000013352789;Priority 4;OK
SEC;812;SEC;SR;OK;TASK000013353409;Priority 3;OK
SEC;EDS;SEC;SR;OK;TASK000013353645;Priority 3;OK
DBA;812;DBA;SR;OK;TASK000013353715;Priority 3;OK
FUN;812;FUN;SR;OK;TASK000013353955;Priority 3;OK
SEC;EMS;SEC;SR;OK;TASK000013354058;Priority 3;OK
SEC;812;SEC;SR;OK;TASK000013354153;Priority 3;OK
SEC;DXE;SEC;SR;OK;TASK000013354285;Priority 3;OK
FUN;DCF;FUN;SR;Defect;TASK000013354395;Priority 3;OK
FUN;812;FUN;SR;OK;TASK000013354450;Priority 3;OK
FUN;812;FUN;SR;OK;TASK000013354847;Priority 4;OK
DBA;812;DBA;SR;OK;TASK000013354875;Priority 3;OK
SEC;DPY;SEC;SR;OK;TASK000013355207;Priority 3;OK
CNC;ETH;CNC;SR;OK;TASK000013355267;Priority 3;OK
APS;EES;APS;SR;OK;TASK000013355477;Priority 3;OK
CNC;ETH;TEC;SR;OK;TASK000013355699;Priority 3;OK
L1;812;MON;SR;OK;TASK000013355850;Priority 3;OK
APS;ETH;APS;SR;OK;TASK000013355860;Priority 3;OK
SEC;MNT;SEC;SR;OK;TASK000013355865;Priority 3;OK
CNC;ETH;CNC;SR;OK;TASK000013355932;Priority 3;OK
SEC;BWI;SEC;SR;OK;TASK000013355937;Priority 4;OK
SEC;BWI;SEC;SR;OK;TASK000013356038;Priority 4;OK
SEC;ETH;SEC;SR;OK;TASK000013356089;Priority 3;OK
L1;812;MON;SR;OK;TASK000013356833;Priority 3;OK
L1;BWI;L1 ;SR;OK;TASK000013356850;Priority 3;OK
SEC;MNT;SEC;SR;OK;TASK000013357359;Priority 3;OK
CNC;BWI;CNC;SR;OK;TASK000013357459;Priority 3;OK
SEC;812;SEC;SR;OK;TASK000013358049;Priority 3;OK
SEC;812;SEC;SR;OK;TASK000013358085;Priority 3;OK
SEC;812;SEC;SR;OK;TASK000013358315;Priority 3;OK
SEC;812;SEC;SR;OK;TASK000013358524;Priority 3;OK
SEC;812;SEC;SR;OK;TASK000013358851;Priority 3;OK
FUN;812;FUN;SR;OK;TASK000013359164;Priority 3;OK
SEC;812;SEC;SR;OK;TASK000013359242;Priority 3;OK
SEC;OXE;SEC;SR;OK;TASK000013359260;Priority 3;OK
CNC;812;CNC;SR;OK;TASK000013359354;Priority 3;OK
SEC;BWI;SEC;SR;OK;TASK000013359485;Priority 4;OK
SEC;DCF;SEC;SR;OK;TASK000013359575;Priority 3;OK
FUN;812;FUN;SR;OK;TASK000013359769;Priority 3;OK
SEC;BWI;SEC;SR;OK;TASK000013360090;Priority 4;OK
FUN;812;FUN;SR;OK;TASK000013360117;Priority 3;OK
SEC;ETH;SEC;SR;OK;TASK000013361072;Priority 3;OK
SEC;ETH;SEC;SR;OK;TASK000013361221;Priority 3;OK
SEC;ETH;SEC;SR;OK;TASK000013361231;Priority 3;OK
SEC;ETH;SEC;SR;OK;TASK000013361237;Priority 3;OK
SEC;OXE;SEC;SR;OK;TASK000013361988;Priority 3;OK
SEC;812;SEC;SR;OK;TASK000013362197;Priority 3;OK
FUN;DCF;SEC;SR;OK;TASK000013362243;Priority 3;OK
SEC;812;SEC;SR;OK;TASK000013362416;Priority 3;OK
FUN;812;FUN;SR;OK;TASK000013362576;Priority 3;OK
SEC;812;SEC;SR;OK;TASK000013362620;Priority 3;OK
SEC;812;SEC;SR;OK;TASK000013362648;Priority 3;OK
SEC;812;SEC;SR;OK;TASK000013362721;Priority 3;OK
SEC;812;SEC;SR;OK;TASK000013363046;Priority 3;OK
SEC;812;SEC;SR;OK;TASK000013363161;Priority 3;OK
FUN;DCF;SEC;SR;OK;TASK000013363213;Priority 4;OK
SEC;BWI;SEC;SR;OK;TASK000013363355;Priority 4;OK
SEC;EDS;SEC;SR;OK;TASK000013363411;Priority 3;OK
SEC;812;SEC;SR;OK;TASK000013363512;Priority 3;OK
SEC;SYN;SEC;SR;Defect;TASK000013363536;Priority 3;OK
SEC;BWI;SEC;SR;OK;TASK000013363631;Priority 4;OK
CNC;DCF;CNC;SR;OK;TASK000013363858;Priority 3;OK
SEC;WS;SEC;SR;OK;TASK000013364105;Priority 3;OK
APS;EES;APS;SR;OK;TASK000013364110;Priority 4;OK
SEC;EES;SEC;SR;OK;TASK000013364117;Priority 3;OK
SEC;812;SEC;SR;OK;TASK000013364124;Priority 3;OK
SEC;OXE;SEC;SR;OK;TASK000013364227;Priority 3;OK
SEC;EES;SEC;SR;OK;TASK000013364254;Priority 3;OK
SEC;BWI;SEC;SR;OK;TASK000013364774;Priority 4;OK
SEC;LAT;SEC;SR;OK;TASK000013364899;Priority 3;OK
SEC;ETH;SEC;SR;OK;TASK000013364929;Priority 3;OK
APS;DCF;APS;SR;OK;TASK000013365055;Priority 3;OK
L1;BWI;L1 ;SR;OK;TASK000013365210;Priority 3;OK
SEC;ETH;SEC;SR;OK;TASK000013365467;Priority 3;OK
SEC;812;SEC;SR;OK;TASK000013366062;Priority 3;OK
SEC;812;SEC;SR;OK;TASK000013366088;Priority 3;OK
SEC;812;SEC;SR;OK;TASK000013366101;Priority 3;OK
SEC;EDS;SEC;SR;OK;TASK000013366230;Priority 3;OK
DBA;812;DBA;SR;OK;TASK000013366411;Priority 3;OK
SEC;812;SEC;SR;OK;TASK000013366652;Priority 3;OK
SEC;812;SEC;SR;OK;TASK000013366851;Priority 3;OK
SEC;812;SEC;SR;OK;TASK000013366940;Priority 3;OK
SEC;812;SEC;SR;OK;TASK000013366969;Priority 3;OK
DBA;812;DBA;CHG;Defect;TASK000013367052;Priority 3;Defect
SEC;EMS;SEC;SR;OK;TASK000013367168;Priority 3;OK
SEC;812;SEC;SR;OK;TASK000013367542;Priority 3;OK
SEC;LAT;SEC;SR;OK;TASK000013367572;Priority 4;OK
SEC;812;SEC;SR;OK;TASK000013367676;Priority 3;OK
SEC;812;SEC;SR;OK;TASK000013368319;Priority 3;OK
APS;ETH;APS;SR;OK;TASK000013368489;Priority 3;OK
SEC;CAN;SEC;SR;OK;TASK000013368953;Priority 3;OK
FUN;DCF;FUN;SR;OK;TASK000013369044;Priority 3;OK
SEC;ETH;SEC;SR;OK;TASK000013369429;Priority 3;OK
L1;BWI;L1 ;SR;OK;TASK000013369571;Priority 3;OK
L1;812;CNC;SR;OK;TASK000013370244;Priority 4;OK
L1;812;CNC;SR;OK;TASK000013371236;Priority 4;OK
SEC;BWI;SEC;SR;OK;TASK000013372520;Priority 4;OK
FIN;812;FUN;SR;OK;TASK000013375214;Priority 4;OK
SEC;BWI;SEC;SR;OK;TASK000013375298;Priority 4;OK
SEC;BWI;SEC;SR;OK;TASK000013375699;Priority 4;OK
SEC;LAT;SEC;SR;OK;TASK000013376610;Priority 4;OK
SEC;BWI;SEC;SR;OK;TASK000013377315;Priority 4;OK
SEC;BWI;SEC;SR;OK;TASK000013377316;Priority 4;OK
SEC;BWI;SEC;SR;OK;TASK000013380053;Priority 4;OK
SEC;BWI;SEC;SR;OK;TASK000013381362;Priority 4;OK
FUN;812;FUN;SR;OK;TASK000013383322;Priority 4;OK
FUN;812;FUN;SR;OK;TASK000013383335;Priority 4;OK
SEC;BWI;SEC;SR;OK;TASK000013384883;Priority 4;OK
APS;EES;APS;SR;OK;TASK000013386796;Priority 4;OK
FUN;WS;FUN;SR;OK;TASK000013387442;Priority 3;OK
L1;BWI;L1 ;SR;OK;TASK000013387614;Priority 3;OK
L1;812;CNC;SR;OK;TASK000013387655;Priority 4;OK
L1;812;CNC;SR;OK;TASK000013387921;Priority 4;OK
SEC;EMS;SEC;SR;OK;TASK000013388002;Priority 3;OK
FUN;WS;FUN;SR;OK;TASK000013388020;Priority 3;OK
SEC;812;SEC;SR;OK;TASK000013388233;Priority 3;OK
SEC;812;SEC;SR;OK;TASK000013388408;Priority 3;OK
SEC;WS;SEC;SR;OK;TASK000013388422;Priority 3;OK
FUN;DCF;SEC;SR;OK;TASK000013388593;Priority 3;OK
SEC;812;SEC;SR;OK;TASK000013388661;Priority 3;OK
SEC;WS;SEC;SR;OK;TASK000013388835;Priority 3;OK
SEC;EMS;SEC;SR;OK;TASK000013388874;Priority 3;OK
APS;ETH;APS;SR;OK;TASK000013388880;Priority 3;OK
FUN;DCF;SEC;SR;OK;TASK000013389085;Priority 3;OK
L1;BWI;L1 ;SR;OK;TASK000013389212;Priority 3;OK
SEC;812;SEC;SR;OK;TASK000013389251;Priority 3;OK
SEC;BWI;SEC;SR;OK;TASK000013389684;Priority 4;OK
SEC;WS;SEC;SR;OK;TASK000013389801;Priority 3;OK
SEC;MNT;SEC;SR;OK;TASK000013389862;Priority 3;OK
L1;BWI;L1 ;SR;OK;TASK000013389938;Priority 3;OK
DCF;DCF;FUN;SR;Defect;TASK000013390213;Priority 3;OK
L1;BWI;L1 ;SR;OK;TASK000013390242;Priority 3;OK
SEC;WS;SEC;SR;OK;TASK000013390451;Priority 3;OK
SEC;SYN;SEC;SR;Defect;TASK000013390504;Priority 3;OK
CNC;BWI;L1 ;SR;OK;TASK000013390514;Priority 3;OK
L1;BWI;L1 ;SR;OK;TASK000013390831;Priority 4;OK
DBA;812;DBA;SR;OK;TASK000013391011;Priority 3;OK
CNC;CAN;CNC;SR;OK;TASK000013391459;Priority 3;OK
SEC;812;SEC;SR;OK;TASK000013391632;Priority 3;OK
SEC;WS;SEC;SR;OK;TASK000013391641;Priority 3;OK
SEC;812;SEC;SR;Defect;TASK000013391912;Priority 3;OK
SEC;BWI;SEC;SR;OK;TASK000013392004;Priority 4;OK
FUN;812;FUN;SR;OK;TASK000013392025;Priority 4;OK
SEC;812;SEC;SR;OK;TASK000013392052;Priority 3;OK
L1;BWI;L1 ;SR;OK;TASK000013392143;Priority 3;OK
FIN;812;FUN;SR;OK;TASK000013392285;Priority 4;OK
SEC;812;SEC;SR;OK;TASK000013392340;Priority 3;OK
SEC;812;SEC;SR;OK;TASK000013392392;Priority 3;OK
CNC;DCF;CNC;SR;OK;TASK000013392405;Priority 3;OK
CNC;DCF;CNC;SR;OK;TASK000013392426;Priority 3;OK
SEC;BWI;SEC;SR;OK;TASK000013392735;Priority 4;OK
SCH;812;SCH;SR;OK;TASK000013392761;Priority 3;OK
SEC;WS;SEC;SR;OK;TASK000013392778;Priority 3;OK
CNC;812;CNC;SR;OK;TASK000013392836;Priority 3;OK
DBA;812;DBA;SR;OK;TASK000013392861;Priority 3;OK
SCH;LAT;SCH;SR;OK;TASK000013392907;Priority 3;OK
SCH;812;SCH;SR;OK;TASK000013392965;Priority 3;OK
APS;ETH;APS;SR;OK;TASK000013393358;Priority 3;OK
SEC;812;SEC;SR;OK;TASK000013393360;Priority 3;OK
SEC;ETH;SEC;SR;OK;TASK000013393595;Priority 3;OK
SEC;MNT;SEC;SR;OK;TASK000013393664;Priority 3;OK
SEC;ETH;SEC;SR;OK;TASK000013393775;Priority 3;OK
SEC;WS;SEC;SR;OK;TASK000013393857;Priority 3;OK
L1;BWI;L1 ;SR;OK;TASK000013393906;Priority 3;OK
SEC;MNT;SEC;SR;OK;TASK000013393914;Priority 3;OK
FUN;MNT;FUN;SR;Defect;TASK000013393954;Priority 4;OK
CNC;BWI;L1 ;SR;OK;TASK000013393981;Priority 3;OK
SEC;812;SEC;SR;OK;TASK000013394586;Priority 3;OK
SEC;BWI;SEC;SR;OK;TASK000013394596;Priority 4;OK
SEC;MNT;SEC;SR;OK;TASK000013394952;Priority 3;OK
SEC;WS;SEC;SR;OK;TASK000013395542;Priority 3;OK
SEC;812;SEC;SR;OK;TASK000013395585;Priority 3;OK
APS;ETH;APS;SR;OK;TASK000013395744;Priority 3;OK
SEC;SYN;SEC;SR;Defect;TASK000013395864;Priority 3;OK
SEC;WS;SEC;SR;OK;TASK000013395895;Priority 3;OK
DBA;812;DBA;SR;Defect;TASK000013395920;Priority 3;OK
SEC;BWI;SEC;SR;OK;TASK000013396099;Priority 4;OK
APS;ETH;APS;SR;OK;TASK000013396497;Priority 3;OK
SEC;MNT;SEC;SR;OK;TASK000013396538;Priority 3;OK
CNC;BWI;CNC;SR;OK;TASK000013396605;Priority 3;OK
FUN;EES;FUN;SR;OK;TASK000013396712;Priority 4;OK
SEC;MNT;SEC;SR;OK;TASK000013396848;Priority 3;OK
SEC;SYN;SEC;SR;Defect;TASK000013396968;Priority 3;OK
SEC;BWI;SEC;SR;OK;TASK000013397086;Priority 4;OK
SEC;812;SEC;SR;OK;TASK000013397096;Priority 3;OK
SEC;ETH;SEC;SR;OK;TASK000013397104;Priority 3;OK
L1;BWI;L1 ;SR;OK;TASK000013397589;Priority 3;OK
CNC;DCF;CNC;SR;OK;TASK000013397622;Priority 3;OK
SEC;MNT;SEC;SR;Defect;TASK000013397685;Priority 3;OK
SEC;MNT;SEC;SR;Defect;TASK000013397692;Priority 3;OK
SEC;ETH;SEC;SR;OK;TASK000013397708;Priority 3;OK
SEC;MNT;SEC;SR;Defect;TASK000013397738;Priority 3;OK
SEC;MNT;SEC;SR;Defect;TASK000013397739;Priority 3;OK
SEC;MNT;SEC;SR;OK;TASK000013397765;Priority 3;OK
SEC;MNT;SEC;SR;OK;TASK000013397816;Priority 3;OK
SEC;MNT;SEC;SR;OK;TASK000013397822;Priority 3;OK
SEC;MNT;SEC;SR;OK;TASK000013397913;Priority 3;OK
SEC;MNT;SEC;SR;OK;TASK000013397914;Priority 3;OK
SEC;MNT;SEC;SR;OK;TASK000013397923;Priority 3;OK
CNC;LAT;CNC;SR;OK;TASK000013398208;Priority 3;OK
CNC;BWI;CNC;SR;OK;TASK000013398210;Priority 3;OK
CNC;EES;CNC;SR;OK;TASK000013398211;Priority 3;OK
FUN;WS;FUN;SR;OK;TASK000013398476;Priority 4;OK
FUN;COR;FUN;SR;OK;TASK000013398491;Priority 3;OK
SCH;812;SCH;SR;OK;TASK000013399298;Priority 3;OK
SEC;812;SEC;SR;OK;TASK000013399499;Priority 3;OK
SEC;MNT;SEC;SR;OK;TASK000013399763;Priority 3;OK
L1;BWI;L1 ;SR;OK;TASK000013399881;Priority 3;OK
SEC;MNT;SEC;SR;OK;TASK000013399896;Priority 3;OK
SEC;WS;SEC;SR;OK;TASK000013400066;Priority 3;OK
SEC;WS;SEC;SR;OK;TASK000013400072;Priority 3;OK
DBA;812;DBA;SR;OK;TASK000013400093;Priority 3;OK
SEC;BWI;SEC;SR;OK;TASK000013400326;Priority 3;OK
CNC;812;CNC;SR;OK;TASK000013400398;Priority 3;OK
CNC;ETH;L1 ;SR;OK;TASK000013400653;Priority 3;OK
CNC;BWI;L1 ;SR;OK;TASK000013400736;Priority 3;OK
L1;BWI;L1 ;SR;OK;TASK000013400766;Priority 3;OK
CNC;DCF;CNC;SR;OK;TASK000013400836;Priority 3;OK
L1;BWI;L1 ;SR;OK;TASK000013401044;Priority 3;OK
SEC;EMS;SEC;SR;OK;TASK000013401473;Priority 3;OK
DBA;812;DBA;SR;OK;TASK000013401691;Priority 3;OK
APS;ETH;APS;SR;OK;TASK000013401923;Priority 3;OK
FUN;812;FUN;SR;Defect;TASK000013402198;Priority 4;OK
SEC;812;SEC;SR;OK;TASK000013402200;Priority 3;OK
APS;DCF;APS;SR;OK;TASK000013402201;Priority 3;OK
SCH;812;SCH;SR;OK;TASK000013402378;Priority 3;OK
SCH;812;SCH;SR;OK;TASK000013402420;Priority 3;OK
FIN;812;FUN;SR;OK;TASK000013402508;Priority 3;OK
SEC;812;SEC;SR;OK;TASK000013402648;Priority 3;OK
FUN;812;FUN;SR;OK;TASK000013403095;Priority 3;OK
CNC;ETH;CNC;SR;OK;TASK000013403323;Priority 3;OK
SEC;812;SEC;SR;OK;TASK000013403391;Priority 3;OK
FIN;812;INS;SR;Defect;TASK000013403417;Priority 3;OK
L1;BWI;L1 ;SR;OK;TASK000013403468;Priority 3;OK
L1;BWI;L1 ;SR;OK;TASK000013403545;Priority 3;OK
SEC;EES;FUN;SR;OK;TASK000013403553;Priority 3;OK
CNC;DCF;CNC;SR;OK;TASK000013403674;Priority 3;OK
SEC;812;SEC;SR;OK;TASK000013403736;Priority 3;OK
L1;BWI;L1 ;SR;OK;TASK000013404016;Priority 3;OK
SEC;BWI;SEC;SR;OK;TASK000013404131;Priority 3;OK
SCH;LAT;SCH;SR;OK;TASK000013404151;Priority 3;OK
CNC;EES;CNC;SR;OK;TASK000013404229;Priority 3;OK
SEC;ETH;SEC;SR;OK;TASK000013404309;Priority 3;OK
SEC;WS;SEC;SR;OK;TASK000013404556;Priority 3;OK
CNC;BWI;CNC;SR;OK;TASK000013404577;Priority 3;OK
SEC;BWI;SEC;SR;OK;TASK000013404852;Priority 4;OK
L1;BWI;L1 ;SR;OK;TASK000013405105;Priority 3;OK
L1;BWI;CNC;SR;OK;TASK000013406120;Priority 3;OK
APS;ETH;APS;SR;OK;TASK000013406359;Priority 3;OK
APS;ETH;APS;SR;OK;TASK000013406560;Priority 3;OK
APS;DCF;APS;SR;OK;TASK000013406639;Priority 3;OK
SEC;WS;SEC;SR;OK;TASK000013406651;Priority 3;OK
SEC;SYN;SEC;SR;OK;TASK000013406741;Priority 3;OK
SEC;812;SEC;SR;OK;TASK000013406933;Priority 3;OK
CNC;LAT;CNC;SR;OK;TASK000013406980;Priority 3;OK
SEC;EMS;SEC;SR;OK;TASK000013406993;Priority 3;OK
CNC;DPY;CNC;SR;OK;TASK000013407019;Priority 3;OK
FUN;812;FUN;SR;OK;TASK000013407055;Priority 3;OK
FUN;ETH;FUN;SR;OK;TASK000013407094;Priority 3;OK
CNC;ETH;CNC;SR;OK;TASK000013407119;Priority 3;OK
APS;ETH;APS;SR;OK;TASK000013407349;Priority 3;OK
FUN;EMS;FUN;SR;OK;TASK000013407352;Priority 4;OK
SEC;DPY;SEC;SR;OK;TASK000013407358;Priority 3;OK
DBA;812;DBA;SR;OK;TASK000013407523;Priority 3;OK
SEC;812;SEC;SR;OK;TASK000013407608;Priority 3;OK
APS;ETH;APS;SR;OK;TASK000013407707;Priority 3;OK
SEC;812;SEC;SR;OK;TASK000013407732;Priority 3;OK
SEC;MNT;SEC;SR;OK;TASK000013407989;Priority 3;OK
SEC;MNT;SEC;SR;OK;TASK000013408037;Priority 3;OK
SEC;812;SEC;SR;OK;TASK000013408123;Priority 3;OK
SEC;SYN;SEC;SR;OK;TASK000013408131;Priority 3;OK
CNC;812;CNC;SR;OK;TASK000013408301;Priority 3;OK
CNC;ETH;L1 ;SR;OK;TASK000013408397;Priority 3;OK
FUN;EES;FUN;SR;OK;TASK000013408684;Priority 4;OK
SEC;MNT;SEC;SR;OK;TASK000013408879;Priority 3;OK
SEC;MNT;SEC;SR;OK;TASK000013408925;Priority 3;OK
SEC;EMS;SEC;SR;OK;TASK000013409330;Priority 3;OK
SEC;EDS;SEC;SR;OK;TASK000013409688;Priority 3;OK
SEC;812;SEC;SR;OK;TASK000013410144;Priority 3;OK
SEC;MNT;SEC;SR;OK;TASK000013410489;Priority 3;OK
OPS;EMS;OPS;SR;OK;TASK000013410631;Priority 3;OK
CNC;LAT;CNC;SR;OK;TASK000013410665;Priority 3;OK
SEC;EMS;SEC;SR;OK;TASK000013411002;Priority 3;OK
SEC;DCF;SEC;SR;OK;TASK000013411018;Priority 3;OK
SCH;LAT;SCH;SR;OK;TASK000013411296;Priority 3;OK
FUN;DCF;SEC;SR;Defect;TASK000013411628;Priority 3;OK
SEC;ETH;SEC;SR;OK;TASK000013411697;Priority 3;OK
APS;ETH;APS;SR;OK;TASK000013411724;Priority 3;OK
CNC;EES;CNC;SR;OK;TASK000013412241;Priority 3;OK
CNC;BWI;L1 ;SR;OK;TASK000013413164;Priority 3;OK
SEC;BWI;SEC;SR;OK;TASK000013413620;Priority 4;OK
SEC;812;SEC;SR;OK;TASK000013414244;Priority 4;OK
DBA;812;DBA;SR;OK;TASK000013414400;Priority 3;OK
SEC;812;SEC;SR;OK;TASK000013414670;Priority 3;OK
SCH;812;SCH;SR;OK;TASK000013414831;Priority 3;OK
SCH;812;SCH;SR;OK;TASK000013414874;Priority 3;OK
SEC;BWI;SEC;SR;OK;TASK000013414886;Priority 4;OK
SEC;812;SEC;SR;OK;TASK000013415097;Priority 3;OK
SEC;812;SEC;SR;OK;TASK000013415554;Priority 3;OK
SEC;BWI;SEC;SR;OK;TASK000013415620;Priority 4;OK
FUN;812;FUN;SR;OK;TASK000013415652;Priority 3;OK
CNC;812;CNC;SR;OK;TASK000013415718;Priority 3;OK
CNC;ETH;CNC;SR;OK;TASK000013415740;Priority 3;OK
SEC;EMS;SEC;SR;OK;TASK000013415917;Priority 3;OK
CNC;LAT;CNC;SR;OK;TASK000013416411;Priority 3;OK
SEC;DPY;SEC;SR;OK;TASK000013416624;Priority 3;OK
APS;ETH;APS;SR;OK;TASK000013416723;Priority 3;OK
SEC;BWI;SEC;SR;OK;TASK000013416852;Priority 4;OK
FUN;ETH;FUN;SR;OK;TASK000013416869;Priority 3;OK
SEC;LAT;SEC;SR;Defect;TASK000013416927;Priority 3;OK
SEC;ETH;SEC;SR;OK;TASK000013417112;Priority 3;OK
SEC;EMS;SEC;SR;OK;TASK000013417592;Priority 3;OK
CNC;EES;CNC;SR;OK;TASK000013418213;Priority 3;OK
DBA;812;DBA;SR;OK;TASK000013419306;Priority 3;OK
SEC;DXE;SEC;SR;OK;TASK000013419426;Priority 3;OK
SEC;812;SEC;SR;OK;TASK000013419448;Priority 3;OK
DBA;812;DBA;SR;OK;TASK000013419469;Priority 3;OK
FIN;812;FUN;SR;OK;TASK000013419584;Priority 3;OK
FUN;CAN;FUN;SR;Defect;TASK000013419677;Priority 3;OK
DBA;812;DBA;SR;OK;TASK000013419732;Priority 3;OK
L1;BWI;L1 ;SR;OK;TASK000013419759;Priority 3;OK
APS;ETH;APS;SR;OK;TASK000013419797;Priority 3;OK
FUN;CAN;FUN;SR;Defect;TASK000013419826;Priority 3;OK
FUN;CAN;FUN;SR;Defect;TASK000013419827;Priority 3;OK
SCH;812;SCH;SR;OK;TASK000013419869;Priority 3;OK
L1;812;CNC;SR;OK;TASK000013419916;Priority 4;OK
SEC;812;SEC;SR;OK;TASK000013419951;Priority 3;OK
CNC;BWI;CNC;SR;OK;TASK000013420017;Priority 3;OK
SEC;ETH;SEC;SR;OK;TASK000013420026;Priority 3;OK
SEC;812;SEC;SR;OK;TASK000013420047;Priority 3;OK
SEC;DPY;SEC;SR;OK;TASK000013420440;Priority 3;OK
SEC;CAN;SEC;SR;OK;TASK000013420495;Priority 3;OK
CNC;DPY;CNC;SR;OK;TASK000013420513;Priority 3;OK
SEC;CAN;SEC;SR;OK;TASK000013420601;Priority 3;OK
APS;ETH;APS;SR;OK;TASK000013420672;Priority 3;OK
SEC;812;SEC;SR;OK;TASK000013420686;Priority 3;OK
SEC;812;SEC;SR;OK;TASK000013420700;Priority 3;OK
SEC;CAN;SEC;SR;OK;TASK000013420862;Priority 3;OK
CNC;CAN;CNC;SR;OK;TASK000013421162;Priority 3;OK
L1;812;CNC;SR;OK;TASK000013421548;Priority 3;OK
SEC;812;SEC;SR;OK;TASK000013421601;Priority 3;OK
DCF;DCF;FUN;SR;OK;TASK000013422043;Priority 3;OK
OPS;EDS;CNC;SR;OK;TASK000013422162;Priority 3;OK
SEC;WS;SEC;SR;OK;TASK000013422274;Priority 3;OK
SEC;812;SEC;SR;OK;TASK000013422406;Priority 3;OK
SEC;812;SEC;SR;OK;TASK000013422641;Priority 3;OK
FUN;COR;FUN;SR;OK;TASK000013422892;Priority 3;OK
FUN;DCF;SEC;SR;OK;TASK000013422940;Priority 3;OK
FUN;DCF;SEC;SR;OK;TASK000013422959;Priority 3;OK
SEC;812;SEC;SR;OK;TASK000013422977;Priority 3;OK
CNC;BWI;CNC;SR;OK;TASK000013423395;Priority 3;OK
DBA;812;DBA;SR;Defect;TASK000013423442;Priority 3;OK
SCH;812;SCH;SR;OK;TASK000013423570;Priority 3;OK
SEC;DXE;SEC;SR;Defect;TASK000013423597;Priority 3;OK
CNC;BWI;CNC;SR;OK;TASK000013423624;Priority 3;OK
CNC;812;CNC;SR;OK;TASK000013423648;Priority 3;OK
SEC;812;SEC;SR;OK;TASK000013423721;Priority 3;OK
FUN;ETH;FUN;SR;OK;TASK000013423768;Priority 3;OK
SEC;ETH;SEC;SR;OK;TASK000013423989;Priority 3;OK
SEC;MNT;SEC;SR;OK;TASK000013424022;Priority 3;OK
SEC;MNT;SEC;SR;OK;TASK000013424236;Priority 3;OK
DBA;812;DBA;SR;Defect;TASK000013424363;Priority 3;OK
CNC;DXE;SEC;SR;OK;TASK000013424379;Priority 3;OK
SEC;812;SEC;SR;OK;TASK000013424420;Priority 3;OK
SEC;MNT;SEC;SR;OK;TASK000013424687;Priority 3;OK
CNC;ETH;CNC;SR;OK;TASK000013424757;Priority 3;OK
SEC;BWI;SEC;SR;Defect;TASK000013424763;Priority 3;OK
APS;ETH;APS;SR;OK;TASK000013424900;Priority 4;OK
CNC;BWI;L1 ;SR;OK;TASK000013425281;Priority 3;OK
SCH;LAT;SCH;SR;OK;TASK000013425309;Priority 3;OK
L1;812;CNC;SR;OK;TASK000013425487;Priority 3;OK
L1;BWI;L1 ;SR;OK;TASK000013425839;Priority 3;OK
SEC;MNT;SEC;SR;OK;TASK000013425890;Priority 3;OK
SEC;812;SEC;SR;OK;TASK000013426140;Priority 3;OK
FUN;812;FUN;SR;OK;TASK000013426308;Priority 4;OK
FUN;COR;FUN;SR;OK;TASK000013426625;Priority 3;OK
SEC;812;SEC;SR;OK;TASK000013426726;Priority 3;OK
L1;BWI;L1 ;SR;OK;TASK000013426729;Priority 3;OK
SEC;812;SEC;SR;OK;TASK000013426756;Priority 3;OK
SEC;MNT;SEC;SR;OK;TASK000013426994;Priority 3;OK
FUN;DCF;SEC;SR;OK;TASK000013427096;Priority 3;OK
APS;ETH;APS;SR;OK;TASK000013427139;Priority 3;OK
FUN;812;FUN;SR;OK;TASK000013427352;Priority 4;OK
SEC;812;SEC;SR;OK;TASK000013427449;Priority 3;OK
SEC;BWI;SEC;SR;OK;TASK000013427622;Priority 4;OK
FUN;DCF;FUN;SR;OK;TASK000013427929;Priority 3;OK
FUN;DCF;SEC;SR;OK;TASK000013428108;Priority 3;OK
CNC;CAN;CNC;SR;OK;TASK000013428210;Priority 3;OK
L1;MNT;CNC;SR;OK;TASK000013428461;Priority 3;OK
SEC;812;SEC;SR;OK;TASK000013428507;Priority 3;OK
SEC;MNT;SEC;SR;OK;TASK000013428706;Priority 3;OK
FUN;EES;FUN;SR;OK;TASK000013429305;Priority 3;OK
SEC;BWI;SEC;SR;OK;TASK000013429606;Priority 4;OK
SEC;MNT;SEC;SR;OK;TASK000013429734;Priority 3;OK
SEC;812;SEC;SR;OK;TASK000013430457;Priority 3;OK
FUN;COR;FUN;SR;OK;TASK000013430535;Priority 3;OK
FUN;ETH;FUN;SR;OK;TASK000013430784;Priority 4;OK
SEC;812;SEC;SR;OK;TASK000013430975;Priority 3;OK
SEC;812;SEC;SR;OK;TASK000013431534;Priority 3;OK
SEC;812;SEC;SR;OK;TASK000013431543;Priority 3;OK
DBA;812;DBA;SR;OK;TASK000013431582;Priority 3;OK
DBA;812;DBA;SR;OK;TASK000013431814;Priority 3;OK
FUN;DCF;SEC;SR;OK;TASK000013431906;Priority 3;OK
SEC;812;SEC;SR;OK;TASK000013432085;Priority 3;OK
SEC;MNT;SEC;SR;OK;TASK000013432458;Priority 3;OK
SEC;BWI;SEC;SR;OK;TASK000013432654;Priority 4;OK
CNC;MNT;CNC;SR;OK;TASK000013432900;Priority 3;OK
FUN;ETH;FUN;SR;OK;TASK000013433092;Priority 3;OK
SEC;812;SEC;SR;OK;TASK000013433187;Priority 3;OK
SEC;BWI;SEC;SR;OK;TASK000013433241;Priority 4;OK
SEC;BWI;SEC;SR;OK;TASK000013433311;Priority 4;OK
SEC;ETH;SEC;SR;OK;TASK000013433382;Priority 3;OK
SEC;EDS;SEC;SR;OK;TASK000013433446;Priority 3;OK
SEC;MNT;SEC;SR;OK;TASK000013433461;Priority 3;OK
L1;BWI;L1 ;SR;OK;TASK000013433819;Priority 3;OK
FUN;ETH;FUN;SR;OK;TASK000013433862;Priority 3;OK
SEC;DXE;SEC;SR;OK;TASK000013434536;Priority 3;OK
SEC;DXE;SEC;SR;OK;TASK000013434690;Priority 3;OK
FUN;812;FUN;SR;OK;TASK000013434819;Priority 3;OK
FUN;812;FUN;SR;OK;TASK000013434867;Priority 3;OK
SEC;812;SEC;SR;OK;TASK000013434887;Priority 3;OK
SEC;812;SEC;SR;OK;TASK000013434922;Priority 3;OK
CNC;ETH;CNC;SR;OK;TASK000013434957;Priority 3;OK
SEC;812;SEC;SR;OK;TASK000013435625;Priority 3;OK
SEC;BWI;SEC;SR;OK;TASK000013435651;Priority 4;OK
FUN;812;FUN;SR;OK;TASK000013435702;Priority 3;OK
L1;BWI;L1 ;SR;OK;TASK000013435881;Priority 3;OK
MNT;MNT;FUN;SR;OK;TASK000013436025;Priority 4;OK
FUN;MNT;FUN;SR;Defect;TASK000013436084;Priority 4;OK
CNC;DCF;CNC;SR;OK;TASK000013436201;Priority 3;OK
DBA;812;DBA;SR;OK;TASK000013436304;Priority 3;OK
SEC;MNT;SEC;SR;OK;TASK000013436341;Priority 3;OK
SEC;LAT;SEC;SR;OK;TASK000013436492;Priority 4;OK
SEC;BWI;SEC;SR;OK;TASK000013436671;Priority 4;OK
SEC;BWI;SEC;SR;OK;TASK000013436674;Priority 4;OK
CNC;ETH;CNC;SR;OK;TASK000013437012;Priority 3;OK
FUN;ETH;FUN;SR;OK;TASK000013437065;Priority 3;OK
L1;BWI;L1 ;SR;OK;TASK000013437439;Priority 3;OK
SEC;812;SEC;SR;OK;TASK000013437478;Priority 3;OK
FUN;DCF;SEC;SR;OK;TASK000013437528;Priority 3;OK
SEC;812;SEC;SR;OK;TASK000013437675;Priority 3;OK
CNC;EES;CNC;SR;OK;TASK000013438250;Priority 3;OK
CNC;DCF;CNC;SR;OK;TASK000013438256;Priority 3;OK
CNC;DCF;CNC;SR;OK;TASK000013438340;Priority 3;OK
SEC;812;SEC;SR;OK;TASK000013438598;Priority 3;OK
SEC;812;SEC;SR;OK;TASK000013439059;Priority 3;OK
DBA;812;DBA;SR;OK;TASK000013439360;Priority 3;OK
CNC;812;CNC;SR;OK;TASK000013439448;Priority 3;OK
SEC;812;SEC;SR;OK;TASK000013439508;Priority 3;OK
SEC;EMS;SEC;SR;Defect;TASK000013439515;Priority 3;OK
SEC;DXE;SEC;SR;OK;TASK000013439541;Priority 3;OK
SEC;812;SEC;SR;OK;TASK000013439546;Priority 3;OK
L1;812;CNC;SR;OK;TASK000013439577;Priority 3;OK
SEC;812;SEC;SR;OK;TASK000013439765;Priority 3;OK
SEC;DXE;SEC;SR;OK;TASK000013439892;Priority 3;OK
OPS;EMS;CNC;SR;Defect;TASK000013440023;Priority 3;OK
SEC;SYN;SEC;SR;OK;TASK000013440538;Priority 3;OK
CNC;DCF;TEC;SR;OK;TASK000013440675;Priority 3;OK
FUN;812;FUN;SR;OK;TASK000013440960;Priority 3;OK
SEC;DXE;SEC;SR;OK;TASK000013441101;Priority 3;OK
SEC;812;SEC;SR;OK;TASK000013441109;Priority 3;OK
FUN;DXE;FUN;SR;OK;TASK000013441163;Priority 4;OK
DBA;812;DBA;SR;OK;TASK000013441404;Priority 3;OK
FUN;ETH;FUN;SR;OK;TASK000013441550;Priority 4;OK
FUN;ETH;FUN;SR;OK;TASK000013441552;Priority 4;OK
APS;EES;APS;SR;OK;TASK000013441609;Priority 3;OK
SEC;BWI;SEC;SR;OK;TASK000013441962;Priority 4;OK
SEC;ETH;SEC;SR;OK;TASK000013442092;Priority 3;OK
SEC;SYN;SEC;SR;OK;TASK000013442181;Priority 3;OK
SEC;ETH;SEC;SR;OK;TASK000013442226;Priority 3;OK
SEC;DXE;SEC;SR;OK;TASK000013442343;Priority 3;OK
L1;BWI;L1 ;SR;OK;TASK000013442405;Priority 3;OK
L1;WS;CNC;SR;OK;TASK000013442426;Priority 3;OK
SEC;812;SEC;SR;OK;TASK000013443083;Priority 3;OK
SEC;812;SEC;SR;OK;TASK000013443271;Priority 3;OK
SEC;812;SEC;SR;OK;TASK000013443576;Priority 3;OK
L1;812;CNC;SR;OK;TASK000013444357;Priority 4;OK
SEC;DXE;SEC;SR;OK;TASK000013444373;Priority 3;OK
SEC;DXE;SEC;SR;OK;TASK000013444418;Priority 3;OK
APS;EES;APS;SR;OK;TASK000013444548;Priority 4;OK
SEC;MNT;SEC;SR;Defect;TASK000013444573;Priority 3;OK
CNC;CAN;CNC;SR;OK;TASK000013444782;Priority 3;OK
SEC;812;SEC;SR;OK;TASK000013444911;Priority 3;OK
FUN;812;FUN;SR;OK;TASK000013445069;Priority 4;OK
L1;BWI;L1 ;SR;OK;TASK000013445119;Priority 3;OK
L1;BWI;L1 ;SR;OK;TASK000013445198;Priority 3;OK
SEC;ETH;SEC;SR;OK;TASK000013445202;Priority 3;OK
FUN;812;FUN;SR;OK;TASK000013445390;Priority 3;OK
SEC;ETH;SEC;SR;OK;TASK000013445435;Priority 3;OK
SEC;MNT;SEC;SR;OK;TASK000013445749;Priority 3;OK
SEC;ETH;SEC;SR;OK;TASK000013445797;Priority 3;OK
SEC;812;SEC;SR;OK;TASK000013445830;Priority 3;OK
SEC;MNT;SEC;SR;OK;TASK000013445835;Priority 3;OK
SEC;BWI;SEC;SR;OK;TASK000013445844;Priority 4;OK
CNC;812;CNC;SR;OK;TASK000013445937;Priority 3;OK
SEC;ETH;SEC;SR;Defect;TASK000013446025;Priority 3;OK
SEC;ETH;SEC;SR;OK;TASK000013446101;Priority 3;OK
CNC;BWI;CNC;SR;OK;TASK000013446420;Priority 3;OK
SEC;BWI;SEC;SR;OK;TASK000013446468;Priority 4;OK
FUN;ETH;FUN;SR;OK;TASK000013446546;Priority 4;OK
SEC;ETH;SEC;SR;OK;TASK000013446705;Priority 3;OK
SEC;BWI;SEC;SR;OK;TASK000013446721;Priority 4;OK
SEC;BWI;SEC;SR;OK;TASK000013446744;Priority 4;OK
SEC;ETH;SEC;SR;OK;TASK000013446935;Priority 3;OK
L1;BWI;L1 ;SR;OK;TASK000013447211;Priority 3;OK
FUN;COR;FUN;SR;OK;TASK000013447263;Priority 3;OK
DBA;812;DBA;SR;OK;TASK000013447294;Priority 3;OK
L1;812;CNC;SR;OK;TASK000013447474;Priority 3;OK
FIN;812;FUN;SR;OK;TASK000013447631;Priority 4;OK
APS;ETH;APS;SR;OK;TASK000013447689;Priority 3;OK
FIN;MNT;FUN;SR;OK;TASK000013447692;Priority 3;OK
FUN;DCF;SEC;SR;OK;TASK000013447772;Priority 3;OK
SCH;812;SCH;SR;OK;TASK000013447799;Priority 3;OK
DBA;812;DBA;SR;OK;TASK000013447863;Priority 3;OK
FUN;812;FUN;SR;OK;TASK000013447868;Priority 3;OK
SEC;812;SEC;SR;OK;TASK000013447911;Priority 3;OK
SEC;812;SEC;SR;OK;TASK000013447971;Priority 3;OK
CNC;DXE;CNC;SR;OK;TASK000013448156;Priority 3;OK
SEC;DXE;SEC;SR;OK;TASK000013448330;Priority 3;OK
SEC;BWI;SEC;SR;OK;TASK000013448436;Priority 4;OK
CNC;EES;CNC;SR;OK;TASK000013448987;Priority 3;OK
L1;BWI;L1 ;SR;OK;TASK000013448996;Priority 4;OK
SEC;BWI;SEC;SR;OK;TASK000013449572;Priority 4;OK
SEC;812;SEC;SR;OK;TASK000013449835;Priority 3;OK
L1;BWI;L1 ;SR;OK;TASK000013450018;Priority 3;OK
FUN;DCF;SEC;SR;OK;TASK000013450146;Priority 3;OK
SEC;BWI;SEC;SR;OK;TASK000013450324;Priority 4;OK
SEC;BWI;SEC;SR;OK;TASK000013450720;Priority 4;OK
SEC;BWI;SEC;SR;OK;TASK000013450725;Priority 4;OK
APS;ETH;APS;SR;OK;TASK000013451276;Priority 3;OK
DBA;812;DBA;SR;OK;TASK000013451732;Priority 3;OK
SEC;812;SEC;SR;OK;TASK000013451887;Priority 3;OK
SEC;ETH;SEC;SR;OK;TASK000013452006;Priority 3;OK
SEC;812;SEC;SR;OK;TASK000013452082;Priority 3;OK
SEC;EDS;SEC;SR;OK;TASK000013452138;Priority 3;OK
FUN;812;FUN;INC;Defect;TASK000013452355;Priority 3;OK
SEC;812;SEC;SR;OK;TASK000013452580;Priority 3;OK
SEC;812;SEC;SR;OK;TASK000013453400;Priority 3;OK
SEC;EMS;SEC;SR;OK;TASK000013453692;Priority 3;OK
SEC;DXE;SEC;SR;OK;TASK000013453941;Priority 3;OK
SEC;ETH;SEC;SR;OK;TASK000013454208;Priority 3;OK
FUN;CAN;FUN;SR;OK;TASK000013454529;Priority 3;OK
CNC;812;CNC;SR;OK;TASK000013454531;Priority 3;OK
L1;BWI;L1 ;SR;OK;TASK000013454778;Priority 3;OK
FUN;COR;FUN;SR;OK;TASK000013455366;Priority 3;OK
FUN;COR;FUN;SR;OK;TASK000013455369;Priority 3;OK
SEC;DPY;SEC;SR;OK;TASK000013455727;Priority 3;OK
L1;BWI;L1 ;SR;OK;TASK000013456245;Priority 3;OK
CNC;812;CNC;SR;OK;TASK000013456697;Priority 3;OK
SEC;812;SEC;SR;OK;TASK000013456784;Priority 3;OK
L1;BWI;L1 ;SR;OK;TASK000013456889;Priority 3;OK
SEC;ETH;SEC;SR;OK;TASK000013456908;Priority 3;OK
APS;ETH;APS;SR;OK;TASK000013457014;Priority 3;OK
FUN;DCF;FUN;SR;OK;TASK000013457486;Priority 3;OK
CNC;MNT;CNC;SR;OK;TASK000013457901;Priority 3;OK
L1;BWI;L1 ;SR;OK;TASK000013458160;Priority 3;OK
L1;BWI;L1 ;SR;OK;TASK000013458517;Priority 3;OK
FUN;EES;FUN;SR;OK;TASK000013461428;Priority 4;OK
FUN;ETH;FUN;SR;OK;TASK000013461487;Priority 4;OK
SEC;BWI;SEC;SR;OK;TASK000013461695;Priority 4;OK
APS;EES;APS;SR;OK;TASK000013461709;Priority 4;OK
L1;BWI;L1 ;SR;OK;TASK000013463016;Priority 4;OK
SEC;ETH;SEC;SR;OK;TASK000013463025;Priority 4;OK
SEC;BWI;SEC;SR;OK;TASK000013463123;Priority 4;OK
FIN;812;INS;SR;OK;TASK000013464847;Priority 4;OK
FUN;812;FUN;SR;OK;TASK000013465225;Priority 4;OK
SEC;BWI;SEC;SR;OK;TASK000013466145;Priority 4;OK
SEC;BWI;SEC;SR;OK;TASK000013466452;Priority 4;OK
SEC;BWI;SEC;SR;OK;TASK000013466544;Priority 4;OK
SEC;BWI;SEC;SR;OK;TASK000013467430;Priority 4;OK
SEC;BWI;SEC;SR;OK;TASK000013467460;Priority 4;OK
SEC;BWI;SEC;SR;OK;TASK000013467730;Priority 4;OK
SEC;BWI;SEC;SR;OK;TASK000013467733;Priority 4;OK
L1;812;MON;SR;OK;TASK000013470101;Priority 4;OK
L1;BWI;L1 ;SR;OK;TASK000013470381;Priority 4;OK
FUN;812;FUN;SR;OK;TASK000013470399;Priority 4;OK
L1;BWI;L1 ;SR;OK;TASK000013470492;Priority 4;OK
APS;EES;APS;SR;OK;TASK000013470683;Priority 4;OK
OPS;EMS;MON;SR;OK;TASK000013470861;Priority 4;OK
SEC;BWI;SEC;SR;OK;TASK000013471124;Priority 4;OK
SEC;BWI;SEC;SR;OK;TASK000013471137;Priority 4;OK
SEC;BWI;SEC;SR;OK;TASK000013471142;Priority 4;OK
SEC;BWI;SEC;SR;OK;TASK000013471284;Priority 4;OK
SEC;BWI;SEC;SR;OK;TASK000013471929;Priority 4;OK
FUN;812;FUN;SR;OK;TASK000013473107;Priority 4;OK
SEC;BWI;SEC;SR;OK;TASK000013473790;Priority 4;OK
FIN;812;FUN;SR;OK;TASK000013473970;Priority 4;OK
SEC;BWI;SEC;SR;OK;TASK000013475447;Priority 4;OK
FUN;WS;FUN;SR;OK;TASK000013476458;Priority 4;OK
SEC;812;SEC;SR;OK;TASK000013476693;Priority 3;OK
SEC;DXE;SEC;SR;OK;TASK000013476882;Priority 3;OK
SEC;812;SEC;SR;OK;TASK000013477020;Priority 3;OK
CNC;812;L1 ;SR;OK;TASK000013477445;Priority 3;OK
SCH;812;SCH;SR;OK;TASK000013477616;Priority 3;OK
SCH;812;SCH;SR;OK;TASK000013477852;Priority 3;OK
SEC;BWI;SEC;SR;OK;TASK000013477901;Priority 4;OK
OPS;WS;MON;SR;OK;TASK000013478319;Priority 3;OK
SEC;MNT;SEC;SR;Defect;TASK000013478506;Priority 3;OK
SEC;SYN;SEC;SR;OK;TASK000013478515;Priority 3;OK
SEC;EDS;SEC;SR;OK;TASK000013478523;Priority 3;OK
SEC;BWI;SEC;SR;OK;TASK000013478562;Priority 4;OK
SEC;ETH;SEC;SR;OK;TASK000013478599;Priority 3;OK
FUN;ETH;FUN;SR;OK;TASK000013478831;Priority 3;OK
SEC;DPY;SEC;SR;Defect;TASK000013478930;Priority 3;OK
SEC;MNT;SEC;SR;Defect;TASK000013479091;Priority 3;OK
SEC;MNT;SEC;SR;Defect;TASK000013479095;Priority 3;OK
SEC;MNT;SEC;SR;OK;TASK000013479097;Priority 3;OK
SEC;MNT;SEC;SR;OK;TASK000013479125;Priority 3;OK
SEC;MNT;SEC;SR;OK;TASK000013479129;Priority 3;OK
SEC;MNT;SEC;SR;Defect;TASK000013479130;Priority 3;OK
L1;812;CNC;SR;OK;TASK000013479148;Priority 3;OK
L1;BWI;L1 ;SR;OK;TASK000013479338;Priority 3;OK
CNC;812;CNC;SR;OK;TASK000013479730;Priority 3;OK
FUN;MNT;FUN;SR;OK;TASK000013479770;Priority 4;OK
APS;EES;APS;SR;OK;TASK000013480023;Priority 4;OK
SEC;MNT;SEC;SR;OK;TASK000013480278;Priority 3;OK
FUN;COR;FUN;SR;OK;TASK000013480871;Priority 3;OK
SEC;812;SEC;SR;OK;TASK000013480891;Priority 3;OK
FUN;COR;FUN;SR;OK;TASK000013480899;Priority 3;OK
SEC;812;SEC;SR;OK;TASK000013481011;Priority 3;OK
CNC;812;CNC;SR;OK;TASK000013481194;Priority 3;OK
SEC;DCF;SEC;SR;OK;TASK000013481397;Priority 3;OK
SCH;LAT;SCH;SR;OK;TASK000013481460;Priority 3;OK
SEC;EDS;SEC;SR;OK;TASK000013481502;Priority 3;OK
CNC;812;CNC;SR;OK;TASK000013481943;Priority 3;OK
DBA;812;DBA;SR;OK;TASK000013482243;Priority 3;OK
SEC;812;SEC;SR;OK;TASK000013482340;Priority 3;OK
FUN;EES;FUN;SR;OK;TASK000013482377;Priority 4;OK
SEC;DXE;SEC;SR;OK;TASK000013482645;Priority 3;OK
SEC;SYN;SEC;SR;OK;TASK000013482740;Priority 3;OK
SEC;SYN;SEC;SR;OK;TASK000013483220;Priority 3;OK
SEC;812;SEC;SR;OK;TASK000013483227;Priority 3;OK
FUN;ETH;FUN;SR;OK;TASK000013483232;Priority 3;OK
FUN;ETH;FUN;SR;OK;TASK000013483291;Priority 3;OK
SEC;BWI;SEC;SR;OK;TASK000013483406;Priority 4;OK
APS;ETH;APS;SR;OK;TASK000013483636;Priority 3;OK
SEC;BWI;SEC;SR;OK;TASK000013483775;Priority 4;OK
SEC;SYN;SEC;SR;OK;TASK000013483936;Priority 3;OK
L1;BWI;L1 ;SR;OK;TASK000013484129;Priority 3;OK
SEC;ETH;SEC;SR;OK;TASK000013484147;Priority 3;OK
L1;BWI;L1 ;SR;OK;TASK000013484149;Priority 3;OK
SEC;ETH;SEC;SR;OK;TASK000013484173;Priority 3;OK
SEC;ETH;SEC;SR;OK;TASK000013484210;Priority 3;OK
SEC;ETH;SEC;SR;OK;TASK000013484211;Priority 3;OK
L1;812;MON;SR;OK;TASK000013484368;Priority 3;OK
FUN;COR;FUN;SR;OK;TASK000013484989;Priority 3;OK
SEC;812;SEC;SR;OK;TASK000013485328;Priority 3;OK
SEC;EDS;SEC;SR;OK;TASK000013485617;Priority 3;OK
SEC;WS;SEC;SR;OK;TASK000013485783;Priority 3;OK
SEC;SYN;SEC;SR;OK;TASK000013485930;Priority 3;OK
SEC;812;SEC;SR;OK;TASK000013485992;Priority 3;OK
SEC;812;SEC;SR;OK;TASK000013486118;Priority 3;OK
FUN;EMS;FUN;SR;OK;TASK000013486502;Priority 4;OK
L1;BWI;L1 ;SR;OK;TASK000013486691;Priority 3;OK
FUN;812;FUN;SR;OK;TASK000013486777;Priority 4;OK
CNC;812;CNC;SR;OK;TASK000013486987;Priority 3;OK
SCH;812;SCH;SR;OK;TASK000013487007;Priority 3;OK
SEC;SYN;SEC;SR;OK;TASK000013487339;Priority 3;OK
SEC;SYN;SEC;SR;OK;TASK000013487438;Priority 3;OK
FUN;812;FUN;SR;OK;TASK000013487448;Priority 4;OK
SEC;SYN;SEC;SR;OK;TASK000013487461;Priority 3;OK
FUN;ETH;FUN;SR;OK;TASK000013487534;Priority 4;OK
SEC;SYN;SEC;SR;OK;TASK000013487565;Priority 3;OK
SEC;ETH;SEC;SR;OK;TASK000013487568;Priority 3;OK
SEC;ETH;SEC;SR;OK;TASK000013487607;Priority 3;OK
L1;BWI;L1 ;SR;OK;TASK000013487761;Priority 3;OK
FUN;DCF;SEC;SR;OK;TASK000013487938;Priority 3;OK
SEC;MNT;SEC;SR;OK;TASK000013487969;Priority 3;OK
SEC;ETH;SEC;SR;OK;TASK000013488099;Priority 3;OK
SEC;ETH;SEC;SR;OK;TASK000013488151;Priority 3;OK
SEC;ETH;SEC;SR;OK;TASK000013488175;Priority 3;OK
L1;812;MON;SR;OK;TASK000013488988;Priority 3;OK
SEC;812;SEC;SR;OK;TASK000013488998;Priority 3;OK
SEC;812;SEC;SR;OK;TASK000013489003;Priority 3;OK
SEC;812;SEC;SR;OK;TASK000013489019;Priority 3;OK
SEC;DXE;SEC;SR;OK;TASK000013489103;Priority 3;OK
SEC;812;SEC;SR;OK;TASK000013489178;Priority 3;OK
L1;812;MON;SR;OK;TASK000013489362;Priority 3;OK
FIN;812;FUN;SR;OK;TASK000013489476;Priority 4;OK
SEC;DXE;SEC;SR;OK;TASK000013489621;Priority 3;OK
FIN;812;FUN;SR;OK;TASK000013489735;Priority 3;OK
SEC;DXE;SEC;SR;OK;TASK000013489743;Priority 3;OK
SEC;SYN;SEC;SR;OK;TASK000013489879;Priority 3;OK
SEC;812;SEC;SR;OK;TASK000013489992;Priority 3;OK
SEC;812;SEC;SR;OK;TASK000013490211;Priority 3;OK
SEC;812;SEC;SR;OK;TASK000013490216;Priority 3;OK
SEC;SYN;SEC;SR;Defect;TASK000013490283;Priority 3;OK
L1;BWI;L1 ;SR;OK;TASK000013490397;Priority 4;OK
SEC;MNT;SEC;SR;Defect;TASK000013490425;Priority 3;OK
FUN;DCF;SEC;SR;OK;TASK000013490428;Priority 3;OK
SEC;BWI;SEC;SR;OK;TASK000013490510;Priority 4;OK
SEC;812;SEC;SR;OK;TASK000013490512;Priority 3;OK
SEC;BWI;SEC;SR;OK;TASK000013490865;Priority 4;OK
SEC;BWI;SEC;SR;OK;TASK000013490869;Priority 4;OK
SEC;MNT;SEC;SR;OK;TASK000013490915;Priority 3;OK
SEC;EMS;SEC;SR;OK;TASK000013490942;Priority 3;OK
SEC;812;SEC;SR;OK;TASK000013490965;Priority 3;OK
SEC;BWI;SEC;SR;OK;TASK000013490989;Priority 4;OK
FUN;DCF;SEC;SR;OK;TASK000013491067;Priority 3;OK
CNC;812;CNC;SR;OK;TASK000013491096;Priority 3;OK
SEC;MNT;SEC;SR;OK;TASK000013491247;Priority 3;OK
SEC;SYN;SEC;SR;Defect;TASK000013491523;Priority 3;OK
FUN;WS;FUN;SR;OK;TASK000013491568;Priority 4;OK
SEC;SYN;SEC;SR;OK;TASK000013491739;Priority 3;OK
SEC;MNT;SEC;SR;Defect;TASK000013492003;Priority 3;OK
SEC;MNT;SEC;SR;Defect;TASK000013492013;Priority 3;OK
SEC;812;SEC;SR;OK;TASK000013492235;Priority 3;OK
L1;812;MON;SR;OK;TASK000013492700;Priority 3;OK
DBA;812;DBA;SR;OK;TASK000013492713;Priority 3;OK
L1;812;MON;SR;OK;TASK000013493103;Priority 3;OK
SEC;812;SEC;SR;OK;TASK000013493238;Priority 3;OK
L1;812;MON;SR;OK;TASK000013493264;Priority 3;OK
L1;BWI;CNC;SR;OK;TASK000013493530;Priority 3;OK
SCH;LAT;SCH;SR;OK;TASK000013493777;Priority 3;OK
SEC;812;SEC;SR;OK;TASK000013493807;Priority 3;OK
SCH;LAT;SCH;SR;OK;TASK000013493905;Priority 3;OK
SEC;SYN;SEC;SR;OK;TASK000013494014;Priority 3;OK
L1;BWI;L1 ;SR;OK;TASK000013494067;Priority 3;OK
SEC;SYN;SEC;SR;OK;TASK000013494081;Priority 3;OK
FUN;812;FUN;SR;OK;TASK000013494160;Priority 3;OK
SEC;EMS;SEC;SR;OK;TASK000013494182;Priority 3;OK
FUN;812;FUN;SR;OK;TASK000013494466;Priority 3;OK
APS;ETH;APS;SR;OK;TASK000013494731;Priority 3;OK
L1;BWI;L1 ;SR;OK;TASK000013494837;Priority 3;OK
SEC;DXE;SEC;SR;OK;TASK000013494855;Priority 3;OK
FUN;CAN;FUN;SR;OK;TASK000013494982;Priority 3;OK
SEC;BWI;SEC;SR;OK;TASK000013495064;Priority 4;OK
SEC;SYN;SEC;SR;OK;TASK000013495201;Priority 3;OK
MNT;MNT;FUN;SR;OK;TASK000013495224;Priority 4;OK
SEC;EES;SEC;SR;Defect;TASK000013495414;Priority 3;OK
L1;812;CNC;SR;OK;TASK000013495703;Priority 3;OK
SEC;BWI;SEC;SR;OK;TASK000013495733;Priority 4;OK
SEC;SYN;SEC;SR;OK;TASK000013495748;Priority 3;OK
SEC;BWI;SEC;SR;OK;TASK000013495782;Priority 4;OK
SEC;BWI;SEC;SR;OK;TASK000013495790;Priority 4;OK
SEC;BWI;SEC;SR;OK;TASK000013495793;Priority 4;OK
SEC;ETH;SEC;SR;OK;TASK000013495819;Priority 3;OK
CNC;OCD;CNC;SR;OK;TASK000013496010;Priority 3;OK
APS;DCF;APS;SR;OK;TASK000013497016;Priority 3;OK
SEC;812;SEC;SR;OK;TASK000013497064;Priority 3;OK
APS;DCF;APS;SR;OK;TASK000013497065;Priority 3;OK
SEC;812;SEC;SR;OK;TASK000013497319;Priority 3;OK
CNC;812;CNC;SR;OK;TASK000013497777;Priority 3;OK
SEC;812;SEC;SR;OK;TASK000013498088;Priority 3;OK
FUN;ETH;FUN;SR;OK;TASK000013498133;Priority 3;OK
SEC;812;SEC;SR;OK;TASK000013498232;Priority 3;OK
L1;BWI;L1 ;SR;OK;TASK000013498332;Priority 3;OK
DBA;812;DBA;SR;OK;TASK000013498360;Priority 3;OK
SEC;812;SEC;SR;OK;TASK000013498383;Priority 3;OK
FUN;812;FUN;SR;OK;TASK000013499136;Priority 3;OK
CNC;812;CNC;SR;OK;TASK000013499329;Priority 3;OK
CNC;ETH;CNC;SR;OK;TASK000013499422;Priority 3;OK
SEC;SYN;SEC;SR;OK;TASK000013499503;Priority 3;OK
SEC;MNT;SEC;SR;Defect;TASK000013499589;Priority 3;OK
SEC;MNT;SEC;SR;OK;TASK000013499613;Priority 3;OK
FUN;ETH;FUN;SR;OK;TASK000013499716;Priority 3;OK
L1;BWI;L1 ;SR;OK;TASK000013499720;Priority 3;OK
SEC;MNT;SEC;SR;OK;TASK000013499731;Priority 3;OK
FIN;BWI;FUN;SR;OK;TASK000013499856;Priority 4;OK
SEC;BWI;SEC;SR;OK;TASK000013499875;Priority 4;OK
SEC;812;SEC;SR;OK;TASK000013500338;Priority 3;OK
L1;BWI;L1 ;SR;OK;TASK000013500383;Priority 3;OK
CNC;LFS;CNC;SR;OK;TASK000013501701;Priority 3;OK
SEC;812;SEC;SR;OK;TASK000013502212;Priority 3;OK
FUN;DCF;FUN;SR;OK;TASK000013502521;Priority 3;OK
DBA;812;DBA;SR;OK;TASK000013502553;Priority 3;OK
SEC;812;SEC;SR;OK;TASK000013502858;Priority 3;OK
L1;812;MON;SR;OK;TASK000013502863;Priority 3;OK
L1;812;MON;SR;OK;TASK000013502994;Priority 3;OK
DBA;812;DBA;SR;OK;TASK000013503104;Priority 3;OK
DBA;812;DBA;SR;OK;TASK000013503150;Priority 3;OK
SEC;SYN;SEC;SR;OK;TASK000013503334;Priority 3;OK
SEC;812;SEC;SR;OK;TASK000013503381;Priority 3;OK
SEC;EDS;SEC;SR;OK;TASK000013503400;Priority 3;OK
CNC;EES;CNC;SR;OK;TASK000013503595;Priority 3;OK
L1;BWI;L1 ;SR;OK;TASK000013503650;Priority 3;OK
FUN;EES;FUN;SR;OK;TASK000013503784;Priority 3;OK
DBA;812;DBA;SR;OK;TASK000013503825;Priority 3;OK
SCH;LAT;SCH;SR;OK;TASK000013503844;Priority 3;OK
SCH;LAT;SCH;SR;OK;TASK000013503845;Priority 3;OK
DBA;812;DBA;SR;OK;TASK000013503867;Priority 3;OK
SEC;DCF;SEC;SR;Defect;TASK000013503886;Priority 3;OK
SEC;DXE;SEC;SR;OK;TASK000013504014;Priority 3;OK
SEC;BWI;SEC;SR;OK;TASK000013504084;Priority 4;OK
FIN;812;FUN;SR;OK;TASK000013504126;Priority 4;OK
L1;BWI;L1 ;SR;OK;TASK000013504320;Priority 3;OK
DBA;812;DBA;SR;OK;TASK000013504373;Priority 3;OK
SEC;WS;SEC;SR;OK;TASK000013505119;Priority 3;OK
SEC;812;SEC;SR;OK;TASK000013505122;Priority 3;OK
SEC;WS;SEC;SR;OK;TASK000013505134;Priority 3;OK
SEC;MNT;FUN;SR;OK;TASK000013505163;Priority 3;OK
SEC;MNT;FUN;SR;OK;TASK000013505173;Priority 3;OK
SEC;EMS;SEC;SR;OK;TASK000013505431;Priority 3;OK
FUN;812;FUN;SR;OK;TASK000013505729;Priority 4;OK
SEC;EDS;SEC;SR;OK;TASK000013506171;Priority 3;OK
SEC;LAT;SEC;SR;OK;TASK000013506213;Priority 3;OK
SEC;SYN;SEC;SR;OK;TASK000013506255;Priority 3;OK
SEC;SYN;SEC;SR;OK;TASK000013506264;Priority 3;OK
SCH;812;SCH;SR;OK;TASK000013506440;Priority 3;OK
SEC;BWI;SEC;SR;OK;TASK000013506503;Priority 4;OK
SEC;812;SEC;SR;OK;TASK000013506518;Priority 3;OK
L1;BWI;L1 ;SR;OK;TASK000013506598;Priority 4;OK
SEC;812;SEC;SR;OK;TASK000013506603;Priority 3;OK
DBA;812;DBA;SR;OK;TASK000013506682;Priority 3;OK
CNC;LFS;CNC;SR;OK;TASK000013506715;Priority 3;OK
SEC;BWI;SEC;SR;OK;TASK000013506721;Priority 4;OK
SEC;BWI;SEC;SR;OK;TASK000013506834;Priority 4;OK
CNC;EES;CNC;SR;OK;TASK000013506859;Priority 3;OK
FUN;812;FUN;SR;OK;TASK000013506875;Priority 3;OK
SEC;BWI;SEC;SR;OK;TASK000013507044;Priority 4;OK
FIN;812;FUN;SR;OK;TASK000013507145;Priority 4;OK
SEC;EES;FUN;SR;Defect;TASK000013507364;Priority 3;OK
SEC;EES;SEC;SR;Defect;TASK000013507422;Priority 3;OK
SEC;SYN;SEC;SR;Defect;TASK000013507612;Priority 3;OK
L1;BWI;L1 ;SR;OK;TASK000013507724;Priority 3;OK
SEC;DCF;SEC;SR;OK;TASK000013507815;Priority 3;OK
SEC;SYN;SEC;SR;OK;TASK000013507830;Priority 3;OK
L1;BWI;L1 ;SR;OK;TASK000013508134;Priority 3;OK
SEC;SYN;SEC;SR;OK;TASK000013508174;Priority 3;OK
SEC;BWI;SEC;SR;OK;TASK000013508201;Priority 4;OK
SEC;SYN;SEC;SR;Defect;TASK000013508485;Priority 3;OK
SEC;BWI;SEC;SR;OK;TASK000013508533;Priority 4;OK
SEC;DCF;FUN;SR;Defect;TASK000013508566;Priority 3;OK
SEC;MNT;SEC;SR;OK;TASK000013508592;Priority 3;OK
L1;LFS;CNC;SR;OK;TASK000013508929;Priority 3;OK
SEC;812;SEC;SR;OK;TASK000013509332;Priority 3;OK
DBA;812;FUN;SR;OK;TASK000013509345;Priority 3;OK
CNC;EMS;OPS;SR;OK;TASK000013509457;Priority 3;OK
FUN;DXE;FUN;SR;OK;TASK000013509467;Priority 3;OK
DBA;812;DBA;SR;OK;TASK000013509482;Priority 3;OK
FUN;EMS;FUN;SR;OK;TASK000013509640;Priority 3;OK
DBA;812;DBA;SR;OK;TASK000013509830;Priority 3;OK
DBA;812;DBA;SR;OK;TASK000013509962;Priority 3;OK
SCH;LAT;SCH;SR;OK;TASK000013510151;Priority 3;OK
SEC;WS;SEC;SR;OK;TASK000013510211;Priority 3;OK
SEC;SYN;SEC;SR;OK;TASK000013510282;Priority 3;OK
SEC;812;SEC;SR;OK;TASK000013510322;Priority 3;OK
SEC;812;SEC;SR;OK;TASK000013510331;Priority 3;OK
FUN;812;FUN;SR;OK;TASK000013510368;Priority 3;OK
L1;BWI;L1 ;SR;OK;TASK000013510418;Priority 3;OK
SEC;SYN;SEC;SR;OK;TASK000013510577;Priority 3;OK
FUN;MNT;FUN;SR;OK;TASK000013510582;Priority 4;OK
FUN;DCF;SEC;SR;OK;TASK000013510626;Priority 3;OK
SEC;DXE;SEC;SR;OK;TASK000013511116;Priority 3;OK
SEC;DXE;SEC;SR;OK;TASK000013511117;Priority 3;OK
L1;BWI;L1 ;SR;OK;TASK000013511494;Priority 3;OK
SEC;812;SEC;SR;OK;TASK000013511548;Priority 3;OK
CNC;ETH;CNC;SR;OK;TASK000013511573;Priority 3;OK
APS;EES;APS;SR;OK;TASK000013511690;Priority 4;OK
SEC;BWI;SEC;SR;OK;TASK000013511754;Priority 4;OK
SEC;DCF;SEC;SR;OK;TASK000013511761;Priority 3;OK
SEC;BWI;SEC;SR;OK;TASK000013511790;Priority 4;OK
SEC;812;SEC;SR;OK;TASK000013511843;Priority 3;OK
SEC;BWI;SEC;SR;OK;TASK000013511873;Priority 4;OK
L1;812;MON;SR;OK;TASK000013511988;Priority 4;OK
SEC;BWI;SEC;SR;OK;TASK000013512078;Priority 4;OK
SEC;DXE;SEC;SR;OK;TASK000013512087;Priority 3;OK
SEC;DXE;SEC;SR;OK;TASK000013512445;Priority 3;OK
SEC;MNT;SEC;SR;OK;TASK000013513080;Priority 3;OK
FUN;DCF;FUN;SR;OK;TASK000013513221;Priority 4;OK
SEC;812;SEC;SR;OK;TASK000013513362;Priority 3;OK
CNC;812;MON;SR;OK;TASK000013513810;Priority 3;OK
APS;DCF;APS;SR;OK;TASK000013513928;Priority 3;OK
SEC;812;SEC;SR;OK;TASK000013514088;Priority 3;OK
SEC;BWI;SEC;SR;OK;TASK000013514177;Priority 4;OK
SEC;BWI;SEC;SR;OK;TASK000013514200;Priority 4;OK
L1;BWI;L1 ;SR;OK;TASK000013514205;Priority 4;OK
SEC;812;SEC;SR;OK;TASK000013514306;Priority 3;OK
SEC;DXE;SEC;SR;OK;TASK000013514477;Priority 3;OK
SEC;BWI;SEC;SR;OK;TASK000013514658;Priority 4;OK
SEC;MNT;SEC;SR;OK;TASK000013514689;Priority 3;OK
FUN;812;FUN;SR;OK;TASK000013514904;Priority 4;OK
SEC;BWI;SEC;SR;OK;TASK000013515379;Priority 4;OK
SEC;BWI;SEC;SR;OK;TASK000013515448;Priority 4;OK
SEC;DCF;SEC;SR;OK;TASK000013515544;Priority 3;OK
FUN;DCF;SEC;SR;OK;TASK000013515626;Priority 3;OK
SEC;BWI;SEC;SR;OK;TASK000013515673;Priority 4;OK
L1;BWI;L1 ;SR;OK;TASK000013515806;Priority 4;OK
SEC;MNT;SEC;SR;OK;TASK000013515807;Priority 3;OK
SEC;MNT;SEC;SR;OK;TASK000013515812;Priority 3;OK
SEC;MNT;SEC;SR;OK;TASK000013515850;Priority 3;OK
L1;BWI;L1 ;SR;OK;TASK000013516002;Priority 3;OK
L1;812;MON;SR;OK;TASK000013517169;Priority 3;OK
APS;ETH;APS;SR;OK;TASK000013517174;Priority 3;OK
FUN;812;FUN;SR;OK;TASK000013517188;Priority 4;OK
APS;ETH;APS;SR;OK;TASK000013517609;Priority 3;OK
SEC;812;SEC;SR;OK;TASK000013517756;Priority 3;OK
SEC;812;SEC;SR;OK;TASK000013517913;Priority 3;OK
SEC;SYN;SEC;SR;OK;TASK000013518049;Priority 3;OK
DBA;812;DBA;SR;OK;TASK000013518159;Priority 3;OK
SEC;DXE;SEC;SR;OK;TASK000013518436;Priority 3;OK
SEC;ETH;SEC;SR;OK;TASK000013518655;Priority 3;OK
L1;BWI;L1 ;SR;OK;TASK000013518749;Priority 4;OK
FUN;812;FUN;SR;OK;TASK000013518918;Priority 4;OK
SEC;EES;FUN;SR;OK;TASK000013519343;Priority 3;OK
FUN;ETH;FUN;SR;OK;TASK000013519539;Priority 4;OK
SEC;BWI;SEC;SR;OK;TASK000013519612;Priority 4;OK
SEC;SYN;SEC;SR;Defect;TASK000013520815;Priority 3;OK
CNC;812;L1 ;SR;OK;TASK000013521150;Priority 3;OK
CNC;812;L1 ;SR;OK;TASK000013521172;Priority 3;OK
FUN;DCF;SEC;SR;OK;TASK000013521466;Priority 3;OK
SEC;WS;SEC;SR;OK;TASK000013521485;Priority 3;OK
SEC;812;SEC;SR;OK;TASK000013521640;Priority 3;OK
FUN;812;FUN;SR;OK;TASK000013521697;Priority 4;OK
SEC;812;SEC;SR;OK;TASK000013521752;Priority 3;OK
DBA;812;FUN;SR;OK;TASK000013522065;Priority 3;OK
FUN;LAT;FUN;SR;OK;TASK000013522720;Priority 3;OK
SEC;812;SEC;SR;OK;TASK000013522940;Priority 3;OK
L1;BWI;L1 ;SR;OK;TASK000013523112;Priority 3;OK
SEC;DPY;SEC;SR;OK;TASK000013523171;Priority 3;OK
SEC;DPY;SEC;SR;OK;TASK000013523181;Priority 3;OK
SEC;DPY;SEC;SR;OK;TASK000013523323;Priority 3;OK
FUN;ETH;FUN;SR;OK;TASK000013523633;Priority 3;OK
SCH;LAT;SCH;SR;OK;TASK000013523648;Priority 3;OK
CNC;812;L1 ;SR;OK;TASK000013523783;Priority 3;OK
SEC;CAN;SEC;SR;OK;TASK000013523935;Priority 3;OK
L1;BWI;L1 ;SR;OK;TASK000013523994;Priority 4;OK
SEC;SYN;SEC;SR;OK;TASK000013524754;Priority 3;OK
CNC;DPY;CNC;SR;OK;TASK000013524923;Priority 3;OK
SEC;BWI;SEC;SR;OK;TASK000013524956;Priority 4;OK
SEC;MNT;SEC;SR;OK;TASK000013525031;Priority 3;OK
FUN;EDS;FUN;SR;OK;TASK000013525256;Priority 4;OK
SEC;DCF;SEC;SR;Defect;TASK000013525267;Priority 3;OK
SEC;BWI;SEC;SR;OK;TASK000013525321;Priority 4;OK
L1;WS;FUN;SR;OK;TASK000013525908;Priority 3;OK
L1;812;MON;SR;OK;TASK000013526238;Priority 3;OK
SEC;812;SEC;SR;OK;TASK000013526391;Priority 3;OK
SEC;812;SEC;SR;OK;TASK000013526393;Priority 3;OK
DBA;812;DBA;SR;OK;TASK000013526641;Priority 3;OK
APS;ETH;APS;SR;OK;TASK000013526879;Priority 3;OK
FUN;EES;FUN;SR;OK;TASK000013527104;Priority 3;OK
CNC;MNT;CNC;SR;OK;TASK000013527212;Priority 3;OK
SEC;BWI;SEC;SR;OK;TASK000013527317;Priority 4;OK
SEC;DPY;SEC;SR;OK;TASK000013527402;Priority 3;OK
L1;BWI;L1 ;SR;OK;TASK000013527440;Priority 4;OK
SEC;812;SEC;SR;OK;TASK000013527681;Priority 3;OK
SCH;812;SCH;SR;OK;TASK000013527776;Priority 3;OK
FUN;ETH;FUN;SR;OK;TASK000013527866;Priority 3;OK
FUN;DCF;SEC;SR;OK;TASK000013527917;Priority 3;OK
SEC;ETH;SEC;SR;OK;TASK000013528229;Priority 3;OK
SEC;SYN;SEC;SR;Defect;TASK000013528271;Priority 3;OK
DBA;812;DBA;SR;OK;TASK000013528445;Priority 3;OK
SEC;SYN;SEC;SR;OK;TASK000013529410;Priority 3;OK
SEC;BWI;SEC;SR;OK;TASK000013529529;Priority 4;OK
FUN;ETH;FUN;SR;OK;TASK000013529579;Priority 4;OK
L1;BWI;L1 ;SR;OK;TASK000013530063;Priority 3;OK
SEC;WS;SEC;SR;OK;TASK000013530252;Priority 3;OK
SEC;DXE;SEC;SR;OK;TASK000013530618;Priority 3;OK
SEC;812;SEC;SR;OK;TASK000013530792;Priority 3;OK
OPS;WS;MON;SR;OK;TASK000013530933;Priority 3;OK
FUN;812;FUN;SR;OK;TASK000013531084;Priority 3;OK
SEC;812;SEC;SR;OK;TASK000013531126;Priority 3;OK
SEC;EDS;SEC;SR;OK;TASK000013531260;Priority 3;OK
SEC;812;SEC;SR;OK;TASK000013531355;Priority 3;OK
FUN;812;FUN;SR;OK;TASK000013531694;Priority 4;OK
FUN;DCF;SEC;SR;OK;TASK000013531788;Priority 3;OK
L1;BWI;L1 ;SR;OK;TASK000013531828;Priority 3;OK
SEC;SYN;SEC;SR;OK;TASK000013531838;Priority 3;OK
FUN;DCF;SEC;SR;Defect;TASK000013531877;Priority 3;OK
SEC;EDS;SEC;SR;OK;TASK000013531942;Priority 3;OK
SEC;DCF;SEC;SR;OK;TASK000013532222;Priority 3;OK
SEC;812;SEC;SR;OK;TASK000013532291;Priority 3;OK
SEC;BWI;SEC;SR;OK;TASK000013532445;Priority 4;OK
DBA;812;DBA;SR;OK;TASK000013532449;Priority 3;OK
SEC;BWI;SEC;SR;OK;TASK000013532459;Priority 4;OK
SEC;BWI;SEC;SR;OK;TASK000013532484;Priority 4;OK
SEC;BWI;SEC;SR;OK;TASK000013532545;Priority 4;OK
SEC;SYN;SEC;SR;OK;TASK000013532565;Priority 3;OK
SEC;812;SEC;SR;OK;TASK000013532661;Priority 3;OK
CNC;LAT;CNC;SR;OK;TASK000013532771;Priority 3;OK
SEC;SYN;SEC;SR;OK;TASK000013532799;Priority 3;OK
SEC;SYN;SEC;SR;OK;TASK000013532951;Priority 3;OK
SEC;BWI;SEC;SR;OK;TASK000013533497;Priority 4;OK
SEC;ETH;SEC;SR;OK;TASK000013533786;Priority 3;OK
L1;BWI;L1 ;SR;OK;TASK000013534163;Priority 4;OK
SEC;812;SEC;SR;OK;TASK000013534563;Priority 3;OK
SEC;812;SEC;SR;OK;TASK000013534572;Priority 3;OK
SEC;812;SEC;SR;OK;TASK000013534605;Priority 3;OK
DBA;812;DBA;SR;OK;TASK000013534610;Priority 3;OK
SEC;812;SEC;SR;OK;TASK000013534858;Priority 3;OK
CNC;LAT;CNC;SR;OK;TASK000013534899;Priority 3;OK
DBA;812;DBA;SR;OK;TASK000013535027;Priority 3;OK
CNC;ETH;CNC;SR;OK;TASK000013535140;Priority 3;OK
SEC;812;SEC;SR;OK;TASK000013535413;Priority 3;OK
SEC;812;SEC;SR;OK;TASK000013535613;Priority 3;OK
SEC;812;SEC;SR;Defect;TASK000013535638;Priority 3;OK
SEC;LAT;SEC;SR;Defect;TASK000013535840;Priority 3;OK
SEC;812;SEC;SR;OK;TASK000013535872;Priority 3;OK
FUN;COR;FUN;SR;OK;TASK000013535906;Priority 3;OK
SEC;SYN;SEC;SR;OK;TASK000013535965;Priority 3;OK
OPS;EDS;MON;SR;OK;TASK000013536241;Priority 3;OK
SEC;SYN;SEC;SR;OK;TASK000013536341;Priority 3;OK
SEC;812;SEC;SR;OK;TASK000013536360;Priority 3;OK
SEC;EMS;SEC;SR;OK;TASK000013536437;Priority 3;OK
SEC;DXE;SEC;SR;OK;TASK000013536445;Priority 3;OK
FUN;COR;FUN;SR;OK;TASK000013536463;Priority 3;OK
FUN;DXE;FUN;SR;OK;TASK000013536640;Priority 3;OK
FUN;DCF;SEC;SR;OK;TASK000013536936;Priority 3;OK
SEC;SYN;SEC;SR;OK;TASK000013537696;Priority 3;OK
L1;ETH;CNC;SR;OK;TASK000013537758;Priority 3;OK
L1;BWI;L1 ;SR;OK;TASK000013537913;Priority 4;OK
CNC;812;MON;SR;OK;TASK000013538807;Priority 3;OK
FUN;812;FUN;SR;OK;TASK000013538917;Priority 3;OK
SEC;MNT;SEC;SR;OK;TASK000013538982;Priority 3;OK
CNC;ETH;CNC;SR;OK;TASK000013539016;Priority 3;OK
SEC;DXE;SEC;SR;OK;TASK000013539145;Priority 3;OK
L1;812;MON;SR;OK;TASK000013539266;Priority 3;OK
SEC;DPY;SEC;SR;OK;TASK000013539474;Priority 3;OK
SEC;DPY;SEC;SR;OK;TASK000013539506;Priority 3;OK
DBA;812;DBA;SR;OK;TASK000013539834;Priority 3;OK
SEC;BWI;SEC;SR;OK;TASK000013540021;Priority 4;OK
CNC;ETH;CNC;SR;OK;TASK000013540149;Priority 3;OK
SEC;SYN;SEC;SR;OK;TASK000013540157;Priority 3;OK
CNC;ETH;CNC;SR;OK;TASK000013540202;Priority 3;OK
FUN;DCF;SEC;SR;OK;TASK000013540271;Priority 3;OK
SEC;EES;SEC;SR;Defect;TASK000013540294;Priority 3;OK
SEC;SYN;SEC;SR;OK;TASK000013540390;Priority 3;OK
SEC;SYN;SEC;SR;Defect;TASK000013540426;Priority 3;OK
FUN;EES;FUN;SR;OK;TASK000013540793;Priority 3;OK
SEC;CAN;SEC;SR;OK;TASK000013540997;Priority 3;OK
SEC;SYN;SEC;SR;Defect;TASK000013541180;Priority 3;OK
SEC;ETH;SEC;SR;OK;TASK000013541236;Priority 3;OK
SEC;ETH;SEC;SR;OK;TASK000013541242;Priority 3;OK
SEC;ETH;SEC;SR;OK;TASK000013541243;Priority 3;OK
SEC;MNT;SEC;SR;OK;TASK000013541249;Priority 3;OK
SEC;CAN;SEC;SR;OK;TASK000013541323;Priority 3;OK
SEC;BWI;SEC;SR;OK;TASK000013541327;Priority 4;OK
L1;ETH;CNC;SR;OK;TASK000013541374;Priority 3;OK
APS;EES;APS;SR;OK;TASK000013541439;Priority 4;OK
DBA;812;DBA;SR;Defect;TASK000013542002;Priority 3;OK
SEC;DCF;SEC;SR;OK;TASK000013542334;Priority 3;OK
FUN;812;FUN;SR;OK;TASK000013542772;Priority 4;OK
APS;ETH;APS;SR;OK;TASK000013542915;Priority 4;OK
APS;EES;APS;SR;OK;TASK000013544650;Priority 4;OK
SEC;BWI;SEC;SR;OK;TASK000013545929;Priority 4;OK
APS;ETH;APS;SR;OK;TASK000013548593;Priority 4;OK
L1;BWI;L1 ;SR;OK;TASK000013549268;Priority 4;OK
APS;ETH;APS;SR;OK;TASK000013549877;Priority 4;OK
L1;BWI;L1 ;SR;OK;TASK000013552594;Priority 4;OK
SEC;BWI;SEC;SR;OK;TASK000013554603;Priority 4;OK
L1;812;MON;SR;OK;TASK000013556463;Priority 4;OK
L1;BWI;L1 ;SR;OK;TASK000013556906;Priority 4;OK
FUN;EES;FUN;SR;OK;TASK000013557375;Priority 4;OK
L1;812;MON;SR;OK;TASK000013557842;Priority 4;OK
SEC;BWI;SEC;SR;OK;TASK000013557859;Priority 4;OK
FIN;MNT;FUN;SR;Defect;TASK000013560056;Priority 4;OK
SEC;BWI;SEC;SR;OK;TASK000013560175;Priority 4;OK
SEC;BWI;SEC;SR;OK;TASK000013560184;Priority 4;OK
SEC;BWI;SEC;SR;OK;TASK000013560190;Priority 4;OK
SEC;BWI;SEC;SR;OK;TASK000013560194;Priority 4;OK
L1;BWI;L1 ;SR;OK;TASK000013560214;Priority 4;OK
SEC;BWI;SEC;SR;OK;TASK000013561620;Priority 4;OK
SEC;BWI;SEC;SR;OK;TASK000013561886;Priority 4;OK
L1;812;MON;SR;OK;TASK000013563693;Priority 3;OK
APS;ETH;APS;SR;OK;TASK000013563715;Priority 3;OK
APS;ETH;APS;SR;OK;TASK000013563730;Priority 3;OK
DBA;812;DBA;SR;OK;TASK000013564058;Priority 3;OK
FUN;DCF;FUN;SR;OK;TASK000013564362;Priority 3;OK
L1;812;MON;SR;OK;TASK000013564486;Priority 3;OK
CNC;812;CNC;SR;OK;TASK000013564495;Priority 3;OK
SEC;812;SEC;SR;OK;TASK000013564533;Priority 3;OK
SEC;812;SEC;SR;OK;TASK000013564625;Priority 3;OK
FUN;MNT;FUN;SR;Defect;TASK000013564753;Priority 3;OK
SEC;812;SEC;SR;OK;TASK000013564759;Priority 3;OK
SCH;812;SCH;SR;OK;TASK000013564791;Priority 3;OK
SEC;WS;SEC;SR;OK;TASK000013564945;Priority 3;OK
CNC;ETH;CNC;SR;OK;TASK000013565443;Priority 3;OK
SEC;812;SEC;SR;OK;TASK000013565500;Priority 3;OK
DBA;812;DBA;SR;OK;TASK000013565670;Priority 3;OK
SEC;BWI;SEC;SR;OK;TASK000013566046;Priority 4;OK
SCH;812;SCH;SR;OK;TASK000013566141;Priority 3;OK
L1;BWI;L1 ;SR;OK;TASK000013566169;Priority 3;OK
SCH;LAT;SCH;SR;OK;TASK000013567062;Priority 3;OK
SEC;BWI;SEC;SR;OK;TASK000013567142;Priority 4;OK
SEC;BWI;SEC;SR;OK;TASK000013567266;Priority 4;OK
SEC;BWI;SEC;SR;OK;TASK000013567304;Priority 4;OK
DBA;812;DBA;SR;OK;TASK000013567437;Priority 3;OK
FUN;DCF;SEC;SR;Defect;TASK000013567848;Priority 3;OK
FUN;COR;FUN;SR;OK;TASK000013568089;Priority 3;OK
L1;812;MON;SR;OK;TASK000013568423;Priority 3;OK
DBA;812;DBA;SR;OK;TASK000013568555;Priority 3;OK
FUN;812;FUN;SR;OK;TASK000013568707;Priority 4;OK
SEC;EDS;SEC;SR;OK;TASK000013568723;Priority 3;OK
DBA;812;DBA;SR;OK;TASK000013568746;Priority 3;OK
DBA;812;DBA;SR;OK;TASK000013568748;Priority 3;OK
DBA;812;DBA;SR;OK;TASK000013568982;Priority 3;OK
L1;812;MON;SR;OK;TASK000013569110;Priority 3;OK
SEC;WS;SEC;SR;OK;TASK000013569135;Priority 3;OK
L1;812;MON;SR;OK;TASK000013569195;Priority 3;OK
APS;EES;APS;SR;OK;TASK000013569340;Priority 4;OK
DBA;812;DBA;SR;OK;TASK000013569373;Priority 3;OK
SEC;WS;SEC;SR;OK;TASK000013569546;Priority 3;OK
SEC;BWI;SEC;SR;OK;TASK000013569657;Priority 4;OK
SEC;BWI;SEC;SR;OK;TASK000013569739;Priority 4;OK
DBA;812;DBA;SR;OK;TASK000013569941;Priority 3;OK
SEC;ETH;SEC;SR;OK;TASK000013569999;Priority 3;OK
DBA;812;DBA;SR;OK;TASK000013570192;Priority 3;OK
SEC;812;SEC;SR;OK;TASK000013570332;Priority 3;OK
SEC;MNT;SEC;SR;OK;TASK000013570511;Priority 3;OK
L1;ETH;CNC;SR;OK;TASK000013570546;Priority 3;OK
SEC;BWI;SEC;SR;OK;TASK000013570744;Priority 4;OK
SEC;WS;SEC;SR;Defect;TASK000013570748;Priority 3;OK
L1;OCD;MON;SR;OK;TASK000013570824;Priority 3;OK
L1;OCD;MON;SR;OK;TASK000013570860;Priority 3;OK
SEC;WS;SEC;SR;OK;TASK000013571242;Priority 3;OK
CNC;ETH;L1 ;SR;OK;TASK000013571501;Priority 3;OK
CNC;ETH;L1 ;SR;OK;TASK000013571511;Priority 3;OK
L1;BWI;L1 ;SR;OK;TASK000013571512;Priority 4;OK
SEC;BWI;SEC;SR;OK;TASK000013571621;Priority 4;OK
L1;812;MON;SR;OK;TASK000013571842;Priority 3;OK
SEC;812;SEC;SR;OK;TASK000013571852;Priority 4;OK
CNC;812;L1 ;SR;OK;TASK000013572308;Priority 3;OK
CNC;812;L1 ;SR;OK;TASK000013572310;Priority 3;OK
SEC;DXE;SEC;SR;OK;TASK000013572378;Priority 3;OK
APS;ETH;APS;SR;OK;TASK000013572600;Priority 3;OK
DBA;812;DBA;SR;OK;TASK000013572814;Priority 3;OK
APS;ETH;APS;SR;OK;TASK000013572955;Priority 3;OK
DBA;812;DBA;SR;OK;TASK000013572982;Priority 3;OK
APS;ETH;APS;SR;OK;TASK000013573067;Priority 3;OK
L1;812;MON;SR;OK;TASK000013573213;Priority 3;OK
SEC;WS;SEC;SR;Defect;TASK000013573334;Priority 3;OK
SEC;MNT;SEC;SR;OK;TASK000013573453;Priority 3;OK
CNC;BWI;CNC;SR;OK;TASK000013573615;Priority 3;OK
SEC;WS;SEC;SR;Defect;TASK000013573632;Priority 3;OK
SEC;MNT;SEC;SR;OK;TASK000013573658;Priority 3;OK
SEC;WS;SEC;SR;OK;TASK000013573727;Priority 3;OK
SEC;MNT;SEC;SR;OK;TASK000013573836;Priority 3;OK
SEC;MNT;SEC;SR;OK;TASK000013573891;Priority 3;OK
SEC;MNT;SEC;SR;OK;TASK000013573922;Priority 3;OK
SEC;812;SEC;SR;OK;TASK000013573971;Priority 3;OK
APS;ETH;APS;SR;OK;TASK000013574286;Priority 3;OK
CNC;812;MON;SR;OK;TASK000013574318;Priority 3;OK
SCH;LAT;SCH;SR;OK;TASK000013574489;Priority 3;OK
L1;BWI;L1 ;SR;OK;TASK000013574708;Priority 4;OK
APS;ETH;APS;SR;OK;TASK000013574796;Priority 3;OK
SEC;CAN;SEC;SR;OK;TASK000013574955;Priority 3;OK
SEC;WS;SEC;SR;OK;TASK000013575014;Priority 3;OK
APS;ETH;APS;SR;OK;TASK000013575160;Priority 3;OK
SEC;MNT;SEC;SR;OK;TASK000013575211;Priority 3;OK
SEC;WS;SEC;SR;Defect;TASK000013575245;Priority 3;OK
SEC;WS;SEC;SR;Defect;TASK000013575304;Priority 3;OK
SEC;BWI;SEC;SR;OK;TASK000013575378;Priority 4;OK
SEC;ETH;SEC;SR;OK;TASK000013575721;Priority 3;OK
SEC;ETH;SEC;SR;OK;TASK000013575731;Priority 3;OK
SEC;LAT;SEC;SR;OK;TASK000013575910;Priority 3;OK
FUN;DCF;SEC;SR;OK;TASK000013576713;Priority 3;OK
SEC;812;SEC;SR;OK;TASK000013576947;Priority 3;OK
SEC;812;SEC;SR;OK;TASK000013577018;Priority 3;OK
SEC;812;SEC;SR;OK;TASK000013577219;Priority 3;OK
SEC;812;SEC;SR;OK;TASK000013577290;Priority 3;OK
FUN;812;FUN;SR;OK;TASK000013577415;Priority 3;OK
CNC;812;L1 ;SR;OK;TASK000013577722;Priority 3;OK
DBA;812;DBA;SR;OK;TASK000013577880;Priority 3;OK
CNC;DCF;FUN;SR;OK;TASK000013578002;Priority 3;OK
CNC;812;CNC;SR;OK;TASK000013578492;Priority 3;OK
SEC;ETH;SEC;SR;OK;TASK000013578606;Priority 3;OK
FUN;812;FUN;SR;OK;TASK000013578765;Priority 3;OK
CNC;BWI;CNC;SR;OK;TASK000013578809;Priority 3;OK
SEC;WS;SEC;SR;OK;TASK000013579021;Priority 3;OK
SEC;WS;SEC;SR;OK;TASK000013579148;Priority 3;OK
FUN;EES;FUN;SR;OK;TASK000013579245;Priority 4;OK
SEC;MNT;SEC;SR;OK;TASK000013579246;Priority 3;OK
SEC;BWI;SEC;SR;OK;TASK000013579433;Priority 4;OK
SEC;812;SEC;SR;OK;TASK000013580329;Priority 3;OK
APS;EES;APS;SR;OK;TASK000013580809;Priority 4;OK
DBA;812;DBA;SR;OK;TASK000013580842;Priority 3;OK
SEC;WS;SEC;SR;OK;TASK000013580890;Priority 3;OK
SEC;EMS;SEC;SR;OK;TASK000013581120;Priority 3;OK
FUN;COR;FUN;SR;OK;TASK000013581307;Priority 3;OK
TEC;WS;OPS;SR;OK;TASK000013581375;Priority 3;OK
SEC;EMS;SEC;SR;Defect;TASK000013581472;Priority 3;OK
FUN;WS;FUN;SR;OK;TASK000013581501;Priority 4;OK
SEC;812;SEC;SR;OK;TASK000013581513;Priority 3;OK
CNC;812;CNC;SR;OK;TASK000013581802;Priority 3;OK
SEC;812;SEC;SR;OK;TASK000013582179;Priority 3;OK
SEC;DPY;SEC;SR;OK;TASK000013582286;Priority 3;OK
L1;BWI;L1 ;SR;OK;TASK000013582294;Priority 3;OK
APS;EES;APS;SR;OK;TASK000013582609;Priority 3;OK
L1;ETH;CNC;SR;OK;TASK000013582709;Priority 3;OK
SEC;MNT;SEC;SR;OK;TASK000013582759;Priority 3;OK
SEC;ETH;SEC;SR;OK;TASK000013582869;Priority 3;OK
SEC;DPY;SEC;SR;OK;TASK000013583005;Priority 3;OK
CNC;812;CNC;SR;OK;TASK000013583509;Priority 3;OK
CNC;DPY;CNC;SR;OK;TASK000013584512;Priority 3;OK
APS;ETH;APS;SR;OK;TASK000013585028;Priority 3;OK
DBA;812;DBA;SR;OK;TASK000013585052;Priority 3;OK
L1;812;MON;SR;OK;TASK000013585058;Priority 3;OK
CNC;LFS;CNC;SR;OK;TASK000013585227;Priority 3;OK
L1;812;MON;SR;OK;TASK000013585467;Priority 3;OK
SEC;MNT;SEC;SR;OK;TASK000013586056;Priority 3;OK
FIN;MNT;FUN;SR;OK;TASK000013586071;Priority 4;OK
APS;EES;APS;SR;OK;TASK000013586291;Priority 4;OK
FUN;WS;FUN;SR;OK;TASK000013586349;Priority 4;OK
FUN;EES;FUN;SR;OK;TASK000013586481;Priority 3;OK
SEC;812;SEC;SR;OK;TASK000013586926;Priority 3;OK
CNC;812;CNC;SR;OK;TASK000013586929;Priority 3;OK
FUN;812;FUN;SR;OK;TASK000013587222;Priority 3;OK
CNC;ETH;CNC;SR;OK;TASK000013587502;Priority 3;OK
SEC;EMS;SEC;SR;OK;TASK000013587673;Priority 3;OK
L1;BWI;L1 ;SR;OK;TASK000013588373;Priority 4;OK
SCH;LAT;SCH;SR;OK;TASK000013588400;Priority 3;OK
SCH;LAT;SCH;SR;OK;TASK000013588415;Priority 3;OK
L1;BWI;L1 ;SR;OK;TASK000013588501;Priority 3;OK
SEC;ETH;SEC;SR;OK;TASK000013588681;Priority 3;OK
SEC;ETH;SEC;SR;OK;TASK000013588688;Priority 3;OK
SEC;ETH;SEC;SR;OK;TASK000013588701;Priority 3;OK
SEC;ETH;SEC;SR;OK;TASK000013588716;Priority 3;OK
SEC;WS;SEC;SR;OK;TASK000013588724;Priority 3;OK
L1;812;MON;SR;OK;TASK000013588753;Priority 3;OK
CNC;DPY;CNC;SR;OK;TASK000013588774;Priority 3;OK
SEC;812;SEC;SR;OK;TASK000013590276;Priority 3;OK
SEC;812;SEC;SR;OK;TASK000013590602;Priority 3;OK
SEC;812;SEC;SR;OK;TASK000013590837;Priority 3;OK
FUN;DCF;FUN;SR;OK;TASK000013590872;Priority 3;OK
SEC;812;SEC;SR;OK;TASK000013591454;Priority 3;OK
L1;812;MON;SR;OK;TASK000013591522;Priority 3;OK
L1;BWI;L1 ;SR;OK;TASK000013591686;Priority 3;OK
L1;BWI;L1 ;SR;OK;TASK000013592000;Priority 3;OK
APS;ETH;APS;SR;OK;TASK000013592442;Priority 4;OK
L1;BWI;L1 ;SR;OK;TASK000013593028;Priority 4;OK
SEC;BWI;SEC;SR;OK;TASK000013593149;Priority 4;OK
SEC;MNT;SEC;SR;OK;TASK000013593260;Priority 3;OK
APS;ETH;APS;SR;OK;TASK000013593574;Priority 4;OK
SEC;812;SEC;SR;OK;TASK000013593849;Priority 3;OK
SEC;BWI;SEC;SR;OK;TASK000013594170;Priority 4;OK
FUN;812;FUN;SR;OK;TASK000013594616;Priority 3;OK
L1;OCD;MON;SR;OK;TASK000013595184;Priority 3;OK
L1;812;MON;SR;OK;TASK000013595196;Priority 3;OK
SEC;MNT;SEC;SR;OK;TASK000013595208;Priority 3;OK
SEC;812;SEC;SR;OK;TASK000013595337;Priority 3;OK
SEC;812;SEC;SR;OK;TASK000013595366;Priority 3;OK
APS;ETH;APS;SR;OK;TASK000013595594;Priority 3;OK
DBA;812;DBA;SR;OK;TASK000013595741;Priority 3;OK
SEC;BWI;SEC;SR;OK;TASK000013595742;Priority 4;OK
DBA;812;DBA;SR;OK;TASK000013595797;Priority 3;OK
DBA;812;DBA;SR;OK;TASK000013595824;Priority 3;OK
APS;ETH;APS;SR;OK;TASK000013595971;Priority 4;OK
APS;ETH;APS;SR;OK;TASK000013596028;Priority 3;OK
SEC;812;SEC;SR;OK;TASK000013596092;Priority 3;OK
CNC;812;CNC;SR;OK;TASK000013596100;Priority 3;OK
SEC;812;SEC;SR;OK;TASK000013596248;Priority 3;OK
SEC;DXE;SEC;SR;OK;TASK000013596261;Priority 3;OK
SEC;DXE;SEC;SR;OK;TASK000013596342;Priority 3;OK
CNC;BWI;CNC;SR;OK;TASK000013596382;Priority 3;OK
DBA;812;DBA;SR;OK;TASK000013596407;Priority 3;OK
FUN;DCF;SEC;SR;OK;TASK000013596524;Priority 3;OK
APS;ETH;APS;SR;OK;TASK000013596537;Priority 3;OK
FUN;DCF;SEC;SR;OK;TASK000013596572;Priority 3;OK
DBA;812;DBA;SR;OK;TASK000013596602;Priority 3;OK
SEC;EDS;SEC;SR;OK;TASK000013596702;Priority 3;OK
APS;ETH;APS;SR;OK;TASK000013596788;Priority 3;OK
OPS;EMS;OPS;SR;OK;TASK000013596912;Priority 3;OK
SEC;812;SEC;SR;OK;TASK000013597006;Priority 3;OK
FUN;812;FUN;SR;OK;TASK000013597018;Priority 3;OK
SEC;DXE;SEC;SR;OK;TASK000013597090;Priority 3;OK
SEC;EMS;SEC;SR;OK;TASK000013597098;Priority 3;OK
SEC;812;SEC;SR;OK;TASK000013597118;Priority 3;OK
SEC;WS;SEC;SR;OK;TASK000013597134;Priority 3;OK
SEC;WS;SEC;SR;OK;TASK000013597165;Priority 3;OK
SCH;812;SCH;SR;OK;TASK000013597262;Priority 3;OK
L1;BWI;L1 ;SR;OK;TASK000013598042;Priority 3;OK
L1;BWI;L1 ;SR;OK;TASK000013598479;Priority 4;OK
DBA;812;DBA;SR;OK;TASK000013598735;Priority 3;OK
FUN;DCF;FUN;SR;OK;TASK000013599066;Priority 3;OK
APS;ETH;APS;SR;OK;TASK000013599196;Priority 4;OK
SEC;812;SEC;SR;OK;TASK000013599226;Priority 3;OK
CNC;812;CNC;SR;OK;TASK000013599368;Priority 3;OK
DBA;812;DBA;SR;OK;TASK000013599386;Priority 3;OK
L1;BWI;L1 ;SR;OK;TASK000013599748;Priority 4;OK
CNC;812;L1 ;SR;OK;TASK000013599944;Priority 3;OK
FUN;DCF;FUN;SR;OK;TASK000013599991;Priority 3;OK
SEC;DCF;SEC;SR;OK;TASK000013600027;Priority 3;OK
SEC;BWI;SEC;SR;OK;TASK000013600116;Priority 4;OK
SEC;812;SEC;SR;OK;TASK000013600391;Priority 3;OK
DBA;812;DBA;SR;OK;TASK000013600456;Priority 3;OK
SEC;812;SEC;SR;OK;TASK000013600599;Priority 3;OK
SEC;EES;SEC;SR;Defect;TASK000013600690;Priority 3;OK
SEC;BWI;SEC;SR;OK;TASK000013600856;Priority 4;OK
APS;DCF;APS;SR;OK;TASK000013600902;Priority 4;OK
SEC;812;SEC;SR;OK;TASK000013600916;Priority 3;OK
SEC;MNT;SEC;SR;OK;TASK000013601048;Priority 3;OK
SEC;812;SEC;SR;OK;TASK000013601159;Priority 3;OK
SEC;812;SEC;SR;OK;TASK000013601179;Priority 3;OK
SEC;MNT;SEC;SR;OK;TASK000013601213;Priority 3;OK
SEC;BWI;SEC;SR;OK;TASK000013601314;Priority 4;OK
L1;MNT;MON;SR;OK;TASK000013601367;Priority 3;OK
APS;EES;APS;SR;OK;TASK000013601550;Priority 4;OK
SEC;WS;SEC;SR;OK;TASK000013601631;Priority 3;OK
SEC;BWI;SEC;SR;OK;TASK000013602021;Priority 4;OK
FUN;COR;FUN;SR;OK;TASK000013602267;Priority 3;OK
L1;BWI;L1 ;SR;OK;TASK000013602326;Priority 3;OK
L1;BWI;L1 ;SR;OK;TASK000013602329;Priority 3;OK
SEC;EMS;SEC;SR;OK;TASK000013602970;Priority 3;OK
SEC;OXE;SEC;SR;OK;TASK000013603043;Priority 3;OK
CNC;812;CNC;SR;OK;TASK000013603076;Priority 3;OK
L1;812;MON;SR;OK;TASK000013603092;Priority 3;OK
APS;ETH;APS;SR;OK;TASK000013603216;Priority 3;OK
FUN;COR;FUN;SR;OK;TASK000013603249;Priority 3;OK
SEC;DXE;SEC;SR;OK;TASK000013603251;Priority 3;OK
SEC;812;SEC;SR;OK;TASK000013603274;Priority 3;OK
FUN;812;FUN;SR;OK;TASK000013603298;Priority 4;OK
SEC;812;SEC;SR;OK;TASK000013603342;Priority 3;OK
CNC;ETH;CNC;SR;OK;TASK000013603344;Priority 3;OK
DBA;812;DBA;SR;OK;TASK000013603394;Priority 3;OK
SEC;WS;SEC;SR;OK;TASK000013603613;Priority 3;OK
SEC;MNT;SEC;SR;OK;TASK000013603794;Priority 3;OK
SEC;EMS;SEC;SR;OK;TASK000013603922;Priority 3;OK
DBA;812;DBA;SR;OK;TASK000013604134;Priority 3;OK
MNT;MNT;FUN;SR;OK;TASK000013604252;Priority 3;OK
SEC;BWI;SEC;SR;OK;TASK000013604334;Priority 4;OK
SEC;DPY;SEC;SR;OK;TASK000013604355;Priority 3;OK
SEC;MNT;SEC;SR;OK;TASK000013604711;Priority 3;OK
SEC;DPY;SEC;SR;OK;TASK000013604865;Priority 3;OK
SEC;MNT;SEC;SR;OK;TASK000013604896;Priority 3;OK
SEC;WS;SEC;SR;OK;TASK000013604991;Priority 3;OK
CNC;812;CNC;SR;OK;TASK000013604998;Priority 3;OK
CNC;BWI;CNC;SR;OK;TASK000013605043;Priority 3;OK
APS;ETH;APS;SR;OK;TASK000013605061;Priority 4;OK
SEC;812;SEC;SR;OK;TASK000013605066;Priority 3;OK
SEC;CAN;SEC;SR;OK;TASK000013605346;Priority 3;OK
APS;ETH;APS;SR;OK;TASK000013605390;Priority 3;OK
APS;ETH;APS;SR;OK;TASK000013605496;Priority 3;OK
APS;ETH;APS;SR;OK;TASK000013605505;Priority 3;OK
L1;BWI;L1 ;SR;OK;TASK000013605534;Priority 3;OK
SEC;BWI;SEC;SR;OK;TASK000013605632;Priority 4;OK
SEC;BWI;SEC;SR;OK;TASK000013605634;Priority 4;OK
CNC;DPY;CNC;SR;OK;TASK000013606210;Priority 3;OK
FUN;DCF;FUN;SR;OK;TASK000013607177;Priority 3;OK
L1;812;MON;SR;OK;TASK000013607244;Priority 3;OK
FUN;DCF;SEC;SR;OK;TASK000013607260;Priority 3;OK
DBA;812;DBA;SR;OK;TASK000013607638;Priority 3;OK
SEC;812;SEC;SR;OK;TASK000013607683;Priority 3;OK
SEC;812;SEC;SR;OK;TASK000013607797;Priority 3;OK
FUN;812;FUN;SR;OK;TASK000013607901;Priority 3;OK
SCH;812;SCH;SR;OK;TASK000013607911;Priority 3;OK
SEC;812;SEC;SR;OK;TASK000013607953;Priority 3;OK
SEC;812;SEC;SR;OK;TASK000013608151;Priority 3;OK
L1;812;MON;SR;OK;TASK000013608249;Priority 4;OK
FUN;812;FUN;SR;OK;TASK000013608723;Priority 4;OK
OPS;WS;OPS;SR;OK;TASK000013608777;Priority 3;OK
FUN;ETH;FUN;SR;OK;TASK000013609031;Priority 3;OK
SEC;ETH;SEC;SR;OK;TASK000013609514;Priority 3;OK
SEC;DPY;SEC;SR;OK;TASK000013609666;Priority 3;OK
SEC;WS;SEC;SR;OK;TASK000013609935;Priority 3;OK
APS;EES;APS;SR;OK;TASK000013610343;Priority 4;OK
SEC;BWI;SEC;SR;OK;TASK000013610853;Priority 4;OK
SEC;WS;SEC;SR;OK;TASK000013611237;Priority 3;OK
L1;812;MON;SR;OK;TASK000013611766;Priority 3;OK
L1;BWI;L1 ;SR;OK;TASK000013611775;Priority 3;OK
SEC;EMS;SEC;SR;OK;TASK000013611779;Priority 3;OK
SEC;EMS;SEC;SR;OK;TASK000013611795;Priority 3;OK
L1;812;MON;SR;OK;TASK000013612007;Priority 4;OK
SEC;812;SEC;SR;OK;TASK000013612009;Priority 3;OK
DBA;812;DBA;SR;OK;TASK000013612171;Priority 3;OK
FUN;812;FUN;SR;OK;TASK000013612193;Priority 4;OK
SEC;DXE;SEC;SR;OK;TASK000013612407;Priority 3;OK
SEC;WS;SEC;SR;OK;TASK000013612461;Priority 3;OK
CNC;DPY;CNC;SR;OK;TASK000013612485;Priority 3;OK
FUN;DCF;SEC;SR;OK;TASK000013612707;Priority 3;OK
CNC;EES;CNC;SR;OK;TASK000013612816;Priority 3;OK
L1;812;MON;SR;OK;TASK000013612941;Priority 4;OK
SEC;WS;SEC;SR;OK;TASK000013613169;Priority 3;OK
CNC;812;CNC;SR;OK;TASK000013613464;Priority 3;OK
DBA;812;DBA;SR;OK;TASK000013613544;Priority 3;OK
APS;ETH;APS;SR;OK;TASK000013613593;Priority 3;OK
SEC;812;SEC;SR;OK;TASK000013613596;Priority 3;OK
FUN;DCF;FUN;SR;OK;TASK000013613719;Priority 3;OK
SEC;812;SEC;SR;OK;TASK000013613868;Priority 3;OK
SEC;DXE;SEC;SR;OK;TASK000013613877;Priority 3;OK
SEC;WS;SEC;SR;OK;TASK000013614031;Priority 3;OK
SEC;WS;SEC;SR;OK;TASK000013614579;Priority 3;OK
SEC;WS;SEC;SR;OK;TASK000013614668;Priority 3;OK
SEC;EES;SEC;SR;Defect;TASK000013614728;Priority 3;OK
CNC;ETH;CNC;SR;OK;TASK000013614758;Priority 3;OK
SEC;812;SEC;SR;OK;TASK000013614796;Priority 3;OK
SEC;WS;SEC;SR;OK;TASK000013615152;Priority 3;OK
SEC;ETH;SEC;SR;OK;TASK000013615165;Priority 3;OK
SEC;BWI;SEC;SR;OK;TASK000013615753;Priority 4;OK
SEC;BWI;SEC;SR;OK;TASK000013615755;Priority 4;OK
SEC;MNT;SEC;SR;OK;TASK000013616117;Priority 3;OK
DBA;812;DBA;SR;OK;TASK000013616294;Priority 3;OK
FUN;DXE;FUN;SR;OK;TASK000013616779;Priority 4;OK
APS;ETH;APS;SR;OK;TASK000013617149;Priority 3;OK
CNC;WS;L1 ;SR;OK;TASK000013617348;Priority 3;OK
APS;ETH;APS;SR;OK;TASK000013617417;Priority 3;OK
SEC;WS;SEC;SR;OK;TASK000013617759;Priority 3;OK
DBA;812;DBA;SR;OK;TASK000013617843;Priority 3;OK
SEC;WS;SEC;SR;OK;TASK000013617878;Priority 3;OK
L1;812;MON;SR;OK;TASK000013618142;Priority 3;OK
SEC;WS;SEC;SR;OK;TASK000013618616;Priority 3;OK
CNC;BWI;CNC;SR;OK;TASK000013618681;Priority 3;OK
APS;ETH;APS;SR;OK;TASK000013618785;Priority 3;OK
SEC;BWI;SEC;SR;OK;TASK000013618982;Priority 4;OK
SEC;ETH;SEC;SR;OK;TASK000013618986;Priority 3;OK
SEC;BWI;SEC;SR;OK;TASK000013619002;Priority 4;OK
FUN;DCF;SEC;SR;Defect;TASK000013619090;Priority 3;OK
SEC;BWI;SEC;SR;OK;TASK000013619110;Priority 4;OK
SEC;BWI;SEC;SR;OK;TASK000013619208;Priority 4;OK
SEC;BWI;SEC;SR;OK;TASK000013619228;Priority 4;OK
SEC;BWI;SEC;SR;OK;TASK000013619330;Priority 4;OK
APS;ETH;APS;SR;OK;TASK000013619355;Priority 4;OK
SEC;BWI;SEC;SR;OK;TASK000013619452;Priority 4;OK
L1;812;MON;SR;OK;TASK000013619764;Priority 3;OK
SEC;DXE;SEC;SR;OK;TASK000013619970;Priority 3;OK
CNC;812;CNC;SR;OK;TASK000013620055;Priority 3;OK
SEC;812;SEC;SR;OK;TASK000013620145;Priority 3;OK
SEC;812;SEC;SR;OK;TASK000013620202;Priority 3;OK
SEC;812;SEC;SR;OK;TASK000013620422;Priority 3;OK
DBA;812;DBA;SR;OK;TASK000013620519;Priority 3;OK
CNC;812;CNC;SR;OK;TASK000013620538;Priority 3;OK
SEC;812;SEC;SR;OK;TASK000013620609;Priority 3;OK
DBA;812;DBA;SR;OK;TASK000013620770;Priority 3;OK
SEC;812;SEC;SR;OK;TASK000013620775;Priority 3;OK
SEC;812;SEC;SR;OK;TASK000013620801;Priority 3;OK
CNC;812;CNC;SR;OK;TASK000013620835;Priority 3;OK
APS;ETH;APS;SR;OK;TASK000013620903;Priority 3;OK
SEC;BWI;SEC;SR;OK;TASK000013621069;Priority 4;OK
SEC;ETH;SEC;SR;OK;TASK000013621078;Priority 3;OK
SEC;DXE;SEC;SR;OK;TASK000013621124;Priority 3;OK
DBA;812;DBA;SR;OK;TASK000013621184;Priority 3;OK
APS;ETH;APS;SR;OK;TASK000013621349;Priority 3;OK
SEC;WS;SEC;SR;OK;TASK000013621486;Priority 3;OK
SCH;812;SCH;SR;OK;TASK000013621803;Priority 3;OK
SCH;812;SCH;SR;OK;TASK000013621958;Priority 3;OK
SEC;WS;SEC;SR;OK;TASK000013622011;Priority 3;OK
SEC;812;SEC;SR;OK;TASK000013622341;Priority 3;OK
SEC;WS;SEC;SR;OK;TASK000013622403;Priority 3;OK
SEC;812;SEC;SR;OK;TASK000013622520;Priority 3;OK
FUN;EES;FUN;SR;OK;TASK000013622668;Priority 3;OK
CNC;LFS;CNC;SR;OK;TASK000013622953;Priority 3;OK
L1;BWI;L1 ;SR;OK;TASK000013622965;Priority 3;OK
CNC;812;CNC;SR;OK;TASK000013623938;Priority 3;OK
APS;ETH;APS;SR;OK;TASK000013624134;Priority 3;OK
L1;812;MON;SR;OK;TASK000013624179;Priority 4;OK
SEC;812;SEC;SR;OK;TASK000013624402;Priority 3;OK
SEC;MNT;SEC;SR;OK;TASK000013624434;Priority 3;OK
SEC;MNT;SEC;SR;OK;TASK000013624445;Priority 3;OK
SEC;DXE;SEC;SR;OK;TASK000013624627;Priority 3;OK
FUN;DXE;FUN;SR;Defect;TASK000013624685;Priority 4;OK
SEC;812;SEC;SR;OK;TASK000013624719;Priority 3;OK
SEC;DXE;SEC;SR;OK;TASK000013624724;Priority 3;OK
FUN;EMS;FUN;SR;OK;TASK000013625287;Priority 3;OK
SEC;DXE;SEC;SR;OK;TASK000013625306;Priority 3;OK
DBA;812;DBA;SR;OK;TASK000013625401;Priority 3;OK
DBA;812;DBA;SR;OK;TASK000013625458;Priority 3;OK
SEC;DPY;SEC;SR;OK;TASK000013625533;Priority 4;OK
L1;812;MON;SR;OK;TASK000013625605;Priority 3;OK
SEC;812;SEC;SR;OK;TASK000013625629;Priority 3;OK
L1;BWI;L1 ;SR;OK;TASK000013625806;Priority 3;OK
APS;ETH;APS;SR;OK;TASK000013626267;Priority 3;OK
SEC;WS;SEC;SR;OK;TASK000013626300;Priority 3;OK
SEC;WS;SEC;SR;OK;TASK000013626418;Priority 3;OK
APS;ETH;APS;SR;OK;TASK000013626693;Priority 3;OK
SEC;WS;SEC;SR;OK;TASK000013627309;Priority 3;OK
L1;812;MON;SR;OK;TASK000013627429;Priority 4;OK
FUN;812;FUN;SR;OK;TASK000013628312;Priority 4;OK
SEC;812;SEC;SR;OK;TASK000013628370;Priority 3;OK
SEC;812;SEC;SR;OK;TASK000013628536;Priority 3;OK
L1;812;MON;SR;OK;TASK000013628688;Priority 3;OK
FUN;COR;FUN;SR;OK;TASK000013628771;Priority 3;OK
FUN;COR;FUN;SR;OK;TASK000013628782;Priority 3;OK
CNC;812;L1 ;SR;OK;TASK000013628821;Priority 3;OK
FUN;812;FUN;SR;OK;TASK000013628875;Priority 4;OK
SEC;MNT;SEC;SR;OK;TASK000013628940;Priority 3;OK
APS;EES;APS;SR;OK;TASK000013629196;Priority 3;OK
SEC;WS;SEC;SR;OK;TASK000013629261;Priority 3;OK
FIN;812;INS;SR;OK;TASK000013629309;Priority 4;OK
APS;EES;APS;SR;OK;TASK000013629439;Priority 3;OK
DBA;812;DBA;SR;OK;TASK000013629677;Priority 3;OK
DBA;812;DBA;SR;OK;TASK000013629738;Priority 3;OK
SEC;ETH;SEC;SR;OK;TASK000013629818;Priority 3;OK
FUN;DCF;SEC;SR;Defect;TASK000013629819;Priority 3;OK
SEC;ETH;SEC;SR;OK;TASK000013630077;Priority 3;OK
CNC;ETH;CNC;SR;OK;TASK000013630158;Priority 3;OK
SEC;LAT;SEC;SR;OK;TASK000013630267;Priority 3;OK
SEC;LAT;SEC;SR;OK;TASK000013630268;Priority 3;OK
SEC;DPY;SEC;SR;OK;TASK000013630439;Priority 3;OK
SEC;WS;SEC;SR;OK;TASK000013630810;Priority 3;OK
FUN;COR;FUN;SR;OK;TASK000013630953;Priority 3;OK
APS;EES;APS;SR;OK;TASK000013631071;Priority 4;OK
FUN;812;FUN;SR;OK;TASK000013631096;Priority 4;OK
L1;BWI;L1 ;SR;OK;TASK000013631153;Priority 3;OK
FUN;812;FUN;SR;Defect;TASK000013631869;Priority 3;OK
DBA;812;DBA;SR;OK;TASK000013632052;Priority 3;OK
DBA;812;DBA;SR;OK;TASK000013632195;Priority 3;OK
FUN;DCF;SEC;SR;OK;TASK000013632228;Priority 3;OK
L1;BWI;L1 ;SR;OK;TASK000013632322;Priority 4;OK
SEC;812;SEC;SR;OK;TASK000013632672;Priority 3;OK
SEC;812;SEC;SR;OK;TASK000013632886;Priority 3;OK
CNC;812;CNC;SR;OK;TASK000013632891;Priority 3;OK
DBA;812;DBA;SR;OK;TASK000013633209;Priority 3;OK
CNC;812;CNC;SR;OK;TASK000013633277;Priority 3;OK
SEC;WS;SEC;SR;Defect;TASK000013633317;Priority 3;OK
DBA;812;DBA;SR;OK;TASK000013633416;Priority 3;OK
SEC;WS;SEC;SR;OK;TASK000013633444;Priority 3;OK
SEC;DPY;SEC;SR;OK;TASK000013633758;Priority 3;OK
OPS;WS;OPS;SR;OK;TASK000013633977;Priority 4;OK
CNC;LFS;CNC;SR;OK;TASK000013634014;Priority 3;OK
L1;812;MON;SR;OK;TASK000013634171;Priority 4;OK
SEC;BWI;SEC;SR;OK;TASK000013634195;Priority 4;OK
SEC;WS;SEC;SR;OK;TASK000013634245;Priority 3;OK
CNC;DPY;CNC;SR;OK;TASK000013634306;Priority 3;OK
SEC;ETH;SEC;SR;OK;TASK000013634532;Priority 3;OK
DBA;812;DBA;SR;OK;TASK000013634680;Priority 3;OK
APS;ETH;APS;SR;OK;TASK000013634826;Priority 3;OK
SEC;EES;SEC;SR;Defect;TASK000013634932;Priority 3;OK
SEC;WS;SEC;SR;OK;TASK000013634945;Priority 3;OK
SEC;WS;SEC;SR;OK;TASK000013635113;Priority 3;OK
SEC;MNT;SEC;SR;OK;TASK000013635814;Priority 3;OK
SEC;EMS;SEC;SR;OK;TASK000013636459;Priority 3;OK
L1;812;MON;SR;OK;TASK000013636789;Priority 4;OK
APS;ETH;APS;SR;OK;TASK000013637034;Priority 3;OK
DBA;812;DBA;SR;OK;TASK000013637388;Priority 3;OK
DBA;812;DBA;SR;OK;TASK000013637644;Priority 3;OK
FUN;DCF;SEC;SR;OK;TASK000013637705;Priority 3;OK
FUN;DCF;SEC;SR;OK;TASK000013637897;Priority 3;OK
SEC;WS;SEC;SR;OK;TASK000013637931;Priority 3;OK
APS;ETH;APS;SR;OK;TASK000013638009;Priority 3;OK
SEC;BWI;SEC;SR;OK;TASK000013638236;Priority 4;OK
SEC;WS;SEC;SR;OK;TASK000013638510;Priority 3;OK
SEC;BWI;SEC;SR;OK;TASK000013638514;Priority 4;OK
SEC;BWI;SEC;SR;OK;TASK000013638626;Priority 4;OK
SCH;812;SCH;SR;OK;TASK000013638958;Priority 3;OK
SEC;DXE;SEC;SR;OK;TASK000013639575;Priority 3;OK
APS;ETH;APS;SR;OK;TASK000013640802;Priority 4;OK
L1;812;MON;SR;OK;TASK000013640958;Priority 4;OK
FUN;812;FUN;SR;OK;TASK000013641554;Priority 4;OK
FUN;812;FUN;SR;Defect;TASK000013641688;Priority 4;OK
L1;812;MON;SR;OK;TASK000013641806;Priority 4;OK
L1;BWI;L1 ;SR;OK;TASK000013641920;Priority 4;OK
SEC;BWI;SEC;SR;OK;TASK000013642098;Priority 4;OK
L1;812;MON;SR;OK;TASK000013642292;Priority 4;OK
L1;BWI;L1 ;SR;OK;TASK000013643158;Priority 4;OK
SEC;BWI;SEC;SR;OK;TASK000013643525;Priority 4;OK
L1;812;MON;SR;OK;TASK000013644702;Priority 4;OK
L1;DPY;MON;SR;OK;TASK000013645135;Priority 4;OK
SEC;BWI;SEC;SR;OK;TASK000013646129;Priority 4;OK
FUN;812;FUN;SR;Defect;TASK000013647151;Priority 4;OK
SEC;BWI;SEC;SR;OK;TASK000013647474;Priority 4;OK
L1;BWI;L1 ;SR;OK;TASK000013647701;Priority 4;OK
FUN;812;FUN;SR;OK;TASK000013650080;Priority 4;OK
SEC;BWI;SEC;SR;OK;TASK000013651738;Priority 4;OK
APS;EES;APS;SR;OK;TASK000013652489;Priority 4;OK
FUN;EES;FUN;SR;OK;TASK000013655004;Priority 4;OK
FUN;812;FUN;SR;OK;TASK000013655710;Priority 4;OK
FUN;812;FUN;SR;OK;TASK000013655886;Priority 4;OK
FUN;812;FUN;SR;OK;TASK000013656860;Priority 4;OK
SEC;SYN;SEC;SR;OK;TASK000013660005;Priority 4;OK
DBA;812;DBA;SR;OK;TASK000013663110;Priority 3;OK
SEC;EDS;SEC;SR;OK;TASK000013663198;Priority 3;OK
SEC;812;SEC;SR;OK;TASK000013663242;Priority 3;OK
DBA;812;DBA;SR;OK;TASK000013663286;Priority 3;OK
SEC;812;SEC;SR;OK;TASK000013663450;Priority 3;OK
APS;ETH;APS;SR;OK;TASK000013663700;Priority 3;OK
FUN;COR;FUN;SR;OK;TASK000013663765;Priority 3;OK
APS;ETH;APS;SR;OK;TASK000013664070;Priority 3;OK
APS;ETH;APS;SR;OK;TASK000013664100;Priority 3;OK
APS;ETH;APS;SR;OK;TASK000013664184;Priority 3;OK
SEC;ETH;SEC;SR;OK;TASK000013664196;Priority 3;OK
SEC;812;SEC;SR;OK;TASK000013664406;Priority 3;OK
SEC;LAT;SEC;SR;OK;TASK000013664634;Priority 4;OK
CNC;812;CNC;SR;OK;TASK000013664709;Priority 3;OK
SEC;SYN;SEC;SR;OK;TASK000013664890;Priority 3;OK
CNC;812;CNC;SR;OK;TASK000013664911;Priority 3;OK
L1;BWI;L1 ;SR;OK;TASK000013665040;Priority 3;OK
SEC;SYN;SEC;SR;OK;TASK000013665114;Priority 3;OK
SEC;MNT;SEC;SR;OK;TASK000013665294;Priority 3;OK
SEC;SYN;SEC;SR;OK;TASK000013665304;Priority 3;OK
APS;ETH;APS;SR;OK;TASK000013665355;Priority 4;OK
SEC;MNT;SEC;SR;OK;TASK000013665647;Priority 3;OK
L1;812;MON;SR;OK;TASK000013665884;Priority 3;OK
SEC;DCF;SEC;SR;Defect;TASK000013666101;Priority 3;OK
SEC;BWI;SEC;SR;OK;TASK000013666145;Priority 4;OK
L1;BWI;L1 ;SR;OK;TASK000013666235;Priority 4;OK
DBA;812;DBA;SR;OK;TASK000013666580;Priority 3;OK
APS;ETH;APS;SR;OK;TASK000013666685;Priority 4;OK
SEC;812;SEC;SR;OK;TASK000013666687;Priority 3;OK
FUN;812;FUN;SR;OK;TASK000013666748;Priority 4;OK
FUN;812;FUN;SR;OK;TASK000013667113;Priority 3;OK
APS;ETH;APS;SR;OK;TASK000013667374;Priority 3;OK
SEC;812;SEC;SR;OK;TASK000013667375;Priority 3;OK
L1;812;MON;SR;OK;TASK000013667381;Priority 4;OK
SEC;812;SEC;SR;OK;TASK000013667391;Priority 3;OK
SEC;BWI;SEC;SR;OK;TASK000013667657;Priority 4;OK
L1;812;MON;SR;OK;TASK000013667675;Priority 3;OK
L1;812;MON;SR;OK;TASK000013667735;Priority 3;OK
FUN;DCF;SEC;SR;OK;TASK000013667924;Priority 3;OK
FUN;ETH;FUN;SR;OK;TASK000013668066;Priority 3;OK
SEC;812;SEC;SR;OK;TASK000013668300;Priority 3;OK
SEC;EDS;SEC;SR;OK;TASK000013668322;Priority 3;OK
L1;BWI;L1 ;SR;OK;TASK000013668539;Priority 3;OK
CNC;812;CNC;SR;OK;TASK000013668559;Priority 3;OK
DCF;DCF;FUN;SR;OK;TASK000013668685;Priority 3;OK
SEC;SYN;SEC;SR;OK;TASK000013668894;Priority 3;OK
0;ETH;FUN;SR;OK;TASK000013669028;Priority 3;OK
L1;ETH;CNC;SR;OK;TASK000013669353;Priority 3;OK
APS;ETH;APS;SR;OK;TASK000013669509;Priority 3;OK
L1;ETH;CNC;SR;OK;TASK000013669649;Priority 3;OK
SEC;ETH;SEC;SR;OK;TASK000013669675;Priority 3;OK
L1;ETH;CNC;SR;OK;TASK000013669726;Priority 3;OK
L1;MNT;MON;SR;OK;TASK000013669835;Priority 3;OK
SEC;EMS;SEC;SR;OK;TASK000013670285;Priority 3;OK
CNC;DPY;CNC;SR;OK;TASK000013670506;Priority 3;OK
CNC;LAT;CNC;SR;OK;TASK000013670510;Priority 3;OK
FUN;COR;FUN;SR;OK;TASK000013671286;Priority 3;OK
FUN;812;FUN;SR;OK;TASK000013671381;Priority 4;OK
FUN;812;FUN;SR;OK;TASK000013671391;Priority 4;OK
DBA;812;DBA;SR;OK;TASK000013671521;Priority 3;OK
DBA;812;DBA;SR;OK;TASK000013671634;Priority 3;OK
APS;ETH;APS;SR;OK;TASK000013672568;Priority 3;OK
APS;EES;APS;SR;OK;TASK000013672704;Priority 4;OK
CNC;812;CNC;SR;OK;TASK000013672783;Priority 3;OK
APS;ETH;APS;SR;OK;TASK000013672796;Priority 3;OK
APS;ETH;APS;SR;OK;TASK000013672803;Priority 3;OK
SEC;SYN;SEC;SR;OK;TASK000013672916;Priority 3;OK
SEC;SYN;SEC;SR;OK;TASK000013672919;Priority 3;OK
FUN;COR;FUN;SR;OK;TASK000013673071;Priority 4;OK
L1;BWI;L1 ;SR;OK;TASK000013673247;Priority 3;OK
SEC;812;SEC;SR;OK;TASK000013673411;Priority 3;OK
CNC;ETH;CNC;SR;OK;TASK000013673414;Priority 3;OK
SCH;812;SCH;SR;OK;TASK000013673415;Priority 3;OK
SEC;SYN;SEC;SR;OK;TASK000013673448;Priority 3;OK
SEC;EMS;SEC;SR;OK;TASK000013673467;Priority 3;OK
SEC;ETH;SEC;SR;OK;TASK000013673697;Priority 3;OK
SEC;DPY;SEC;SR;OK;TASK000013673723;Priority 3;OK
FUN;812;FUN;SR;Defect;TASK000013673755;Priority 3;OK
SEC;ETH;SEC;SR;OK;TASK000013673810;Priority 3;OK
SEC;812;SEC;SR;OK;TASK000013673897;Priority 3;OK
SEC;SYN;SEC;SR;OK;TASK000013674031;Priority 3;OK
SEC;BWI;SEC;SR;OK;TASK000013674142;Priority 4;OK
SEC;SYN;SEC;SR;OK;TASK000013674179;Priority 3;OK
SEC;SYN;SEC;SR;OK;TASK000013674194;Priority 3;OK
APS;ETH;APS;SR;OK;TASK000013674199;Priority 4;OK
SEC;SYN;SEC;SR;OK;TASK000013674255;Priority 3;OK
APS;ETH;APS;SR;OK;TASK000013674346;Priority 3;OK
L1;BWI;L1 ;SR;OK;TASK000013674531;Priority 3;OK
L1;BWI;L1 ;SR;OK;TASK000013674655;Priority 3;OK
L1;BWI;L1 ;SR;OK;TASK000013674667;Priority 3;OK
L1;BWI;L1 ;SR;OK;TASK000013674681;Priority 3;OK
L1;BWI;L1 ;SR;OK;TASK000013674688;Priority 3;OK
L1;BWI;L1 ;SR;OK;TASK000013674709;Priority 3;OK
L1;BWI;L1 ;SR;OK;TASK000013674715;Priority 4;OK
L1;BWI;L1 ;SR;OK;TASK000013674717;Priority 3;OK
L1;BWI;L1 ;SR;OK;TASK000013674719;Priority 4;OK
L1;BWI;L1 ;SR;OK;TASK000013674723;Priority 4;OK
L1;BWI;L1 ;SR;OK;TASK000013674731;Priority 4;OK
L1;BWI;L1 ;SR;OK;TASK000013674746;Priority 4;OK
APS;ETH;APS;SR;OK;TASK000013674774;Priority 3;OK
SEC;ETH;SEC;SR;OK;TASK000013675901;Priority 3;OK
DBA;812;DBA;SR;OK;TASK000013676123;Priority 3;OK
SEC;812;SEC;SR;OK;TASK000013676198;Priority 3;OK
L1;812;MON;SR;OK;TASK000013676286;Priority 3;OK
SEC;812;SEC;SR;OK;TASK000013676437;Priority 3;OK
SEC;812;SEC;SR;OK;TASK000013676705;Priority 3;OK
SEC;812;SEC;SR;OK;TASK000013676772;Priority 3;OK
CNC;812;CNC;SR;OK;TASK000013676865;Priority 3;OK
SEC;812;SEC;SR;OK;TASK000013676991;Priority 3;OK
SEC;812;SEC;SR;OK;TASK000013677262;Priority 3;OK
SEC;SYN;SEC;SR;OK;TASK000013677431;Priority 3;OK
FUN;DXE;FUN;SR;OK;TASK000013677563;Priority 4;OK
FUN;DXE;FUN;SR;OK;TASK000013677680;Priority 3;OK
FUN;DXE;FUN;SR;OK;TASK000013677737;Priority 3;OK
SEC;BWI;SEC;SR;OK;TASK000013677832;Priority 4;OK
FUN;DXE;FUN;SR;OK;TASK000013677922;Priority 4;OK
DBA;812;SEC;SR;OK;TASK000013678076;Priority 3;OK
SCH;812;SCH;SR;OK;TASK000013678280;Priority 3;OK
SEC;LAT;SEC;SR;OK;TASK000013678391;Priority 3;OK
FIN;DCF;FUN;SR;OK;TASK000013678549;Priority 3;OK
SEC;812;SEC;SR;OK;TASK000013678636;Priority 3;OK
SEC;MNT;SEC;SR;OK;TASK000013678654;Priority 3;OK
L1;BWI;L1 ;SR;OK;TASK000013678664;Priority 3;OK
FUN;812;FUN;SR;OK;TASK000013678690;Priority 4;OK
SEC;SYN;SEC;SR;OK;TASK000013678933;Priority 3;OK
SEC;SYN;SEC;SR;OK;TASK000013678941;Priority 3;OK
SEC;BWI;SEC;SR;OK;TASK000013678953;Priority 4;OK
SEC;ETH;SEC;SR;OK;TASK000013679414;Priority 3;OK
L1;BWI;L1 ;SR;OK;TASK000013679879;Priority 3;OK
SEC;ETH;SEC;SR;OK;TASK000013680061;Priority 3;OK
SEC;ETH;SEC;SR;OK;TASK000013680236;Priority 3;OK
FUN;COR;FUN;SR;OK;TASK000013680642;Priority 3;OK
SEC;812;SEC;SR;OK;TASK000013680807;Priority 3;OK
APS;ETH;APS;SR;OK;TASK000013681064;Priority 3;OK
SCH;812;SCH;SR;OK;TASK000013681182;Priority 3;OK
SEC;812;SEC;SR;OK;TASK000013681354;Priority 3;OK
SEC;BWI;SEC;SR;OK;TASK000013681475;Priority 4;OK
FUN;812;FUN;SR;OK;TASK000013681645;Priority 4;OK
CNC;BWI;CNC;SR;OK;TASK000013681665;Priority 3;OK
DBA;812;DBA;SR;OK;TASK000013681707;Priority 3;OK
DBA;812;DBA;SR;OK;TASK000013681731;Priority 3;OK
SEC;SYN;SEC;SR;OK;TASK000013681887;Priority 3;OK
APS;ETH;APS;SR;OK;TASK000013682052;Priority 3;OK
L1;812;MON;SR;OK;TASK000013682287;Priority 4;OK
SEC;812;SEC;SR;OK;TASK000013682381;Priority 3;OK
SEC;DCF;SEC;SR;Defect;TASK000013682420;Priority 3;OK
SEC;812;SEC;SR;OK;TASK000013682454;Priority 3;OK
SEC;812;SEC;SR;OK;TASK000013682463;Priority 3;OK
SEC;DCF;SEC;SR;OK;TASK000013682492;Priority 3;OK
SEC;812;SEC;SR;OK;TASK000013682558;Priority 3;OK
CNC;812;CNC;SR;OK;TASK000013682592;Priority 3;OK
SEC;SYN;SEC;SR;OK;TASK000013682656;Priority 3;OK
DBA;812;DBA;SR;OK;TASK000013682919;Priority 3;OK
L1;BWI;L1 ;SR;OK;TASK000013682983;Priority 3;OK
SEC;SYN;SEC;SR;OK;TASK000013683225;Priority 3;OK
SEC;SYN;SEC;SR;OK;TASK000013683308;Priority 3;OK
SEC;DPY;SEC;SR;OK;TASK000013683900;Priority 4;OK
SEC;BWI;SEC;SR;OK;TASK000013683969;Priority 4;OK
SEC;BWI;SEC;SR;OK;TASK000013684288;Priority 4;OK
SCH;LAT;SCH;SR;OK;TASK000013684318;Priority 3;OK
L1;BWI;L1 ;SR;OK;TASK000013684472;Priority 4;OK
L1;BWI;L1 ;SR;OK;TASK000013684566;Priority 3;OK
L1;BWI;L1 ;SR;OK;TASK000013684568;Priority 3;OK
L1;BWI;L1 ;SR;OK;TASK000013684571;Priority 3;OK
L1;ETH;CNC;SR;OK;TASK000013684617;Priority 3;OK
SEC;MNT;SEC;SR;OK;TASK000013684831;Priority 3;OK
FUN;DCF;FUN;SR;OK;TASK000013685435;Priority 3;OK
SEC;812;SEC;SR;OK;TASK000013685881;Priority 3;OK
SEC;812;SEC;SR;OK;TASK000013686150;Priority 3;OK
DBA;812;DBA;SR;OK;TASK000013686543;Priority 3;OK
DBA;812;DBA;SR;OK;TASK000013686549;Priority 3;OK
SEC;SYN;SEC;SR;OK;TASK000013686675;Priority 3;OK
SEC;ETH;SEC;SR;OK;TASK000013687081;Priority 3;OK
SEC;BWI;SEC;SR;OK;TASK000013687168;Priority 4;OK
SEC;812;SEC;SR;OK;TASK000013687277;Priority 3;OK
SEC;SYN;SEC;SR;OK;TASK000013687429;Priority 3;OK
SEC;DPY;SEC;SR;OK;TASK000013687515;Priority 3;OK
CNC;ETH;CNC;SR;OK;TASK000013687770;Priority 3;OK
SEC;BWI;SEC;SR;OK;TASK000013688057;Priority 4;OK
FUN;ETH;FUN;SR;OK;TASK000013688120;Priority 3;OK
APS;EES;APS;SR;OK;TASK000013688160;Priority 3;OK
FUN;812;FUN;SR;OK;TASK000013688247;Priority 3;OK
APS;ETH;APS;SR;OK;TASK000013688528;Priority 3;OK
L1;BWI;L1 ;SR;OK;TASK000013688557;Priority 4;OK
DBA;812;DBA;SR;OK;TASK000013688565;Priority 3;OK
0;SYN;SEC;SR;OK;TASK000013688642;Priority 3;OK
SEC;MNT;SEC;SR;OK;TASK000013689097;Priority 3;OK
SEC;EMS;SEC;SR;OK;TASK000013689476;Priority 3;OK
L1;BWI;L1 ;SR;OK;TASK000013689567;Priority 3;OK
L1;BWI;L1 ;SR;OK;TASK000013689655;Priority 4;OK
SEC;MNT;SEC;SR;OK;TASK000013689776;Priority 3;OK
L1;812;MON;SR;OK;TASK000013690289;Priority 4;OK
SEC;DXE;SEC;SR;OK;TASK000013690692;Priority 3;OK
L1;812;MON;SR;OK;TASK000013690777;Priority 4;OK
SEC;812;SEC;SR;OK;TASK000013690816;Priority 3;OK
SEC;EMS;SEC;SR;OK;TASK000013690922;Priority 3;OK
CNC;DPY;CNC;SR;OK;TASK000013691231;Priority 3;OK
CNC;812;CNC;SR;OK;TASK000013691400;Priority 3;OK
SEC;BWI;SEC;SR;OK;TASK000013691450;Priority 4;OK
SEC;DPY;SEC;SR;OK;TASK000013691541;Priority 3;OK
SEC;BWI;SEC;SR;OK;TASK000013691662;Priority 4;OK
SEC;SYN;SEC;SR;OK;TASK000013691691;Priority 3;OK
FUN;WS;FUN;SR;OK;TASK000013691730;Priority 4;OK
SEC;SYN;SEC;SR;OK;TASK000013691808;Priority 3;OK
APS;ETH;APS;SR;OK;TASK000013692029;Priority 4;OK
L1;812;MON;SR;OK;TASK000013692168;Priority 3;OK
SEC;ETH;SEC;SR;Defect;TASK000013692237;Priority 3;OK
CNC;DCF;CNC;SR;Defect;TASK000013692417;Priority 3;OK
SEC;BWI;SEC;SR;OK;TASK000013692437;Priority 4;OK
CNC;ETH;CNC;SR;OK;TASK000013692641;Priority 3;OK
SEC;BWI;SEC;SR;OK;TASK000013692818;Priority 4;OK
APS;ETH;APS;SR;OK;TASK000013693170;Priority 3;OK
CNC;BWI;CNC;SR;OK;TASK000013693329;Priority 3;OK
L1;BWI;L1 ;SR;OK;TASK000013693344;Priority 3;OK
SEC;812;SEC;SR;OK;TASK000013694973;Priority 3;OK
FIN;DCF;FUN;SR;OK;TASK000013695014;Priority 3;OK
L1;812;MON;SR;OK;TASK000013695224;Priority 3;OK
SEC;812;SEC;SR;OK;TASK000013695313;Priority 3;OK
SEC;812;SEC;SR;OK;TASK000013695540;Priority 3;OK
SEC;812;SEC;SR;OK;TASK000013695548;Priority 3;OK
FUN;COR;FUN;SR;OK;TASK000013695652;Priority 3;OK
FUN;812;FUN;SR;OK;TASK000013695661;Priority 3;OK
FUN;812;FUN;SR;OK;TASK000013695663;Priority 4;OK
DBA;812;DBA;SR;OK;TASK000013695961;Priority 3;OK
L1;812;MON;SR;OK;TASK000013695975;Priority 3;OK
FUN;DCF;SEC;SR;OK;TASK000013695990;Priority 3;OK
L1;BWI;L1 ;SR;OK;TASK000013696075;Priority 3;OK
SEC;812;SEC;SR;OK;TASK000013696127;Priority 3;OK
SEC;812;SEC;SR;OK;TASK000013696167;Priority 3;OK
SEC;812;SEC;SR;OK;TASK000013696170;Priority 3;OK
SEC;DPY;SEC;SR;OK;TASK000013696207;Priority 4;OK
L1;812;MON;SR;OK;TASK000013696356;Priority 3;OK
SCH;812;SCH;SR;OK;TASK000013696432;Priority 3;OK
L1;BWI;L1 ;SR;OK;TASK000013696436;Priority 3;OK
SEC;DXE;SEC;SR;OK;TASK000013696558;Priority 3;OK
SEC;812;SEC;SR;OK;TASK000013696587;Priority 3;OK
CNC;812;CNC;SR;OK;TASK000013696608;Priority 3;OK
DBA;812;DBA;SR;OK;TASK000013696616;Priority 3;OK
DBA;812;DBA;SR;OK;TASK000013696625;Priority 3;OK
DBA;812;DBA;SR;OK;TASK000013696636;Priority 3;OK
DBA;812;DBA;SR;OK;TASK000013696637;Priority 3;OK
CNC;812;CNC;SR;OK;TASK000013696676;Priority 3;OK
SEC;DCF;SEC;SR;Defect;TASK000013696707;Priority 3;OK
SEC;DXE;SEC;SR;OK;TASK000013696725;Priority 3;OK
CNC;812;CNC;SR;OK;TASK000013696796;Priority 3;OK
SEC;BWI;SEC;SR;OK;TASK000013696922;Priority 4;OK
CNC;ETH;CNC;SR;OK;TASK000013696956;Priority 3;OK
SEC;BWI;SEC;SR;OK;TASK000013696980;Priority 4;OK
SEC;BWI;SEC;SR;OK;TASK000013697052;Priority 4;OK
SEC;SYN;SEC;SR;OK;TASK000013697635;Priority 3;OK
DBA;812;DBA;SR;OK;TASK000013697792;Priority 3;OK
SEC;EMS;SEC;SR;OK;TASK000013697807;Priority 3;OK
SEC;SYN;SEC;SR;OK;TASK000013697814;Priority 3;OK
SEC;SYN;SEC;SR;OK;TASK000013697823;Priority 3;OK
SEC;BWI;SEC;SR;OK;TASK000013697985;Priority 4;OK
FUN;DCF;FUN;SR;OK;TASK000013697990;Priority 3;OK
FUN;WS;FUN;SR;OK;TASK000013698109;Priority 4;OK
SEC;SYN;SEC;SR;OK;TASK000013698315;Priority 3;OK
APS;ETH;APS;SR;OK;TASK000013699595;Priority 3;OK
0;SYN;SEC;SR;OK;TASK000013699706;Priority 3;OK
0;SYN;SEC;SR;OK;TASK000013699724;Priority 3;OK
L1;BWI;L1 ;SR;OK;TASK000013699926;Priority 4;OK
APS;ETH;APS;SR;OK;TASK000013699938;Priority 3;OK
SEC;812;SEC;SR;OK;TASK000013700032;Priority 3;OK
FUN;WS;FUN;SR;OK;TASK000013700085;Priority 3;OK
SEC;812;SEC;SR;OK;TASK000013700219;Priority 3;OK
SEC;BWI;SEC;SR;OK;TASK000013700906;Priority 4;OK
L1;BWI;L1 ;SR;OK;TASK000013701076;Priority 3;OK
SEC;ETH;SEC;SR;OK;TASK000013701756;Priority 3;OK
L1;812;MON;SR;OK;TASK000013702327;Priority 3;OK
SEC;ETH;SEC;SR;OK;TASK000013702633;Priority 3;OK
L1;812;MON;SR;OK;TASK000013702713;Priority 3;OK
L1;812;MON;SR;OK;TASK000013702728;Priority 3;OK
SEC;DXE;SEC;SR;OK;TASK000013702791;Priority 3;OK
SEC;DXE;SEC;SR;OK;TASK000013702821;Priority 3;OK
CNC;812;CNC;SR;OK;TASK000013702822;Priority 3;OK
SEC;MNT;SEC;SR;OK;TASK000013703428;Priority 3;OK
CNC;DPY;CNC;SR;OK;TASK000013703578;Priority 3;OK
SEC;812;SEC;SR;OK;TASK000013703748;Priority 3;OK
APS;ETH;APS;SR;OK;TASK000013703816;Priority 3;OK
L1;812;MON;SR;OK;TASK000013703885;Priority 4;OK
SEC;812;SEC;SR;OK;TASK000013703893;Priority 3;OK
DBA;812;DBA;SR;OK;TASK000013703980;Priority 3;OK
APS;ETH;APS;SR;OK;TASK000013704070;Priority 3;OK
CNC;812;CNC;SR;OK;TASK000013704076;Priority 3;OK
FIN;812;INS;SR;OK;TASK000013704110;Priority 4;OK
FIN;812;INS;SR;OK;TASK000013704123;Priority 4;OK
FUN;WS;FUN;SR;OK;TASK000013704348;Priority 4;OK
APS;ETH;APS;SR;OK;TASK000013704567;Priority 3;OK
SEC;812;SEC;SR;OK;TASK000013704592;Priority 3;OK
APS;ETH;APS;SR;OK;TASK000013704640;Priority 3;OK
SEC;812;SEC;SR;OK;TASK000013704744;Priority 3;OK
L1;CRD;MON;SR;OK;TASK000013704783;Priority 3;OK
SEC;SYN;SEC;SR;OK;TASK000013704875;Priority 3;OK
SEC;DXE;SEC;SR;OK;TASK000013705035;Priority 3;OK
SEC;DXE;SEC;SR;OK;TASK000013705059;Priority 3;OK
APS;EES;APS;SR;OK;TASK000013705138;Priority 4;OK
L1;BWI;L1 ;SR;OK;TASK000013705380;Priority 4;OK
SEC;BWI;SEC;SR;OK;TASK000013705796;Priority 4;OK
APS;EES;APS;SR;OK;TASK000013705797;Priority 3;OK
APS;ETH;APS;SR;OK;TASK000013706149;Priority 3;OK
APS;ETH;APS;SR;OK;TASK000013706150;Priority 3;OK
SCH;LAT;SCH;SR;OK;TASK000013706264;Priority 3;OK
SEC;DXE;SEC;SR;OK;TASK000013706326;Priority 3;OK
APS;ETH;APS;SR;OK;TASK000013706349;Priority 3;OK
SEC;MNT;SEC;SR;OK;TASK000013706558;Priority 3;OK
CNC;ETH;CNC;SR;OK;TASK000013706703;Priority 3;OK
APS;ETH;APS;SR;OK;TASK000013706806;Priority 4;OK
SEC;BWI;SEC;SR;OK;TASK000013706983;Priority 4;OK
SEC;DCF;SEC;SR;OK;TASK000013707063;Priority 3;OK
SEC;DXE;SEC;SR;OK;TASK000013707436;Priority 3;OK
APS;DCF;APS;SR;OK;TASK000013707615;Priority 3;OK
L1;812;MON;SR;OK;TASK000013707703;Priority 3;OK
SEC;DXE;SEC;SR;OK;TASK000013707706;Priority 3;OK
L1;812;MON;SR;OK;TASK000013707714;Priority 3;OK
SEC;DXE;SEC;SR;OK;TASK000013707715;Priority 3;OK
SEC;DXE;SEC;SR;OK;TASK000013707740;Priority 3;OK
SEC;812;SEC;SR;OK;TASK000013707982;Priority 3;OK
DBA;812;DBA;SR;OK;TASK000013708119;Priority 3;OK
L1;812;MON;SR;OK;TASK000013708349;Priority 4;OK
DBA;812;DBA;SR;OK;TASK000013708386;Priority 3;OK
0;SYN;SEC;SR;OK;TASK000013708781;Priority 3;OK
SEC;SYN;SEC;SR;OK;TASK000013709130;Priority 3;OK
SEC;ETH;SEC;SR;OK;TASK000013709244;Priority 3;OK
SEC;SYN;SEC;SR;OK;TASK000013709393;Priority 3;OK
SEC;BWI;SEC;SR;OK;TASK000013709607;Priority 4;OK
SEC;DXE;SEC;SR;OK;TASK000013710183;Priority 3;OK
SEC;SYN;SEC;SR;OK;TASK000013710527;Priority 3;OK
SEC;BWI;SEC;SR;OK;TASK000013710995;Priority 4;OK
L1;BWI;L1 ;SR;OK;TASK000013711691;Priority 3;OK
L1;BWI;L1 ;SR;OK;TASK000013711729;Priority 3;OK
L1;DCF;CNC;SR;OK;TASK000013711770;Priority 3;OK
SEC;812;SEC;SR;OK;TASK000013712469;Priority 3;OK
OPS;WS;OPS;SR;OK;TASK000013712508;Priority 3;OK
SEC;812;SEC;SR;OK;TASK000013712525;Priority 3;OK
FUN;WS;FUN;SR;OK;TASK000013712790;Priority 4;OK
SEC;SYN;SEC;SR;OK;TASK000013713293;Priority 3;OK
SEC;812;SEC;SR;OK;TASK000013713401;Priority 3;OK
SEC;BWI;SEC;SR;OK;TASK000013713450;Priority 4;OK
SEC;SYN;SEC;SR;OK;TASK000013713545;Priority 3;OK
APS;EES;APS;SR;OK;TASK000013713566;Priority 4;OK
APS;EES;APS;SR;OK;TASK000013713641;Priority 4;OK
SEC;SYN;SEC;SR;OK;TASK000013713652;Priority 3;OK
DBA;812;DBA;SR;OK;TASK000013713657;Priority 3;OK
SEC;812;SEC;SR;OK;TASK000013713717;Priority 3;OK
CNC;ETH;CNC;SR;OK;TASK000013713723;Priority 3;OK
SEC;BWI;SEC;SR;OK;TASK000013713753;Priority 4;OK
CNC;812;CNC;SR;OK;TASK000013713948;Priority 3;OK
APS;EES;APS;SR;OK;TASK000013714011;Priority 3;OK
SEC;SYN;SEC;SR;OK;TASK000013714298;Priority 3;OK
L1;BWI;L1 ;SR;OK;TASK000013714506;Priority 3;OK
SCH;812;SCH;SR;OK;TASK000013714791;Priority 3;OK
CNC;812;CNC;SR;OK;TASK000013714834;Priority 3;OK
CNC;812;CNC;SR;OK;TASK000013714835;Priority 3;OK
L1;812;MON;SR;OK;TASK000013714949;Priority 3;OK
APS;ETH;APS;SR;OK;TASK000013714974;Priority 3;OK
SEC;CAN;SEC;SR;OK;TASK000013715209;Priority 3;OK
APS;ETH;APS;SR;OK;TASK000013715641;Priority 3;OK
CNC;BWI;CNC;SR;OK;TASK000013715800;Priority 3;OK
CNC;EES;CNC;SR;OK;TASK000013716274;Priority 3;OK
CNC;DCF;CNC;SR;OK;TASK000013716733;Priority 3;OK
APS;ETH;APS;SR;OK;TASK000013716917;Priority 3;OK
SEC;812;SEC;SR;OK;TASK000013717257;Priority 3;OK
L1;812;MON;SR;OK;TASK000013717552;Priority 4;OK
CNC;DCF;CNC;SR;OK;TASK000013717755;Priority 3;OK
SEC;812;SEC;SR;OK;TASK000013717827;Priority 3;OK
DBA;812;DBA;SR;OK;TASK000013717884;Priority 3;OK
SEC;812;SEC;SR;OK;TASK000013717968;Priority 3;OK
SEC;EDS;SEC;SR;OK;TASK000013718012;Priority 3;OK
SEC;812;SEC;SR;OK;TASK000013718052;Priority 3;OK
APS;EES;APS;SR;OK;TASK000013718055;Priority 4;OK
SEC;MNT;SEC;SR;OK;TASK000013718160;Priority 3;OK
SEC;EMS;SEC;SR;OK;TASK000013718631;Priority 3;OK
CNC;812;CNC;SR;OK;TASK000013718753;Priority 3;OK
SEC;DCF;SEC;SR;OK;TASK000013718824;Priority 3;OK
DBA;812;DBA;SR;OK;TASK000013718972;Priority 3;OK
SEC;812;SEC;SR;OK;TASK000013719396;Priority 3;OK
SEC;812;SEC;SR;OK;TASK000013719420;Priority 3;OK
SEC;812;SEC;SR;OK;TASK000013719458;Priority 3;OK
APS;EES;APS;SR;OK;TASK000013719551;Priority 4;OK
0;SYN;SEC;SR;OK;TASK000013719600;Priority 3;OK
CNC;LAT;CNC;SR;OK;TASK000013719752;Priority 3;OK
CNC;812;CNC;SR;OK;TASK000013719886;Priority 3;OK
L1;BWI;L1 ;SR;OK;TASK000013720161;Priority 3;OK
SEC;812;SEC;SR;OK;TASK000013720172;Priority 3;OK
DBA;812;DBA;SR;OK;TASK000013720216;Priority 3;OK
CNC;ETH;CNC;SR;OK;TASK000013720333;Priority 3;OK
CNC;BWI;CNC;SR;OK;TASK000013720548;Priority 3;OK
L1;812;MON;SR;OK;TASK000013721138;Priority 3;OK
APS;ETH;APS;SR;OK;TASK000013721783;Priority 3;OK
SEC;DXE;SEC;SR;OK;TASK000013721868;Priority 3;OK
L1;812;MON;SR;OK;TASK000013721949;Priority 4;OK
L1;812;MON;SR;OK;TASK000013722060;Priority 4;OK
SEC;EDS;SEC;SR;OK;TASK000013722267;Priority 3;OK
APS;EES;APS;SR;OK;TASK000013722441;Priority 4;OK
FUN;COR;FUN;SR;OK;TASK000013722489;Priority 3;OK
SEC;EDS;SEC;SR;OK;TASK000013722519;Priority 3;OK
CNC;812;CNC;SR;OK;TASK000013722676;Priority 3;OK
SEC;812;SEC;SR;OK;TASK000013722848;Priority 3;OK
SEC;SYN;SEC;SR;OK;TASK000013723009;Priority 3;OK
0;ETH;FUN;SR;OK;TASK000013723086;Priority 3;OK
FUN;812;FUN;SR;OK;TASK000013723090;Priority 3;OK
CNC;812;CNC;SR;OK;TASK000013723132;Priority 3;OK
0;SYN;SEC;SR;OK;TASK000013723216;Priority 3;OK
CNC;ETH;CNC;SR;OK;TASK000013723356;Priority 3;OK
SEC;812;SEC;SR;OK;TASK000013723421;Priority 3;OK
SEC;812;SEC;SR;OK;TASK000013723466;Priority 3;OK
0;SYN;SEC;SR;OK;TASK000013723757;Priority 3;OK
CNC;BWI;CNC;SR;OK;TASK000013723900;Priority 3;OK
CNC;812;CNC;SR;OK;TASK000013724059;Priority 3;OK
CNC;ETH;CNC;SR;OK;TASK000013724073;Priority 3;OK
SEC;DPY;SEC;SR;OK;TASK000013724145;Priority 3;OK
0;SYN;SEC;SR;OK;TASK000013724199;Priority 3;OK
SCH;812;SCH;SR;OK;TASK000013724285;Priority 3;OK
CNC;ETH;CNC;SR;OK;TASK000013724596;Priority 3;OK
SEC;SYN;SEC;SR;OK;TASK000013724728;Priority 3;OK
CNC;ETH;CNC;SR;OK;TASK000013724782;Priority 3;OK
L1;BWI;L1 ;SR;OK;TASK000013724944;Priority 3;OK
L1;BWI;L1 ;SR;OK;TASK000013725369;Priority 3;OK
L1;BWI;L1 ;SR;OK;TASK000013725599;Priority 3;OK
SEC;EMS;SEC;SR;OK;TASK000013726348;Priority 3;OK
FUN;DXE;FUN;SR;OK;TASK000013726791;Priority 3;OK
APS;ETH;APS;SR;OK;TASK000013726907;Priority 3;OK
CNC;EES;CNC;SR;OK;TASK000013726910;Priority 3;OK
SEC;812;SEC;SR;OK;TASK000013726936;Priority 3;OK
DBA;812;DBA;SR;OK;TASK000013726955;Priority 3;OK
SEC;DXE;SEC;SR;OK;TASK000013727033;Priority 3;OK
APS;ETH;APS;SR;OK;TASK000013727285;Priority 3;OK
CNC;812;CNC;SR;OK;TASK000013727575;Priority 3;OK
APS;ETH;APS;SR;OK;TASK000013727931;Priority 3;OK
FUN;DCF;SEC;SR;OK;TASK000013728327;Priority 3;OK
SEC;812;SEC;SR;OK;TASK000013728390;Priority 3;OK
CNC;EES;CNC;SR;OK;TASK000013728534;Priority 3;OK
FUN;WS;FUN;SR;OK;TASK000013728567;Priority 3;OK
APS;ETH;APS;SR;OK;TASK000013728575;Priority 3;OK
SEC;BWI;SEC;SR;OK;TASK000013728637;Priority 4;OK
SEC;DCF;SEC;SR;OK;TASK000013728803;Priority 3;OK
L1;812;MON;SR;OK;TASK000013728886;Priority 4;OK
0;SYN;SEC;SR;OK;TASK000013729967;Priority 3;OK
L1;BWI;CNC;SR;OK;TASK000013730471;Priority 3;OK
SEC;812;SEC;SR;OK;TASK000013731318;Priority 3;OK
FUN;812;FUN;SR;OK;TASK000013731443;Priority 4;OK
0;SYN;SEC;SR;OK;TASK000013731802;Priority 3;OK
CNC;ETH;CNC;SR;OK;TASK000013731830;Priority 3;OK
CNC;ETH;CNC;SR;OK;TASK000013732199;Priority 3;OK
SEC;BWI;SEC;SR;OK;TASK000013732247;Priority 4;OK
SEC;BWI;SEC;SR;OK;TASK000013732333;Priority 4;OK
CNC;DCF;CNC;SR;OK;TASK000013732361;Priority 3;OK
DBA;812;DBA;SR;OK;TASK000013732621;Priority 3;OK
CNC;EES;CNC;SR;OK;TASK000013732638;Priority 3;OK
SCH;812;SCH;SR;OK;TASK000013732753;Priority 3;OK
SEC;812;SEC;SR;OK;TASK000013732889;Priority 3;OK
CNC;ETH;CNC;SR;OK;TASK000013733233;Priority 3;OK
APS;ETH;APS;SR;OK;TASK000013733533;Priority 3;OK
APS;ETH;APS;SR;OK;TASK000013733881;Priority 3;OK
CNC;BWI;CNC;SR;OK;TASK000013734069;Priority 3;OK
APS;ETH;APS;SR;OK;TASK000013734219;Priority 4;OK
L1;812;MON;SR;OK;TASK000013735122;Priority 3;OK
SEC;MNT;SEC;SR;OK;TASK000013736145;Priority 3;OK
L1;BWI;L1 ;SR;OK;TASK000013737061;Priority 4;OK
CNC;ETH;CNC;SR;OK;TASK000013738034;Priority 3;OK
CNC;ETH;CNC;SR;OK;TASK000013738035;Priority 3;OK
FUN;DXE;FUN;SR;OK;TASK000013740165;Priority 4;OK
APS;ETH;APS;SR;OK;TASK000013740763;Priority 4;OK
SEC;BWI;SEC;SR;OK;TASK000013740965;Priority 4;OK
APS;EES;APS;SR;OK;TASK000013741483;Priority 4;OK
SEC;BWI;SEC;SR;OK;TASK000013741530;Priority 4;OK
SEC;BWI;SEC;SR;OK;TASK000013741723;Priority 4;OK
FUN;EES;FUN;SR;OK;TASK000013742450;Priority 4;OK
SEC;BWI;SEC;SR;OK;TASK000013742468;Priority 4;OK
SEC;BWI;SEC;SR;OK;TASK000013743542;Priority 4;OK
APS;ETH;APS;SR;OK;TASK000013744040;Priority 4;OK
L1;BWI;L1 ;SR;OK;TASK000013745420;Priority 4;OK
SEC;BWI;SEC;SR;OK;TASK000013747576;Priority 4;OK
APS;ETH;APS;SR;OK;TASK000013747785;Priority 4;OK
APS;EES;APS;SR;OK;TASK000013750133;Priority 4;OK
SEC;BWI;SEC;SR;OK;TASK000013751775;Priority 4;OK
SEC;BWI;SEC;SR;OK;TASK000013751928;Priority 4;OK
FUN;EES;FUN;SR;OK;TASK000013751967;Priority 4;OK
SEC;BWI;SEC;SR;OK;TASK000013752108;Priority 4;OK
APS;EES;APS;SR;OK;TASK000013754909;Priority 4;OK
SEC;BWI;SEC;SR;OK;TASK000013755122;Priority 4;OK
FUN;WS;FUN;SR;OK;TASK000013755556;Priority 4;OK
SEC;BWI;SEC;SR;OK;TASK000013757083;Priority 4;OK
L1;BWI;L1 ;SR;OK;TASK000013757647;Priority 4;OK
FUN;WS;FUN;SR;OK;TASK000013757953;Priority 4;OK
L1;812;MON;SR;OK;TASK000013759338;Priority 4;OK
SEC;BWI;SEC;SR;OK;TASK000013759862;Priority 4;OK
SEC;BWI;SEC;SR;OK;TASK000013760683;Priority 4;OK
SEC;BWI;SEC;SR;OK;TASK000013761653;Priority 4;OK
SEC;812;SEC;SR;OK;TASK000013763217;Priority 3;OK
DBA;812;DBA;SR;OK;TASK000013763256;Priority 3;OK
DBA;812;DBA;SR;OK;TASK000013763319;Priority 3;OK
FUN;DCF;FUN;SR;OK;TASK000013763354;Priority 3;OK
L1;812;MON;SR;OK;TASK000013763472;Priority 4;OK
CNC;812;CNC;SR;OK;TASK000013763748;Priority 3;OK
DBA;812;DBA;SR;OK;TASK000013763790;Priority 3;OK
SEC;812;SEC;SR;OK;TASK000013763870;Priority 3;OK
CNC;EES;CNC;SR;OK;TASK000013764125;Priority 3;OK
CNC;812;CNC;SR;OK;TASK000013764161;Priority 3;OK
CNC;812;CNC;SR;OK;TASK000013764347;Priority 3;OK
APS;ETH;APS;SR;OK;TASK000013764494;Priority 3;OK
SEC;SYN;SEC;SR;OK;TASK000013764507;Priority 3;OK
L1;812;MON;SR;OK;TASK000013764570;Priority 3;OK
SEC;DPY;SEC;SR;OK;TASK000013764638;Priority 3;OK
L1;BWI;L1 ;SR;OK;TASK000013764687;Priority 3;OK
SEC;812;SEC;SR;OK;TASK000013764863;Priority 3;OK
SEC;ETH;SEC;SR;Defect;TASK000013764949;Priority 3;OK
SEC;812;SEC;SR;OK;TASK000013765034;Priority 3;OK
SEC;SYN;SEC;SR;OK;TASK000013765050;Priority 3;OK
SEC;BWI;SEC;SR;OK;TASK000013765059;Priority 4;OK
SEC;812;SEC;SR;OK;TASK000013765262;Priority 3;OK
SEC;812;SEC;SR;OK;TASK000013765280;Priority 3;OK
FUN;ETH;FUN;SR;OK;TASK000013765527;Priority 3;OK
FUN;ETH;FUN;SR;OK;TASK000013765535;Priority 3;OK
SEC;812;SEC;SR;OK;TASK000013765575;Priority 3;OK
CNC;812;CNC;SR;OK;TASK000013765857;Priority 3;OK
SEC;BWI;SEC;SR;OK;TASK000013765905;Priority 4;OK
FUN;812;FUN;SR;OK;TASK000013766008;Priority 4;OK
SEC;BWI;SEC;SR;OK;TASK000013766110;Priority 4;OK
SEC;812;SEC;SR;OK;TASK000013766158;Priority 3;OK
SEC;DPY;SEC;SR;OK;TASK000013766448;Priority 3;OK
SEC;DCF;SEC;SR;OK;TASK000013766493;Priority 3;OK
SEC;SYN;SEC;SR;OK;TASK000013766684;Priority 3;OK
APS;ETH;APS;SR;OK;TASK000013766756;Priority 3;OK
FUN;ETH;FUN;SR;OK;TASK000013766777;Priority 3;OK
SEC;BWI;SEC;SR;OK;TASK000013766874;Priority 4;OK
SEC;MNT;SEC;SR;Defect;TASK000013767148;Priority 4;OK
OPS;EMS;OPS;SR;OK;TASK000013767328;Priority 3;OK
DBA;812;DBA;SR;OK;TASK000013768028;Priority 3;OK
FIN;MNT;FUN;SR;OK;TASK000013768361;Priority 4;OK
SEC;812;SEC;SR;OK;TASK000013768550;Priority 3;OK
FUN;812;FUN;SR;OK;TASK000013768791;Priority 4;OK
APS;ETH;APS;SR;OK;TASK000013768826;Priority 3;OK
SEC;812;SEC;SR;OK;TASK000013769012;Priority 3;OK
FUN;WS;FUN;SR;OK;TASK000013769089;Priority 3;OK
APS;ETH;APS;SR;OK;TASK000013769133;Priority 3;OK
SEC;DCF;SEC;SR;OK;TASK000013769188;Priority 3;OK
SEC;ETH;SEC;SR;OK;TASK000013769248;Priority 3;OK
SCH;812;SCH;SR;OK;TASK000013769349;Priority 3;OK
L1;812;MON;SR;OK;TASK000013769406;Priority 4;OK
DBA;812;DBA;SR;OK;TASK000013769517;Priority 3;OK
APS;ETH;APS;SR;OK;TASK000013769649;Priority 3;OK
SEC;DXE;SEC;SR;OK;TASK000013769758;Priority 3;OK
SEC;BWI;SEC;SR;OK;TASK000013770005;Priority 4;OK
SEC;SYN;SEC;SR;OK;TASK000013770052;Priority 3;OK
APS;ETH;APS;SR;OK;TASK000013770073;Priority 3;OK
APS;ETH;APS;SR;OK;TASK000013770495;Priority 3;OK
SEC;812;SEC;SR;OK;TASK000013770509;Priority 3;OK
CNC;812;CNC;SR;OK;TASK000013770818;Priority 3;OK
L1;BWI;L1 ;SR;OK;TASK000013770822;Priority 3;OK
SEC;MNT;SEC;SR;OK;TASK000013771030;Priority 3;OK
SEC;BWI;SEC;SR;OK;TASK000013771267;Priority 4;OK
SCH;812;SCH;SR;OK;TASK000013771471;Priority 3;OK
FUN;DCF;SEC;SR;Defect;TASK000013771666;Priority 3;OK
FUN;DCF;SEC;SR;Defect;TASK000013771774;Priority 3;OK
L1;BWI;L1 ;SR;OK;TASK000013771825;Priority 4;OK
SEC;BWI;SEC;SR;OK;TASK000013772097;Priority 4;OK
CNC;EES;CNC;SR;OK;TASK000013772743;Priority 3;OK
SEC;812;SEC;SR;OK;TASK000013773248;Priority 3;OK
FUN;EDS;FUN;SR;OK;TASK000013773281;Priority 3;OK
APS;ETH;APS;SR;OK;TASK000013773287;Priority 3;OK
CNC;DPY;CNC;SR;OK;TASK000013773334;Priority 3;OK
DBA;812;DBA;SR;OK;TASK000013773369;Priority 3;OK
SEC;812;SEC;SR;OK;TASK000013773784;Priority 3;OK
APS;ETH;APS;SR;OK;TASK000013773885;Priority 3;OK
APS;EES;APS;SR;OK;TASK000013774039;Priority 4;OK
L1;812;MON;SR;OK;TASK000013774065;Priority 4;OK
SEC;SYN;SEC;SR;Defect;TASK000013774158;Priority 3;OK
SEC;812;SEC;SR;OK;TASK000013774200;Priority 3;OK
FUN;WS;FUN;SR;OK;TASK000013774276;Priority 4;OK
SEC;DXE;SEC;SR;OK;TASK000013774363;Priority 3;OK
SEC;DXE;SEC;SR;OK;TASK000013774395;Priority 3;OK
SEC;812;SEC;SR;OK;TASK000013774412;Priority 3;OK
SEC;BWI;SEC;SR;OK;TASK000013774432;Priority 4;OK
CNC;812;CNC;SR;OK;TASK000013774440;Priority 3;OK
SEC;812;SEC;SR;OK;TASK000013774463;Priority 3;OK
SEC;DPY;SEC;SR;OK;TASK000013774607;Priority 3;OK
APS;EES;APS;SR;OK;TASK000013774647;Priority 4;OK
SEC;BWI;SEC;SR;OK;TASK000013774862;Priority 4;OK
APS;ETH;APS;SR;OK;TASK000013774876;Priority 3;OK
APS;ETH;APS;SR;OK;TASK000013774955;Priority 3;OK
SEC;DCF;SEC;SR;OK;TASK000013775116;Priority 3;OK
FUN;812;FUN;SR;OK;TASK000013775167;Priority 4;OK
DBA;812;DBA;SR;OK;TASK000013775191;Priority 3;OK
SEC;DPY;SEC;SR;OK;TASK000013775437;Priority 3;OK
FUN;ETH;FUN;SR;OK;TASK000013775466;Priority 3;OK
APS;ETH;APS;SR;OK;TASK000013775486;Priority 3;OK
SEC;MNT;SEC;SR;OK;TASK000013775509;Priority 3;OK
L1;BWI;L1 ;SR;OK;TASK000013775511;Priority 4;OK
L1;BWI;L1 ;SR;OK;TASK000013775616;Priority 3;OK
SEC;SYN;SEC;SR;OK;TASK000013775634;Priority 3;OK
SEC;BWI;SEC;SR;OK;TASK000013775664;Priority 4;OK
SEC;BWI;SEC;SR;OK;TASK000013775797;Priority 4;OK
SEC;BWI;SEC;SR;OK;TASK000013775852;Priority 4;OK
SEC;MNT;SEC;SR;Defect;TASK000013775891;Priority 3;OK
OPS;WS;OPS;SR;OK;TASK000013775930;Priority 3;OK
SEC;BWI;SEC;SR;OK;TASK000013775932;Priority 4;OK
SEC;SYN;SEC;SR;Defect;TASK000013776060;Priority 3;OK
SEC;BWI;SEC;SR;OK;TASK000013776348;Priority 4;OK
L1;BWI;L1 ;SR;OK;TASK000013776581;Priority 3;OK
SEC;MNT;SEC;SR;OK;TASK000013776604;Priority 3;OK
SEC;BWI;SEC;SR;OK;TASK000013776813;Priority 4;OK
L1;812;MON;SR;OK;TASK000013777506;Priority 3;OK
SEC;WS;SEC;SR;OK;TASK000013777638;Priority 3;OK
SCH;812;SCH;SR;OK;TASK000013777827;Priority 3;OK
L1;812;MON;SR;OK;TASK000013778165;Priority 3;OK
OPS;EDS;OPS;SR;OK;TASK000013778247;Priority 3;OK
CNC;DCF;CNC;SR;OK;TASK000013778254;Priority 3;OK
SEC;812;SEC;SR;OK;TASK000013778455;Priority 3;OK
SEC;BWI;SEC;SR;OK;TASK000013778656;Priority 4;OK
SEC;812;SEC;SR;OK;TASK000013778675;Priority 3;OK
DBA;812;DBA;SR;OK;TASK000013778923;Priority 3;OK
OPS;EDS;OPS;SR;OK;TASK000013778984;Priority 3;OK
SEC;812;SEC;SR;OK;TASK000013779195;Priority 3;OK
SEC;WS;SEC;SR;OK;TASK000013779635;Priority 3;OK
APS;ETH;APS;SR;OK;TASK000013779926;Priority 3;OK
FUN;812;FUN;SR;OK;TASK000013779955;Priority 3;OK
SEC;BWI;SEC;SR;Defect;TASK000013780104;Priority 4;OK
SEC;SYN;SEC;SR;OK;TASK000013780201;Priority 3;OK
SEC;BWI;SEC;SR;OK;TASK000013780400;Priority 4;OK
FUN;ETH;FUN;SR;OK;TASK000013780554;Priority 3;OK
SEC;BWI;SEC;SR;OK;TASK000013780722;Priority 4;OK
SEC;BWI;SEC;SR;OK;TASK000013780854;Priority 4;OK
FUN;COR;FUN;SR;OK;TASK000013781546;Priority 3;OK
FUN;WS;FUN;SR;OK;TASK000013781756;Priority 4;OK
DBA;812;DBA;SR;OK;TASK000013781826;Priority 3;OK
DBA;812;DBA;SR;OK;TASK000013782161;Priority 3;OK
L1;812;MON;SR;OK;TASK000013782175;Priority 4;OK
SEC;EMS;SEC;SR;OK;TASK000013782185;Priority 3;OK
SEC;812;SEC;SR;OK;TASK000013782403;Priority 3;OK
SEC;SYN;SEC;SR;OK;TASK000013782826;Priority 3;OK
SEC;812;SEC;SR;OK;TASK000013783016;Priority 3;OK
SEC;ETH;SEC;SR;OK;TASK000013783146;Priority 3;OK
SEC;ETH;SEC;SR;OK;TASK000013783205;Priority 3;OK
SEC;812;SEC;SR;OK;TASK000013783214;Priority 3;OK
SEC;812;SEC;SR;OK;TASK000013783286;Priority 3;OK
DBA;812;DBA;SR;OK;TASK000013783325;Priority 3;OK
L1;812;MON;SR;OK;TASK000013783345;Priority 4;OK
CNC;812;CNC;SR;OK;TASK000013783670;Priority 3;OK
SEC;BWI;SEC;SR;Defect;TASK000013784004;Priority 4;OK
SEC;BWI;SEC;SR;OK;TASK000013784200;Priority 4;OK
SEC;SYN;SEC;SR;Defect;TASK000013784203;Priority 3;OK
SEC;ETH;SEC;SR;Defect;TASK000013784208;Priority 3;OK
SEC;SYN;SEC;SR;OK;TASK000013784293;Priority 3;OK
APS;ETH;APS;SR;OK;TASK000013784343;Priority 3;OK
SEC;DCF;SEC;SR;OK;TASK000013784414;Priority 3;OK
L1;BWI;L1 ;SR;OK;TASK000013784699;Priority 4;OK
APS;ETH;APS;SR;OK;TASK000013784747;Priority 3;OK
APS;ETH;APS;SR;OK;TASK000013784861;Priority 3;OK
SEC;BWI;SEC;SR;OK;TASK000013784981;Priority 4;OK
L1;BWI;L1 ;SR;OK;TASK000013785290;Priority 3;OK
FUN;ETH;FUN;SR;OK;TASK000013785750;Priority 4;OK
SEC;812;SEC;SR;OK;TASK000013785773;Priority 3;OK
L1;ETH;CNC;SR;OK;TASK000013785859;Priority 3;OK
SEC;EMS;SEC;SR;OK;TASK000013787215;Priority 3;OK
SEC;812;SEC;SR;OK;TASK000013787413;Priority 3;OK
CNC;812;CNC;SR;OK;TASK000013787529;Priority 3;OK
SEC;812;SEC;SR;OK;TASK000013787613;Priority 3;OK
APS;ETH;APS;SR;OK;TASK000013787625;Priority 3;OK
SEC;812;SEC;SR;OK;TASK000013787691;Priority 3;OK
SEC;812;SEC;SR;OK;TASK000013787713;Priority 3;OK
CNC;812;CNC;SR;OK;TASK000013787729;Priority 3;OK
SEC;812;SEC;SR;OK;TASK000013787979;Priority 3;OK
SEC;812;SEC;SR;OK;TASK000013788180;Priority 3;OK
SEC;BWI;SEC;SR;OK;TASK000013788426;Priority 4;OK
SEC;812;SEC;SR;OK;TASK000013788485;Priority 3;OK
SEC;812;SEC;SR;OK;TASK000013788494;Priority 3;OK
SEC;SYN;SEC;SR;OK;TASK000013788699;Priority 3;OK
L1;812;MON;SR;OK;TASK000013788754;Priority 3;OK
FUN;812;FUN;SR;OK;TASK000013788760;Priority 4;OK
SEC;812;SEC;SR;OK;TASK000013788946;Priority 3;OK
APS;ETH;APS;SR;OK;TASK000013789098;Priority 3;OK
FUN;DCF;FUN;SR;OK;TASK000013789176;Priority 3;OK
APS;EES;APS;SR;OK;TASK000013789361;Priority 3;OK
SEC;BWI;SEC;SR;OK;TASK000013789584;Priority 4;OK
SCH;812;SCH;SR;OK;TASK000013789679;Priority 3;OK
SEC;SYN;SEC;SR;OK;TASK000013790063;Priority 3;OK
CNC;812;CNC;SR;OK;TASK000013790371;Priority 3;OK
FUN;DXE;FUN;SR;OK;TASK000013790379;Priority 3;OK
FUN;DXE;FUN;SR;OK;TASK000013790398;Priority 3;OK
FUN;DXE;FUN;SR;OK;TASK000013790410;Priority 3;OK
CNC;812;CNC;SR;OK;TASK000013790510;Priority 3;OK
SCH;BWI;SCH;SR;Defect;TASK000013790608;Priority 4;OK
SEC;MNT;SEC;SR;OK;TASK000013790791;Priority 3;OK
APS;ETH;APS;SR;OK;TASK000013791510;Priority 3;OK
L1;812;MON;SR;OK;TASK000013791514;Priority 3;OK
APS;DCF;APS;SR;OK;TASK000013791553;Priority 4;OK
CNC;ETH;CNC;SR;OK;TASK000013791581;Priority 3;OK
FUN;COR;FUN;SR;OK;TASK000013791728;Priority 3;OK
SEC;ETH;SEC;SR;OK;TASK000013791838;Priority 3;OK
DBA;812;DBA;SR;OK;TASK000013791946;Priority 3;OK
SEC;EMS;SEC;SR;OK;TASK000013791996;Priority 3;OK
DBA;812;DBA;SR;OK;TASK000013792112;Priority 3;OK
SEC;812;SEC;SR;OK;TASK000013792196;Priority 3;OK
SEC;812;SEC;SR;OK;TASK000013792263;Priority 3;OK
FUN;812;FUN;SR;OK;TASK000013792300;Priority 4;OK
CNC;812;CNC;SR;OK;TASK000013792657;Priority 3;OK
FUN;EES;FUN;SR;OK;TASK000013792733;Priority 4;OK
L1;812;MON;SR;OK;TASK000013792759;Priority 3;OK
SEC;812;SEC;SR;OK;TASK000013792764;Priority 3;OK
DBA;812;DBA;SR;OK;TASK000013792922;Priority 3;OK
FUN;812;FUN;SR;OK;TASK000013793281;Priority 4;OK
FUN;EDS;FUN;SR;OK;TASK000013793573;Priority 4;OK
DBA;812;DBA;SR;OK;TASK000013793679;Priority 3;OK
APS;ETH;APS;SR;OK;TASK000013793921;Priority 3;OK
FIN;812;FUN;SR;OK;TASK000013793961;Priority 4;OK
DBA;812;DBA;SR;OK;TASK000013794205;Priority 3;OK
SEC;ETH;SEC;SR;OK;TASK000013794770;Priority 3;OK
SEC;DCF;SEC;SR;OK;TASK000013794845;Priority 3;OK
L1;MNT;MON;SR;OK;TASK000013794899;Priority 3;OK
SEC;BWI;SEC;SR;OK;TASK000013795050;Priority 4;OK
SEC;BWI;SEC;SR;OK;TASK000013795145;Priority 4;OK
SEC;BWI;SEC;SR;OK;TASK000013795146;Priority 3;OK
SEC;BWI;SEC;SR;OK;TASK000013795147;Priority 4;OK
SEC;BWI;SEC;SR;OK;TASK000013795176;Priority 4;OK
L1;BWI;L1 ;SR;OK;TASK000013795580;Priority 3;OK
APS;ETH;APS;SR;OK;TASK000013795913;Priority 4;OK
DBA;812;DBA;SR;OK;TASK000013796417;Priority 3;OK
L1;812;MON;SR;OK;TASK000013796478;Priority 3;OK
DBA;812;DBA;SR;OK;TASK000013796836;Priority 3;OK
L1;812;MON;SR;OK;TASK000013796920;Priority 3;OK
SEC;WS;SEC;SR;OK;TASK000013797028;Priority 3;OK
CNC;812;CNC;SR;OK;TASK000013797164;Priority 3;OK
SEC;812;SEC;SR;OK;TASK000013797422;Priority 3;OK
FUN;DCF;SEC;SR;Defect;TASK000013797502;Priority 3;OK
FUN;DCF;SEC;SR;Defect;TASK000013797519;Priority 3;OK
SEC;EMS;SEC;SR;OK;TASK000013797561;Priority 3;OK
APS;ETH;APS;SR;OK;TASK000013797664;Priority 3;OK
DBA;812;DBA;SR;OK;TASK000013797743;Priority 3;OK
SEC;MNT;SEC;SR;OK;TASK000013797807;Priority 3;OK
SEC;MNT;SEC;SR;OK;TASK000013797958;Priority 3;OK
APS;ETH;APS;SR;OK;TASK000013798293;Priority 3;OK
FUN;812;FUN;SR;OK;TASK000013798376;Priority 3;OK
SEC;812;SEC;SR;OK;TASK000013798550;Priority 3;OK
SEC;WS;SEC;SR;OK;TASK000013798739;Priority 3;OK
DBA;812;DBA;SR;OK;TASK000013799048;Priority 3;OK
SEC;SYN;SEC;SR;OK;TASK000013799225;Priority 3;OK
SEC;DCF;SEC;SR;OK;TASK000013799560;Priority 3;OK
FUN;DCF;SEC;SR;Defect;TASK000013799590;Priority 3;OK
SEC;SYN;SEC;SR;OK;TASK000013799641;Priority 3;OK
SEC;DCF;SEC;SR;OK;TASK000013799644;Priority 3;OK
SEC;SYN;SEC;SR;Defect;TASK000013799718;Priority 3;OK
SEC;SYN;SEC;SR;Defect;TASK000013799744;Priority 3;OK
SEC;SYN;SEC;SR;Defect;TASK000013799786;Priority 3;OK
SEC;MNT;SEC;SR;OK;TASK000013800266;Priority 3;OK
SEC;BWI;SEC;SR;OK;TASK000013800480;Priority 4;OK
DBA;812;DBA;SR;OK;TASK000013800509;Priority 3;OK
CNC;812;CNC;SR;OK;TASK000013801066;Priority 3;OK
FUN;DCF;FUN;SR;OK;TASK000013801132;Priority 3;OK
FUN;DCF;FUN;SR;OK;TASK000013801167;Priority 3;OK
SEC;DXE;SEC;SR;OK;TASK000013801324;Priority 3;OK
APS;ETH;APS;SR;OK;TASK000013801373;Priority 3;OK
SEC;812;SEC;SR;OK;TASK000013801445;Priority 3;OK
DBA;812;DBA;SR;OK;TASK000013801511;Priority 3;OK
SCH;812;SCH;SR;OK;TASK000013801690;Priority 3;OK
SEC;EMS;SEC;SR;OK;TASK000013801787;Priority 3;OK
FUN;812;FUN;SR;OK;TASK000013801843;Priority 4;OK
CNC;812;CNC;SR;OK;TASK000013801845;Priority 3;OK
FUN;DCF;FUN;SR;OK;TASK000013801878;Priority 3;OK
SEC;SYN;SEC;SR;OK;TASK000013801889;Priority 3;OK
CNC;812;CNC;SR;OK;TASK000013801982;Priority 3;OK
APS;ETH;APS;SR;OK;TASK000013802146;Priority 3;OK
SEC;DCF;SEC;SR;OK;TASK000013802175;Priority 3;OK
SEC;SYN;SEC;SR;OK;TASK000013802446;Priority 3;OK
SEC;812;SEC;SR;OK;TASK000013802678;Priority 3;OK
SEC;DCF;SEC;SR;OK;TASK000013802680;Priority 3;OK
SEC;BWI;SEC;SR;OK;TASK000013802701;Priority 4;OK
SEC;DCF;SEC;SR;Defect;TASK000013802722;Priority 3;OK
SEC;SYN;SEC;SR;OK;TASK000013803349;Priority 3;OK
OPS;EMS;OPS;SR;OK;TASK000013803550;Priority 3;OK
SEC;BWI;SEC;SR;OK;TASK000013803785;Priority 4;OK
CNC;812;CNC;SR;OK;TASK000013803983;Priority 3;OK
CNC;812;CNC;SR;OK;TASK000013803984;Priority 3;OK
SEC;ETH;SEC;SR;OK;TASK000013804182;Priority 3;OK
SEC;BWI;SEC;SR;OK;TASK000013804388;Priority 4;OK
SEC;MNT;SEC;SR;OK;TASK000013804640;Priority 3;OK
SEC;MNT;SEC;SR;OK;TASK000013804667;Priority 3;OK
CNC;ETH;CNC;SR;OK;TASK000013804687;Priority 3;OK
CNC;DCF;CNC;SR;OK;TASK000013804740;Priority 3;OK
L1;812;MON;SR;OK;TASK000013804879;Priority 4;OK
DBA;812;DBA;SR;OK;TASK000013805062;Priority 3;OK
SEC;812;SEC;SR;OK;TASK000013805382;Priority 3;OK
SEC;812;SEC;SR;OK;TASK000013805402;Priority 3;OK
CNC;812;CNC;SR;OK;TASK000013805549;Priority 3;OK
SEC;812;SEC;SR;OK;TASK000013805710;Priority 3;OK
DBA;812;DBA;SR;OK;TASK000013805809;Priority 3;OK
SCH;LAT;SCH;SR;OK;TASK000013805994;Priority 3;OK
SEC;DCF;SEC;SR;OK;TASK000013806141;Priority 3;OK
DBA;812;DBA;SR;OK;TASK000013806253;Priority 3;OK
CNC;ETH;CNC;SR;OK;TASK000013806606;Priority 3;OK
SEC;DPY;SEC;SR;OK;TASK000013806698;Priority 3;OK
APS;ETH;APS;SR;OK;TASK000013806778;Priority 3;OK
SEC;DXE;SEC;SR;OK;TASK000013806803;Priority 3;OK
SEC;812;SEC;SR;OK;TASK000013807117;Priority 3;OK
SEC;812;SEC;SR;OK;TASK000013807284;Priority 3;OK
APS;ETH;APS;SR;OK;TASK000013807288;Priority 3;OK
L1;BWI;L1 ;SR;OK;TASK000013807454;Priority 3;OK
SEC;MNT;SEC;SR;OK;TASK000013807479;Priority 3;OK
APS;ETH;APS;SR;OK;TASK000013807798;Priority 3;OK
SEC;BWI;SEC;SR;OK;TASK000013807806;Priority 4;OK
APS;ETH;APS;SR;OK;TASK000013807830;Priority 3;OK
APS;ETH;APS;SR;OK;TASK000013807841;Priority 4;OK
SEC;ETH;SEC;SR;OK;TASK000013807886;Priority 3;OK
SEC;ETH;SEC;SR;Defect;TASK000013807958;Priority 3;OK
SEC;DPY;SEC;SR;Defect;TASK000013808000;Priority 3;OK
SEC;CAN;SEC;SR;OK;TASK000013808142;Priority 3;OK
APS;ETH;APS;SR;OK;TASK000013808207;Priority 4;OK
CNC;ETH;CNC;SR;OK;TASK000013808386;Priority 3;OK
SEC;BWI;SEC;SR;OK;TASK000013808553;Priority 4;OK
SEC;ETH;SEC;SR;OK;TASK000013808561;Priority 3;OK
L1;BWI;L1 ;SR;OK;TASK000013808608;Priority 3;OK
SEC;812;SEC;SR;OK;TASK000013809007;Priority 3;OK
OPS;EMS;OPS;SR;OK;TASK000013809594;Priority 3;OK
L1;812;MON;SR;OK;TASK000013809617;Priority 4;OK
L1;DCF;CNC;SR;OK;TASK000013809643;Priority 3;OK
APS;ETH;APS;SR;OK;TASK000013810101;Priority 4;OK
DBA;812;DBA;SR;OK;TASK000013810475;Priority 3;OK
L1;812;MON;SR;OK;TASK000013810553;Priority 3;OK
SEC;DXE;SEC;SR;OK;TASK000013810567;Priority 3;OK
FUN;DXE;FUN;SR;OK;TASK000013810870;Priority 4;OK
CNC;812;CNC;SR;OK;TASK000013811562;Priority 3;OK
SEC;ETH;SEC;SR;OK;TASK000013811613;Priority 3;OK
SEC;812;SEC;SR;OK;TASK000013812094;Priority 3;OK
SEC;ETH;SEC;SR;OK;TASK000013812212;Priority 3;OK
SEC;812;SEC;SR;OK;TASK000013812306;Priority 3;OK
SEC;ETH;SEC;SR;OK;TASK000013812453;Priority 3;OK
SEC;EMS;SEC;SR;OK;TASK000013812715;Priority 3;OK
SEC;ETH;SEC;SR;OK;TASK000013812939;Priority 3;OK
SEC;812;SEC;SR;OK;TASK000013813026;Priority 3;OK
APS;ETH;APS;SR;OK;TASK000013813533;Priority 3;OK
APS;EES;APS;SR;OK;TASK000013813604;Priority 3;OK
SEC;EES;FUN;SR;OK;TASK000013813728;Priority 3;OK
SEC;BWI;SEC;SR;Defect;TASK000013813764;Priority 3;OK
SEC;ETH;SEC;SR;OK;TASK000013813893;Priority 3;OK
SEC;812;SEC;SR;OK;TASK000013814244;Priority 3;OK
APS;ETH;APS;SR;OK;TASK000013814638;Priority 3;OK
SEC;MNT;SEC;SR;OK;TASK000013814672;Priority 3;OK
L1;BWI;L1 ;SR;OK;TASK000013814872;Priority 3;OK
SEC;812;SEC;SR;OK;TASK000013815330;Priority 3;OK
L1;812;MON;SR;OK;TASK000013815394;Priority 4;OK
DBA;812;DBA;SR;OK;TASK000013815397;Priority 3;OK
SEC;812;SEC;SR;OK;TASK000013815463;Priority 3;OK
FUN;DXE;FUN;SR;OK;TASK000013815740;Priority 4;OK
SEC;812;SEC;SR;OK;TASK000013815872;Priority 3;OK
SEC;SYN;SEC;SR;OK;TASK000013815889;Priority 3;OK
APS;EES;APS;SR;OK;TASK000013815933;Priority 3;OK
APS;EES;APS;SR;OK;TASK000013815934;Priority 3;OK
SEC;SYN;SEC;SR;OK;TASK000013815936;Priority 3;OK
SEC;812;SEC;SR;OK;TASK000013816003;Priority 3;OK
SEC;812;SEC;SR;OK;TASK000013816005;Priority 3;OK
CNC;ETH;CNC;SR;OK;TASK000013816102;Priority 3;OK
SEC;DXE;SEC;SR;OK;TASK000013816271;Priority 3;OK
SEC;812;SEC;SR;OK;TASK000013816276;Priority 3;OK
L1;BWI;L1 ;SR;OK;TASK000013816404;Priority 4;OK
SEC;SYN;SEC;SR;OK;TASK000013816476;Priority 3;OK
SEC;BWI;SEC;SR;OK;TASK000013816855;Priority 4;OK
SEC;BWI;SEC;SR;OK;TASK000013817047;Priority 4;OK
SEC;SYN;SEC;SR;OK;TASK000013817088;Priority 3;OK
SEC;MNT;SEC;SR;OK;TASK000013817140;Priority 3;OK
SEC;SYN;SEC;SR;Defect;TASK000013817523;Priority 3;OK
FUN;EES;FUN;SR;OK;TASK000013817670;Priority 4;OK
SEC;EES;FUN;SR;OK;TASK000013817853;Priority 3;OK
APS;ETH;APS;SR;OK;TASK000013817955;Priority 3;OK
L1;DCF;CNC;SR;OK;TASK000013818301;Priority 3;OK
FUN;DXE;FUN;SR;OK;TASK000013818566;Priority 4;OK
SEC;DXE;SEC;SR;OK;TASK000013818884;Priority 3;OK
SEC;812;SEC;SR;OK;TASK000013819052;Priority 3;OK
SEC;DCF;SEC;SR;OK;TASK000013819107;Priority 3;OK
SEC;812;SEC;SR;OK;TASK000013819436;Priority 3;OK
SEC;EES;FUN;SR;OK;TASK000013819520;Priority 3;OK
SCH;812;SCH;SR;OK;TASK000013819574;Priority 3;OK
SEC;812;SEC;SR;OK;TASK000013819631;Priority 3;OK
DBA;812;DBA;SR;OK;TASK000013820105;Priority 3;OK
SEC;812;SEC;SR;OK;TASK000013820202;Priority 3;OK
SEC;SYN;SEC;SR;OK;TASK000013820286;Priority 3;OK
SEC;ETH;SEC;SR;OK;TASK000013820396;Priority 3;OK
SEC;BWI;SEC;SR;OK;TASK000013820404;Priority 4;OK
CNC;DPY;CNC;SR;OK;TASK000013820418;Priority 3;OK
SEC;DCF;SEC;SR;OK;TASK000013820616;Priority 3;OK
SEC;DCF;SEC;SR;OK;TASK000013820617;Priority 3;OK
SEC;DCF;SEC;SR;OK;TASK000013820626;Priority 3;OK
FUN;ETH;FUN;SR;OK;TASK000013820703;Priority 4;OK
L1;BWI;L1 ;SR;OK;TASK000013820813;Priority 4;OK
SEC;DCF;SEC;SR;OK;TASK000013820982;Priority 3;OK
SEC;BWI;SEC;SR;OK;TASK000013821092;Priority 4;OK
SEC;BWI;SEC;SR;Defect;TASK000013821129;Priority 3;OK
L1;BWI;L1 ;SR;OK;TASK000013821189;Priority 4;OK
SEC;DXE;SEC;SR;OK;TASK000013821305;Priority 3;OK
FUN;812;FUN;SR;OK;TASK000013821406;Priority 3;OK
APS;ETH;APS;SR;OK;TASK000013821617;Priority 3;OK
SEC;SYN;SEC;SR;OK;TASK000013821641;Priority 3;OK
SEC;SYN;SEC;SR;OK;TASK000013821767;Priority 3;OK
L1;BWI;L1 ;SR;OK;TASK000013822002;Priority 3;OK
SEC;EMS;SEC;SR;OK;TASK000013822213;Priority 3;OK
L1;BWI;L1 ;SR;OK;TASK000013822609;Priority 3;OK
SEC;812;SEC;SR;OK;TASK000013822714;Priority 3;OK
SEC;812;SEC;SR;OK;TASK000013822980;Priority 3;OK
CNC;812;CNC;SR;OK;TASK000013823230;Priority 3;OK
SEC;812;SEC;SR;OK;TASK000013823618;Priority 3;OK
SEC;812;SEC;SR;OK;TASK000013823908;Priority 3;OK
SEC;DXE;SEC;SR;OK;TASK000013823961;Priority 3;OK
SEC;812;SEC;SR;OK;TASK000013824075;Priority 3;OK
SEC;SYN;SEC;SR;OK;TASK000013824224;Priority 3;OK
SEC;WS;SEC;SR;OK;TASK000013824383;Priority 3;OK
OPS;WS;OPS;SR;OK;TASK000013824395;Priority 4;OK
L1;BWI;L1 ;SR;OK;TASK000013824419;Priority 4;OK
SEC;812;SEC;SR;OK;TASK000013824428;Priority 3;OK
SEC;812;SEC;SR;OK;TASK000013824456;Priority 3;OK
SEC;812;SEC;SR;OK;TASK000013824584;Priority 3;OK
CNC;812;CNC;SR;OK;TASK000013824668;Priority 3;OK
FUN;DCF;FUN;SR;OK;TASK000013824992;Priority 3;OK
APS;EES;APS;SR;OK;TASK000013825244;Priority 4;OK
SEC;812;SEC;SR;OK;TASK000013825376;Priority 3;OK
APS;EES;APS;SR;OK;TASK000013825484;Priority 4;OK
FUN;ETH;FUN;SR;OK;TASK000013825578;Priority 3;OK
SEC;EES;FUN;SR;OK;TASK000013826019;Priority 3;OK
SEC;BWI;SEC;SR;OK;TASK000013826266;Priority 4;OK
L1;BWI;L1 ;SR;OK;TASK000013826337;Priority 3;OK
L1;BWI;L1 ;SR;OK;TASK000013826339;Priority 3;OK
L1;BWI;L1 ;SR;OK;TASK000013826341;Priority 3;OK
L1;BWI;L1 ;SR;OK;TASK000013826343;Priority 3;OK
L1;BWI;L1 ;SR;OK;TASK000013826356;Priority 3;OK
SEC;EMS;SEC;SR;OK;TASK000013826566;Priority 3;OK
L1;812;MON;SR;OK;TASK000013826781;Priority 4;OK
DBA;812;DBA;SR;OK;TASK000013827626;Priority 3;OK
DBA;812;DBA;SR;OK;TASK000013827649;Priority 3;OK
SEC;ETH;SEC;SR;OK;TASK000013827962;Priority 3;OK
L1;812;MON;SR;OK;TASK000013828072;Priority 4;OK
CNC;812;CNC;SR;OK;TASK000013828109;Priority 3;OK
SEC;MNT;SEC;SR;OK;TASK000013828242;Priority 3;OK
SEC;WS;SEC;SR;OK;TASK000013828312;Priority 3;OK
SEC;WS;SEC;SR;OK;TASK000013828320;Priority 3;OK
SEC;DPY;SEC;SR;OK;TASK000013828377;Priority 3;OK
DBA;812;DBA;SR;OK;TASK000013828461;Priority 3;OK
DBA;812;DBA;SR;OK;TASK000013828484;Priority 3;OK
SEC;SYN;SEC;SR;OK;TASK000013828502;Priority 3;OK
DBA;812;DBA;SR;OK;TASK000013828516;Priority 3;OK
DBA;812;DBA;SR;OK;TASK000013828533;Priority 3;OK
SEC;DCF;SEC;SR;OK;TASK000013828553;Priority 3;OK
DBA;812;DBA;SR;OK;TASK000013828567;Priority 3;OK
SEC;BWI;SEC;SR;OK;TASK000013828924;Priority 4;OK
SEC;BWI;SEC;SR;OK;TASK000013828934;Priority 4;OK
SEC;BWI;SEC;SR;OK;TASK000013828953;Priority 4;OK
SEC;MNT;SEC;SR;OK;TASK000013828995;Priority 3;OK
SEC;DXE;SEC;SR;OK;TASK000013829171;Priority 3;OK
SEC;MNT;SEC;SR;Defect;TASK000013829266;Priority 3;OK
SEC;812;SEC;SR;OK;TASK000013829562;Priority 3;OK
SEC;EES;FUN;SR;OK;TASK000013829568;Priority 3;OK
SEC;ETH;SEC;SR;OK;TASK000013829652;Priority 3;OK
L1;BWI;L1 ;SR;OK;TASK000013829776;Priority 3;OK
L1;BWI;L1 ;SR;OK;TASK000013829800;Priority 4;OK
APS;EES;APS;SR;OK;TASK000013830304;Priority 4;OK
SEC;BWI;SEC;SR;OK;TASK000013830340;Priority 4;OK
SEC;BWI;SEC;SR;OK;TASK000013830357;Priority 4;OK
SEC;DPY;SEC;SR;Defect;TASK000013830389;Priority 3;OK
SEC;BWI;SEC;SR;OK;TASK000013830390;Priority 4;OK
SEC;ETH;SEC;SR;OK;TASK000013830642;Priority 3;OK
SEC;BWI;SEC;SR;OK;TASK000013830967;Priority 4;OK
DBA;812;DBA;SR;OK;TASK000013831210;Priority 3;OK
CNC;812;CNC;SR;OK;TASK000013831772;Priority 3;OK
SEC;812;SEC;SR;OK;TASK000013832714;Priority 3;OK
SEC;DXE;SEC;SR;OK;TASK000013832736;Priority 3;OK
SEC;DXE;SEC;SR;OK;TASK000013832784;Priority 3;OK
SEC;812;SEC;SR;OK;TASK000013832848;Priority 3;OK
SEC;812;SEC;SR;OK;TASK000013832921;Priority 3;OK
FUN;812;FUN;SR;OK;TASK000013832994;Priority 3;OK
SEC;812;SEC;SR;OK;TASK000013833198;Priority 3;OK
SEC;DXE;SEC;SR;OK;TASK000013833367;Priority 3;OK
SEC;BWI;SEC;SR;OK;TASK000013833458;Priority 4;OK
SEC;SYN;SEC;SR;OK;TASK000013833512;Priority 3;OK
SEC;BWI;SEC;SR;OK;TASK000013833679;Priority 4;OK
FUN;812;FUN;SR;OK;TASK000013834032;Priority 3;OK
SEC;DCF;SEC;SR;Defect;TASK000013834118;Priority 3;OK
SEC;812;SEC;SR;OK;TASK000013834132;Priority 3;OK
APS;ETH;APS;SR;OK;TASK000013834404;Priority 3;OK
DBA;812;DBA;SR;OK;TASK000013834520;Priority 3;OK
MNT;MNT;FUN;SR;OK;TASK000013834634;Priority 4;OK
SEC;BWI;SEC;SR;OK;TASK000013834671;Priority 4;OK
SEC;BWI;SEC;SR;OK;TASK000013834709;Priority 4;OK
DBA;812;DBA;SR;OK;TASK000013834790;Priority 3;OK
SEC;812;SEC;SR;OK;TASK000013834882;Priority 3;OK
CNC;LAT;CNC;SR;OK;TASK000013834897;Priority 3;OK
SEC;BWI;SEC;SR;OK;TASK000013834951;Priority 4;OK
CNC;ETH;CNC;SR;OK;TASK000013835104;Priority 3;OK
SEC;ETH;SEC;SR;OK;TASK000013835228;Priority 3;OK
APS;ETH;APS;SR;OK;TASK000013835392;Priority 4;OK
SEC;ETH;SEC;SR;OK;TASK000013835562;Priority 3;OK
APS;ETH;APS;SR;OK;TASK000013835711;Priority 4;OK
FUN;DCF;SEC;SR;OK;TASK000013835761;Priority 3;OK
DBA;812;DBA;SR;OK;TASK000013836004;Priority 3;OK
L1;812;MON;SR;OK;TASK000013836354;Priority 4;OK
L1;812;MON;SR;OK;TASK000013837239;Priority 4;OK
L1;812;MON;SR;OK;TASK000013837893;Priority 4;OK
SEC;BWI;SEC;SR;OK;TASK000013838219;Priority 4;OK
SEC;BWI;SEC;SR;OK;TASK000013838255;Priority 4;OK
FUN;DXE;FUN;SR;OK;TASK000013838858;Priority 4;OK
L1;812;MON;SR;OK;TASK000013838988;Priority 4;OK
SEC;BWI;SEC;SR;OK;TASK000013839093;Priority 4;OK
FUN;ETH;FUN;SR;OK;TASK000013841283;Priority 4;OK
APS;ETH;APS;SR;OK;TASK000013841352;Priority 4;OK
APS;ETH;FUN;SR;OK;TASK000013843457;Priority 4;OK
FUN;WS;FUN;SR;OK;TASK000013845188;Priority 4;OK
FUN;812;FUN;SR;OK;TASK000013846197;Priority 4;OK
L1;BWI;L1 ;SR;OK;TASK000013848892;Priority 4;OK
MNT;MNT;FUN;SR;Defect;TASK000013848992;Priority 4;OK
SEC;BWI;SEC;SR;OK;TASK000013849207;Priority 4;OK
L1;BWI;L1 ;SR;OK;TASK000013851026;Priority 4;OK
L1;BWI;L1 ;SR;OK;TASK000013851040;Priority 4;OK
L1;812;MON;SR;OK;TASK000013851272;Priority 4;OK
L1;812;MON;SR;OK;TASK000013851380;Priority 4;OK
SEC;BWI;SEC;SR;Defect;TASK000013852801;Priority 4;OK
SEC;BWI;SEC;SR;OK;TASK000013853304;Priority 4;OK
APS;ETH;APS;SR;OK;TASK000013853573;Priority 4;OK
L1;812;MON;SR;OK;TASK000013855792;Priority 4;OK
SEC;BWI;SEC;SR;OK;TASK000013856628;Priority 4;OK
SEC;BWI;SEC;SR;OK;TASK000013857339;Priority 4;OK
APS;ETH;APS;SR;OK;TASK000013857701;Priority 4;OK
SEC;BWI;SEC;SR;OK;TASK000013857742;Priority 4;OK
APS;ETH;APS;SR;OK;TASK000013858017;Priority 4;OK
FUN;812;FUN;SR;OK;TASK000013858055;Priority 4;OK
APS;ETH;APS;SR;OK;TASK000013858870;Priority 4;OK
SEC;BWI;SEC;SR;OK;TASK000013859231;Priority 4;OK
DBA;812;DBA;SR;OK;TASK000013860115;Priority 3;OK
SCH;812;SCH;SR;OK;TASK000013860571;Priority 3;OK
SEC;812;SEC;SR;OK;TASK000013860627;Priority 3;OK
SEC;812;SEC;SR;OK;TASK000013861088;Priority 3;OK
CNC;812;CNC;SR;OK;TASK000013861119;Priority 3;OK
DBA;812;DBA;SR;OK;TASK000013861153;Priority 3;OK
SEC;SYN;SEC;SR;Defect;TASK000013861218;Priority 3;OK
FUN;812;FUN;SR;OK;TASK000013861316;Priority 3;OK
DBA;812;DBA;SR;OK;TASK000013861389;Priority 3;OK
SEC;812;SEC;SR;OK;TASK000013861458;Priority 3;OK
SEC;SYN;SEC;SR;OK;TASK000013861476;Priority 3;OK
APS;ETH;APS;SR;OK;TASK000013861577;Priority 3;OK
APS;ETH;APS;SR;OK;TASK000013861637;Priority 4;OK
APS;ETH;APS;SR;OK;TASK000013861914;Priority 4;OK
SEC;SYN;SEC;SR;Defect;TASK000013862239;Priority 3;OK
SEC;SYN;SEC;SR;OK;TASK000013862794;Priority 3;OK
SEC;SYN;SEC;SR;Defect;TASK000013862974;Priority 3;OK
CNC;812;CNC;SR;OK;TASK000013863420;Priority 3;OK
SEC;MNT;SEC;SR;OK;TASK000013863478;Priority 3;OK
SEC;MNT;SEC;SR;OK;TASK000013863482;Priority 3;OK
SEC;MNT;SEC;SR;OK;TASK000013863553;Priority 3;OK
DBA;812;DBA;SR;OK;TASK000013864433;Priority 3;OK
SEC;812;SEC;SR;OK;TASK000013864553;Priority 3;OK
CNC;812;CNC;SR;OK;TASK000013864832;Priority 3;OK
SEC;812;SEC;SR;OK;TASK000013864876;Priority 3;OK
SEC;812;SEC;SR;OK;TASK000013864989;Priority 3;OK
DBA;812;DBA;SR;OK;TASK000013865021;Priority 3;OK
DBA;812;DBA;SR;OK;TASK000013865079;Priority 3;OK
DBA;812;DBA;SR;OK;TASK000013865152;Priority 3;OK
CNC;812;CNC;SR;OK;TASK000013865273;Priority 3;OK
SEC;812;SEC;SR;OK;TASK000013865390;Priority 3;OK
SEC;812;SEC;SR;OK;TASK000013865427;Priority 3;OK
SEC;DXE;SEC;SR;OK;TASK000013865656;Priority 3;OK
APS;ETH;APS;SR;OK;TASK000013865779;Priority 3;OK
SEC;DXE;SEC;SR;OK;TASK000013865865;Priority 3;OK
FUN;812;FUN;SR;OK;TASK000013865867;Priority 3;OK
SEC;SYN;SEC;SR;OK;TASK000013865906;Priority 3;OK
SEC;812;SEC;SR;OK;TASK000013865969;Priority 3;OK
SEC;SYN;SEC;SR;OK;TASK000013866094;Priority 3;OK
SEC;SYN;SEC;SR;OK;TASK000013866107;Priority 3;OK
SEC;812;SEC;SR;OK;TASK000013866264;Priority 3;OK
SEC;812;SEC;SR;OK;TASK000013866280;Priority 3;OK
APS;ETH;APS;SR;OK;TASK000013866353;Priority 4;OK
SEC;SYN;SEC;SR;OK;TASK000013866519;Priority 3;OK
APS;ETH;APS;SR;OK;TASK000013866567;Priority 3;OK
SEC;EMS;SEC;SR;OK;TASK000013866649;Priority 3;OK
APS;ETH;APS;SR;OK;TASK000013866678;Priority 3;OK
SEC;812;SEC;SR;OK;TASK000013866700;Priority 3;OK
SEC;SYN;SEC;SR;OK;TASK000013866706;Priority 3;OK
SEC;DCF;SEC;SR;OK;TASK000013866731;Priority 3;OK
APS;ETH;APS;SR;OK;TASK000013866761;Priority 3;OK
APS;EES;APS;SR;OK;TASK000013866796;Priority 3;OK
CNC;812;CNC;SR;OK;TASK000013866812;Priority 3;OK
SEC;SYN;SEC;SR;OK;TASK000013866886;Priority 3;OK
SEC;EMS;SEC;SR;OK;TASK000013866887;Priority 3;OK
SEC;812;SEC;SR;OK;TASK000013866966;Priority 3;OK
APS;ETH;APS;SR;OK;TASK000013866995;Priority 3;OK
SEC;EMS;SEC;SR;OK;TASK000013867216;Priority 3;OK
SCH;812;SCH;SR;OK;TASK000013867235;Priority 3;OK
SEC;BWI;SEC;SR;OK;TASK000013867399;Priority 4;OK
SEC;BWI;SEC;SR;OK;TASK000013867506;Priority 4;OK
SEC;SYN;SEC;SR;Defect;TASK000013867589;Priority 3;OK
SEC;SYN;SEC;SR;Defect;TASK000013867675;Priority 3;OK
FUN;ETH;FUN;SR;OK;TASK000013867766;Priority 3;OK
SEC;BWI;SEC;SR;OK;TASK000013868158;Priority 4;OK
L1;BWI;L1 ;SR;OK;TASK000013868295;Priority 3;OK
SEC;ETH;SEC;SR;OK;TASK000013868496;Priority 3;OK
SEC;ETH;SEC;SR;OK;TASK000013868542;Priority 3;OK
SEC;ETH;SEC;SR;OK;TASK000013868554;Priority 3;OK
CNC;812;CNC;SR;OK;TASK000013868569;Priority 3;OK
CNC;812;CNC;SR;OK;TASK000013869215;Priority 3;OK
FUN;812;FUN;SR;OK;TASK000013869224;Priority 4;OK
SCH;812;SCH;SR;OK;TASK000013869535;Priority 3;OK
CNC;812;CNC;SR;OK;TASK000013869694;Priority 3;OK
SEC;DXE;SEC;SR;Defect;TASK000013869792;Priority 3;OK
SEC;DXE;SEC;SR;OK;TASK000013869800;Priority 3;OK
SEC;812;SEC;SR;OK;TASK000013869808;Priority 3;OK
CNC;812;CNC;SR;OK;TASK000013869877;Priority 3;OK
L1;812;MON;SR;OK;TASK000013870091;Priority 4;OK
SEC;SYN;SEC;SR;OK;TASK000013870234;Priority 3;OK
SEC;SYN;SEC;SR;OK;TASK000013870377;Priority 3;OK
L1;812;MON;SR;OK;TASK000013870601;Priority 4;OK
L1;812;MON;SR;OK;TASK000013870898;Priority 4;OK
SEC;MNT;SEC;SR;OK;TASK000013870907;Priority 3;OK
CNC;812;CNC;SR;OK;TASK000013870909;Priority 3;OK
SEC;BWI;SEC;SR;OK;TASK000013871009;Priority 4;OK
SEC;ETH;SEC;SR;OK;TASK000013871187;Priority 3;OK
SEC;SYN;SEC;SR;OK;TASK000013871303;Priority 3;OK
SCH;812;SCH;SR;OK;TASK000013871338;Priority 3;OK
FUN;DXE;FUN;SR;OK;TASK000013871504;Priority 4;OK
SEC;SYN;SEC;SR;OK;TASK000013871566;Priority 3;OK
SEC;BWI;SEC;SR;OK;TASK000013871721;Priority 4;OK
L1;812;MON;SR;OK;TASK000013871726;Priority 4;OK
APS;ETH;APS;SR;OK;TASK000013871873;Priority 3;OK
CNC;ETH;CNC;SR;OK;TASK000013871997;Priority 3;OK
SEC;SYN;SEC;SR;OK;TASK000013872284;Priority 3;OK
APS;EES;APS;SR;OK;TASK000013872364;Priority 4;OK
L1;BWI;L1 ;SR;OK;TASK000013872500;Priority 3;OK
SEC;812;SEC;SR;OK;TASK000013873039;Priority 3;OK
L1;BWI;L1 ;SR;OK;TASK000013873331;Priority 4;OK
DBA;812;DBA;SR;OK;TASK000013873935;Priority 3;OK
SEC;SYN;SEC;SR;OK;TASK000013874032;Priority 3;OK
SEC;BWI;SEC;SR;OK;TASK000013874057;Priority 4;OK
DBA;812;DBA;SR;OK;TASK000013874094;Priority 3;OK
SEC;BWI;SEC;SR;OK;TASK000013874208;Priority 4;OK
SCH;812;SCH;SR;OK;TASK000013874666;Priority 3;OK
SEC;SYN;SEC;SR;OK;TASK000013874797;Priority 3;OK
SEC;SYN;SEC;SR;OK;TASK000013874878;Priority 3;OK
SEC;812;SEC;SR;OK;TASK000013875010;Priority 3;OK
L1;BWI;L1 ;SR;OK;TASK000013875044;Priority 3;OK
SEC;BWI;SEC;SR;OK;TASK000013875254;Priority 4;OK
SEC;DCF;SEC;SR;OK;TASK000013875428;Priority 3;OK
SEC;DCF;SEC;SR;OK;TASK000013875436;Priority 3;OK
SEC;DPY;SEC;SR;Defect;TASK000013875514;Priority 3;OK
SEC;BWI;SEC;SR;OK;TASK000013875644;Priority 4;OK
SEC;MNT;SEC;SR;Defect;TASK000013875722;Priority 3;OK
SEC;BWI;SEC;SR;OK;TASK000013875765;Priority 4;OK
APS;ETH;APS;SR;OK;TASK000013875837;Priority 3;OK
SEC;MNT;SEC;SR;Defect;TASK000013875883;Priority 3;OK
SEC;MNT;SEC;SR;OK;TASK000013875910;Priority 3;OK
L1;BWI;L1 ;SR;OK;TASK000013876018;Priority 3;OK
SEC;ETH;SEC;SR;OK;TASK000013876048;Priority 3;OK
SEC;DCF;SEC;SR;OK;TASK000013876277;Priority 3;OK
FUN;DCF;FUN;SR;OK;TASK000013876567;Priority 3;OK
SCH;812;SCH;SR;OK;TASK000013876606;Priority 3;OK
CNC;ETH;CNC;SR;OK;TASK000013876640;Priority 3;OK
OPS;EMS;OPS;SR;OK;TASK000013876959;Priority 3;OK
SEC;812;SEC;SR;OK;TASK000013877214;Priority 3;OK
SEC;812;SEC;SR;OK;TASK000013877372;Priority 3;OK
FUN;812;FUN;SR;OK;TASK000013877562;Priority 3;OK
SEC;812;SEC;SR;OK;TASK000013877733;Priority 3;OK
SEC;812;SEC;SR;OK;TASK000013877777;Priority 3;OK
SEC;BWI;SEC;SR;OK;TASK000013878333;Priority 4;OK
SEC;SYN;SEC;SR;OK;TASK000013878359;Priority 3;OK
SEC;DCF;SEC;SR;OK;TASK000013878512;Priority 3;OK
SEC;DCF;SEC;SR;OK;TASK000013878538;Priority 3;OK
SEC;SYN;SEC;SR;OK;TASK000013878619;Priority 3;OK
SEC;DCF;SEC;SR;OK;TASK000013878774;Priority 3;OK
SEC;812;SEC;SR;OK;TASK000013878867;Priority 3;OK
FUN;WS;FUN;SR;OK;TASK000013878872;Priority 4;OK
SEC;SYN;SEC;SR;OK;TASK000013878875;Priority 3;OK
SEC;BWI;SEC;SR;OK;TASK000013879137;Priority 4;OK
DBA;812;DBA;SR;OK;TASK000013879172;Priority 3;OK
CNC;BWI;CNC;SR;OK;TASK000013879203;Priority 3;OK
SEC;812;SEC;SR;OK;TASK000013879207;Priority 3;OK
SEC;BWI;SEC;SR;OK;TASK000013879268;Priority 4;OK
SEC;812;SEC;SR;OK;TASK000013879323;Priority 3;OK
SEC;812;SEC;SR;OK;TASK000013879886;Priority 3;OK
APS;ETH;APS;SR;OK;TASK000013880381;Priority 4;OK
CNC;812;CNC;SR;OK;TASK000013880630;Priority 3;OK
L1;BWI;L1 ;SR;OK;TASK000013881067;Priority 3;OK
DBA;812;DBA;SR;OK;TASK000013881311;Priority 3;OK
FUN;DXE;FUN;SR;OK;TASK000013881320;Priority 4;OK
FUN;812;FUN;SR;OK;TASK000013881428;Priority 3;OK
SEC;812;SEC;SR;OK;TASK000013881501;Priority 3;OK
SCH;812;SCH;SR;OK;TASK000013881542;Priority 3;OK
SEC;812;SEC;SR;OK;TASK000013881575;Priority 3;OK
L1;812;CNC;SR;OK;TASK000013881579;Priority 3;OK
FUN;812;FUN;SR;OK;TASK000013881583;Priority 3;OK
SEC;BWI;SEC;SR;OK;TASK000013881875;Priority 4;OK
APS;ETH;APS;SR;OK;TASK000013881908;Priority 3;OK
SEC;SYN;SEC;SR;OK;TASK000013882024;Priority 3;OK
SEC;SYN;SEC;SR;OK;TASK000013882060;Priority 3;OK
SEC;812;SEC;SR;OK;TASK000013882082;Priority 3;OK
SEC;EDS;SEC;SR;OK;TASK000013882217;Priority 3;OK
SEC;812;SEC;SR;OK;TASK000013882252;Priority 3;OK
SEC;ETH;SEC;SR;OK;TASK000013882302;Priority 3;OK
DBA;812;DBA;SR;OK;TASK000013882643;Priority 3;OK
SEC;SYN;SEC;SR;OK;TASK000013882678;Priority 3;OK
SEC;DPY;SEC;SR;OK;TASK000013882990;Priority 4;OK
SEC;BWI;SEC;SR;OK;TASK000013883352;Priority 4;OK
L1;CRD;MON;SR;OK;TASK000013883422;Priority 3;OK
SCH;DPY;SCH;SR;OK;TASK000013883445;Priority 3;OK
SCH;LAT;SCH;SR;OK;TASK000013883459;Priority 3;OK
SEC;812;SEC;SR;OK;TASK000013883614;Priority 3;OK
SEC;BWI;SEC;SR;OK;TASK000013883655;Priority 4;OK
CNC;812;CNC;SR;OK;TASK000013883693;Priority 3;OK
DBA;812;DBA;SR;OK;TASK000013883803;Priority 3;OK
SEC;SYN;SEC;SR;Defect;TASK000013883943;Priority 3;OK
SEC;BWI;SEC;SR;OK;TASK000013884403;Priority 4;OK
SEC;ETH;SEC;SR;OK;TASK000013884538;Priority 3;OK
FUN;DCF;FUN;SR;OK;TASK000013885291;Priority 3;OK
SEC;812;SEC;SR;OK;TASK000013885567;Priority 3;OK
DBA;812;DBA;SR;OK;TASK000013885698;Priority 3;OK
DBA;812;DBA;SR;OK;TASK000013885701;Priority 3;OK
SCH;812;SCH;SR;OK;TASK000013885916;Priority 3;OK
FUN;DXE;FUN;SR;OK;TASK000013885924;Priority 3;OK
FUN;ETH;FUN;SR;OK;TASK000013885996;Priority 3;OK
FUN;DXE;FUN;SR;OK;TASK000013886049;Priority 3;OK
FUN;DXE;FUN;SR;OK;TASK000013886055;Priority 3;OK
SEC;812;SEC;SR;OK;TASK000013886180;Priority 3;OK
CNC;812;CNC;SR;OK;TASK000013886288;Priority 3;OK
SEC;MNT;SEC;SR;OK;TASK000013886308;Priority 3;OK
CNC;812;CNC;SR;OK;TASK000013886332;Priority 3;OK
SEC;DCF;SEC;SR;OK;TASK000013886352;Priority 3;OK
SEC;812;SEC;SR;OK;TASK000013886467;Priority 3;OK
SEC;812;SEC;SR;OK;TASK000013886640;Priority 3;OK
APS;ETH;APS;SR;OK;TASK000013886675;Priority 3;OK
SEC;DCF;SEC;SR;OK;TASK000013886696;Priority 3;OK
SEC;DCF;SEC;SR;OK;TASK000013886760;Priority 3;OK
FIN;812;FUN;SR;OK;TASK000013886780;Priority 3;OK
SEC;BWI;SEC;SR;OK;TASK000013886788;Priority 4;OK
DBA;812;DBA;SR;OK;TASK000013887038;Priority 3;OK
SEC;812;SEC;SR;OK;TASK000013887124;Priority 3;OK
APS;ETH;APS;SR;OK;TASK000013887134;Priority 3;OK
L1;BWI;L1 ;SR;OK;TASK000013887241;Priority 3;OK
SEC;MNT;SEC;SR;OK;TASK000013887383;Priority 3;OK
FUN;COR;FUN;SR;OK;TASK000013887402;Priority 3;OK
DBA;812;DBA;SR;OK;TASK000013887430;Priority 3;OK
APS;ETH;APS;SR;OK;TASK000013887515;Priority 3;OK
SEC;ETH;SEC;SR;OK;TASK000013887747;Priority 3;OK
SEC;SYN;SEC;SR;OK;TASK000013887809;Priority 3;OK
SEC;SYN;SEC;SR;OK;TASK000013887874;Priority 3;OK
SEC;SYN;SEC;SR;OK;TASK000013888028;Priority 3;OK
CNC;ETH;CNC;SR;OK;TASK000013888638;Priority 3;OK
SEC;EDS;SEC;SR;OK;TASK000013889540;Priority 4;OK
SEC;DCF;SEC;SR;OK;TASK000013889676;Priority 3;OK
DBA;812;DBA;SR;OK;TASK000013889847;Priority 3;OK
DBA;812;DBA;SR;OK;TASK000013890058;Priority 3;OK
L1;DCF;CNC;SR;OK;TASK000013890153;Priority 3;OK
SEC;DCF;SEC;SR;OK;TASK000013890507;Priority 3;OK
APS;EES;APS;SR;OK;TASK000013890656;Priority 4;OK
SEC;BWI;SEC;SR;OK;TASK000013890771;Priority 4;OK
SEC;WS;SEC;SR;OK;TASK000013890946;Priority 3;OK
APS;ETH;APS;SR;OK;TASK000013890988;Priority 3;OK
DBA;812;DBA;SR;OK;TASK000013891034;Priority 3;OK
L1;812;MON;SR;OK;TASK000013891043;Priority 4;OK
L1;812;MON;SR;OK;TASK000013891105;Priority 4;OK
L1;812;MON;SR;OK;TASK000013891198;Priority 4;OK
SEC;MNT;SEC;SR;OK;TASK000013891524;Priority 3;OK
SCH;812;SCH;SR;OK;TASK000013891595;Priority 3;OK
SEC;812;SEC;SR;OK;TASK000013891687;Priority 3;OK
CNC;812;CNC;SR;OK;TASK000013891700;Priority 3;OK
SEC;BWI;SEC;SR;OK;TASK000013891762;Priority 4;OK
SEC;DCF;SEC;SR;OK;TASK000013891768;Priority 3;OK
DCF;DCF;FUN;SR;OK;TASK000013891791;Priority 3;OK
APS;DCF;APS;SR;OK;TASK000013891828;Priority 3;OK
SEC;BWI;SEC;SR;OK;TASK000013891856;Priority 4;OK
APS;ETH;APS;SR;OK;TASK000013891942;Priority 3;OK
SEC;MNT;SEC;SR;OK;TASK000013892022;Priority 3;OK
SEC;MNT;SEC;SR;OK;TASK000013892051;Priority 3;OK
CNC;812;CNC;SR;OK;TASK000013892091;Priority 3;OK
APS;ETH;APS;SR;OK;TASK000013892178;Priority 3;OK
APS;ETH;APS;SR;OK;TASK000013892374;Priority 3;OK
CNC;EES;CNC;SR;OK;TASK000013892881;Priority 3;OK
SEC;DCF;SEC;SR;OK;TASK000013894058;Priority 3;OK
CNC;812;CNC;SR;OK;TASK000013894103;Priority 3;OK
CNC;812;CNC;SR;OK;TASK000013894269;Priority 3;OK
SEC;EMS;SEC;SR;OK;TASK000013894276;Priority 3;OK
SCH;812;SCH;SR;OK;TASK000013894282;Priority 3;OK
SEC;812;SEC;SR;OK;TASK000013894467;Priority 3;OK
CNC;EES;CNC;SR;OK;TASK000013894479;Priority 3;OK
DBA;812;DBA;SR;OK;TASK000013894729;Priority 3;OK
SEC;SYN;SEC;SR;OK;TASK000013894774;Priority 3;OK
SEC;812;SEC;SR;OK;TASK000013894831;Priority 3;OK
APS;ETH;APS;SR;OK;TASK000013894930;Priority 3;OK
APS;ETH;APS;SR;OK;TASK000013894953;Priority 3;OK
APS;ETH;APS;SR;OK;TASK000013894971;Priority 3;OK
APS;ETH;APS;SR;OK;TASK000013894982;Priority 3;OK
APS;ETH;APS;SR;OK;TASK000013894987;Priority 3;OK
SEC;DXE;SEC;SR;OK;TASK000013895310;Priority 3;OK
SEC;DCF;SEC;SR;OK;TASK000013895394;Priority 3;OK
SEC;812;SEC;SR;OK;TASK000013895399;Priority 3;OK
SEC;812;SEC;SR;OK;TASK000013895406;Priority 3;OK
SEC;812;SEC;SR;OK;TASK000013895413;Priority 3;OK
CNC;ETH;CNC;SR;OK;TASK000013895473;Priority 3;OK
SEC;812;SEC;SR;OK;TASK000013895557;Priority 3;OK
SEC;EMS;SEC;SR;OK;TASK000013895590;Priority 3;OK
SEC;SYN;SEC;SR;Defect;TASK000013895656;Priority 3;OK
SEC;812;SEC;SR;OK;TASK000013895906;Priority 3;OK
DBA;812;DBA;SR;OK;TASK000013895987;Priority 3;OK
CNC;812;CNC;SR;OK;TASK000013896140;Priority 3;OK
CNC;LAT;CNC;SR;Defect;TASK000013896183;Priority 3;OK
APS;ETH;APS;SR;OK;TASK000013896379;Priority 4;OK
DCF;DCF;FUN;SR;OK;TASK000013896455;Priority 3;OK
SEC;SYN;SEC;SR;OK;TASK000013896463;Priority 3;OK
SEC;SYN;SEC;SR;OK;TASK000013896537;Priority 3;OK
APS;ETH;APS;SR;OK;TASK000013896770;Priority 3;OK
DBA;812;DBA;SR;OK;TASK000013896959;Priority 3;OK
APS;ETH;APS;SR;OK;TASK000013897006;Priority 3;OK
FUN;EES;FUN;SR;OK;TASK000013897045;Priority 3;OK
L1;BWI;L1 ;SR;OK;TASK000013897150;Priority 3;OK
CNC;DCF;CNC;SR;OK;TASK000013897483;Priority 3;OK
FUN;812;FUN;SR;OK;TASK000013897516;Priority 3;OK
L1;812;CNC;SR;OK;TASK000013897558;Priority 3;OK
SEC;812;SEC;SR;OK;TASK000013897802;Priority 3;OK
SEC;ETH;SEC;SR;OK;TASK000013898136;Priority 3;OK
DBA;812;DBA;SR;OK;TASK000013898785;Priority 3;OK
SEC;EMS;SEC;SR;OK;TASK000013898831;Priority 3;OK
DBA;812;DBA;SR;OK;TASK000013898882;Priority 3;OK
DBA;812;DBA;SR;OK;TASK000013898952;Priority 3;OK
SEC;DXE;SEC;SR;OK;TASK000013898987;Priority 3;OK
SEC;812;SEC;SR;Defect;TASK000013899022;Priority 3;OK
SEC;WS;SEC;SR;OK;TASK000013899200;Priority 3;OK
CNC;DCF;CNC;SR;OK;TASK000013899311;Priority 3;OK
DBA;812;DBA;SR;OK;TASK000013899447;Priority 3;OK
SEC;ETH;SEC;SR;Defect;TASK000013899512;Priority 3;OK
SEC;DXE;SEC;SR;OK;TASK000013899522;Priority 3;OK
FUN;WS;FUN;SR;OK;TASK000013899530;Priority 3;OK
SEC;DPY;SEC;SR;OK;TASK000013899714;Priority 3;OK
SEC;SYN;SEC;SR;Defect;TASK000013899921;Priority 3;OK
DBA;812;DBA;SR;OK;TASK000013900043;Priority 3;OK
SEC;SYN;SEC;SR;OK;TASK000013900048;Priority 3;OK
SEC;WS;SEC;SR;OK;TASK000013900106;Priority 3;OK
SEC;EMS;SEC;SR;OK;TASK000013900141;Priority 3;OK
DBA;812;DBA;SR;OK;TASK000013900277;Priority 3;OK
SEC;SYN;SEC;SR;OK;TASK000013900402;Priority 3;OK
SEC;DCF;SEC;SR;OK;TASK000013900420;Priority 3;OK
APS;ETH;APS;SR;OK;TASK000013900539;Priority 3;OK
SEC;BWI;SEC;SR;OK;TASK000013900563;Priority 4;OK
SEC;SYN;SEC;SR;OK;TASK000013900705;Priority 3;OK
SEC;BWI;SEC;SR;OK;TASK000013900740;Priority 4;OK
SEC;DPY;SEC;SR;OK;TASK000013900778;Priority 3;OK
FUN;812;FUN;SR;OK;TASK000013900828;Priority 3;OK
SEC;EMS;SEC;SR;OK;TASK000013901052;Priority 3;OK
SEC;DPY;SEC;SR;OK;TASK000013901261;Priority 3;OK
SEC;SYN;SEC;SR;Defect;TASK000013901335;Priority 3;OK
SEC;EMS;SEC;SR;OK;TASK000013901381;Priority 3;OK
SEC;MNT;SEC;SR;OK;TASK000013901390;Priority 3;OK
SEC;SYN;SEC;SR;OK;TASK000013901509;Priority 3;OK
DBA;812;DBA;SR;OK;TASK000013901519;Priority 3;OK
L1;BWI;L1 ;SR;OK;TASK000013901746;Priority 4;OK
SEC;SYN;SEC;SR;OK;TASK000013901774;Priority 3;OK
APS;ETH;APS;SR;OK;TASK000013901809;Priority 3;OK
L1;BWI;L1 ;SR;OK;TASK000013901860;Priority 3;OK
CNC;812;CNC;SR;OK;TASK000013902229;Priority 3;OK
SEC;ETH;SEC;SR;OK;TASK000013902531;Priority 3;OK
L1;BWI;L1 ;SR;OK;TASK000013902636;Priority 3;OK
SEC;EES;FUN;SR;OK;TASK000013902732;Priority 3;OK
L1;812;MON;SR;OK;TASK000013903031;Priority 3;OK
CNC;ETH;CNC;SR;OK;TASK000013903081;Priority 3;OK
L1;812;CNC;SR;OK;TASK000013903640;Priority 3;OK
DBA;812;DBA;SR;OK;TASK000013903653;Priority 3;OK
DBA;812;DBA;SR;OK;TASK000013904037;Priority 3;OK
L1;812;MON;SR;OK;TASK000013904285;Priority 3;OK
CNC;812;CNC;SR;OK;TASK000013904470;Priority 3;OK
CNC;DPY;CNC;SR;OK;TASK000013904636;Priority 3;OK
CNC;DXE;CNC;SR;OK;TASK000013904658;Priority 3;OK
CNC;812;CNC;SR;OK;TASK000013904754;Priority 3;OK
DBA;812;DBA;SR;OK;TASK000013904782;Priority 3;OK
CNC;812;CNC;SR;OK;TASK000013904935;Priority 3;OK
CNC;812;CNC;SR;OK;TASK000013904967;Priority 3;OK
CNC;812;CNC;SR;OK;TASK000013905048;Priority 3;OK
DBA;812;DBA;SR;OK;TASK000013905236;Priority 3;OK
SEC;SYN;SEC;SR;OK;TASK000013905705;Priority 3;OK
FUN;812;FUN;SR;OK;TASK000013905774;Priority 4;OK
SEC;DCF;SEC;SR;OK;TASK000013905826;Priority 3;OK
L1;812;MON;SR;OK;TASK000013905991;Priority 3;OK
SEC;812;SEC;SR;OK;TASK000013906276;Priority 3;OK
SCH;812;SCH;SR;OK;TASK000013906326;Priority 3;OK
SEC;812;SEC;SR;OK;TASK000013906472;Priority 3;OK
APS;ETH;APS;SR;OK;TASK000013906799;Priority 4;OK
CNC;BWI;CNC;SR;OK;TASK000013906831;Priority 3;OK
FUN;ETH;FUN;SR;OK;TASK000013906892;Priority 4;OK
SEC;DCF;SEC;SR;OK;TASK000013906893;Priority 3;OK
SEC;812;SEC;SR;OK;TASK000013907313;Priority 3;OK
SEC;ETH;SEC;SR;OK;TASK000013907408;Priority 3;OK
SEC;BWI;SEC;SR;OK;TASK000013907742;Priority 4;OK
CNC;ETH;CNC;SR;OK;TASK000013908073;Priority 3;OK
SEC;812;SEC;SR;OK;TASK000013908266;Priority 3;OK
SEC;ETH;SEC;SR;OK;TASK000013908354;Priority 3;OK
SEC;BWI;SEC;SR;OK;TASK000013908495;Priority 4;OK
CNC;812;CNC;SR;OK;TASK000013908658;Priority 3;OK
CNC;812;CNC;SR;OK;TASK000013908668;Priority 3;OK
FUN;COR;FUN;SR;OK;TASK000013908689;Priority 3;OK
SEC;EMS;SEC;SR;OK;TASK000013908867;Priority 3;OK
DBA;812;DBA;SR;OK;TASK000013908879;Priority 3;OK
SEC;DXE;SEC;SR;OK;TASK000013908881;Priority 3;OK
SEC;EMS;SEC;SR;OK;TASK000013909207;Priority 3;OK
APS;ETH;APS;SR;OK;TASK000013909400;Priority 3;OK
DBA;812;DBA;SR;OK;TASK000013909478;Priority 3;OK
SEC;812;SEC;SR;OK;TASK000013909578;Priority 3;OK
DBA;812;DBA;SR;OK;TASK000013909584;Priority 3;OK
CNC;LAT;CNC;SR;OK;TASK000013909802;Priority 3;OK
L1;BWI;L1 ;SR;OK;TASK000013909832;Priority 3;OK
L1;BWI;L1 ;SR;OK;TASK000013910077;Priority 3;OK
SEC;812;SEC;SR;OK;TASK000013910149;Priority 3;OK
DBA;812;DBA;SR;OK;TASK000013910239;Priority 3;OK
DBA;812;DBA;SR;OK;TASK000013910257;Priority 3;OK
APS;ETH;APS;SR;OK;TASK000013910287;Priority 3;OK
SEC;DCF;SEC;SR;OK;TASK000013910297;Priority 3;OK
APS;ETH;APS;SR;OK;TASK000013910409;Priority 3;OK
SEC;DXE;SEC;SR;OK;TASK000013910632;Priority 3;OK
CNC;812;CNC;SR;OK;TASK000013910673;Priority 3;OK
SEC;SYN;SEC;SR;OK;TASK000013910806;Priority 3;OK
DBA;812;DBA;SR;OK;TASK000013911001;Priority 3;OK
APS;ETH;APS;SR;OK;TASK000013911061;Priority 3;OK
SEC;SYN;SEC;SR;Defect;TASK000013911123;Priority 3;OK
SEC;SYN;SEC;SR;OK;TASK000013911205;Priority 3;OK
APS;ETH;APS;SR;OK;TASK000013911272;Priority 3;OK
APS;ETH;APS;SR;OK;TASK000013911299;Priority 3;OK
APS;ETH;APS;SR;OK;TASK000013911332;Priority 3;OK
CNC;812;CNC;SR;OK;TASK000013911414;Priority 3;OK
CNC;ETH;CNC;SR;OK;TASK000013912021;Priority 3;OK
L1;812;MON;SR;OK;TASK000013912169;Priority 4;OK
APS;ETH;APS;SR;OK;TASK000013912257;Priority 3;OK
SEC;812;SEC;SR;OK;TASK000013912600;Priority 3;OK
SEC;812;SEC;SR;OK;TASK000013912787;Priority 3;OK
DBA;812;DBA;SR;OK;TASK000013912791;Priority 3;OK
SEC;812;SEC;SR;OK;TASK000013913035;Priority 3;OK
SEC;ETH;SEC;SR;OK;TASK000013913113;Priority 3;OK
SEC;ETH;SEC;SR;OK;TASK000013913117;Priority 3;OK
SEC;EMS;SEC;SR;OK;TASK000013913198;Priority 3;OK
CNC;DPY;CNC;SR;OK;TASK000013913210;Priority 3;OK
DBA;812;DBA;SR;OK;TASK000013913243;Priority 3;OK
SEC;ETH;SEC;SR;OK;TASK000013913429;Priority 3;OK
SEC;BWI;SEC;SR;OK;TASK000013913749;Priority 4;OK
SEC;812;SEC;SR;OK;TASK000013913770;Priority 3;OK
OPS;WS;OPS;SR;OK;TASK000013913795;Priority 3;OK
CNC;812;CNC;SR;OK;TASK000013913897;Priority 3;OK
SEC;EMS;SEC;SR;OK;TASK000013913921;Priority 3;OK
L1;812;MON;SR;OK;TASK000013913976;Priority 4;OK
APS;EES;APS;SR;OK;TASK000013913997;Priority 4;OK
SEC;SYN;SEC;SR;OK;TASK000013913999;Priority 3;OK
SEC;BWI;SEC;SR;OK;TASK000013914083;Priority 4;OK
SEC;SYN;SEC;SR;OK;TASK000013914219;Priority 3;OK
SEC;812;SEC;SR;OK;TASK000013914439;Priority 3;OK
CNC;812;CNC;SR;OK;TASK000013914912;Priority 3;OK
CNC;812;CNC;SR;OK;TASK000013915133;Priority 3;OK
SEC;ETH;SEC;SR;OK;TASK000013915252;Priority 3;OK
APS;ETH;APS;SR;OK;TASK000013915287;Priority 3;OK
APS;EES;APS;SR;OK;TASK000013915436;Priority 4;OK
L1;BWI;L1 ;SR;OK;TASK000013915922;Priority 4;OK
SEC;812;SEC;SR;OK;TASK000013916766;Priority 3;OK
FUN;812;FUN;SR;OK;TASK000013917251;Priority 4;OK
CNC;812;CNC;SR;OK;TASK000013917275;Priority 3;OK
SEC;MNT;SEC;SR;OK;TASK000013917391;Priority 3;OK
OPS;WS;OPS;SR;OK;TASK000013917583;Priority 3;OK
DBA;812;DBA;SR;OK;TASK000013917584;Priority 3;OK
SEC;ETH;SEC;SR;OK;TASK000013917657;Priority 3;OK
L1;BWI;L1 ;SR;OK;TASK000013918227;Priority 3;OK
DBA;812;DBA;SR;OK;TASK000013918692;Priority 3;OK
SEC;MNT;SEC;SR;OK;TASK000013918858;Priority 3;OK
SCH;LAT;SCH;SR;OK;TASK000013918960;Priority 3;OK
MNT;MNT;FUN;SR;OK;TASK000013919129;Priority 4;OK
FUN;ETH;FUN;SR;OK;TASK000013919175;Priority 3;OK
SEC;ETH;SEC;SR;OK;TASK000013919180;Priority 3;OK
SEC;SYN;SEC;SR;OK;TASK000013919265;Priority 3;OK
SEC;MNT;SEC;SR;OK;TASK000013919577;Priority 3;OK
CNC;ETH;CNC;SR;OK;TASK000013919848;Priority 3;OK
CNC;ETH;CNC;SR;OK;TASK000013919949;Priority 3;OK
SEC;WS;SEC;SR;OK;TASK000013920295;Priority 3;OK
CNC;ETH;CNC;SR;OK;TASK000013920442;Priority 3;OK
SEC;BWI;SEC;SR;OK;TASK000013920548;Priority 4;OK
SEC;812;SEC;SR;OK;TASK000013920655;Priority 3;OK
SEC;812;SEC;SR;OK;TASK000013921439;Priority 3;OK
APS;ETH;APS;SR;OK;TASK000013921440;Priority 3;OK
FIN;812;FUN;SR;OK;TASK000013921554;Priority 4;OK
SEC;812;SEC;SR;OK;TASK000013921680;Priority 3;OK
FIN;MNT;FUN;SR;OK;TASK000013921889;Priority 4;OK
SEC;812;SEC;SR;OK;TASK000013921906;Priority 3;OK
SEC;EMS;SEC;SR;OK;TASK000013921979;Priority 3;OK
CNC;812;CNC;SR;OK;TASK000013922010;Priority 3;OK
SEC;812;SEC;SR;OK;TASK000013922062;Priority 3;OK
CNC;812;CNC;SR;OK;TASK000013922180;Priority 3;OK
CNC;ETH;CNC;SR;OK;TASK000013922184;Priority 3;OK
SEC;812;SEC;SR;OK;TASK000013922294;Priority 3;OK
APS;ETH;APS;SR;OK;TASK000013922303;Priority 4;OK
DBA;812;DBA;SR;OK;TASK000013922433;Priority 3;OK
SEC;DCF;SEC;SR;OK;TASK000013922555;Priority 3;OK
SEC;812;SEC;SR;OK;TASK000013922556;Priority 3;OK
SEC;DCF;SEC;SR;OK;TASK000013922755;Priority 3;OK
SEC;DXE;SEC;SR;OK;TASK000013922768;Priority 3;OK
SEC;812;SEC;SR;OK;TASK000013922779;Priority 3;OK
DBA;812;DBA;SR;OK;TASK000013922860;Priority 3;OK
SEC;EMS;SEC;SR;OK;TASK000013922910;Priority 3;OK
SEC;812;SEC;SR;OK;TASK000013923016;Priority 3;OK
SEC;812;SEC;SR;OK;TASK000013923102;Priority 3;OK
SEC;DXE;SEC;SR;OK;TASK000013923250;Priority 3;OK
SEC;812;SEC;SR;OK;TASK000013923260;Priority 3;OK
FUN;812;FUN;SR;Defect;TASK000013923284;Priority 3;OK
CNC;812;CNC;SR;OK;TASK000013923738;Priority 3;OK
SEC;BWI;SEC;SR;Defect;TASK000013923825;Priority 4;OK
SEC;DCF;SEC;SR;Defect;TASK000013923884;Priority 3;OK
SEC;ETH;SEC;SR;OK;TASK000013923999;Priority 3;OK
FUN;DCF;FUN;SR;OK;TASK000013924375;Priority 3;OK
SEC;BWI;SEC;SR;OK;TASK000013924961;Priority 4;OK
SEC;ETH;SEC;SR;OK;TASK000013925067;Priority 3;OK
FUN;812;FUN;SR;OK;TASK000013925069;Priority 4;OK
SEC;SYN;SEC;SR;OK;TASK000013925183;Priority 3;OK
L1;812;MON;SR;OK;TASK000013925314;Priority 3;OK
SEC;BWI;SEC;SR;OK;TASK000013925472;Priority 4;OK
CNC;ETH;CNC;SR;OK;TASK000013925499;Priority 3;OK
CNC;812;CNC;SR;OK;TASK000013925565;Priority 3;OK
SEC;MNT;SEC;SR;OK;TASK000013925616;Priority 3;OK
FUN;812;FUN;SR;OK;TASK000013926444;Priority 3;OK
DBA;812;DBA;SR;OK;TASK000013926963;Priority 3;OK
DBA;812;DBA;SR;OK;TASK000013927006;Priority 3;OK
SEC;812;SEC;SR;OK;TASK000013927180;Priority 3;OK
SEC;812;SEC;SR;OK;TASK000013927205;Priority 3;OK
FIN;DXE;FUN;SR;OK;TASK000013927207;Priority 4;OK
DBA;812;DBA;SR;OK;TASK000013927345;Priority 3;OK
SEC;SYN;SEC;SR;Defect;TASK000013927442;Priority 3;OK
FUN;812;FUN;SR;OK;TASK000013927486;Priority 3;OK
SEC;EMS;SEC;SR;OK;TASK000013927697;Priority 3;OK
SEC;812;SEC;SR;OK;TASK000013927781;Priority 3;OK
SEC;SYN;SEC;SR;OK;TASK000013927870;Priority 3;OK
OPS;EMS;OPS;SR;OK;TASK000013928001;Priority 3;OK
SEC;SYN;SEC;SR;OK;TASK000013928055;Priority 3;OK
SEC;812;SEC;SR;OK;TASK000013928462;Priority 3;OK
SEC;BWI;SEC;SR;OK;TASK000013928555;Priority 4;OK
SEC;BWI;SEC;SR;OK;TASK000013928565;Priority 4;OK
CNC;812;CNC;SR;OK;TASK000013928937;Priority 3;OK
L1;DPY;MON;SR;OK;TASK000013929316;Priority 4;OK
SEC;DXE;SEC;SR;OK;TASK000013929352;Priority 3;OK
L1;DPY;CNC;SR;Defect;TASK000013929369;Priority 3;OK
SEC;DXE;SEC;SR;OK;TASK000013929381;Priority 3;OK
SEC;ETH;SEC;SR;OK;TASK000013929803;Priority 3;OK
SEC;ETH;SEC;SR;OK;TASK000013929805;Priority 3;OK
SEC;ETH;SEC;SR;OK;TASK000013929820;Priority 3;OK
SEC;ETH;SEC;SR;OK;TASK000013929877;Priority 3;OK
SEC;ETH;SEC;SR;OK;TASK000013929906;Priority 3;OK
SEC;ETH;SEC;SR;OK;TASK000013929910;Priority 3;OK
SEC;ETH;SEC;SR;OK;TASK000013929924;Priority 3;OK
SEC;ETH;SEC;SR;OK;TASK000013929931;Priority 3;OK
DBA;812;DBA;SR;OK;TASK000013929984;Priority 3;OK
SEC;ETH;SEC;SR;OK;TASK000013930059;Priority 3;OK
CNC;DPY;CNC;SR;OK;TASK000013930090;Priority 3;OK
FUN;COR;FUN;SR;OK;TASK000013930150;Priority 3;OK
DBA;812;DBA;SR;OK;TASK000013930479;Priority 3;OK
CNC;812;CNC;SR;OK;TASK000013930793;Priority 3;OK
FUN;812;FUN;SR;OK;TASK000013931201;Priority 3;OK
SEC;812;SEC;SR;OK;TASK000013931257;Priority 3;OK
CNC;812;CNC;SR;OK;TASK000013931361;Priority 3;OK
SEC;EMS;SEC;SR;OK;TASK000013931589;Priority 3;OK
DBA;812;DBA;SR;OK;TASK000013931798;Priority 3;OK
SEC;BWI;SEC;SR;OK;TASK000013931819;Priority 4;OK
CNC;812;CNC;SR;OK;TASK000013931915;Priority 3;OK
SEC;812;SEC;SR;OK;TASK000013931954;Priority 3;OK
SCH;LAT;SCH;SR;OK;TASK000013931972;Priority 3;OK
FUN;COR;FUN;SR;OK;TASK000013931987;Priority 3;OK
FUN;COR;FUN;SR;OK;TASK000013931988;Priority 3;OK
SEC;BWI;SEC;SR;OK;TASK000013932018;Priority 4;OK
APS;ETH;APS;SR;OK;TASK000013932034;Priority 3;OK
DBA;812;DBA;SR;OK;TASK000013932039;Priority 3;OK
SEC;ETH;SEC;SR;OK;TASK000013932153;Priority 3;OK
DBA;812;DBA;SR;OK;TASK000013932195;Priority 3;OK
FUN;COR;FUN;SR;OK;TASK000013932216;Priority 3;OK
SEC;DCF;SEC;SR;OK;TASK000013932223;Priority 3;OK
SCH;LAT;SCH;SR;OK;TASK000013932318;Priority 3;OK
SEC;812;SEC;SR;OK;TASK000013932455;Priority 3;OK
SEC;812;SEC;SR;OK;TASK000013932475;Priority 3;OK
SEC;BWI;SEC;SR;OK;TASK000013932775;Priority 4;OK
APS;ETH;APS;SR;OK;TASK000013933154;Priority 3;OK
SEC;ETH;SEC;SR;OK;TASK000013933180;Priority 3;OK
SEC;ETH;SEC;SR;OK;TASK000013933192;Priority 3;OK
APS;ETH;APS;SR;OK;TASK000013933330;Priority 3;OK
APS;EES;APS;SR;OK;TASK000013933431;Priority 3;OK
SEC;BWI;SEC;SR;OK;TASK000013933498;Priority 4;OK
SEC;SYN;SEC;SR;OK;TASK000013933563;Priority 3;OK
SEC;SYN;SEC;SR;Defect;TASK000013933668;Priority 3;OK
APS;ETH;APS;SR;OK;TASK000013933686;Priority 3;OK
SEC;BWI;SEC;SR;OK;TASK000013933709;Priority 4;OK
APS;ETH;APS;SR;OK;TASK000013933759;Priority 3;OK
SEC;SYN;SEC;SR;OK;TASK000013933804;Priority 3;OK
SEC;SYN;SEC;SR;OK;TASK000013933857;Priority 3;OK
APS;ETH;APS;SR;OK;TASK000013933860;Priority 3;OK
APS;ETH;APS;SR;OK;TASK000013933921;Priority 3;OK
SEC;DXE;SEC;SR;OK;TASK000013934325;Priority 3;OK
L1;812;MON;SR;OK;TASK000013934463;Priority 3;OK
L1;812;MON;SR;OK;TASK000013935846;Priority 4;OK
FUN;EES;FUN;SR;OK;TASK000013936431;Priority 4;OK
SEC;BWI;SEC;SR;OK;TASK000013936990;Priority 4;OK
SEC;BWI;SEC;SR;OK;TASK000013937253;Priority 4;OK
L1;DPY;MON;SR;OK;TASK000013938613;Priority 4;OK
OPS;EMS;OPS;SR;OK;TASK000013940564;Priority 4;OK
APS;ETH;APS;SR;OK;TASK000013941537;Priority 4;OK
SEC;BWI;SEC;SR;OK;TASK000013945743;Priority 4;OK
FIN;DCF;FUN;SR;OK;TASK000013946045;Priority 4;OK
FIN;DCF;FUN;SR;OK;TASK000013950490;Priority 4;OK
APS;ETH;APS;SR;OK;TASK000013950748;Priority 4;OK
APS;ETH;APS;SR;OK;TASK000013950807;Priority 4;OK
SEC;BWI;SEC;SR;OK;TASK000013951956;Priority 4;OK
SEC;BWI;SEC;SR;OK;TASK000013952364;Priority 4;OK
L1;BWI;L1 ;SR;OK;TASK000013952426;Priority 4;OK
APS;EES;APS;SR;OK;TASK000013954702;Priority 4;OK
FIN;812;FUN;SR;OK;TASK000013955381;Priority 4;OK
L1;812;MON;SR;OK;TASK000013957177;Priority 3;OK
SEC;812;SEC;SR;OK;TASK000013957277;Priority 3;OK
FUN;812;FUN;SR;OK;TASK000013957305;Priority 3;OK
SEC;812;SEC;SR;OK;TASK000013957356;Priority 3;OK
SEC;812;SEC;SR;OK;TASK000013957858;Priority 3;OK
DBA;812;DBA;SR;OK;TASK000013958168;Priority 3;OK
SEC;SYN;SEC;SR;OK;TASK000013958264;Priority 3;OK
SEC;DXE;SEC;SR;OK;TASK000013958316;Priority 3;OK
DBA;812;DBA;SR;OK;TASK000013958394;Priority 3;OK
SCH;812;SCH;SR;OK;TASK000013958488;Priority 3;OK
CNC;ETH;CNC;SR;OK;TASK000013958708;Priority 3;OK
SEC;DXE;SEC;SR;OK;TASK000013958731;Priority 3;OK
SEC;812;SEC;SR;OK;TASK000013958769;Priority 3;OK
SCH;LAT;SCH;SR;OK;TASK000013959191;Priority 3;OK
SCH;LAT;SCH;SR;OK;TASK000013959196;Priority 3;OK
TEC;DCF;TEC;SR;Defect;TASK000013959204;Priority 3;OK
SEC;DXE;SEC;SR;OK;TASK000013959227;Priority 3;OK
L1;DPY;MON;SR;OK;TASK000013959283;Priority 3;OK
L1;DPY;MON;SR;OK;TASK000013959287;Priority 3;OK
SEC;DXE;SEC;SR;OK;TASK000013959482;Priority 3;OK
SEC;DXE;SEC;SR;OK;TASK000013959485;Priority 3;OK
SEC;WS;SEC;SR;OK;TASK000013960291;Priority 3;OK
SEC;812;SEC;SR;OK;TASK000013960383;Priority 3;OK
SEC;SYN;SEC;SR;OK;TASK000013960570;Priority 3;OK
SEC;812;SEC;SR;OK;TASK000013960634;Priority 3;OK
SEC;812;SEC;SR;OK;TASK000013960641;Priority 3;OK
SEC;812;SEC;SR;OK;TASK000013960655;Priority 3;OK
APS;ETH;APS;SR;OK;TASK000013960690;Priority 3;OK
SEC;DXE;SEC;SR;OK;TASK000013960821;Priority 3;OK
L1;DPY;MON;SR;OK;TASK000013960837;Priority 3;OK
SEC;812;SEC;SR;OK;TASK000013960874;Priority 3;OK
SEC;ETH;SEC;SR;OK;TASK000013960981;Priority 3;OK
FUN;812;FUN;SR;OK;TASK000013960985;Priority 4;OK
SEC;812;SEC;SR;OK;TASK000013961047;Priority 3;OK
CNC;ETH;CNC;SR;OK;TASK000013961065;Priority 3;OK
APS;EES;APS;SR;OK;TASK000013962252;Priority 4;OK
SEC;812;SEC;SR;OK;TASK000013962608;Priority 3;OK
DBA;812;DBA;SR;OK;TASK000013963289;Priority 3;OK
SEC;WS;SEC;SR;OK;TASK000013963438;Priority 3;OK
SEC;812;SEC;SR;OK;TASK000013963629;Priority 3;OK
SEC;812;SEC;SR;OK;TASK000013963863;Priority 3;OK
FUN;812;FUN;SR;OK;TASK000013963943;Priority 3;OK
FIN;DCF;FUN;SR;OK;TASK000013964291;Priority 4;OK
SEC;WS;SEC;SR;OK;TASK000013964386;Priority 3;OK
SEC;812;SEC;SR;OK;TASK000013964516;Priority 3;OK
L1;BWI;L1 ;SR;OK;TASK000013964543;Priority 4;OK
SEC;812;SEC;SR;OK;TASK000013964595;Priority 3;OK
SEC;DPY;SEC;SR;OK;TASK000013965263;Priority 3;OK
CNC;812;CNC;SR;OK;TASK000013966569;Priority 3;OK
CNC;ETH;CNC;SR;OK;TASK000013967079;Priority 3;OK
CNC;ETH;CNC;SR;OK;TASK000013967104;Priority 3;OK
L1;812;MON;SR;OK;TASK000013967707;Priority 3;OK
DBA;812;DBA;SR;OK;TASK000013968062;Priority 3;OK
SEC;812;SEC;SR;OK;TASK000013968310;Priority 3;OK
SEC;DXE;SEC;SR;OK;TASK000013968407;Priority 3;OK
DBA;812;DBA;SR;OK;TASK000013968530;Priority 3;OK
DBA;812;DBA;SR;OK;TASK000013968756;Priority 3;OK
SEC;812;SEC;SR;OK;TASK000013968773;Priority 3;OK
DBA;812;DBA;SR;OK;TASK000013969433;Priority 3;OK
SEC;812;SEC;SR;OK;TASK000013969579;Priority 3;OK
SEC;812;SEC;SR;OK;TASK000013969591;Priority 3;OK
SEC;812;SEC;SR;OK;TASK000013969610;Priority 3;OK
CNC;ETH;CNC;SR;OK;TASK000013969635;Priority 3;OK
SEC;EMS;SEC;SR;OK;TASK000013969667;Priority 3;OK
APS;ETH;APS;SR;OK;TASK000013969701;Priority 3;OK
FIN;DCF;FUN;SR;OK;TASK000013969707;Priority 4;OK
APS;ETH;APS;SR;OK;TASK000013970091;Priority 3;OK
SEC;EMS;SEC;SR;OK;TASK000013970097;Priority 3;OK
OPS;EMS;OPS;SR;OK;TASK000013970257;Priority 3;OK
SEC;812;SEC;SR;OK;TASK000013970325;Priority 3;OK
SEC;ETH;SEC;SR;OK;TASK000013970384;Priority 3;OK
SEC;DCF;SEC;SR;OK;TASK000013970446;Priority 3;OK
DBA;812;DBA;SR;OK;TASK000013970455;Priority 3;OK
SEC;MNT;SEC;SR;OK;TASK000013970664;Priority 3;OK
FUN;ETH;FUN;SR;OK;TASK000013970906;Priority 3;OK
SEC;MNT;SEC;SR;OK;TASK000013971529;Priority 3;OK
SEC;BWI;SEC;SR;OK;TASK000013971658;Priority 4;OK
SEC;BWI;SEC;SR;OK;TASK000013971663;Priority 4;OK
SEC;812;SEC;SR;OK;TASK000013972985;Priority 3;OK
FIN;DCF;FUN;SR;OK;TASK000013973041;Priority 3;OK
L1;812;MON;SR;OK;TASK000013973295;Priority 4;OK
DBA;812;DBA;SR;OK;TASK000013973592;Priority 3;OK
APS;ETH;APS;SR;OK;TASK000013973658;Priority 3;OK
SEC;DCF;SEC;SR;OK;TASK000013973936;Priority 3;OK
SEC;SYN;SEC;SR;Defect;TASK000013973961;Priority 3;OK
SEC;812;SEC;SR;OK;TASK000013974004;Priority 3;OK
SEC;BWI;SEC;SR;OK;TASK000013974012;Priority 4;OK
CNC;812;CNC;SR;OK;TASK000013974050;Priority 3;OK
FUN;DXE;FUN;SR;OK;TASK000013974171;Priority 4;OK
SEC;812;SEC;SR;OK;TASK000013974763;Priority 3;OK
SEC;ETH;SEC;SR;OK;TASK000013974822;Priority 3;OK
APS;ETH;APS;SR;OK;TASK000013974937;Priority 3;OK
SEC;SYN;SEC;SR;OK;TASK000013974968;Priority 3;OK
SEC;ETH;SEC;SR;OK;TASK000013975033;Priority 3;OK
APS;ETH;APS;SR;OK;TASK000013975159;Priority 3;OK
APS;ETH;APS;SR;OK;TASK000013975318;Priority 3;OK
CNC;812;CNC;SR;OK;TASK000013975579;Priority 3;OK
SEC;SYN;SEC;SR;OK;TASK000013976055;Priority 3;OK
SEC;SYN;SEC;SR;OK;TASK000013976164;Priority 3;OK
SEC;DPY;SEC;SR;OK;TASK000013976203;Priority 3;OK
SEC;SYN;SEC;SR;OK;TASK000013976314;Priority 3;OK
L1;812;MON;SR;OK;TASK000013976887;Priority 3;OK
SEC;EMS;SEC;SR;OK;TASK000013977794;Priority 3;OK
FUN;DCF;FUN;SR;OK;TASK000013978023;Priority 3;OK
SEC;812;SEC;SR;OK;TASK000013978627;Priority 3;OK
SEC;SYN;SEC;SR;OK;TASK000013978637;Priority 3;OK
SEC;812;SEC;SR;OK;TASK000013978640;Priority 3;OK
APS;ETH;APS;SR;OK;TASK000013978653;Priority 3;OK
SEC;SYN;SEC;SR;OK;TASK000013978661;Priority 3;OK
SEC;812;SEC;SR;OK;TASK000013978882;Priority 3;OK
L1;BWI;L1 ;SR;OK;TASK000013978905;Priority 4;OK
SEC;812;SEC;SR;OK;TASK000013979147;Priority 3;OK
SEC;812;SEC;SR;OK;TASK000013979155;Priority 3;OK
SEC;SYN;SEC;SR;Defect;TASK000013979305;Priority 3;OK
DBA;812;DBA;SR;OK;TASK000013979399;Priority 3;OK
SEC;SYN;SEC;SR;Defect;TASK000013979446;Priority 3;OK
APS;ETH;APS;SR;OK;TASK000013979476;Priority 3;OK
SEC;812;SEC;SR;OK;TASK000013979560;Priority 3;OK
APS;EES;APS;SR;OK;TASK000013979562;Priority 3;OK
CNC;812;CNC;SR;OK;TASK000013979571;Priority 3;OK
DBA;812;DBA;SR;OK;TASK000013979713;Priority 3;OK
SEC;812;SEC;SR;OK;TASK000013979914;Priority 3;OK
SEC;ETH;SEC;SR;OK;TASK000013980337;Priority 3;OK
SEC;SYN;SEC;SR;OK;TASK000013980357;Priority 3;OK
SCH;LAT;SCH;SR;OK;TASK000013980443;Priority 3;OK
SEC;BWI;SEC;SR;OK;TASK000013980668;Priority 4;OK
APS;ETH;APS;SR;OK;TASK000013981091;Priority 4;OK
SEC;BWI;SEC;SR;OK;TASK000013981161;Priority 4;OK
L1;BWI;L1 ;SR;OK;TASK000013981645;Priority 3;OK
DBA;812;DBA;SR;OK;TASK000013982538;Priority 3;OK
SEC;EMS;SEC;SR;OK;TASK000013982584;Priority 3;OK
L1;812;MON;SR;OK;TASK000013982757;Priority 3;OK
L1;812;MON;SR;OK;TASK000013982766;Priority 3;OK
CNC;812;CNC;SR;OK;TASK000013982788;Priority 3;OK
DBA;812;DBA;SR;OK;TASK000013982983;Priority 3;OK
CNC;812;CNC;SR;OK;TASK000013983174;Priority 3;OK
SEC;SYN;SEC;SR;OK;TASK000013983329;Priority 3;OK
DBA;812;DBA;SR;OK;TASK000013983377;Priority 3;OK
SEC;LAT;SEC;SR;OK;TASK000013983392;Priority 3;OK
SEC;812;SEC;SR;OK;TASK000013983423;Priority 3;OK
SEC;ETH;SEC;SR;OK;TASK000013983701;Priority 3;OK
FUN;ETH;FUN;SR;OK;TASK000013983906;Priority 4;OK
SEC;812;SEC;SR;OK;TASK000013983910;Priority 3;OK
SEC;812;SEC;SR;OK;TASK000013983919;Priority 3;OK
SEC;EMS;SEC;SR;Defect;TASK000013983933;Priority 3;OK
APS;ETH;APS;SR;OK;TASK000013983950;Priority 3;OK
CNC;812;CNC;SR;OK;TASK000013984151;Priority 3;OK
SEC;SYN;SEC;SR;OK;TASK000013984229;Priority 3;OK
DCF;DCF;FUN;SR;Defect;TASK000013984249;Priority 3;OK
SEC;WS;SEC;SR;OK;TASK000013984436;Priority 3;OK
CNC;812;CNC;SR;OK;TASK000013984617;Priority 3;OK
APS;ETH;APS;SR;OK;TASK000013984652;Priority 3;OK
SEC;EDS;SEC;SR;OK;TASK000013984723;Priority 3;OK
SEC;MNT;SEC;SR;OK;TASK000013984779;Priority 3;OK
L1;BWI;L1 ;SR;OK;TASK000013984813;Priority 4;OK
SEC;ETH;SEC;SR;OK;TASK000013984995;Priority 3;OK
SEC;DPY;SEC;SR;OK;TASK000013985431;Priority 3;OK
SEC;EMS;SEC;SR;Defect;TASK000013985455;Priority 3;OK
APS;ETH;APS;SR;OK;TASK000013985462;Priority 3;OK
APS;ETH;APS;SR;OK;TASK000013985588;Priority 4;OK
SEC;MNT;SEC;SR;OK;TASK000013985610;Priority 3;OK
L1;BWI;L1 ;SR;OK;TASK000013985799;Priority 3;OK
SEC;ETH;SEC;SR;OK;TASK000013985998;Priority 3;OK
L1;812;MON;SR;OK;TASK000013986319;Priority 3;OK
SEC;812;SEC;SR;OK;TASK000013986571;Priority 3;OK
FUN;812;FUN;SR;OK;TASK000013987481;Priority 3;OK
CNC;812;CNC;SR;OK;TASK000013987541;Priority 3;OK
SEC;812;SEC;SR;OK;TASK000013987591;Priority 3;OK
SEC;812;SEC;SR;OK;TASK000013987748;Priority 3;OK
FIN;DCF;FUN;SR;OK;TASK000013988185;Priority 4;OK
DBA;812;DBA;SR;OK;TASK000013988191;Priority 3;OK
L1;BWI;L1 ;SR;OK;TASK000013988405;Priority 3;OK
CNC;EES;CNC;SR;OK;TASK000013988527;Priority 3;OK
SEC;812;SEC;SR;OK;TASK000013988544;Priority 3;OK
L1;812;MON;SR;OK;TASK000013988679;Priority 3;OK
SEC;ETH;SEC;SR;OK;TASK000013988825;Priority 3;OK
CNC;812;CNC;SR;OK;TASK000013988841;Priority 3;OK
CNC;DPY;CNC;SR;OK;TASK000013988889;Priority 3;OK
SEC;DPY;SEC;SR;OK;TASK000013989051;Priority 4;OK
CNC;812;CNC;SR;OK;TASK000013989149;Priority 3;OK
SEC;DXE;SEC;SR;OK;TASK000013989166;Priority 3;OK
CNC;DPY;CNC;SR;OK;TASK000013989353;Priority 3;OK
SEC;SYN;SEC;SR;Defect;TASK000013989486;Priority 3;OK
SEC;812;SEC;SR;OK;TASK000013989493;Priority 3;OK
SEC;ETH;SEC;SR;OK;TASK000013989507;Priority 3;OK
SEC;EMS;SEC;SR;OK;TASK000013989580;Priority 3;OK
SEC;ETH;SEC;SR;OK;TASK000013990742;Priority 3;OK
DBA;812;DBA;SR;OK;TASK000013990842;Priority 3;OK
SEC;812;SEC;SR;OK;TASK000013991072;Priority 3;OK
CNC;812;CNC;SR;OK;TASK000013991425;Priority 3;OK
SEC;EMS;SEC;SR;OK;TASK000013991449;Priority 3;OK
L1;812;MON;SR;OK;TASK000013991672;Priority 4;OK
FIN;DXE;FUN;SR;OK;TASK000013991691;Priority 4;OK
SEC;812;SEC;SR;OK;TASK000013991747;Priority 3;OK
SEC;812;SEC;SR;OK;TASK000013991832;Priority 3;OK
SEC;SYN;SEC;SR;OK;TASK000013991840;Priority 3;OK
SEC;BWI;SEC;SR;OK;TASK000013991892;Priority 4;OK
SEC;812;SEC;SR;OK;TASK000013992248;Priority 3;OK
SEC;DPY;SEC;SR;OK;TASK000013992397;Priority 3;OK
SCH;812;SCH;SR;Defect;TASK000013992502;Priority 3;OK
SEC;DPY;SEC;SR;OK;TASK000013992563;Priority 3;OK
SEC;812;SEC;SR;OK;TASK000013992650;Priority 3;OK
CNC;EES;CNC;SR;OK;TASK000013992931;Priority 3;OK
SEC;EMS;SEC;SR;OK;TASK000013993020;Priority 3;OK
SEC;DCF;SEC;SR;OK;TASK000013993026;Priority 3;OK
SEC;812;SEC;SR;OK;TASK000013993147;Priority 3;OK
SEC;812;SEC;SR;OK;TASK000013993246;Priority 3;OK
APS;ETH;APS;SR;OK;TASK000013993247;Priority 3;OK
SEC;812;SEC;SR;OK;TASK000013993351;Priority 3;OK
SEC;BWI;SEC;SR;OK;TASK000013993570;Priority 4;OK
FUN;ETH;FUN;SR;OK;TASK000013993709;Priority 3;OK
SEC;SYN;SEC;SR;OK;TASK000013993823;Priority 3;OK
L1;BWI;L1 ;SR;OK;TASK000013993932;Priority 3;OK
SCH;LAT;SCH;SR;OK;TASK000013994181;Priority 3;OK
CNC;BWI;CNC;SR;OK;TASK000013994221;Priority 3;OK
SEC;DCF;SEC;SR;Defect;TASK000013994344;Priority 3;OK
SEC;SYN;SEC;SR;OK;TASK000013994368;Priority 3;OK
FUN;812;FUN;SR;OK;TASK000013994526;Priority 4;OK
APS;ETH;APS;SR;OK;TASK000013994822;Priority 3;OK
CNC;ETH;CNC;SR;OK;TASK000013995278;Priority 3;OK
L1;BWI;L1 ;SR;OK;TASK000013995753;Priority 4;OK
DBA;812;DBA;SR;OK;TASK000013995959;Priority 3;OK
DBA;812;DBA;SR;OK;TASK000013996126;Priority 3;OK
SEC;812;SEC;SR;OK;TASK000013996174;Priority 3;OK
L1;812;MON;SR;OK;TASK000013996350;Priority 4;OK
APS;ETH;APS;SR;OK;TASK000013997047;Priority 3;OK
SEC;812;SEC;SR;OK;TASK000013997199;Priority 3;OK
FUN;812;FUN;SR;OK;TASK000013997344;Priority 3;OK
SEC;DXE;SEC;SR;OK;TASK000013997548;Priority 3;OK
SEC;812;SEC;SR;OK;TASK000013997573;Priority 3;OK
L1;812;MON;SR;OK;TASK000013997613;Priority 3;OK
SEC;812;SEC;SR;OK;TASK000013997734;Priority 3;OK
SEC;WS;SEC;SR;OK;TASK000013997793;Priority 3;OK
L1;812;MON;SR;OK;TASK000013997819;Priority 3;OK
APS;ETH;APS;SR;OK;TASK000013998003;Priority 3;OK
SEC;BWI;SEC;SR;OK;TASK000013998301;Priority 4;OK
APS;ETH;APS;SR;OK;TASK000013998622;Priority 3;OK
CNC;BWI;CNC;SR;OK;TASK000013998704;Priority 3;OK
SEC;SYN;SEC;SR;OK;TASK000013998744;Priority 3;OK
SEC;SYN;SEC;SR;Defect;TASK000013999273;Priority 3;OK
L1;BWI;L1 ;SR;OK;TASK000013999360;Priority 3;OK
APS;ETH;APS;SR;OK;TASK000013999381;Priority 3;OK
SEC;EES;SEC;SR;OK;TASK000013999487;Priority 3;OK
SEC;EES;SEC;SR;OK;TASK000013999510;Priority 3;OK
SEC;DCF;SEC;SR;OK;TASK000013999866;Priority 3;OK
DBA;812;DBA;SR;OK;TASK000014000617;Priority 3;OK
SEC;812;SEC;SR;OK;TASK000014001198;Priority 3;OK
SEC;812;SEC;SR;OK;TASK000014001277;Priority 3;OK
SEC;812;SEC;SR;OK;TASK000014001586;Priority 3;OK
SEC;812;SEC;SR;OK;TASK000014001994;Priority 3;OK
APS;ETH;APS;SR;OK;TASK000014002573;Priority 3;OK
CNC;ETH;CNC;SR;OK;TASK000014002632;Priority 3;OK
CNC;812;CNC;SR;OK;TASK000014002701;Priority 3;OK
SEC;SYN;SEC;SR;OK;TASK000014002734;Priority 3;OK
SEC;SYN;SEC;SR;OK;TASK000014002938;Priority 3;OK
SEC;DXE;SEC;SR;OK;TASK000014003362;Priority 3;OK
SEC;CAN;SEC;SR;OK;TASK000014003855;Priority 3;OK
SEC;ETH;SEC;SR;OK;TASK000014004107;Priority 3;OK
APS;ETH;APS;SR;OK;TASK000014004120;Priority 3;OK
L1;ETH;CNC;SR;OK;TASK000014004324;Priority 3;OK
L1;ETH;CNC;SR;OK;TASK000014004418;Priority 3;OK
SEC;DXE;SEC;SR;OK;TASK000014005260;Priority 3;OK
SEC;DXE;SEC;SR;OK;TASK000014005309;Priority 3;OK
DBA;812;DBA;SR;OK;TASK000014005378;Priority 3;OK
FUN;812;FUN;SR;OK;TASK000014005409;Priority 3;OK
SCH;LAT;SCH;SR;OK;TASK000014005521;Priority 3;OK
FUN;812;FUN;SR;OK;TASK000014005532;Priority 3;OK
SEC;SYN;SEC;SR;OK;TASK000014005828;Priority 3;OK
SEC;MNT;SEC;SR;OK;TASK000014006258;Priority 3;OK
SEC;DXE;SEC;SR;OK;TASK000014006878;Priority 3;OK
L1;BWI;L1 ;SR;OK;TASK000014006918;Priority 3;OK
SEC;812;SEC;SR;OK;TASK000014007274;Priority 3;OK
SEC;BWI;SEC;SR;OK;TASK000014007316;Priority 4;OK
SEC;BWI;SEC;SR;OK;TASK000014007673;Priority 4;OK
APS;ETH;APS;SR;OK;TASK000014007730;Priority 3;OK
APS;ETH;APS;SR;OK;TASK000014007808;Priority 3;OK
SEC;ETH;SEC;SR;OK;TASK000014008050;Priority 3;OK
SEC;812;SEC;SR;OK;TASK000014009504;Priority 3;OK
OPS;EMS;OPS;SR;OK;TASK000014009836;Priority 3;OK
L1;812;MON;SR;OK;TASK000014009838;Priority 3;OK
SEC;812;SEC;SR;OK;TASK000014009929;Priority 3;OK
SEC;812;SEC;SR;OK;TASK000014009943;Priority 3;OK
L1;812;MON;SR;OK;TASK000014010007;Priority 3;OK
APS;ETH;APS;SR;OK;TASK000014010017;Priority 3;OK
SEC;EMS;SEC;SR;OK;TASK000014010459;Priority 3;OK
SEC;WS;SEC;SR;OK;TASK000014010795;Priority 3;OK
CNC;812;CNC;SR;OK;TASK000014010804;Priority 3;OK
SEC;812;SEC;SR;OK;TASK000014010814;Priority 3;OK
SEC;812;SEC;SR;OK;TASK000014010921;Priority 3;OK
SEC;812;SEC;SR;OK;TASK000014011005;Priority 3;OK
SEC;BWI;SEC;SR;OK;TASK000014011017;Priority 4;OK
SEC;WS;SEC;SR;OK;TASK000014011038;Priority 3;OK
APS;ETH;APS;SR;OK;TASK000014011148;Priority 3;OK
SEC;812;SEC;SR;OK;TASK000014011553;Priority 3;OK
APS;ETH;APS;SR;OK;TASK000014011575;Priority 3;OK
SEC;BWI;SEC;SR;OK;TASK000014011898;Priority 4;OK
SEC;MNT;SEC;SR;OK;TASK000014011922;Priority 3;OK
SEC;BWI;SEC;SR;OK;TASK000014011971;Priority 4;OK
SEC;MNT;SEC;SR;OK;TASK000014012047;Priority 3;OK
CNC;MNT;CNC;SR;OK;TASK000014012172;Priority 3;OK
SCH;LAT;SCH;SR;OK;TASK000014012242;Priority 3;OK
SEC;EMS;SEC;SR;OK;TASK000014012263;Priority 3;OK
L1;BWI;L1 ;SR;OK;TASK000014012493;Priority 3;OK
SEC;MNT;SEC;SR;OK;TASK000014012634;Priority 3;OK
SEC;EES;SEC;SR;OK;TASK000014012741;Priority 3;OK
APS;EES;APS;SR;OK;TASK000014013225;Priority 3;OK
APS;ETH;APS;SR;OK;TASK000014014173;Priority 3;OK
SEC;812;SEC;SR;OK;TASK000014014283;Priority 3;OK
SEC;812;SEC;SR;OK;TASK000014014554;Priority 3;OK
L1;812;MON;SR;OK;TASK000014014669;Priority 4;OK
SEC;812;SEC;SR;OK;TASK000014014795;Priority 3;OK
SEC;812;SEC;SR;OK;TASK000014015040;Priority 3;OK
SEC;812;SEC;SR;OK;TASK000014015054;Priority 3;OK
L1;EDS;L1 ;SR;OK;TASK000014015145;Priority 3;OK
SEC;812;SEC;SR;OK;TASK000014015238;Priority 3;OK
SEC;812;SEC;SR;OK;TASK000014015323;Priority 3;OK
SEC;MNT;SEC;SR;OK;TASK000014016526;Priority 3;OK
SEC;DXE;SEC;SR;OK;TASK000014016609;Priority 3;OK
SEC;MNT;SEC;SR;OK;TASK000014016857;Priority 3;OK
CNC;ETH;CNC;SR;OK;TASK000014017626;Priority 3;OK
L1;812;MON;SR;OK;TASK000014018159;Priority 4;OK
DBA;812;DBA;SR;OK;TASK000014019231;Priority 3;OK
DBA;812;DBA;SR;OK;TASK000014019412;Priority 3;OK
SEC;812;SEC;SR;OK;TASK000014019642;Priority 3;OK
SEC;812;SEC;SR;OK;TASK000014019804;Priority 3;OK
APS;ETH;APS;SR;OK;TASK000014019811;Priority 3;OK
DBA;812;DBA;SR;OK;TASK000014019851;Priority 3;OK
DBA;812;DBA;SR;OK;TASK000014019852;Priority 3;OK
SEC;812;SEC;SR;OK;TASK000014020243;Priority 3;OK
APS;ETH;APS;SR;OK;TASK000014020260;Priority 3;OK
APS;ETH;APS;SR;OK;TASK000014020263;Priority 3;OK
SEC;812;SEC;SR;OK;TASK000014020271;Priority 3;OK
APS;ETH;APS;SR;OK;TASK000014020289;Priority 3;OK
SEC;812;SEC;SR;OK;TASK000014020726;Priority 3;OK
SEC;BWI;SEC;SR;OK;TASK000014020882;Priority 4;OK
CNC;812;CNC;SR;OK;TASK000014021290;Priority 3;OK
APS;ETH;APS;SR;OK;TASK000014021315;Priority 3;OK
L1;BWI;L1 ;SR;OK;TASK000014021500;Priority 3;OK
SEC;MNT;SEC;SR;OK;TASK000014021825;Priority 3;OK
L1;812;MON;SR;OK;TASK000014021904;Priority 4;OK
L1;BWI;L1 ;SR;OK;TASK000014021968;Priority 3;OK
SEC;BWI;SEC;SR;OK;TASK000014021983;Priority 4;OK
L1;812;MON;SR;OK;TASK000014022178;Priority 4;OK
SEC;812;SEC;SR;OK;TASK000014023041;Priority 3;OK
SEC;812;SEC;SR;OK;TASK000014023333;Priority 3;OK
CNC;812;CNC;SR;OK;TASK000014023854;Priority 3;OK
SEC;812;SEC;SR;OK;TASK000014024192;Priority 3;OK
SEC;MNT;SEC;SR;OK;TASK000014024365;Priority 3;OK
SEC;ETH;SEC;SR;OK;TASK000014024424;Priority 3;OK
SCH;812;SCH;SR;OK;TASK000014024643;Priority 3;OK
DBA;812;DBA;SR;OK;TASK000014024688;Priority 3;OK
SEC;ETH;SEC;SR;OK;TASK000014024808;Priority 3;OK
CNC;MNT;CNC;SR;OK;TASK000014025762;Priority 3;OK
SEC;MNT;SEC;SR;OK;TASK000014025876;Priority 3;OK
APS;EES;APS;SR;OK;TASK000014026079;Priority 3;OK
CNC;ETH;CNC;SR;OK;TASK000014026112;Priority 3;OK
L1;812;MON;SR;OK;TASK000014026720;Priority 4;OK
DBA;812;DBA;SR;OK;TASK000014027222;Priority 3;OK
SEC;812;SEC;SR;OK;TASK000014027231;Priority 3;OK
APS;ETH;APS;SR;OK;TASK000014027658;Priority 3;OK
SEC;DXE;SEC;SR;OK;TASK000014027832;Priority 3;OK
SEC;812;SEC;SR;OK;TASK000014027968;Priority 3;OK
APS;ETH;APS;SR;OK;TASK000014028318;Priority 3;OK
APS;ETH;APS;SR;OK;TASK000014028335;Priority 3;OK
APS;ETH;APS;SR;OK;TASK000014028392;Priority 3;OK
DBA;812;DBA;SR;OK;TASK000014028437;Priority 3;OK
FUN;812;FUN;SR;OK;TASK000014032834;Priority 4;OK
FUN;812;FUN;SR;OK;TASK000014033461;Priority 4;OK
OPS;WS;OPS;SR;OK;TASK000014033597;Priority 4;OK
APS;ETH;APS;SR;OK;TASK000014034210;Priority 4;OK
SEC;BWI;SEC;SR;OK;TASK000014034437;Priority 4;OK
L1;812;MON;SR;OK;TASK000014036828;Priority 4;OK
FIN;812;FUN;SR;OK;TASK000014037637;Priority 4;OK
L1;812;MON;SR;OK;TASK000014040277;Priority 4;OK
FUN;WS;FUN;SR;OK;TASK000014040924;Priority 4;OK
FUN;WS;FUN;SR;OK;TASK000014042142;Priority 4;OK
FUN;812;FUN;SR;OK;TASK000014045852;Priority 4;OK
SEC;DPY;SEC;SR;OK;TASK000014045968;Priority 4;OK
SEC;BWI;SEC;SR;OK;TASK000014046911;Priority 4;OK
SEC;BWI;SEC;SR;OK;TASK000014047169;Priority 4;OK
L1;BWI;L1 ;SR;OK;TASK000014047668;Priority 4;OK
CNC;DCF;CNC;SR;OK;TASK000014050687;Priority 3;OK
L1;812;MON;SR;OK;TASK000014050793;Priority 3;OK
SEC;WS;SEC;SR;OK;TASK000014050832;Priority 3;OK
DBA;812;DBA;SR;OK;TASK000014050842;Priority 3;OK
FUN;812;FUN;SR;OK;TASK000014051029;Priority 3;OK
DBA;812;DBA;SR;OK;TASK000014051124;Priority 3;OK
SEC;CAN;SEC;SR;OK;TASK000014051140;Priority 3;OK
SEC;DCF;SEC;SR;OK;TASK000014051192;Priority 3;OK
DBA;812;DBA;SR;OK;TASK000014051266;Priority 3;OK
L1;812;MON;SR;OK;TASK000014051305;Priority 4;OK
SEC;ETH;SEC;SR;OK;TASK000014051344;Priority 3;OK
SEC;MNT;SEC;SR;OK;TASK000014051865;Priority 3;OK
SEC;WS;SEC;SR;OK;TASK000014051922;Priority 3;OK
CNC;812;CNC;SR;OK;TASK000014052083;Priority 3;OK
SEC;MNT;SEC;SR;OK;TASK000014052307;Priority 3;OK
SEC;SYN;SEC;SR;OK;TASK000014052499;Priority 3;OK
DBA;812;DBA;SR;OK;TASK000014052514;Priority 3;OK
OPS;EDS;OPS;SR;OK;TASK000014052573;Priority 3;OK
SCH;812;SCH;SR;OK;TASK000014052620;Priority 3;OK
L1;812;MON;SR;OK;TASK000014052653;Priority 3;OK
DBA;812;DBA;SR;OK;TASK000014052718;Priority 3;OK
CNC;812;CNC;SR;OK;TASK000014052776;Priority 3;OK
SEC;MNT;SEC;SR;OK;TASK000014052803;Priority 3;OK
SEC;MNT;SEC;SR;OK;TASK000014052806;Priority 3;OK
SEC;MNT;SEC;SR;OK;TASK000014052815;Priority 3;OK
SEC;MNT;SEC;SR;OK;TASK000014052855;Priority 3;OK
SEC;MNT;SEC;SR;OK;TASK000014052863;Priority 3;OK
SEC;MNT;SEC;SR;OK;TASK000014052875;Priority 3;OK
SEC;MNT;SEC;SR;OK;TASK000014052895;Priority 3;OK
SEC;MNT;SEC;SR;OK;TASK000014052943;Priority 3;OK
SEC;MNT;SEC;SR;OK;TASK000014052945;Priority 3;OK
DBA;812;DBA;SR;OK;TASK000014052988;Priority 3;OK
SEC;MNT;SEC;SR;OK;TASK000014053326;Priority 3;OK
FUN;EES;FUN;SR;OK;TASK000014053616;Priority 3;OK
SEC;MNT;SEC;SR;OK;TASK000014053625;Priority 3;OK
L1;BWI;L1 ;SR;OK;TASK000014053637;Priority 3;OK
CNC;812;CNC;SR;OK;TASK000014054445;Priority 3;OK
SEC;812;SEC;SR;OK;TASK000014054450;Priority 3;OK
SEC;EMS;SEC;SR;OK;TASK000014054452;Priority 3;OK
SEC;EDS;SEC;SR;OK;TASK000014054571;Priority 3;OK
DBA;812;DBA;SR;OK;TASK000014054691;Priority 3;OK
APS;ETH;APS;SR;OK;TASK000014054693;Priority 3;OK
SEC;DCF;SEC;SR;OK;TASK000014054717;Priority 3;OK
SEC;DXE;SEC;SR;OK;TASK000014054897;Priority 3;OK
FUN;812;FUN;SR;OK;TASK000014055342;Priority 4;OK
FIN;812;FUN;SR;OK;TASK000014055432;Priority 3;OK
SEC;LAT;SEC;SR;OK;TASK000014055455;Priority 4;OK
CNC;LAT;CNC;SR;OK;TASK000014055589;Priority 3;OK
APS;ETH;APS;SR;OK;TASK000014055633;Priority 3;OK
SEC;SYN;SEC;SR;OK;TASK000014055803;Priority 3;OK
SCH;LAT;SCH;SR;OK;TASK000014055862;Priority 3;OK
CNC;ETH;CNC;SR;OK;TASK000014056038;Priority 3;OK
SEC;ETH;SEC;SR;OK;TASK000014056384;Priority 3;OK
APS;ETH;APS;SR;OK;TASK000014056875;Priority 3;OK
FIN;812;FUN;SR;OK;TASK000014057200;Priority 4;OK
SEC;812;SEC;SR;OK;TASK000014057249;Priority 3;OK
APS;DCF;APS;SR;OK;TASK000014057408;Priority 3;OK
SCH;812;SCH;SR;OK;TASK000014057412;Priority 3;OK
FIN;DCF;FUN;SR;OK;TASK000014057737;Priority 4;OK
TEC;DCF;FUN;SR;OK;TASK000014058013;Priority 3;OK
SEC;SYN;SEC;SR;OK;TASK000014058044;Priority 3;OK
FUN;WS;FUN;SR;OK;TASK000014058103;Priority 4;OK
FUN;WS;FUN;SR;OK;TASK000014058896;Priority 4;OK
SEC;DXE;SEC;SR;OK;TASK000014059124;Priority 3;OK
CNC;DCF;CNC;SR;OK;TASK000014059146;Priority 3;OK
SEC;812;SEC;SR;OK;TASK000014059210;Priority 3;OK
SCH;LAT;SCH;SR;Defect;TASK000014059655;Priority 3;OK
SEC;DCF;SEC;SR;OK;TASK000014059661;Priority 3;OK
SEC;SYN;SEC;SR;OK;TASK000014059701;Priority 3;OK
FUN;EES;FUN;SR;OK;TASK000014060502;Priority 3;OK
FUN;DCF;FUN;SR;OK;TASK000014061961;Priority 3;OK
FUN;DCF;FUN;SR;OK;TASK000014061962;Priority 3;OK
SEC;812;SEC;SR;OK;TASK000014062073;Priority 3;OK
DBA;812;DBA;SR;OK;TASK000014062077;Priority 3;OK
SEC;MNT;SEC;SR;OK;TASK000014062333;Priority 3;OK
CNC;812;CNC;SR;OK;TASK000014062335;Priority 3;OK
CNC;DCF;CNC;SR;OK;TASK000014062348;Priority 3;OK
SEC;MNT;SEC;SR;OK;TASK000014062396;Priority 3;OK
SEC;MNT;SEC;SR;OK;TASK000014062430;Priority 3;OK
SEC;MNT;SEC;SR;OK;TASK000014062457;Priority 3;OK
SEC;EMS;SEC;SR;OK;TASK000014062502;Priority 3;OK
DBA;812;DBA;SR;OK;TASK000014062504;Priority 3;OK
SEC;812;SEC;SR;OK;TASK000014062573;Priority 3;OK
SEC;DCF;SEC;SR;OK;TASK000014062577;Priority 3;OK
CNC;812;CNC;SR;OK;TASK000014062634;Priority 3;OK
SEC;812;SEC;SR;OK;TASK000014062732;Priority 3;OK
SEC;EMS;SEC;SR;OK;TASK000014062743;Priority 3;OK
SEC;DCF;SEC;SR;OK;TASK000014062757;Priority 3;OK
CNC;EES;CNC;SR;OK;TASK000014062909;Priority 3;OK
SEC;BWI;SEC;SR;OK;TASK000014062948;Priority 4;OK
SEC;812;SEC;SR;OK;TASK000014063032;Priority 3;OK
SEC;MNT;SEC;SR;OK;TASK000014063095;Priority 3;OK
DCF;DCF;FUN;SR;Defect;TASK000014063222;Priority 3;OK
L1;812;MON;SR;OK;TASK000014063247;Priority 4;OK
SEC;MNT;SEC;SR;OK;TASK000014063338;Priority 3;OK
SEC;DCF;SEC;SR;OK;TASK000014064673;Priority 3;OK
SEC;812;SEC;SR;OK;TASK000014064824;Priority 3;OK
L1;812;MON;SR;OK;TASK000014064883;Priority 3;OK
L1;812;MON;SR;OK;TASK000014065019;Priority 3;OK
DBA;812;DBA;SR;OK;TASK000014065238;Priority 3;OK
SEC;812;SEC;SR;OK;TASK000014065239;Priority 3;OK
SEC;812;SEC;SR;OK;TASK000014065614;Priority 3;OK
FUN;812;FUN;SR;OK;TASK000014065836;Priority 3;OK
L1;812;MON;SR;OK;TASK000014066046;Priority 3;OK
SEC;MNT;SEC;SR;OK;TASK000014066095;Priority 3;OK
SEC;EMS;SEC;SR;OK;TASK000014066183;Priority 3;OK
FUN;812;FUN;SR;OK;TASK000014066326;Priority 4;OK
SEC;WS;SEC;SR;OK;TASK000014066431;Priority 3;OK
CNC;ETH;CNC;SR;OK;TASK000014066658;Priority 3;OK
CNC;LAT;CNC;SR;OK;TASK000014066710;Priority 3;OK
L1;812;MON;SR;OK;TASK000014066744;Priority 3;OK
SEC;812;SEC;SR;OK;TASK000014066809;Priority 3;OK
SEC;812;SEC;SR;OK;TASK000014066859;Priority 3;OK
SEC;812;SEC;SR;OK;TASK000014066987;Priority 3;OK
SEC;812;SEC;SR;OK;TASK000014066988;Priority 3;OK
SEC;SYN;SEC;SR;OK;TASK000014067023;Priority 3;OK
SEC;812;SEC;SR;OK;TASK000014067534;Priority 3;OK
SEC;SYN;SEC;SR;Defect;TASK000014067596;Priority 3;OK
APS;DCF;APS;SR;OK;TASK000014067949;Priority 3;OK
SEC;SYN;SEC;SR;OK;TASK000014067994;Priority 3;OK
APS;ETH;APS;SR;OK;TASK000014068131;Priority 3;OK
APS;ETH;APS;SR;OK;TASK000014068777;Priority 3;OK
SEC;DXE;SEC;SR;OK;TASK000014070168;Priority 3;OK
SEC;EMS;SEC;SR;OK;TASK000014070174;Priority 3;OK
FIN;812;FUN;SR;OK;TASK000014070295;Priority 4;OK
DBA;812;DBA;SR;OK;TASK000014070450;Priority 3;OK
APS;ETH;APS;SR;OK;TASK000014070691;Priority 3;OK
FUN;WS;FUN;SR;OK;TASK000014070717;Priority 3;OK
DBA;812;DBA;SR;OK;TASK000014070723;Priority 3;OK
DBA;812;DBA;SR;OK;TASK000014070729;Priority 3;OK
SEC;812;SEC;SR;OK;TASK000014070786;Priority 3;OK
CNC;EES;CNC;SR;OK;TASK000014070796;Priority 3;OK
CNC;DCF;CNC;SR;OK;TASK000014070856;Priority 3;OK
L1;812;MON;SR;OK;TASK000014070942;Priority 3;OK
SEC;SYN;SEC;SR;OK;TASK000014070957;Priority 3;OK
SCH;812;SCH;SR;OK;TASK000014071028;Priority 3;OK
SEC;DCF;SEC;SR;OK;TASK000014071075;Priority 3;OK
SEC;812;SEC;SR;OK;TASK000014071323;Priority 3;OK
APS;ETH;APS;SR;OK;TASK000014071479;Priority 3;OK
DBA;812;DBA;SR;OK;TASK000014071501;Priority 3;OK
FUN;EES;FUN;SR;OK;TASK000014071520;Priority 4;OK
SEC;DPY;SEC;SR;OK;TASK000014071577;Priority 4;OK
SEC;DPY;SEC;SR;OK;TASK000014071627;Priority 4;OK
SEC;BWI;SEC;SR;OK;TASK000014071733;Priority 4;OK
SEC;SYN;SEC;SR;OK;TASK000014072039;Priority 3;OK
FUN;DCF;FUN;SR;OK;TASK000014072341;Priority 4;OK
SEC;WS;SEC;SR;OK;TASK000014072409;Priority 3;OK
SEC;MNT;SEC;SR;OK;TASK000014072414;Priority 3;OK
SEC;MNT;SEC;SR;OK;TASK000014072510;Priority 3;OK
SEC;SYN;SEC;SR;OK;TASK000014072613;Priority 3;OK
SEC;SYN;SEC;SR;Defect;TASK000014072802;Priority 3;OK
SEC;812;SEC;SR;OK;TASK000014073108;Priority 3;OK
APS;ETH;APS;SR;OK;TASK000014073585;Priority 3;OK
SEC;ETH;SEC;SR;OK;TASK000014073774;Priority 3;OK
SEC;EDS;SEC;SR;OK;TASK000014075456;Priority 3;OK
DBA;812;DBA;SR;OK;TASK000014075683;Priority 3;OK
SEC;812;SEC;SR;OK;TASK000014075701;Priority 3;OK
FUN;WS;FUN;SR;OK;TASK000014075708;Priority 3;OK
SEC;812;SEC;SR;OK;TASK000014076035;Priority 3;OK
SEC;812;SEC;SR;OK;TASK000014076073;Priority 3;OK
SEC;812;SEC;SR;OK;TASK000014076142;Priority 3;OK
DBA;812;DBA;SR;OK;TASK000014076143;Priority 3;OK
SEC;SYN;SEC;SR;OK;TASK000014076305;Priority 3;OK
L1;812;MON;SR;OK;TASK000014076505;Priority 3;OK
SEC;SYN;SEC;SR;OK;TASK000014076550;Priority 3;OK
DBA;812;DBA;SR;OK;TASK000014076654;Priority 3;OK
L1;BWI;L1 ;SR;OK;TASK000014076663;Priority 3;OK
SEC;MNT;SEC;SR;OK;TASK000014076838;Priority 3;OK
SEC;812;SEC;SR;OK;TASK000014077290;Priority 3;OK
SEC;812;SEC;SR;OK;TASK000014077466;Priority 3;OK
DBA;812;DBA;SR;OK;TASK000014077576;Priority 3;OK
FUN;WS;FUN;SR;OK;TASK000014077589;Priority 4;OK
CNC;DCF;CNC;SR;OK;TASK000014077874;Priority 3;OK
SEC;BWI;SEC;SR;OK;TASK000014078125;Priority 4;OK
SEC;812;SEC;SR;OK;TASK000014078341;Priority 3;OK
SEC;EES;SEC;SR;OK;TASK000014078402;Priority 4;OK
FUN;WS;FUN;SR;OK;TASK000014078500;Priority 4;OK
SEC;SYN;SEC;SR;OK;TASK000014078612;Priority 3;OK
SEC;MNT;SEC;SR;OK;TASK000014078674;Priority 3;OK
SEC;DCF;SEC;SR;OK;TASK000014078762;Priority 3;OK
APS;ETH;APS;SR;OK;TASK000014078944;Priority 3;OK
FUN;EES;FUN;SR;OK;TASK000014079003;Priority 4;OK
SEC;SYN;SEC;SR;Defect;TASK000014079033;Priority 3;OK
SEC;SYN;SEC;SR;OK;TASK000014079108;Priority 3;OK
L1;BWI;L1 ;SR;OK;TASK000014079186;Priority 3;OK
SEC;SYN;SEC;SR;OK;TASK000014079385;Priority 3;OK
SEC;MNT;SEC;SR;OK;TASK000014079577;Priority 3;OK
SEC;MNT;SEC;SR;OK;TASK000014079579;Priority 3;OK
L1;BWI;L1 ;SR;OK;TASK000014079703;Priority 3;OK
CNC;DCF;CNC;SR;OK;TASK000014080099;Priority 3;OK
CNC;DCF;CNC;SR;OK;TASK000014080788;Priority 3;OK
DBA;812;DBA;SR;OK;TASK000014080839;Priority 3;OK
SEC;EMS;SEC;SR;OK;TASK000014081078;Priority 3;OK
SEC;812;SEC;SR;OK;TASK000014081192;Priority 3;OK
SEC;812;SEC;SR;OK;TASK000014081261;Priority 3;OK
SEC;812;SEC;SR;OK;TASK000014081319;Priority 3;OK
SEC;SYN;SEC;SR;OK;TASK000014081442;Priority 3;OK
SEC;DCF;SEC;SR;OK;TASK000014081967;Priority 3;OK
CNC;812;CNC;SR;OK;TASK000014082006;Priority 3;OK
SEC;SYN;SEC;SR;OK;TASK000014082144;Priority 3;OK
SEC;DPY;SEC;SR;OK;TASK000014082164;Priority 4;OK
SEC;812;SEC;SR;OK;TASK000014082609;Priority 3;OK
FIN;812;FUN;SR;OK;TASK000014082625;Priority 4;OK
SEC;LAT;SEC;SR;OK;TASK000014083181;Priority 3;OK
SEC;812;SEC;SR;OK;TASK000014083182;Priority 3;OK
SEC;BWI;SEC;SR;OK;TASK000014083305;Priority 4;OK
APS;ETH;APS;SR;OK;TASK000014083323;Priority 3;OK
SEC;BWI;SEC;SR;OK;TASK000014083324;Priority 4;OK
SEC;MNT;SEC;SR;OK;TASK000014083375;Priority 3;OK
SEC;BWI;SEC;SR;OK;TASK000014083573;Priority 4;OK
SEC;BWI;SEC;SR;OK;TASK000014083579;Priority 4;OK
SEC;812;SEC;SR;OK;TASK000014083845;Priority 3;OK
L1;BWI;L1 ;SR;OK;TASK000014084480;Priority 3;OK
TEC;DCF;FUN;SR;OK;TASK000014084779;Priority 3;OK
SEC;ETH;SEC;SR;OK;TASK000014084813;Priority 3;OK
L1;812;MON;SR;OK;TASK000014085327;Priority 3;OK
SEC;EMS;SEC;SR;OK;TASK000014085473;Priority 3;OK
SEC;812;SEC;SR;OK;TASK000014085655;Priority 3;OK
SEC;812;SEC;SR;OK;TASK000014085680;Priority 3;OK
DBA;812;DBA;SR;OK;TASK000014085880;Priority 3;OK
SEC;812;SEC;SR;OK;TASK000014086075;Priority 3;OK
SEC;812;SEC;SR;OK;TASK000014086259;Priority 3;OK
FUN;812;FUN;SR;OK;TASK000014086305;Priority 3;OK
FUN;812;FUN;SR;OK;TASK000014086419;Priority 3;OK
APS;ETH;APS;SR;OK;TASK000014086660;Priority 3;OK
APS;ETH;APS;SR;OK;TASK000014086661;Priority 3;OK
APS;ETH;APS;SR;OK;TASK000014086663;Priority 3;OK
APS;ETH;APS;SR;OK;TASK000014086666;Priority 3;OK
L1;812;MON;SR;OK;TASK000014086926;Priority 3;OK
SEC;DPY;SEC;SR;OK;TASK000014087057;Priority 4;OK
L1;812;MON;SR;OK;TASK000014087079;Priority 3;OK
DBA;812;DBA;SR;OK;TASK000014087721;Priority 3;OK
SEC;DCF;SEC;SR;Defect;TASK000014087942;Priority 3;OK
SEC;BWI;SEC;SR;OK;TASK000014088078;Priority 4;OK
SEC;812;SEC;SR;OK;TASK000014088107;Priority 3;OK
SEC;DCF;SEC;SR;OK;TASK000014088500;Priority 3;OK
SEC;DCF;SEC;SR;OK;TASK000014088520;Priority 3;OK
SEC;DCF;SEC;SR;OK;TASK000014088599;Priority 3;OK
SEC;DCF;SEC;SR;OK;TASK000014088619;Priority 3;OK
SEC;812;SEC;SR;OK;TASK000014088622;Priority 3;OK
SEC;812;SEC;SR;OK;TASK000014088630;Priority 3;OK
SEC;DCF;SEC;SR;OK;TASK000014088633;Priority 3;OK
SEC;DCF;SEC;SR;OK;TASK000014088653;Priority 3;OK
DBA;812;DBA;SR;OK;TASK000014088775;Priority 3;OK
SEC;812;SEC;SR;OK;TASK000014088793;Priority 3;OK
SEC;812;SEC;SR;OK;TASK000014088897;Priority 3;OK
SEC;BWI;SEC;SR;OK;TASK000014089007;Priority 4;OK
L1;BWI;L1 ;SR;OK;TASK000014089615;Priority 3;OK
SEC;SYN;SEC;SR;Defect;TASK000014089706;Priority 3;OK
APS;ETH;APS;SR;OK;TASK000014089863;Priority 3;OK
SEC;812;SEC;SR;OK;TASK000014089983;Priority 3;OK
OPS;EMS;OPS;SR;OK;TASK000014090203;Priority 3;OK
SEC;ETH;SEC;SR;OK;TASK000014090546;Priority 3;OK
L1;812;MON;SR;OK;TASK000014090853;Priority 3;OK
FUN;COR;FUN;SR;OK;TASK000014091501;Priority 3;OK
DBA;812;DBA;SR;OK;TASK000014091602;Priority 3;OK
SEC;812;SEC;SR;OK;TASK000014091759;Priority 3;OK
SEC;DXE;SEC;SR;OK;TASK000014091956;Priority 3;OK
CNC;812;CNC;SR;OK;TASK000014092011;Priority 3;OK
SEC;812;SEC;SR;OK;TASK000014092055;Priority 3;OK
SCH;812;SCH;SR;OK;TASK000014092092;Priority 3;OK
DBA;812;DBA;SR;OK;TASK000014092354;Priority 3;OK
DBA;812;DBA;SR;OK;TASK000014092356;Priority 3;OK
SEC;812;SEC;SR;OK;TASK000014092415;Priority 3;OK
CNC;DCF;CNC;SR;OK;TASK000014092443;Priority 3;OK
SEC;SYN;SEC;SR;OK;TASK000014092710;Priority 3;OK
SEC;812;SEC;SR;OK;TASK000014092786;Priority 3;OK
FUN;WS;FUN;SR;OK;TASK000014092827;Priority 4;OK
L1;BWI;L1 ;SR;OK;TASK000014092996;Priority 3;OK
SEC;812;SEC;SR;OK;TASK000014093060;Priority 3;OK
SEC;812;SEC;SR;OK;TASK000014093077;Priority 3;OK
SEC;WS;SEC;SR;OK;TASK000014093230;Priority 3;OK
FUN;812;FUN;SR;OK;TASK000014093448;Priority 3;OK
FUN;812;FUN;SR;OK;TASK000014093507;Priority 3;OK
CNC;812;CNC;SR;OK;TASK000014093556;Priority 3;OK
SEC;812;SEC;SR;OK;TASK000014093564;Priority 3;OK
SEC;ETH;SEC;SR;OK;TASK000014093849;Priority 3;OK
SEC;812;SEC;SR;OK;TASK000014093912;Priority 3;OK
SEC;DXE;SEC;SR;OK;TASK000014094027;Priority 3;OK
CNC;812;CNC;SR;OK;TASK000014094090;Priority 3;OK
APS;EES;APS;SR;OK;TASK000014094233;Priority 3;OK
SEC;812;SEC;SR;OK;TASK000014094292;Priority 3;OK
SEC;SYN;SEC;SR;OK;TASK000014094313;Priority 3;OK
SEC;SYN;SEC;SR;OK;TASK000014094663;Priority 3;OK
FUN;812;FUN;SR;OK;TASK000014094676;Priority 3;OK
SEC;SYN;SEC;SR;OK;TASK000014094724;Priority 3;OK
SEC;SYN;SEC;SR;OK;TASK000014094782;Priority 3;OK
SEC;SYN;SEC;SR;OK;TASK000014094858;Priority 3;OK
SEC;MNT;SEC;SR;OK;TASK000014095149;Priority 3;OK
CNC;ETH;CNC;SR;OK;TASK000014095338;Priority 4;OK
SEC;ETH;SEC;SR;OK;TASK000014095442;Priority 3;OK
DCF;DCF;FUN;SR;OK;TASK000014095449;Priority 3;OK
L1;812;MON;SR;OK;TASK000014095629;Priority 3;OK
L1;BWI;L1 ;SR;OK;TASK000014095699;Priority 3;OK
SEC;812;SEC;SR;OK;TASK000014096258;Priority 3;OK
SEC;DXE;SEC;SR;OK;TASK000014096364;Priority 3;OK
FUN;EMS;FUN;SR;OK;TASK000014096373;Priority 3;OK
DBA;812;DBA;SR;OK;TASK000014096495;Priority 3;OK
DBA;812;DBA;SR;OK;TASK000014096497;Priority 3;OK
FUN;812;FUN;SR;OK;TASK000014096512;Priority 3;OK
SEC;EMS;SEC;SR;OK;TASK000014096596;Priority 3;OK
CNC;DCF;CNC;SR;OK;TASK000014096690;Priority 3;OK
SEC;812;SEC;SR;OK;TASK000014096866;Priority 3;OK
DBA;812;DBA;SR;OK;TASK000014096906;Priority 3;OK
SEC;DXE;SEC;SR;OK;TASK000014097039;Priority 3;OK
SEC;DXE;SEC;SR;OK;TASK000014097333;Priority 3;OK
SEC;DXE;SEC;SR;OK;TASK000014097345;Priority 3;OK
SEC;812;SEC;SR;OK;TASK000014097357;Priority 3;OK
L1;812;MON;SR;OK;TASK000014097364;Priority 4;OK
SEC;DCF;SEC;SR;OK;TASK000014097640;Priority 3;OK
FUN;812;FUN;SR;OK;TASK000014097724;Priority 3;OK
SEC;DCF;SEC;SR;OK;TASK000014097741;Priority 3;OK
SEC;SYN;SEC;SR;OK;TASK000014097772;Priority 3;OK
SEC;MNT;SEC;SR;OK;TASK000014098123;Priority 3;OK
SEC;SYN;SEC;SR;OK;TASK000014098134;Priority 3;OK
DBA;812;DBA;SR;OK;TASK000014098163;Priority 3;OK
SEC;MNT;SEC;SR;OK;TASK000014098224;Priority 3;OK
SEC;812;SEC;SR;OK;TASK000014098256;Priority 3;OK
DBA;812;DBA;SR;OK;TASK000014098347;Priority 3;OK
APS;ETH;APS;SR;OK;TASK000014098473;Priority 3;OK
SEC;812;SEC;SR;OK;TASK000014098504;Priority 3;OK
CNC;BWI;CNC;SR;OK;TASK000014098527;Priority 3;OK
DBA;812;DBA;SR;OK;TASK000014098605;Priority 3;OK
APS;ETH;APS;SR;OK;TASK000014098883;Priority 3;OK
DBA;812;DBA;SR;OK;TASK000014099062;Priority 3;OK
APS;ETH;APS;SR;OK;TASK000014099134;Priority 3;OK
APS;ETH;APS;SR;OK;TASK000014099171;Priority 3;OK
L1;BWI;L1 ;SR;OK;TASK000014099235;Priority 3;OK
L1;812;MON;SR;OK;TASK000014099437;Priority 3;OK
SEC;MNT;SEC;SR;OK;TASK000014099568;Priority 3;OK
SEC;ETH;SEC;SR;OK;TASK000014099995;Priority 3;OK
SEC;ETH;SEC;SR;OK;TASK000014100000;Priority 3;OK
APS;ETH;APS;SR;OK;TASK000014100236;Priority 3;OK
L1;BWI;L1 ;SR;OK;TASK000014100441;Priority 4;OK
FUN;LAT;FUN;SR;OK;TASK000014100529;Priority 3;OK
SEC;BWI;SEC;SR;OK;TASK000014100538;Priority 4;OK
CNC;EES;CNC;SR;OK;TASK000014100555;Priority 4;OK
L1;812;MON;SR;OK;TASK000014100707;Priority 4;OK
L1;MNT;MON;SR;OK;TASK000014100970;Priority 4;OK
SEC;812;SEC;SR;OK;TASK000014101058;Priority 3;OK
L1;812;MON;SR;OK;TASK000014101125;Priority 4;OK
SEC;ETH;SEC;SR;OK;TASK000014101518;Priority 3;OK
L1;812;MON;SR;OK;TASK000014101775;Priority 4;OK
SEC;812;SEC;SR;OK;TASK000014101834;Priority 3;OK
SEC;DXE;SEC;SR;OK;TASK000014101912;Priority 3;OK
SEC;812;SEC;SR;OK;TASK000014102106;Priority 3;OK
SEC;DXE;SEC;SR;OK;TASK000014102265;Priority 3;OK
CNC;812;CNC;SR;OK;TASK000014102272;Priority 3;OK
SCH;812;SCH;SR;OK;TASK000014102328;Priority 3;OK
FUN;812;FUN;SR;OK;TASK000014102393;Priority 3;OK
SEC;812;SEC;SR;OK;TASK000014102420;Priority 3;OK
CNC;EES;CNC;SR;OK;TASK000014102454;Priority 3;OK
FUN;812;FUN;SR;OK;TASK000014102529;Priority 3;OK
SEC;LAT;SEC;SR;OK;TASK000014102614;Priority 3;OK
FUN;812;FUN;SR;OK;TASK000014102619;Priority 3;OK
SEC;EMS;SEC;SR;OK;TASK000014102755;Priority 3;OK
FUN;LAT;FUN;SR;OK;TASK000014102978;Priority 3;OK
FUN;WS;FUN;SR;OK;TASK000014103152;Priority 3;OK
SEC;812;SEC;SR;OK;TASK000014103204;Priority 3;OK
APS;ETH;APS;SR;OK;TASK000014103301;Priority 3;OK
CNC;812;CNC;SR;OK;TASK000014103387;Priority 3;OK
APS;ETH;APS;SR;OK;TASK000014103404;Priority 3;OK
L1;812;MON;SR;OK;TASK000014103471;Priority 3;OK
L1;BWI;L1 ;SR;OK;TASK000014103652;Priority 3;OK
SEC;DPY;SEC;SR;OK;TASK000014103671;Priority 4;OK
SEC;812;SEC;SR;OK;TASK000014103814;Priority 3;OK
SEC;ETH;SEC;SR;OK;TASK000014103843;Priority 3;OK
SEC;EDS;SEC;SR;OK;TASK000014103891;Priority 3;OK
L1;812;MON;SR;OK;TASK000014103952;Priority 3;OK
SEC;ETH;SEC;SR;OK;TASK000014104310;Priority 3;OK
APS;ETH;APS;SR;OK;TASK000014104416;Priority 3;OK
SEC;SYN;SEC;SR;OK;TASK000014104449;Priority 3;OK
FUN;LAT;FUN;SR;OK;TASK000014104483;Priority 3;OK
SEC;MNT;SEC;SR;OK;TASK000014104689;Priority 3;OK
SEC;ETH;SEC;SR;OK;TASK000014104738;Priority 3;OK
SEC;SYN;SEC;SR;OK;TASK000014105098;Priority 3;OK
CNC;LAT;CNC;SR;OK;TASK000014105116;Priority 3;OK
SEC;DCF;SEC;SR;OK;TASK000014105134;Priority 3;OK
CNC;EES;CNC;SR;OK;TASK000014105381;Priority 3;OK
SEC;812;SEC;SR;OK;TASK000014107286;Priority 3;OK
SEC;812;SEC;SR;OK;TASK000014107316;Priority 3;OK
SEC;812;SEC;SR;OK;TASK000014107327;Priority 3;OK
DBA;812;DBA;SR;OK;TASK000014107485;Priority 3;OK
SEC;812;SEC;SR;OK;TASK000014107749;Priority 3;OK
CNC;ETH;CNC;SR;OK;TASK000014107840;Priority 3;OK
FUN;COR;FUN;SR;OK;TASK000014107982;Priority 3;OK
FUN;COR;FUN;SR;OK;TASK000014107983;Priority 3;OK
FUN;LAT;FUN;SR;OK;TASK000014108025;Priority 3;OK
SEC;812;SEC;SR;OK;TASK000014108405;Priority 3;OK
APS;ETH;APS;SR;OK;TASK000014108609;Priority 3;OK
FUN;LAT;FUN;SR;OK;TASK000014108611;Priority 3;OK
SEC;812;SEC;SR;OK;TASK000014109146;Priority 3;OK
DCF;DCF;FUN;SR;OK;TASK000014109256;Priority 3;OK
SEC;812;SEC;SR;OK;TASK000014109288;Priority 3;OK
SEC;SYN;SEC;SR;OK;TASK000014109479;Priority 3;OK
SEC;MNT;SEC;SR;OK;TASK000014110019;Priority 3;OK
SEC;MNT;SEC;SR;OK;TASK000014110061;Priority 3;OK
SEC;MNT;SEC;SR;OK;TASK000014110274;Priority 3;OK
APS;ETH;APS;SR;OK;TASK000014110433;Priority 3;OK
SEC;SYN;SEC;SR;OK;TASK000014110652;Priority 3;OK
OPS;EMS;OPS;SR;OK;TASK000014112346;Priority 3;OK
SEC;EDS;SEC;SR;OK;TASK000014112514;Priority 3;OK
L1;812;MON;SR;OK;TASK000014112709;Priority 4;OK
SEC;812;SEC;SR;OK;TASK000014112733;Priority 3;OK
SEC;812;SEC;SR;OK;TASK000014112832;Priority 3;OK
SEC;812;SEC;SR;OK;TASK000014112980;Priority 3;OK
FUN;812;FUN;SR;OK;TASK000014112993;Priority 3;OK
SEC;812;SEC;SR;OK;TASK000014113022;Priority 3;OK
L1;812;MON;SR;OK;TASK000014113168;Priority 4;OK
SEC;812;SEC;SR;OK;TASK000014113451;Priority 3;OK
SEC;SYN;SEC;SR;OK;TASK000014113642;Priority 3;OK
SEC;SYN;SEC;SR;OK;TASK000014113753;Priority 3;OK
CNC;812;CNC;SR;OK;TASK000014113806;Priority 3;OK
SEC;812;SEC;SR;OK;TASK000014114150;Priority 3;OK
FUN;MNT;FUN;SR;OK;TASK000014114239;Priority 3;OK
CNC;DCF;CNC;SR;OK;TASK000014114294;Priority 3;OK
SEC;812;SEC;SR;OK;TASK000014114448;Priority 3;OK
DBA;812;DBA;SR;OK;TASK000014114461;Priority 3;OK
APS;ETH;APS;SR;OK;TASK000014115197;Priority 3;OK
DBA;812;DBA;SR;OK;TASK000014115344;Priority 3;OK
SEC;SYN;SEC;SR;OK;TASK000014115459;Priority 3;OK
CNC;812;CNC;SR;OK;TASK000014115578;Priority 3;OK
FUN;COR;FUN;SR;OK;TASK000014115675;Priority 3;OK
SEC;MNT;SEC;SR;OK;TASK000014116245;Priority 3;OK
SEC;812;SEC;SR;OK;TASK000014116458;Priority 3;OK
L1;ETH;CNC;SR;OK;TASK000014116925;Priority 3;OK
L1;812;MON;SR;OK;TASK000014117444;Priority 3;OK
SEC;812;SEC;SR;OK;TASK000014118281;Priority 3;OK
SEC;812;SEC;SR;OK;TASK000014118492;Priority 3;OK
APS;ETH;APS;SR;OK;TASK000014118518;Priority 3;OK
CNC;812;CNC;SR;OK;TASK000014118692;Priority 3;OK
SEC;SYN;SEC;SR;OK;TASK000014118855;Priority 3;OK
L1;BWI;L1 ;SR;OK;TASK000014119321;Priority 3;OK
SEC;812;SEC;SR;OK;TASK000014119388;Priority 3;OK
APS;ETH;APS;SR;OK;TASK000014119399;Priority 3;OK
CNC;DCF;CNC;SR;OK;TASK000014119535;Priority 3;OK
SEC;812;SEC;SR;OK;TASK000014119717;Priority 3;OK
SEC;SYN;SEC;SR;OK;TASK000014119889;Priority 3;OK
SEC;SYN;SEC;SR;OK;TASK000014120122;Priority 3;OK
SEC;SYN;SEC;SR;OK;TASK000014120657;Priority 3;OK
SEC;MNT;SEC;SR;OK;TASK000014120816;Priority 3;OK
SEC;SYN;SEC;SR;OK;TASK000014121481;Priority 3;OK
SEC;SYN;SEC;SR;OK;TASK000014121577;Priority 3;OK
FUN;812;FUN;SR;OK;TASK000014123120;Priority 4;OK
FUN;812;FUN;SR;OK;TASK000014123745;Priority 4;OK
SEC;BWI;SEC;SR;OK;TASK000014124631;Priority 4;OK
SEC;BWI;SEC;SR;OK;TASK000014126298;Priority 4;OK
SEC;BWI;SEC;SR;OK;TASK000014128931;Priority 4;OK
SEC;BWI;SEC;SR;OK;TASK000014129598;Priority 4;OK
SEC;BWI;SEC;SR;OK;TASK000014129697;Priority 4;OK
SEC;BWI;SEC;SR;OK;TASK000014131049;Priority 4;OK
SEC;BWI;SEC;SR;OK;TASK000014131140;Priority 4;OK
SEC;BWI;SEC;SR;OK;TASK000014131406;Priority 4;OK
L1;MNT;MON;SR;OK;TASK000014131416;Priority 4;OK
L1;812;MON;SR;OK;TASK000014131864;Priority 4;OK
SEC;ETH;SEC;SR;OK;TASK000014133622;Priority 4;OK
FIN;812;FUN;SR;OK;TASK000014134310;Priority 4;OK
SEC;ETH;SEC;SR;OK;TASK000014134840;Priority 4;OK
SEC;BWI;SEC;SR;OK;TASK000014135376;Priority 4;OK
SEC;BWI;SEC;SR;OK;TASK000014135379;Priority 4;OK
SEC;BWI;SEC;SR;OK;TASK000014135548;Priority 4;OK
SEC;DPY;SEC;SR;OK;TASK000014138597;Priority 4;OK
SEC;BWI;SEC;SR;OK;TASK000014139406;Priority 4;OK
APS;EES;APS;SR;OK;TASK000014139984;Priority 4;OK
SEC;BWI;SEC;SR;OK;TASK000014140602;Priority 4;OK
FIN;MNT;FUN;SR;OK;TASK000014143600;Priority 4;OK
FUN;ETH;FUN;SR;OK;TASK000014143949;Priority 4;OK
SEC;BWI;SEC;SR;OK;TASK000014144587;Priority 4;OK
SEC;LAT;SEC;SR;OK;TASK000014144769;Priority 4;OK
L1;BWI;L1 ;SR;OK;TASK000014145594;Priority 4;OK
SEC;DXE;SEC;SR;OK;TASK000014146222;Priority 3;OK
SEC;812;SEC;SR;OK;TASK000014146929;Priority 3;OK
CNC;812;CNC;SR;OK;TASK000014146932;Priority 3;OK
CNC;812;CNC;SR;OK;TASK000014147182;Priority 3;OK
SEC;812;SEC;SR;OK;TASK000014147231;Priority 3;OK
DBA;812;DBA;SR;OK;TASK000014147332;Priority 3;OK
L1;812;MON;SR;OK;TASK000014147408;Priority 4;OK
SCH;812;SCH;SR;OK;TASK000014147509;Priority 3;OK
L1;812;MON;SR;OK;TASK000014147524;Priority 3;OK
SEC;SYN;SEC;SR;OK;TASK000014147561;Priority 3;OK
SEC;SYN;SEC;SR;OK;TASK000014147611;Priority 3;OK
SEC;812;SEC;SR;OK;TASK000014147624;Priority 3;OK
SEC;SYN;SEC;SR;OK;TASK000014147645;Priority 3;OK
SEC;BWI;SEC;SR;OK;TASK000014147710;Priority 4;OK
APS;ETH;APS;SR;OK;TASK000014147809;Priority 3;OK
APS;ETH;APS;SR;OK;TASK000014147810;Priority 3;OK
SEC;MNT;SEC;SR;OK;TASK000014147815;Priority 3;OK
SEC;LAT;SEC;SR;OK;TASK000014147857;Priority 4;OK
SEC;812;SEC;SR;OK;TASK000014147889;Priority 4;OK
SEC;812;SEC;SR;OK;TASK000014147928;Priority 3;OK
SEC;SYN;SEC;SR;OK;TASK000014147943;Priority 3;OK
FUN;LAT;FUN;SR;OK;TASK000014147977;Priority 3;OK
FUN;COR;FUN;SR;OK;TASK000014148080;Priority 3;OK
L1;MNT;MON;SR;OK;TASK000014148111;Priority 3;OK
CNC;BWI;CNC;SR;OK;TASK000014148186;Priority 3;OK
SEC;812;SEC;SR;OK;TASK000014148423;Priority 3;OK
CNC;812;CNC;SR;OK;TASK000014148576;Priority 3;OK
APS;ETH;APS;SR;OK;TASK000014148895;Priority 3;OK
APS;ETH;APS;SR;OK;TASK000014148913;Priority 3;OK
SEC;812;SEC;SR;OK;TASK000014148951;Priority 3;OK
SEC;812;SEC;SR;OK;TASK000014149015;Priority 3;OK
SEC;DXE;SEC;SR;OK;TASK000014149030;Priority 3;OK
SEC;SYN;SEC;SR;OK;TASK000014149220;Priority 3;OK
SEC;DCF;SEC;SR;Defect;TASK000014149337;Priority 3;OK
SEC;BWI;SEC;SR;OK;TASK000014149385;Priority 4;OK
L1;BWI;L1 ;SR;OK;TASK000014149620;Priority 3;OK
SEC;WS;SEC;SR;OK;TASK000014149849;Priority 3;OK
SEC;BWI;SEC;SR;OK;TASK000014150415;Priority 4;OK
DBA;812;DBA;SR;OK;TASK000014150911;Priority 3;OK
CNC;812;CNC;SR;OK;TASK000014150978;Priority 3;OK
SEC;812;SEC;SR;OK;TASK000014151034;Priority 3;OK
SEC;DCF;SEC;SR;OK;TASK000014151097;Priority 3;OK
SEC;WS;SEC;SR;OK;TASK000014151311;Priority 3;OK
DBA;812;DBA;SR;OK;TASK000014151332;Priority 3;OK
CNC;812;CNC;SR;OK;TASK000014151349;Priority 3;OK
APS;ETH;APS;SR;OK;TASK000014151506;Priority 3;OK
SEC;SYN;SEC;SR;OK;TASK000014151615;Priority 3;OK
SEC;SYN;SEC;SR;OK;TASK000014151649;Priority 3;OK
SEC;DXE;SEC;SR;OK;TASK000014152152;Priority 3;OK
SEC;DPY;SEC;SR;OK;TASK000014152250;Priority 4;OK
SEC;812;SEC;SR;OK;TASK000014152285;Priority 3;OK
L1;BWI;L1 ;SR;OK;TASK000014152305;Priority 4;OK
APS;ETH;APS;SR;OK;TASK000014152362;Priority 3;OK
SEC;DCF;SEC;SR;OK;TASK000014152403;Priority 3;OK
CNC;BWI;CNC;SR;OK;TASK000014152941;Priority 3;OK
SEC;812;SEC;SR;OK;TASK000014152969;Priority 3;OK
APS;EES;APS;SR;OK;TASK000014153082;Priority 4;OK
FIN;LAT;FUN;SR;Defect;TASK000014153159;Priority 3;OK
SEC;BWI;SEC;SR;OK;TASK000014153256;Priority 4;OK
L1;BWI;L1 ;SR;OK;TASK000014153314;Priority 3;OK
SEC;SYN;SEC;SR;OK;TASK000014153333;Priority 3;OK
SEC;SYN;SEC;SR;OK;TASK000014153420;Priority 3;OK
SEC;DXE;SEC;SR;OK;TASK000014153550;Priority 3;OK
SEC;812;SEC;SR;OK;TASK000014153591;Priority 3;OK
FUN;ETH;FUN;SR;OK;TASK000014153607;Priority 3;OK
SEC;ETH;SEC;SR;OK;TASK000014153664;Priority 3;OK
SEC;SYN;SEC;SR;OK;TASK000014153696;Priority 3;OK
SEC;EMS;SEC;SR;OK;TASK000014153697;Priority 3;OK
SCH;LAT;SCH;SR;OK;TASK000014153707;Priority 3;OK
SEC;BWI;SEC;SR;OK;TASK000014153810;Priority 4;OK
SEC;MNT;SEC;SR;OK;TASK000014153994;Priority 3;OK
SEC;ETH;SEC;SR;OK;TASK000014154145;Priority 3;OK
APS;DCF;APS;SR;OK;TASK000014154810;Priority 3;OK
SEC;812;SEC;SR;OK;TASK000014155259;Priority 3;OK
SEC;812;SEC;SR;OK;TASK000014155311;Priority 3;OK
SEC;812;SEC;SR;OK;TASK000014155407;Priority 3;OK
SEC;812;SEC;SR;OK;TASK000014155431;Priority 3;OK
APS;EES;APS;SR;OK;TASK000014155471;Priority 4;OK
SEC;DCF;SEC;SR;OK;TASK000014155497;Priority 3;OK
CNC;DPY;CNC;SR;OK;TASK000014155673;Priority 3;OK
FUN;DXE;FUN;SR;OK;TASK000014155741;Priority 4;OK
SEC;EMS;SEC;SR;OK;TASK000014155782;Priority 3;OK
SEC;SYN;SEC;SR;OK;TASK000014155837;Priority 3;OK
CNC;DCF;CNC;SR;Defect;TASK000014155847;Priority 3;OK
FUN;812;FUN;SR;OK;TASK000014155931;Priority 4;OK
FUN;812;FUN;SR;OK;TASK000014155965;Priority 4;OK
APS;ETH;APS;SR;OK;TASK000014155990;Priority 4;OK
SEC;812;SEC;SR;OK;TASK000014156216;Priority 3;OK
SEC;SYN;SEC;SR;OK;TASK000014156503;Priority 3;OK
SEC;SYN;SEC;SR;OK;TASK000014156530;Priority 3;OK
SEC;DXE;SEC;SR;OK;TASK000014156787;Priority 3;OK
SEC;SYN;SEC;SR;OK;TASK000014156857;Priority 3;OK
SEC;ETH;SEC;SR;OK;TASK000014157309;Priority 3;OK
SEC;ETH;SEC;SR;OK;TASK000014157344;Priority 3;OK
SEC;SYN;SEC;SR;Defect;TASK000014157471;Priority 3;OK
SEC;ETH;SEC;SR;OK;TASK000014157479;Priority 3;OK
SEC;ETH;SEC;SR;OK;TASK000014157523;Priority 3;OK
SEC;SYN;SEC;SR;Defect;TASK000014157540;Priority 3;OK
FIN;LAT;FUN;SR;OK;TASK000014157659;Priority 3;OK
SEC;BWI;SEC;SR;OK;TASK000014157790;Priority 4;OK
CNC;ETH;CNC;SR;OK;TASK000014157881;Priority 3;OK
L1;812;MON;SR;OK;TASK000014157891;Priority 3;OK
CNC;812;CNC;SR;OK;TASK000014158001;Priority 3;OK
SEC;812;SEC;SR;OK;TASK000014158003;Priority 3;OK
SEC;812;SEC;SR;OK;TASK000014158100;Priority 3;OK
L1;812;MON;SR;OK;TASK000014158360;Priority 4;OK
DBA;812;DBA;SR;OK;TASK000014158389;Priority 3;OK
DBA;812;DBA;SR;OK;TASK000014158393;Priority 3;OK
SEC;812;SEC;SR;OK;TASK000014158456;Priority 3;OK
SEC;WS;SEC;SR;OK;TASK000014158868;Priority 3;OK
SEC;812;SEC;SR;OK;TASK000014159197;Priority 3;OK
CNC;812;CNC;SR;OK;TASK000014159202;Priority 3;OK
DBA;812;DBA;SR;OK;TASK000014159227;Priority 3;OK
DBA;812;DBA;SR;OK;TASK000014159462;Priority 3;OK
DBA;812;DBA;SR;OK;TASK000014159631;Priority 3;OK
APS;EES;APS;SR;OK;TASK000014159729;Priority 4;OK
DBA;812;DBA;SR;OK;TASK000014159742;Priority 3;OK
DBA;812;DBA;SR;OK;TASK000014159965;Priority 3;OK
SEC;DCF;SEC;SR;OK;TASK000014160015;Priority 3;OK
DBA;812;DBA;SR;OK;TASK000014160078;Priority 3;OK
DBA;812;DBA;SR;OK;TASK000014160080;Priority 3;OK
DBA;812;DBA;SR;OK;TASK000014160081;Priority 3;OK
DBA;812;DBA;SR;OK;TASK000014160086;Priority 3;OK
DBA;812;DBA;SR;OK;TASK000014160087;Priority 3;OK
DBA;812;DBA;SR;OK;TASK000014160110;Priority 3;OK
SEC;WS;SEC;SR;OK;TASK000014160345;Priority 3;OK
L1;812;MON;SR;OK;TASK000014160682;Priority 4;OK
SEC;812;SEC;SR;OK;TASK000014160841;Priority 3;OK
CNC;LAT;CNC;SR;OK;TASK000014161025;Priority 3;OK
SEC;DCF;SEC;SR;OK;TASK000014161065;Priority 3;OK
DBA;812;DBA;SR;OK;TASK000014161167;Priority 3;OK
CNC;812;CNC;SR;OK;TASK000014161231;Priority 3;OK
SEC;MNT;SEC;SR;OK;TASK000014161250;Priority 3;OK
SEC;SYN;SEC;SR;OK;TASK000014161336;Priority 3;OK
SEC;ETH;SEC;SR;OK;TASK000014161601;Priority 3;OK
SEC;SYN;SEC;SR;OK;TASK000014161664;Priority 3;OK
SEC;DCF;SEC;SR;Defect;TASK000014161755;Priority 3;OK
DBA;812;DBA;SR;OK;TASK000014161770;Priority 3;OK
SEC;ETH;SEC;SR;OK;TASK000014162023;Priority 3;OK
SEC;812;SEC;SR;OK;TASK000014162056;Priority 3;OK
SEC;812;SEC;SR;OK;TASK000014162082;Priority 3;OK
SEC;ETH;SEC;SR;OK;TASK000014162083;Priority 3;OK
SEC;ETH;SEC;SR;OK;TASK000014162196;Priority 3;OK
L1;BWI;L1 ;SR;OK;TASK000014162209;Priority 3;OK
SEC;DCF;SEC;SR;OK;TASK000014162234;Priority 3;OK
SEC;CAN;SEC;SR;OK;TASK000014162255;Priority 3;OK
SEC;DCF;SEC;SR;OK;TASK000014162369;Priority 3;OK
FIN;812;FUN;SR;OK;TASK000014162521;Priority 3;OK
SEC;SYN;SEC;SR;OK;TASK000014162523;Priority 3;OK
SEC;BWI;SEC;SR;OK;TASK000014162588;Priority 4;OK
SEC;EMS;SEC;SR;OK;TASK000014162609;Priority 3;OK
APS;DCF;APS;SR;OK;TASK000014162864;Priority 4;OK
APS;ETH;APS;SR;OK;TASK000014162948;Priority 4;OK
SEC;BWI;SEC;SR;OK;TASK000014163025;Priority 4;OK
SEC;BWI;SEC;SR;OK;TASK000014163040;Priority 4;OK
SEC;BWI;SEC;SR;OK;TASK000014163108;Priority 4;OK
SEC;DXE;SEC;SR;OK;TASK000014163136;Priority 3;OK
SEC;ETH;SEC;SR;OK;TASK000014163188;Priority 3;OK
DBA;812;DBA;SR;OK;TASK000014163337;Priority 3;OK
SEC;812;SEC;SR;OK;TASK000014164452;Priority 3;OK
SEC;812;SEC;SR;OK;TASK000014164764;Priority 3;OK
APS;ETH;APS;SR;OK;TASK000014164798;Priority 3;OK
SEC;812;SEC;SR;OK;TASK000014164863;Priority 3;OK
L1;812;MON;SR;OK;TASK000014165170;Priority 3;OK
FUN;ETH;FUN;SR;OK;TASK000014165373;Priority 3;OK
FUN;WS;FUN;SR;OK;TASK000014165499;Priority 3;OK
SEC;DPY;SEC;SR;OK;TASK000014165501;Priority 4;OK
SEC;SYN;SEC;SR;OK;TASK000014165589;Priority 3;OK
SEC;SYN;SEC;SR;OK;TASK000014165695;Priority 3;OK
SEC;812;SEC;SR;OK;TASK000014165698;Priority 3;OK
SEC;DPY;SEC;SR;OK;TASK000014165755;Priority 4;OK
SEC;BWI;SEC;SR;OK;TASK000014165832;Priority 4;OK
SEC;812;SEC;SR;OK;TASK000014165855;Priority 3;OK
L1;BWI;L1 ;SR;OK;TASK000014166171;Priority 4;OK
SEC;812;SEC;SR;OK;TASK000014166226;Priority 3;OK
SEC;812;SEC;SR;OK;TASK000014166379;Priority 3;OK
SEC;DCF;SEC;SR;OK;TASK000014166506;Priority 3;OK
SEC;DCF;SEC;SR;OK;TASK000014166551;Priority 3;OK
L1;BWI;L1 ;SR;OK;TASK000014166666;Priority 3;OK
SEC;812;SEC;SR;OK;TASK000014166803;Priority 3;OK
SEC;812;SEC;SR;OK;TASK000014167027;Priority 3;OK
DBA;812;DBA;SR;OK;TASK000014167063;Priority 3;OK
DBA;812;DBA;SR;OK;TASK000014167086;Priority 3;OK
CNC;LAT;CNC;SR;OK;TASK000014167206;Priority 3;OK
L1;ETH;CNC;SR;OK;TASK000014167213;Priority 3;OK
APS;ETH;APS;SR;OK;TASK000014167268;Priority 3;OK
APS;ETH;APS;SR;OK;TASK000014167369;Priority 4;OK
SEC;DXE;SEC;SR;OK;TASK000014167441;Priority 3;OK
L1;BWI;CNC;SR;OK;TASK000014167479;Priority 3;OK
CNC;ETH;CNC;SR;OK;TASK000014167511;Priority 3;OK
SEC;DCF;SEC;SR;Defect;TASK000014167528;Priority 3;OK
SEC;BWI;SEC;SR;OK;TASK000014167529;Priority 4;OK
SEC;BWI;SEC;SR;OK;TASK000014167701;Priority 4;OK
DBA;812;DBA;SR;OK;TASK000014167749;Priority 3;OK
SEC;MNT;SEC;SR;OK;TASK000014167936;Priority 3;OK
SEC;DCF;SEC;SR;OK;TASK000014168033;Priority 3;OK
CNC;DCF;FUN;SR;OK;TASK000014168060;Priority 3;OK
CNC;ETH;CNC;SR;OK;TASK000014168128;Priority 3;OK
L1;812;MON;SR;OK;TASK000014168164;Priority 3;OK
L1;ETH;CNC;SR;OK;TASK000014168479;Priority 3;OK
L1;812;MON;SR;OK;TASK000014168752;Priority 3;OK
L1;BWI;L1 ;SR;OK;TASK000014168785;Priority 3;OK
SEC;MNT;SEC;SR;OK;TASK000014168821;Priority 3;OK
SEC;SYN;SEC;SR;OK;TASK000014168849;Priority 3;OK
SEC;ETH;SEC;SR;OK;TASK000014168925;Priority 3;OK
SEC;ETH;SEC;SR;OK;TASK000014168933;Priority 3;OK
CNC;DCF;CNC;SR;OK;TASK000014169096;Priority 3;OK
SEC;EMS;SEC;SR;OK;TASK000014169779;Priority 3;OK
APS;ETH;APS;SR;OK;TASK000014169923;Priority 4;OK
APS;ETH;APS;SR;OK;TASK000014170012;Priority 3;OK
APS;ETH;APS;SR;OK;TASK000014170032;Priority 4;OK
FUN;WS;FUN;SR;OK;TASK000014170366;Priority 4;OK
CNC;EES;CNC;SR;OK;TASK000014170508;Priority 3;OK
SEC;SYN;SEC;SR;OK;TASK000014170623;Priority 3;OK
CNC;BWI;CNC;SR;OK;TASK000014170743;Priority 3;OK
L1;812;MON;SR;OK;TASK000014170764;Priority 4;OK
CNC;ETH;CNC;SR;OK;TASK000014170813;Priority 3;OK
APS;ETH;APS;SR;OK;TASK000014170907;Priority 3;OK
SEC;812;SEC;SR;OK;TASK000014171102;Priority 3;OK
SEC;BWI;SEC;SR;OK;TASK000014171220;Priority 4;OK
SEC;ETH;SEC;SR;OK;TASK000014171316;Priority 3;OK
SEC;812;SEC;SR;OK;TASK000014171638;Priority 3;OK
SEC;DCF;SEC;SR;OK;TASK000014172034;Priority 3;OK
APS;ETH;APS;SR;OK;TASK000014172058;Priority 3;OK
CNC;BWI;CNC;SR;OK;TASK000014172237;Priority 3;OK
TEC;DCF;FUN;SR;OK;TASK000014172244;Priority 3;OK
SEC;SYN;SEC;SR;OK;TASK000014172366;Priority 3;OK
APS;ETH;APS;SR;OK;TASK000014172595;Priority 3;OK
SEC;MNT;SEC;SR;OK;TASK000014172866;Priority 3;OK
SEC;SYN;SEC;SR;OK;TASK000014173289;Priority 3;OK
SEC;ETH;SEC;SR;OK;TASK000014173443;Priority 3;OK
CNC;LAT;CNC;SR;OK;TASK000014173454;Priority 3;OK
SEC;DCF;SEC;SR;Defect;TASK000014173550;Priority 3;OK
SEC;MNT;SEC;SR;OK;TASK000014173717;Priority 3;OK
SEC;MNT;SEC;SR;OK;TASK000014173726;Priority 3;OK
L1;BWI;L1 ;SR;OK;TASK000014173974;Priority 3;OK
SEC;ETH;SEC;SR;OK;TASK000014174067;Priority 3;OK
SEC;BWI;SEC;SR;OK;TASK000014174282;Priority 4;OK
APS;ETH;APS;SR;OK;TASK000014174739;Priority 3;OK
L1;812;MON;SR;OK;TASK000014174893;Priority 4;OK
TEC;DCF;FUN;SR;OK;TASK000014174944;Priority 3;OK
DBA;812;DBA;SR;OK;TASK000014175000;Priority 3;OK
FUN;DCF;FUN;SR;OK;TASK000014175038;Priority 3;OK
SEC;812;SEC;SR;OK;TASK000014175170;Priority 3;OK
SEC;812;SEC;SR;OK;TASK000014175171;Priority 3;OK
SEC;EMS;SEC;SR;OK;TASK000014175188;Priority 3;OK
SEC;812;SEC;SR;OK;TASK000014175279;Priority 3;OK
SEC;812;SEC;SR;OK;TASK000014175302;Priority 3;OK
DBA;812;DBA;SR;OK;TASK000014175320;Priority 3;OK
DBA;812;DBA;SR;OK;TASK000014175374;Priority 3;OK
SEC;812;SEC;SR;OK;TASK000014175377;Priority 3;OK
DBA;812;DBA;SR;OK;TASK000014175523;Priority 3;OK
FUN;ETH;FUN;SR;OK;TASK000014175595;Priority 4;OK
SEC;SYN;SEC;SR;OK;TASK000014175843;Priority 3;OK
FUN;LAT;FUN;SR;OK;TASK000014175953;Priority 3;OK
SEC;EDS;SEC;SR;OK;TASK000014175993;Priority 3;OK
CNC;812;CNC;SR;OK;TASK000014176192;Priority 3;OK
DBA;812;DBA;SR;OK;TASK000014176210;Priority 3;OK
DBA;812;DBA;SR;OK;TASK000014176265;Priority 3;OK
SEC;812;SEC;SR;OK;TASK000014176327;Priority 3;OK
APS;ETH;APS;SR;OK;TASK000014176478;Priority 3;OK
SEC;812;SEC;SR;OK;TASK000014177060;Priority 3;OK
DBA;812;DBA;SR;OK;TASK000014177091;Priority 3;OK
SCH;LAT;SCH;SR;OK;TASK000014177818;Priority 3;OK
FUN;EES;FUN;SR;OK;TASK000014177880;Priority 4;OK
APS;ETH;APS;SR;OK;TASK000014177898;Priority 3;OK
SEC;SYN;SEC;SR;Defect;TASK000014178267;Priority 3;OK
SEC;BWI;SEC;SR;OK;TASK000014178292;Priority 4;OK
SCH;LAT;SCH;SR;OK;TASK000014178445;Priority 3;OK
SEC;MNT;SEC;SR;OK;TASK000014179614;Priority 3;OK
SEC;812;SEC;SR;OK;TASK000014179796;Priority 3;OK
CNC;812;CNC;SR;OK;TASK000014179912;Priority 3;OK
SEC;812;SEC;SR;OK;TASK000014180118;Priority 3;OK
SEC;812;SEC;SR;OK;TASK000014180133;Priority 3;OK
DBA;812;DBA;SR;OK;TASK000014180539;Priority 3;OK
CNC;812;CNC;SR;OK;TASK000014180739;Priority 3;OK
SEC;812;SEC;SR;OK;TASK000014180827;Priority 3;OK
DBA;812;DBA;SR;OK;TASK000014181227;Priority 3;OK
SEC;DXE;SEC;SR;OK;TASK000014181408;Priority 3;OK
APS;ETH;APS;SR;OK;TASK000014181422;Priority 3;OK
CNC;BWI;CNC;SR;OK;TASK000014181558;Priority 3;OK
TEC;ETH;FUN;SR;OK;TASK000014181830;Priority 4;OK
FUN;812;FUN;SR;OK;TASK000014182185;Priority 3;OK
APS;EES;APS;SR;OK;TASK000014182279;Priority 4;OK
APS;ETH;APS;SR;OK;TASK000014182411;Priority 3;OK
APS;ETH;APS;SR;Defect;TASK000014182419;Priority 4;OK
APS;ETH;APS;SR;OK;TASK000014182477;Priority 4;OK
SEC;DCF;SEC;SR;Defect;TASK000014182482;Priority 3;OK
SEC;SYN;SEC;SR;OK;TASK000014182541;Priority 3;OK
SEC;SYN;SEC;SR;Defect;TASK000014182789;Priority 3;OK
FUN;ETH;FUN;SR;OK;TASK000014182885;Priority 3;OK
APS;ETH;APS;SR;OK;TASK000014183035;Priority 3;OK
APS;ETH;APS;SR;OK;TASK000014183106;Priority 3;OK
SEC;BWI;SEC;SR;OK;TASK000014183230;Priority 4;OK
CNC;ETH;CNC;SR;OK;TASK000014183346;Priority 3;OK
CNC;ETH;CNC;SR;OK;TASK000014183347;Priority 4;OK
SEC;DCF;SEC;SR;OK;TASK000014183514;Priority 3;OK
APS;ETH;APS;SR;OK;TASK000014185328;Priority 3;OK
DBA;812;DBA;SR;OK;TASK000014185839;Priority 3;OK
SEC;812;SEC;SR;OK;TASK000014185856;Priority 3;OK
DBA;812;DBA;SR;OK;TASK000014185918;Priority 3;OK
DBA;812;DBA;SR;OK;TASK000014186102;Priority 3;OK
DBA;812;DBA;SR;OK;TASK000014186223;Priority 3;OK
DBA;812;DBA;SR;OK;TASK000014186505;Priority 3;OK
CNC;812;CNC;SR;OK;TASK000014186619;Priority 3;OK
DBA;812;DBA;SR;OK;TASK000014186661;Priority 3;OK
DBA;812;DBA;SR;OK;TASK000014186862;Priority 3;OK
L1;BWI;SEC;SR;OK;TASK000014187087;Priority 3;OK
L1;812;MON;SR;OK;TASK000014187110;Priority 3;OK
SEC;EMS;SEC;SR;OK;TASK000014187158;Priority 3;OK
FUN;COR;FUN;SR;OK;TASK000014187250;Priority 3;OK
APS;EES;APS;SR;OK;TASK000014187269;Priority 4;OK
SEC;812;SEC;SR;OK;TASK000014187590;Priority 3;OK
SEC;SYN;SEC;SR;OK;TASK000014187645;Priority 3;OK
SEC;SYN;SEC;SR;OK;TASK000014187809;Priority 3;OK
L1;812;MON;SR;OK;TASK000014187953;Priority 3;OK
SEC;SYN;SEC;SR;OK;TASK000014188287;Priority 3;OK
SEC;EES;SEC;SR;Defect;TASK000014188477;Priority 3;OK
SEC;812;SEC;SR;OK;TASK000014188505;Priority 3;OK
SEC;BWI;SEC;SR;OK;TASK000014188900;Priority 4;OK
SEC;DCF;SEC;SR;OK;TASK000014188975;Priority 3;OK
SEC;SYN;SEC;SR;Defect;TASK000014189043;Priority 3;OK
SEC;812;SEC;SR;OK;TASK000014190139;Priority 3;OK
FUN;DCF;FUN;SR;OK;TASK000014190372;Priority 3;OK
SEC;812;SEC;SR;OK;TASK000014190425;Priority 3;OK
FUN;812;FUN;SR;OK;TASK000014190490;Priority 3;OK
FIN;DXE;FUN;SR;OK;TASK000014190551;Priority 4;OK
CNC;812;CNC;SR;OK;TASK000014190873;Priority 3;OK
FUN;DXE;FUN;SR;OK;TASK000014190908;Priority 4;OK
TEC;DCF;FUN;SR;OK;TASK000014190995;Priority 3;OK
SEC;812;SEC;SR;OK;TASK000014191141;Priority 3;OK
CNC;BWI;CNC;SR;OK;TASK000014191586;Priority 3;OK
APS;ETH;APS;SR;OK;TASK000014191728;Priority 3;OK
SEC;DXE;SEC;SR;OK;TASK000014191807;Priority 3;OK
APS;ETH;APS;SR;OK;TASK000014191844;Priority 3;OK
SEC;812;SEC;SR;OK;TASK000014191878;Priority 3;OK
SEC;812;SEC;SR;OK;TASK000014191893;Priority 3;OK
CNC;812;CNC;SR;OK;TASK000014191929;Priority 3;OK
CNC;BWI;CNC;SR;OK;TASK000014192075;Priority 3;OK
SEC;BWI;SEC;SR;OK;TASK000014192248;Priority 4;OK
CNC;812;CNC;SR;OK;TASK000014192386;Priority 3;OK
SEC;WS;SEC;SR;OK;TASK000014192448;Priority 3;OK
FIN;812;INS;SR;Defect;TASK000014192455;Priority 3;OK
APS;ETH;APS;SR;OK;TASK000014192579;Priority 4;OK
CNC;LAT;CNC;SR;OK;TASK000014193187;Priority 3;OK
SEC;ETH;SEC;SR;OK;TASK000014193251;Priority 3;OK
APS;ETH;APS;SR;OK;TASK000014193370;Priority 3;OK
FUN;ETH;FUN;SR;OK;TASK000014193573;Priority 3;OK
SEC;BWI;SEC;SR;OK;TASK000014193608;Priority 4;OK
SEC;SYN;SEC;SR;OK;TASK000014193769;Priority 3;OK
L1;BWI;L1 ;SR;OK;TASK000014194290;Priority 3;OK
L1;812;MON;SR;OK;TASK000014194473;Priority 4;OK
L1;812;MON;SR;OK;TASK000014194633;Priority 3;OK
SEC;812;SEC;SR;OK;TASK000014194777;Priority 3;OK
TEC;DCF;FUN;SR;OK;TASK000014194812;Priority 3;OK
L1;812;MON;SR;OK;TASK000014194989;Priority 3;OK
FUN;WS;FUN;SR;OK;TASK000014195053;Priority 3;OK
SEC;812;SEC;SR;OK;TASK000014195288;Priority 3;OK
DBA;812;DBA;SR;OK;TASK000014195370;Priority 3;OK
SEC;EDS;SEC;SR;OK;TASK000014195439;Priority 3;OK
APS;ETH;APS;SR;OK;TASK000014195664;Priority 4;OK
DBA;812;DBA;SR;OK;TASK000014195678;Priority 3;OK
DBA;812;DBA;SR;OK;TASK000014195903;Priority 3;OK
FUN;COR;FUN;SR;OK;TASK000014195981;Priority 3;OK
FIN;812;FUN;SR;OK;TASK000014196509;Priority 4;OK
APS;ETH;APS;SR;OK;TASK000014196511;Priority 3;OK
FUN;COR;FUN;SR;OK;TASK000014196622;Priority 3;OK
CNC;LAT;CNC;SR;OK;TASK000014196819;Priority 3;OK
SEC;BWI;SEC;SR;OK;TASK000014197349;Priority 4;OK
SEC;DCF;SEC;SR;OK;TASK000014197415;Priority 3;OK
SEC;BWI;SEC;SR;OK;TASK000014197432;Priority 4;OK
SEC;DCF;SEC;SR;Defect;TASK000014197446;Priority 3;OK
SEC;SYN;SEC;SR;OK;TASK000014198026;Priority 3;OK
CNC;EES;CNC;SR;OK;TASK000014198112;Priority 4;OK
SEC;DCF;SEC;SR;OK;TASK000014198155;Priority 3;OK
CNC;DCF;CNC;SR;OK;TASK000014198259;Priority 3;OK
SEC;SYN;SEC;SR;OK;TASK000014198569;Priority 3;OK
FUN;LAT;FUN;SR;OK;TASK000014199411;Priority 3;OK
SEC;SYN;SEC;SR;OK;TASK000014199443;Priority 3;OK
CNC;812;CNC;SR;OK;TASK000014200365;Priority 3;OK
APS;ETH;APS;SR;OK;TASK000014200451;Priority 3;OK
DBA;812;DBA;SR;OK;TASK000014200522;Priority 3;OK
DBA;812;DBA;SR;OK;TASK000014200613;Priority 3;OK
APS;ETH;APS;SR;OK;TASK000014200668;Priority 4;OK
SEC;BWI;SEC;SR;OK;TASK000014200682;Priority 4;OK
FIN;MNT;FUN;SR;OK;TASK000014200685;Priority 4;OK
DBA;812;DBA;SR;OK;TASK000014200987;Priority 3;OK
CNC;EES;CNC;SR;OK;TASK000014201012;Priority 3;OK
APS;ETH;APS;SR;OK;TASK000014201013;Priority 3;OK
SEC;SYN;SEC;SR;OK;TASK000014201064;Priority 3;OK
DBA;812;DBA;SR;OK;TASK000014201136;Priority 3;OK
APS;ETH;APS;SR;OK;TASK000014201194;Priority 4;OK
DBA;812;DBA;SR;OK;TASK000014201774;Priority 3;OK
SEC;BWI;SEC;SR;OK;TASK000014202359;Priority 4;OK
CNC;LAT;CNC;SR;OK;TASK000014202383;Priority 3;OK
SEC;EMS;SEC;SR;OK;TASK000014202507;Priority 3;OK
CNC;BWI;CNC;SR;OK;TASK000014202637;Priority 3;OK
APS;ETH;APS;SR;OK;TASK000014202711;Priority 3;OK
APS;ETH;APS;SR;OK;TASK000014202777;Priority 3;OK
DCF;DCF;FUN;SR;OK;TASK000014203023;Priority 3;OK
SEC;SYN;SEC;SR;OK;TASK000014203046;Priority 3;OK
APS;EES;APS;SR;OK;TASK000014203365;Priority 3;OK
SEC;BWI;SCH;SR;OK;TASK000014203548;Priority 3;OK
FUN;EMS;FUN;SR;OK;TASK000014203991;Priority 3;OK
L1;812;MON;SR;OK;TASK000014204997;Priority 3;OK
SCH;812;SCH;SR;OK;TASK000014205392;Priority 3;OK
DBA;812;DBA;SR;OK;TASK000014205400;Priority 3;OK
SEC;WS;SEC;SR;OK;TASK000014205550;Priority 3;OK
CNC;812;CNC;SR;OK;TASK000014205792;Priority 3;OK
FUN;DXE;FUN;SR;OK;TASK000014206417;Priority 3;OK
FUN;ETH;FUN;SR;OK;TASK000014206772;Priority 3;OK
FUN;ETH;FUN;SR;OK;TASK000014206829;Priority 3;OK
APS;ETH;APS;SR;OK;TASK000014206898;Priority 3;OK
SEC;812;SEC;SR;OK;TASK000014206953;Priority 3;OK
CNC;812;CNC;SR;OK;TASK000014207273;Priority 3;OK
SEC;BWI;SEC;SR;OK;TASK000014207578;Priority 4;OK
SEC;BWI;SEC;SR;OK;TASK000014207645;Priority 4;OK
FUN;EES;FUN;SR;OK;TASK000014207826;Priority 4;OK
APS;ETH;APS;SR;OK;TASK000014208074;Priority 4;OK
CNC;BWI;CNC;SR;OK;TASK000014208238;Priority 3;OK
SEC;BWI;SEC;SR;OK;TASK000014208836;Priority 4;OK
CNC;EES;CNC;SR;OK;TASK000014209093;Priority 3;OK
SEC;DCF;SEC;SR;OK;TASK000014209156;Priority 3;OK
SEC;DCF;SEC;SR;OK;TASK000014209157;Priority 3;OK
SEC;DCF;SEC;SR;OK;TASK000014209158;Priority 3;OK
SEC;DCF;SEC;SR;OK;TASK000014209689;Priority 3;OK
SEC;DXE;SEC;SR;OK;TASK000014210049;Priority 3;OK
SEC;DCF;SEC;SR;Defect;TASK000014210826;Priority 3;OK
SEC;812;SEC;SR;OK;TASK000014211072;Priority 3;OK
DBA;812;DBA;SR;OK;TASK000014211204;Priority 3;OK
SEC;812;SEC;SR;OK;TASK000014211273;Priority 3;OK
SEC;SYN;SEC;SR;OK;TASK000014212160;Priority 3;OK
SEC;812;SEC;SR;OK;TASK000014212161;Priority 3;OK
FUN;DCF;FUN;SR;OK;TASK000014212166;Priority 3;OK
DBA;812;DBA;SR;OK;TASK000014212198;Priority 3;OK
SEC;812;SEC;SR;OK;TASK000014212287;Priority 3;OK
SEC;SYN;SEC;SR;OK;TASK000014212914;Priority 3;OK
SEC;812;SEC;SR;OK;TASK000014212995;Priority 3;OK
SEC;812;SEC;SR;OK;TASK000014213049;Priority 3;OK
SEC;812;SEC;SR;OK;TASK000014213139;Priority 3;OK
APS;ETH;APS;SR;OK;TASK000014213253;Priority 4;OK
DBA;812;DBA;SR;OK;TASK000014213430;Priority 3;OK
SEC;SYN;SEC;SR;OK;TASK000014213468;Priority 3;OK
SEC;812;SEC;SR;OK;TASK000014213518;Priority 3;OK
TEC;DCF;FUN;SR;OK;TASK000014213902;Priority 3;OK
APS;ETH;APS;SR;OK;TASK000014213929;Priority 3;OK
SEC;DCF;SEC;SR;OK;TASK000014214131;Priority 3;OK
SEC;DCF;SEC;SR;OK;TASK000014214284;Priority 3;OK
CNC;EES;CNC;SR;OK;TASK000014214388;Priority 3;OK
SEC;EES;SEC;SR;OK;TASK000014214599;Priority 3;OK
SEC;SYN;SEC;SR;OK;TASK000014214619;Priority 3;OK
SEC;SYN;SEC;SR;OK;TASK000014214632;Priority 3;OK
SEC;ETH;SEC;SR;OK;TASK000014214729;Priority 3;OK
SEC;MNT;SEC;SR;OK;TASK000014214768;Priority 3;OK
L1;BWI;L1 ;SR;OK;TASK000014215171;Priority 3;OK
DBA;812;DBA;SR;OK;TASK000014216151;Priority 3;OK
DBA;812;DBA;SR;OK;TASK000014216197;Priority 3;OK
SEC;812;SEC;SR;OK;TASK000014216248;Priority 3;OK
SEC;812;SEC;SR;OK;TASK000014216342;Priority 3;OK
SEC;812;SEC;SR;OK;TASK000014216595;Priority 3;OK
SEC;812;SEC;SR;OK;TASK000014216619;Priority 3;OK
DBA;812;DBA;SR;OK;TASK000014216712;Priority 3;OK
CNC;812;CNC;SR;OK;TASK000014216960;Priority 3;OK
DBA;812;DBA;SR;OK;TASK000014217636;Priority 3;OK
SEC;SYN;SEC;SR;Defect;TASK000014217708;Priority 3;OK
SEC;BWI;SEC;SR;OK;TASK000014217709;Priority 4;OK
DBA;812;DBA;SR;OK;TASK000014217925;Priority 3;OK
SEC;812;SEC;SR;OK;TASK000014218276;Priority 3;OK
SEC;812;SEC;SR;OK;TASK000014218314;Priority 3;OK
SEC;BWI;SEC;SR;OK;TASK000014218336;Priority 4;OK
DBA;812;DBA;SR;OK;TASK000014218717;Priority 3;OK
APS;ETH;APS;SR;OK;TASK000014218841;Priority 3;OK
SEC;DPY;SEC;SR;OK;TASK000014218933;Priority 4;OK
CNC;LAT;CNC;SR;OK;TASK000014218940;Priority 3;OK
SEC;DXE;SEC;SR;OK;TASK000014218947;Priority 3;OK
SEC;ETH;SEC;SR;OK;TASK000014218958;Priority 3;OK
SEC;SYN;SEC;SR;OK;TASK000014219018;Priority 3;OK
SEC;EES;FUN;SR;Defect;TASK000014219102;Priority 3;OK
FUN;EES;FUN;SR;OK;TASK000014219113;Priority 3;OK
FUN;ETH;FUN;SR;OK;TASK000014219183;Priority 3;OK
APS;ETH;APS;SR;OK;TASK000014219279;Priority 3;OK
SEC;SYN;SEC;SR;OK;TASK000014219309;Priority 3;OK
SEC;MNT;SEC;SR;OK;TASK000014219427;Priority 3;OK
SEC;DPY;SEC;SR;OK;TASK000014219688;Priority 4;OK
SEC;SYN;SEC;SR;OK;TASK000014219714;Priority 3;OK
APS;ETH;APS;SR;OK;TASK000014219766;Priority 3;OK
APS;DCF;APS;SR;OK;TASK000014219805;Priority 3;OK
CNC;BWI;CNC;SR;OK;TASK000014219840;Priority 3;OK
SEC;ETH;SEC;SR;OK;TASK000014219902;Priority 3;OK
SEC;DXE;SEC;SR;OK;TASK000014220089;Priority 3;OK
FUN;DCF;FUN;SR;OK;TASK000014221558;Priority 4;OK
SEC;BWI;SEC;SR;OK;TASK000014224419;Priority 4;OK
FUN;MNT;FUN;SR;OK;TASK000014224459;Priority 4;OK
FUN;812;FUN;SR;OK;TASK000014227836;Priority 4;OK
FUN;812;FUN;SR;OK;TASK000014227987;Priority 4;OK
SEC;ETH;SEC;SR;OK;TASK000014228595;Priority 4;OK
SEC;BWI;SEC;SR;OK;TASK000014228938;Priority 4;OK
L1;BWI;L1 ;SR;OK;TASK000014229897;Priority 4;OK
SEC;BWI;SEC;SR;OK;TASK000014231846;Priority 4;OK
APS;ETH;APS;SR;OK;TASK000014233117;Priority 4;OK
APS;ETH;APS;SR;OK;TASK000014233694;Priority 4;OK
SEC;ETH;SEC;SR;OK;TASK000014234056;Priority 4;OK
OPS;WS;OPS;SR;OK;TASK000014234273;Priority 4;OK
FUN;ETH;FUN;SR;OK;TASK000014234319;Priority 4;OK
FIN;812;FUN;SR;OK;TASK000014235794;Priority 4;OK
FIN;812;FUN;SR;OK;TASK000014236207;Priority 4;OK
FUN;WS;FUN;SR;OK;TASK000014236547;Priority 4;OK
SEC;BWI;SEC;SR;OK;TASK000014237314;Priority 4;OK
FIN;812;FUN;SR;OK;TASK000014237753;Priority 4;OK
SEC;BWI;SEC;SR;OK;TASK000014237871;Priority 4;OK
APS;EES;APS;SR;OK;TASK000014238076;Priority 4;OK
SEC;BWI;SEC;SR;OK;TASK000014238394;Priority 4;OK
SEC;BWI;SEC;SR;OK;TASK000014238405;Priority 4;OK
SEC;BWI;SEC;SR;OK;TASK000014239122;Priority 4;OK
FIN;812;FUN;SR;OK;TASK000014239959;Priority 4;OK
SEC;812;SEC;SR;OK;TASK000014244108;Priority 3;OK
DBA;812;DBA;SR;OK;TASK000014244520;Priority 3;OK
SEC;MNT;SEC;SR;OK;TASK000014244676;Priority 3;OK
APS;ETH;APS;SR;OK;TASK000014244722;Priority 3;OK
SEC;812;SEC;SR;OK;TASK000014244851;Priority 3;OK
DBA;812;DBA;SR;OK;TASK000014245143;Priority 3;OK
SEC;812;SEC;SR;OK;TASK000014245344;Priority 3;OK
SEC;812;SEC;SR;OK;TASK000014245402;Priority 3;OK
L1;DCF;CNC;SR;OK;TASK000014245443;Priority 3;OK
FUN;812;FUN;SR;OK;TASK000014245583;Priority 3;OK
SEC;EMS;SEC;SR;OK;TASK000014245596;Priority 3;OK
CNC;LAT;CNC;SR;OK;TASK000014245600;Priority 3;OK
APS;ETH;APS;SR;OK;TASK000014245651;Priority 3;OK
APS;EES;APS;SR;OK;TASK000014245687;Priority 4;OK
L1;812;MON;SR;OK;TASK000014245862;Priority 3;OK
SEC;EMS;SEC;SR;OK;TASK000014246030;Priority 3;OK
FUN;812;FUN;SR;OK;TASK000014246068;Priority 4;OK
SEC;ETH;SEC;SR;OK;TASK000014246141;Priority 3;OK
FUN;812;FUN;SR;OK;TASK000014246168;Priority 4;OK
CNC;BWI;CNC;SR;OK;TASK000014246245;Priority 3;OK
FUN;812;FUN;SR;OK;TASK000014246514;Priority 4;OK
TEC;ETH;FUN;SR;OK;TASK000014246524;Priority 4;OK
DBA;812;DBA;SR;OK;TASK000014246554;Priority 3;OK
FUN;812;FUN;SR;OK;TASK000014246620;Priority 3;OK
SEC;812;SEC;SR;OK;TASK000014246634;Priority 3;OK
SEC;DXE;SEC;SR;OK;TASK000014246658;Priority 3;OK
FUN;812;FUN;SR;OK;TASK000014246814;Priority 3;OK
SEC;812;SEC;SR;OK;TASK000014246832;Priority 3;OK
SEC;WS;SEC;SR;OK;TASK000014246877;Priority 3;OK
APS;ETH;APS;SR;OK;TASK000014246919;Priority 3;OK
SEC;812;SEC;SR;OK;TASK000014247031;Priority 3;OK
SEC;ETH;SEC;SR;OK;TASK000014247414;Priority 3;OK
SEC;ETH;SEC;SR;OK;TASK000014247422;Priority 3;OK
SEC;SYN;SEC;SR;OK;TASK000014247998;Priority 3;OK
SEC;SYN;SEC;SR;OK;TASK000014248144;Priority 3;OK
FUN;812;FUN;SR;OK;TASK000014248429;Priority 3;OK
CNC;BWI;CNC;SR;OK;TASK000014248467;Priority 3;OK
L1;BWI;L1 ;SR;OK;TASK000014248870;Priority 4;OK
L1;BWI;L1 ;SR;OK;TASK000014248873;Priority 4;OK
L1;BWI;L1 ;SR;OK;TASK000014249023;Priority 4;OK
L1;BWI;L1 ;SR;OK;TASK000014249192;Priority 3;OK
DBA;812;DBA;SR;OK;TASK000014250032;Priority 3;OK
SEC;812;SEC;SR;OK;TASK000014250063;Priority 3;OK
DBA;812;DBA;SR;OK;TASK000014250064;Priority 3;OK
SEC;812;SEC;SR;OK;TASK000014250132;Priority 3;OK
FIN;812;INS;SR;Defect;TASK000014250236;Priority 3;OK
APS;ETH;APS;SR;OK;TASK000014250564;Priority 3;OK
SEC;812;SEC;SR;OK;TASK000014250584;Priority 3;OK
APS;ETH;APS;SR;OK;TASK000014250625;Priority 3;OK
SEC;DCF;SEC;SR;OK;TASK000014250703;Priority 3;OK
SEC;SYN;SEC;SR;OK;TASK000014250818;Priority 3;OK
SEC;SYN;SEC;SR;OK;TASK000014250838;Priority 3;OK
DBA;812;DBA;SR;OK;TASK000014250853;Priority 3;OK
FUN;ETH;FUN;SR;OK;TASK000014251216;Priority 3;OK
SEC;812;SEC;SR;OK;TASK000014251287;Priority 3;OK
DBA;812;DBA;SR;OK;TASK000014251359;Priority 3;OK
SEC;812;SEC;SR;OK;TASK000014251466;Priority 3;OK
DBA;812;DBA;SR;OK;TASK000014251787;Priority 3;OK
CNC;ETH;CNC;SR;OK;TASK000014251844;Priority 3;OK
FUN;812;FUN;SR;OK;TASK000014251989;Priority 3;OK
SEC;DPY;SEC;SR;OK;TASK000014252050;Priority 3;OK
SEC;DXE;SEC;SR;OK;TASK000014252275;Priority 3;OK
SEC;BWI;SEC;SR;OK;TASK000014252363;Priority 4;OK
CNC;BWI;CNC;SR;OK;TASK000014252507;Priority 3;OK
SEC;812;SEC;SR;Defect;TASK000014252662;Priority 3;OK
APS;ETH;APS;SR;OK;TASK000014252952;Priority 4;OK
SEC;812;SEC;SR;OK;TASK000014252996;Priority 3;OK
SEC;MNT;SEC;SR;OK;TASK000014253127;Priority 3;OK
SEC;MNT;SEC;SR;OK;TASK000014254084;Priority 3;OK
SEC;812;SEC;SR;OK;TASK000014254544;Priority 3;OK
SEC;EMS;SEC;SR;OK;TASK000014254622;Priority 3;OK
SEC;812;SEC;SR;OK;TASK000014254834;Priority 3;OK
FUN;DXE;FUN;SR;OK;TASK000014254835;Priority 4;OK
DBA;812;DBA;SR;OK;TASK000014254968;Priority 3;OK
CNC;DCF;CNC;SR;OK;TASK000014255162;Priority 3;OK
SEC;EMS;SEC;SR;OK;TASK000014255347;Priority 3;OK
SEC;812;SEC;SR;OK;TASK000014255623;Priority 3;OK
SEC;DCF;SEC;SR;Defect;TASK000014255898;Priority 3;OK
SEC;SYN;SEC;SR;Defect;TASK000014255965;Priority 3;OK
FUN;812;FUN;SR;OK;TASK000014255984;Priority 4;OK
SEC;812;SEC;SR;OK;TASK000014256616;Priority 3;OK
SEC;MNT;SEC;SR;OK;TASK000014256636;Priority 3;OK
SEC;DCF;SEC;SR;Defect;TASK000014256667;Priority 3;OK
FUN;EES;FUN;SR;OK;TASK000014256698;Priority 3;OK
SEC;BWI;SEC;SR;OK;TASK000014256807;Priority 4;OK
SEC;SYN;SEC;SR;Defect;TASK000014257164;Priority 3;OK
APS;ETH;APS;SR;OK;TASK000014257223;Priority 4;OK
SEC;SYN;SEC;SR;OK;TASK000014257253;Priority 3;OK
SEC;ETH;SEC;SR;OK;TASK000014257298;Priority 3;OK
APS;ETH;APS;SR;OK;TASK000014257321;Priority 3;OK
FIN;LAT;FUN;SR;OK;TASK000014257417;Priority 3;OK
CNC;BWI;L1 ;SR;OK;TASK000014257528;Priority 4;OK
SEC;DCF;SEC;SR;Defect;TASK000014257635;Priority 3;OK
SEC;EMS;SEC;SR;OK;TASK000014257884;Priority 3;OK
SEC;DXE;SEC;SR;OK;TASK000014258216;Priority 3;OK
SEC;DXE;SEC;SR;OK;TASK000014258228;Priority 3;OK
FUN;DXE;FUN;SR;OK;TASK000014259282;Priority 3;OK
FUN;WS;FUN;SR;OK;TASK000014259576;Priority 3;OK
SEC;MNT;SEC;SR;OK;TASK000014260032;Priority 3;OK
SEC;MNT;SEC;SR;OK;TASK000014260159;Priority 3;OK
SEC;MNT;SEC;SR;OK;TASK000014260206;Priority 3;OK
SCH;812;SCH;SR;OK;TASK000014260477;Priority 3;OK
CNC;812;MON;SR;OK;TASK000014260500;Priority 3;OK
SEC;DCF;SEC;SR;OK;TASK000014260779;Priority 3;OK
CNC;812;MON;SR;OK;TASK000014260812;Priority 3;OK
FUN;812;FUN;SR;OK;TASK000014260942;Priority 4;OK
SEC;DCF;SEC;SR;OK;TASK000014261008;Priority 3;OK
SEC;MNT;SEC;SR;OK;TASK000014261135;Priority 3;OK
SEC;SYN;SEC;SR;OK;TASK000014261182;Priority 3;OK
SEC;MNT;SEC;SR;OK;TASK000014261392;Priority 3;OK
APS;ETH;APS;SR;OK;TASK000014261674;Priority 3;OK
SEC;812;SEC;SR;OK;TASK000014261728;Priority 3;OK
CNC;BWI;L1 ;SR;OK;TASK000014261952;Priority 3;OK
SEC;812;SEC;SR;OK;TASK000014261956;Priority 3;OK
SEC;812;SEC;SR;OK;TASK000014261969;Priority 3;OK
SEC;812;SEC;SR;OK;TASK000014261984;Priority 3;OK
SEC;EMS;SEC;SR;OK;TASK000014262022;Priority 3;OK
SEC;DPY;SEC;SR;OK;TASK000014262303;Priority 3;OK
L1;BWI;L1 ;SR;OK;TASK000014262696;Priority 3;OK
APS;ETH;APS;SR;OK;TASK000014262931;Priority 3;OK
SEC;BWI;SEC;SR;OK;TASK000014263343;Priority 4;OK
SEC;812;SEC;SR;OK;TASK000014263866;Priority 3;OK
SEC;DXE;SEC;SR;OK;TASK000014264434;Priority 3;OK
CNC;DPY;CNC;SR;OK;TASK000014264989;Priority 3;OK
APS;ETH;APS;SR;OK;TASK000014265343;Priority 3;OK
SEC;ETH;SEC;SR;OK;TASK000014266061;Priority 3;OK
FUN;812;FUN;SR;OK;TASK000014266155;Priority 4;OK
FIN;812;FUN;SR;OK;TASK000014266178;Priority 4;OK
APS;ETH;APS;SR;OK;TASK000014266496;Priority 3;OK
FUN;DCF;FUN;SR;OK;TASK000014266757;Priority 4;OK
SEC;812;SEC;SR;OK;TASK000014266957;Priority 3;OK
DBA;812;DBA;SR;OK;TASK000014266979;Priority 3;OK
FUN;DCF;FUN;SR;OK;TASK000014267207;Priority 3;OK
SEC;SYN;SEC;SR;OK;TASK000014267483;Priority 3;OK
SEC;812;SEC;SR;OK;TASK000014268002;Priority 3;OK
CNC;DPY;CNC;SR;OK;TASK000014268373;Priority 3;OK
SEC;812;SEC;SR;OK;TASK000014269171;Priority 3;OK
SEC;812;SEC;SR;OK;TASK000014269174;Priority 3;OK
SEC;812;SEC;SR;OK;TASK000014269219;Priority 3;OK
APS;ETH;APS;SR;OK;TASK000014269316;Priority 4;OK
SEC;812;SEC;SR;OK;TASK000014269351;Priority 3;OK
SEC;812;SEC;SR;OK;TASK000014269679;Priority 3;OK
SEC;812;SEC;SR;OK;TASK000014269737;Priority 3;OK
SEC;812;SEC;SR;OK;TASK000014269773;Priority 3;OK
APS;ETH;APS;SR;OK;TASK000014269793;Priority 3;OK
SEC;812;SEC;SR;OK;TASK000014269869;Priority 3;OK
DBA;812;DBA;SR;OK;TASK000014269872;Priority 3;OK
L1;812;CNC;SR;OK;TASK000014269961;Priority 3;OK
SEC;EMS;SEC;INC;OK;TASK000014269982;Priority 3;OK
L1;MNT;MON;SR;OK;TASK000014270231;Priority 4;OK
SEC;812;SEC;SR;OK;TASK000014270256;Priority 3;OK
APS;ETH;APS;SR;OK;TASK000014270294;Priority 3;OK
SEC;SYN;SEC;SR;OK;TASK000014270425;Priority 3;OK
SEC;SYN;SEC;SR;OK;TASK000014270544;Priority 3;OK
CNC;LAT;CNC;SR;OK;TASK000014270679;Priority 3;OK
APS;ETH;APS;SR;OK;TASK000014270705;Priority 3;OK
APS;ETH;APS;SR;OK;TASK000014270733;Priority 3;OK
CNC;812;CNC;SR;Defect;TASK000014270829;Priority 3;OK
SEC;DXE;SEC;SR;OK;TASK000014271197;Priority 3;OK
SEC;MNT;SEC;SR;OK;TASK000014271260;Priority 3;OK
SEC;DCF;SEC;SR;OK;TASK000014271286;Priority 3;OK
SEC;812;SEC;SR;OK;TASK000014271308;Priority 3;OK
SEC;SYN;SEC;SR;OK;TASK000014271314;Priority 3;OK
CNC;812;CNC;SR;OK;TASK000014271382;Priority 3;OK
SEC;812;SEC;SR;OK;TASK000014271387;Priority 3;OK
CNC;ETH;CNC;SR;OK;TASK000014271401;Priority 3;OK
CNC;812;MON;SR;OK;TASK000014271460;Priority 3;OK
FUN;ETH;FUN;SR;OK;TASK000014271773;Priority 3;OK
SEC;812;SEC;SR;OK;TASK000014271861;Priority 3;OK
SEC;MNT;SEC;SR;OK;TASK000014271882;Priority 3;OK
SCH;LAT;SCH;SR;OK;TASK000014271965;Priority 3;OK
SEC;BWI;SEC;SR;OK;TASK000014271999;Priority 4;OK
APS;ETH;APS;SR;OK;TASK000014272001;Priority 3;OK
APS;ETH;APS;SR;OK;TASK000014272030;Priority 3;OK
CNC;BWI;CNC;SR;OK;TASK000014272098;Priority 3;OK
SEC;BWI;SEC;SR;OK;TASK000014272413;Priority 4;OK
SEC;BWI;SEC;SR;OK;TASK000014272424;Priority 4;OK
FUN;DCF;FUN;SR;OK;TASK000014274044;Priority 3;OK
CNC;812;CNC;SR;OK;TASK000014274238;Priority 3;OK
DBA;812;DBA;SR;OK;TASK000014274270;Priority 3;OK
FUN;WS;FUN;SR;OK;TASK000014274314;Priority 3;OK
DBA;812;DBA;SR;OK;TASK000014274349;Priority 3;OK
FUN;WS;FUN;SR;OK;TASK000014274591;Priority 3;OK
CNC;LAT;CNC;SR;OK;TASK000014274866;Priority 3;OK
SEC;812;SEC;SR;OK;TASK000014275098;Priority 3;OK
SEC;BWI;SEC;SR;OK;TASK000014275222;Priority 4;OK
SEC;812;SEC;SR;OK;TASK000014275315;Priority 3;OK
SEC;812;SEC;SR;OK;TASK000014275537;Priority 3;OK
SEC;812;SEC;SR;OK;TASK000014275599;Priority 3;OK
DBA;812;DBA;SR;OK;TASK000014275723;Priority 3;OK
SEC;812;SEC;SR;OK;TASK000014275871;Priority 3;OK
DBA;812;DBA;SR;OK;TASK000014276060;Priority 3;OK
SEC;812;SEC;SR;OK;TASK000014276091;Priority 3;OK
CNC;812;MON;SR;OK;TASK000014276214;Priority 3;OK
SEC;812;SEC;SR;OK;TASK000014276343;Priority 3;OK
CNC;LAT;CNC;SR;OK;TASK000014276358;Priority 3;OK
CNC;812;CNC;SR;OK;TASK000014276373;Priority 3;OK
DBA;812;DBA;SR;OK;TASK000014276429;Priority 3;OK
APS;ETH;APS;SR;OK;TASK000014276731;Priority 3;OK
SEC;BWI;SEC;SR;OK;TASK000014276763;Priority 3;OK
SEC;DCF;SEC;SR;OK;TASK000014276863;Priority 3;OK
SEC;BWI;SEC;SR;OK;TASK000014277083;Priority 4;OK
SEC;SYN;SEC;SR;OK;TASK000014277106;Priority 3;OK
SEC;SYN;SEC;SR;Defect;TASK000014277148;Priority 3;OK
SEC;EMS;SEC;SR;Defect;TASK000014277411;Priority 3;OK
SEC;DCF;SEC;SR;OK;TASK000014277598;Priority 3;OK
SEC;DCF;SEC;SR;OK;TASK000014277600;Priority 3;OK
SEC;DCF;SEC;SR;Defect;TASK000014277607;Priority 3;OK
SEC;812;SEC;SR;OK;TASK000014280183;Priority 3;OK
SEC;812;SEC;SR;OK;TASK000014280280;Priority 3;OK
SEC;812;SEC;SR;OK;TASK000014280294;Priority 3;OK
SEC;812;SEC;SR;OK;TASK000014280325;Priority 3;OK
SEC;812;SEC;SR;OK;TASK000014280359;Priority 3;OK
SEC;812;SEC;SR;OK;TASK000014280625;Priority 3;OK
DBA;812;DBA;SR;OK;TASK000014280709;Priority 3;OK
APS;ETH;APS;SR;OK;TASK000014280710;Priority 3;OK
SEC;DXE;SEC;SR;OK;TASK000014280720;Priority 3;OK
SEC;SYN;SEC;SR;OK;TASK000014280788;Priority 3;OK
SEC;812;SEC;SR;OK;TASK000014280823;Priority 3;OK
SEC;812;SEC;SR;OK;TASK000014280827;Priority 3;OK
SEC;ETH;SEC;SR;OK;TASK000014281193;Priority 3;OK
CNC;812;CNC;SR;OK;TASK000014281346;Priority 3;OK
SEC;EES;SEC;SR;OK;TASK000014281563;Priority 3;OK
SEC;812;SEC;SR;OK;TASK000014281708;Priority 3;OK
SEC;ETH;SEC;SR;OK;TASK000014281873;Priority 3;OK
SEC;ETH;SEC;SR;OK;TASK000014281880;Priority 3;OK
SEC;SYN;SEC;SR;OK;TASK000014282032;Priority 3;OK
CNC;BWI;L1 ;SR;OK;TASK000014282106;Priority 3;OK
SEC;812;SEC;SR;OK;TASK000014282130;Priority 3;OK
SEC;812;SEC;SR;OK;TASK000014282248;Priority 3;OK
CNC;BWI;L1 ;SR;OK;TASK000014282285;Priority 3;OK
FUN;DCF;FUN;SR;OK;TASK000014282380;Priority 4;OK
SEC;DCF;SEC;SR;OK;TASK000014282386;Priority 3;OK
SEC;DCF;SEC;SR;Defect;TASK000014282671;Priority 3;OK
CNC;812;L1 ;SR;OK;TASK000014282849;Priority 3;OK
SEC;BWI;SEC;SR;OK;TASK000014282890;Priority 4;OK
APS;ETH;APS;SR;OK;TASK000014283039;Priority 4;OK
SCH;LAT;SCH;SR;OK;TASK000014283044;Priority 3;OK
SEC;SYN;SEC;SR;OK;TASK000014283093;Priority 3;OK
SEC;LAT;SEC;SR;OK;TASK000014283170;Priority 3;OK
SCH;LAT;SCH;SR;OK;TASK000014283360;Priority 3;OK
FUN;812;FUN;SR;OK;TASK000014286838;Priority 4;OK
CNC;812;CNC;SR;OK;TASK000014286953;Priority 3;OK
SEC;812;SEC;SR;OK;TASK000014287316;Priority 3;OK
SEC;SYN;SEC;SR;OK;TASK000014287710;Priority 3;OK
DBA;812;DBA;SR;OK;TASK000014287775;Priority 3;OK
CNC;DPY;CNC;SR;OK;TASK000014287805;Priority 3;OK
SEC;812;SEC;SR;OK;TASK000014287835;Priority 3;OK
SEC;DXE;SEC;SR;OK;TASK000014287879;Priority 3;OK
L1;DCF;CNC;SR;OK;TASK000014287882;Priority 3;OK
CNC;812;CNC;SR;OK;TASK000014288149;Priority 3;OK
CNC;812;CNC;SR;OK;TASK000014288152;Priority 3;OK
CNC;812;CNC;SR;OK;TASK000014288261;Priority 3;OK
SEC;CAN;SEC;SR;OK;TASK000014288438;Priority 3;OK
SEC;812;SEC;SR;OK;TASK000014288473;Priority 3;OK
FUN;812;FUN;SR;OK;TASK000014288645;Priority 3;OK
SEC;DCF;SEC;SR;OK;TASK000014288775;Priority 3;OK
SEC;EMS;SEC;SR;OK;TASK000014289080;Priority 3;OK
FUN;812;FUN;SR;OK;TASK000014289337;Priority 3;OK
FUN;DXE;FUN;SR;OK;TASK000014289350;Priority 3;OK
FIN;DXE;FUN;SR;OK;TASK000014289398;Priority 3;OK
SEC;BWI;SEC;SR;OK;TASK000014289602;Priority 4;OK
CNC;812;CNC;SR;OK;TASK000014289706;Priority 3;OK
APS;ETH;APS;SR;OK;TASK000014289773;Priority 3;OK
CNC;812;CNC;SR;OK;TASK000014289775;Priority 3;OK
SEC;BWI;SEC;SR;OK;TASK000014290157;Priority 4;OK
SEC;812;SEC;SR;OK;TASK000014290173;Priority 3;OK
CNC;BWI;L1 ;SR;OK;TASK000014290174;Priority 3;OK
DBA;812;DBA;SR;OK;TASK000014290375;Priority 3;OK
DBA;812;DBA;SR;OK;TASK000014290393;Priority 3;OK
SEC;BWI;SEC;SR;OK;TASK000014290592;Priority 4;OK
SEC;DCF;SEC;SR;OK;TASK000014290797;Priority 3;OK
SEC;MNT;SEC;SR;OK;TASK000014290815;Priority 3;OK
SEC;SYN;SEC;SR;Defect;TASK000014290864;Priority 3;OK
CNC;LAT;CNC;SR;OK;TASK000014290907;Priority 3;OK
SEC;SYN;SEC;SR;Defect;TASK000014290931;Priority 3;OK
SEC;812;SEC;SR;OK;TASK000014290934;Priority 3;OK
SEC;DCF;SEC;SR;OK;TASK000014290994;Priority 3;OK
FUN;WS;FUN;SR;OK;TASK000014291010;Priority 4;OK
SEC;DXE;SEC;SR;OK;TASK000014291120;Priority 3;OK
SEC;DPY;SEC;SR;OK;TASK000014291127;Priority 3;OK
CNC;812;CNC;SR;OK;TASK000014291226;Priority 3;OK
SEC;812;SEC;SR;OK;TASK000014291619;Priority 3;OK
L1;DCF;CNC;SR;OK;TASK000014291806;Priority 3;OK
L1;812;MON;SR;OK;TASK000014291980;Priority 4;OK
FUN;DCF;FUN;SR;OK;TASK000014292599;Priority 3;OK
APS;ETH;APS;SR;OK;TASK000014292805;Priority 3;OK
SEC;WS;SEC;SR;OK;TASK000014293168;Priority 3;OK
L1;812;MON;SR;OK;TASK000014293219;Priority 4;OK
FUN;812;FUN;SR;OK;TASK000014293380;Priority 3;OK
CNC;812;CNC;SR;OK;TASK000014293394;Priority 3;OK
APS;ETH;APS;SR;OK;TASK000014293625;Priority 3;OK
SEC;812;SEC;SR;OK;TASK000014293683;Priority 3;OK
CNC;BWI;L1 ;SR;OK;TASK000014293710;Priority 3;OK
CNC;812;CNC;SR;OK;TASK000014293906;Priority 3;OK
FUN;COR;FUN;SR;OK;TASK000014293982;Priority 3;OK
SEC;BWI;SCH;SR;OK;TASK000014294326;Priority 4;OK
APS;ETH;APS;SR;OK;TASK000014294425;Priority 3;OK
SEC;DCF;SEC;SR;OK;TASK000014294610;Priority 3;OK
TEC;DCF;FUN;SR;OK;TASK000014294621;Priority 3;OK
SEC;DXE;SEC;SR;OK;TASK000014294927;Priority 3;OK
SEC;812;SEC;SR;OK;TASK000014295045;Priority 3;OK
APS;ETH;APS;SR;OK;TASK000014295069;Priority 3;OK
SEC;812;SEC;SR;OK;TASK000014295094;Priority 3;OK
SEC;DCF;SEC;SR;OK;TASK000014295629;Priority 3;OK
FUN;ETH;FUN;SR;OK;TASK000014295901;Priority 3;OK
SEC;SYN;SEC;SR;OK;TASK000014295949;Priority 3;OK
APS;ETH;APS;SR;OK;TASK000014296006;Priority 3;OK
SEC;LAT;SEC;SR;OK;TASK000014296279;Priority 3;OK
SEC;DXE;SEC;SR;OK;TASK000014296466;Priority 3;OK
FUN;ETH;FUN;SR;OK;TASK000014296491;Priority 3;OK
L1;BWI;L1 ;SR;OK;TASK000014296803;Priority 3;OK
SEC;EMS;SEC;SR;OK;TASK000014297114;Priority 3;OK
FUN;812;FUN;SR;OK;TASK000014299194;Priority 3;OK
SEC;WS;SEC;SR;OK;TASK000014299834;Priority 3;OK
SEC;812;SEC;SR;OK;TASK000014299885;Priority 3;OK
FUN;812;FUN;SR;OK;TASK000014300135;Priority 3;OK
FUN;812;FUN;SR;OK;TASK000014300150;Priority 3;OK
DBA;812;DBA;SR;OK;TASK000014300242;Priority 3;OK
DBA;812;DBA;SR;OK;TASK000014300261;Priority 3;OK
CNC;812;CNC;SR;OK;TASK000014300301;Priority 3;OK
SEC;SYN;SEC;SR;OK;TASK000014300605;Priority 3;OK
SEC;EMS;SEC;SR;OK;TASK000014300665;Priority 3;OK
SEC;ETH;SEC;SR;OK;TASK000014300814;Priority 3;OK
APS;ETH;APS;SR;OK;TASK000014300822;Priority 3;OK
SEC;BWI;SEC;SR;OK;TASK000014301045;Priority 4;OK
SEC;812;SEC;SR;OK;TASK000014301111;Priority 3;OK
SEC;812;SEC;SR;OK;TASK000014301314;Priority 3;OK
SEC;DCF;SEC;SR;OK;TASK000014301321;Priority 4;OK
SEC;ETH;SEC;SR;OK;TASK000014301416;Priority 3;OK
SEC;SYN;SEC;SR;OK;TASK000014301564;Priority 3;OK
APS;ETH;APS;SR;OK;TASK000014301820;Priority 3;OK
FUN;812;FUN;SR;OK;TASK000014301844;Priority 3;OK
SEC;DPY;SEC;SR;OK;TASK000014301847;Priority 3;OK
APS;ETH;APS;SR;OK;TASK000014302109;Priority 3;OK
APS;ETH;APS;SR;OK;TASK000014302206;Priority 3;OK
APS;ETH;APS;SR;OK;TASK000014302338;Priority 3;OK
DBA;812;DBA;SR;Defect;TASK000014302400;Priority 3;OK
SEC;BWI;SEC;SR;OK;TASK000014302495;Priority 4;OK
SEC;SYN;SEC;SR;OK;TASK000014302651;Priority 3;OK
APS;EES;APS;SR;OK;TASK000014303062;Priority 4;OK
CNC;BWI;CNC;SR;OK;TASK000014303179;Priority 3;OK
SEC;SYN;SEC;SR;Defect;TASK000014303360;Priority 3;OK
L1;BWI;L1 ;SR;OK;TASK000014303659;Priority 3;OK
SEC;BWI;SEC;SR;OK;TASK000014303674;Priority 4;OK
APS;ETH;APS;SR;OK;TASK000014303680;Priority 4;OK
SEC;BWI;SEC;SR;OK;TASK000014303691;Priority 4;OK
SEC;BWI;SEC;SR;OK;TASK000014303711;Priority 4;OK
FUN;812;FUN;SR;OK;TASK000014303731;Priority 3;OK
APS;DCF;APS;SR;OK;TASK000014303771;Priority 4;OK
L1;BWI;L1 ;SR;OK;TASK000014303953;Priority 3;OK
CNC;812;CNC;SR;OK;TASK000014304094;Priority 3;OK
DBA;812;DBA;SR;OK;TASK000014304839;Priority 3;OK
FUN;EMS;FUN;SR;OK;TASK000014305023;Priority 3;OK
APS;ETH;APS;SR;OK;TASK000014305444;Priority 3;OK
FUN;812;FUN;SR;OK;TASK000014305485;Priority 4;OK
CNC;812;CNC;SR;OK;TASK000014305527;Priority 3;OK
SEC;812;SEC;SR;OK;TASK000014305770;Priority 3;OK
SEC;812;SEC;SR;OK;TASK000014305803;Priority 3;OK
SEC;BWI;SEC;SR;OK;TASK000014305825;Priority 3;OK
APS;ETH;APS;SR;OK;TASK000014305834;Priority 3;OK
CNC;812;CNC;SR;OK;TASK000014305851;Priority 3;OK
SEC;BWI;SEC;SR;OK;TASK000014305854;Priority 4;OK
SEC;BWI;SEC;SR;OK;TASK000014306004;Priority 4;OK
FUN;812;FUN;SR;OK;TASK000014306017;Priority 3;OK
SEC;812;SEC;SR;OK;TASK000014306315;Priority 3;OK
SEC;DXE;SEC;SR;OK;TASK000014306392;Priority 3;OK
SEC;812;SEC;SR;OK;TASK000014306492;Priority 3;OK
FUN;812;FUN;SR;OK;TASK000014306743;Priority 3;OK
CNC;812;CNC;SR;OK;TASK000014306745;Priority 3;OK
SEC;812;SEC;SR;OK;TASK000014306764;Priority 3;OK
SEC;812;SEC;SR;OK;TASK000014306859;Priority 3;OK
FUN;812;FUN;SR;OK;TASK000014306873;Priority 4;OK
FUN;COR;FUN;SR;OK;TASK000014306955;Priority 3;OK
SEC;812;SEC;SR;OK;TASK000014306956;Priority 3;OK
CNC;ETH;CNC;SR;OK;TASK000014307088;Priority 4;OK
SEC;DXE;SEC;SR;OK;TASK000014307186;Priority 3;OK
DBA;812;DBA;SR;OK;TASK000014307304;Priority 3;OK
SEC;812;SEC;SR;OK;TASK000014307676;Priority 3;OK
SEC;812;SEC;SR;OK;TASK000014307737;Priority 3;OK
SEC;ETH;SEC;SR;OK;TASK000014307989;Priority 3;OK
TEC;ETH;FUN;SR;OK;TASK000014308200;Priority 4;OK
SEC;DXE;SEC;SR;OK;TASK000014308274;Priority 3;OK
L1;812;MON;SR;OK;TASK000014309317;Priority 3;OK
L1;MNT;MON;SR;OK;TASK000014309643;Priority 4;OK
DBA;812;DBA;SR;OK;TASK000014309848;Priority 3;OK
SEC;812;SEC;SR;OK;TASK000014310180;Priority 3;OK
SEC;EMS;SEC;SR;OK;TASK000014310290;Priority 4;OK
SEC;812;SEC;SR;OK;TASK000014310346;Priority 3;OK
SEC;812;SEC;SR;OK;TASK000014310427;Priority 3;OK
CNC;812;CNC;SR;OK;TASK000014310577;Priority 3;OK
SEC;812;SEC;SR;OK;TASK000014310603;Priority 3;OK
CNC;BWI;CNC;SR;OK;TASK000014310653;Priority 3;OK
FUN;ETH;FUN;SR;OK;TASK000014310667;Priority 3;OK
CNC;812;CNC;SR;OK;TASK000014311008;Priority 3;OK
FUN;812;FUN;INC;OK;TASK000014311105;Priority 3;OK
CNC;812;CNC;SR;OK;TASK000014311121;Priority 3;OK
CNC;812;CNC;SR;OK;TASK000014311380;Priority 3;OK
SEC;812;SEC;SR;OK;TASK000014311508;Priority 3;OK
SEC;MNT;SEC;SR;OK;TASK000014311606;Priority 3;OK
SEC;812;SEC;SR;OK;TASK000014311646;Priority 3;OK
SEC;812;SEC;SR;OK;TASK000014311765;Priority 3;OK
SEC;MNT;SEC;SR;OK;TASK000014311874;Priority 3;OK
SCH;812;SCH;SR;OK;TASK000014311906;Priority 3;OK
SEC;812;SEC;SR;OK;TASK000014312005;Priority 3;OK
SEC;812;SEC;SR;OK;TASK000014312027;Priority 3;OK
APS;ETH;APS;SR;OK;TASK000014312124;Priority 3;OK
TEC;ETH;FUN;SR;OK;TASK000014312220;Priority 4;OK
SEC;812;SEC;SR;OK;TASK000014312235;Priority 3;OK
SEC;ETH;SEC;SR;OK;TASK000014312638;Priority 3;OK
SEC;SYN;SEC;SR;OK;TASK000014312799;Priority 3;OK
APS;ETH;APS;SR;OK;TASK000014313002;Priority 3;OK
SEC;812;SEC;SR;OK;TASK000014313095;Priority 3;OK
SEC;BWI;SEC;SR;OK;TASK000014313160;Priority 4;OK
SEC;812;SEC;SR;OK;TASK000014313460;Priority 3;OK
L1;BWI;L1 ;SR;OK;TASK000014313542;Priority 3;OK
SEC;DCF;SEC;SR;Defect;TASK000014314063;Priority 3;OK
SEC;DCF;SEC;SR;Defect;TASK000014314247;Priority 3;OK
CNC;812;CNC;SR;OK;TASK000014314787;Priority 3;OK
DBA;812;DBA;SR;OK;TASK000014315083;Priority 3;OK
SEC;812;SEC;SR;OK;TASK000014315212;Priority 3;OK
FIN;812;FUN;SR;OK;TASK000014315238;Priority 3;OK
DBA;812;DBA;SR;OK;TASK000014315346;Priority 3;OK
SEC;812;SEC;SR;OK;TASK000014315361;Priority 3;OK
SEC;812;SEC;SR;OK;TASK000014316253;Priority 3;OK
FUN;812;FUN;SR;OK;TASK000014316424;Priority 3;OK
SEC;812;SEC;SR;OK;TASK000014316564;Priority 3;OK
SEC;DXE;SEC;SR;OK;TASK000014316674;Priority 3;OK
DBA;812;DBA;SR;OK;TASK000014316784;Priority 3;OK
DBA;812;DBA;SR;OK;TASK000014317015;Priority 3;OK
SEC;ETH;SEC;SR;OK;TASK000014317097;Priority 3;OK
SEC;SYN;SEC;SR;Defect;TASK000014317123;Priority 3;OK
SEC;SYN;SEC;SR;Defect;TASK000014317133;Priority 3;OK
SEC;BWI;SEC;SR;OK;TASK000014317355;Priority 4;OK
CNC;812;CNC;SR;OK;TASK000014317787;Priority 3;OK
SEC;SYN;SEC;SR;OK;TASK000014317842;Priority 3;OK
TEC;ETH;FUN;SR;OK;TASK000014317949;Priority 4;OK
SEC;ETH;SEC;SR;OK;TASK000014317983;Priority 3;OK
DBA;DXE;DBA;SR;Defect;TASK000014318022;Priority 3;OK
FUN;812;FUN;SR;OK;TASK000014318245;Priority 4;OK
CNC;812;CNC;SR;OK;TASK000014318279;Priority 3;OK
FUN;812;FUN;SR;OK;TASK000014318460;Priority 3;OK
FUN;812;FUN;SR;OK;TASK000014318461;Priority 3;OK
SEC;812;SEC;SR;OK;TASK000014318462;Priority 3;OK
SEC;DPY;SEC;SR;OK;TASK000014318464;Priority 3;OK
FUN;812;FUN;SR;OK;TASK000014318467;Priority 3;OK
SEC;BWI;SEC;SR;OK;TASK000014318474;Priority 4;OK
SEC;812;SEC;SR;OK;TASK000014318542;Priority 3;OK
FUN;ETH;FUN;SR;OK;TASK000014318911;Priority 3;OK
CNC;BWI;CNC;SR;OK;TASK000014319121;Priority 3;OK
SEC;ETH;SEC;SR;OK;TASK000014319143;Priority 3;OK
SEC;ETH;SEC;SR;OK;TASK000014319174;Priority 3;OK
FUN;ETH;FUN;SR;OK;TASK000014319197;Priority 3;OK
SEC;SYN;SEC;SR;OK;TASK000014319234;Priority 3;OK
CNC;DPY;CNC;SR;OK;TASK000014319314;Priority 3;OK
SEC;812;SEC;SR;OK;TASK000014319340;Priority 3;OK
APS;EES;APS;SR;OK;TASK000014319470;Priority 3;OK
CNC;812;CNC;SR;OK;TASK000014319520;Priority 3;OK
FUN;WS;FUN;SR;OK;TASK000014321346;Priority 4;OK
SEC;812;SEC;SR;OK;TASK000014321583;Priority 3;OK
DBA;812;DBA;SR;OK;TASK000014321609;Priority 3;OK
SEC;812;SEC;SR;OK;TASK000014321715;Priority 3;OK
FUN;COR;FUN;SR;OK;TASK000014321866;Priority 3;OK
SEC;DPY;SEC;SR;OK;TASK000014322063;Priority 3;OK
CNC;812;CNC;SR;OK;TASK000014322067;Priority 3;OK
SEC;DPY;SEC;SR;OK;TASK000014322211;Priority 3;OK
L1;812;MON;SR;OK;TASK000014322452;Priority 4;OK
APS;ETH;APS;SR;OK;TASK000014322648;Priority 3;OK
CNC;812;CNC;SR;OK;TASK000014322860;Priority 3;OK
SEC;812;SEC;SR;OK;TASK000014322896;Priority 3;OK
SEC;ETH;SEC;SR;OK;TASK000014323213;Priority 3;OK
SEC;ETH;SEC;SR;OK;TASK000014323391;Priority 3;OK
SEC;SYN;SEC;SR;OK;TASK000014323667;Priority 3;OK
SEC;812;SEC;SR;OK;TASK000014323748;Priority 3;OK
FUN;COR;FUN;SR;OK;TASK000014324014;Priority 3;OK
CNC;812;CNC;SR;OK;TASK000014324082;Priority 3;OK
SEC;DPY;SEC;SR;OK;TASK000014324249;Priority 3;OK
SEC;SYN;SEC;SR;OK;TASK000014324288;Priority 3;OK
CNC;812;CNC;SR;OK;TASK000014324481;Priority 3;OK
SEC;ETH;SEC;SR;OK;TASK000014324878;Priority 3;OK
FUN;EES;FUN;SR;OK;TASK000014325481;Priority 4;OK
FIN;812;FUN;SR;OK;TASK000014326150;Priority 4;OK
OPS;EMS;OPS;SR;OK;TASK000014326212;Priority 3;OK
SEC;812;SEC;SR;OK;TASK000014326374;Priority 3;OK
SEC;812;SEC;SR;OK;TASK000014326392;Priority 3;OK
SEC;812;SEC;SR;OK;TASK000014326530;Priority 3;OK
SEC;812;SEC;SR;OK;TASK000014326623;Priority 3;OK
SEC;812;SEC;SR;OK;TASK000014326627;Priority 3;OK
CNC;812;MON;SR;OK;TASK000014326675;Priority 3;OK
SEC;812;SEC;SR;OK;TASK000014326689;Priority 3;OK
CNC;812;CNC;SR;OK;TASK000014326782;Priority 3;OK
SEC;812;SEC;SR;OK;TASK000014326860;Priority 3;OK
SEC;MNT;SEC;SR;OK;TASK000014327023;Priority 3;OK
SEC;DXE;SEC;SR;OK;TASK000014327042;Priority 3;OK
APS;ETH;APS;SR;OK;TASK000014327238;Priority 3;OK
SEC;EMS;SEC;SR;OK;TASK000014327393;Priority 3;OK
SEC;812;SEC;SR;OK;TASK000014327433;Priority 3;OK
SEC;812;SEC;SR;OK;TASK000014327587;Priority 3;OK
DBA;812;DBA;SR;Defect;TASK000014327618;Priority 3;OK
SEC;812;SEC;SR;OK;TASK000014327645;Priority 3;OK
SEC;812;SEC;SR;OK;TASK000014328167;Priority 3;OK
SEC;EMS;SEC;SR;Defect;TASK000014328624;Priority 3;OK
CNC;LAT;CNC;SR;OK;TASK000014328914;Priority 3;OK
CNC;812;CNC;SR;OK;TASK000014329025;Priority 3;OK
SEC;EMS;SEC;SR;OK;TASK000014329249;Priority 3;OK
APS;ETH;APS;SR;OK;TASK000014329346;Priority 3;OK
FUN;ETH;FUN;SR;OK;TASK000014329630;Priority 3;OK
SEC;DXE;SEC;SR;OK;TASK000014329721;Priority 3;OK
SEC;812;SEC;SR;OK;TASK000014329730;Priority 3;OK
CNC;812;CNC;SR;OK;TASK000014330535;Priority 3;OK
SEC;MNT;SEC;SR;OK;TASK000014330541;Priority 3;OK
FUN;812;FUN;SR;OK;TASK000014330662;Priority 4;OK
FUN;812;FUN;SR;OK;TASK000014331331;Priority 3;OK
SEC;MNT;SEC;SR;OK;TASK000014331385;Priority 3;OK
SEC;812;SEC;SR;OK;TASK000014332131;Priority 3;OK
SEC;812;SEC;SR;OK;TASK000014332317;Priority 3;OK
SEC;DPY;SEC;SR;OK;TASK000014332330;Priority 3;OK
DBA;812;DBA;SR;OK;TASK000014332399;Priority 3;OK
SEC;SYN;SEC;SR;OK;TASK000014332486;Priority 3;OK
SCH;812;SCH;SR;OK;TASK000014332554;Priority 3;OK
SEC;BWI;SEC;SR;OK;TASK000014332642;Priority 4;OK
CNC;812;CNC;SR;OK;TASK000014332741;Priority 3;OK
SEC;MNT;SEC;SR;OK;TASK000014332754;Priority 3;OK
SEC;812;SEC;SR;OK;TASK000014332855;Priority 3;OK
SEC;812;SEC;SR;OK;TASK000014332857;Priority 3;OK
FUN;MNT;FUN;SR;OK;TASK000014332945;Priority 3;OK
CNC;812;CNC;SR;OK;TASK000014333071;Priority 3;OK
SEC;812;SEC;SR;OK;TASK000014333208;Priority 3;OK
SEC;812;SEC;SR;OK;TASK000014333284;Priority 3;OK
SEC;812;SEC;SR;OK;TASK000014333904;Priority 3;OK
CNC;BWI;L1 ;SR;OK;TASK000014334134;Priority 3;OK
FUN;ETH;FUN;SR;OK;TASK000014334164;Priority 3;OK
APS;ETH;APS;SR;OK;TASK000014334470;Priority 3;OK
SEC;812;SEC;SR;OK;TASK000014334534;Priority 3;OK
SEC;812;SEC;SR;OK;TASK000014334599;Priority 3;OK
CNC;812;CNC;SR;OK;TASK000014334891;Priority 3;OK
FUN;DCF;FUN;SR;OK;TASK000014335223;Priority 3;OK
CNC;ETH;CNC;SR;OK;TASK000014335548;Priority 3;OK
SEC;ETH;SEC;SR;OK;TASK000014335844;Priority 3;OK
SEC;ETH;SEC;SR;OK;TASK000014335851;Priority 3;OK
SEC;MNT;SEC;SR;OK;TASK000014336158;Priority 3;OK
L1;MNT;MON;SR;OK;TASK000014336344;Priority 4;OK
SEC;DXE;SEC;SR;OK;TASK000014336345;Priority 3;OK
SEC;812;SEC;SR;OK;TASK000014336430;Priority 3;OK
SEC;812;SEC;SR;OK;TASK000014336431;Priority 3;OK
DBA;812;DBA;SR;OK;TASK000014336458;Priority 3;OK
APS;ETH;APS;SR;OK;TASK000014336975;Priority 3;OK
L1;812;MON;SR;OK;TASK000014337151;Priority 4;OK
SEC;SYN;SEC;SR;OK;TASK000014337264;Priority 3;OK
SEC;ETH;SEC;SR;OK;TASK000014337717;Priority 3;OK
SEC;ETH;SEC;SR;OK;TASK000014337729;Priority 3;OK
SEC;ETH;SEC;SR;OK;TASK000014337748;Priority 3;OK
SEC;ETH;SEC;SR;OK;TASK000014337756;Priority 3;OK
SEC;DPY;SEC;SR;OK;TASK000014337900;Priority 3;OK
SEC;812;SEC;SR;OK;TASK000014337995;Priority 3;OK
SEC;812;SEC;SR;OK;TASK000014338001;Priority 3;OK
SEC;812;SEC;SR;OK;TASK000014338122;Priority 3;OK
SEC;812;SEC;SR;OK;TASK000014338155;Priority 3;OK
DBA;812;DBA;SR;OK;TASK000014338662;Priority 3;OK
FIN;EES;FUN;SR;OK;TASK000014338886;Priority 4;OK
SEC;SYN;SEC;SR;OK;TASK000014339157;Priority 3;OK
APS;ETH;APS;SR;OK;TASK000014339424;Priority 3;OK
APS;ETH;APS;SR;OK;TASK000014339636;Priority 3;OK
SCH;812;SCH;SR;OK;TASK000014339744;Priority 3;OK
SEC;BWI;SEC;SR;OK;TASK000014343395;Priority 4;OK
SEC;BWI;SEC;SR;OK;TASK000014344247;Priority 4;OK
SEC;BWI;SEC;SR;OK;TASK000014344368;Priority 4;OK
TEC;ETH;FUN;SR;OK;TASK000014344403;Priority 4;OK
TEC;DCF;TEC;SR;OK;TASK000014353042;Priority 4;OK
SEC;BWI;SEC;SR;OK;TASK000014355160;Priority 4;OK
FIN;812;FUN;SR;OK;TASK000014357203;Priority 4;OK
APS;ETH;APS;SR;OK;TASK000014357834;Priority 4;OK
DCF;DCF;FUN;SR;OK;TASK000014359033;Priority 4;OK
SEC;BWI;SEC;SR;OK;TASK000014359503;Priority 4;OK
SEC;BWI;SEC;SR;OK;TASK000014360050;Priority 4;OK
SEC;BWI;SEC;SR;OK;TASK000014360701;Priority 4;OK
SEC;BWI;SEC;SR;OK;TASK000014361185;Priority 4;OK
SEC;BWI;SEC;SR;OK;TASK000014364337;Priority 4;OK
SEC;812;SEC;SR;OK;TASK000014368209;Priority 3;OK
SEC;812;SEC;SR;OK;TASK000014368225;Priority 3;OK
SEC;812;SEC;SR;OK;TASK000014368471;Priority 3;OK
DBA;812;DBA;SR;OK;TASK000014368477;Priority 3;OK
DBA;812;DBA;SR;OK;TASK000014368478;Priority 3;OK
SEC;812;SEC;SR;OK;TASK000014368505;Priority 3;OK
CNC;812;CNC;SR;OK;TASK000014368626;Priority 3;OK
SEC;812;SEC;SR;OK;TASK000014368800;Priority 3;OK
SEC;812;SEC;SR;OK;TASK000014368880;Priority 3;OK
MNT;MNT;FUN;SR;OK;TASK000014368897;Priority 4;OK
FUN;COR;FUN;SR;OK;TASK000014368973;Priority 3;OK
SEC;ETH;SEC;SR;OK;TASK000014369178;Priority 3;OK
SEC;812;SEC;SR;OK;TASK000014369500;Priority 3;OK
SEC;812;SEC;SR;OK;TASK000014369544;Priority 3;OK
SEC;812;SEC;SR;OK;TASK000014369552;Priority 3;OK
SEC;EMS;SEC;SR;OK;TASK000014369842;Priority 3;OK
SEC;812;SEC;SR;OK;TASK000014370001;Priority 3;OK
FUN;812;FUN;SR;OK;TASK000014370104;Priority 3;OK
SEC;WS;SEC;SR;OK;TASK000014370115;Priority 3;OK
DBA;812;DBA;SR;OK;TASK000014370122;Priority 3;OK
SEC;BWI;SEC;SR;OK;TASK000014370221;Priority 4;OK
OPS;EMS;OPS;SR;OK;TASK000014370240;Priority 3;OK
SEC;812;SEC;SR;OK;TASK000014370301;Priority 3;OK
DBA;812;DBA;SR;OK;TASK000014370348;Priority 3;OK
SEC;812;SEC;SR;OK;TASK000014370396;Priority 3;OK
CNC;812;CNC;SR;OK;TASK000014370580;Priority 3;OK
DCF;DCF;FUN;SR;OK;TASK000014370596;Priority 3;OK
SEC;BWI;SEC;SR;OK;TASK000014370646;Priority 4;OK
DBA;812;DBA;SR;OK;TASK000014370657;Priority 3;OK
SEC;SYN;SEC;SR;OK;TASK000014370777;Priority 3;OK
FIN;LAT;FUN;SR;OK;TASK000014370820;Priority 3;OK
FIN;DXE;FUN;SR;OK;TASK000014370841;Priority 4;OK
SEC;MNT;SEC;SR;OK;TASK000014371253;Priority 3;OK
SEC;DXE;SEC;SR;OK;TASK000014371375;Priority 3;OK
APS;ETH;APS;SR;OK;TASK000014371515;Priority 4;OK
SEC;SYN;SEC;SR;OK;TASK000014371606;Priority 3;OK
FUN;812;FUN;SR;OK;TASK000014371708;Priority 3;OK
SEC;BWI;SEC;SR;OK;TASK000014372237;Priority 3;OK
L1;812;CNC;SR;OK;TASK000014372289;Priority 3;OK
SEC;BWI;SEC;SR;OK;TASK000014372314;Priority 4;OK
CNC;DCF;CNC;SR;OK;TASK000014372500;Priority 3;OK
CNC;812;CNC;SR;OK;TASK000014372955;Priority 3;OK
SEC;812;SEC;SR;OK;TASK000014373055;Priority 3;OK
SEC;MNT;SEC;SR;OK;TASK000014373124;Priority 3;OK
SEC;812;SEC;SR;OK;TASK000014373506;Priority 3;OK
SEC;DCF;SEC;SR;Defect;TASK000014373518;Priority 3;OK
SEC;MNT;SEC;SR;OK;TASK000014373753;Priority 3;OK
APS;ETH;APS;SR;OK;TASK000014373867;Priority 3;OK
SEC;812;SEC;SR;OK;TASK000014373987;Priority 3;OK
SCH;812;SCH;SR;OK;TASK000014374190;Priority 3;OK
DBA;812;DBA;SR;OK;TASK000014374199;Priority 3;OK
FUN;812;FUN;SR;OK;TASK000014374275;Priority 4;OK
L1;DCF;CNC;SR;OK;TASK000014374329;Priority 3;OK
CNC;812;CNC;SR;OK;TASK000014374690;Priority 3;OK
FUN;812;FUN;SR;OK;TASK000014374693;Priority 3;OK
SEC;812;SEC;SR;OK;TASK000014374901;Priority 3;OK
SEC;MNT;SEC;SR;OK;TASK000014374973;Priority 3;OK
SEC;BWI;SEC;SR;OK;TASK000014375216;Priority 4;OK
SEC;ETH;SEC;SR;OK;TASK000014375786;Priority 3;OK
SEC;EMS;SEC;SR;OK;TASK000014376074;Priority 3;OK
FUN;ETH;FUN;SR;OK;TASK000014376213;Priority 4;OK
FUN;812;FUN;SR;OK;TASK000014376277;Priority 3;OK
FUN;ETH;FUN;SR;OK;TASK000014376360;Priority 3;OK
CNC;812;CNC;SR;OK;TASK000014377139;Priority 3;OK
DBA;812;DBA;SR;OK;TASK000014378453;Priority 3;OK
L1;812;MON;SR;OK;TASK000014378606;Priority 3;OK
SEC;812;SEC;SR;OK;TASK000014379374;Priority 3;OK
SEC;SYN;SEC;SR;OK;TASK000014379391;Priority 3;OK
SCH;812;SCH;SR;OK;TASK000014379923;Priority 3;OK
SEC;812;SEC;SR;OK;TASK000014379924;Priority 3;OK
SEC;SYN;SEC;SR;OK;TASK000014379929;Priority 3;OK
DBA;812;DBA;SR;OK;TASK000014380018;Priority 3;OK
SEC;SYN;SEC;SR;OK;TASK000014380179;Priority 3;OK
SEC;812;SEC;SR;OK;TASK000014380279;Priority 3;OK
APS;ETH;APS;SR;OK;TASK000014380443;Priority 3;OK
SEC;812;SEC;SR;OK;TASK000014380802;Priority 3;OK
SEC;DXE;SEC;SR;OK;TASK000014380826;Priority 3;OK
SEC;SYN;SEC;SR;Defect;TASK000014380904;Priority 3;OK
SEC;812;SEC;SR;OK;TASK000014381082;Priority 3;OK
SEC;812;SEC;SR;OK;TASK000014381170;Priority 3;OK
FUN;ETH;FUN;SR;OK;TASK000014381181;Priority 3;OK
FUN;ETH;FUN;SR;OK;TASK000014381185;Priority 3;OK
SEC;812;SEC;SR;OK;TASK000014381243;Priority 3;OK
FUN;ETH;FUN;SR;OK;TASK000014381264;Priority 3;OK
FUN;ETH;FUN;SR;OK;TASK000014381295;Priority 4;OK
SEC;812;SEC;SR;OK;TASK000014381349;Priority 3;OK
FUN;ETH;FUN;SR;OK;TASK000014381405;Priority 3;OK
CNC;812;CNC;SR;OK;TASK000014381462;Priority 3;OK
SEC;812;SEC;SR;OK;TASK000014381516;Priority 3;OK
DBA;812;DBA;SR;OK;TASK000014381595;Priority 3;OK
SEC;SYN;SEC;SR;OK;TASK000014381873;Priority 3;OK
SEC;DCF;SEC;SR;Defect;TASK000014382296;Priority 3;OK
SEC;DCF;SEC;SR;Defect;TASK000014382352;Priority 3;OK
SEC;DCF;SEC;SR;Defect;TASK000014382385;Priority 3;OK
SEC;DCF;SEC;SR;Defect;TASK000014382387;Priority 3;OK
SEC;DCF;SEC;SR;Defect;TASK000014382414;Priority 3;OK
SEC;BWI;SEC;SR;OK;TASK000014382555;Priority 4;OK
SEC;MNT;SEC;SR;OK;TASK000014382694;Priority 3;OK
FUN;LAT;FUN;SR;OK;TASK000014383008;Priority 3;OK
FUN;WS;FUN;SR;OK;TASK000014383398;Priority 4;OK
FUN;812;FUN;SR;OK;TASK000014384364;Priority 3;OK
SEC;812;SEC;SR;OK;TASK000014384384;Priority 3;OK
SEC;812;SEC;SR;OK;TASK000014384396;Priority 3;OK
SEC;812;SEC;SR;OK;TASK000014384610;Priority 3;OK
SEC;812;SEC;SR;OK;TASK000014384907;Priority 3;OK
L1;ETH;CNC;SR;OK;TASK000014385088;Priority 3;OK
SCH;812;SCH;SR;Defect;TASK000014385195;Priority 3;OK
FUN;812;FUN;SR;OK;TASK000014385244;Priority 3;OK
SEC;DCF;SEC;SR;OK;TASK000014385459;Priority 3;OK
SEC;WS;SEC;SR;OK;TASK000014385534;Priority 3;OK
CNC;DCF;CNC;SR;OK;TASK000014385657;Priority 3;OK
SEC;MNT;SEC;SR;OK;TASK000014385669;Priority 3;OK
SEC;812;SEC;SR;OK;TASK000014386069;Priority 3;OK
SEC;DPY;SEC;SR;OK;TASK000014386173;Priority 4;OK
SEC;812;SEC;SR;OK;TASK000014386174;Priority 3;OK
SEC;812;SEC;SR;OK;TASK000014386319;Priority 3;OK
SEC;812;SEC;SR;OK;TASK000014386655;Priority 3;OK
SEC;SYN;SEC;SR;Defect;TASK000014386981;Priority 3;OK
SEC;ETH;SEC;SR;OK;TASK000014387130;Priority 3;OK
SEC;DCF;SEC;SR;Defect;TASK000014387347;Priority 3;OK
SEC;SYN;SEC;SR;OK;TASK000014387352;Priority 3;OK
SEC;DCF;SEC;SR;Defect;TASK000014387376;Priority 3;OK
SEC;DCF;SEC;SR;OK;TASK000014387415;Priority 3;OK
SEC;WS;SEC;SR;OK;TASK000014387555;Priority 3;OK
MNT;MNT;FUN;SR;OK;TASK000014387798;Priority 3;OK
L1;812;MON;SR;OK;TASK000014388236;Priority 3;OK
SEC;EMS;SEC;SR;OK;TASK000014388555;Priority 3;OK
SEC;EMS;SEC;SR;OK;TASK000014388580;Priority 3;OK
SEC;EDS;SEC;SR;OK;TASK000014388666;Priority 3;OK
CNC;812;CNC;SR;OK;TASK000014389670;Priority 3;OK
SEC;SYN;SEC;SR;OK;TASK000014389894;Priority 3;OK
SEC;812;SEC;SR;OK;TASK000014389897;Priority 3;OK
FUN;812;FUN;SR;OK;TASK000014389938;Priority 3;OK
FIN;812;FUN;SR;OK;TASK000014390032;Priority 4;OK
SEC;812;SEC;SR;OK;TASK000014390117;Priority 3;OK
SEC;MNT;SEC;SR;OK;TASK000014390293;Priority 3;OK
SEC;BWI;SEC;SR;OK;TASK000014391083;Priority 4;OK
SEC;812;SEC;SR;OK;TASK000014391298;Priority 3;OK
SEC;DPY;SEC;SR;OK;TASK000014391563;Priority 4;OK
SEC;EMS;SEC;SR;OK;TASK000014391601;Priority 3;OK
SEC;DPY;SEC;SR;OK;TASK000014391710;Priority 4;OK
CNC;LAT;CNC;SR;OK;TASK000014392015;Priority 4;OK
SEC;DPY;SEC;SR;OK;TASK000014392053;Priority 4;OK
DBA;812;DBA;SR;OK;TASK000014392068;Priority 3;OK
SEC;DPY;SEC;SR;OK;TASK000014392076;Priority 4;OK
SEC;DPY;SEC;SR;OK;TASK000014392143;Priority 4;OK
SEC;812;SEC;SR;OK;TASK000014392944;Priority 3;OK
CNC;812;CNC;SR;OK;TASK000014393006;Priority 3;OK
SEC;EMS;SEC;SR;OK;TASK000014393413;Priority 3;OK
OPS;EMS;OPS;SR;OK;TASK000014394357;Priority 3;OK
FUN;DCF;FUN;SR;OK;TASK000014394516;Priority 4;OK
SEC;DXE;SEC;SR;OK;TASK000014394660;Priority 3;OK
SEC;WS;SEC;SR;OK;TASK000014394943;Priority 3;OK
FUN;812;FUN;SR;OK;TASK000014395165;Priority 3;OK
SEC;SYN;SEC;SR;OK;TASK000014395285;Priority 3;OK
SEC;MNT;SEC;SR;OK;TASK000014395678;Priority 3;OK
SEC;812;SEC;SR;OK;TASK000014395796;Priority 3;OK
SEC;SYN;SEC;SR;OK;TASK000014395909;Priority 3;OK
SEC;812;SEC;SR;OK;TASK000014396147;Priority 3;OK
SEC;EMS;SEC;SR;OK;TASK000014396192;Priority 3;OK
SEC;MNT;SEC;SR;OK;TASK000014396372;Priority 3;OK
SEC;SYN;SEC;SR;OK;TASK000014396417;Priority 3;OK
CNC;812;CNC;SR;OK;TASK000014396682;Priority 3;OK
SEC;812;SEC;SR;OK;TASK000014396840;Priority 3;OK
SEC;MNT;SEC;SR;OK;TASK000014396931;Priority 3;OK
SEC;BWI;SEC;SR;OK;TASK000014397010;Priority 3;OK
SEC;MNT;SEC;SR;OK;TASK000014397011;Priority 3;OK
SEC;ETH;SEC;SR;OK;TASK000014397015;Priority 3;OK
SEC;BWI;SEC;SR;OK;TASK000014397017;Priority 4;OK
DBA;812;DBA;SR;OK;TASK000014397025;Priority 3;OK
APS;ETH;APS;SR;OK;TASK000014397072;Priority 4;OK
APS;ETH;APS;SR;OK;TASK000014397075;Priority 4;OK
DBA;812;DBA;SR;OK;TASK000014397102;Priority 3;OK
SEC;EMS;SEC;SR;OK;TASK000014397146;Priority 3;OK
SEC;812;SEC;SR;OK;TASK000014397258;Priority 3;OK
SEC;DXE;SEC;SR;OK;TASK000014397264;Priority 3;OK
SEC;DPY;SEC;SR;OK;TASK000014397328;Priority 3;OK
SEC;812;SEC;SR;OK;TASK000014397414;Priority 3;OK
SEC;812;SEC;SR;OK;TASK000014397637;Priority 3;OK
CNC;812;CNC;SR;OK;TASK000014397734;Priority 3;OK
APS;ETH;APS;SR;OK;TASK000014397965;Priority 4;OK
SEC;SYN;SEC;SR;OK;TASK000014398073;Priority 3;OK
FUN;ETH;FUN;SR;OK;TASK000014398147;Priority 3;OK
SEC;SYN;SEC;SR;OK;TASK000014398199;Priority 3;OK
SEC;MNT;SEC;SR;OK;TASK000014398488;Priority 3;OK
SEC;DXE;SEC;SR;OK;TASK000014398901;Priority 3;OK
APS;DCF;APS;SR;OK;TASK000014399074;Priority 4;OK
APS;ETH;APS;SR;OK;TASK000014399126;Priority 4;OK
SEC;DCF;SEC;SR;OK;TASK000014399260;Priority 3;OK
SEC;812;SEC;SR;OK;TASK000014399455;Priority 3;OK
FUN;ETH;FUN;SR;OK;TASK000014399495;Priority 3;OK
CNC;ETH;CNC;SR;OK;TASK000014399497;Priority 3;OK
L1;BWI;L1 ;SR;OK;TASK000014399517;Priority 3;OK
TEC;DCF;TEC;SR;OK;TASK000014400237;Priority 3;OK
DBA;812;DBA;SR;OK;TASK000014400562;Priority 3;OK
DBA;812;DBA;SR;OK;TASK000014400865;Priority 3;OK
SEC;EMS;SEC;SR;OK;TASK000014400873;Priority 3;OK
SEC;812;SEC;SR;OK;TASK000014400941;Priority 3;OK
SEC;812;SEC;SR;OK;TASK000014401190;Priority 3;OK
SEC;812;SEC;SR;OK;TASK000014401329;Priority 3;OK
SEC;812;SEC;SR;OK;TASK000014401528;Priority 3;OK
SCH;812;SCH;SR;OK;TASK000014401656;Priority 3;OK
FIN;DCF;FUN;SR;OK;TASK000014401903;Priority 3;OK
SEC;812;SEC;SR;OK;TASK000014402207;Priority 3;OK
DBA;812;DBA;SR;OK;TASK000014402228;Priority 3;OK
SEC;EMS;SEC;SR;OK;TASK000014402390;Priority 3;OK
SEC;DCF;SEC;SR;OK;TASK000014403084;Priority 3;OK
SEC;SYN;SEC;SR;OK;TASK000014403171;Priority 3;OK
SEC;DXE;SEC;SR;OK;TASK000014403187;Priority 3;OK
SEC;SYN;SEC;SR;OK;TASK000014403248;Priority 3;OK
SEC;812;SEC;SR;OK;TASK000014403440;Priority 3;OK
SEC;MNT;SEC;SR;OK;TASK000014403635;Priority 3;OK
DBA;812;DBA;SR;OK;TASK000014403811;Priority 3;OK
SEC;812;SEC;SR;OK;TASK000014403966;Priority 3;OK
SEC;SYN;SEC;SR;OK;TASK000014404188;Priority 3;OK
SEC;MNT;SEC;SR;OK;TASK000014404219;Priority 3;OK
SEC;SYN;SEC;SR;OK;TASK000014404268;Priority 3;OK
SEC;SYN;SEC;SR;Defect;TASK000014404374;Priority 3;OK
SEC;SYN;SEC;SR;Defect;TASK000014404425;Priority 3;OK
SEC;SYN;SEC;SR;OK;TASK000014404475;Priority 3;OK
CNC;BWI;CNC;SR;OK;TASK000014404545;Priority 3;OK
APS;EES;APS;SR;OK;TASK000014404681;Priority 4;OK
SEC;MNT;SEC;SR;OK;TASK000014404808;Priority 3;OK
CNC;812;CNC;SR;OK;TASK000014404961;Priority 3;OK
SEC;ETH;SEC;SR;OK;TASK000014405162;Priority 3;OK
APS;ETH;APS;SR;OK;TASK000014405899;Priority 3;OK
SEC;812;SEC;SR;OK;TASK000014406051;Priority 3;OK
FUN;812;FUN;SR;OK;TASK000014406418;Priority 3;OK
APS;ETH;APS;SR;OK;TASK000014406716;Priority 3;OK
DBA;812;DBA;SR;OK;TASK000014406865;Priority 3;OK
DBA;812;DBA;SR;OK;TASK000014406995;Priority 3;OK
CNC;812;CNC;SR;OK;TASK000014407056;Priority 3;OK
SEC;812;SEC;SR;OK;TASK000014407373;Priority 3;OK
FIN;812;FUN;SR;OK;TASK000014407469;Priority 4;OK
DBA;812;DBA;SR;OK;TASK000014407644;Priority 3;OK
CNC;812;CNC;SR;OK;TASK000014407666;Priority 3;OK
DBA;812;DBA;SR;OK;TASK000014407676;Priority 3;OK
APS;ETH;APS;SR;OK;TASK000014407785;Priority 3;OK
SEC;812;SEC;SR;OK;TASK000014407809;Priority 3;OK
SEC;SYN;SEC;SR;Defect;TASK000014408262;Priority 3;OK
SEC;SYN;SEC;SR;Defect;TASK000014408323;Priority 3;OK
SEC;EMS;SEC;SR;OK;TASK000014408383;Priority 3;OK
FUN;812;FUN;SR;OK;TASK000014408430;Priority 3;OK
SEC;812;SEC;SR;OK;TASK000014408507;Priority 3;OK
SEC;SYN;SEC;SR;Defect;TASK000014408553;Priority 3;OK
SEC;812;SEC;SR;OK;TASK000014408685;Priority 3;OK
SEC;ETH;SEC;SR;OK;TASK000014408899;Priority 3;OK
SEC;812;SEC;SR;OK;TASK000014408923;Priority 3;OK
DBA;812;DBA;SR;OK;TASK000014409027;Priority 3;OK
DCF;DCF;FUN;SR;OK;TASK000014409235;Priority 3;OK
SEC;BWI;SEC;SR;OK;TASK000014409532;Priority 4;OK
SEC;BWI;SEC;SR;OK;TASK000014409535;Priority 4;OK
SEC;BWI;SEC;SR;OK;TASK000014409607;Priority 4;OK
SEC;EDS;SEC;SR;OK;TASK000014409921;Priority 3;OK
0;ETH;FUN;SR;OK;TASK000014410509;Priority 3;OK
CNC;812;CNC;SR;OK;TASK000014411316;Priority 3;OK
SEC;MNT;SEC;SR;OK;TASK000014411463;Priority 3;OK
DBA;812;DBA;SR;OK;TASK000014411511;Priority 3;OK
L1;BWI;L1 ;SR;OK;TASK000014411686;Priority 3;OK
L1;EES;CNC;SR;OK;TASK000014411691;Priority 3;OK
SEC;DXE;SEC;SR;OK;TASK000014412012;Priority 3;OK
SEC;812;SEC;SR;OK;TASK000014412200;Priority 3;OK
SEC;SYN;SEC;SR;OK;TASK000014412282;Priority 3;OK
SEC;812;SEC;SR;OK;TASK000014412374;Priority 3;OK
SEC;812;SEC;SR;OK;TASK000014412507;Priority 3;OK
SEC;812;SEC;SR;OK;TASK000014412744;Priority 3;OK
APS;ETH;APS;SR;OK;TASK000014412851;Priority 3;OK
FUN;812;FUN;SR;OK;TASK000014412997;Priority 4;OK
SEC;BWI;SEC;SR;OK;TASK000014413151;Priority 4;OK
APS;ETH;APS;SR;OK;TASK000014413233;Priority 3;OK
SEC;SYN;SEC;SR;OK;TASK000014413377;Priority 3;OK
SEC;812;SEC;SR;OK;TASK000014413468;Priority 3;OK
SCH;812;SCH;SR;OK;TASK000014413617;Priority 3;OK
SEC;SYN;SEC;SR;Defect;TASK000014413657;Priority 3;OK
SEC;812;SEC;SR;OK;TASK000014413745;Priority 3;OK
CNC;812;CNC;SR;OK;TASK000014413797;Priority 3;OK
SEC;DCF;SEC;SR;OK;TASK000014413955;Priority 3;OK
FUN;ETH;FUN;SR;OK;TASK000014413961;Priority 3;OK
APS;ETH;APS;SR;OK;TASK000014413997;Priority 3;OK
FUN;EES;FUN;SR;OK;TASK000014414120;Priority 4;OK
SEC;SYN;SEC;SR;OK;TASK000014414183;Priority 3;OK
SEC;BWI;SEC;SR;OK;TASK000014414187;Priority 4;OK
FUN;ETH;FUN;SR;OK;TASK000014414228;Priority 3;OK
SEC;812;SEC;SR;OK;TASK000014414324;Priority 3;OK
CNC;812;CNC;SR;OK;TASK000014414550;Priority 3;OK
L1;MNT;MON;SR;OK;TASK000014414590;Priority 4;OK
FUN;DCF;FUN;SR;OK;TASK000014414636;Priority 4;OK
SEC;BWI;SEC;SR;OK;TASK000014414701;Priority 4;OK
SCH;LAT;SCH;SR;OK;TASK000014415036;Priority 3;OK
CNC;LAT;CNC;SR;OK;TASK000014415038;Priority 3;OK
SEC;MNT;SEC;SR;OK;TASK000014415219;Priority 3;OK
SEC;MNT;SEC;SR;OK;TASK000014415360;Priority 3;OK
CNC;812;CNC;SR;OK;TASK000014416410;Priority 3;OK
SEC;812;SEC;SR;OK;TASK000014416633;Priority 3;OK
TEC;DCF;TEC;SR;OK;TASK000014417004;Priority 3;OK
CNC;812;CNC;SR;OK;TASK000014417284;Priority 3;OK
SEC;812;SEC;SR;OK;TASK000014417376;Priority 3;OK
SEC;812;SEC;SR;OK;TASK000014417529;Priority 3;OK
FIN;812;FUN;SR;OK;TASK000014417562;Priority 4;OK
SEC;SYN;SEC;SR;OK;TASK000014417823;Priority 3;OK
SEC;812;SEC;SR;OK;TASK000014417902;Priority 3;OK
SCH;812;SCH;SR;OK;TASK000014417937;Priority 3;OK
SCH;812;SCH;SR;OK;TASK000014417938;Priority 3;OK
SEC;812;SEC;SR;OK;TASK000014418374;Priority 3;OK
SEC;ETH;SEC;SR;OK;TASK000014418945;Priority 3;OK
SEC;DXE;SEC;SR;OK;TASK000014419216;Priority 3;OK
DBA;812;DBA;SR;OK;TASK000014419353;Priority 3;OK
CNC;ETH;CNC;SR;Defect;TASK000014419375;Priority 3;OK
BWI;BWI;FUN;SR;OK;TASK000014419436;Priority 3;OK
CNC;812;CNC;SR;OK;TASK000014419512;Priority 3;OK
CNC;LAT;CNC;SR;OK;TASK000014419553;Priority 3;OK
SEC;ETH;SEC;SR;OK;TASK000014419590;Priority 3;OK
CNC;BWI;CNC;SR;OK;TASK000014419673;Priority 3;OK
L1;BWI;L1 ;SR;OK;TASK000014419806;Priority 4;OK
FUN;ETH;FUN;SR;OK;TASK000014420457;Priority 3;OK
APS;ETH;APS;SR;OK;TASK000014420492;Priority 3;OK
L1;812;MON;SR;OK;TASK000014422095;Priority 3;OK
L1;812;MON;SR;OK;TASK000014422111;Priority 3;OK
SEC;ETH;SEC;SR;OK;TASK000014422510;Priority 3;OK
L1;812;MON;SR;OK;TASK000014422782;Priority 3;OK
SEC;812;SEC;SR;OK;TASK000014423029;Priority 3;OK
SEC;SYN;SEC;SR;OK;TASK000014423194;Priority 3;OK
SEC;SYN;SEC;SR;OK;TASK000014423243;Priority 3;OK
FUN;812;FUN;SR;OK;TASK000014423476;Priority 3;OK
SEC;812;SEC;SR;OK;TASK000014423578;Priority 3;OK
DBA;812;DBA;SR;OK;TASK000014423590;Priority 3;OK
CNC;DCF;CNC;SR;OK;TASK000014423768;Priority 3;OK
SEC;812;SEC;SR;OK;TASK000014423832;Priority 3;OK
CNC;812;CNC;SR;OK;TASK000014424083;Priority 3;OK
L1;BWI;L1 ;SR;OK;TASK000014424085;Priority 3;OK
CNC;812;CNC;SR;OK;TASK000014424169;Priority 3;OK
SEC;DCF;SEC;SR;OK;TASK000014424476;Priority 3;OK
SEC;812;SEC;SR;OK;TASK000014424817;Priority 3;OK
SEC;ETH;SEC;SR;OK;TASK000014424936;Priority 3;OK
CNC;ETH;CNC;SR;OK;TASK000014425170;Priority 3;OK
APS;ETH;APS;SR;OK;TASK000014425263;Priority 3;OK
SEC;812;SEC;SR;OK;TASK000014425522;Priority 3;OK
SEC;812;SEC;SR;OK;TASK000014425556;Priority 3;OK
CNC;DPY;CNC;SR;OK;TASK000014425630;Priority 3;OK
FIN;812;FUN;SR;OK;TASK000014425866;Priority 3;OK
SEC;812;SEC;SR;OK;TASK000014425883;Priority 3;OK
TEC;DCF;TEC;SR;OK;TASK000014426282;Priority 3;OK
SEC;MNT;SEC;SR;OK;TASK000014426586;Priority 3;OK
L1;BWI;L1 ;SR;OK;TASK000014426839;Priority 3;OK
CNC;ETH;CNC;SR;OK;TASK000014427088;Priority 3;OK
SCH;812;SCH;SR;OK;TASK000014428483;Priority 3;OK
SEC;812;SEC;SR;OK;TASK000014428852;Priority 3;OK
SEC;812;SEC;SR;OK;TASK000014428864;Priority 3;OK
SEC;DXE;SEC;SR;OK;TASK000014429236;Priority 3;OK
SEC;SYN;SEC;SR;OK;TASK000014429364;Priority 3;OK
SEC;SYN;SEC;SR;OK;TASK000014429437;Priority 3;OK
SEC;812;SEC;SR;OK;TASK000014429439;Priority 3;OK
SEC;EMS;SEC;SR;OK;TASK000014429862;Priority 3;OK
APS;ETH;APS;SR;OK;TASK000014430318;Priority 3;OK
SEC;SYN;SEC;SR;OK;TASK000014430444;Priority 3;OK
L1;BWI;CNC;SR;OK;TASK000014431045;Priority 3;OK
SEC;DPY;SEC;SR;OK;TASK000014431089;Priority 3;OK
SEC;812;SEC;SR;OK;TASK000014431152;Priority 3;OK
CNC;BWI;CNC;SR;OK;TASK000014431292;Priority 3;OK
DBA;812;DBA;SR;OK;TASK000014431338;Priority 3;OK
DBA;812;DBA;SR;OK;TASK000014431498;Priority 3;OK
SEC;EMS;SEC;SR;OK;TASK000014431508;Priority 3;OK
SEC;BWI;SEC;SR;OK;TASK000014432269;Priority 4;OK
SEC;SYN;SEC;SR;OK;TASK000014432281;Priority 3;OK
SEC;MNT;SEC;SR;OK;TASK000014433312;Priority 3;OK
APS;ETH;APS;SR;OK;TASK000014433687;Priority 3;OK
L1;812;MON;SR;OK;TASK000014434155;Priority 3;OK
SEC;812;SEC;SR;OK;TASK000014434267;Priority 3;OK
CNC;812;CNC;SR;OK;TASK000014434352;Priority 3;OK
SEC;812;SEC;SR;OK;TASK000014434553;Priority 3;OK
SEC;SYN;SEC;SR;OK;TASK000014434666;Priority 3;OK
SEC;BWI;SEC;SR;OK;TASK000014434972;Priority 4;OK
APS;ETH;APS;SR;OK;TASK000014435079;Priority 3;OK
FIN;812;FUN;SR;OK;TASK000014435083;Priority 3;OK
SEC;ETH;SEC;SR;OK;TASK000014435098;Priority 4;OK
SEC;SYN;SEC;SR;OK;TASK000014435116;Priority 3;OK
SEC;WS;SEC;SR;OK;TASK000014435268;Priority 3;OK
L1;MNT;MON;SR;OK;TASK000014435273;Priority 3;OK
SEC;812;SEC;SR;OK;TASK000014435284;Priority 3;OK
SEC;DXE;SEC;SR;OK;TASK000014435392;Priority 3;OK
SEC;812;SEC;SR;OK;TASK000014435768;Priority 3;OK
SEC;MNT;SEC;SR;OK;TASK000014435802;Priority 3;OK
SEC;MNT;SEC;SR;OK;TASK000014435803;Priority 3;OK
L1;812;CNC;SR;OK;TASK000014436169;Priority 3;OK
CNC;ETH;CNC;SR;OK;TASK000014436191;Priority 3;OK
SEC;MNT;SEC;SR;OK;TASK000014436236;Priority 3;OK
SEC;MNT;SEC;SR;OK;TASK000014436769;Priority 3;OK
SEC;BWI;SEC;SR;OK;TASK000014437062;Priority 4;OK
CNC;ETH;CNC;SR;OK;TASK000014437277;Priority 3;OK
SEC;ETH;SEC;SR;OK;TASK000014437423;Priority 4;OK
SEC;EDS;SEC;SR;OK;TASK000014438007;Priority 3;OK
CNC;812;CNC;SR;OK;TASK000014438656;Priority 3;OK
SCH;812;SCH;SR;OK;TASK000014438774;Priority 3;OK
DBA;812;DBA;SR;OK;TASK000014438840;Priority 3;OK
APS;ETH;APS;SR;OK;TASK000014439062;Priority 3;OK
L1;812;MON;SR;OK;TASK000014439360;Priority 4;OK
CNC;812;CNC;SR;OK;TASK000014439362;Priority 3;OK
MNT;MNT;FUN;SR;OK;TASK000014439485;Priority 3;OK
APS;ETH;APS;SR;OK;TASK000014439891;Priority 3;OK
APS;ETH;APS;SR;OK;TASK000014439937;Priority 3;OK
SEC;ETH;SEC;SR;OK;TASK000014440246;Priority 4;OK
SEC;ETH;SEC;SR;OK;TASK000014440250;Priority 4;OK
CNC;LAT;CNC;SR;OK;TASK000014440591;Priority 3;OK
APS;ETH;APS;SR;OK;TASK000014440824;Priority 3;OK
SEC;SYN;SEC;SR;OK;TASK000014441411;Priority 3;OK
L1;812;MON;SR;OK;TASK000014441804;Priority 3;OK
CNC;812;CNC;SR;OK;TASK000014442232;Priority 3;OK
CNC;812;CNC;SR;OK;TASK000014442533;Priority 3;OK
DBA;812;DBA;SR;OK;TASK000014442541;Priority 3;OK
L1;812;MON;SR;OK;TASK000014442861;Priority 4;OK
DBA;812;DBA;SR;OK;TASK000014443225;Priority 3;OK
CNC;812;CNC;SR;OK;TASK000014443371;Priority 3;OK
APS;ETH;APS;SR;OK;TASK000014443376;Priority 3;OK
APS;ETH;APS;SR;OK;TASK000014443446;Priority 3;OK
DBA;812;DBA;SR;OK;TASK000014443542;Priority 3;OK
SEC;DPY;SEC;SR;OK;TASK000014443770;Priority 3;OK
SEC;DPY;SEC;SR;OK;TASK000014443880;Priority 3;OK
APS;ETH;APS;SR;OK;TASK000014444313;Priority 3;OK
MNT;MNT;FUN;SR;OK;TASK000014446933;Priority 4;OK
MNT;MNT;FUN;SR;OK;TASK000014446959;Priority 4;OK
SEC;BWI;SEC;SR;OK;TASK000014447774;Priority 4;OK
SEC;BWI;SEC;SR;OK;TASK000014452847;Priority 4;OK
FUN;812;FUN;SR;OK;TASK000014453157;Priority 4;OK
FUN;812;FUN;SR;OK;TASK000014453930;Priority 4;OK
MNT;MNT;FUN;SR;OK;TASK000014453971;Priority 4;OK
FUN;EES;FUN;SR;OK;TASK000014454281;Priority 4;OK
FUN;812;FUN;SR;OK;TASK000014455179;Priority 4;OK
SEC;BWI;SEC;SR;OK;TASK000014455506;Priority 4;OK
SEC;BWI;SEC;SR;OK;TASK000014455592;Priority 4;OK
APS;DCF;APS;SR;Defect;TASK000014457013;Priority 4;OK
FIN;DXE;FUN;SR;OK;TASK000014458286;Priority 4;OK
APS;ETH;APS;SR;OK;TASK000014458593;Priority 4;OK
SEC;BWI;SEC;SR;OK;TASK000014459639;Priority 4;OK
FUN;EES;FUN;SR;OK;TASK000014459883;Priority 4;OK
SEC;BWI;SEC;SR;OK;TASK000014460283;Priority 4;OK
APS;EES;APS;SR;OK;TASK000014460606;Priority 4;OK
FUN;812;FUN;SR;Defect;TASK000014461843;Priority 4;OK
SEC;DPY;SEC;SR;OK;TASK000014462833;Priority 4;OK
SEC;BWI;SEC;SR;OK;TASK000014463447;Priority 4;OK
SEC;BWI;SEC;SR;OK;TASK000014463463;Priority 4;OK
SEC;BWI;SEC;SR;OK;TASK000014463622;Priority 4;OK
FUN;EES;FUN;SR;OK;TASK000014464035;Priority 4;OK
SEC;BWI;SEC;SR;OK;TASK000014464301;Priority 4;OK
FUN;812;FUN;SR;OK;TASK000014467003;Priority 4;OK
DCF;DCF;FUN;SR;OK;TASK000014467420;Priority 4;OK
SEC;BWI;SEC;SR;OK;TASK000014468161;Priority 4;OK
SEC;BWI;SEC;SR;OK;TASK000014469567;Priority 4;OK
L1;812;MON;SR;OK;TASK000014471146;Priority 3;OK
L1;812;MON;SR;OK;TASK000014471912;Priority 3;OK
FUN;812;FUN;SR;OK;TASK000014472201;Priority 4;OK
DBA;812;DBA;SR;OK;TASK000014472358;Priority 3;OK
SEC;812;SEC;SR;OK;TASK000014472454;Priority 3;OK
SEC;812;SEC;SR;OK;TASK000014472631;Priority 3;OK
SEC;812;SEC;SR;OK;TASK000014472718;Priority 3;OK
CNC;812;CNC;SR;OK;TASK000014472853;Priority 3;OK
SEC;812;SEC;SR;OK;TASK000014472867;Priority 3;OK
SEC;SYN;SEC;SR;OK;TASK000014472875;Priority 3;OK
L1;812;MON;SR;OK;TASK000014473047;Priority 4;OK
APS;DCF;APS;SR;OK;TASK000014473075;Priority 3;OK
SCH;812;SCH;SR;OK;TASK000014473561;Priority 3;OK
SEC;DXE;SEC;SR;OK;TASK000014473600;Priority 3;OK
SEC;EES;FUN;SR;Defect;TASK000014473862;Priority 3;OK
APS;ETH;APS;SR;OK;TASK000014474063;Priority 3;OK
SEC;812;SEC;SR;OK;TASK000014474064;Priority 3;OK
DBA;812;DBA;SR;OK;TASK000014474274;Priority 3;OK
APS;ETH;APS;SR;OK;TASK000014474284;Priority 3;OK
SEC;DCF;SEC;SR;OK;TASK000014474299;Priority 3;OK
DBA;812;DBA;SR;OK;TASK000014474347;Priority 3;OK
SEC;SYN;SEC;SR;OK;TASK000014474404;Priority 3;OK
CNC;DPY;CNC;SR;OK;TASK000014474406;Priority 3;OK
TEC;ETH;FUN;SR;OK;TASK000014474805;Priority 4;OK
SEC;ETH;SEC;SR;OK;TASK000014475024;Priority 3;OK
SEC;DCF;SEC;SR;OK;TASK000014475052;Priority 3;OK
SEC;SYN;SEC;SR;OK;TASK000014475205;Priority 3;OK
SEC;EMS;SEC;SR;OK;TASK000014475274;Priority 3;OK
SEC;BWI;SEC;SR;OK;TASK000014475988;Priority 4;OK
CNC;BWI;L1 ;SR;OK;TASK000014476033;Priority 3;OK
FUN;812;FUN;SR;OK;TASK000014476989;Priority 3;OK
CNC;OXE;CNC;SR;OK;TASK000014477003;Priority 3;OK
SEC;812;SEC;SR;OK;TASK000014477496;Priority 3;OK
SEC;WS;SEC;SR;OK;TASK000014477531;Priority 3;OK
SEC;WS;SEC;SR;OK;TASK000014477541;Priority 3;OK
SEC;812;SEC;SR;OK;TASK000014477705;Priority 3;OK
FUN;812;FUN;SR;OK;TASK000014477897;Priority 4;OK
FUN;812;FUN;SR;OK;TASK000014478128;Priority 4;OK
CNC;BWI;CNC;SR;OK;TASK000014478150;Priority 3;OK
SEC;812;SEC;SR;OK;TASK000014478303;Priority 3;OK
SEC;812;SEC;SR;OK;TASK000014478314;Priority 3;OK
DBA;812;DBA;SR;OK;TASK000014478466;Priority 3;OK
FIN;812;FUN;SR;OK;TASK000014478640;Priority 3;OK
SEC;EMS;SEC;SR;OK;TASK000014478655;Priority 3;OK
SEC;MNT;SEC;SR;OK;TASK000014478762;Priority 3;OK
SCH;LAT;SCH;SR;OK;TASK000014479169;Priority 3;OK
SEC;MNT;SEC;SR;OK;TASK000014479304;Priority 3;OK
SEC;LAT;SEC;SR;OK;TASK000014479632;Priority 4;OK
SEC;812;SEC;SR;OK;TASK000014479961;Priority 3;OK
FIN;812;FUN;SR;OK;TASK000014479991;Priority 4;OK
L1;LAT;CNC;SR;OK;TASK000014480047;Priority 3;OK
CNC;OXE;CNC;SR;OK;TASK000014480807;Priority 3;OK
SEC;SYN;SEC;SR;Defect;TASK000014480981;Priority 3;OK
SEC;DCF;SEC;SR;OK;TASK000014481213;Priority 3;OK
FUN;ETH;FUN;SR;OK;TASK000014481400;Priority 3;OK
DBA;812;DBA;SR;OK;TASK000014482439;Priority 3;OK
DBA;812;DBA;SR;OK;TASK000014482530;Priority 3;OK
DBA;812;DBA;SR;OK;TASK000014483052;Priority 3;OK
SEC;812;SEC;SR;OK;TASK000014483255;Priority 3;OK
SCH;812;SCH;SR;OK;TASK000014483371;Priority 3;OK
SEC;812;SEC;SR;OK;TASK000014483400;Priority 3;OK
DBA;812;DBA;SR;OK;TASK000014483642;Priority 3;OK
SEC;SYN;SEC;SR;OK;TASK000014483651;Priority 3;OK
APS;ETH;APS;SR;OK;TASK000014483678;Priority 3;OK
SEC;ETH;SEC;SR;OK;TASK000014483828;Priority 3;OK
APS;ETH;APS;SR;OK;TASK000014483864;Priority 3;OK
SEC;812;SEC;SR;OK;TASK000014483967;Priority 3;OK
FIN;812;FUN;SR;OK;TASK000014484067;Priority 4;OK
SEC;DXE;SEC;SR;OK;TASK000014484080;Priority 3;OK
DBA;812;DBA;SR;OK;TASK000014484134;Priority 3;OK
APS;ETH;APS;SR;OK;TASK000014484191;Priority 3;OK
APS;ETH;APS;SR;OK;TASK000014484395;Priority 3;OK
DBA;812;DBA;SR;OK;TASK000014484459;Priority 3;OK
SEC;SYN;SEC;SR;Defect;TASK000014484512;Priority 3;OK
APS;ETH;APS;SR;OK;TASK000014484711;Priority 3;OK
DBA;812;DBA;SR;OK;TASK000014484714;Priority 3;OK
CNC;BWI;L1 ;SR;OK;TASK000014484818;Priority 3;OK
SEC;812;SEC;SR;OK;TASK000014484882;Priority 3;OK
L1;812;MON;SR;OK;TASK000014484917;Priority 4;OK
SCH;BWI;SCH;SR;OK;TASK000014484953;Priority 3;OK
APS;ETH;APS;SR;OK;TASK000014484954;Priority 3;OK
FUN;ETH;FUN;SR;OK;TASK000014485161;Priority 3;OK
TEC;BWI;TEC;SR;OK;TASK000014485278;Priority 4;OK
APS;ETH;APS;SR;OK;TASK000014485354;Priority 3;OK
SEC;OXE;SEC;SR;OK;TASK000014485360;Priority 3;OK
SEC;DCF;SEC;SR;OK;TASK000014485627;Priority 3;OK
APS;ETH;APS;SR;OK;TASK000014485748;Priority 4;OK
FUN;EMS;FUN;SR;Defect;TASK000014485979;Priority 3;OK
FUN;812;FUN;SR;OK;TASK000014486115;Priority 4;OK
FUN;812;FUN;SR;OK;TASK000014487338;Priority 3;OK
FUN;COR;FUN;SR;OK;TASK000014487426;Priority 3;OK
SEC;812;SEC;SR;OK;TASK000014488579;Priority 3;OK
SEC;812;SEC;SR;OK;TASK000014488848;Priority 3;OK
SEC;812;SEC;SR;OK;TASK000014489055;Priority 3;OK
SCH;LAT;SCH;SR;OK;TASK000014489202;Priority 3;OK
TEC;DCF;TEC;SR;OK;TASK000014489223;Priority 3;OK
SEC;DXE;SEC;SR;OK;TASK000014489594;Priority 3;OK
SEC;OXE;SEC;SR;OK;TASK000014489925;Priority 3;OK
APS;DCF;APS;SR;OK;TASK000014490219;Priority 3;OK
SEC;SYN;SEC;SR;OK;TASK000014490299;Priority 3;OK
SEC;CAN;SEC;SR;OK;TASK000014490305;Priority 3;OK
APS;DCF;APS;SR;OK;TASK000014490339;Priority 4;OK
CNC;DPY;CNC;SR;OK;TASK000014491049;Priority 3;OK
SEC;EMS;SEC;SR;OK;TASK000014492239;Priority 3;OK
APS;ETH;APS;SR;OK;TASK000014492366;Priority 3;OK
MNT;MNT;FUN;SR;OK;TASK000014492471;Priority 4;OK
SEC;812;SEC;SR;OK;TASK000014492540;Priority 3;OK
FUN;MNT;FUN;SR;OK;TASK000014492552;Priority 4;OK
DXE;DXE;FUN;SR;OK;TASK000014492752;Priority 3;OK
SEC;812;SEC;SR;OK;TASK000014493042;Priority 3;OK
SEC;OXE;SEC;SR;OK;TASK000014493217;Priority 3;OK
APS;ETH;APS;SR;OK;TASK000014493243;Priority 4;OK
FUN;812;FUN;SR;OK;TASK000014493261;Priority 3;OK
DBA;812;DBA;SR;OK;TASK000014493296;Priority 3;OK
SEC;812;SEC;SR;OK;TASK000014493635;Priority 3;OK
DBA;812;DBA;SR;OK;TASK000014493728;Priority 3;OK
SEC;SYN;SEC;SR;OK;TASK000014493844;Priority 3;OK
SEC;OXE;SEC;SR;OK;TASK000014493998;Priority 3;OK
SEC;SYN;SEC;SR;OK;TASK000014494119;Priority 3;OK
SEC;BWI;SEC;SR;OK;TASK000014494134;Priority 4;OK
FUN;812;FUN;SR;OK;TASK000014494438;Priority 4;OK
FUN;812;FUN;SR;OK;TASK000014494475;Priority 4;OK
FUN;812;FUN;SR;OK;TASK000014494518;Priority 3;OK
FUN;ETH;FUN;SR;OK;TASK000014494654;Priority 4;OK
SEC;EMS;SEC;SR;OK;TASK000014494759;Priority 3;OK
SEC;DXE;SEC;SR;OK;TASK000014494843;Priority 3;OK
CNC;MNT;MON;SR;OK;TASK000014495011;Priority 3;OK
CNC;812;CNC;SR;OK;TASK000014495160;Priority 3;OK
SEC;OXE;SEC;SR;OK;TASK000014495274;Priority 3;OK
SEC;ETH;SEC;SR;OK;TASK000014495470;Priority 3;OK
SCH;LAT;SCH;SR;OK;TASK000014495948;Priority 3;OK
SEC;MNT;SEC;SR;OK;TASK000014498429;Priority 3;OK
SEC;812;SEC;SR;OK;TASK000014498493;Priority 3;OK
SEC;SYN;SEC;SR;OK;TASK000014499592;Priority 3;OK
FUN;ETH;FUN;SR;OK;TASK000014499711;Priority 3;OK
SEC;SYN;SEC;SR;OK;TASK000014499844;Priority 3;OK
DBA;812;DBA;SR;OK;TASK000014501155;Priority 3;OK
SEC;812;SEC;SR;OK;TASK000014501282;Priority 3;OK
SEC;812;SEC;SR;OK;TASK000014501608;Priority 3;OK
L1;812;MON;SR;OK;TASK000014501688;Priority 3;OK
SEC;812;SEC;SR;OK;TASK000014501757;Priority 3;OK
SEC;812;SEC;SR;OK;TASK000014502222;Priority 3;OK
DBA;812;DBA;SR;OK;TASK000014502518;Priority 3;OK
SEC;812;SEC;SR;OK;TASK000014502883;Priority 3;OK
SEC;812;SEC;SR;OK;TASK000014502977;Priority 3;OK
SEC;SYN;SEC;SR;OK;TASK000014502982;Priority 3;OK
SEC;ETH;SEC;SR;OK;TASK000014503179;Priority 3;OK
SEC;SYN;SEC;SR;OK;TASK000014503216;Priority 3;OK
DBA;812;DBA;SR;OK;TASK000014503350;Priority 3;OK
SEC;SYN;SEC;SR;OK;TASK000014503352;Priority 3;OK
DBA;812;DBA;SR;OK;TASK000014503355;Priority 3;OK
SEC;EMS;SEC;SR;OK;TASK000014503989;Priority 3;OK
SEC;812;SEC;SR;OK;TASK000014504024;Priority 3;OK
SEC;812;SEC;SR;OK;TASK000014504128;Priority 3;OK
SEC;BWI;SEC;SR;OK;TASK000014504327;Priority 4;OK
SEC;812;SEC;SR;OK;TASK000014504396;Priority 3;OK
MNT;MNT;FUN;SR;OK;TASK000014504416;Priority 4;OK
APS;ETH;APS;SR;OK;TASK000014504778;Priority 3;OK
SEC;SYN;SEC;SR;OK;TASK000014504943;Priority 3;OK
SEC;DXE;SEC;SR;OK;TASK000014505179;Priority 3;OK
SEC;SYN;SEC;SR;OK;TASK000014505213;Priority 3;OK
SEC;BWI;SEC;SR;OK;TASK000014505238;Priority 4;OK
SEC;SYN;SEC;SR;Defect;TASK000014505347;Priority 3;OK
SEC;DCF;SEC;SR;OK;TASK000014505594;Priority 3;OK
APS;ETH;APS;SR;OK;TASK000014505599;Priority 3;OK
SEC;MNT;SEC;SR;OK;TASK000014505698;Priority 3;OK
SEC;MNT;SEC;SR;OK;TASK000014505702;Priority 3;OK
APS;ETH;APS;SR;OK;TASK000014505807;Priority 3;OK
CNC;BWI;CNC;SR;OK;TASK000014506390;Priority 3;OK
SEC;812;SEC;SR;OK;TASK000014507040;Priority 3;OK
SEC;DCF;SEC;SR;OK;TASK000014507042;Priority 3;OK
APS;ETH;APS;SR;OK;TASK000014507103;Priority 3;OK
SEC;SYN;SEC;SR;OK;TASK000014507277;Priority 3;OK
FUN;812;FUN;SR;OK;TASK000014507942;Priority 3;OK
SEC;812;SEC;SR;OK;TASK000014508036;Priority 3;OK
SEC;BWI;SEC;SR;OK;TASK000014508100;Priority 4;OK
CNC;812;CNC;SR;OK;TASK000014508110;Priority 3;OK
SEC;SYN;SEC;SR;OK;TASK000014508295;Priority 3;OK
SEC;EMS;SEC;SR;OK;TASK000014508316;Priority 3;OK
SEC;812;SEC;SR;OK;TASK000014508420;Priority 3;OK
DBA;812;DBA;SR;OK;TASK000014508451;Priority 3;OK
SEC;BWI;SEC;SR;OK;TASK000014508626;Priority 4;OK
SEC;SYN;SEC;SR;OK;TASK000014508656;Priority 3;OK
SEC;SYN;SEC;SR;OK;TASK000014508721;Priority 3;OK
SEC;SYN;SEC;SR;OK;TASK000014508784;Priority 3;OK
DCF;DCF;FUN;SR;OK;TASK000014508786;Priority 4;OK
FUN;812;FUN;SR;OK;TASK000014508908;Priority 4;OK
SEC;SYN;SEC;SR;Defect;TASK000014508932;Priority 3;OK
SEC;EMS;SEC;SR;OK;TASK000014509067;Priority 3;OK
APS;ETH;APS;SR;OK;TASK000014509183;Priority 3;OK
SEC;812;SEC;SR;OK;TASK000014509439;Priority 3;OK
SEC;DCF;SEC;SR;OK;TASK000014509593;Priority 3;OK
SEC;SYN;SEC;SR;OK;TASK000014509604;Priority 3;OK
SEC;EMS;SEC;SR;OK;TASK000014509651;Priority 3;OK
APS;ETH;APS;SR;OK;TASK000014509848;Priority 3;OK
SEC;DCF;SEC;SR;OK;TASK000014509898;Priority 3;OK
SEC;SYN;SEC;SR;OK;TASK000014510207;Priority 3;OK
CNC;BWI;CNC;SR;OK;TASK000014510446;Priority 3;OK
SEC;DXE;SEC;SR;OK;TASK000014512206;Priority 3;OK
DBA;812;DBA;SR;OK;TASK000014512222;Priority 3;OK
SEC;812;SEC;SR;OK;TASK000014512311;Priority 3;OK
DBA;812;DBA;SR;OK;TASK000014512508;Priority 3;OK
SEC;SYN;SEC;SR;OK;TASK000014512776;Priority 3;OK
DBA;812;DBA;SR;OK;TASK000014513079;Priority 3;OK
CNC;812;CNC;SR;OK;TASK000014513472;Priority 3;OK
SEC;812;SEC;SR;OK;TASK000014513936;Priority 3;OK
SCH;812;SCH;SR;OK;TASK000014513972;Priority 3;OK
SEC;812;SEC;SR;OK;TASK000014514086;Priority 3;OK
DXE;DXE;FUN;SR;OK;TASK000014514103;Priority 3;OK
CNC;812;CNC;SR;OK;TASK000014514199;Priority 3;OK
SEC;812;SEC;SR;OK;TASK000014514363;Priority 3;OK
SEC;812;SEC;SR;OK;TASK000014514393;Priority 3;OK
SEC;DXE;SEC;SR;OK;TASK000014514418;Priority 3;OK
FIN;812;FUN;SR;OK;TASK000014514520;Priority 3;OK
DCF;DCF;FUN;SR;OK;TASK000014514654;Priority 3;OK
SEC;ETH;SEC;SR;OK;TASK000014515009;Priority 3;OK
L1;812;MON;SR;OK;TASK000014515268;Priority 4;OK
SEC;MNT;SEC;SR;OK;TASK000014516351;Priority 3;OK
SEC;MNT;SEC;SR;OK;TASK000014516860;Priority 3;OK
SEC;DXE;SEC;SR;OK;TASK000014517580;Priority 3;OK
L1;812;MON;SR;OK;TASK000014517675;Priority 3;OK
FUN;812;FUN;SR;OK;TASK000014517857;Priority 3;OK
CNC;DPY;CNC;SR;OK;TASK000014518031;Priority 3;OK
FUN;812;FUN;SR;OK;TASK000014518119;Priority 4;OK
DBA;812;DBA;SR;OK;TASK000014518182;Priority 3;OK
SEC;812;SEC;SR;OK;TASK000014518205;Priority 3;OK
SEC;812;SEC;SR;OK;TASK000014518235;Priority 3;OK
APS;EES;APS;SR;OK;TASK000014518449;Priority 3;OK
SCH;LAT;SCH;SR;OK;TASK000014518718;Priority 3;OK
SEC;812;SEC;SR;OK;TASK000014518768;Priority 3;OK
DBA;812;DBA;SR;OK;TASK000014519063;Priority 3;OK
FUN;812;FUN;SR;OK;TASK000014519196;Priority 4;OK
SEC;812;SEC;SR;OK;TASK000014519245;Priority 3;OK
SEC;OXE;SEC;SR;OK;TASK000014519420;Priority 3;OK
SEC;SYN;SEC;SR;OK;TASK000014519669;Priority 3;OK
SEC;SYN;SEC;SR;OK;TASK000014519765;Priority 3;OK
CNC;MNT;MON;SR;OK;TASK000014519845;Priority 3;OK
SEC;DCF;SEC;SR;OK;TASK000014520121;Priority 3;OK
SEC;812;SEC;SR;OK;TASK000014520347;Priority 3;OK
DCF;DCF;FUN;SR;OK;TASK000014520695;Priority 3;OK
SEC;EMS;SEC;SR;OK;TASK000014520813;Priority 3;OK
SEC;EMS;SEC;SR;OK;TASK000014520853;Priority 3;OK
SEC;EMS;SEC;SR;OK;TASK000014520868;Priority 3;OK
APS;DCF;APS;SR;OK;TASK000014521573;Priority 3;OK
CNC;812;CNC;SR;OK;TASK000014522797;Priority 3;OK
L1;812;MON;SR;OK;TASK000014523335;Priority 3;OK
OPS;EMS;OPS;SR;OK;TASK000014523447;Priority 3;OK
SEC;812;SEC;SR;OK;TASK000014523709;Priority 3;OK
APS;ETH;APS;SR;OK;TASK000014523748;Priority 4;OK
L1;812;MON;SR;OK;TASK000014524590;Priority 3;OK
SEC;812;SEC;SR;OK;TASK000014525221;Priority 3;OK
SEC;812;SEC;SR;OK;TASK000014525433;Priority 3;OK
CNC;812;CNC;SR;OK;TASK000014525539;Priority 3;OK
SEC;812;SEC;SR;OK;TASK000014525742;Priority 3;OK
L1;812;MON;SR;OK;TASK000014525863;Priority 4;OK
SEC;DCF;SEC;SR;OK;TASK000014525933;Priority 3;OK
SEC;MNT;SEC;SR;OK;TASK000014526325;Priority 3;OK
SEC;ETH;SEC;SR;OK;TASK000014526525;Priority 3;OK
L1;CRD;MON;SR;OK;TASK000014526532;Priority 4;OK
CNC;LAT;CNC;SR;OK;TASK000014526830;Priority 3;OK
SEC;ETH;SEC;SR;OK;TASK000014526835;Priority 3;OK
CNC;BWI;L1 ;SR;OK;TASK000014527508;Priority 3;OK
SEC;812;SEC;SR;OK;TASK000014527610;Priority 3;OK
SEC;OXE;SEC;SR;OK;TASK000014527702;Priority 3;OK
SEC;BWI;SEC;SR;OK;TASK000014527729;Priority 4;OK
SEC;DXE;SEC;SR;OK;TASK000014528110;Priority 3;OK
SEC;ETH;SEC;SR;OK;TASK000014528269;Priority 3;OK
L1;CRD;MON;SR;OK;TASK000014528433;Priority 4;OK
CNC;BWI;L1 ;SR;OK;TASK000014528704;Priority 3;OK
SEC;MNT;SEC;SR;OK;TASK000014529074;Priority 3;OK
SEC;BWI;SEC;SR;OK;TASK000014529077;Priority 4;OK
SEC;EMS;SEC;SR;OK;TASK000014529115;Priority 3;OK
DBA;812;DBA;SR;OK;TASK000014529940;Priority 3;OK
DBA;812;DBA;SR;OK;TASK000014529948;Priority 3;OK
DBA;812;DBA;SR;OK;TASK000014530709;Priority 3;OK
SEC;812;SEC;SR;OK;TASK000014531218;Priority 3;OK
SEC;SYN;SEC;SR;OK;TASK000014531224;Priority 3;OK
SEC;812;SEC;SR;OK;TASK000014531231;Priority 3;OK
SEC;SYN;SEC;SR;OK;TASK000014531305;Priority 3;OK
L1;812;MON;SR;OK;TASK000014531525;Priority 4;OK
SEC;812;SEC;SR;OK;TASK000014531749;Priority 3;OK
SEC;OXE;SEC;SR;OK;TASK000014531825;Priority 3;OK
FUN;ETH;FUN;SR;OK;TASK000014531875;Priority 3;OK
APS;ETH;APS;SR;OK;TASK000014531907;Priority 3;OK
CNC;812;MON;SR;OK;TASK000014532048;Priority 3;OK
CNC;812;MON;SR;OK;TASK000014532272;Priority 3;OK
SEC;812;SEC;SR;OK;TASK000014532300;Priority 3;OK
SEC;812;SEC;SR;OK;TASK000014532342;Priority 3;OK
CNC;812;CNC;SR;OK;TASK000014532360;Priority 3;OK
CNC;BWI;L1 ;SR;OK;TASK000014532364;Priority 4;OK
SEC;MNT;SEC;SR;OK;TASK000014532677;Priority 3;OK
SEC;MNT;SEC;SR;OK;TASK000014532704;Priority 3;OK
APS;EES;APS;SR;OK;TASK000014533077;Priority 4;OK
CNC;BWI;L1 ;SR;OK;TASK000014533196;Priority 3;OK
SEC;SYN;SEC;SR;OK;TASK000014533394;Priority 3;OK
CNC;BWI;L1 ;SR;OK;TASK000014534462;Priority 3;OK
CNC;812;MON;SR;OK;TASK000014534502;Priority 3;OK
SEC;ETH;SEC;SR;OK;TASK000014534598;Priority 3;OK
SEC;DPY;SEC;SR;OK;TASK000014534917;Priority 3;OK
APS;ETH;APS;SR;OK;TASK000014534991;Priority 3;OK
SEC;812;SEC;SR;OK;TASK000014535443;Priority 3;OK
APS;ETH;APS;SR;OK;TASK000014535562;Priority 3;OK
SEC;812;SEC;SR;OK;TASK000014535608;Priority 3;OK
DXE;DXE;FUN;SR;OK;TASK000014535671;Priority 3;OK
APS;ETH;APS;SR;OK;TASK000014535854;Priority 3;OK
SEC;EMS;SEC;SR;OK;TASK000014535862;Priority 3;OK
SEC;ETH;SEC;SR;OK;TASK000014536113;Priority 3;OK
CNC;812;CNC;SR;OK;TASK000014536402;Priority 3;OK
SEC;812;SEC;SR;OK;TASK000014536416;Priority 3;OK
L1;EES;CNC;SR;OK;TASK000014536822;Priority 3;OK
APS;ETH;APS;SR;OK;TASK000014536844;Priority 3;OK
SEC;ETH;SEC;SR;OK;TASK000014536972;Priority 3;OK
SEC;DCF;SEC;SR;OK;TASK000014537057;Priority 3;OK
SEC;OXE;SEC;SR;OK;TASK000014537203;Priority 3;OK
APS;ETH;APS;SR;OK;TASK000014537524;Priority 3;OK
APS;ETH;APS;SR;OK;TASK000014537608;Priority 3;OK
APS;ETH;APS;SR;OK;TASK000014537714;Priority 3;OK
SEC;MNT;SEC;SR;OK;TASK000014537735;Priority 3;OK
SEC;812;SEC;SR;OK;TASK000014537946;Priority 3;OK
SEC;MNT;SEC;SR;OK;TASK000014538052;Priority 3;OK
SEC;DCF;SEC;SR;OK;TASK000014538082;Priority 3;OK
SEC;DCF;SEC;SR;OK;TASK000014538532;Priority 3;OK
SEC;SYN;SEC;SR;OK;TASK000014538647;Priority 3;OK
SEC;SYN;SEC;SR;OK;TASK000014538667;Priority 3;OK
SEC;MNT;SEC;SR;OK;TASK000014538995;Priority 3;OK
CNC;ETH;CNC;SR;OK;TASK000014539123;Priority 3;OK
SEC;ETH;SEC;SR;OK;TASK000014539185;Priority 3;OK
SEC;ETH;SEC;SR;OK;TASK000014539424;Priority 3;OK
L1;812;MON;SR;OK;TASK000014539853;Priority 3;OK
SEC;DXE;SEC;SR;OK;TASK000014539924;Priority 3;OK
DCF;DCF;FUN;SR;OK;TASK000014540221;Priority 4;OK
DBA;812;DBA;SR;OK;TASK000014540552;Priority 3;OK
SEC;812;SEC;SR;OK;TASK000014540988;Priority 3;OK
DBA;812;DBA;SR;OK;TASK000014541082;Priority 3;OK
DBA;812;DBA;SR;OK;TASK000014541309;Priority 3;OK
DBA;812;DBA;SR;OK;TASK000014541578;Priority 3;OK
DCF;DCF;FUN;SR;OK;TASK000014541688;Priority 4;OK
FUN;812;FUN;SR;OK;TASK000014541892;Priority 3;OK
SEC;DXE;SEC;SR;OK;TASK000014542063;Priority 3;OK
SEC;DXE;SEC;SR;OK;TASK000014542399;Priority 3;OK
DBA;812;DBA;SR;OK;TASK000014542699;Priority 3;OK
SEC;BWI;SEC;SR;OK;TASK000014542889;Priority 4;OK
SEC;SYN;SEC;SR;OK;TASK000014543135;Priority 3;OK
SEC;MNT;SEC;SR;OK;TASK000014543255;Priority 3;OK
CNC;ETH;CNC;SR;OK;TASK000014543515;Priority 3;OK
SEC;BWI;SEC;SR;OK;TASK000014543558;Priority 4;OK
SEC;MNT;SEC;SR;OK;TASK000014543664;Priority 3;OK
SEC;SYN;SEC;SR;OK;TASK000014543926;Priority 3;OK
SEC;SYN;SEC;SR;OK;TASK000014543952;Priority 3;OK
SEC;SYN;SEC;SR;OK;TASK000014543971;Priority 3;OK
FUN;812;FUN;SR;OK;TASK000014544343;Priority 3;OK
CNC;ETH;CNC;SR;OK;TASK000014544427;Priority 3;OK
FUN;ETH;FUN;SR;OK;TASK000014544950;Priority 3;OK
SEC;812;SEC;SR;OK;TASK000014545037;Priority 3;OK
APS;ETH;APS;SR;OK;TASK000014546353;Priority 3;OK
SEC;812;SEC;SR;OK;TASK000014546922;Priority 3;OK
APS;ETH;APS;SR;OK;TASK000014546956;Priority 3;OK
DBA;812;DBA;SR;OK;TASK000014546987;Priority 3;OK
SEC;812;SEC;SR;OK;TASK000014547057;Priority 3;OK
L1;812;MON;SR;OK;TASK000014547156;Priority 3;OK
SEC;ETH;SEC;SR;OK;TASK000014547398;Priority 3;OK
FUN;812;FUN;SR;OK;TASK000014547477;Priority 3;OK
SEC;ETH;SEC;SR;OK;TASK000014547813;Priority 3;OK
APS;ETH;APS;SR;OK;TASK000014548317;Priority 3;OK
CNC;DPY;CNC;SR;OK;TASK000014548400;Priority 3;OK
SCH;812;SCH;SR;OK;TASK000014548489;Priority 3;OK
CNC;812;CNC;SR;OK;TASK000014548607;Priority 3;OK
SEC;DXE;SEC;SR;OK;TASK000014548738;Priority 3;OK
SEC;BWI;SEC;SR;OK;TASK000014548969;Priority 4;OK
CNC;OXE;CNC;SR;OK;TASK000014549011;Priority 3;OK
APS;ETH;APS;SR;OK;TASK000014549272;Priority 3;OK
APS;ETH;APS;SR;OK;TASK000014549309;Priority 3;OK
SEC;BWI;SEC;SR;OK;TASK000014549483;Priority 4;OK
SEC;ETH;SEC;SR;OK;TASK000014549759;Priority 3;OK
APS;EES;APS;SR;OK;TASK000014550066;Priority 4;OK
FUN;812;FUN;SR;OK;TASK000014552696;Priority 3;OK
FUN;812;FUN;SR;OK;TASK000014552999;Priority 3;OK
SEC;BWI;SEC;SR;OK;TASK000014553785;Priority 4;OK
SEC;812;SEC;SR;OK;TASK000014553931;Priority 3;OK
SEC;812;SEC;SR;OK;TASK000014554153;Priority 3;OK
SEC;OXE;SEC;SR;OK;TASK000014554779;Priority 3;OK
SEC;SYN;SEC;SR;OK;TASK000014554788;Priority 3;OK
CNC;812;CNC;SR;OK;TASK000014554869;Priority 3;OK
SEC;DXE;SEC;SR;OK;TASK000014555206;Priority 3;OK
FUN;812;FUN;SR;OK;TASK000014555239;Priority 4;OK
FUN;812;FUN;SR;OK;TASK000014555297;Priority 4;OK
FUN;812;FUN;SR;OK;TASK000014555372;Priority 4;OK
SEC;SYN;SEC;SR;OK;TASK000014556407;Priority 3;OK
SEC;SYN;SEC;SR;OK;TASK000014556546;Priority 3;OK
SEC;BWI;SEC;SR;OK;TASK000014557038;Priority 4;OK
SEC;812;SEC;SR;OK;TASK000014557179;Priority 3;OK
CNC;DCF;CNC;SR;OK;TASK000014557356;Priority 3;OK
DBA;812;DBA;SR;OK;TASK000014558229;Priority 3;OK
SEC;812;SEC;SR;OK;TASK000014558747;Priority 3;OK
SEC;812;SEC;SR;OK;TASK000014558907;Priority 3;OK
CNC;812;CNC;SR;OK;TASK000014559464;Priority 3;OK
CNC;812;MON;SR;OK;TASK000014559551;Priority 3;OK
SEC;DXE;SEC;SR;OK;TASK000014559779;Priority 3;OK
SEC;DXE;SEC;SR;OK;TASK000014559807;Priority 3;OK
SEC;BWI;SEC;SR;OK;TASK000014560298;Priority 4;OK
DBA;812;DBA;SR;OK;TASK000014560310;Priority 3;OK
SEC;SYN;SEC;SR;OK;TASK000014560318;Priority 3;OK
CNC;812;CNC;SR;OK;TASK000014560613;Priority 3;OK
SEC;BWI;SEC;SR;OK;TASK000014560671;Priority 4;OK
SEC;DXE;SEC;SR;OK;TASK000014560713;Priority 3;OK
SEC;SYN;SEC;SR;OK;TASK000014561123;Priority 3;OK
SEC;BWI;SEC;SR;OK;TASK000014561573;Priority 4;OK
SEC;ETH;SEC;SR;OK;TASK000014561734;Priority 3;OK
SEC;BWI;SEC;SR;OK;TASK000014561828;Priority 3;OK
DBA;812;DBA;SR;OK;TASK000014563560;Priority 3;OK
APS;ETH;APS;SR;OK;TASK000014563860;Priority 3;OK
SEC;SYN;SEC;SR;OK;TASK000014564061;Priority 3;OK
SEC;812;SEC;SR;OK;TASK000014564312;Priority 3;OK
SEC;SYN;SEC;SR;OK;TASK000014565041;Priority 3;OK
SEC;SYN;SEC;SR;OK;TASK000014565525;Priority 3;OK
DBA;812;DBA;SR;OK;TASK000014565599;Priority 3;OK
CNC;812;CNC;SR;OK;TASK000014565713;Priority 3;OK
APS;ETH;APS;SR;OK;TASK000014565756;Priority 3;OK
APS;ETH;APS;SR;OK;TASK000014565762;Priority 3;OK
APS;ETH;APS;SR;OK;TASK000014565803;Priority 3;OK
APS;ETH;APS;SR;OK;TASK000014566083;Priority 3;OK
SEC;SYN;SEC;SR;OK;TASK000014566333;Priority 3;OK
APS;ETH;APS;SR;OK;TASK000014566368;Priority 3;OK
SEC;SYN;SEC;SR;OK;TASK000014566439;Priority 3;OK
SEC;SYN;SEC;SR;OK;TASK000014566590;Priority 3;OK
SEC;SYN;SEC;SR;OK;TASK000014566653;Priority 3;OK
APS;ETH;APS;SR;OK;TASK000014566947;Priority 3;OK
SEC;OXE;SEC;SR;OK;TASK000014567265;Priority 3;OK
APS;ETH;APS;SR;OK;TASK000014567411;Priority 3;OK
SEC;SYN;SEC;SR;OK;TASK000014567509;Priority 3;OK
SEC;SYN;SEC;SR;OK;TASK000014567606;Priority 3;OK
SEC;SYN;SEC;SR;OK;TASK000014567924;Priority 3;OK
L1;812;MON;SR;OK;TASK000014568869;Priority 4;OK
FUN;EMS;FUN;SR;OK;TASK000014569638;Priority 4;OK
APS;EES;APS;SR;OK;TASK000014571572;Priority 4;OK
FUN;MNT;FUN;SR;OK;TASK000014571975;Priority 4;OK
FUN;EES;FUN;SR;OK;TASK000014572176;Priority 4;OK
APS;EES;APS;SR;OK;TASK000014573710;Priority 4;OK
SEC;BWI;SEC;SR;OK;TASK000014574220;Priority 4;OK
SEC;BWI;SEC;SR;OK;TASK000014576249;Priority 4;OK
MNT;MNT;FUN;SR;OK;TASK000014576674;Priority 4;OK
FIN;812;FUN;SR;OK;TASK000014581790;Priority 4;OK
FUN;812;FUN;SR;OK;TASK000014582221;Priority 4;OK
APS;ETH;APS;SR;OK;TASK000014583018;Priority 4;OK
SEC;BWI;SEC;SR;OK;TASK000014583228;Priority 4;OK
L1;BWI;L1 ;SR;OK;TASK000014583831;Priority 4;OK
L1;BWI;L1 ;SR;OK;TASK000014585353;Priority 4;OK
DXE;DXE;FUN;SR;OK;TASK000014587403;Priority 4;OK
APS;DCF;APS;SR;OK;TASK000014590897;Priority 4;OK
MNT;MNT;FUN;SR;OK;TASK000014591043;Priority 4;OK
SEC;BWI;SEC;SR;OK;TASK000014591109;Priority 4;OK
FUN;ETH;FUN;SR;OK;TASK000014591253;Priority 4;OK
FIN;812;FUN;SR;OK;TASK000014592635;Priority 4;OK
FUN;812;FUN;SR;OK;TASK000014593522;Priority 4;OK
FUN;EMS;FUN;SR;OK;TASK000014594808;Priority 4;OK
FUN;EES;FUN;SR;OK;TASK000014595018;Priority 4;OK
SEC;BWI;SEC;SR;OK;TASK000014596605;Priority 4;OK
SEC;SYN;SEC;SR;OK;TASK000014598701;Priority 3;OK
DBA;812;DBA;SR;OK;TASK000014598966;Priority 3;OK
FUN;812;FUN;SR;OK;TASK000014599066;Priority 3;OK
SEC;812;SEC;SR;OK;TASK000014599110;Priority 3;OK
FUN;MNT;FUN;SR;OK;TASK000014599213;Priority 3;OK
FUN;MNT;FUN;SR;OK;TASK000014599418;Priority 4;OK
SEC;WS;SEC;SR;OK;TASK000014599450;Priority 3;OK
FUN;812;FUN;SR;OK;TASK000014599669;Priority 4;OK
FUN;812;FUN;SR;OK;TASK000014599705;Priority 4;OK
SEC;SYN;SEC;SR;OK;TASK000014599803;Priority 3;OK
SEC;ETH;SEC;SR;OK;TASK000014599809;Priority 3;OK
SEC;812;SEC;SR;OK;TASK000014599861;Priority 3;OK
FUN;812;FUN;SR;OK;TASK000014600001;Priority 4;OK
SEC;BWI;SEC;SR;OK;TASK000014600165;Priority 4;OK
APS;ETH;APS;SR;OK;TASK000014600166;Priority 3;OK
L1;BWI;L1 ;SR;OK;TASK000014600362;Priority 4;OK
SEC;812;SEC;SR;OK;TASK000014600366;Priority 3;OK
SEC;DCF;SEC;SR;OK;TASK000014600374;Priority 3;OK
APS;EES;APS;SR;OK;TASK000014600922;Priority 4;OK
SEC;BWI;SEC;SR;OK;TASK000014601580;Priority 4;OK
SEC;812;SEC;SR;OK;TASK000014601681;Priority 3;OK
DBA;812;DBA;SR;OK;TASK000014602469;Priority 3;OK
FUN;812;FUN;SR;OK;TASK000014602717;Priority 3;OK
SEC;EMS;SEC;SR;OK;TASK000014602738;Priority 3;OK
SEC;812;SEC;SR;OK;TASK000014602740;Priority 3;OK
SEC;812;SEC;SR;OK;TASK000014602892;Priority 3;OK
SEC;SYN;SEC;SR;OK;TASK000014603018;Priority 3;OK
CNC;812;CNC;SR;OK;TASK000014603280;Priority 3;OK
SEC;DXE;SEC;SR;OK;TASK000014603309;Priority 3;OK
DBA;812;DBA;SR;OK;TASK000014603334;Priority 3;OK
CNC;812;CNC;SR;OK;TASK000014603375;Priority 3;OK
APS;ETH;APS;SR;OK;TASK000014603438;Priority 3;OK
FUN;812;FUN;SR;OK;TASK000014603443;Priority 3;OK
SCH;LAT;SCH;SR;OK;TASK000014603469;Priority 3;OK
CNC;DCF;CNC;SR;OK;TASK000014603493;Priority 3;OK
DBA;812;DBA;SR;OK;TASK000014603515;Priority 3;OK
SEC;BWI;SEC;SR;OK;TASK000014603661;Priority 3;OK
SEC;LAT;SEC;SR;OK;TASK000014603843;Priority 3;OK
SEC;812;SEC;SR;OK;TASK000014603862;Priority 3;OK
FUN;812;FUN;SR;OK;TASK000014603935;Priority 3;OK
SEC;812;SEC;SR;OK;TASK000014604086;Priority 3;OK
SEC;MNT;SEC;SR;OK;TASK000014604207;Priority 3;OK
SEC;SYN;SEC;SR;OK;TASK000014604454;Priority 3;OK
CNC;BWI;L1 ;SR;OK;TASK000014604595;Priority 3;OK
SEC;812;SEC;SR;OK;TASK000014604691;Priority 3;OK
SEC;BWI;SEC;SR;OK;TASK000014604869;Priority 4;OK
SEC;LAT;SEC;SR;OK;TASK000014604889;Priority 3;OK
SEC;ETH;SEC;SR;OK;TASK000014604938;Priority 3;OK
SEC;MNT;SEC;SR;OK;TASK000014605462;Priority 3;OK
SEC;WS;SEC;SR;OK;TASK000014606320;Priority 3;OK
L1;BWI;L1 ;SR;OK;TASK000014606862;Priority 4;OK
L1;812;MON;SR;OK;TASK000014607206;Priority 3;OK
DBA;812;DBA;SR;OK;TASK000014607628;Priority 3;OK
APS;EES;APS;SR;OK;TASK000014607715;Priority 3;OK
APS;EES;APS;SR;OK;TASK000014607827;Priority 4;OK
CNC;812;CNC;SR;OK;TASK000014608055;Priority 3;OK
SEC;812;SEC;SR;OK;TASK000014608214;Priority 3;OK
L1;812;MON;SR;OK;TASK000014608315;Priority 3;OK
SEC;DXE;SEC;SR;OK;TASK000014608328;Priority 3;OK
FUN;812;FUN;SR;OK;TASK000014608468;Priority 3;OK
SEC;812;SEC;SR;OK;TASK000014608585;Priority 3;OK
SEC;812;SEC;SR;OK;TASK000014608782;Priority 3;OK
FIN;812;FUN;SR;OK;TASK000014608811;Priority 4;OK
FUN;WS;FUN;SR;OK;TASK000014608820;Priority 4;OK
SEC;BWI;SEC;SR;OK;TASK000014608824;Priority 4;OK
SEC;812;SEC;SR;OK;TASK000014608837;Priority 3;OK
SEC;DXE;SEC;SR;OK;TASK000014609099;Priority 3;OK
SEC;MNT;SEC;SR;OK;TASK000014609359;Priority 3;OK
L1;BWI;L1 ;SR;OK;TASK000014609362;Priority 4;OK
SEC;DCF;SEC;SR;OK;TASK000014609463;Priority 3;OK
FUN;ETH;FUN;SR;OK;TASK000014609709;Priority 3;OK
SEC;EES;SEC;SR;OK;TASK000014609755;Priority 3;OK
SEC;EES;SEC;SR;OK;TASK000014609758;Priority 3;OK
SEC;DXE;SEC;SR;OK;TASK000014609819;Priority 3;OK
SEC;BWI;SEC;SR;OK;TASK000014609967;Priority 4;OK
L1;812;MON;SR;OK;TASK000014610171;Priority 3;OK
APS;EES;APS;SR;OK;TASK000014610572;Priority 4;OK
APS;EES;APS;SR;OK;TASK000014610900;Priority 3;OK
SEC;MED;GME;SR;OK;TASK000014611085;Priority 3;OK
DXE;DXE;FUN;SR;OK;TASK000014611115;Priority 3;OK
CNC;812;CNC;SR;OK;TASK000014611289;Priority 3;OK
SEC;DCF;SEC;SR;OK;TASK000014611307;Priority 3;OK
SEC;812;SEC;SR;OK;TASK000014611388;Priority 3;OK
DXE;DXE;FUN;SR;OK;TASK000014611442;Priority 3;OK
L1;812;MON;SR;OK;TASK000014611478;Priority 3;OK
SEC;812;SEC;SR;OK;TASK000014611672;Priority 3;OK
DBA;812;DBA;SR;OK;TASK000014611676;Priority 3;OK
CNC;812;CNC;SR;OK;TASK000014611694;Priority 3;OK
SEC;MED;GME;SR;OK;TASK000014611942;Priority 3;OK
APS;ETH;APS;SR;OK;TASK000014612159;Priority 3;OK
SEC;MED;GME;SR;OK;TASK000014612182;Priority 3;OK
SEC;DXE;SEC;SR;OK;TASK000014612238;Priority 3;OK
SEC;SYN;SEC;SR;Defect;TASK000014612531;Priority 3;OK
DXE;DXE;FUN;SR;OK;TASK000014612892;Priority 4;OK
FUN;ETH;FUN;SR;OK;TASK000014612914;Priority 3;OK
SEC;EES;EES;SR;OK;TASK000014612933;Priority 3;OK
SEC;812;SEC;SR;OK;TASK000014613202;Priority 3;OK
SEC;812;SEC;SR;OK;TASK000014613232;Priority 3;OK
APS;EES;APS;SR;OK;TASK000014613402;Priority 3;OK
SEC;812;SEC;SR;OK;TASK000014613582;Priority 3;OK
SEC;ETH;SEC;SR;OK;TASK000014613665;Priority 3;OK
APS;ETH;APS;SR;OK;TASK000014613775;Priority 4;OK
SEC;MNT;SEC;SR;OK;TASK000014613922;Priority 3;OK
DCF;DCF;FUN;SR;OK;TASK000014613969;Priority 3;OK
SEC;DCF;SEC;SR;Defect;TASK000014614162;Priority 3;OK
SEC;DCF;SEC;SR;OK;TASK000014614620;Priority 3;OK
SEC;DCF;SEC;SR;OK;TASK000014614703;Priority 3;OK
APS;EES;APS;SR;OK;TASK000014614785;Priority 3;OK
SEC;BWI;SEC;SR;OK;TASK000014614810;Priority 4;OK
SEC;BWI;SEC;SR;OK;TASK000014614814;Priority 4;OK
DBA;812;DBA;SR;OK;TASK000014614934;Priority 3;OK
FUN;EES;FUN;SR;OK;TASK000014615133;Priority 4;OK
CNC;BWI;L1 ;SR;OK;TASK000014615246;Priority 3;OK
CNC;ETH;CNC;SR;OK;TASK000014615380;Priority 3;OK
SEC;MNT;SEC;SR;OK;TASK000014615508;Priority 3;OK
SEC;MNT;SEC;SR;OK;TASK000014616221;Priority 3;OK
SEC;DXE;SEC;SR;OK;TASK000014616236;Priority 3;OK
L1;812;MON;SR;OK;TASK000014616248;Priority 3;OK
SEC;812;SEC;SR;OK;TASK000014616478;Priority 3;OK
SEC;EMS;SEC;SR;OK;TASK000014616814;Priority 3;OK
SEC;EMS;SEC;SR;OK;TASK000014616817;Priority 3;OK
DBA;812;DBA;SR;OK;TASK000014617074;Priority 3;OK
SEC;DCF;SEC;SR;Defect;TASK000014617244;Priority 3;OK
SEC;DCF;SEC;SR;Defect;TASK000014617280;Priority 3;OK
SEC;SYN;SEC;SR;OK;TASK000014617291;Priority 3;OK
SEC;SYN;SEC;SR;OK;TASK000014617594;Priority 3;OK
SEC;812;SEC;SR;OK;TASK000014617624;Priority 3;OK
CNC;BWI;L1 ;SR;OK;TASK000014617707;Priority 3;OK
CNC;812;CNC;SR;OK;TASK000014617717;Priority 3;OK
SEC;DCF;SEC;SR;OK;TASK000014617772;Priority 3;OK
SEC;812;SEC;SR;OK;TASK000014617997;Priority 3;OK
SEC;MNT;SEC;SR;OK;TASK000014618180;Priority 3;OK
SEC;ETH;SEC;SR;OK;TASK000014618504;Priority 3;OK
SEC;DCF;SEC;SR;OK;TASK000014618514;Priority 3;OK
APS;ETH;APS;SR;OK;TASK000014618995;Priority 3;OK
SEC;BWI;SEC;SR;OK;TASK000014619300;Priority 4;OK
APS;ETH;APS;SR;OK;TASK000014619693;Priority 3;OK
FUN;ETH;FUN;SR;OK;TASK000014619703;Priority 3;OK
APS;ETH;APS;SR;OK;TASK000014619774;Priority 3;OK
SEC;MNT;SEC;SR;OK;TASK000014619807;Priority 3;OK
APS;DCF;APS;SR;OK;TASK000014620304;Priority 4;OK
APS;ETH;APS;SR;OK;TASK000014620389;Priority 3;OK
DBA;812;DBA;SR;OK;TASK000014622193;Priority 3;OK
SEC;812;SEC;SR;OK;TASK000014622466;Priority 3;OK
CNC;812;CNC;SR;OK;TASK000014622617;Priority 3;OK
SEC;ETH;SEC;SR;OK;TASK000014623232;Priority 3;OK
SEC;SYN;SEC;SR;Defect;TASK000014623790;Priority 3;OK
SEC;DXE;SEC;SR;OK;TASK000014624301;Priority 3;OK
FUN;WS;FUN;SR;OK;TASK000014624356;Priority 4;OK
SEC;SYN;SEC;SR;OK;TASK000014624450;Priority 3;OK
SEC;BWI;SEC;SR;OK;TASK000014624686;Priority 4;OK
SEC;MNT;SEC;SR;OK;TASK000014624724;Priority 3;OK
SEC;812;SEC;SR;OK;TASK000014624784;Priority 3;OK
L1;812;MON;SR;OK;TASK000014625031;Priority 4;OK
SEC;SYN;SEC;SR;OK;TASK000014625445;Priority 3;OK
SEC;BWI;SEC;SR;OK;TASK000014625540;Priority 4;OK
L1;DXE;CNC;SR;OK;TASK000014625543;Priority 3;OK
SEC;SYN;SEC;SR;OK;TASK000014625605;Priority 3;OK
SCH;BWI;SCH;SR;OK;TASK000014625829;Priority 4;OK
SEC;ETH;SEC;SR;OK;TASK000014626568;Priority 3;OK
MNT;MNT;FUN;SR;OK;TASK000014626669;Priority 3;OK
SEC;BWI;SEC;SR;OK;TASK000014626672;Priority 4;OK
CNC;ETH;CNC;SR;OK;TASK000014626826;Priority 3;OK
SEC;812;SEC;SR;OK;TASK000014628295;Priority 3;OK
SEC;812;SEC;SR;OK;TASK000014628873;Priority 3;OK
FUN;812;FUN;SR;OK;TASK000014629156;Priority 4;OK
L1;MNT;CNC;SR;OK;TASK000014629193;Priority 3;OK
SEC;812;SEC;SR;OK;TASK000014629205;Priority 3;OK
SEC;BWI;SEC;SR;OK;TASK000014629227;Priority 4;OK
CNC;ETH;CNC;SR;OK;TASK000014629373;Priority 3;OK
CNC;812;CNC;SR;OK;TASK000014629532;Priority 3;OK
FUN;812;FUN;SR;OK;TASK000014629685;Priority 4;OK
SEC;EMS;SEC;SR;OK;TASK000014629800;Priority 3;OK
APS;ETH;APS;SR;OK;TASK000014630036;Priority 3;OK
SEC;812;SEC;SR;OK;TASK000014630313;Priority 3;OK
DCF;DCF;FUN;INC;OK;TASK000014630366;Priority 3;OK
APS;ETH;APS;SR;OK;TASK000014630459;Priority 3;OK
SEC;BWI;SEC;SR;OK;TASK000014631096;Priority 4;OK
APS;ETH;APS;SR;OK;TASK000014631185;Priority 3;OK
DBA;812;DBA;SR;OK;TASK000014631327;Priority 3;OK
SEC;EES;EES;SR;OK;TASK000014631343;Priority 3;OK
DBA;812;DBA;SR;OK;TASK000014631346;Priority 3;OK
L1;BWI;L1 ;SR;OK;TASK000014631753;Priority 3;OK
SEC;BWI;SEC;SR;OK;TASK000014631968;Priority 3;OK
APS;DCF;APS;SR;OK;TASK000014632049;Priority 3;OK
L1;812;MON;SR;OK;TASK000014632795;Priority 4;OK
L1;812;CNC;SR;OK;TASK000014632944;Priority 3;OK
SEC;ETH;SEC;SR;OK;TASK000014634436;Priority 3;OK
SEC;812;SEC;SR;OK;TASK000014634523;Priority 3;OK
SEC;812;SEC;SR;OK;TASK000014634552;Priority 3;OK
SEC;812;SEC;SR;OK;TASK000014634725;Priority 3;OK
CNC;812;MON;SR;OK;TASK000014634927;Priority 3;OK
CNC;812;CNC;SR;OK;TASK000014635060;Priority 3;OK
SEC;SYN;SEC;SR;OK;TASK000014635178;Priority 3;OK
DBA;812;DBA;SR;OK;TASK000014635190;Priority 3;OK
L1;BWI;L1 ;SR;OK;TASK000014635523;Priority 3;OK
SEC;DCF;FUN;SR;OK;TASK000014635598;Priority 3;OK
L1;BWI;L1 ;SR;OK;TASK000014635715;Priority 3;OK
SEC;SYN;SEC;SR;OK;TASK000014635741;Priority 3;OK
SEC;BWI;SEC;SR;OK;TASK000014635752;Priority 4;OK
FIN;812;FUN;SR;OK;TASK000014635830;Priority 4;OK
SEC;BWI;SEC;SR;OK;TASK000014635894;Priority 4;OK
SEC;SYN;SEC;SR;OK;TASK000014635928;Priority 3;OK
SEC;YUS;DPY;SR;OK;TASK000014636111;Priority 3;OK
DBA;812;DBA;SR;OK;TASK000014636211;Priority 3;OK
L1;812;MON;SR;OK;TASK000014636532;Priority 3;OK
SEC;BWI;SEC;SR;OK;TASK000014636620;Priority 4;OK
L1;BWI;L1 ;SR;OK;TASK000014636633;Priority 3;OK
SEC;ETH;SEC;SR;OK;TASK000014636639;Priority 3;OK
L1;BWI;L1 ;SR;OK;TASK000014636854;Priority 3;OK
SEC;DCF;SEC;SR;OK;TASK000014636927;Priority 3;OK
DBA;812;DBA;SR;OK;TASK000014637017;Priority 3;OK
L1;BWI;L1 ;SR;OK;TASK000014637019;Priority 3;OK
L1;BWI;L1 ;SR;OK;TASK000014637041;Priority 3;OK
L1;BWI;L1 ;SR;OK;TASK000014637256;Priority 3;OK
MNT;MNT;FUN;SR;OK;TASK000014637261;Priority 4;OK
L1;BWI;L1 ;SR;OK;TASK000014637332;Priority 3;OK
L1;BWI;L1 ;SR;OK;TASK000014637544;Priority 3;OK
SEC;MNT;SEC;SR;OK;TASK000014637669;Priority 3;OK
SEC;MNT;SEC;SR;OK;TASK000014637819;Priority 3;OK
SEC;SYN;SEC;SR;OK;TASK000014638144;Priority 3;OK
SEC;LAT;SEC;SR;OK;TASK000014638453;Priority 3;OK
SEC;ETH;SEC;SR;OK;TASK000014638557;Priority 3;OK
SEC;BWI;SEC;SR;OK;TASK000014638583;Priority 4;OK
SEC;ETH;SEC;SR;OK;TASK000014638907;Priority 3;OK
SEC;812;SEC;SR;OK;TASK000014639059;Priority 3;OK
SEC;ETH;SEC;SR;OK;TASK000014639925;Priority 3;OK
APS;ETH;APS;SR;OK;TASK000014640642;Priority 3;OK
SEC;SYN;SEC;SR;OK;TASK000014641166;Priority 3;OK
DBA;812;DBA;SR;OK;TASK000014641203;Priority 3;OK
SEC;SYN;SEC;SR;OK;TASK000014641226;Priority 3;OK
SEC;DCF;SEC;SR;OK;TASK000014641312;Priority 3;OK
FUN;WS;FUN;SR;OK;TASK000014641547;Priority 3;OK
DBA;812;DBA;SR;OK;TASK000014641597;Priority 3;OK
SEC;812;SEC;SR;OK;TASK000014641710;Priority 3;OK
SEC;SYN;SEC;SR;OK;TASK000014642252;Priority 3;OK
L1;812;MON;SR;OK;TASK000014642306;Priority 3;OK
SEC;DXE;SEC;SR;OK;TASK000014642386;Priority 3;OK
APS;ETH;APS;SR;OK;TASK000014642610;Priority 3;OK
L1;BWI;L1 ;SR;OK;TASK000014642676;Priority 3;OK
SEC;EES;FUN;SR;OK;TASK000014642858;Priority 3;OK
SEC;DCF;SEC;SR;OK;TASK000014642877;Priority 3;OK
SEC;BWI;SEC;SR;OK;TASK000014642878;Priority 4;OK
SEC;DCF;SEC;SR;Defect;TASK000014643188;Priority 3;OK
SEC;BWI;SEC;SR;OK;TASK000014643367;Priority 4;OK
SCH;LAT;SCH;SR;OK;TASK000014643797;Priority 3;OK
SEC;BWI;SEC;SR;OK;TASK000014643917;Priority 4;OK
APS;ETH;APS;SR;OK;TASK000014644127;Priority 3;OK
DBA;812;DBA;SR;OK;TASK000014644149;Priority 3;OK
SEC;ETH;SEC;SR;OK;TASK000014644154;Priority 3;OK
MNT;MNT;FUN;SR;OK;TASK000014644287;Priority 3;OK
SEC;MNT;SEC;SR;OK;TASK000014644368;Priority 3;OK
SEC;EES;EES;SR;OK;TASK000014644655;Priority 3;OK
DBA;812;DBA;SR;OK;TASK000014645010;Priority 3;OK
DBA;812;DBA;SR;OK;TASK000014645013;Priority 3;OK
SEC;MNT;SEC;SR;OK;TASK000014645341;Priority 3;OK
SEC;812;SEC;SR;OK;TASK000014645365;Priority 3;OK
FUN;WS;FUN;SR;OK;TASK000014645506;Priority 3;OK
CNC;812;MON;SR;OK;TASK000014646277;Priority 3;OK
SEC;812;SEC;SR;OK;TASK000014646526;Priority 3;OK
SEC;EMS;SEC;SR;OK;TASK000014646926;Priority 3;OK
SEC;812;SEC;SR;OK;TASK000014647113;Priority 3;OK
DBA;812;DBA;SR;OK;TASK000014647138;Priority 3;OK
CNC;812;CNC;SR;OK;TASK000014647145;Priority 3;OK
SEC;DCF;SEC;SR;OK;TASK000014647214;Priority 3;OK
SEC;812;SEC;SR;OK;TASK000014647350;Priority 3;OK
SEC;EMS;SEC;SR;OK;TASK000014647367;Priority 3;OK
L1;BWI;FUN;SR;OK;TASK000014647504;Priority 3;OK
DCF;DCF;FUN;SR;OK;TASK000014647862;Priority 3;OK
SEC;812;SEC;SR;OK;TASK000014647890;Priority 3;OK
L1;LAT;CNC;SR;OK;TASK000014647896;Priority 3;OK
APS;ETH;APS;SR;OK;TASK000014647924;Priority 3;OK
TEC;DCF;FUN;SR;OK;TASK000014649335;Priority 3;OK
SEC;BWI;SEC;SR;OK;TASK000014649434;Priority 4;OK
CNC;812;CNC;SR;OK;TASK000014649612;Priority 3;OK
CNC;ETH;CNC;SR;OK;TASK000014649713;Priority 3;OK
CNC;MNT;CNC;SR;OK;TASK000014649902;Priority 3;OK
CNC;BWI;CNC;SR;OK;TASK000014650567;Priority 3;OK
DBA;812;DBA;SR;OK;TASK000014650582;Priority 3;OK
SEC;812;SEC;SR;OK;TASK000014650807;Priority 3;OK
FIN;DCF;FUN;SR;OK;TASK000014651038;Priority 3;OK
SEC;SYN;SEC;SR;OK;TASK000014651245;Priority 3;OK
SEC;812;SEC;SR;OK;TASK000014651261;Priority 3;OK
SEC;SYN;SEC;SR;OK;TASK000014651332;Priority 3;OK
L1;812;MON;SR;OK;TASK000014651642;Priority 4;OK
L1;812;MON;SR;OK;TASK000014651780;Priority 4;OK
SEC;DCF;SEC;SR;OK;TASK000014651805;Priority 3;OK
DBA;812;DBA;SR;OK;TASK000014651837;Priority 3;OK
SEC;812;SEC;SR;OK;TASK000014652036;Priority 3;OK
SEC;SYN;SEC;SR;OK;TASK000014652123;Priority 3;OK
SEC;812;SEC;SR;OK;TASK000014652252;Priority 3;OK
DBA;812;DBA;SR;OK;TASK000014652645;Priority 3;OK
SEC;DCF;SEC;SR;OK;TASK000014652949;Priority 3;OK
SEC;ETH;SEC;SR;OK;TASK000014653421;Priority 3;OK
SEC;SYN;SEC;SR;OK;TASK000014653424;Priority 3;OK
SEC;ETH;SEC;SR;OK;TASK000014653434;Priority 3;OK
SEC;MNT;SEC;SR;OK;TASK000014653557;Priority 3;OK
SEC;ETH;SEC;SR;OK;TASK000014653594;Priority 3;OK
SEC;ETH;SEC;SR;OK;TASK000014653704;Priority 3;OK
SEC;812;SEC;SR;OK;TASK000014653743;Priority 3;OK
SEC;SYN;SEC;SR;OK;TASK000014653920;Priority 3;OK
SEC;BWI;SEC;SR;OK;TASK000014654427;Priority 4;OK
SEC;BWI;SEC;SR;OK;TASK000014654690;Priority 4;OK
CNC;BWI;CNC;SR;OK;TASK000014654756;Priority 3;OK
SEC;BWI;SEC;SR;OK;TASK000014654892;Priority 3;OK
SEC;DCF;SEC;SR;Defect;TASK000014654896;Priority 3;OK
SEC;DCF;SEC;SR;Defect;TASK000014654914;Priority 3;OK
SEC;812;SEC;SR;OK;TASK000014656142;Priority 3;OK
APS;ETH;APS;SR;OK;TASK000014656820;Priority 3;OK
SEC;812;SEC;SR;OK;TASK000014656851;Priority 3;OK
SEC;DXE;SEC;SR;OK;TASK000014657171;Priority 3;OK
FUN;812;FUN;SR;OK;TASK000014657381;Priority 4;OK
SEC;DPY;SEC;SR;OK;TASK000014657634;Priority 3;OK
FUN;EES;FUN;SR;OK;TASK000014657700;Priority 4;OK
SEC;DCF;SEC;SR;OK;TASK000014657835;Priority 3;OK
SEC;812;SEC;SR;OK;TASK000014658105;Priority 3;OK
FUN;LAT;FUN;SR;OK;TASK000014658220;Priority 3;OK
L1;ETH;CNC;SR;OK;TASK000014658684;Priority 3;OK
CNC;BWI;L1 ;SR;OK;TASK000014659182;Priority 4;OK
CNC;812;MON;SR;OK;TASK000014659352;Priority 3;OK
CNC;812;CNC;SR;OK;TASK000014661158;Priority 3;OK
SEC;DXE;SEC;SR;OK;TASK000014661478;Priority 3;OK
FUN;DCF;FUN;SR;OK;TASK000014661688;Priority 3;OK
CNC;812;CNC;SR;OK;TASK000014661705;Priority 3;OK
CNC;812;CNC;SR;OK;TASK000014661784;Priority 3;OK
SEC;EMS;SEC;SR;OK;TASK000014662240;Priority 3;OK
SEC;SYN;SEC;SR;OK;TASK000014662290;Priority 3;OK
CNC;812;CNC;SR;OK;TASK000014662390;Priority 3;OK
SEC;812;SEC;SR;OK;TASK000014662415;Priority 3;OK
SEC;BWI;SEC;SR;OK;TASK000014662841;Priority 4;OK
SEC;BWI;SEC;SR;OK;TASK000014663280;Priority 4;OK
APS;ETH;APS;SR;OK;TASK000014663296;Priority 3;OK
SEC;DCF;SEC;SR;OK;TASK000014663434;Priority 3;OK
SEC;YUS;DPY;SR;OK;TASK000014663901;Priority 3;OK
SEC;BWI;SEC;SR;OK;TASK000014664082;Priority 4;OK
APS;ETH;APS;SR;OK;TASK000014664157;Priority 4;OK
SEC;DCF;SEC;SR;OK;TASK000014665433;Priority 3;OK
SEC;ETH;SEC;SR;OK;TASK000014665913;Priority 3;OK
SEC;812;SEC;SR;OK;TASK000014666198;Priority 3;OK
CNC;812;CNC;SR;OK;TASK000014666268;Priority 3;OK
DCF;DCF;FUN;INC;OK;TASK000014666945;Priority 3;OK
SEC;812;SEC;SR;OK;TASK000014667056;Priority 3;OK
APS;ETH;APS;SR;OK;TASK000014667140;Priority 3;OK
CNC;DXE;CNC;SR;OK;TASK000014667266;Priority 3;OK
SEC;812;SEC;SR;OK;TASK000014667336;Priority 3;OK
L1;812;MON;SR;OK;TASK000014667428;Priority 3;OK
SEC;MNT;SEC;SR;OK;TASK000014667664;Priority 3;OK
SEC;812;SEC;SR;OK;TASK000014667732;Priority 3;OK
CNC;812;CNC;SR;OK;TASK000014667798;Priority 3;OK
SEC;812;SEC;SR;OK;TASK000014667855;Priority 3;OK
CNC;DCF;CNC;SR;OK;TASK000014668006;Priority 3;OK
DBA;812;DBA;SR;OK;TASK000014668391;Priority 3;OK
SEC;812;SEC;SR;OK;TASK000014668813;Priority 3;OK
SEC;812;SEC;SR;OK;TASK000014669065;Priority 3;OK
DBA;812;DBA;SR;OK;TASK000014669402;Priority 3;OK
CNC;DPY;CNC;SR;OK;TASK000014669451;Priority 3;OK
APS;ETH;APS;SR;OK;TASK000014669677;Priority 3;OK
DBA;812;DBA;SR;OK;TASK000014669687;Priority 3;OK
L1;BWI;L1 ;SR;OK;TASK000014670237;Priority 3;OK
CNC;812;CNC;SR;OK;TASK000014670420;Priority 3;OK
L1;812;MON;SR;OK;TASK000014670538;Priority 3;OK
SEC;YUS;DPY;SR;OK;TASK000014670640;Priority 3;OK
SEC;BWI;SEC;SR;OK;TASK000014670865;Priority 4;OK
SEC;ETH;SEC;SR;OK;TASK000014670960;Priority 3;OK
L1;812;MON;SR;OK;TASK000014671395;Priority 3;OK
L1;BWI;L1 ;SR;OK;TASK000014671511;Priority 3;OK
SEC;812;SEC;SR;OK;TASK000014673490;Priority 3;OK
APS;ETH;APS;SR;OK;TASK000014673629;Priority 3;OK
DBA;812;DBA;SR;OK;TASK000014673903;Priority 3;OK
APS;ETH;APS;SR;OK;TASK000014673927;Priority 3;OK
CNC;DCF;CNC;SR;OK;TASK000014673952;Priority 3;OK
TEC;DCF;FUN;SR;OK;TASK000014674083;Priority 3;OK
FIN;812;FUN;SR;OK;TASK000014674138;Priority 3;OK
APS;ETH;APS;SR;OK;TASK000014674167;Priority 3;OK
CNC;812;CNC;SR;OK;TASK000014674456;Priority 3;OK
SEC;BWI;SEC;SR;OK;TASK000014674522;Priority 4;OK
L1;812;MON;SR;OK;TASK000014674630;Priority 3;OK
SEC;SYN;SEC;SR;OK;TASK000014674923;Priority 3;OK
DBA;812;DBA;SR;OK;TASK000014675029;Priority 3;OK
APS;ETH;APS;SR;OK;TASK000014675053;Priority 3;OK
APS;ETH;APS;SR;OK;TASK000014675306;Priority 3;OK
DBA;812;DBA;SR;OK;TASK000014675372;Priority 3;OK
APS;ETH;APS;SR;OK;TASK000014675540;Priority 3;OK
L1;BWI;CNC;SR;OK;TASK000014676034;Priority 4;OK
DBA;812;DBA;SR;OK;TASK000014676139;Priority 3;OK
FUN;COR;FUN;SR;OK;TASK000014677749;Priority 3;OK
DBA;812;DBA;SR;OK;TASK000014678139;Priority 3;OK
SEC;BWI;SEC;SR;OK;TASK000014678181;Priority 4;OK
FUN;812;FUN;SR;OK;TASK000014678635;Priority 4;OK
DBA;812;DBA;SR;OK;TASK000014679167;Priority 3;OK
APS;ETH;APS;SR;OK;TASK000014679229;Priority 3;OK
FUN;COR;FUN;SR;OK;TASK000014679520;Priority 3;OK
L1;BWI;L1 ;SR;OK;TASK000014679534;Priority 4;OK
SEC;SYN;SEC;SR;OK;TASK000014679655;Priority 3;OK
SEC;SYN;SEC;SR;OK;TASK000014679707;Priority 3;OK
L1;812;MON;SR;OK;TASK000014679815;Priority 3;OK
SEC;BWI;SEC;SR;OK;TASK000014680199;Priority 4;OK
TEC;DCF;FUN;SR;OK;TASK000014680835;Priority 3;OK
SEC;BWI;SEC;SR;OK;TASK000014681010;Priority 4;OK
SEC;SYN;SEC;SR;OK;TASK000014681182;Priority 3;OK
L1;BWI;L1 ;SR;OK;TASK000014681884;Priority 3;OK
CNC;DXE;CNC;SR;OK;TASK000014682494;Priority 3;OK
CNC;DPY;CNC;SR;OK;TASK000014682832;Priority 3;OK
CNC;BWI;L1 ;SR;OK;TASK000014683493;Priority 3;OK
CNC;812;MON;SR;OK;TASK000014683617;Priority 3;OK
CNC;812;MON;SR;OK;TASK000014683691;Priority 3;OK
SEC;812;SEC;SR;OK;TASK000014683706;Priority 3;OK
L1;812;MON;SR;OK;TASK000014684107;Priority 4;OK
CNC;812;CNC;SR;OK;TASK000014684242;Priority 3;OK
L1;812;MON;SR;OK;TASK000014684583;Priority 3;OK
APS;ETH;APS;SR;OK;TASK000014685169;Priority 3;OK
L1;BWI;L1 ;SR;OK;TASK000014685519;Priority 3;OK
SEC;BWI;SEC;SR;OK;TASK000014691474;Priority 4;OK
TEC;ETH;FUN;SR;OK;TASK000014692366;Priority 4;OK
SEC;BWI;SEC;SR;OK;TASK000014692575;Priority 4;OK
TEC;ETH;FUN;SR;OK;TASK000014692612;Priority 4;OK
SEC;BWI;SEC;SR;OK;TASK000014692620;Priority 4;OK
SEC;DCF;SEC;SR;OK;TASK000014693000;Priority 4;OK
L1;812;MON;SR;OK;TASK000014693643;Priority 4;OK
FUN;812;FUN;SR;OK;TASK000014695477;Priority 4;OK
FIN;812;FUN;SR;OK;TASK000014695481;Priority 4;OK
SEC;BWI;SEC;SR;OK;TASK000014697316;Priority 4;OK
SEC;BWI;SEC;SR;OK;TASK000014697364;Priority 4;OK
SEC;BWI;SEC;SR;OK;TASK000014697372;Priority 4;OK
SEC;BWI;SEC;SR;OK;TASK000014697381;Priority 4;OK
SEC;BWI;SEC;SR;OK;TASK000014698095;Priority 4;OK
SEC;BWI;SEC;SR;OK;TASK000014698512;Priority 4;OK
SEC;DCF;SEC;SR;OK;TASK000014701328;Priority 4;OK
SEC;DCF;SEC;SR;OK;TASK000014701337;Priority 4;OK
SCH;BWI;SCH;SR;OK;TASK000014702156;Priority 4;OK
SEC;DCF;SEC;SR;OK;TASK000014702786;Priority 4;OK
L1;MNT;MON;SR;OK;TASK000014704874;Priority 4;OK
SEC;DCF;SEC;SR;OK;TASK000014704952;Priority 4;OK
SEC;BWI;SEC;SR;OK;TASK000014708343;Priority 4;OK
APS;EES;APS;SR;OK;TASK000014708869;Priority 4;OK
APS;EES;APS;SR;OK;TASK000014712160;Priority 4;OK
FUN;812;FUN;SR;OK;TASK000014712254;Priority 4;OK
SEC;BWI;SEC;SR;OK;TASK000014713705;Priority 4;OK
SEC;ETH;SEC;SR;OK;TASK000014714973;Priority 3;OK
SEC;812;SEC;SR;OK;TASK000014715050;Priority 3;OK
CNC;812;CNC;SR;OK;TASK000014715662;Priority 3;OK
CNC;812;CNC;SR;OK;TASK000014715952;Priority 3;OK
SEC;812;SEC;SR;OK;TASK000014716062;Priority 3;OK
SEC;ETH;SEC;SR;OK;TASK000014716378;Priority 3;OK
SEC;ETH;SEC;SR;OK;TASK000014716712;Priority 3;OK
SEC;ETH;SEC;SR;OK;TASK000014716718;Priority 3;OK
FUN;DXE;FUN;SR;OK;TASK000014716949;Priority 3;OK
SEC;ETH;SEC;SR;OK;TASK000014717171;Priority 4;OK
CNC;DXE;CNC;SR;OK;TASK000014717452;Priority 3;OK
SEC;EES;SEC;SR;OK;TASK000014717506;Priority 3;OK
SEC;SYN;SEC;SR;OK;TASK000014717665;Priority 3;OK
SEC;DPY;SEC;SR;OK;TASK000014717830;Priority 3;OK
SEC;ETH;SEC;SR;OK;TASK000014718032;Priority 3;OK
SEC;BWI;SEC;SR;OK;TASK000014718273;Priority 4;OK
SEC;DXE;SEC;SR;OK;TASK000014718307;Priority 3;OK
SEC;SYN;SEC;SR;OK;TASK000014718810;Priority 3;OK
APS;ETH;APS;SR;OK;TASK000014718872;Priority 3;OK
L1;DXE;CNC;SR;OK;TASK000014719433;Priority 3;OK
CNC;DPY;CNC;SR;OK;TASK000014719527;Priority 3;OK
CNC;DCF;CNC;SR;OK;TASK000014719555;Priority 3;OK
APS;ETH;APS;SR;OK;TASK000014720977;Priority 3;OK
APS;ETH;APS;SR;OK;TASK000014721119;Priority 3;OK
SEC;DXE;SEC;SR;OK;TASK000014721456;Priority 3;OK
SEC;EMS;SEC;SR;OK;TASK000014721457;Priority 3;OK
APS;ETH;APS;SR;OK;TASK000014721679;Priority 3;OK
CNC;812;CNC;SR;OK;TASK000014721708;Priority 3;OK
SEC;DXE;SEC;SR;OK;TASK000014721889;Priority 3;OK
SEC;DXE;SEC;SR;OK;TASK000014722142;Priority 3;OK
SEC;DXE;SEC;SR;OK;TASK000014722159;Priority 3;OK
CNC;812;CNC;SR;OK;TASK000014722842;Priority 3;OK
SEC;SYN;SEC;SR;OK;TASK000014722844;Priority 3;OK
SEC;DCF;SEC;SR;OK;TASK000014723123;Priority 3;OK
APS;ETH;APS;SR;OK;TASK000014723307;Priority 4;OK
APS;ETH;APS;SR;OK;TASK000014723329;Priority 4;OK
DBA;812;DBA;SR;OK;TASK000014723401;Priority 3;OK
SEC;DCF;SEC;SR;OK;TASK000014723537;Priority 4;OK
SEC;DCF;SEC;SR;OK;TASK000014723553;Priority 4;OK
SEC;DCF;SEC;SR;OK;TASK000014723587;Priority 4;OK
L1;812;MON;SR;OK;TASK000014723668;Priority 3;OK
CNC;DCF;FUN;SR;OK;TASK000014723692;Priority 3;OK
DBA;812;DBA;SR;OK;TASK000014723710;Priority 3;OK
SEC;BWI;SEC;SR;OK;TASK000014723793;Priority 4;OK
SEC;SYN;SEC;SR;Defect;TASK000014723850;Priority 3;OK
SEC;BWI;SEC;SR;OK;TASK000014723987;Priority 3;OK
SEC;MNT;SEC;SR;OK;TASK000014724012;Priority 3;OK
SEC;EMS;SEC;SR;OK;TASK000014724130;Priority 3;OK
APS;EES;APS;SR;OK;TASK000014724564;Priority 3;OK
CNC;DXE;CNC;SR;OK;TASK000014724776;Priority 3;OK
SEC;MNT;SEC;SR;OK;TASK000014725067;Priority 3;OK
CNC;812;CNC;SR;OK;TASK000014725252;Priority 3;OK
SEC;ETH;SEC;SR;OK;TASK000014725335;Priority 3;OK
DBA;812;DBA;SR;OK;TASK000014725917;Priority 3;OK
FUN;WS;FUN;SR;OK;TASK000014726128;Priority 4;OK
FUN;WS;FUN;SR;OK;TASK000014726335;Priority 3;OK
CNC;812;MON;SR;OK;TASK000014726431;Priority 3;OK
APS;ETH;APS;SR;OK;TASK000014726687;Priority 3;OK
SEC;812;SEC;SR;OK;TASK000014726704;Priority 3;OK
SEC;812;SEC;SR;OK;TASK000014726813;Priority 3;OK
CNC;812;CNC;SR;OK;TASK000014726888;Priority 3;OK
DBA;812;DBA;SR;OK;TASK000014726959;Priority 3;OK
DXE;DXE;FUN;SR;Defect;TASK000014727196;Priority 4;OK
CNC;DCF;CNC;SR;OK;TASK000014727222;Priority 3;OK
SEC;SYN;SEC;SR;OK;TASK000014727303;Priority 3;OK
APS;ETH;APS;SR;OK;TASK000014727490;Priority 3;OK
L1;812;CNC;SR;OK;TASK000014727665;Priority 3;OK
APS;ETH;APS;SR;OK;TASK000014727676;Priority 3;OK
DBA;812;DBA;SR;OK;TASK000014727718;Priority 3;OK
SEC;DCF;SEC;SR;OK;TASK000014727755;Priority 4;OK
SEC;812;SEC;SR;OK;TASK000014727893;Priority 3;OK
APS;ETH;APS;SR;OK;TASK000014728090;Priority 3;OK
SEC;ETH;SEC;SR;OK;TASK000014728169;Priority 3;OK
APS;ETH;APS;SR;OK;TASK000014728327;Priority 3;OK
SEC;EMS;SEC;SR;OK;TASK000014728387;Priority 3;OK
FUN;812;FUN;SR;OK;TASK000014728492;Priority 3;OK
APS;ETH;APS;SR;OK;TASK000014728698;Priority 3;OK
APS;ETH;APS;SR;OK;TASK000014728755;Priority 3;OK
FUN;812;FUN;SR;OK;TASK000014728803;Priority 4;OK
APS;ETH;APS;SR;OK;TASK000014728950;Priority 3;OK
SEC;MNT;SEC;SR;OK;TASK000014729000;Priority 3;OK
APS;ETH;APS;SR;OK;TASK000014729007;Priority 3;OK
SEC;SYN;SEC;SR;OK;TASK000014729305;Priority 3;OK
DCF;DCF;FUN;INC;OK;TASK000014729310;Priority 3;OK
APS;EES;APS;SR;OK;TASK000014729342;Priority 3;OK
SEC;DCF;SEC;SR;OK;TASK000014729359;Priority 4;OK
SEC;812;SEC;SR;OK;TASK000014729401;Priority 3;OK
SEC;MNT;SEC;SR;OK;TASK000014729449;Priority 3;OK
SEC;BWI;SEC;SR;OK;TASK000014729628;Priority 3;OK
SEC;SYN;SEC;SR;OK;TASK000014729781;Priority 3;OK
APS;ETH;APS;SR;OK;TASK000014730092;Priority 4;OK
SEC;BWI;SEC;SR;OK;TASK000014730237;Priority 4;OK
SEC;812;SEC;SR;OK;TASK000014730331;Priority 3;OK
SEC;MNT;SEC;SR;OK;TASK000014730676;Priority 3;OK
SEC;BWI;SEC;SR;OK;TASK000014730846;Priority 4;OK
CNC;812;CNC;SR;OK;TASK000014731267;Priority 3;OK
SEC;812;SEC;SR;OK;TASK000014731923;Priority 3;OK
APS;ETH;APS;SR;OK;TASK000014732081;Priority 3;OK
CNC;812;MON;SR;OK;TASK000014732399;Priority 3;OK
SEC;812;SEC;SR;OK;TASK000014732445;Priority 3;OK
FUN;812;FUN;SR;OK;TASK000014733175;Priority 3;OK
SEC;ETH;SEC;SR;OK;TASK000014733319;Priority 3;OK
SEC;812;SEC;SR;OK;TASK000014733414;Priority 3;OK
SEC;DXE;SEC;SR;OK;TASK000014733476;Priority 3;OK
SEC;MNT;SEC;SR;OK;TASK000014733599;Priority 3;OK
CNC;812;CNC;SR;OK;TASK000014734090;Priority 3;OK
L1;BWI;L1 ;SR;OK;TASK000014734103;Priority 3;OK
SEC;DPY;SEC;SR;OK;TASK000014734139;Priority 3;OK
CNC;812;CNC;SR;OK;TASK000014734220;Priority 3;OK
SEC;812;SEC;SR;OK;TASK000014734224;Priority 3;OK
SEC;SYN;SEC;SR;OK;TASK000014734270;Priority 3;OK
CNC;812;CNC;SR;OK;TASK000014734285;Priority 3;OK
SEC;SYN;SEC;SR;Defect;TASK000014734286;Priority 3;OK
L1;DPY;MON;SR;Defect;TASK000014734295;Priority 3;OK
SCH;812;SCH;SR;OK;TASK000014734474;Priority 3;OK
SEC;ETH;SEC;SR;OK;TASK000014734668;Priority 3;OK
DBA;812;DBA;SR;OK;TASK000014734840;Priority 3;OK
APS;ETH;APS;SR;OK;TASK000014734868;Priority 4;OK
SEC;BWI;SEC;SR;OK;TASK000014734984;Priority 4;OK
SEC;BWI;SEC;SR;OK;TASK000014735005;Priority 4;OK
SEC;BWI;SEC;SR;OK;TASK000014735128;Priority 4;OK
SEC;SYN;SEC;SR;Defect;TASK000014736068;Priority 3;OK
TEC;ETH;FUN;SR;OK;TASK000014736125;Priority 4;OK
SEC;BWI;SEC;SR;OK;TASK000014736322;Priority 3;OK
L1;812;MON;SR;OK;TASK000014737235;Priority 4;OK
APS;ETH;APS;SR;OK;TASK000014737379;Priority 3;OK
APS;ETH;APS;SR;OK;TASK000014737474;Priority 3;OK
FUN;EDS;FUN;SR;OK;TASK000014737487;Priority 3;OK
CNC;DPY;CNC;SR;OK;TASK000014737884;Priority 3;OK
FUN;812;FUN;SR;OK;TASK000014737997;Priority 4;OK
SEC;812;SEC;SR;OK;TASK000014738003;Priority 3;OK
SEC;812;SEC;SR;OK;TASK000014738110;Priority 3;OK
CNC;812;CNC;SR;OK;TASK000014738188;Priority 3;OK
APS;ETH;APS;SR;OK;TASK000014738549;Priority 3;OK
CNC;EES;CNC;SR;OK;TASK000014738625;Priority 3;OK
SEC;812;SEC;SR;OK;TASK000014738857;Priority 3;OK
SEC;812;SEC;SR;OK;TASK000014738957;Priority 3;OK
SEC;DCF;SEC;SR;OK;TASK000014738958;Priority 4;OK
SEC;812;SEC;SR;OK;TASK000014739130;Priority 3;OK
SEC;DPY;SEC;SR;OK;TASK000014739217;Priority 3;OK
SEC;SYN;SEC;SR;OK;TASK000014739380;Priority 3;OK
SEC;BWI;SEC;SR;OK;TASK000014739523;Priority 4;OK
FUN;ETH;FUN;SR;OK;TASK000014739748;Priority 3;OK
L1;ETH;CNC;SR;OK;TASK000014740045;Priority 3;OK
SEC;MNT;SEC;SR;OK;TASK000014740062;Priority 3;OK
TEC;BWI;TEC;SR;OK;TASK000014740104;Priority 3;OK
SEC;DCF;SEC;SR;OK;TASK000014740190;Priority 4;OK
SEC;BWI;SEC;SR;OK;TASK000014740339;Priority 4;OK
TEC;LAT;TEC;SR;OK;TASK000014740375;Priority 3;OK
SEC;DPY;SEC;SR;OK;TASK000014740382;Priority 3;OK
DBA;812;DBA;SR;OK;TASK000014740443;Priority 3;OK
SEC;EES;FUN;SR;OK;TASK000014740463;Priority 3;OK
SEC;812;SEC;SR;OK;TASK000014741203;Priority 3;OK
SEC;ETH;SEC;SR;OK;TASK000014742700;Priority 3;OK
APS;ETH;APS;SR;OK;TASK000014742885;Priority 4;OK
DBA;812;DBA;SR;OK;TASK000014743033;Priority 3;OK
812;812;FUN;SR;OK;TASK000014743186;Priority 4;OK
SEC;DXE;SEC;SR;OK;TASK000014743379;Priority 3;OK
SEC;DXE;SEC;SR;OK;TASK000014743833;Priority 3;OK
FUN;812;FUN;SR;OK;TASK000014743910;Priority 3;OK
SEC;812;SEC;SR;OK;TASK000014743941;Priority 3;OK
DBA;812;DBA;SR;OK;TASK000014744212;Priority 3;OK
SEC;812;SEC;SR;OK;TASK000014744412;Priority 3;OK
SEC;DCF;SEC;SR;OK;TASK000014744480;Priority 4;OK
APS;ETH;APS;SR;OK;TASK000014744495;Priority 4;OK
SEC;BWI;SEC;SR;OK;TASK000014744737;Priority 3;OK
FUN;EES;FUN;SR;OK;TASK000014744772;Priority 4;OK
FUN;812;FUN;SR;OK;TASK000014744860;Priority 3;OK
SEC;DXE;SEC;SR;OK;TASK000014744958;Priority 3;OK
DBA;812;DBA;SR;OK;TASK000014744972;Priority 3;OK
DBA;812;DBA;SR;OK;TASK000014745008;Priority 3;OK
SEC;EMS;SEC;SR;OK;TASK000014745126;Priority 3;OK
FUN;EES;FUN;SR;OK;TASK000014745127;Priority 4;OK
SEC;DXE;SEC;SR;OK;TASK000014745226;Priority 3;OK
SEC;BWI;SEC;SR;OK;TASK000014745263;Priority 4;OK
SEC;DCF;SEC;SR;OK;TASK000014745323;Priority 4;OK
CNC;812;CNC;SR;OK;TASK000014745739;Priority 3;OK
FUN;812;FUN;SR;OK;TASK000014746593;Priority 3;OK
SEC;812;SEC;SR;OK;TASK000014746685;Priority 3;OK
SEC;812;SEC;SR;OK;TASK000014746735;Priority 3;OK
CNC;812;MON;SR;OK;TASK000014747164;Priority 3;OK
SEC;812;SEC;SR;OK;TASK000014747189;Priority 3;OK
SEC;812;SEC;SR;OK;TASK000014747347;Priority 3;OK
APS;ETH;APS;SR;OK;TASK000014747388;Priority 4;OK
APS;ETH;APS;SR;OK;TASK000014747407;Priority 3;OK
CNC;BWI;CNC;SR;OK;TASK000014747428;Priority 3;OK
SEC;EMS;SEC;SR;OK;TASK000014747712;Priority 3;OK
SCH;BWI;SCH;SR;OK;TASK000014747734;Priority 4;OK
FUN;812;FUN;SR;OK;TASK000014747843;Priority 3;OK
DCF;DCF;FUN;SR;OK;TASK000014747947;Priority 4;OK
SEC;BWI;SEC;SR;OK;TASK000014748057;Priority 4;OK
SEC;812;SEC;SR;OK;TASK000014748272;Priority 3;OK
SEC;DCF;SEC;SR;OK;TASK000014748378;Priority 4;OK
CNC;812;CNC;INC;OK;TASK000014748468;Priority 3;OK
CNC;812;CNC;SR;OK;TASK000014748519;Priority 3;OK
SEC;BWI;SEC;SR;OK;TASK000014748593;Priority 4;OK
SEC;SYN;SEC;SR;OK;TASK000014748662;Priority 3;OK
SEC;DCF;SEC;SR;OK;TASK000014748749;Priority 4;OK
SEC;DCF;SEC;SR;OK;TASK000014748996;Priority 4;OK
SEC;DCF;SEC;SR;OK;TASK000014749036;Priority 4;OK
SEC;BWI;SEC;SR;OK;TASK000014749077;Priority 4;OK
CNC;812;CNC;SR;OK;TASK000014749100;Priority 3;OK
APS;EES;APS;SR;OK;TASK000014749148;Priority 4;OK
CNC;812;CNC;SR;OK;TASK000014749204;Priority 3;OK
APS;ETH;APS;SR;OK;TASK000014751156;Priority 3;OK
SEC;812;SEC;SR;OK;TASK000014751200;Priority 3;OK
SEC;812;SEC;SR;OK;TASK000014751278;Priority 3;OK
SEC;DCF;SEC;SR;OK;TASK000014751327;Priority 4;OK
SEC;812;SEC;SR;OK;TASK000014751409;Priority 3;OK
SCH;812;SCH;SR;OK;TASK000014751723;Priority 3;OK
APS;EES;APS;SR;OK;TASK000014751826;Priority 4;OK
DBA;812;DBA;SR;OK;TASK000014752182;Priority 3;OK
DBA;812;DBA;SR;OK;TASK000014752199;Priority 3;OK
SEC;ETH;SEC;SR;OK;TASK000014752748;Priority 3;OK
SEC;ETH;SEC;SR;OK;TASK000014752831;Priority 3;OK
SEC;812;SEC;SR;OK;TASK000014752977;Priority 3;OK
DBA;812;DBA;SR;OK;TASK000014753109;Priority 3;OK
SEC;DCF;SEC;SR;OK;TASK000014753219;Priority 4;OK
SEC;EMS;SEC;SR;OK;TASK000014753254;Priority 3;OK
DBA;812;DBA;SR;OK;TASK000014753347;Priority 3;OK
FUN;812;FUN;SR;OK;TASK000014753397;Priority 4;OK
SEC;BWI;SEC;SR;OK;TASK000014753595;Priority 4;OK
FUN;MNT;FUN;SR;OK;TASK000014753954;Priority 3;OK
SEC;ETH;SEC;SR;OK;TASK000014754145;Priority 3;OK
FIN;DXE;FUN;SR;Defect;TASK000014754151;Priority 3;OK
SEC;SYN;SEC;SR;OK;TASK000014754266;Priority 3;OK
APS;EES;APS;SR;OK;TASK000014754340;Priority 3;OK
CNC;ETH;CNC;SR;OK;TASK000014754356;Priority 3;OK
TEC;ETH;FUN;SR;OK;TASK000014754685;Priority 3;OK
SEC;DCF;SEC;SR;OK;TASK000014754697;Priority 4;OK
SEC;EES;SEC;SR;OK;TASK000014754731;Priority 3;OK
DBA;812;DBA;SR;OK;TASK000014755897;Priority 3;OK
FUN;COR;FUN;SR;OK;TASK000014756032;Priority 3;OK
SEC;WS;SEC;SR;OK;TASK000014756054;Priority 3;OK
CNC;812;MON;SR;OK;TASK000014756092;Priority 3;OK
CNC;812;CNC;SR;OK;TASK000014756149;Priority 3;OK
SEC;812;SEC;SR;OK;TASK000014756460;Priority 3;OK
OPS;EMS;OPS;SR;OK;TASK000014757611;Priority 3;OK
OPS;EMS;OPS;SR;OK;TASK000014757706;Priority 3;OK
CNC;812;CNC;SR;OK;TASK000014757851;Priority 3;OK
DXE;DXE;FUN;SR;OK;TASK000014758484;Priority 4;OK
DCF;DCF;FUN;SR;OK;TASK000014758552;Priority 4;OK
SEC;SYN;SEC;SR;OK;TASK000014758567;Priority 3;OK
DBA;812;DBA;SR;OK;TASK000014758640;Priority 3;OK
SEC;DCF;SEC;SR;OK;TASK000014758828;Priority 4;OK
APS;DCF;APS;SR;OK;TASK000014758951;Priority 3;OK
SEC;DXE;SEC;SR;OK;TASK000014759075;Priority 3;OK
SEC;DXE;SEC;SR;OK;TASK000014759153;Priority 3;OK
CNC;BWI;CNC;SR;OK;TASK000014759156;Priority 3;OK
SEC;SYN;SEC;SR;Defect;TASK000014759339;Priority 3;OK
SEC;BWI;SEC;SR;OK;TASK000014759897;Priority 4;OK
SEC;MNT;SEC;SR;OK;TASK000014760336;Priority 3;OK
L1;BWI;L1 ;SR;OK;TASK000014760387;Priority 4;OK
SEC;MNT;SEC;SR;OK;TASK000014760658;Priority 3;OK
SEC;BWI;SEC;SR;OK;TASK000014760666;Priority 3;OK
SEC;BWI;SEC;SR;OK;TASK000014760752;Priority 4;OK
APS;ETH;APS;SR;OK;TASK000014762712;Priority 3;OK
FUN;EES;FUN;SR;OK;TASK000014762957;Priority 4;OK
SEC;812;SEC;SR;OK;TASK000014763072;Priority 3;OK
SEC;MNT;SEC;SR;OK;TASK000014763096;Priority 3;OK
SEC;812;SEC;SR;OK;TASK000014763290;Priority 3;OK
SEC;ETH;SEC;SR;OK;TASK000014763319;Priority 3;OK
APS;ETH;APS;SR;OK;TASK000014763324;Priority 3;OK
SEC;DPY;SEC;SR;OK;TASK000014763582;Priority 3;OK
SEC;EMS;SEC;SR;OK;TASK000014763593;Priority 3;OK
SEC;812;SEC;SR;OK;TASK000014763609;Priority 3;OK
SEC;812;SEC;SR;OK;TASK000014763660;Priority 3;OK
SEC;MNT;SEC;SR;OK;TASK000014763661;Priority 3;OK
SEC;MNT;SEC;SR;OK;TASK000014763705;Priority 3;OK
SEC;812;SEC;SR;OK;TASK000014763707;Priority 3;OK
SEC;DPY;SEC;SR;OK;TASK000014763719;Priority 3;OK
SEC;DPY;SEC;SR;OK;TASK000014763974;Priority 3;OK
FUN;ETH;FUN;SR;OK;TASK000014764372;Priority 4;OK
SEC;ETH;SEC;SR;OK;TASK000014764472;Priority 3;OK
APS;ETH;APS;SR;OK;TASK000014764577;Priority 3;OK
APS;ETH;APS;SR;OK;TASK000014764910;Priority 3;OK
APS;EES;APS;SR;OK;TASK000014765084;Priority 4;OK
SEC;812;SEC;SR;OK;TASK000014766118;Priority 3;OK
CNC;812;MON;SR;OK;TASK000014766933;Priority 3;OK
APS;ETH;APS;SR;OK;TASK000014767151;Priority 3;OK
SEC;812;SEC;SR;OK;TASK000014767771;Priority 3;OK
SEC;812;SEC;SR;OK;TASK000014767932;Priority 3;OK
CNC;812;MON;SR;OK;TASK000014768146;Priority 3;OK
CNC;BWI;CNC;SR;OK;TASK000014768321;Priority 3;OK
CNC;812;CNC;SR;OK;TASK000014768332;Priority 3;OK
SEC;812;SEC;SR;OK;TASK000014768355;Priority 3;OK
SEC;DCF;SEC;SR;OK;TASK000014768428;Priority 4;OK
SEC;812;SEC;SR;OK;TASK000014768764;Priority 3;OK
SEC;DCF;SEC;SR;OK;TASK000014768853;Priority 4;OK
APS;ETH;APS;SR;OK;TASK000014769092;Priority 3;OK
CNC;812;CNC;SR;OK;TASK000014769483;Priority 3;OK
SEC;BWI;SEC;SR;OK;TASK000014769509;Priority 4;OK
SEC;812;SEC;SR;OK;TASK000014769654;Priority 3;OK
SEC;MNT;SEC;SR;OK;TASK000014769878;Priority 3;OK
SEC;DCF;SEC;SR;OK;TASK000014769960;Priority 4;OK
SEC;SYN;SEC;INC;OK;TASK000014769999;Priority 3;OK
SEC;DCF;SEC;SR;OK;TASK000014770164;Priority 4;OK
SEC;DCF;SEC;SR;OK;TASK000014770420;Priority 4;OK
SEC;BWI;SEC;SR;OK;TASK000014770537;Priority 4;OK
SEC;BWI;SEC;SR;OK;TASK000014770784;Priority 4;OK
SEC;DXE;SEC;SR;OK;TASK000014770905;Priority 3;OK
DCF;DCF;FUN;SR;OK;TASK000014770949;Priority 3;OK
SEC;812;SEC;SR;OK;TASK000014771069;Priority 3;OK
SEC;MNT;SEC;SR;OK;TASK000014771222;Priority 3;OK
L1;BWI;L1 ;SR;OK;TASK000014771561;Priority 3;OK
SEC;SYN;SEC;SR;OK;TASK000014771812;Priority 3;OK
CNC;812;CNC;SR;OK;TASK000014772008;Priority 3;OK
SEC;DCF;SEC;SR;OK;TASK000014772119;Priority 4;OK
L1;BWI;L1 ;SR;OK;TASK000014772129;Priority 3;OK
FUN;812;FUN;SR;OK;TASK000014772950;Priority 4;OK
SEC;812;SEC;SR;OK;TASK000014773030;Priority 3;OK
CNC;812;CNC;SR;OK;TASK000014773112;Priority 3;OK
CNC;812;MON;SR;OK;TASK000014773121;Priority 3;OK
FUN;EDS;FUN;SR;OK;TASK000014773271;Priority 3;OK
SEC;812;SEC;SR;OK;TASK000014773911;Priority 3;OK
DBA;812;DBA;SR;OK;TASK000014774095;Priority 3;OK
FIN;812;FUN;SR;OK;TASK000014774171;Priority 3;OK
SEC;EMS;SEC;SR;OK;TASK000014774183;Priority 3;OK
SEC;DCF;SEC;SR;OK;TASK000014774286;Priority 4;OK
APS;ETH;APS;SR;OK;TASK000014774404;Priority 3;OK
SEC;DCF;SEC;SR;OK;TASK000014774462;Priority 4;OK
SEC;EMS;SEC;SR;OK;TASK000014774679;Priority 3;OK
SEC;DCF;SEC;SR;OK;TASK000014774757;Priority 4;OK
SEC;DXE;SEC;SR;OK;TASK000014774996;Priority 3;OK
DCF;DCF;FUN;SR;OK;TASK000014775027;Priority 3;OK
SEC;812;SEC;SR;OK;TASK000014775145;Priority 3;OK
SEC;ETH;SEC;SR;OK;TASK000014775302;Priority 3;OK
SEC;ETH;SEC;SR;OK;TASK000014775619;Priority 3;OK
SEC;EMS;SEC;SR;OK;TASK000014775629;Priority 3;OK
APS;ETH;APS;SR;OK;TASK000014775637;Priority 3;OK
SEC;ETH;SEC;SR;OK;TASK000014775653;Priority 3;OK
SEC;DCF;SEC;SR;OK;TASK000014775857;Priority 4;OK
CNC;ETH;CNC;SR;OK;TASK000014776307;Priority 3;OK
SEC;SYN;SEC;SR;OK;TASK000014776337;Priority 3;OK
CNC;BWI;CNC;SR;OK;TASK000014776402;Priority 3;OK
FUN;812;FUN;SR;OK;TASK000014776419;Priority 3;OK
SEC;BWI;SEC;SR;OK;TASK000014776982;Priority 4;OK
SEC;DPY;SEC;SR;OK;TASK000014777050;Priority 3;OK
FUN;ETH;FUN;SR;OK;TASK000014777126;Priority 4;OK
SEC;DCF;SEC;SR;OK;TASK000014777404;Priority 4;OK
SEC;MNT;SEC;SR;OK;TASK000014777830;Priority 3;OK
SEC;DCF;SEC;SR;OK;TASK000014778263;Priority 4;OK
APS;ETH;APS;SR;OK;TASK000014778345;Priority 3;OK
FUN;MNT;FUN;SR;OK;TASK000014778426;Priority 3;OK
DBA;812;DBA;SR;OK;TASK000014778645;Priority 3;OK
FUN;COR;FUN;SR;OK;TASK000014779043;Priority 3;OK
DBA;812;DBA;SR;OK;TASK000014779067;Priority 3;OK
FUN;DXE;FUN;SR;OK;TASK000014779111;Priority 3;OK
SEC;DXE;SEC;SR;OK;TASK000014779340;Priority 3;OK
DBA;812;DBA;SR;OK;TASK000014779347;Priority 3;OK
APS;ETH;APS;SR;OK;TASK000014779732;Priority 3;OK
SEC;DCF;SEC;SR;OK;TASK000014779780;Priority 4;OK
APS;ETH;APS;SR;OK;TASK000014779802;Priority 3;OK
DBA;812;DBA;SR;OK;TASK000014779873;Priority 3;OK
APS;ETH;APS;SR;OK;TASK000014779874;Priority 3;OK
DBA;812;DBA;SR;OK;TASK000014779943;Priority 3;OK
DBA;812;DBA;SR;OK;TASK000014779974;Priority 3;OK
SEC;ETH;SEC;SR;OK;TASK000014780367;Priority 3;OK
SEC;DCF;SEC;SR;OK;TASK000014780380;Priority 4;OK
SEC;812;SEC;SR;OK;TASK000014780416;Priority 3;OK
SEC;ETH;SEC;SR;OK;TASK000014780506;Priority 3;OK
APS;ETH;APS;SR;OK;TASK000014780573;Priority 3;OK
SEC;DCF;SEC;SR;OK;TASK000014780629;Priority 4;OK
APS;ETH;APS;SR;OK;TASK000014780656;Priority 3;OK
SEC;DPY;SEC;SR;OK;TASK000014780708;Priority 3;OK
SEC;SYN;SEC;SR;OK;TASK000014781014;Priority 3;OK
DBA;812;DBA;SR;OK;TASK000014781251;Priority 3;OK
SEC;DCF;SEC;SR;OK;TASK000014781710;Priority 4;OK
APS;ETH;APS;SR;OK;TASK000014781806;Priority 3;OK
SEC;BWI;SEC;SR;OK;TASK000014781887;Priority 4;OK
SCH;BWI;SCH;SR;OK;TASK000014782051;Priority 3;OK
SEC;BWI;SEC;SR;OK;TASK000014782078;Priority 4;OK
SEC;DCF;SEC;SR;OK;TASK000014782251;Priority 4;OK
APS;EES;APS;SR;OK;TASK000014782658;Priority 4;OK
SEC;SYN;SEC;SR;OK;TASK000014782689;Priority 3;OK
SEC;EES;SEC;SR;OK;TASK000014782725;Priority 3;OK
L1;ETH;CNC;SR;OK;TASK000014783038;Priority 4;OK
SEC;EMS;SEC;SR;OK;TASK000014783478;Priority 3;OK
SEC;SYN;SEC;SR;OK;TASK000014783839;Priority 3;OK
CNC;DPY;CNC;SR;OK;TASK000014783870;Priority 3;OK
SEC;812;SEC;SR;OK;TASK000014784301;Priority 3;OK
DBA;812;DBA;SR;OK;TASK000014784380;Priority 3;OK
SEC;DXE;SEC;SR;OK;TASK000014784541;Priority 3;OK
APS;ETH;APS;SR;OK;TASK000014785278;Priority 3;OK
SEC;SYN;SEC;SR;OK;TASK000014785614;Priority 3;OK
APS;ETH;APS;SR;OK;TASK000014785753;Priority 3;OK
DBA;812;DBA;SR;OK;TASK000014786687;Priority 3;OK
CNC;BWI;CNC;SR;OK;TASK000014786791;Priority 3;OK
SEC;DCF;SEC;SR;OK;TASK000014786838;Priority 4;OK
APS;ETH;APS;SR;OK;TASK000014786850;Priority 4;OK
CNC;DXE;CNC;SR;OK;TASK000014787055;Priority 3;OK
DBA;812;DBA;SR;OK;TASK000014787107;Priority 3;OK
DBA;812;DBA;SR;OK;TASK000014787108;Priority 3;OK
DBA;812;DBA;SR;OK;TASK000014787121;Priority 3;OK
DBA;812;DBA;SR;OK;TASK000014787397;Priority 3;OK
DBA;812;DBA;SR;OK;TASK000014787429;Priority 3;OK
SEC;EES;SEC;SR;OK;TASK000014787550;Priority 3;OK
SEC;BWI;SEC;SR;OK;TASK000014787560;Priority 3;OK
L1;ETH;CNC;SR;OK;TASK000014787695;Priority 4;OK
SEC;DXE;SEC;SR;OK;TASK000014787710;Priority 3;OK
DBA;812;DBA;SR;OK;TASK000014789151;Priority 3;OK
APS;ETH;APS;SR;OK;TASK000014789209;Priority 3;OK
DBA;812;DBA;SR;OK;TASK000014789295;Priority 3;OK
SEC;812;SEC;SR;OK;TASK000014789343;Priority 3;OK
SEC;812;SEC;SR;OK;TASK000014789369;Priority 3;OK
DBA;812;DBA;SR;OK;TASK000014789941;Priority 3;OK
DBA;812;DBA;SR;OK;TASK000014789954;Priority 3;OK
SEC;812;SEC;SR;OK;TASK000014790089;Priority 3;OK
DBA;812;DBA;SR;OK;TASK000014790108;Priority 3;OK
DBA;812;DBA;SR;OK;TASK000014790117;Priority 3;OK
DBA;812;DBA;SR;OK;TASK000014790262;Priority 3;OK
DBA;812;DBA;SR;OK;TASK000014790349;Priority 3;OK
CNC;812;CNC;SR;OK;TASK000014790551;Priority 3;OK
SEC;812;SEC;SR;OK;TASK000014790701;Priority 3;OK
DBA;812;DBA;SR;OK;TASK000014790754;Priority 3;OK
CNC;DPY;CNC;SR;OK;TASK000014790800;Priority 3;OK
SEC;DCF;SEC;SR;OK;TASK000014791034;Priority 4;OK
SEC;DCF;SEC;SR;OK;TASK000014791219;Priority 4;OK
DBA;812;DBA;SR;OK;TASK000014791362;Priority 3;OK
SEC;DCF;SEC;SR;OK;TASK000014791387;Priority 4;OK
DBA;812;DBA;SR;OK;TASK000014791530;Priority 3;OK
SEC;MNT;SEC;SR;OK;TASK000014792113;Priority 3;OK
SEC;ETH;SEC;SR;OK;TASK000014792383;Priority 3;OK
DBA;812;DBA;SR;OK;TASK000014792743;Priority 3;OK
DCF;DCF;FUN;INC;OK;TASK000014793543;Priority 3;OK
CNC;812;CNC;SR;OK;TASK000014794090;Priority 3;OK
SEC;812;SEC;SR;OK;TASK000014794411;Priority 3;OK
DBA;812;DBA;SR;OK;TASK000014794836;Priority 3;OK
DBA;812;DBA;SR;OK;TASK000014794842;Priority 3;OK
DXE;DXE;FUN;SR;OK;TASK000014794849;Priority 3;OK
SEC;DXE;SEC;SR;OK;TASK000014794850;Priority 3;OK
L1;812;MON;SR;OK;TASK000014795069;Priority 4;OK
CNC;BWI;CNC;SR;OK;TASK000014795202;Priority 3;OK
SEC;812;SEC;SR;OK;TASK000014795233;Priority 3;OK
DBA;812;DBA;SR;OK;TASK000014795729;Priority 3;OK
APS;DCF;APS;SR;OK;TASK000014795769;Priority 3;OK
DBA;812;DBA;SR;OK;TASK000014795838;Priority 3;OK
SEC;DCF;SEC;SR;OK;TASK000014796024;Priority 3;OK
APS;DCF;APS;SR;OK;TASK000014796088;Priority 3;OK
SEC;DCF;SEC;SR;OK;TASK000014796237;Priority 4;OK
DBA;812;DBA;SR;OK;TASK000014796439;Priority 3;OK
L1;BWI;L1 ;SR;OK;TASK000014796828;Priority 3;OK
DBA;812;DBA;SR;OK;TASK000014796944;Priority 3;OK
SEC;BWI;SEC;SR;OK;TASK000014797114;Priority 4;OK
SEC;DPY;SEC;SR;OK;TASK000014797664;Priority 3;OK
SEC;BWI;SEC;SR;OK;TASK000014797762;Priority 3;OK
SEC;BWI;SEC;SR;OK;TASK000014797790;Priority 4;OK
SEC;MNT;SEC;SR;OK;TASK000014797841;Priority 3;OK
SEC;SYN;SEC;SR;OK;TASK000014798107;Priority 3;OK
SEC;EES;SEC;SR;OK;TASK000014798142;Priority 3;OK
SEC;SYN;SEC;SR;OK;TASK000014798452;Priority 3;OK
APS;ETH;APS;SR;OK;TASK000014798677;Priority 3;OK
CNC;DXE;CNC;SR;OK;TASK000014798854;Priority 3;OK
SEC;DPY;SEC;SR;OK;TASK000014798890;Priority 3;OK
SEC;DPY;SEC;SR;OK;TASK000014798910;Priority 3;OK
CNC;812;CNC;SR;OK;TASK000014799266;Priority 3;OK
L1;BWI;L1 ;SR;OK;TASK000014799774;Priority 3;OK
CNC;BWI;L1 ;SR;OK;TASK000014799879;Priority 3;OK
812;812;FUN;SR;OK;TASK000014799885;Priority 3;OK
L1;BWI;L1 ;SR;OK;TASK000014800276;Priority 3;OK
CNC;812;CNC;SR;OK;TASK000014800629;Priority 3;OK
CNC;BWI;CNC;SR;OK;TASK000014800848;Priority 3;OK
CNC;812;MON;SR;OK;TASK000014801036;Priority 3;OK
SEC;SYN;SEC;SR;OK;TASK000014801423;Priority 3;OK
TEC;LAT;TEC;SR;OK;TASK000014801529;Priority 3;OK
L1;812;MON;SR;OK;TASK000014801588;Priority 3;OK
DBA;812;DBA;SR;OK;TASK000014801748;Priority 3;OK
SEC;MNT;SEC;SR;OK;TASK000014801979;Priority 3;OK
SEC;812;SEC;SR;OK;TASK000014802959;Priority 3;OK
SEC;ETH;SEC;SR;OK;TASK000014803203;Priority 3;OK
L1;BWI;L1 ;SR;OK;TASK000014803238;Priority 3;OK
APS;ETH;APS;SR;OK;TASK000014803465;Priority 3;OK
SEC;SYN;SEC;SR;OK;TASK000014803550;Priority 3;OK
SCH;BWI;SCH;SR;OK;TASK000014803753;Priority 3;OK
L1;BWI;L1 ;SR;OK;TASK000014803938;Priority 3;OK
L1;BWI;L1 ;SR;OK;TASK000014804242;Priority 3;OK
CNC;812;MON;SR;OK;TASK000014804989;Priority 3;OK
TEC;BWI;TEC;SR;OK;TASK000014806387;Priority 3;OK
DBA;812;DBA;SR;OK;TASK000014806484;Priority 3;OK
DBA;812;DBA;SR;OK;TASK000014806575;Priority 3;OK
SEC;812;SEC;SR;OK;TASK000014806901;Priority 3;OK
DBA;812;DBA;SR;OK;TASK000014806962;Priority 3;OK
APS;ETH;APS;SR;OK;TASK000014806966;Priority 3;OK
APS;ETH;APS;SR;OK;TASK000014807240;Priority 3;OK
SEC;ETH;SEC;SR;OK;TASK000014807369;Priority 3;OK
DBA;812;DBA;SR;OK;TASK000014807859;Priority 3;OK
SEC;SYN;SEC;SR;OK;TASK000014807968;Priority 3;OK
DBA;812;DBA;SR;OK;TASK000014808369;Priority 3;OK
DBA;812;DBA;SR;OK;TASK000014808385;Priority 3;OK
DBA;812;DBA;SR;OK;TASK000014808391;Priority 3;OK
APS;ETH;APS;SR;OK;TASK000014808609;Priority 3;OK
CNC;812;MON;SR;OK;TASK000014817955;Priority 3;OK
L1;812;MON;SR;OK;TASK000014819095;Priority 3;OK
L1;812;MON;SR;OK;TASK000014819253;Priority 3;OK
CNC;812;MON;SR;OK;TASK000014819481;Priority 3;OK
L1;DPY;CNC;SR;OK;TASK000014821213;Priority 3;OK
FUN;DXE;FUN;SR;Defect;TASK000014827123;Priority 4;OK
APS;ETH;APS;SR;OK;TASK000014827408;Priority 4;OK
SEC;ETH;SEC;SR;OK;TASK000014828070;Priority 4;OK
SEC;BWI;SEC;SR;Defect;TASK000014828189;Priority 4;OK
SEC;DCF;SEC;SR;OK;TASK000014828380;Priority 4;OK
SEC;ETH;SEC;SR;OK;TASK000014829020;Priority 4;OK
SEC;BWI;SEC;SR;Defect;TASK000014832360;Priority 4;OK
SEC;BWI;SEC;SR;OK;TASK000014832465;Priority 4;OK
APS;ETH;APS;SR;OK;TASK000014832772;Priority 4;OK
L1;BWI;L1 ;SR;OK;TASK000014833310;Priority 4;OK
APS;EES;APS;SR;OK;TASK000014833653;Priority 4;OK
SEC;DCF;SEC;SR;OK;TASK000014834586;Priority 4;OK
SEC;EMS;SEC;SR;OK;TASK000014834741;Priority 3;OK
DBA;812;DBA;SR;OK;TASK000014834821;Priority 3;OK
DBA;812;DBA;SR;OK;TASK000014834868;Priority 3;OK
CNC;812;CNC;SR;OK;TASK000014835031;Priority 3;OK
CNC;DCF;CNC;SR;OK;TASK000014835347;Priority 3;OK
DBA;812;DBA;SR;OK;TASK000014835386;Priority 3;OK
SEC;812;SEC;SR;OK;TASK000014835496;Priority 3;OK
DBA;812;DBA;SR;OK;TASK000014835513;Priority 3;OK
SEC;DCF;SEC;SR;OK;TASK000014835717;Priority 4;OK
SEC;BWI;SEC;SR;OK;TASK000014835744;Priority 4;OK
SEC;812;SEC;SR;OK;TASK000014835872;Priority 3;OK
SEC;BWI;SEC;SR;OK;TASK000014835944;Priority 4;OK
SEC;DCF;SEC;SR;OK;TASK000014835947;Priority 4;OK
DBA;812;DBA;SR;OK;TASK000014836171;Priority 3;OK
SEC;ETH;SEC;SR;OK;TASK000014836362;Priority 4;OK
DBA;812;DBA;SR;OK;TASK000014836427;Priority 3;OK
TEC;SYN;FUN;SR;OK;TASK000014836800;Priority 3;OK
SEC;SYN;SEC;SR;OK;TASK000014836918;Priority 3;OK
MNT;MNT;FUN;SR;OK;TASK000014836961;Priority 3;OK
APS;ETH;APS;SR;OK;TASK000014837208;Priority 3;OK
SEC;BWI;SEC;SR;OK;TASK000014837711;Priority 4;OK
SEC;DCF;SEC;SR;Defect;TASK000014837774;Priority 4;OK
SEC;BWI;SEC;SR;OK;TASK000014837857;Priority 4;OK
SEC;ETH;SEC;SR;OK;TASK000014837927;Priority 3;OK
SEC;BWI;SEC;SR;OK;TASK000014837929;Priority 4;OK
DBA;812;DBA;SR;OK;TASK000014838235;Priority 3;OK
SEC;BWI;SEC;SR;OK;TASK000014838296;Priority 4;OK
SEC;812;SEC;SR;OK;TASK000014839052;Priority 3;OK
SEC;DCF;SEC;SR;OK;TASK000014839214;Priority 4;OK
SEC;812;SEC;SR;OK;TASK000014839275;Priority 3;OK
SEC;812;SEC;SR;OK;TASK000014839277;Priority 3;OK
SEC;812;SEC;SR;OK;TASK000014839279;Priority 3;OK
DBA;812;DBA;SR;OK;TASK000014839695;Priority 3;OK
FUN;DXE;FUN;SR;Defect;TASK000014839854;Priority 4;OK
TEC;LAT;TEC;SR;OK;TASK000014840008;Priority 3;OK
SEC;812;SEC;SR;OK;TASK000014840113;Priority 3;OK
DCF;DCF;FUN;SR;OK;TASK000014840198;Priority 3;OK
L1;812;MON;SR;OK;TASK000014840203;Priority 4;OK
FUN;EES;FUN;SR;OK;TASK000014840301;Priority 4;OK
DBA;812;DBA;SR;OK;TASK000014840312;Priority 3;OK
L1;BWI;L1 ;SR;OK;TASK000014840410;Priority 4;OK
APS;ETH;APS;SR;OK;TASK000014840893;Priority 3;OK
APS;ETH;APS;SR;OK;TASK000014841139;Priority 3;OK
APS;ETH;APS;SR;OK;TASK000014841323;Priority 4;OK
SEC;BWI;SEC;SR;OK;TASK000014841494;Priority 3;OK
SEC;SYN;SEC;SR;Defect;TASK000014841760;Priority 3;OK
L1;ETH;CNC;SR;OK;TASK000014841930;Priority 3;OK
MNT;MNT;FUN;INC;OK;TASK000014841956;Priority 4;OK
TEC;ETH;FUN;SR;OK;TASK000014842156;Priority 4;OK
CNC;BWI;CNC;SR;Defect;TASK000014842167;Priority 3;OK
APS;EES;APS;SR;OK;TASK000014842228;Priority 4;OK
SEC;MNT;SEC;SR;OK;TASK000014842261;Priority 4;OK
CNC;812;CNC;SR;OK;TASK000014842323;Priority 3;OK
SEC;MNT;SEC;SR;OK;TASK000014842734;Priority 4;OK
SEC;DCF;SEC;SR;OK;TASK000014843807;Priority 4;OK
DBA;812;DBA;SR;OK;TASK000014844159;Priority 3;OK
DBA;812;DBA;SR;OK;TASK000014844412;Priority 3;OK
APS;ETH;APS;SR;OK;TASK000014844514;Priority 4;OK
SEC;EMS;SEC;SR;OK;TASK000014844786;Priority 3;OK
DBA;812;DBA;SR;Defect;TASK000014844914;Priority 3;OK
APS;ETH;APS;SR;OK;TASK000014845635;Priority 3;OK
TEC;LAT;TEC;SR;OK;TASK000014845832;Priority 3;OK
DBA;812;DBA;SR;OK;TASK000014845895;Priority 3;OK
SEC;812;SEC;SR;OK;TASK000014845898;Priority 3;OK
SEC;812;SEC;SR;OK;TASK000014846157;Priority 3;OK
DBA;812;DBA;SR;OK;TASK000014846252;Priority 3;OK
SEC;MNT;SEC;SR;OK;TASK000014846412;Priority 4;OK
SEC;DXE;SEC;SR;OK;TASK000014846539;Priority 3;OK
SEC;812;SEC;SR;OK;TASK000014846780;Priority 3;OK
SEC;EES;SEC;SR;Defect;TASK000014846976;Priority 3;OK
SEC;SYN;SEC;SR;Defect;TASK000014847483;Priority 3;OK
SEC;BWI;SEC;SR;OK;TASK000014847536;Priority 3;OK
SEC;EES;SEC;SR;OK;TASK000014847620;Priority 3;OK
FIN;812;FUN;SR;Defect;TASK000014847764;Priority 3;OK
SEC;SYN;SEC;SR;OK;TASK000014847914;Priority 3;OK
SEC;DXE;SEC;SR;OK;TASK000014848061;Priority 3;OK
TEC;SYN;FUN;SR;OK;TASK000014848164;Priority 3;OK
SEC;SYN;SEC;SR;OK;TASK000014848174;Priority 3;OK
SEC;MNT;SEC;SR;OK;TASK000014848402;Priority 4;OK
APS;EES;APS;SR;OK;TASK000014848639;Priority 3;OK
DBA;812;DBA;SR;OK;TASK000014848771;Priority 3;OK
DBA;812;DBA;SR;OK;TASK000014848795;Priority 3;OK
SEC;SYN;SEC;SR;OK;TASK000014849041;Priority 3;OK
SEC;ETH;SEC;SR;OK;TASK000014849331;Priority 3;OK
FUN;812;FUN;INC;OK;TASK000014850078;Priority 3;OK
SEC;812;SEC;SR;OK;TASK000014850091;Priority 3;OK
APS;ETH;APS;SR;OK;TASK000014850406;Priority 3;OK
FUN;812;FUN;SR;Defect;TASK000014850464;Priority 4;OK
L1;812;MON;SR;OK;TASK000014850939;Priority 3;OK
SEC;SYN;SEC;SR;Defect;TASK000014851041;Priority 4;OK
SEC;812;SEC;SR;OK;TASK000014851063;Priority 3;OK
DBA;812;DBA;SR;OK;TASK000014851302;Priority 3;OK
SEC;ETH;SEC;SR;OK;TASK000014851332;Priority 3;OK
CNC;812;CNC;SR;OK;TASK000014851417;Priority 3;OK
SEC;ETH;SEC;SR;OK;TASK000014851534;Priority 4;OK
SEC;EES;SEC;SR;OK;TASK000014851635;Priority 4;OK
SEC;ETH;SEC;SR;OK;TASK000014851715;Priority 3;OK
SEC;MNT;SEC;SR;OK;TASK000014852202;Priority 3;OK
DBA;812;DBA;SR;OK;TASK000014852302;Priority 3;OK
TEC;ETH;FUN;SR;OK;TASK000014852511;Priority 4;OK
TEC;DCF;TEC;SR;OK;TASK000014852743;Priority 3;OK
SEC;812;SEC;SR;OK;TASK000014852911;Priority 3;OK
SEC;ETH;SEC;SR;OK;TASK000014852976;Priority 3;OK
SCH;LAT;SCH;SR;OK;TASK000014853193;Priority 3;OK
SEC;SYN;SEC;SR;Defect;TASK000014853685;Priority 3;OK
SEC;MNT;SEC;SR;OK;TASK000014853881;Priority 4;OK
APS;EES;APS;SR;OK;TASK000014854188;Priority 4;OK
FUN;ETH;FUN;SR;OK;TASK000014854252;Priority 3;OK
SEC;812;SEC;SR;OK;TASK000014854777;Priority 3;OK
APS;ETH;APS;SR;OK;TASK000014854810;Priority 3;OK
L1;812;MON;SR;OK;TASK000014855127;Priority 3;OK
APS;ETH;APS;SR;OK;TASK000014855166;Priority 3;OK
SEC;SYN;SEC;SR;Defect;TASK000014855167;Priority 3;OK
SEC;SYN;SEC;SR;Defect;TASK000014855180;Priority 3;OK
DBA;812;DBA;SR;OK;TASK000014855384;Priority 3;OK
SEC;SYN;SEC;SR;OK;TASK000014855652;Priority 3;OK
SEC;EMS;SEC;SR;Defect;TASK000014855658;Priority 3;OK
SEC;EMS;SEC;SR;Defect;TASK000014855660;Priority 3;OK
SEC;EMS;SEC;SR;Defect;TASK000014855678;Priority 3;OK
FUN;812;FUN;SR;OK;TASK000014856064;Priority 3;OK
SEC;812;SEC;SR;OK;TASK000014856603;Priority 3;OK
SEC;EMS;SEC;SR;Defect;TASK000014856727;Priority 3;OK
FUN;812;FUN;SR;Defect;TASK000014856923;Priority 4;OK
APS;ETH;APS;SR;OK;TASK000014857029;Priority 3;OK
SEC;SYN;SEC;SR;OK;TASK000014857052;Priority 3;OK
DBA;812;DBA;SR;OK;TASK000014857068;Priority 3;OK
APS;ETH;APS;SR;OK;TASK000014857139;Priority 3;OK
FUN;ETH;FUN;SR;OK;TASK000014857194;Priority 3;OK
SEC;SYN;SEC;SR;OK;TASK000014857301;Priority 3;OK
APS;ETH;APS;SR;OK;TASK000014857319;Priority 3;OK
SEC;BWI;SEC;SR;OK;TASK000014857619;Priority 4;OK
APS;ETH;APS;SR;OK;TASK000014857634;Priority 3;OK
SEC;BWI;SEC;SR;OK;TASK000014857729;Priority 4;OK
APS;ETH;APS;SR;OK;TASK000014857770;Priority 3;OK
DBA;812;DBA;SR;OK;TASK000014857776;Priority 3;OK
APS;ETH;APS;SR;OK;TASK000014857885;Priority 3;OK
L1;ETH;CNC;SR;Defect;TASK000014858012;Priority 3;OK
SEC;DCF;SEC;SR;OK;TASK000014858048;Priority 4;OK
SEC;MNT;SEC;SR;OK;TASK000014858277;Priority 4;OK
SEC;812;SEC;SR;OK;TASK000014858386;Priority 3;OK
SEC;SYN;SEC;SR;Defect;TASK000014858460;Priority 3;OK
TEC;SYN;FUN;SR;OK;TASK000014858486;Priority 3;OK
TEC;SYN;FUN;SR;OK;TASK000014858491;Priority 3;OK
TEC;SYN;FUN;SR;OK;TASK000014858492;Priority 3;OK
TEC;SYN;FUN;SR;OK;TASK000014858501;Priority 3;OK
SEC;MNT;SEC;SR;OK;TASK000014858502;Priority 4;OK
SCH;LAT;SCH;SR;OK;TASK000014858561;Priority 3;OK
TEC;SYN;FUN;SR;OK;TASK000014858569;Priority 3;OK
TEC;SYN;FUN;SR;OK;TASK000014858571;Priority 3;OK
TEC;SYN;FUN;SR;OK;TASK000014858574;Priority 3;OK
TEC;SYN;FUN;SR;OK;TASK000014858575;Priority 3;OK
TEC;SYN;FUN;SR;OK;TASK000014858576;Priority 3;OK
SEC;SYN;SEC;SR;OK;TASK000014858580;Priority 3;OK
SEC;SYN;SEC;SR;Defect;TASK000014858591;Priority 3;OK
APS;EES;APS;SR;OK;TASK000014858723;Priority 4;OK
APS;EES;APS;SR;OK;TASK000014859016;Priority 4;OK
SEC;MNT;SEC;SR;OK;TASK000014859135;Priority 4;OK
SEC;MNT;SEC;SR;OK;TASK000014859219;Priority 4;OK
SEC;ETH;SEC;SR;OK;TASK000014859373;Priority 4;OK
SEC;MNT;SEC;SR;OK;TASK000014859386;Priority 4;OK
APS;ETH;APS;SR;OK;TASK000014860499;Priority 3;OK
L1;812;MON;SR;OK;TASK000014860651;Priority 3;OK
SEC;812;SEC;SR;OK;TASK000014860811;Priority 3;OK
SEC;812;SEC;SR;OK;TASK000014860831;Priority 3;OK
DCF;DCF;FUN;SR;OK;TASK000014861147;Priority 4;OK
CNC;812;CNC;SR;OK;TASK000014861355;Priority 3;OK
FIN;812;FUN;SR;OK;TASK000014861557;Priority 3;OK
SEC;812;SEC;SR;OK;TASK000014861575;Priority 3;OK
SEC;ETH;SEC;SR;OK;TASK000014861789;Priority 3;OK
SEC;EMS;SEC;SR;Defect;TASK000014861810;Priority 3;OK
TEC;BWI;TEC;SR;Defect;TASK000014861876;Priority 3;OK
SEC;SYN;SEC;SR;OK;TASK000014862006;Priority 3;OK
SEC;812;SEC;SR;OK;TASK000014862032;Priority 3;OK
SEC;DCF;SEC;SR;OK;TASK000014862579;Priority 4;OK
APS;EES;APS;SR;OK;TASK000014862582;Priority 4;OK
APS;EES;APS;SR;OK;TASK000014862636;Priority 4;OK
APS;DCF;APS;SR;OK;TASK000014862654;Priority 3;OK
SEC;SYN;SEC;SR;OK;TASK000014863015;Priority 3;OK
SEC;BWI;SEC;SR;OK;TASK000014863418;Priority 4;OK
SEC;EMS;SEC;SR;OK;TASK000014863731;Priority 3;OK
SEC;EES;SEC;SR;OK;TASK000014863833;Priority 4;OK
None;BWI;CNC;SR;OK;TASK000014863890;Priority 3;OK
SEC;BWI;SEC;SR;OK;TASK000014863919;Priority 4;OK
SEC;DCF;SEC;SR;OK;TASK000014863949;Priority 4;OK
SEC;BWI;SEC;SR;OK;TASK000014863958;Priority 4;OK
SEC;ETH;SEC;SR;OK;TASK000014864024;Priority 3;OK
MNT;MNT;FUN;SR;OK;TASK000014864121;Priority 4;OK
DBA;812;DBA;SR;OK;TASK000014864927;Priority 3;OK
DCF;DCF;FUN;SR;OK;TASK000014865008;Priority 3;OK
SEC;SYN;SEC;SR;Defect;TASK000014865299;Priority 3;OK
SEC;812;SEC;SR;OK;TASK000014865344;Priority 3;OK
SEC;DCF;SEC;SR;OK;TASK000014865356;Priority 4;OK
SEC;DXE;SEC;SR;OK;TASK000014865397;Priority 3;OK
APS;DCF;APS;SR;OK;TASK000014865811;Priority 4;OK
TEC;LAT;TEC;SR;OK;TASK000014865984;Priority 3;OK
FUN;812;FUN;SR;Defect;TASK000014866491;Priority 3;OK
SEC;BWI;SEC;SR;Defect;TASK000014866569;Priority 4;OK
SEC;DCF;SEC;SR;OK;TASK000014866596;Priority 4;OK
SEC;MNT;SEC;SR;OK;TASK000014866629;Priority 3;OK
SEC;ETH;SEC;SR;OK;TASK000014866890;Priority 3;OK
SEC;DCF;SEC;SR;OK;TASK000014867073;Priority 4;OK
SEC;BWI;SEC;SR;OK;TASK000014867119;Priority 4;OK
CNC;LAT;CNC;SR;OK;TASK000014867225;Priority 3;OK
SEC;EES;SEC;SR;OK;TASK000014867314;Priority 4;OK
APS;ETH;APS;SR;OK;TASK000014867375;Priority 3;OK
SEC;BWI;SEC;SR;OK;TASK000014867474;Priority 4;OK
FUN;COR;FUN;SR;OK;TASK000014867601;Priority 3;OK
SEC;SYN;SEC;SR;Defect;TASK000014867629;Priority 3;OK
SEC;ETH;SEC;SR;OK;TASK000014867721;Priority 3;OK
TEC;DCF;TEC;SR;OK;TASK000014867848;Priority 3;OK
CNC;LAT;CNC;SR;OK;TASK000014867867;Priority 4;OK
APS;EES;APS;SR;OK;TASK000014867976;Priority 3;OK
SEC;BWI;SEC;SR;OK;TASK000014867994;Priority 3;OK
SEC;SYN;SEC;SR;Defect;TASK000014868164;Priority 3;OK
SEC;ETH;SEC;SR;OK;TASK000014868168;Priority 3;OK
CNC;BWI;L1 ;SR;OK;TASK000014868219;Priority 3;OK
SEC;812;SEC;SR;OK;TASK000014868628;Priority 3;OK
SEC;DCF;SEC;SR;OK;TASK000014868731;Priority 4;OK
FUN;812;FUN;SR;OK;TASK000014870025;Priority 3;OK
SEC;812;SEC;SR;OK;TASK000014870332;Priority 3;OK
SEC;812;SEC;SR;OK;TASK000014870517;Priority 3;OK
SEC;812;SEC;SR;OK;TASK000014870663;Priority 3;OK
SEC;812;SEC;SR;OK;TASK000014870907;Priority 3;OK
APS;ETH;APS;SR;OK;TASK000014871099;Priority 3;OK
SEC;812;SEC;SR;OK;TASK000014871160;Priority 3;OK
FIN;812;INS;SR;OK;TASK000014871316;Priority 4;OK
None;LAT;TEC;SR;OK;TASK000014871429;Priority 3;OK
SEC;812;SEC;SR;OK;TASK000014871481;Priority 3;OK
SEC;BWI;SEC;SR;OK;TASK000014871576;Priority 4;OK
DBA;812;DBA;SR;Defect;TASK000014871617;Priority 3;OK
CNC;812;CNC;SR;OK;TASK000014871899;Priority 3;OK
SEC;SYN;SEC;SR;OK;TASK000014871910;Priority 3;OK
FUN;COR;FUN;SR;OK;TASK000014872075;Priority 4;OK
DBA;812;DBA;SR;OK;TASK000014872098;Priority 3;OK
FUN;COR;FUN;SR;OK;TASK000014872215;Priority 4;OK
SEC;812;SEC;SR;OK;TASK000014872351;Priority 3;OK
SEC;SYN;SEC;SR;OK;TASK000014872410;Priority 3;OK
DBA;812;DBA;SR;OK;TASK000014872480;Priority 3;OK
SEC;812;SEC;SR;OK;TASK000014872745;Priority 3;OK
SEC;SYN;SEC;SR;OK;TASK000014872817;Priority 3;OK
SEC;ETH;SEC;SR;OK;TASK000014872846;Priority 3;OK
None;BWI;CNC;SR;OK;TASK000014873120;Priority 3;OK
SEC;DPY;SEC;SR;OK;TASK000014873174;Priority 4;OK
DBA;812;DBA;SR;OK;TASK000014873317;Priority 3;OK
SEC;BWI;SEC;SR;OK;TASK000014873336;Priority 3;OK
SEC;SYN;SEC;SR;OK;TASK000014873534;Priority 3;OK
TEC;DCF;TEC;SR;OK;TASK000014873671;Priority 3;OK
SEC;ETH;SEC;SR;OK;TASK000014873768;Priority 3;OK
CNC;BWI;L1 ;SR;OK;TASK000014873897;Priority 3;OK
SEC;BWI;SEC;SR;OK;TASK000014873938;Priority 3;OK
SEC;MNT;SEC;SR;OK;TASK000014874117;Priority 4;OK
L1;BWI;L1 ;SR;OK;TASK000014874203;Priority 3;OK
SEC;EES;SEC;SR;Defect;TASK000014874303;Priority 3;OK
SEC;ETH;SEC;SR;OK;TASK000014874405;Priority 3;OK
CNC;ETH;CNC;SR;OK;TASK000014874738;Priority 3;OK
SEC;DCF;SEC;SR;OK;TASK000014875125;Priority 4;OK
DBA;812;DBA;SR;OK;TASK000014875133;Priority 3;OK
SEC;DCF;SEC;SR;OK;TASK000014875355;Priority 4;OK
SEC;DCF;SEC;SR;OK;TASK000014875388;Priority 4;OK
SEC;812;SEC;SR;OK;TASK000014875724;Priority 3;OK
DBA;812;DBA;SR;OK;TASK000014875826;Priority 3;OK
CNC;DPY;CNC;SR;OK;TASK000014875991;Priority 3;OK
CNC;DPY;CNC;SR;OK;TASK000014876024;Priority 3;OK
CNC;812;CNC;SR;OK;TASK000014876075;Priority 3;OK
FIN;812;INS;SR;OK;TASK000014876095;Priority 4;OK
SEC;812;SEC;SR;OK;TASK000014876136;Priority 3;OK
SEC;812;SEC;SR;OK;TASK000014876166;Priority 3;OK
L1;812;MON;SR;OK;TASK000014876174;Priority 3;OK
SEC;812;SEC;SR;OK;TASK000014876315;Priority 3;OK
SEC;812;SEC;SR;OK;TASK000014876413;Priority 3;OK
SEC;812;SEC;SR;OK;TASK000014876593;Priority 3;OK
None;BWI;TEC;SR;OK;TASK000014876765;Priority 3;OK
SCH;LAT;SCH;SR;OK;TASK000014876813;Priority 3;OK
SEC;ETH;SEC;SR;OK;TASK000014876819;Priority 3;OK
FUN;812;FUN;SR;OK;TASK000014876972;Priority 3;OK
DBA;812;DBA;SR;OK;TASK000014877131;Priority 3;OK
SEC;812;SEC;SR;OK;TASK000014877157;Priority 3;OK
DBA;812;DBA;SR;OK;TASK000014877298;Priority 3;OK
SEC;SYN;SEC;SR;OK;TASK000014877304;Priority 3;OK
DCF;DCF;FUN;SR;OK;TASK000014877383;Priority 3;OK
L1;EES;CNC;SR;OK;TASK000014877512;Priority 4;OK
APS;ETH;APS;SR;OK;TASK000014877731;Priority 3;OK
DBA;812;DBA;SR;OK;TASK000014878285;Priority 3;OK
SEC;MNT;SEC;SR;OK;TASK000014878334;Priority 4;OK
CNC;BWI;CNC;SR;OK;TASK000014878486;Priority 3;OK
CNC;BWI;L1 ;SR;OK;TASK000014878524;Priority 3;OK
DCF;DCF;FUN;SR;OK;TASK000014878691;Priority 3;OK
SEC;ETH;SEC;SR;OK;TASK000014878837;Priority 3;OK
SEC;SYN;SEC;SR;Defect;TASK000014878870;Priority 3;OK
APS;ETH;APS;SR;OK;TASK000014878966;Priority 4;OK
SEC;MNT;SEC;SR;OK;TASK000014879256;Priority 4;OK
None;BWI;CNC;SR;OK;TASK000014879266;Priority 3;OK
L1;BWI;L1 ;SR;OK;TASK000014879569;Priority 3;OK
SEC;ETH;SEC;SR;OK;TASK000014879571;Priority 4;OK
APS;EES;APS;SR;OK;TASK000014879671;Priority 4;OK
SEC;MNT;SEC;SR;OK;TASK000014879685;Priority 4;OK
APS;EES;APS;SR;OK;TASK000014879687;Priority 4;OK
SEC;ETH;SEC;SR;Defect;TASK000014879785;Priority 3;OK
SEC;ETH;SEC;SR;OK;TASK000014879858;Priority 4;OK
SEC;812;SEC;SR;OK;TASK000014879962;Priority 3;OK
SEC;WS;SEC;SR;OK;TASK000014880239;Priority 3;OK
SEC;DCF;SEC;SR;OK;TASK000014880571;Priority 4;OK
APS;ETH;APS;SR;OK;TASK000014880660;Priority 3;OK
APS;ETH;APS;SR;OK;TASK000014881118;Priority 3;OK
APS;ETH;APS;SR;OK;TASK000014881655;Priority 3;OK
None;BWI;TEC;SR;OK;TASK000014881682;Priority 3;OK
L1;ETH;CNC;SR;OK;TASK000014881964;Priority 3;OK
APS;ETH;APS;SR;OK;TASK000014881965;Priority 3;OK
SEC;ETH;SEC;SR;OK;TASK000014881991;Priority 3;OK
APS;ETH;APS;SR;OK;TASK000014882457;Priority 3;OK
APS;ETH;APS;SR;OK;TASK000014882483;Priority 3;OK
SEC;EMS;SEC;SR;OK;TASK000014882615;Priority 3;OK
SEC;812;SEC;SR;OK;TASK000014882632;Priority 3;OK
SEC;812;SEC;SR;OK;TASK000014882771;Priority 3;OK
CNC;BWI;L1 ;SR;OK;TASK000014882907;Priority 3;OK
SEC;DPY;SEC;SR;OK;TASK000014883171;Priority 4;OK
None;BWI;CNC;SR;OK;TASK000014883430;Priority 3;OK
APS;ETH;APS;SR;OK;TASK000014883860;Priority 3;OK
SEC;DCF;SEC;SR;OK;TASK000014883868;Priority 4;OK
SEC;DPY;SEC;SR;OK;TASK000014883894;Priority 4;OK
SEC;DCF;SEC;SR;OK;TASK000014883902;Priority 4;OK
SEC;DCF;SEC;SR;OK;TASK000014883919;Priority 4;OK
SEC;DCF;SEC;SR;OK;TASK000014883953;Priority 4;OK
DBA;812;DBA;SR;OK;TASK000014883958;Priority 3;OK
SEC;DCF;SEC;SR;OK;TASK000014883968;Priority 4;OK
SEC;DCF;SEC;SR;OK;TASK000014883985;Priority 4;OK
DBA;812;DBA;SR;OK;TASK000014884005;Priority 3;OK
DBA;812;DBA;SR;OK;TASK000014884034;Priority 3;OK
SEC;SYN;SEC;SR;OK;TASK000014884819;Priority 3;OK
L1;SYN;FUN;SR;Defect;TASK000014885062;Priority 3;OK
DBA;812;DBA;SR;OK;TASK000014885409;Priority 3;OK
FUN;DXE;FUN;SR;OK;TASK000014885810;Priority 3;OK
FUN;DXE;FUN;SR;Defect;TASK000014886107;Priority 4;OK
SEC;DCF;SEC;SR;OK;TASK000014886199;Priority 4;OK
SCH;812;SCH;SR;OK;TASK000014886234;Priority 3;OK
FUN;ETH;FUN;SR;OK;TASK000014886241;Priority 3;OK
SEC;DXE;SEC;SR;OK;TASK000014886292;Priority 3;OK
FUN;812;FUN;SR;OK;TASK000014886437;Priority 3;OK
SEC;EMS;SEC;SR;OK;TASK000014886443;Priority 3;OK
APS;ETH;APS;SR;OK;TASK000014886642;Priority 3;OK
SEC;MNT;SEC;SR;OK;TASK000014886681;Priority 4;OK
CNC;812;CNC;SR;Defect;TASK000014886705;Priority 3;OK
L1;812;MON;SR;OK;TASK000014886753;Priority 3;OK
APS;ETH;APS;SR;OK;TASK000014886780;Priority 3;OK
SEC;SYN;SEC;SR;Defect;TASK000014886904;Priority 3;OK
SEC;DXE;SEC;SR;OK;TASK000014886917;Priority 3;OK
SEC;DXE;SEC;SR;OK;TASK000014886948;Priority 3;OK
SEC;812;SEC;SR;OK;TASK000014887032;Priority 3;OK
None;LAT;TEC;SR;OK;TASK000014887044;Priority 3;OK
SEC;812;SEC;SR;OK;TASK000014887048;Priority 3;OK
None;BWI;TEC;SR;OK;TASK000014887054;Priority 3;OK
SEC;812;SEC;SR;OK;TASK000014887122;Priority 3;OK
APS;ETH;APS;SR;OK;TASK000014887249;Priority 3;OK
SEC;SYN;SEC;SR;Defect;TASK000014887710;Priority 3;OK
SEC;SYN;SEC;SR;Defect;TASK000014887826;Priority 3;OK
APS;ETH;APS;SR;OK;TASK000014887885;Priority 3;OK
L1;812;MON;SR;OK;TASK000014887909;Priority 3;OK
SEC;DCF;SEC;SR;OK;TASK000014887962;Priority 4;OK
SEC;LAT;SEC;SR;OK;TASK000014888211;Priority 3;OK
APS;EES;APS;SR;OK;TASK000014888237;Priority 4;OK
FUN;EMS;FUN;SR;OK;TASK000014888435;Priority 4;OK
APS;ETH;APS;SR;OK;TASK000014888696;Priority 3;OK
APS;ETH;APS;SR;OK;TASK000014888858;Priority 3;OK
SEC;812;SEC;SR;OK;TASK000014889838;Priority 3;OK
SEC;812;SEC;SR;OK;TASK000014890301;Priority 3;OK
SEC;EMS;SEC;SR;OK;TASK000014890500;Priority 3;OK
CNC;812;CNC;SR;OK;TASK000014890637;Priority 3;OK
FUN;812;FUN;SR;OK;TASK000014890689;Priority 3;OK
SEC;EMS;SEC;SR;OK;TASK000014890764;Priority 3;OK
SEC;DCF;SEC;SR;OK;TASK000014890799;Priority 4;OK
L1;812;MON;SR;OK;TASK000014890859;Priority 3;OK
SEC;812;SEC;SR;OK;TASK000014890943;Priority 3;OK
APS;ETH;APS;SR;OK;TASK000014890991;Priority 3;OK
APS;ETH;APS;SR;OK;TASK000014891022;Priority 3;OK
TEC;LAT;TEC;SR;OK;TASK000014891209;Priority 3;OK
DBA;812;DBA;SR;OK;TASK000014891314;Priority 3;OK
SEC;DCF;SEC;SR;OK;TASK000014891322;Priority 4;OK
DBA;812;DBA;SR;OK;TASK000014891449;Priority 3;OK
DBA;812;DBA;SR;OK;TASK000014891498;Priority 3;OK
DBA;812;DBA;SR;OK;TASK000014891501;Priority 3;OK
FUN;812;FUN;SR;OK;TASK000014891612;Priority 3;OK
SEC;BWI;SEC;SR;OK;TASK000014891616;Priority 3;OK
SEC;812;SEC;SR;OK;TASK000014891723;Priority 3;OK
SEC;DXE;SEC;SR;OK;TASK000014891777;Priority 3;OK
SEC;MNT;SEC;SR;OK;TASK000014891859;Priority 4;OK
CNC;812;CNC;SR;OK;TASK000014891929;Priority 3;OK
SEC;EMS;SEC;SR;OK;TASK000014891958;Priority 3;OK
SEC;DCF;SEC;SR;OK;TASK000014892117;Priority 4;OK
SEC;SYN;SEC;SR;Defect;TASK000014892327;Priority 3;OK
SEC;812;SEC;SR;OK;TASK000014892655;Priority 3;OK
SEC;DCF;SEC;SR;OK;TASK000014892680;Priority 4;OK
SEC;DCF;SEC;SR;OK;TASK000014892702;Priority 4;OK
SEC;DCF;SEC;SR;OK;TASK000014892730;Priority 4;OK
SEC;DCF;SEC;SR;OK;TASK000014892772;Priority 3;OK
SEC;812;SEC;SR;OK;TASK000014893189;Priority 3;OK
SEC;MNT;SEC;SR;OK;TASK000014893320;Priority 4;OK
SEC;SYN;SEC;SR;Defect;TASK000014893418;Priority 3;OK
SEC;812;SEC;SR;OK;TASK000014895718;Priority 3;OK
CNC;812;CNC;SR;OK;TASK000014896245;Priority 3;OK
SCH;812;SCH;SR;OK;TASK000014896269;Priority 3;OK
DBA;812;DBA;SR;Defect;TASK000014896451;Priority 3;OK
TEC;DCF;TEC;SR;OK;TASK000014896716;Priority 3;OK
SEC;DXE;SEC;SR;OK;TASK000014896916;Priority 3;OK
TEC;BWI;TEC;SR;OK;TASK000014896917;Priority 3;OK
TEC;DCF;TEC;SR;OK;TASK000014897007;Priority 3;OK
SEC;DPY;SEC;SR;OK;TASK000014897091;Priority 4;OK
SEC;SYN;SEC;SR;OK;TASK000014897190;Priority 3;OK
SEC;LAT;SEC;SR;OK;TASK000014897296;Priority 4;OK
DBA;812;DBA;SR;OK;TASK000014897753;Priority 3;OK
APS;ETH;APS;SR;OK;TASK000014897865;Priority 4;OK
SEC;BWI;SEC;SR;Defect;TASK000014897866;Priority 4;OK
SEC;812;SEC;SR;OK;TASK000014898092;Priority 4;OK
APS;ETH;APS;SR;OK;TASK000014898366;Priority 4;OK
FUN;ETH;FUN;SR;OK;TASK000014898847;Priority 3;OK
L1;BWI;L1 ;SR;OK;TASK000014899167;Priority 4;OK
L1;BWI;L1 ;SR;OK;TASK000014899176;Priority 4;OK
SEC;DCF;SEC;SR;OK;TASK000014899355;Priority 4;OK
SEC;812;SEC;SR;OK;TASK000014899937;Priority 4;OK
SEC;812;SEC;SR;OK;TASK000014900050;Priority 3;OK
FIN;812;FUN;SR;Defect;TASK000014900187;Priority 4;OK
L1;812;MON;SR;OK;TASK000014900321;Priority 3;OK
FUN;DXE;FUN;SR;Defect;TASK000014900618;Priority 3;OK
SEC;MNT;SEC;SR;OK;TASK000014900643;Priority 4;OK
SEC;WS;SEC;SR;OK;TASK000014900799;Priority 3;OK
FUN;ETH;FUN;SR;OK;TASK000014901413;Priority 3;OK
SEC;DXE;SEC;SR;OK;TASK000014901418;Priority 3;OK
SEC;SYN;SEC;SR;OK;TASK000014901506;Priority 3;OK
SCH;812;SCH;SR;OK;TASK000014901538;Priority 3;OK
SEC;ETH;SEC;SR;OK;TASK000014901811;Priority 4;OK
SEC;SYN;SEC;SR;OK;TASK000014901988;Priority 3;OK
None;DPY;CNC;SR;OK;TASK000014902437;Priority 3;OK
SEC;SYN;SEC;SR;OK;TASK000014902769;Priority 3;OK
APS;ETH;APS;SR;OK;TASK000014902940;Priority 3;OK
SEC;SYN;SEC;SR;OK;TASK000014902974;Priority 3;OK
SEC;ETH;SEC;SR;OK;TASK000014903360;Priority 4;OK
FUN;COR;FUN;SR;OK;TASK000014904049;Priority 3;OK
SEC;DCF;SEC;SR;OK;TASK000014904155;Priority 4;OK
L1;812;MON;SR;OK;TASK000014904238;Priority 3;OK
SEC;BWI;SEC;SR;OK;TASK000014904532;Priority 4;OK
SEC;EMS;SEC;SR;OK;TASK000014904622;Priority 3;OK
FUN;812;FUN;SR;OK;TASK000014904652;Priority 4;OK
DBA;812;DBA;SR;OK;TASK000014904701;Priority 3;OK
FUN;DXE;FUN;SR;OK;TASK000014905167;Priority 4;OK
SEC;812;SEC;SR;OK;TASK000014905356;Priority 3;OK
FUN;812;FUN;SR;OK;TASK000014905384;Priority 3;OK
CNC;812;CNC;SR;Defect;TASK000014905407;Priority 3;OK
SEC;SYN;SEC;SR;OK;TASK000014905549;Priority 3;OK
SEC;SYN;SEC;SR;OK;TASK000014905566;Priority 3;OK
CNC;812;CNC;SR;OK;TASK000014905570;Priority 3;OK
FUN;EES;FUN;SR;OK;TASK000014905588;Priority 4;OK
None;BWI;TEC;SR;OK;TASK000014905731;Priority 3;OK
CNC;812;CNC;SR;OK;TASK000014905778;Priority 3;OK
DBA;812;DBA;SR;OK;TASK000014906263;Priority 3;OK
FUN;ETH;FUN;SR;OK;TASK000014906412;Priority 4;OK
SCH;812;SCH;SR;Defect;TASK000014906467;Priority 3;OK
SEC;DXE;SEC;SR;OK;TASK000014906840;Priority 4;OK
SEC;ETH;SEC;SR;OK;TASK000014906915;Priority 4;OK
SEC;MNT;SEC;SR;OK;TASK000014907231;Priority 4;OK
APS;ETH;APS;SR;OK;TASK000014907232;Priority 4;OK
CNC;ETH;L1 ;SR;OK;TASK000014907233;Priority 3;OK
APS;ETH;APS;SR;OK;TASK000014907541;Priority 3;OK
CNC;BWI;CNC;SR;OK;TASK000014907619;Priority 3;OK
SEC;DCF;SEC;SR;OK;TASK000014907621;Priority 4;OK
FUN;812;FUN;SR;OK;TASK000014907785;Priority 3;OK
FUN;MNT;FUN;SR;OK;TASK000014908177;Priority 4;OK
SEC;ETH;SEC;SR;OK;TASK000014908387;Priority 4;OK
SEC;812;SEC;SR;OK;TASK000014908402;Priority 3;OK
APS;ETH;APS;SR;OK;TASK000014909118;Priority 3;OK
FUN;WS;FUN;SR;OK;TASK000014909307;Priority 3;OK
FUN;812;FUN;SR;Defect;TASK000014909592;Priority 3;OK
SEC;812;SEC;SR;OK;TASK000014909878;Priority 3;OK
SEC;812;SEC;SR;OK;TASK000014909986;Priority 3;OK
SEC;812;SEC;SR;OK;TASK000014910011;Priority 3;OK
SEC;EMS;SEC;SR;OK;TASK000014910089;Priority 3;OK
SEC;DCF;SEC;SR;OK;TASK000014910235;Priority 4;OK
DBA;812;DBA;SR;OK;TASK000014910605;Priority 3;OK
SEC;MNT;SEC;SR;OK;TASK000014910706;Priority 4;OK
SEC;DPY;SEC;SR;OK;TASK000014911123;Priority 4;OK
FUN;812;FUN;SR;OK;TASK000014911407;Priority 4;OK
APS;DCF;APS;SR;OK;TASK000014911549;Priority 4;OK
SEC;DCF;SEC;SR;OK;TASK000014911745;Priority 4;OK
APS;ETH;APS;SR;OK;TASK000014911797;Priority 3;OK
None;BWI;L1 ;SR;OK;TASK000014911972;Priority 3;OK
SEC;MNT;SEC;SR;OK;TASK000014912239;Priority 4;OK
SEC;DPY;SEC;SR;OK;TASK000014912286;Priority 3;OK
SEC;DCF;SEC;SR;OK;TASK000014912308;Priority 4;OK
SEC;DPY;SEC;SR;OK;TASK000014912327;Priority 4;OK
CNC;ETH;CNC;SR;OK;TASK000014912373;Priority 3;OK
APS;EES;APS;SR;OK;TASK000014912381;Priority 3;OK
SEC;BWI;SEC;SR;OK;TASK000014912975;Priority 4;OK
L1;812;MON;SR;OK;TASK000014913242;Priority 3;OK
SEC;MNT;SEC;SR;OK;TASK000014913297;Priority 4;OK
SEC;812;SEC;SR;OK;TASK000014913519;Priority 3;OK
APS;ETH;APS;SR;OK;TASK000014913985;Priority 3;OK
TEC;BWI;TEC;SR;OK;TASK000014914486;Priority 3;OK
SEC;ETH;SEC;SR;OK;TASK000014914668;Priority 3;OK
SEC;812;SEC;SR;OK;TASK000014914781;Priority 3;OK
SEC;812;SEC;SR;OK;TASK000014914805;Priority 3;OK
APS;DCF;APS;SR;OK;TASK000014915053;Priority 4;OK
CNC;BWI;CNC;SR;Defect;TASK000014915175;Priority 3;OK
SEC;BWI;SEC;SR;OK;TASK000014915230;Priority 4;OK
APS;ETH;APS;SR;OK;TASK000014915757;Priority 3;OK
TEC;ETH;FUN;SR;OK;TASK000014915789;Priority 3;OK
TEC;SYN;FUN;SR;OK;TASK000014915837;Priority 3;OK
SEC;BWI;SEC;SR;OK;TASK000014915908;Priority 4;OK
TEC;SYN;FUN;SR;OK;TASK000014916084;Priority 3;OK
MNT;MNT;FUN;SR;OK;TASK000014916514;Priority 3;OK
SEC;DXE;SEC;SR;OK;TASK000014916533;Priority 4;OK
SEC;MNT;SEC;SR;OK;TASK000014916560;Priority 4;OK
SEC;EES;FUN;SR;OK;TASK000014916982;Priority 3;OK
SEC;DCF;SEC;SR;OK;TASK000014917231;Priority 4;OK
SEC;DCF;SEC;SR;OK;TASK000014917853;Priority 4;OK
OPS;EMS;OPS;SR;OK;TASK000014918253;Priority 3;OK
L1;812;MON;SR;OK;TASK000014918276;Priority 3;OK
SEC;EDS;SEC;SR;OK;TASK000014918357;Priority 3;OK
SEC;MNT;SEC;SR;OK;TASK000014918629;Priority 4;OK
SEC;EMS;SEC;SR;OK;TASK000014918641;Priority 3;OK
CNC;DPY;MON;SR;OK;TASK000014918779;Priority 4;OK
SEC;DPY;SEC;SR;OK;TASK000014918896;Priority 3;OK
FUN;EMS;FUN;SR;OK;TASK000014919082;Priority 3;OK
FUN;812;FUN;SR;OK;TASK000014919111;Priority 3;OK
SEC;EMS;SEC;SR;OK;TASK000014919231;Priority 3;OK
APS;ETH;APS;SR;OK;TASK000014919350;Priority 3;OK
SEC;MNT;SEC;SR;OK;TASK000014919598;Priority 4;OK
FUN;ETH;FUN;SR;Defect;TASK000014919681;Priority 4;OK
SEC;MNT;SEC;SR;OK;TASK000014919734;Priority 3;OK
FUN;EES;FUN;SR;OK;TASK000014919846;Priority 4;OK
SEC;BWI;SEC;SR;OK;TASK000014919987;Priority 4;OK
SEC;812;SEC;SR;OK;TASK000014920103;Priority 4;OK
SEC;812;SEC;SR;OK;TASK000014920288;Priority 3;OK
TEC;SYN;FUN;SR;OK;TASK000014920874;Priority 3;OK
DBA;812;DBA;SR;OK;TASK000014920886;Priority 3;OK
CNC;LAT;L1 ;SR;Defect;TASK000014920919;Priority 3;OK
SEC;812;SEC;SR;OK;TASK000014921236;Priority 3;OK
FUN;EES;FUN;SR;OK;TASK000014921260;Priority 3;OK
SEC;SYN;SEC;SR;Defect;TASK000014921660;Priority 3;OK
L1;812;MON;SR;OK;TASK000014921797;Priority 3;OK
SEC;BWI;SEC;SR;OK;TASK000014922199;Priority 4;OK
FUN;ETH;FUN;SR;OK;TASK000014922244;Priority 3;OK
FUN;ETH;FUN;SR;OK;TASK000014922247;Priority 3;OK
SEC;EES;SEC;SR;OK;TASK000014922897;Priority 3;OK
L1;MNT;MON;SR;OK;TASK000014923156;Priority 3;OK
SEC;ETH;SEC;SR;OK;TASK000014923157;Priority 3;OK
APS;ETH;APS;SR;OK;TASK000014923192;Priority 4;OK
DBA;812;DBA;SR;OK;TASK000014923281;Priority 3;OK
L1;812;MON;SR;OK;TASK000014923323;Priority 3;OK
SEC;ETH;SEC;SR;OK;TASK000014923446;Priority 3;OK
SEC;MNT;SEC;SR;OK;TASK000014923456;Priority 4;OK
FUN;812;FUN;SR;Defect;TASK000014923774;Priority 3;OK
SEC;DCF;SEC;SR;OK;TASK000014923841;Priority 4;OK
DBA;812;DBA;SR;OK;TASK000014923936;Priority 3;OK
SEC;812;SEC;SR;OK;TASK000014923989;Priority 3;OK
SEC;812;SEC;SR;OK;TASK000014924222;Priority 3;OK
SEC;DCF;SEC;SR;OK;TASK000014924598;Priority 4;OK
None;LAT;TEC;SR;OK;TASK000014924610;Priority 3;OK
None;BWI;TEC;SR;OK;TASK000014924626;Priority 3;OK
DBA;812;DBA;SR;OK;TASK000014924895;Priority 3;OK
DCF;DCF;FUN;SR;OK;TASK000014925116;Priority 4;OK
CNC;BWI;L1 ;SR;OK;TASK000014925465;Priority 3;OK
SEC;ETH;SEC;SR;OK;TASK000014925660;Priority 4;OK
CNC;BWI;L1 ;SR;OK;TASK000014925741;Priority 3;OK
DBA;812;DBA;SR;OK;TASK000014925915;Priority 3;OK
FUN;812;FUN;SR;OK;TASK000014925926;Priority 4;OK
CNC;BWI;CNC;SR;OK;TASK000014926120;Priority 3;OK
SEC;DCF;SEC;SR;OK;TASK000014926289;Priority 4;OK
SEC;MNT;SEC;SR;OK;TASK000014926597;Priority 4;OK
SEC;MNT;SEC;SR;OK;TASK000014926634;Priority 4;OK
SEC;DPY;SEC;SR;OK;TASK000014926679;Priority 3;OK
CNC;812;CNC;SR;OK;TASK000014926755;Priority 3;OK
SEC;MNT;SEC;SR;OK;TASK000014926982;Priority 4;OK
SEC;MNT;SEC;SR;OK;TASK000014927037;Priority 3;OK
L1;BWI;L1 ;SR;OK;TASK000014927217;Priority 4;OK
SEC;812;SEC;SR;OK;TASK000014927535;Priority 4;OK
SEC;MNT;SEC;SR;OK;TASK000014928145;Priority 3;OK
APS;DCF;APS;SR;OK;TASK000014928373;Priority 4;OK
L1;DCF;CNC;SR;OK;TASK000014929114;Priority 3;OK
L1;812;MON;SR;OK;TASK000014929190;Priority 3;OK
APS;ETH;APS;SR;OK;TASK000014929211;Priority 3;OK
L1;812;MON;SR;OK;TASK000014929358;Priority 3;OK
SEC;812;SEC;SR;OK;TASK000014929369;Priority 3;OK
CNC;812;CNC;SR;OK;TASK000014929420;Priority 3;OK
SEC;BWI;SEC;SR;OK;TASK000014929445;Priority 4;OK
CNC;812;CNC;SR;OK;TASK000014929465;Priority 3;OK
SEC;EMS;SEC;SR;Defect;TASK000014929682;Priority 3;OK
APS;ETH;APS;SR;OK;TASK000014930088;Priority 3;OK
APS;ETH;APS;SR;OK;TASK000014930172;Priority 3;OK
SEC;BWI;SEC;SR;OK;TASK000014930197;Priority 4;OK
SEC;MNT;SEC;SR;OK;TASK000014930234;Priority 4;OK
SEC;BWI;SEC;SR;OK;TASK000014930798;Priority 4;OK
TEC;BWI;TEC;SR;OK;TASK000014931194;Priority 4;OK
SEC;BWI;SEC;SR;OK;TASK000014931515;Priority 4;OK
SEC;BWI;SEC;SR;OK;TASK000014931546;Priority 4;OK
L1;MNT;MON;SR;OK;TASK000014932385;Priority 3;OK
SEC;ETH;SEC;SR;OK;TASK000014932896;Priority 4;OK
CNC;812;CNC;SR;OK;TASK000014932926;Priority 3;OK
SEC;MNT;SEC;SR;OK;TASK000014933278;Priority 4;OK
SEC;812;SEC;SR;OK;TASK000014933343;Priority 3;OK
APS;ETH;APS;SR;OK;TASK000014933567;Priority 3;OK
CNC;812;CNC;SR;OK;TASK000014933594;Priority 3;OK
SEC;MNT;SEC;SR;OK;TASK000014933636;Priority 4;OK
SEC;MNT;SEC;SR;OK;TASK000014933673;Priority 4;OK
FUN;COR;FUN;SR;OK;TASK000014933918;Priority 3;OK
DBA;812;DBA;SR;OK;TASK000014933944;Priority 3;OK
SEC;812;SEC;SR;OK;TASK000014933997;Priority 4;OK
TEC;LAT;TEC;SR;OK;TASK000014934053;Priority 3;OK
SEC;DXE;SEC;SR;OK;TASK000014934067;Priority 3;OK
CNC;812;CNC;SR;OK;TASK000014934132;Priority 3;OK
FUN;812;FUN;SR;OK;TASK000014934155;Priority 4;OK
CNC;812;CNC;SR;OK;TASK000014934555;Priority 3;OK
TEC;SYN;FUN;SR;OK;TASK000014934715;Priority 3;OK
FUN;812;FUN;INC;OK;TASK000014934726;Priority 3;OK
SEC;MNT;SEC;SR;OK;TASK000014935680;Priority 4;OK
FUN;812;FUN;SR;OK;TASK000014935728;Priority 3;OK
SEC;DXE;SEC;SR;OK;TASK000014935836;Priority 4;OK
SEC;812;SEC;SR;OK;TASK000014936350;Priority 3;OK
SEC;BWI;SEC;SR;OK;TASK000014936608;Priority 4;OK
FUN;DXE;FUN;SR;OK;TASK000014936626;Priority 3;OK
None;BWI;L1 ;SR;OK;TASK000014936869;Priority 3;OK
FUN;EES;FUN;SR;OK;TASK000014938512;Priority 4;OK
SEC;BWI;SEC;SR;OK;TASK000014938549;Priority 4;OK
SEC;EES;SEC;SR;OK;TASK000014939308;Priority 4;OK
SEC;MNT;SEC;SR;OK;TASK000014940554;Priority 4;OK
SEC;BWI;SEC;SR;OK;TASK000014940677;Priority 4;OK
FUN;812;FUN;SR;Defect;TASK000014941543;Priority 4;OK
SEC;DCF;SEC;SR;OK;TASK000014942559;Priority 4;OK
SEC;MNT;SEC;SR;OK;TASK000014943471;Priority 4;OK
SEC;812;SEC;SR;OK;TASK000014944102;Priority 4;OK
SEC;DPY;SEC;SR;OK;TASK000014945425;Priority 4;OK
SEC;BWI;SEC;SR;OK;TASK000014945443;Priority 4;OK
SEC;MNT;SEC;SR;OK;TASK000014946354;Priority 4;OK
MNT;MNT;FUN;SR;OK;TASK000014946969;Priority 4;OK
SEC;ETH;SEC;SR;OK;TASK000014947026;Priority 4;OK
SEC;MNT;SEC;SR;OK;TASK000014947268;Priority 4;OK
SEC;BWI;SEC;SR;OK;TASK000014947275;Priority 4;OK
SEC;MNT;SEC;SR;OK;TASK000014947277;Priority 4;OK
DBA;812;DBA;SR;OK;TASK000014948421;Priority 3;OK
CNC;812;CNC;SR;OK;TASK000014948726;Priority 3;OK
SCH;812;SCH;SR;OK;TASK000014948793;Priority 3;OK
SEC;WS;SEC;SR;OK;TASK000014948823;Priority 3;OK
TEC;LAT;TEC;SR;OK;TASK000014949495;Priority 3;OK
TEC;BWI;TEC;SR;OK;TASK000014949506;Priority 3;OK
APS;ETH;APS;SR;OK;TASK000014949619;Priority 3;OK
SEC;DXE;SEC;SR;OK;TASK000014949796;Priority 3;OK
FUN;812;FUN;SR;OK;TASK000014949864;Priority 4;OK
SEC;BWI;SEC;SR;OK;TASK000014949878;Priority 4;OK
SEC;MNT;SEC;SR;OK;TASK000014949931;Priority 3;OK
FUN;ETH;FUN;SR;OK;TASK000014949946;Priority 4;OK
SEC;812;SEC;SR;OK;TASK000014950153;Priority 4;OK
APS;ETH;APS;SR;OK;TASK000014950577;Priority 3;OK
CNC;812;CNC;SR;OK;TASK000014950614;Priority 3;OK
SEC;DXE;SEC;SR;OK;TASK000014950976;Priority 3;OK
SEC;812;CNC;SR;OK;TASK000014951000;Priority 3;OK
SEC;812;SEC;SR;OK;TASK000014951074;Priority 4;OK
SEC;SYN;SEC;SR;OK;TASK000014951117;Priority 3;OK
FUN;EMS;FUN;SR;OK;TASK000014951318;Priority 3;OK
SEC;MNT;SEC;SR;OK;TASK000014951506;Priority 4;OK
TEC;SYN;FUN;SR;Defect;TASK000014951712;Priority 3;OK
SEC;ETH;SEC;SR;OK;TASK000014951742;Priority 4;OK
SEC;SYN;SEC;SR;Defect;TASK000014951749;Priority 3;OK
CNC;DCF;CNC;SR;OK;TASK000014952044;Priority 4;OK
FUN;ETH;FUN;SR;OK;TASK000014952333;Priority 3;OK
SEC;ETH;SEC;SR;OK;TASK000014952998;Priority 4;OK
SEC;BWI;SEC;SR;OK;TASK000014953003;Priority 4;OK
SEC;DXE;SEC;SR;OK;TASK000014953108;Priority 3;OK
SEC;ETH;SEC;SR;OK;TASK000014953174;Priority 4;OK
SEC;EES;SEC;SR;OK;TASK000014953197;Priority 4;OK
SEC;EES;SEC;SR;Defect;TASK000014953206;Priority 4;OK
FUN;EMS;FUN;SR;OK;TASK000014953275;Priority 3;OK
FUN;812;FUN;SR;Defect;TASK000014953659;Priority 4;OK
SEC;DCF;SEC;SR;OK;TASK000014953681;Priority 4;OK
FUN;812;FUN;SR;Defect;TASK000014953822;Priority 3;OK
APS;ETH;APS;SR;OK;TASK000014953905;Priority 3;OK
FUN;812;FUN;SR;Defect;TASK000014954180;Priority 3;OK
DBA;812;DBA;SR;OK;TASK000014954287;Priority 3;OK
APS;ETH;APS;SR;OK;TASK000014954317;Priority 3;OK
SEC;DCF;SEC;SR;OK;TASK000014954320;Priority 4;OK
SEC;MNT;SEC;SR;OK;TASK000014954368;Priority 4;OK
SEC;812;CNC;SR;OK;TASK000014954676;Priority 3;OK
APS;ETH;APS;SR;OK;TASK000014954803;Priority 3;OK
CNC;812;MON;SR;OK;TASK000014954912;Priority 3;OK
APS;ETH;APS;SR;OK;TASK000014954959;Priority 3;OK
APS;ETH;APS;SR;OK;TASK000014955028;Priority 3;OK
APS;ETH;APS;SR;OK;TASK000014955244;Priority 3;OK
APS;ETH;APS;SR;OK;TASK000014955546;Priority 3;OK
SEC;812;SEC;SR;OK;TASK000014955605;Priority 4;OK
None;LAT;L1 ;SR;OK;TASK000014955694;Priority 3;OK
SEC;BWI;SEC;SR;OK;TASK000014955810;Priority 3;OK
SEC;SYN;SEC;SR;OK;TASK000014956160;Priority 3;OK
SEC;SYN;SEC;SR;OK;TASK000014956194;Priority 3;OK
SEC;SYN;SEC;SR;OK;TASK000014956280;Priority 3;OK
SEC;SYN;SEC;SR;OK;TASK000014956545;Priority 3;OK
SEC;BWI;SEC;SR;OK;TASK000014956561;Priority 4;OK
SEC;812;SEC;SR;OK;TASK000014957056;Priority 4;OK
SEC;ETH;SEC;SR;OK;TASK000014957077;Priority 4;OK
SEC;BWI;SEC;SR;OK;TASK000014957213;Priority 4;OK
SEC;MNT;SEC;SR;OK;TASK000014957542;Priority 4;OK
DBA;812;DBA;SR;OK;TASK000014958359;Priority 3;OK
SEC;812;SEC;SR;OK;TASK000014958514;Priority 3;OK
FUN;812;FUN;SR;OK;TASK000014958608;Priority 4;OK
SEC;812;SEC;SR;OK;TASK000014958751;Priority 3;OK
SEC;812;SEC;SR;OK;TASK000014958811;Priority 3;OK
APS;ETH;APS;SR;OK;TASK000014958812;Priority 3;OK
SEC;EMS;SEC;SR;OK;TASK000014958833;Priority 3;OK
FUN;812;FUN;SR;OK;TASK000014958874;Priority 3;OK
SEC;BWI;SEC;SR;OK;TASK000014958891;Priority 4;OK
SEC;812;SEC;SR;OK;TASK000014958989;Priority 3;OK
SEC;812;SEC;SR;OK;TASK000014959109;Priority 3;OK
DBA;812;DBA;SR;OK;TASK000014959214;Priority 3;OK
TEC;LAT;TEC;SR;OK;TASK000014959506;Priority 3;OK
SEC;812;SEC;SR;OK;TASK000014959542;Priority 3;OK
SEC;812;SEC;SR;OK;TASK000014959640;Priority 3;OK
FUN;WS;FUN;SR;OK;TASK000014959770;Priority 3;OK
FUN;ETH;FUN;SR;OK;TASK000014960147;Priority 4;OK
FUN;812;FUN;SR;OK;TASK000014960253;Priority 3;OK
SEC;812;SEC;SR;OK;TASK000014960343;Priority 3;OK
SEC;DPY;SEC;SR;OK;TASK000014960541;Priority 4;OK
SEC;DXE;SEC;SR;OK;TASK000014960566;Priority 3;OK
SEC;ETH;SEC;SR;OK;TASK000014960899;Priority 4;OK
SEC;BWI;SEC;SR;OK;TASK000014960938;Priority 4;OK
CNC;812;CNC;SR;OK;TASK000014961224;Priority 3;OK
SEC;MNT;SEC;SR;OK;TASK000014961566;Priority 4;OK
SEC;DCF;SEC;SR;OK;TASK000014961707;Priority 4;OK
TEC;DCF;TEC;SR;OK;TASK000014961911;Priority 3;OK
TEC;ETH;FUN;SR;OK;TASK000014961960;Priority 3;OK
FUN;COR;FUN;SR;OK;TASK000014961972;Priority 3;OK
APS;EES;APS;SR;OK;TASK000014962054;Priority 3;OK
DBA;812;DBA;SR;OK;TASK000014963043;Priority 3;OK
SEC;812;SEC;SR;OK;TASK000014963051;Priority 3;OK
DBA;812;DBA;SR;OK;TASK000014963167;Priority 3;OK
APS;ETH;APS;SR;OK;TASK000014963395;Priority 3;OK
L1;812;MON;SR;OK;TASK000014963405;Priority 3;OK
SEC;DCF;SEC;SR;OK;TASK000014964062;Priority 4;OK
SEC;MNT;SEC;SR;OK;TASK000014964154;Priority 4;OK
SEC;MNT;SEC;SR;OK;TASK000014964172;Priority 4;OK
CNC;812;MON;SR;OK;TASK000014964186;Priority 3;OK
SEC;812;SEC;SR;OK;TASK000014964212;Priority 3;OK
SEC;SYN;SEC;SR;OK;TASK000014964377;Priority 3;OK
CNC;ETH;L1 ;SR;OK;TASK000014964469;Priority 3;OK
CNC;812;CNC;SR;OK;TASK000014965110;Priority 3;OK
DBA;812;DBA;SR;OK;TASK000014965114;Priority 3;OK
FIN;812;FUN;SR;Defect;TASK000014965143;Priority 4;OK
SCH;LAT;SCH;SR;OK;TASK000014965147;Priority 3;OK
SEC;SYN;SEC;INC;OK;TASK000014965196;Priority 3;OK
SEC;812;SEC;SR;OK;TASK000014965492;Priority 4;OK
FUN;EES;FUN;SR;OK;TASK000014965600;Priority 4;OK
SEC;BWI;SEC;SR;OK;TASK000014965754;Priority 4;OK
SEC;SYN;SEC;SR;Defect;TASK000014965829;Priority 3;OK
FUN;COR;FUN;SR;OK;TASK000014966005;Priority 3;OK
APS;DCF;APS;SR;OK;TASK000014966223;Priority 3;OK
SEC;812;SEC;SR;OK;TASK000014967309;Priority 4;OK
FUN;812;FUN;SR;OK;TASK000014967875;Priority 3;OK
SEC;812;SEC;SR;OK;TASK000014968441;Priority 4;OK
SEC;812;SEC;SR;OK;TASK000014968563;Priority 4;OK
SEC;812;SEC;SR;OK;TASK000014968570;Priority 3;OK
FUN;812;FUN;SR;OK;TASK000014968644;Priority 3;OK
FUN;812;FUN;SR;OK;TASK000014968649;Priority 3;OK
SEC;812;SEC;SR;OK;TASK000014968675;Priority 4;OK
CNC;812;MON;SR;OK;TASK000014968693;Priority 3;OK
DBA;812;DBA;SR;OK;TASK000014968797;Priority 3;OK
CNC;EES;CNC;SR;OK;TASK000014968878;Priority 3;OK
CNC;812;CNC;SR;OK;TASK000014968967;Priority 3;OK
SEC;DCF;SEC;SR;OK;TASK000014969122;Priority 4;OK
DBA;812;DBA;SR;OK;TASK000014969138;Priority 3;OK
APS;DCF;APS;SR;OK;TASK000014969358;Priority 3;OK
TEC;LAT;TEC;SR;OK;TASK000014969425;Priority 3;OK
CNC;812;CNC;SR;OK;TASK000014969494;Priority 3;OK
APS;ETH;APS;SR;OK;TASK000014969582;Priority 4;OK
SEC;DXE;SEC;SR;OK;TASK000014969595;Priority 3;OK
SEC;812;SEC;SR;OK;TASK000014969608;Priority 4;OK
TEC;DCF;TEC;SR;OK;TASK000014969643;Priority 3;OK
SEC;812;SEC;SR;OK;TASK000014969645;Priority 3;OK
SEC;DXE;SEC;SR;OK;TASK000014969795;Priority 4;OK
CNC;812;MON;SR;OK;TASK000014969827;Priority 3;OK
SEC;MNT;SEC;SR;OK;TASK000014969887;Priority 4;OK
SEC;ETH;CNC;SR;OK;TASK000014969969;Priority 3;OK
DBA;812;DBA;SR;OK;TASK000014969979;Priority 3;OK
SEC;BWI;SEC;SR;OK;TASK000014970021;Priority 4;OK
DBA;812;DBA;SR;OK;TASK000014970105;Priority 3;OK
CNC;BWI;L1 ;SR;OK;TASK000014970113;Priority 3;OK
APS;ETH;APS;SR;OK;TASK000014970115;Priority 3;OK
FIN;812;FUN;SR;Defect;TASK000014970160;Priority 3;OK
TEC;DCF;TEC;SR;OK;TASK000014970213;Priority 4;OK
SCH;812;SCH;SR;OK;TASK000014970218;Priority 3;OK
SEC;812;SEC;SR;OK;TASK000014970407;Priority 3;OK
CNC;ETH;CNC;SR;OK;TASK000014970601;Priority 3;OK
FUN;ETH;FUN;SR;OK;TASK000014970618;Priority 4;OK
L1;LAT;CNC;SR;OK;TASK000014970709;Priority 3;OK
SEC;MNT;SEC;SR;OK;TASK000014970746;Priority 4;OK
SEC;BWI;SEC;SR;OK;TASK000014970843;Priority 4;OK
SEC;DCF;SEC;SR;OK;TASK000014971905;Priority 4;OK
SEC;MNT;SEC;SR;OK;TASK000014971956;Priority 4;OK
DBA;812;DBA;SR;OK;TASK000014972100;Priority 3;OK
FUN;EMS;FUN;SR;OK;TASK000014972108;Priority 3;OK
DBA;812;DBA;SR;OK;TASK000014972113;Priority 3;OK
FUN;812;FUN;SR;OK;TASK000014972170;Priority 4;OK
SEC;812;SEC;SR;OK;TASK000014972485;Priority 4;OK
SEC;812;SEC;SR;OK;TASK000014972487;Priority 3;OK
SEC;MNT;SEC;SR;OK;TASK000014972829;Priority 4;OK
SEC;DCF;SEC;SR;OK;TASK000014972847;Priority 4;OK
SEC;DCF;SEC;SR;OK;TASK000014972876;Priority 4;OK
CNC;DPY;L1 ;SR;OK;TASK000014972886;Priority 3;OK
SEC;BWI;SEC;SR;OK;TASK000014973086;Priority 4;OK
TEC;LAT;TEC;SR;OK;TASK000014973238;Priority 3;OK
TEC;BWI;TEC;SR;OK;TASK000014973247;Priority 3;OK
SEC;EMS;SEC;SR;OK;TASK000014973498;Priority 3;OK
FUN;812;FUN;SR;OK;TASK000014973658;Priority 3;OK
CNC;812;L1 ;SR;OK;TASK000014973775;Priority 3;OK
SEC;MNT;SEC;SR;OK;TASK000014973837;Priority 4;OK
SEC;EES;SEC;SR;OK;TASK000014974023;Priority 4;OK
CNC;812;CNC;SR;OK;TASK000014974099;Priority 3;OK
DBA;812;DBA;SR;OK;TASK000014974158;Priority 3;OK
DBA;812;DBA;SR;OK;TASK000014974241;Priority 3;OK
SEC;812;SEC;SR;OK;TASK000014974345;Priority 3;OK
SEC;812;SEC;SR;OK;TASK000014974358;Priority 4;OK
SEC;812;SEC;SR;OK;TASK000014974418;Priority 4;OK
SEC;812;SEC;SR;OK;TASK000014974446;Priority 4;OK
SEC;812;SEC;SR;OK;TASK000014974456;Priority 3;OK
SEC;812;SEC;SR;OK;TASK000014974528;Priority 4;OK
OPS;EMS;OPS;SR;Defect;TASK000014974542;Priority 3;OK
FUN;COR;FUN;SR;OK;TASK000014974890;Priority 3;OK
CNC;ETH;CNC;SR;Defect;TASK000014974968;Priority 3;OK
SEC;DCF;SEC;SR;OK;TASK000014974992;Priority 4;OK
SEC;812;SEC;SR;OK;TASK000014975007;Priority 4;OK
SCH;LAT;SCH;SR;Defect;TASK000014975543;Priority 3;OK
APS;ETH;APS;SR;OK;TASK000014975559;Priority 3;OK
SEC;EES;SEC;SR;Defect;TASK000014975979;Priority 4;OK
SEC;DCF;SEC;SR;OK;TASK000014976586;Priority 4;OK
SEC;MNT;SEC;SR;OK;TASK000014976614;Priority 4;OK
SEC;DCF;SEC;SR;OK;TASK000014976616;Priority 4;OK
SEC;DCF;SEC;SR;OK;TASK000014976626;Priority 4;OK
SEC;DCF;SEC;SR;OK;TASK000014976982;Priority 4;OK
SEC;DCF;SEC;SR;OK;TASK000014977107;Priority 4;OK
FIN;812;FUN;SR;OK;TASK000014977382;Priority 4;OK
APS;ETH;APS;SR;OK;TASK000014977489;Priority 3;OK
DBA;812;DBA;SR;OK;TASK000014977855;Priority 3;OK
DCF;DCF;FUN;SR;OK;TASK000014978032;Priority 4;OK
SCH;812;SCH;SR;Defect;TASK000014978197;Priority 3;OK
SEC;BWI;SEC;SR;OK;TASK000014978407;Priority 4;OK
SEC;DCF;SEC;SR;OK;TASK000014978508;Priority 4;OK
SEC;SYN;SEC;SR;OK;TASK000014978766;Priority 3;OK
OPS;EMS;OPS;SR;OK;TASK000014978847;Priority 3;OK
SEC;DCF;SEC;SR;OK;TASK000014978921;Priority 4;OK
SEC;MNT;SEC;SR;OK;TASK000014978951;Priority 4;OK
DBA;812;DBA;SR;OK;TASK000014978966;Priority 3;OK
APS;ETH;APS;SR;OK;TASK000014978969;Priority 3;OK
FUN;WS;FUN;SR;OK;TASK000014979172;Priority 3;OK
SEC;812;SEC;SR;OK;TASK000014979215;Priority 4;OK
FUN;WS;FUN;SR;OK;TASK000014979218;Priority 4;OK
SEC;812;SEC;SR;OK;TASK000014979253;Priority 3;OK
SEC;BWI;SEC;SR;OK;TASK000014979291;Priority 4;OK
SEC;DCF;SEC;SR;OK;TASK000014979486;Priority 4;OK
TEC;SYN;FUN;SR;OK;TASK000014979774;Priority 3;OK
SEC;DPY;SEC;SR;OK;TASK000014980358;Priority 4;OK
APS;ETH;APS;SR;OK;TASK000014980536;Priority 3;OK
APS;ETH;APS;SR;OK;TASK000014980602;Priority 3;OK
L1;BWI;L1 ;SR;OK;TASK000014980801;Priority 3;OK
CNC;ETH;L1 ;SR;OK;TASK000014980998;Priority 3;OK
TEC;ETH;FUN;SR;OK;TASK000014981136;Priority 3;OK
L1;ETH;CNC;SR;Defect;TASK000014981187;Priority 3;OK
SEC;DCF;SEC;SR;OK;TASK000014981222;Priority 4;OK
SEC;BWI;SEC;SR;Defect;TASK000014981264;Priority 4;OK
SEC;MNT;SEC;SR;OK;TASK000014981270;Priority 4;OK
SEC;EES;SEC;SR;OK;TASK000014981588;Priority 4;OK
SEC;DCF;SEC;SR;OK;TASK000014981981;Priority 4;OK
SEC;812;SEC;SR;OK;TASK000014982035;Priority 4;OK
SEC;812;SEC;SR;OK;TASK000014982391;Priority 4;OK
SEC;812;SEC;SR;OK;TASK000014983004;Priority 4;OK
TEC;SYN;FUN;SR;OK;TASK000014983023;Priority 3;OK
SEC;DPY;SEC;SR;OK;TASK000014983098;Priority 4;OK
FUN;812;FUN;SR;OK;TASK000014983101;Priority 3;OK
SEC;DXE;SEC;SR;OK;TASK000014983107;Priority 3;OK
SEC;ETH;SEC;SR;OK;TASK000014983145;Priority 4;OK
CNC;812;CNC;SR;OK;TASK000014983158;Priority 3;OK
SCH;812;SCH;SR;Defect;TASK000014983301;Priority 3;OK
SEC;EES;SEC;SR;OK;TASK000014983576;Priority 4;OK
SEC;EMS;SEC;SR;OK;TASK000014983595;Priority 3;OK
SEC;SYN;SEC;SR;OK;TASK000014983605;Priority 3;OK
SEC;SYN;SEC;SR;Defect;TASK000014983624;Priority 3;OK
SEC;EMS;SEC;SR;Defect;TASK000014983765;Priority 3;OK
SEC;812;SEC;SR;OK;TASK000014983851;Priority 4;OK
SEC;812;SEC;SR;OK;TASK000014983865;Priority 4;OK
SEC;EMS;SEC;SR;OK;TASK000014984165;Priority 3;OK
SEC;BWI;SEC;SR;OK;TASK000014984260;Priority 3;OK
DBA;812;DBA;SR;OK;TASK000014984878;Priority 3;OK
APS;ETH;APS;SR;OK;TASK000014984971;Priority 3;OK
SEC;SYN;SEC;SR;Defect;TASK000014985182;Priority 3;OK
L1;ETH;CNC;SR;OK;TASK000014985399;Priority 3;OK
SEC;MNT;SEC;SR;OK;TASK000014985412;Priority 4;OK
SEC;MNT;SEC;SR;OK;TASK000014985503;Priority 4;OK
SEC;EES;SEC;SR;OK;TASK000014985561;Priority 4;OK
SEC;EMS;SEC;SR;OK;TASK000014985597;Priority 3;OK
SEC;MNT;SEC;SR;OK;TASK000014985607;Priority 4;OK
SEC;812;CNC;SR;OK;TASK000014985789;Priority 3;OK
TEC;ETH;FUN;SR;OK;TASK000014986160;Priority 3;OK
SEC;BWI;SEC;SR;OK;TASK000014986167;Priority 4;OK
SEC;ETH;SEC;SR;OK;TASK000014986516;Priority 4;OK
SEC;SYN;SEC;SR;OK;TASK000014986704;Priority 3;OK
APS;ETH;APS;SR;OK;TASK000014986766;Priority 4;OK
SEC;MNT;SEC;SR;OK;TASK000014986794;Priority 4;OK
CNC;BWI;L1 ;SR;OK;TASK000014986934;Priority 3;OK
CNC;DPY;CNC;SR;OK;TASK000014987098;Priority 3;OK
FUN;DXE;FUN;SR;OK;TASK000014987220;Priority 3;OK
APS;ETH;APS;SR;OK;TASK000014987362;Priority 3;OK
DBA;812;DBA;SR;OK;TASK000014987579;Priority 3;OK
DBA;812;DBA;SR;OK;TASK000014987908;Priority 3;OK
SEC;EMS;SEC;SR;OK;TASK000014988003;Priority 4;OK
FUN;MNT;FUN;SR;OK;TASK000014988043;Priority 4;OK
SEC;ETH;SEC;SR;OK;TASK000014988135;Priority 4;OK
SEC;812;SEC;SR;OK;TASK000014988147;Priority 3;OK
SEC;BWI;SEC;SR;OK;TASK000014988148;Priority 4;OK
APS;ETH;APS;SR;OK;TASK000014988295;Priority 3;OK
SEC;812;SEC;SR;OK;TASK000014988296;Priority 3;OK
DBA;812;DBA;SR;OK;TASK000014988307;Priority 3;OK
DBA;812;DBA;SR;OK;TASK000014988435;Priority 3;OK
CNC;DPY;CNC;SR;OK;TASK000014988623;Priority 3;OK
SEC;DXE;SEC;SR;OK;TASK000014988696;Priority 3;OK
SEC;812;SEC;SR;Defect;TASK000014988977;Priority 3;OK
APS;ETH;APS;SR;OK;TASK000014989255;Priority 3;OK
SEC;EES;SEC;SR;OK;TASK000014989302;Priority 4;OK
SEC;ETH;SEC;SR;OK;TASK000014989417;Priority 4;OK
SEC;DCF;SEC;SR;OK;TASK000014989746;Priority 4;OK
SEC;DXE;SEC;SR;OK;TASK000014989846;Priority 4;OK
SEC;DCF;SEC;SR;OK;TASK000014989932;Priority 4;OK
SEC;EMS;SEC;SR;OK;TASK000014990036;Priority 4;OK
SEC;BWI;SEC;SR;OK;TASK000014990055;Priority 4;OK
SEC;812;SEC;SR;OK;TASK000014990443;Priority 3;OK
SEC;812;SEC;SR;OK;TASK000014990580;Priority 3;OK
SEC;812;SEC;SR;OK;TASK000014990631;Priority 3;OK
SEC;DCF;SEC;SR;OK;TASK000014990981;Priority 4;OK
CNC;812;CNC;SR;OK;TASK000014991048;Priority 3;OK
SEC;BWI;SEC;SR;OK;TASK000014991077;Priority 4;OK
SEC;BWI;SEC;SR;OK;TASK000014991095;Priority 4;OK
SEC;MNT;SEC;SR;OK;TASK000014991222;Priority 4;OK
SEC;812;SEC;SR;OK;TASK000014991297;Priority 3;OK
FIN;812;FUN;SR;Defect;TASK000014991887;Priority 4;OK
SEC;812;SEC;SR;OK;TASK000014993400;Priority 3;OK
DBA;812;DBA;SR;OK;TASK000014993471;Priority 3;OK
FUN;DXE;FUN;SR;OK;TASK000014993510;Priority 3;OK
DBA;812;DBA;SR;OK;TASK000014993566;Priority 3;OK
DBA;812;DBA;SR;OK;TASK000014993615;Priority 3;OK
DBA;812;DBA;SR;OK;TASK000014993635;Priority 3;OK
SEC;DCF;SEC;SR;OK;TASK000014993670;Priority 4;OK
FIN;812;FUN;SR;OK;TASK000014993838;Priority 3;OK
MNT;MNT;FUN;SR;Defect;TASK000014993875;Priority 4;OK
FUN;DXE;FUN;SR;OK;TASK000014993885;Priority 3;OK
FUN;ETH;FUN;SR;OK;TASK000014994064;Priority 3;OK
FUN;812;FUN;SR;OK;TASK000014994127;Priority 4;OK
SEC;SYN;SEC;SR;Defect;TASK000014994357;Priority 3;OK
APS;ETH;APS;SR;OK;TASK000014994565;Priority 3;OK
None;BWI;L1 ;SR;OK;TASK000014994577;Priority 3;OK
SEC;812;SEC;SR;OK;TASK000014994621;Priority 3;OK
DBA;812;DBA;SR;OK;TASK000014994760;Priority 3;OK
DCF;DCF;FUN;SR;OK;TASK000014994899;Priority 3;OK
SEC;DCF;SEC;SR;OK;TASK000014994977;Priority 4;OK
DBA;812;DBA;SR;OK;TASK000014994997;Priority 3;OK
SEC;DCF;SEC;SR;OK;TASK000014995001;Priority 4;OK
SEC;DCF;SEC;SR;OK;TASK000014995054;Priority 4;OK
DBA;812;DBA;SR;OK;TASK000014995066;Priority 3;OK
SEC;DCF;SEC;SR;OK;TASK000014995073;Priority 4;OK
SEC;DXE;SEC;SR;OK;TASK000014995146;Priority 3;OK
None;MNT;MON;SR;OK;TASK000014995167;Priority 3;OK
SEC;812;SEC;SR;OK;TASK000014995175;Priority 3;OK
SEC;SYN;SEC;SR;Defect;TASK000014995302;Priority 3;OK
FUN;COR;FUN;SR;OK;TASK000014996111;Priority 3;OK
FUN;COR;FUN;SR;OK;TASK000014996121;Priority 3;OK
SEC;DPY;SEC;SR;OK;TASK000014996160;Priority 4;OK
SEC;BWI;SEC;SR;OK;TASK000014996403;Priority 4;OK
SEC;SYN;SEC;SR;Defect;TASK000014996858;Priority 3;OK
SEC;SYN;SEC;SR;Defect;TASK000014997254;Priority 3;OK
APS;ETH;APS;SR;OK;TASK000014997285;Priority 4;OK
SEC;812;SEC;SR;OK;TASK000014998328;Priority 3;OK
SEC;812;SEC;SR;OK;TASK000014998450;Priority 3;OK
APS;ETH;APS;SR;OK;TASK000014998769;Priority 3;OK
SEC;EMS;SEC;SR;OK;TASK000014998824;Priority 3;OK
SEC;812;SEC;SR;OK;TASK000014998844;Priority 4;OK
DBA;812;DBA;SR;OK;TASK000014999177;Priority 3;OK
CNC;812;CNC;SR;OK;TASK000014999341;Priority 3;OK
SEC;812;SEC;SR;OK;TASK000014999615;Priority 3;OK
FUN;812;FUN;SR;OK;TASK000014999631;Priority 3;OK
SEC;812;SEC;SR;OK;TASK000014999647;Priority 3;OK
SEC;ETH;SEC;SR;OK;TASK000014999710;Priority 4;OK
DBA;812;DBA;SR;Defect;TASK000014999755;Priority 3;OK
SEC;EMS;SEC;SR;OK;TASK000014999815;Priority 3;OK
SEC;DXE;SEC;SR;OK;TASK000014999940;Priority 3;OK
CNC;812;CNC;SR;Defect;TASK000015000221;Priority 4;OK
APS;ETH;APS;SR;OK;TASK000015000467;Priority 3;OK
SEC;DXE;SEC;SR;OK;TASK000015000786;Priority 4;OK
SEC;DXE;SEC;SR;OK;TASK000015000824;Priority 4;OK
SEC;DXE;SEC;SR;OK;TASK000015000914;Priority 4;OK
SEC;DCF;SEC;SR;OK;TASK000015000978;Priority 4;OK
TEC;SYN;FUN;SR;OK;TASK000015001033;Priority 3;OK
SEC;DCF;SEC;SR;OK;TASK000015001116;Priority 4;OK
SEC;812;SEC;SR;OK;TASK000015001164;Priority 4;OK
SEC;DCF;SEC;SR;OK;TASK000015001228;Priority 4;OK
TEC;SYN;FUN;SR;OK;TASK000015001236;Priority 3;OK
SEC;MNT;SEC;SR;OK;TASK000015002177;Priority 4;OK
SEC;SYN;SEC;SR;OK;TASK000015002336;Priority 3;OK
CNC;812;CNC;SR;OK;TASK000015002361;Priority 3;OK
SEC;BWI;SEC;SR;OK;TASK000015002666;Priority 4;OK
SCH;812;SCH;SR;OK;TASK000015003978;Priority 3;OK
SEC;812;SEC;SR;OK;TASK000015003999;Priority 3;OK
DBA;812;DBA;SR;OK;TASK000015004471;Priority 3;OK
CNC;812;CNC;SR;OK;TASK000015004768;Priority 3;OK
SEC;812;SEC;SR;Defect;TASK000015004793;Priority 3;OK
CNC;812;CNC;SR;OK;TASK000015004990;Priority 3;OK
APS;ETH;APS;SR;OK;TASK000015005248;Priority 3;OK
APS;ETH;APS;SR;OK;TASK000015005306;Priority 3;OK
APS;ETH;APS;SR;OK;TASK000015005322;Priority 4;OK
SEC;MNT;SEC;SR;OK;TASK000015005407;Priority 4;OK
SEC;812;SEC;SR;OK;TASK000015005586;Priority 4;OK
TEC;SYN;FUN;SR;OK;TASK000015005708;Priority 3;OK
FUN;ETH;FUN;SR;OK;TASK000015006066;Priority 4;OK
SEC;DCF;SEC;SR;OK;TASK000015006078;Priority 4;OK
CNC;812;MON;SR;OK;TASK000015006092;Priority 3;OK
CNC;MNT;MON;SR;OK;TASK000015006279;Priority 3;OK
SEC;ETH;SEC;SR;OK;TASK000015006451;Priority 4;OK
FUN;ETH;FUN;SR;OK;TASK000015006551;Priority 4;OK
SEC;BWI;SEC;SR;OK;TASK000015006576;Priority 4;OK
SEC;EES;SEC;SR;OK;TASK000015007020;Priority 3;OK
SEC;812;SEC;SR;OK;TASK000015007049;Priority 4;OK
TEC;SYN;FUN;SR;OK;TASK000015007074;Priority 3;OK
SEC;BWI;SEC;SR;OK;TASK000015007118;Priority 4;OK
APS;EES;APS;SR;OK;TASK000015007135;Priority 3;OK
APS;ETH;APS;SR;OK;TASK000015007138;Priority 3;OK
SEC;ETH;SEC;SR;OK;TASK000015007193;Priority 4;OK
DBA;812;DBA;SR;OK;TASK000015008363;Priority 3;OK
SEC;EES;SEC;SR;OK;TASK000015008401;Priority 3;OK
L1;812;MON;SR;OK;TASK000015009364;Priority 4;OK
SEC;EES;SEC;SR;Defect;TASK000015009442;Priority 4;OK
FUN;EMS;FUN;SR;Defect;TASK000015009662;Priority 3;OK
SEC;MNT;SEC;SR;OK;TASK000015009969;Priority 4;OK
APS;ETH;APS;SR;OK;TASK000015009981;Priority 3;OK
APS;ETH;APS;SR;OK;TASK000015010163;Priority 3;OK
SEC;ETH;SEC;SR;OK;TASK000015010237;Priority 4;OK
TEC;SYN;FUN;SR;OK;TASK000015010239;Priority 3;OK
SEC;812;SEC;SR;OK;TASK000015011127;Priority 4;OK
SEC;DCF;SEC;SR;OK;TASK000015011388;Priority 4;OK
SEC;812;SEC;SR;OK;TASK000015011431;Priority 4;OK
CNC;EES;CNC;SR;OK;TASK000015011807;Priority 3;OK
SEC;BWI;SEC;SR;OK;TASK000015011837;Priority 4;OK
CNC;ETH;L1 ;SR;OK;TASK000015011967;Priority 3;OK
SEC;SYN;SEC;SR;OK;TASK000015012151;Priority 3;OK
SEC;SYN;SEC;SR;OK;TASK000015012264;Priority 3;OK
OPS;EMS;OPS;SR;OK;TASK000015012287;Priority 3;OK
SEC;DXE;SEC;SR;OK;TASK000015012325;Priority 3;OK
TEC;ETH;FUN;SR;OK;TASK000015012396;Priority 3;OK
TEC;ETH;FUN;SR;OK;TASK000015012678;Priority 4;OK
SEC;DCF;SEC;SR;OK;TASK000015012729;Priority 4;OK
SEC;SYN;SEC;SR;Defect;TASK000015012948;Priority 3;OK
DBA;812;DBA;SR;OK;TASK000015013347;Priority 3;OK
L1;812;MON;SR;OK;TASK000015013759;Priority 3;OK
OPS;EMS;OPS;SR;OK;TASK000015013954;Priority 3;OK
SEC;812;SEC;SR;OK;TASK000015014274;Priority 4;OK
FIN;812;FUN;SR;OK;TASK000015014647;Priority 4;OK
APS;ETH;APS;SR;OK;TASK000015014697;Priority 3;OK
SEC;BWI;SEC;SR;OK;TASK000015015116;Priority 4;OK
SEC;DXE;SEC;SR;OK;TASK000015015131;Priority 3;OK
SEC;DXE;SEC;SR;OK;TASK000015015162;Priority 4;OK
TEC;SYN;FUN;SR;OK;TASK000015015638;Priority 3;OK
MNT;MNT;FUN;SR;OK;TASK000015015859;Priority 4;OK
SEC;DPY;SEC;SR;OK;TASK000015015952;Priority 4;OK
SEC;EMS;SEC;SR;OK;TASK000015016180;Priority 3;OK
SEC;SYN;SEC;SR;OK;TASK000015016206;Priority 3;OK
SEC;SYN;SEC;SR;OK;TASK000015016246;Priority 3;OK
TEC;SYN;FUN;SR;OK;TASK000015016262;Priority 3;OK
SEC;MNT;SEC;SR;OK;TASK000015016940;Priority 4;OK
None;ETH;FUN;SR;OK;TASK000015017186;Priority 4;OK
APS;EES;APS;SR;OK;TASK000015017402;Priority 4;OK
APS;EES;APS;SR;OK;TASK000015017432;Priority 4;OK
APS;EES;APS;SR;OK;TASK000015017434;Priority 4;OK
APS;EES;APS;SR;OK;TASK000015017440;Priority 4;OK
FUN;MNT;FUN;SR;OK;TASK000015017443;Priority 4;OK
L1;812;MON;SR;OK;TASK000015017470;Priority 3;OK
SEC;MNT;SEC;SR;OK;TASK000015017551;Priority 4;OK
SEC;812;SEC;SR;OK;TASK000015017650;Priority 3;OK
SEC;812;SEC;SR;OK;TASK000015017697;Priority 3;OK
SEC;812;SEC;SR;OK;TASK000015017860;Priority 4;OK
SEC;SYN;SEC;SR;OK;TASK000015019633;Priority 3;OK
SEC;DXE;SEC;SR;OK;TASK000015019712;Priority 4;OK
DBA;812;DBA;SR;OK;TASK000015019886;Priority 3;OK
DBA;812;DBA;SR;OK;TASK000015020111;Priority 3;OK
SEC;DXE;SEC;SR;Defect;TASK000015020436;Priority 3;OK
SEC;BWI;SEC;SR;OK;TASK000015020907;Priority 4;OK
SEC;DCF;SEC;SR;OK;TASK000015021039;Priority 4;OK
SEC;DXE;SEC;SR;OK;TASK000015021263;Priority 4;OK
CNC;812;CNC;SR;OK;TASK000015021275;Priority 3;OK
SEC;EMS;SEC;SR;OK;TASK000015021373;Priority 3;OK
SEC;DCF;SEC;SR;OK;TASK000015021691;Priority 4;OK
SEC;SYN;SEC;SR;OK;TASK000015021872;Priority 3;OK
SEC;BWI;SEC;SR;OK;TASK000015022306;Priority 4;OK
SEC;BWI;SEC;SR;OK;TASK000015022630;Priority 4;OK
CNC;EES;CNC;SR;OK;TASK000015022715;Priority 3;OK
SEC;DPY;SEC;SR;OK;TASK000015022890;Priority 4;OK
SEC;DCF;SEC;SR;OK;TASK000015023008;Priority 4;OK
CNC;BWI;L1 ;SR;OK;TASK000015023443;Priority 3;OK
FIN;812;INS;INC;OK;TASK000015024747;Priority 4;OK
APS;ETH;APS;SR;OK;TASK000015024751;Priority 3;OK
FUN;WS;FUN;SR;OK;TASK000015024792;Priority 4;OK
L1;812;MON;SR;OK;TASK000015025073;Priority 3;OK
SEC;DCF;SEC;SR;OK;TASK000015025089;Priority 4;OK
SEC;SYN;SEC;SR;OK;TASK000015025407;Priority 3;OK
CNC;812;CNC;SR;OK;TASK000015025724;Priority 3;OK
SEC;812;SEC;SR;OK;TASK000015025899;Priority 3;OK
CNC;812;L1 ;SR;OK;TASK000015026032;Priority 3;OK
CNC;DPY;L1 ;SR;OK;TASK000015026224;Priority 3;OK
FUN;DXE;FUN;SR;OK;TASK000015026416;Priority 3;OK
APS;ETH;APS;SR;OK;TASK000015026428;Priority 3;OK
SEC;812;SEC;SR;Defect;TASK000015026562;Priority 3;OK
SEC;EES;SEC;SR;OK;TASK000015026600;Priority 4;OK
SEC;812;SEC;SR;OK;TASK000015026630;Priority 3;OK
MNT;MNT;FUN;SR;OK;TASK000015026698;Priority 4;OK
FUN;ETH;FUN;SR;OK;TASK000015027114;Priority 3;OK
SEC;BWI;SEC;SR;OK;TASK000015027225;Priority 4;OK
APS;ETH;APS;SR;OK;TASK000015027516;Priority 3;OK
SEC;BWI;SEC;SR;Defect;TASK000015027722;Priority 4;OK
SEC;SYN;SEC;SR;OK;TASK000015027739;Priority 3;OK
SEC;DXE;SEC;SR;OK;TASK000015027864;Priority 3;OK
SEC;EES;SEC;SR;OK;TASK000015028035;Priority 4;OK
SEC;EES;SEC;SR;OK;TASK000015028064;Priority 4;OK
CNC;EES;CNC;SR;OK;TASK000015028210;Priority 3;OK
SEC;BWI;SEC;SR;OK;TASK000015029036;Priority 4;OK
FUN;MNT;FUN;SR;OK;TASK000015029052;Priority 3;OK
APS;ETH;APS;SR;OK;TASK000015029899;Priority 3;OK
SEC;812;SEC;SR;OK;TASK000015030058;Priority 3;OK
SEC;SYN;SEC;SR;Defect;TASK000015030494;Priority 3;OK
APS;ETH;APS;SR;OK;TASK000015030518;Priority 3;OK
CNC;812;CNC;SR;OK;TASK000015030616;Priority 3;OK
CNC;812;CNC;SR;OK;TASK000015030789;Priority 3;OK
DBA;812;DBA;SR;OK;TASK000015030808;Priority 3;OK
FUN;812;FUN;SR;OK;TASK000015030830;Priority 4;OK
FUN;812;FUN;SR;OK;TASK000015030863;Priority 4;OK
APS;ETH;APS;SR;OK;TASK000015030958;Priority 3;OK
SEC;EES;SEC;SR;OK;TASK000015031000;Priority 4;OK
SEC;EMS;SEC;SR;OK;TASK000015031066;Priority 3;OK
SEC;DXE;SEC;SR;OK;TASK000015031110;Priority 3;OK
SEC;DCF;SEC;SR;OK;TASK000015031147;Priority 4;OK
CNC;812;CNC;SR;OK;TASK000015031176;Priority 3;OK
FUN;812;FUN;SR;OK;TASK000015031293;Priority 4;OK
SEC;SYN;SEC;SR;OK;TASK000015031346;Priority 3;OK
SEC;MNT;SEC;SR;OK;TASK000015031431;Priority 4;OK
SEC;812;SEC;SR;OK;TASK000015031553;Priority 4;OK
APS;EES;APS;SR;OK;TASK000015031558;Priority 4;OK
SEC;812;SEC;SR;OK;TASK000015031803;Priority 3;OK
DBA;812;DBA;SR;OK;TASK000015031880;Priority 3;OK
SEC;SYN;SEC;SR;OK;TASK000015032041;Priority 3;OK
SEC;812;SEC;SR;OK;TASK000015032263;Priority 3;OK
SEC;812;SEC;SR;OK;TASK000015032369;Priority 3;OK
TEC;SYN;FUN;SR;OK;TASK000015032464;Priority 3;OK
APS;ETH;APS;SR;OK;TASK000015032549;Priority 4;OK
TEC;ETH;FUN;INC;OK;TASK000015032631;Priority 4;OK
SEC;EES;SEC;SR;OK;TASK000015032908;Priority 4;OK
SEC;SYN;SEC;SR;OK;TASK000015033201;Priority 3;OK
SEC;MNT;SEC;SR;OK;TASK000015033785;Priority 3;OK
SEC;BWI;SEC;SR;OK;TASK000015033901;Priority 4;OK
SEC;DCF;SEC;SR;OK;TASK000015033972;Priority 4;OK
MNT;MNT;FUN;SR;OK;TASK000015034120;Priority 4;OK
SEC;DCF;SEC;SR;OK;TASK000015034146;Priority 4;OK
SEC;DCF;SEC;SR;OK;TASK000015034160;Priority 4;OK
SEC;BWI;SEC;SR;OK;TASK000015034469;Priority 4;OK
APS;ETH;APS;SR;OK;TASK000015034618;Priority 4;OK
L1;MNT;MON;SR;OK;TASK000015034774;Priority 3;OK
SEC;812;SEC;SR;OK;TASK000015035368;Priority 3;OK
CNC;812;CNC;SR;OK;TASK000015035483;Priority 3;OK
FUN;812;FUN;SR;OK;TASK000015035508;Priority 4;OK
SEC;DXE;SEC;SR;OK;TASK000015035667;Priority 3;OK
FUN;812;FUN;SR;OK;TASK000015035725;Priority 3;OK
FUN;812;FUN;SR;OK;TASK000015035731;Priority 3;OK
FUN;812;FUN;SR;OK;TASK000015035740;Priority 3;OK
CNC;812;CNC;SR;OK;TASK000015036025;Priority 3;OK
FUN;812;FUN;SR;OK;TASK000015036177;Priority 4;OK
SEC;812;SEC;SR;OK;TASK000015036293;Priority 3;OK
FUN;MNT;FUN;SR;OK;TASK000015036455;Priority 4;OK
SEC;EES;SEC;SR;OK;TASK000015036931;Priority 4;OK
SEC;MNT;SEC;SR;OK;TASK000015036938;Priority 4;OK
SEC;DXE;SEC;SR;OK;TASK000015037360;Priority 3;OK
CNC;BWI;L1 ;SR;OK;TASK000015037429;Priority 3;OK
APS;EES;APS;SR;OK;TASK000015037454;Priority 4;OK
FUN;MNT;FUN;SR;Defect;TASK000015037520;Priority 4;OK
SEC;BWI;SEC;SR;OK;TASK000015037644;Priority 4;OK
APS;ETH;APS;SR;OK;TASK000015037654;Priority 4;OK
SEC;EES;SEC;SR;OK;TASK000015037806;Priority 4;OK
SEC;812;SEC;SR;OK;TASK000015037829;Priority 3;OK
FUN;812;FUN;SR;Defect;TASK000015038365;Priority 3;OK
SEC;BWI;SEC;SR;OK;TASK000015038644;Priority 4;OK
CNC;812;MON;SR;OK;TASK000015039479;Priority 3;OK
FUN;DXE;FUN;SR;OK;TASK000015039544;Priority 3;OK
SEC;DCF;SEC;SR;OK;TASK000015039581;Priority 4;OK
SEC;DCF;SEC;SR;OK;TASK000015039742;Priority 4;OK
SEC;WS;SEC;SR;OK;TASK000015039765;Priority 3;OK
L1;BWI;L1 ;SR;OK;TASK000015040078;Priority 3;OK
FUN;812;FUN;SR;OK;TASK000015040154;Priority 3;OK
FUN;812;FUN;SR;OK;TASK000015040165;Priority 4;OK
SEC;DCF;SEC;SR;OK;TASK000015040204;Priority 4;OK
SEC;EES;SEC;SR;OK;TASK000015040594;Priority 4;OK
SEC;MNT;SEC;SR;OK;TASK000015040927;Priority 4;OK
SEC;MNT;SEC;SR;OK;TASK000015040948;Priority 4;OK
SEC;DXE;SEC;SR;OK;TASK000015040957;Priority 4;OK
MNT;MNT;FUN;INC;OK;TASK000015041005;Priority 4;OK
TEC;SYN;FUN;SR;OK;TASK000015042200;Priority 3;OK
APS;ETH;APS;SR;OK;TASK000015042206;Priority 3;OK
MNT;MNT;FUN;SR;OK;TASK000015042265;Priority 4;OK
TEC;SYN;FUN;SR;OK;TASK000015042443;Priority 3;OK
SEC;SYN;SEC;SR;OK;TASK000015042525;Priority 3;OK
SEC;DCF;SEC;SR;OK;TASK000015042804;Priority 4;OK
SEC;812;SEC;SR;Defect;TASK000015043109;Priority 3;OK
SEC;ETH;SEC;SR;OK;TASK000015043142;Priority 4;OK
L1;DPY;CNC;SR;OK;TASK000015043155;Priority 3;OK
SEC;DCF;SEC;SR;OK;TASK000015043637;Priority 4;OK
SEC;DCF;SEC;SR;OK;TASK000015045129;Priority 4;OK
SEC;DCF;SEC;SR;OK;TASK000015045147;Priority 4;OK
FIN;812;INS;SR;Defect;TASK000015045360;Priority 4;OK
SEC;MNT;SEC;SR;OK;TASK000015045866;Priority 4;OK
SEC;MNT;SEC;SR;OK;TASK000015045899;Priority 4;OK
SEC;BWI;SEC;SR;OK;TASK000015047112;Priority 4;OK
SEC;BWI;SEC;SR;OK;TASK000015047325;Priority 4;OK
FUN;812;FUN;SR;OK;TASK000015047839;Priority 4;OK
TEC;ETH;TEC;SR;OK;TASK000015048145;Priority 4;OK
SEC;EES;SEC;SR;OK;TASK000015048950;Priority 4;OK
SEC;DCF;SEC;SR;OK;TASK000015049035;Priority 4;OK
SEC;DPY;SEC;SR;OK;TASK000015049360;Priority 4;OK
SEC;DCF;SEC;SR;OK;TASK000015049751;Priority 4;OK
SEC;MNT;SEC;SR;OK;TASK000015050896;Priority 4;OK
SEC;812;SEC;SR;OK;TASK000015051107;Priority 4;OK
FUN;EMS;FUN;SR;OK;TASK000015051214;Priority 4;OK
SEC;DCF;SEC;SR;OK;TASK000015051816;Priority 4;OK
SEC;DCF;SEC;SR;OK;TASK000015051854;Priority 4;OK
SEC;DCF;SEC;SR;OK;TASK000015052256;Priority 4;OK
FUN;MNT;FUN;INC;OK;TASK000015052382;Priority 4;OK
SEC;DCF;SEC;SR;OK;TASK000015052424;Priority 4;OK
SEC;EES;SEC;SR;OK;TASK000015053343;Priority 4;OK
SEC;ETH;SEC;SR;OK;TASK000015053779;Priority 4;OK
SEC;BWI;SEC;SR;OK;TASK000015054157;Priority 4;OK
SEC;ETH;SEC;SR;OK;TASK000015054318;Priority 4;OK
SEC;BWI;SEC;SR;OK;TASK000015055135;Priority 4;OK
SEC;ETH;SEC;SR;OK;TASK000015056049;Priority 4;OK
FUN;COR;FUN;SR;OK;TASK000015056065;Priority 3;OK
SEC;ETH;SEC;SR;OK;TASK000015056128;Priority 4;OK
SEC;DCF;SEC;SR;OK;TASK000015056201;Priority 4;OK
FUN;WS;FUN;SR;OK;TASK000015056209;Priority 4;OK
SEC;812;SEC;SR;OK;TASK000015056282;Priority 3;OK
SCH;812;SCH;SR;OK;TASK000015056289;Priority 3;OK
SEC;812;SEC;SR;OK;TASK000015056316;Priority 3;OK
SEC;EMS;SEC;SR;OK;TASK000015056662;Priority 3;OK
SEC;812;SEC;SR;OK;TASK000015056725;Priority 4;OK
SEC;812;SEC;SR;OK;TASK000015056868;Priority 4;OK
DBA;812;DBA;SR;OK;TASK000015057288;Priority 3;OK
SCH;LAT;SCH;SR;OK;TASK000015057296;Priority 3;OK
APS;ETH;APS;SR;OK;TASK000015057429;Priority 3;OK
APS;ETH;APS;SR;OK;TASK000015057676;Priority 3;OK
DBA;812;DBA;SR;OK;TASK000015057795;Priority 3;OK
SEC;EMS;FUN;SR;OK;TASK000015057829;Priority 3;OK
SEC;812;SEC;SR;Defect;TASK000015057965;Priority 3;OK
SEC;812;SEC;SR;OK;TASK000015058198;Priority 3;OK
DBA;812;DBA;SR;OK;TASK000015058633;Priority 3;OK
SEC;ETH;SEC;SR;OK;TASK000015058971;Priority 4;OK
SEC;SYN;SEC;SR;OK;TASK000015059428;Priority 3;OK
FUN;812;FUN;SR;OK;TASK000015059801;Priority 4;OK
SEC;DPY;SEC;SR;OK;TASK000015059873;Priority 4;OK
SEC;MNT;SEC;SR;OK;TASK000015059943;Priority 4;OK
SEC;BWI;SEC;SR;OK;TASK000015060009;Priority 4;OK
CNC;DCF;CNC;SR;OK;TASK000015060029;Priority 3;OK
SEC;MNT;SEC;SR;OK;TASK000015060131;Priority 4;OK
SEC;ETH;SEC;SR;OK;TASK000015060146;Priority 4;OK
SEC;DXE;SEC;SR;Defect;TASK000015060206;Priority 3;OK
APS;DCF;APS;SR;OK;TASK000015060216;Priority 3;OK
0;MNT;MON;SR;OK;TASK000015060323;Priority 3;OK
CNC;BWI;L1 ;SR;OK;TASK000015060461;Priority 3;OK
SEC;BWI;SEC;SR;OK;TASK000015060485;Priority 4;OK
FUN;812;FUN;SR;OK;TASK000015060669;Priority 4;OK
SEC;812;SEC;SR;OK;TASK000015061484;Priority 3;OK
FUN;EMS;FUN;SR;OK;TASK000015061623;Priority 4;OK
APS;ETH;APS;SR;OK;TASK000015061821;Priority 4;OK
CNC;812;CNC;SR;OK;TASK000015061824;Priority 3;OK
FIN;812;FUN;SR;OK;TASK000015061998;Priority 3;OK
SEC;DXE;SEC;SR;OK;TASK000015062086;Priority 3;OK
FUN;812;FUN;SR;OK;TASK000015062206;Priority 3;OK
FUN;812;FUN;SR;OK;TASK000015062236;Priority 4;OK
FUN;812;FUN;SR;OK;TASK000015062295;Priority 3;OK
SEC;ETH;SEC;SR;OK;TASK000015062387;Priority 4;OK
SEC;MNT;SEC;SR;OK;TASK000015062442;Priority 4;OK
CNC;812;CNC;SR;OK;TASK000015062443;Priority 3;OK
SEC;EMS;SEC;SR;OK;TASK000015062710;Priority 3;OK
CNC;812;CNC;SR;OK;TASK000015062765;Priority 3;OK
FIN;812;FUN;SR;OK;TASK000015062937;Priority 3;OK
SEC;DCF;SEC;SR;OK;TASK000015063132;Priority 4;OK
SEC;BWI;SEC;SR;OK;TASK000015063291;Priority 4;OK
SEC;LAT;SEC;SR;OK;TASK000015063356;Priority 4;OK
SEC;MNT;SEC;SR;OK;TASK000015063409;Priority 4;OK
CNC;812;CNC;SR;OK;TASK000015063540;Priority 3;OK
SEC;MNT;SEC;SR;OK;TASK000015064168;Priority 4;OK
SEC;BWI;SEC;SR;OK;TASK000015064237;Priority 4;OK
SEC;ETH;SEC;SR;OK;TASK000015064320;Priority 4;OK
APS;ETH;APS;SR;OK;TASK000015064470;Priority 4;OK
SEC;812;SEC;SR;OK;TASK000015064554;Priority 4;OK
SEC;BWI;SEC;SR;OK;TASK000015064597;Priority 4;OK
SEC;BWI;SEC;SR;Defect;TASK000015064651;Priority 4;OK
0;MNT;MON;SR;OK;TASK000015064751;Priority 3;OK
SEC;SYN;SEC;SR;Defect;TASK000015064885;Priority 3;OK
TEC;SYN;FUN;SR;OK;TASK000015064921;Priority 3;OK
SEC;BWI;SEC;SR;Defect;TASK000015065057;Priority 3;OK
SEC;MNT;SEC;SR;OK;TASK000015065696;Priority 4;OK
CNC;DPY;CNC;SR;OK;TASK000015065879;Priority 3;OK
FUN;812;FUN;SR;OK;TASK000015065919;Priority 4;OK
SEC;812;SEC;SR;Defect;TASK000015066319;Priority 3;OK
SEC;812;SEC;SR;OK;TASK000015066341;Priority 4;OK
DBA;812;DBA;SR;OK;TASK000015066350;Priority 3;OK
SEC;MNT;SEC;SR;OK;TASK000015066386;Priority 3;OK
SEC;812;SEC;SR;Defect;TASK000015066500;Priority 3;OK
SEC;812;SEC;SR;OK;TASK000015066503;Priority 4;OK
SEC;812;SEC;SR;OK;TASK000015066509;Priority 4;OK
SEC;812;SEC;SR;OK;TASK000015066512;Priority 4;OK
SEC;EMS;SEC;SR;OK;TASK000015066654;Priority 3;OK
SEC;BWI;SEC;SR;Defect;TASK000015066906;Priority 3;OK
CNC;DPY;CNC;SR;OK;TASK000015067042;Priority 3;OK
SEC;WS;SEC;SR;OK;TASK000015067045;Priority 3;OK
FIN;MNT;FUN;INC;Defect;TASK000015067114;Priority 4;OK
SCH;812;SCH;SR;OK;TASK000015067155;Priority 3;OK
SEC;DXE;SEC;SR;OK;TASK000015067234;Priority 3;OK
FUN;812;FUN;SR;OK;TASK000015067279;Priority 3;OK
SEC;812;SEC;SR;OK;TASK000015067327;Priority 4;OK
FUN;812;FUN;SR;OK;TASK000015067352;Priority 3;OK
SEC;MNT;SEC;SR;OK;TASK000015067354;Priority 4;OK
SEC;SYN;SEC;SR;OK;TASK000015067649;Priority 3;OK
FUN;EMS;FUN;SR;OK;TASK000015067701;Priority 3;OK
SEC;812;SEC;SR;OK;TASK000015067718;Priority 3;OK
SEC;LAT;SEC;SR;OK;TASK000015067786;Priority 4;OK
SEC;DCF;SEC;SR;OK;TASK000015067881;Priority 4;OK
CNC;812;CNC;SR;OK;TASK000015068201;Priority 3;OK
SEC;SYN;SEC;SR;OK;TASK000015068229;Priority 3;OK
TEC;SYN;FUN;SR;OK;TASK000015068536;Priority 3;OK
SEC;BWI;SEC;SR;Defect;TASK000015068538;Priority 4;OK
SEC;MNT;SEC;SR;OK;TASK000015068632;Priority 4;OK
APS;ETH;APS;SR;OK;TASK000015068678;Priority 3;OK
SEC;BWI;SEC;SR;OK;TASK000015068813;Priority 4;OK
TEC;DCF;TEC;SR;OK;TASK000015068915;Priority 4;OK
SEC;DCF;SEC;SR;OK;TASK000015069648;Priority 4;OK
SEC;BWI;SEC;SR;OK;TASK000015069824;Priority 4;OK
SEC;BWI;SEC;SR;OK;TASK000015069831;Priority 4;OK
SEC;DXE;SEC;SR;OK;TASK000015070994;Priority 3;OK
SEC;DXE;SEC;SR;Defect;TASK000015071262;Priority 3;OK
OPS;EMS;OPS;SR;OK;TASK000015071348;Priority 3;OK
SEC;812;SEC;SR;OK;TASK000015071592;Priority 4;OK
SEC;MNT;SEC;SR;OK;TASK000015071615;Priority 4;OK
SEC;812;SEC;SR;OK;TASK000015071969;Priority 4;OK
DBA;812;DBA;SR;OK;TASK000015072051;Priority 3;OK
DBA;812;DBA;SR;OK;TASK000015072642;Priority 3;OK
CNC;812;CNC;SR;OK;TASK000015072804;Priority 3;OK
SEC;DCF;SEC;SR;OK;TASK000015072916;Priority 4;OK
CNC;BWI;L1 ;SR;OK;TASK000015072938;Priority 3;OK
SEC;812;SEC;SR;OK;TASK000015072962;Priority 4;OK
CNC;812;MON;SR;OK;TASK000015072976;Priority 3;OK
SEC;812;SEC;SR;OK;TASK000015073073;Priority 4;OK
SEC;EMS;SEC;SR;OK;TASK000015073098;Priority 3;OK
APS;ETH;APS;SR;OK;TASK000015073102;Priority 3;OK
SEC;BWI;SEC;SR;OK;TASK000015073304;Priority 4;OK
SEC;BWI;SEC;SR;Defect;TASK000015073376;Priority 4;OK
SEC;DCF;SEC;SR;OK;TASK000015073437;Priority 4;OK
SEC;WS;SEC;SR;Defect;TASK000015073582;Priority 3;OK
SEC;EMS;SEC;SR;OK;TASK000015073655;Priority 4;OK
SEC;BWI;SEC;SR;OK;TASK000015073731;Priority 4;OK
SEC;EMS;SEC;SR;Defect;TASK000015073896;Priority 3;OK
APS;ETH;APS;SR;OK;TASK000015074011;Priority 3;OK
SCH;812;SCH;SR;OK;TASK000015074101;Priority 3;OK
SEC;BWI;SEC;SR;OK;TASK000015074118;Priority 4;OK
CNC;812;CNC;SR;OK;TASK000015074159;Priority 3;OK
CNC;812;CNC;SR;OK;TASK000015074328;Priority 3;OK
CNC;812;CNC;SR;OK;TASK000015074335;Priority 3;OK
SEC;MNT;SEC;SR;OK;TASK000015074549;Priority 4;OK
CNC;BWI;L1 ;SR;OK;TASK000015075029;Priority 3;OK
FUN;MNT;FUN;SR;OK;TASK000015075083;Priority 4;OK
SEC;BWI;SEC;SR;OK;TASK000015075117;Priority 4;OK
SEC;EES;SEC;SR;OK;TASK000015075190;Priority 4;OK
SEC;MNT;SEC;SR;OK;TASK000015075336;Priority 4;OK
SEC;DCF;SEC;SR;OK;TASK000015075489;Priority 4;OK
FUN;MNT;FUN;SR;Defect;TASK000015075498;Priority 4;OK
0;BWI;L1 ;SR;OK;TASK000015075532;Priority 3;OK
0;BWI;L1 ;SR;OK;TASK000015075653;Priority 3;OK
SEC;EES;SEC;SR;OK;TASK000015075845;Priority 3;OK
SEC;812;SEC;SR;OK;TASK000015075902;Priority 4;OK
SEC;ETH;SEC;SR;OK;TASK000015076178;Priority 4;OK
CNC;ETH;CNC;SR;Defect;TASK000015076245;Priority 3;OK
SEC;DCF;SEC;SR;OK;TASK000015076444;Priority 4;OK
SEC;812;SEC;SR;OK;TASK000015076593;Priority 3;OK
SEC;812;SEC;SR;OK;TASK000015076917;Priority 3;OK
SEC;812;SEC;SR;OK;TASK000015077011;Priority 3;OK
FUN;COR;FUN;SR;OK;TASK000015077036;Priority 3;OK
FUN;812;FUN;SR;OK;TASK000015077108;Priority 3;OK
SEC;DXE;SEC;SR;Defect;TASK000015077145;Priority 3;OK
DBA;812;DBA;SR;OK;TASK000015077146;Priority 3;OK
SEC;812;SEC;SR;OK;TASK000015077184;Priority 3;OK
SEC;812;SEC;SR;OK;TASK000015077239;Priority 3;OK
FIN;DXE;FUN;SR;Defect;TASK000015077282;Priority 4;OK
SEC;812;SEC;SR;Defect;TASK000015077542;Priority 3;OK
FUN;812;FUN;SR;OK;TASK000015077854;Priority 4;OK
SEC;EES;SEC;SR;OK;TASK000015077910;Priority 4;OK
SEC;812;SEC;SR;Defect;TASK000015078019;Priority 3;OK
SEC;SYN;SEC;SR;Defect;TASK000015078123;Priority 3;OK
SEC;EMS;SEC;SR;OK;TASK000015078357;Priority 3;OK
FUN;812;FUN;SR;OK;TASK000015078388;Priority 3;OK
SEC;BWI;SEC;SR;OK;TASK000015078393;Priority 4;OK
SEC;BWI;SEC;SR;OK;TASK000015078418;Priority 4;OK
SEC;812;SEC;SR;Defect;TASK000015078440;Priority 3;OK
FUN;COR;FUN;SR;OK;TASK000015079121;Priority 3;OK
FUN;MNT;FUN;SR;OK;TASK000015079313;Priority 4;OK
SEC;SYN;SEC;SR;OK;TASK000015079406;Priority 3;OK
APS;ETH;APS;SR;OK;TASK000015079468;Priority 3;OK
SEC;812;SEC;SR;OK;TASK000015079727;Priority 3;OK
APS;ETH;APS;SR;OK;TASK000015079830;Priority 3;OK
CNC;ETH;L1 ;SR;OK;TASK000015079831;Priority 3;OK
SEC;BWI;SEC;SR;Defect;TASK000015079936;Priority 4;OK
SEC;DXE;SEC;SR;Defect;TASK000015080140;Priority 3;OK
SEC;BWI;SEC;SR;OK;TASK000015080545;Priority 4;OK
SEC;DCF;SEC;SR;OK;TASK000015081157;Priority 4;OK
FUN;812;FUN;SR;OK;TASK000015081466;Priority 3;OK
SEC;WS;SEC;SR;OK;TASK000015081808;Priority 3;OK
SEC;SYN;SEC;SR;Defect;TASK000015081916;Priority 3;OK
SEC;ETH;SEC;SR;OK;TASK000015081919;Priority 4;OK
SEC;ETH;SEC;SR;OK;TASK000015082407;Priority 4;OK
APS;ETH;APS;SR;OK;TASK000015082438;Priority 3;OK
TEC;SYN;FUN;SR;OK;TASK000015082476;Priority 3;OK
SEC;812;SEC;SR;OK;TASK000015082545;Priority 3;OK
FUN;DXE;FUN;SR;OK;TASK000015082589;Priority 3;OK
APS;ETH;APS;SR;OK;TASK000015082730;Priority 3;OK
SEC;812;SEC;SR;OK;TASK000015083013;Priority 4;OK
FUN;812;FUN;SR;OK;TASK000015083195;Priority 3;OK
SEC;DCF;SEC;SR;OK;TASK000015083341;Priority 4;OK
APS;ETH;APS;SR;OK;TASK000015083379;Priority 3;OK
SEC;MNT;SEC;SR;OK;TASK000015083430;Priority 4;OK
FUN;WS;FUN;SR;OK;TASK000015083434;Priority 3;OK
APS;ETH;APS;SR;OK;TASK000015083573;Priority 3;OK
APS;ETH;APS;SR;OK;TASK000015084406;Priority 3;OK
APS;ETH;APS;SR;OK;TASK000015084477;Priority 3;OK
APS;ETH;APS;SR;OK;TASK000015084518;Priority 3;OK
SEC;BWI;SEC;SR;OK;TASK000015084626;Priority 4;OK
SEC;BWI;SEC;SR;OK;TASK000015084704;Priority 4;OK
TEC;SYN;FUN;SR;OK;TASK000015084737;Priority 3;OK
TEC;DCF;TEC;SR;OK;TASK000015084778;Priority 3;OK
SEC;BWI;SEC;SR;OK;TASK000015084792;Priority 3;OK
SEC;DPY;SEC;SR;OK;TASK000015084951;Priority 4;OK
SEC;SYN;SEC;SR;Defect;TASK000015085134;Priority 3;OK
L1;DPY;CNC;SR;OK;TASK000015085169;Priority 4;OK
SEC;BWI;SEC;SR;OK;TASK000015085457;Priority 4;OK
CNC;WS;WS ;SR;OK;TASK000015085915;Priority 3;OK
L1;BWI;L1 ;SR;OK;TASK000015085952;Priority 3;OK
OPS;EMS;OPS;SR;OK;TASK000015086252;Priority 3;OK
SEC;DCF;SEC;SR;OK;TASK000015086436;Priority 4;OK
FUN;812;FUN;SR;OK;TASK000015086524;Priority 4;OK
APS;ETH;APS;SR;OK;TASK000015086538;Priority 3;OK
SEC;DCF;SEC;SR;OK;TASK000015086584;Priority 4;OK
CNC;DPY;CNC;SR;OK;TASK000015086824;Priority 3;OK
SEC;BWI;SEC;SR;OK;TASK000015087137;Priority 4;OK
SEC;812;SEC;SR;OK;TASK000015087162;Priority 3;OK
APS;DCF;APS;SR;OK;TASK000015087321;Priority 3;OK
CNC;DPY;CNC;SR;OK;TASK000015087322;Priority 3;OK
FUN;812;FUN;SR;OK;TASK000015087402;Priority 3;OK
CNC;DPY;CNC;SR;OK;TASK000015087424;Priority 3;OK
SEC;812;SEC;SR;OK;TASK000015087468;Priority 4;OK
APS;ETH;APS;SR;OK;TASK000015087587;Priority 4;OK
SEC;SYN;SEC;SR;Defect;TASK000015087643;Priority 3;OK
DBA;812;DBA;SR;OK;TASK000015087693;Priority 3;OK
CNC;EMS;OPS;SR;Defect;TASK000015087788;Priority 3;OK
SEC;812;SEC;SR;OK;TASK000015087952;Priority 4;OK
CNC;812;CNC;SR;OK;TASK000015088076;Priority 3;OK
FUN;812;FUN;SR;OK;TASK000015088189;Priority 4;OK
APS;ETH;APS;SR;OK;TASK000015088372;Priority 3;OK
SEC;812;SEC;SR;OK;TASK000015088432;Priority 3;OK
SEC;812;SEC;SR;OK;TASK000015088454;Priority 3;OK
SEC;812;SEC;SR;OK;TASK000015088471;Priority 4;OK
DCF;DCF;FUN;SR;OK;TASK000015088500;Priority 4;OK
APS;ETH;APS;SR;OK;TASK000015088574;Priority 3;OK
SEC;ETH;SEC;SR;OK;TASK000015088589;Priority 4;OK
APS;EES;APS;SR;OK;TASK000015088808;Priority 3;OK
FUN;COR;FUN;SR;OK;TASK000015088958;Priority 3;OK
FUN;DXE;FUN;SR;OK;TASK000015089290;Priority 3;OK
FUN;DXE;FUN;SR;OK;TASK000015089296;Priority 3;OK
SEC;DPY;SEC;SR;OK;TASK000015089675;Priority 4;OK
L1;812;MON;SR;OK;TASK000015089704;Priority 3;OK
SEC;SYN;SEC;SR;OK;TASK000015089989;Priority 3;OK
L1;812;MON;SR;OK;TASK000015090253;Priority 3;OK
SEC;ETH;SEC;SR;OK;TASK000015090619;Priority 4;OK
FUN;DXE;FUN;SR;OK;TASK000015090681;Priority 3;OK
DCF;DCF;FUN;SR;OK;TASK000015090748;Priority 4;OK
SEC;DPY;SEC;SR;OK;TASK000015090942;Priority 3;OK
SEC;EMS;SEC;SR;OK;TASK000015091022;Priority 3;OK
SEC;DXE;SEC;SR;OK;TASK000015091110;Priority 3;OK
SEC;DXE;SEC;SR;OK;TASK000015091367;Priority 3;OK
SEC;EMS;SEC;SR;OK;TASK000015091704;Priority 4;OK
SEC;MNT;SEC;SR;OK;TASK000015091782;Priority 4;OK
SEC;DPY;SEC;SR;OK;TASK000015092031;Priority 4;OK
SEC;DPY;SEC;SR;OK;TASK000015092159;Priority 3;OK
SEC;SYN;SEC;SR;Defect;TASK000015092181;Priority 3;OK
SEC;SYN;SEC;SR;Defect;TASK000015092195;Priority 3;OK
SEC;DPY;SEC;SR;OK;TASK000015092289;Priority 4;OK
DCF;DCF;FUN;INC;Defect;TASK000015092699;Priority 4;OK
SEC;BWI;SEC;SR;OK;TASK000015092760;Priority 4;OK
OPS;EMS;OPS;SR;Defect;TASK000015092767;Priority 3;OK
SEC;SYN;SEC;SR;Defect;TASK000015092869;Priority 3;OK
SEC;MNT;SEC;SR;OK;TASK000015094080;Priority 4;OK
SEC;MNT;SEC;SR;OK;TASK000015094092;Priority 4;OK
L1;BWI;L1 ;SR;OK;TASK000015094438;Priority 3;OK
DBA;812;DBA;SR;OK;TASK000015094550;Priority 3;OK
SEC;EES;SEC;SR;Defect;TASK000015094579;Priority 3;OK
SEC;EES;SEC;SR;Defect;TASK000015094580;Priority 3;OK
SEC;EES;SEC;SR;OK;TASK000015094581;Priority 4;OK
SEC;EES;SEC;SR;OK;TASK000015094584;Priority 4;OK
SEC;DXE;SEC;SR;OK;TASK000015095698;Priority 3;OK
DBA;812;DBA;SR;OK;TASK000015095907;Priority 4;OK
FUN;812;FUN;SR;OK;TASK000015096261;Priority 3;OK
FUN;812;FUN;SR;OK;TASK000015096641;Priority 4;OK
SEC;EMS;SEC;SR;Defect;TASK000015096653;Priority 3;OK
CNC;812;CNC;SR;OK;TASK000015096994;Priority 3;OK
SEC;DCF;SEC;SR;OK;TASK000015097246;Priority 4;OK
SEC;DCF;SEC;SR;OK;TASK000015097525;Priority 4;OK
FUN;812;FUN;SR;OK;TASK000015097930;Priority 4;OK
FUN;812;FUN;SR;OK;TASK000015097991;Priority 4;OK
SEC;812;SEC;SR;Defect;TASK000015098222;Priority 3;OK
SEC;812;SEC;SR;OK;TASK000015098255;Priority 4;OK
SEC;BWI;SEC;SR;OK;TASK000015098286;Priority 4;OK
SEC;SYN;SEC;SR;Defect;TASK000015098343;Priority 3;OK
APS;ETH;APS;SR;OK;TASK000015098408;Priority 3;OK
SEC;SYN;SEC;SR;OK;TASK000015098712;Priority 3;OK
DBA;812;DBA;SR;Defect;TASK000015098724;Priority 3;OK
SEC;LAT;SEC;SR;OK;TASK000015098895;Priority 3;OK
SEC;DCF;SEC;SR;OK;TASK000015098949;Priority 4;OK
SEC;812;SEC;SR;OK;TASK000015099145;Priority 3;OK
SEC;MNT;SEC;SR;OK;TASK000015099152;Priority 4;OK
SEC;MNT;SEC;SR;OK;TASK000015099203;Priority 4;OK
SEC;MNT;SEC;SR;OK;TASK000015099210;Priority 4;OK
SEC;DPY;SEC;SR;OK;TASK000015099238;Priority 4;OK
SEC;DPY;SEC;SR;OK;TASK000015099245;Priority 4;OK
SEC;SYN;SEC;SR;OK;TASK000015099318;Priority 3;OK
SEC;BWI;SEC;SR;OK;TASK000015099471;Priority 4;OK
SEC;DCF;SEC;SR;OK;TASK000015099611;Priority 4;OK
APS;ETH;APS;SR;OK;TASK000015099663;Priority 3;OK
SEC;BWI;SEC;SR;OK;TASK000015100115;Priority 4;OK
SEC;BWI;SEC;SR;OK;TASK000015100464;Priority 4;OK
SEC;DXE;SEC;SR;OK;TASK000015100607;Priority 4;OK
SEC;DCF;SEC;SR;OK;TASK000015100608;Priority 4;OK
SEC;DCF;SEC;SR;OK;TASK000015100616;Priority 4;OK
SEC;DCF;SEC;SR;OK;TASK000015100619;Priority 4;OK
APS;ETH;APS;SR;OK;TASK000015101126;Priority 3;OK
APS;ETH;APS;SR;OK;TASK000015101170;Priority 3;OK
SEC;BWI;SEC;SR;OK;TASK000015101494;Priority 4;OK
SEC;812;SEC;SR;OK;TASK000015101780;Priority 4;OK
FIN;812;FUN;SR;OK;TASK000015101836;Priority 3;OK
DBA;812;DBA;SR;OK;TASK000015101873;Priority 4;OK
SEC;812;SEC;SR;OK;TASK000015101882;Priority 3;OK
SEC;812;SEC;SR;OK;TASK000015102110;Priority 3;OK
SEC;DCF;SEC;SR;OK;TASK000015102263;Priority 4;OK
SEC;812;SEC;SR;OK;TASK000015102491;Priority 4;OK
FUN;812;FUN;SR;OK;TASK000015103022;Priority 4;OK
SEC;812;SEC;SR;Defect;TASK000015103304;Priority 3;OK
SEC;812;SEC;SR;OK;TASK000015103387;Priority 3;OK
SEC;SYN;SEC;SR;Defect;TASK000015103482;Priority 3;OK
DBA;812;DBA;SR;OK;TASK000015103521;Priority 3;OK
FUN;812;FUN;SR;OK;TASK000015103563;Priority 3;OK
SEC;812;SEC;SR;OK;TASK000015103603;Priority 3;OK
SEC;EES;SEC;SR;OK;TASK000015103616;Priority 4;OK
SEC;DCF;SEC;SR;OK;TASK000015103646;Priority 4;OK
FUN;812;FUN;SR;OK;TASK000015103938;Priority 3;OK
SEC;DCF;SEC;SR;OK;TASK000015103946;Priority 4;OK
DCF;DCF;FUN;SR;OK;TASK000015104081;Priority 4;OK
DBA;812;DBA;SR;OK;TASK000015104196;Priority 3;OK
SEC;EES;SEC;SR;OK;TASK000015105238;Priority 4;OK
APS;EES;APS;SR;OK;TASK000015105320;Priority 4;OK
DCF;DCF;FUN;SR;OK;TASK000015105477;Priority 3;OK
L1;BWI;L1 ;SR;OK;TASK000015106125;Priority 3;OK
SEC;ETH;SEC;SR;OK;TASK000015106325;Priority 4;OK
DBA;812;DBA;SR;OK;TASK000015106741;Priority 3;OK
FIN;812;INS;SR;OK;TASK000015106876;Priority 3;OK
APS;ETH;APS;SR;OK;TASK000015107131;Priority 3;OK
SEC;DCF;SEC;SR;OK;TASK000015107156;Priority 4;OK
FUN;812;FUN;SR;OK;TASK000015107215;Priority 3;OK
APS;ETH;APS;SR;OK;TASK000015107359;Priority 3;OK
FUN;MNT;FUN;SR;OK;TASK000015107366;Priority 3;OK
FUN;812;FUN;SR;OK;TASK000015107767;Priority 4;OK
SEC;MNT;SEC;SR;OK;TASK000015108364;Priority 4;OK
FUN;EMS;FUN;SR;OK;TASK000015108367;Priority 3;OK
APS;ETH;APS;SR;OK;TASK000015108432;Priority 3;OK
SEC;EMS;FUN;SR;OK;TASK000015108472;Priority 3;OK
SEC;ETH;SEC;SR;Defect;TASK000015109137;Priority 3;OK
APS;ETH;APS;SR;OK;TASK000015109149;Priority 3;OK
DBA;812;DBA;SR;OK;TASK000015109688;Priority 3;OK
APS;ETH;APS;SR;OK;TASK000015109726;Priority 4;OK
APS;EES;APS;SR;OK;TASK000015109749;Priority 3;OK
APS;EES;APS;SR;OK;TASK000015109762;Priority 3;OK
SEC;ETH;SEC;SR;OK;TASK000015109904;Priority 4;OK
SEC;BWI;SEC;SR;OK;TASK000015110003;Priority 4;OK
SEC;SYN;SEC;SR;Defect;TASK000015110195;Priority 3;OK
SEC;EES;SEC;SR;OK;TASK000015110338;Priority 4;OK
SEC;EES;SEC;SR;OK;TASK000015110420;Priority 4;OK
SEC;DXE;SEC;SR;Defect;TASK000015110535;Priority 3;OK
CNC;BWI;L1 ;SR;OK;TASK000015110919;Priority 3;OK
APS;ETH;APS;SR;OK;TASK000015111162;Priority 3;OK
SEC;812;SEC;SR;OK;TASK000015111489;Priority 4;OK
SEC;812;SEC;SR;Defect;TASK000015111549;Priority 3;OK
SEC;812;SEC;SR;OK;TASK000015111733;Priority 3;OK
SEC;EMS;SEC;SR;Defect;TASK000015111739;Priority 3;OK
SEC;812;SEC;SR;Defect;TASK000015111756;Priority 3;OK
SEC;MNT;SEC;SR;OK;TASK000015111764;Priority 4;OK
SEC;BWI;SEC;SR;OK;TASK000015111814;Priority 4;OK
SEC;BWI;SEC;SR;OK;TASK000015112397;Priority 4;OK
FUN;WS;FUN;SR;OK;TASK000015112481;Priority 3;OK
SEC;DPY;SEC;SR;OK;TASK000015112604;Priority 4;OK
SEC;812;SEC;SR;Defect;TASK000015112834;Priority 3;OK
SEC;DCF;SEC;SR;OK;TASK000015112865;Priority 4;OK
DBA;812;DBA;SR;OK;TASK000015112918;Priority 3;OK
SEC;812;SEC;SR;Defect;TASK000015112960;Priority 3;OK
SEC;812;SEC;SR;OK;TASK000015113043;Priority 4;OK
SEC;812;SEC;SR;OK;TASK000015113179;Priority 4;OK
SEC;BWI;SEC;SR;OK;TASK000015113543;Priority 3;OK
DBA;812;DBA;SR;OK;TASK000015113775;Priority 3;OK
DBA;812;DBA;SR;OK;TASK000015113796;Priority 3;OK
SEC;BWI;SEC;SR;OK;TASK000015113977;Priority 4;OK
SEC;BWI;SEC;SR;Defect;TASK000015114047;Priority 4;OK
SEC;ETH;SEC;SR;OK;TASK000015115512;Priority 4;OK
SEC;812;SEC;SR;OK;TASK000015116317;Priority 4;OK
SEC;DPY;SEC;SR;OK;TASK000015116792;Priority 4;OK
FUN;812;FUN;SR;Defect;TASK000015116875;Priority 3;OK
SEC;812;SEC;SR;OK;TASK000015117097;Priority 3;OK
FUN;812;FUN;SR;OK;TASK000015117375;Priority 4;OK
FUN;EES;FUN;SR;OK;TASK000015117600;Priority 3;OK
SEC;ETH;SEC;SR;OK;TASK000015117730;Priority 4;OK
SEC;MNT;SEC;SR;OK;TASK000015117945;Priority 4;OK
DCF;DCF;FUN;SR;OK;TASK000015118091;Priority 4;OK
SEC;812;SEC;SR;OK;TASK000015118218;Priority 3;OK
APS;ETH;APS;SR;OK;TASK000015118323;Priority 3;OK
SEC;MNT;SEC;SR;OK;TASK000015118377;Priority 4;OK
SEC;MNT;SEC;SR;OK;TASK000015118433;Priority 4;OK
SEC;MNT;SEC;SR;OK;TASK000015118465;Priority 4;OK
SEC;MNT;SEC;SR;OK;TASK000015118498;Priority 4;OK
SEC;MNT;SEC;SR;OK;TASK000015118512;Priority 4;OK
SEC;DCF;SEC;SR;OK;TASK000015118594;Priority 4;OK
APS;ETH;APS;SR;OK;TASK000015118604;Priority 3;OK
APS;ETH;APS;SR;OK;TASK000015118727;Priority 3;OK
APS;ETH;APS;SR;OK;TASK000015118763;Priority 3;OK
SEC;ETH;SEC;SR;OK;TASK000015118909;Priority 4;OK
SEC;812;SEC;SR;OK;TASK000015118934;Priority 4;OK
L1;BWI;L1 ;SR;OK;TASK000015119032;Priority 3;OK
APS;EES;APS;SR;OK;TASK000015119168;Priority 3;OK
APS;ETH;APS;SR;OK;TASK000015119184;Priority 3;OK
SEC;DCF;SEC;SR;OK;TASK000015119271;Priority 4;OK
SEC;MNT;SEC;SR;OK;TASK000015119343;Priority 4;OK
SEC;MNT;SEC;SR;OK;TASK000015119345;Priority 4;OK
L1;BWI;L1 ;SR;OK;TASK000015119504;Priority 3;OK
SEC;DCF;SEC;SR;OK;TASK000015119540;Priority 4;OK
L1;CRD;MON;SR;OK;TASK000015119844;Priority 3;OK
SEC;DCF;SEC;SR;OK;TASK000015120104;Priority 4;OK
FIN;MNT;FUN;SR;OK;TASK000015120498;Priority 3;OK
FUN;MNT;FUN;SR;OK;TASK000015120503;Priority 3;OK
SEC;DCF;SEC;SR;OK;TASK000015120814;Priority 4;OK
FIN;812;FUN;SR;OK;TASK000015120967;Priority 3;OK
SEC;WS;SEC;SR;OK;TASK000015121608;Priority 3;OK
FUN;COR;FUN;SR;OK;TASK000015121625;Priority 3;OK
SEC;ETH;SEC;SR;OK;TASK000015122287;Priority 4;OK
FIN;812;FUN;SR;OK;TASK000015122715;Priority 3;OK
FUN;EMS;FUN;SR;OK;TASK000015122779;Priority 3;OK
SEC;812;SEC;SR;OK;TASK000015123033;Priority 4;OK
FUN;DXE;FUN;SR;OK;TASK000015123126;Priority 3;OK
FUN;812;FUN;SR;OK;TASK000015123302;Priority 3;OK
SEC;SYN;SEC;SR;OK;TASK000015123571;Priority 3;OK
FUN;812;FUN;SR;Defect;TASK000015124004;Priority 3;OK
SEC;BWI;SEC;SR;OK;TASK000015124316;Priority 4;OK
SEC;ETH;SEC;SR;Defect;TASK000015124451;Priority 3;OK
OPS;EMS;OPS;SR;Defect;TASK000015124462;Priority 3;OK
APS;ETH;APS;SR;OK;TASK000015124986;Priority 3;OK
APS;EES;APS;SR;OK;TASK000015125471;Priority 4;OK
SEC;BWI;SEC;SR;OK;TASK000015125711;Priority 4;OK
SEC;812;SEC;SR;OK;TASK000015126344;Priority 4;OK
SEC;DXE;SEC;SR;OK;TASK000015126513;Priority 4;OK
L1;BWI;L1 ;SR;OK;TASK000015126678;Priority 3;OK
FUN;812;FUN;SR;OK;TASK000015126732;Priority 4;OK
SEC;ETH;SEC;SR;Defect;TASK000015127026;Priority 3;OK
SEC;SYN;SEC;SR;OK;TASK000015127050;Priority 3;OK
FUN;EMS;FUN;SR;OK;TASK000015127096;Priority 3;OK
SEC;812;SEC;SR;Defect;TASK000015127199;Priority 3;OK
SEC;812;SEC;SR;OK;TASK000015127279;Priority 4;OK
FUN;812;FUN;SR;OK;TASK000015127336;Priority 4;OK
DBA;812;DBA;SR;OK;TASK000015127345;Priority 3;OK
SEC;DCF;SEC;SR;OK;TASK000015127361;Priority 4;OK
DBA;812;DBA;SR;OK;TASK000015127394;Priority 3;OK
SEC;812;SEC;SR;Defect;TASK000015127422;Priority 3;OK
SEC;ETH;SEC;SR;OK;TASK000015127628;Priority 4;OK
SEC;SYN;SEC;SR;Defect;TASK000015127798;Priority 3;OK
SEC;EES;SEC;SR;Defect;TASK000015127882;Priority 3;OK
SEC;DCF;SEC;SR;OK;TASK000015127967;Priority 4;OK
SEC;EES;SEC;SR;OK;TASK000015128238;Priority 4;OK
SEC;812;SEC;SR;OK;TASK000015128412;Priority 3;OK
SEC;812;SEC;SR;OK;TASK000015128431;Priority 3;OK
SEC;EES;SEC;SR;OK;TASK000015128499;Priority 4;OK
DBA;812;DBA;SR;OK;TASK000015128638;Priority 3;OK
SEC;ETH;SEC;SR;OK;TASK000015128875;Priority 4;OK
SEC;DPY;SEC;SR;OK;TASK000015129062;Priority 4;OK
SEC;SYN;SEC;SR;OK;TASK000015129066;Priority 3;OK
SEC;BWI;SEC;SR;OK;TASK000015129172;Priority 4;OK
SEC;ETH;SEC;SR;OK;TASK000015129250;Priority 4;OK
SEC;EES;SEC;SR;OK;TASK000015129275;Priority 3;OK
SEC;DCF;SEC;SR;OK;TASK000015129283;Priority 4;OK
TEC;SYN;FUN;SR;OK;TASK000015129326;Priority 3;OK
SEC;812;SEC;SR;Defect;TASK000015129390;Priority 3;OK
APS;EES;APS;SR;OK;TASK000015130247;Priority 4;OK
APS;ETH;APS;SR;OK;TASK000015130260;Priority 3;OK
APS;EES;APS;SR;OK;TASK000015130263;Priority 4;OK
APS;EES;APS;SR;OK;TASK000015130269;Priority 4;OK
L1;BWI;L1 ;SR;OK;TASK000015130314;Priority 3;OK
SEC;LAT;SEC;SR;Defect;TASK000015130320;Priority 4;OK
APS;EES;APS;SR;OK;TASK000015130353;Priority 4;OK
APS;EES;APS;SR;OK;TASK000015130366;Priority 4;OK
FUN;COR;FUN;SR;OK;TASK000015130829;Priority 3;OK
DCF;DCF;FUN;SR;OK;TASK000015131167;Priority 3;OK
APS;ETH;APS;SR;OK;TASK000015131180;Priority 3;OK
SEC;DCF;SEC;SR;OK;TASK000015131215;Priority 4;OK
SEC;DCF;SEC;SR;OK;TASK000015131300;Priority 4;OK
SEC;812;SEC;SR;Defect;TASK000015131347;Priority 3;OK
SEC;812;SEC;SR;OK;TASK000015131478;Priority 3;OK
DBA;812;DBA;SR;OK;TASK000015131506;Priority 3;OK
SEC;812;SEC;SR;Defect;TASK000015131808;Priority 3;OK
FUN;ETH;FUN;SR;OK;TASK000015132109;Priority 4;OK
SEC;DCF;SEC;SR;OK;TASK000015132222;Priority 4;OK
SEC;DCF;SEC;SR;OK;TASK000015132316;Priority 4;OK
TEC;ETH;TEC;SR;OK;TASK000015132435;Priority 4;OK
SEC;WS;SEC;SR;OK;TASK000015132959;Priority 3;OK
APS;ETH;APS;SR;OK;TASK000015133108;Priority 3;OK
SEC;SYN;SEC;SR;OK;TASK000015133438;Priority 3;OK
SCH;812;SCH;SR;OK;TASK000015133767;Priority 3;OK
SEC;SYN;SEC;SR;OK;TASK000015133890;Priority 3;OK
SEC;SYN;SEC;SR;OK;TASK000015133916;Priority 3;OK
SEC;SYN;SEC;SR;OK;TASK000015133977;Priority 3;OK
SEC;EMS;SEC;SR;OK;TASK000015133996;Priority 3;OK
SEC;812;SEC;SR;OK;TASK000015134010;Priority 4;OK
TEC;SYN;FUN;SR;OK;TASK000015134020;Priority 3;OK
SEC;BWI;SEC;SR;OK;TASK000015134056;Priority 4;OK
APS;ETH;APS;SR;OK;TASK000015134310;Priority 3;OK
SEC;ETH;SEC;SR;OK;TASK000015134567;Priority 4;OK
SEC;DCF;SEC;SR;OK;TASK000015134692;Priority 4;OK
SEC;MNT;SEC;SR;OK;TASK000015134783;Priority 4;OK
SEC;812;SEC;SR;OK;TASK000015135269;Priority 3;OK
SEC;812;SEC;SR;OK;TASK000015135270;Priority 3;OK
SEC;DCF;SEC;SR;OK;TASK000015135808;Priority 4;OK
SEC;812;SEC;SR;OK;TASK000015135839;Priority 3;OK
APS;ETH;APS;SR;OK;TASK000015135895;Priority 3;OK
SEC;812;SEC;SR;OK;TASK000015135974;Priority 3;OK
SEC;812;SEC;SR;OK;TASK000015136206;Priority 3;OK
SEC;812;SEC;SR;OK;TASK000015136339;Priority 4;OK
SEC;DXE;SEC;SR;OK;TASK000015136560;Priority 3;OK
FUN;812;FUN;SR;OK;TASK000015136667;Priority 3;OK
SEC;812;SEC;SR;OK;TASK000015136718;Priority 3;OK
L1;BWI;L1 ;SR;OK;TASK000015136758;Priority 3;OK
SEC;SYN;SEC;INC;OK;TASK000015136991;Priority 3;OK
SEC;812;SEC;SR;OK;TASK000015137030;Priority 3;OK
APS;ETH;APS;SR;OK;TASK000015137123;Priority 3;OK
SEC;BWI;SEC;SR;OK;TASK000015137128;Priority 4;OK
SEC;DXE;SEC;SR;OK;TASK000015137281;Priority 3;OK
SEC;SYN;SEC;SR;OK;TASK000015137370;Priority 3;OK
L1;WS;WS ;SR;OK;TASK000015137408;Priority 3;OK
SEC;812;SEC;SR;OK;TASK000015137626;Priority 3;OK
L1;BWI;L1 ;SR;OK;TASK000015137681;Priority 3;OK
APS;ETH;APS;SR;OK;TASK000015137756;Priority 3;OK
SEC;SYN;SEC;SR;Defect;TASK000015138280;Priority 3;OK
SEC;BWI;SEC;SR;OK;TASK000015138443;Priority 4;OK
TEC;SYN;FUN;SR;OK;TASK000015138818;Priority 3;OK
SEC;MNT;SEC;SR;OK;TASK000015139074;Priority 4;OK
DBA;812;DBA;SR;OK;TASK000015140002;Priority 3;OK
DBA;812;DBA;SR;OK;TASK000015140020;Priority 3;OK
DBA;812;DBA;SR;OK;TASK000015140103;Priority 3;OK
FUN;COR;FUN;SR;OK;TASK000015140511;Priority 3;OK
SEC;812;SEC;SR;Defect;TASK000015140876;Priority 3;OK
SEC;812;SEC;SR;OK;TASK000015140882;Priority 3;OK
FIN;812;FUN;SR;OK;TASK000015140920;Priority 3;OK
APS;ETH;APS;SR;OK;TASK000015141015;Priority 3;OK
FUN;COR;FUN;SR;OK;TASK000015141188;Priority 3;OK
FUN;DXE;FUN;SR;OK;TASK000015141192;Priority 3;OK
SEC;SYN;SEC;SR;OK;TASK000015141268;Priority 3;OK
SEC;DCF;SEC;SR;OK;TASK000015141281;Priority 4;OK
DBA;812;DBA;SR;OK;TASK000015141503;Priority 3;OK
DBA;812;DBA;SR;OK;TASK000015141541;Priority 3;OK
SEC;BWI;SEC;SR;OK;TASK000015141808;Priority 4;OK
SEC;EES;SEC;SR;OK;TASK000015142013;Priority 4;OK
SEC;ETH;SEC;SR;OK;TASK000015142116;Priority 4;OK
SEC;EMS;SEC;SR;OK;TASK000015142121;Priority 3;OK
SEC;DPY;SEC;SR;OK;TASK000015142422;Priority 4;OK
L1;BWI;L1 ;SR;OK;TASK000015142837;Priority 3;OK
SEC;DCF;SEC;SR;OK;TASK000015143442;Priority 4;OK
DBA;812;DBA;SR;OK;TASK000015144802;Priority 3;OK
FIN;DXE;FUN;SR;OK;TASK000015144819;Priority 4;OK
DBA;812;DBA;SR;OK;TASK000015144990;Priority 3;OK
SEC;812;SEC;SR;OK;TASK000015145111;Priority 4;OK
FUN;812;FUN;SR;OK;TASK000015145200;Priority 3;OK
FUN;812;FUN;SR;OK;TASK000015145296;Priority 3;OK
FUN;812;FUN;SR;OK;TASK000015145298;Priority 3;OK
FUN;812;FUN;SR;OK;TASK000015145306;Priority 3;OK
FUN;812;FUN;SR;OK;TASK000015145308;Priority 3;OK
FUN;WS;FUN;SR;OK;TASK000015145368;Priority 4;OK
DBA;812;DBA;SR;OK;TASK000015145378;Priority 3;OK
FUN;DXE;FUN;SR;OK;TASK000015145425;Priority 3;OK
DBA;812;DBA;SR;OK;TASK000015145490;Priority 3;OK
DBA;812;DBA;SR;OK;TASK000015145519;Priority 3;OK
FIN;812;FUN;SR;OK;TASK000015145600;Priority 4;OK
FUN;812;FUN;SR;Defect;TASK000015145661;Priority 3;OK
DBA;812;DBA;SR;OK;TASK000015145670;Priority 3;OK
DBA;812;DBA;SR;OK;TASK000015145696;Priority 3;OK
FUN;COR;FUN;SR;OK;TASK000015145789;Priority 3;OK
FIN;812;FUN;SR;OK;TASK000015145863;Priority 3;OK
DBA;812;DBA;SR;OK;TASK000015146385;Priority 3;OK
SEC;SYN;SEC;SR;OK;TASK000015146435;Priority 3;OK
SEC;BWI;SEC;SR;OK;TASK000015146531;Priority 4;OK
SEC;EES;SEC;SR;OK;TASK000015146533;Priority 4;OK
SCH;812;SCH;SR;OK;TASK000015146747;Priority 3;OK
APS;ETH;APS;SR;OK;TASK000015147136;Priority 3;OK
SEC;MNT;SEC;SR;OK;TASK000015147202;Priority 4;OK
APS;ETH;APS;SR;OK;TASK000015147902;Priority 3;OK
SEC;DCF;SEC;SR;OK;TASK000015147939;Priority 4;OK
SEC;BWI;SEC;SR;OK;TASK000015148302;Priority 4;OK
SEC;ETH;SEC;SR;OK;TASK000015148424;Priority 3;OK
FUN;MNT;FUN;SR;OK;TASK000015148567;Priority 3;OK
SEC;SYN;SEC;SR;Defect;TASK000015148602;Priority 3;OK
CNC;812;MON;SR;OK;TASK000015149392;Priority 3;OK
DBA;812;DBA;SR;OK;TASK000015149579;Priority 3;OK
FIN;812;FUN;SR;OK;TASK000015150102;Priority 3;OK
DBA;812;DBA;SR;OK;TASK000015150411;Priority 3;OK
FUN;DXE;FUN;SR;OK;TASK000015150490;Priority 3;OK
SEC;812;SEC;SR;OK;TASK000015150595;Priority 3;OK
TEC;DCF;TEC;SR;OK;TASK000015151270;Priority 4;OK
DBA;812;DBA;SR;OK;TASK000015151573;Priority 3;OK
DBA;812;DBA;SR;OK;TASK000015151716;Priority 3;OK
DCF;DCF;FUN;SR;OK;TASK000015151906;Priority 3;OK
SEC;ETH;SEC;SR;OK;TASK000015152382;Priority 3;OK
SEC;DXE;SEC;SR;OK;TASK000015152591;Priority 4;OK
DBA;812;DBA;SR;OK;TASK000015152670;Priority 3;OK
FUN;812;FUN;SR;OK;TASK000015152676;Priority 4;OK
SEC;812;SEC;SR;OK;TASK000015152869;Priority 3;OK
FUN;812;FUN;SR;OK;TASK000015153052;Priority 3;OK
TEC;DCF;TEC;SR;OK;TASK000015153140;Priority 4;OK
SEC;BWI;SEC;SR;OK;TASK000015153280;Priority 4;OK
DCF;DCF;FUN;SR;OK;TASK000015153483;Priority 3;OK
SEC;EES;SEC;SR;Defect;TASK000015153518;Priority 3;OK
L1;BWI;L1 ;SR;OK;TASK000015153642;Priority 3;OK
SEC;DCF;SEC;SR;OK;TASK000015153667;Priority 4;OK
SEC;DCF;SEC;SR;OK;TASK000015153764;Priority 4;OK
CNC;BWI;L1 ;SR;OK;TASK000015153780;Priority 3;OK
FUN;MNT;FUN;SR;OK;TASK000015153885;Priority 4;OK
APS;ETH;APS;SR;OK;TASK000015153963;Priority 3;OK
DBA;812;DBA;SR;OK;TASK000015154125;Priority 3;OK
FIN;MNT;FUN;SR;OK;TASK000015157124;Priority 4;OK
TEC;ETH;TEC;SR;OK;TASK000015157428;Priority 4;OK
SEC;MNT;SEC;SR;OK;TASK000015158197;Priority 4;OK
SEC;ETH;SEC;SR;OK;TASK000015158948;Priority 4;OK
SEC;BWI;SEC;SR;OK;TASK000015159605;Priority 4;OK
SEC;812;SEC;SR;OK;TASK000015161622;Priority 4;OK
SEC;DCF;SEC;SR;OK;TASK000015161729;Priority 4;OK
FUN;812;FUN;SR;OK;TASK000015162210;Priority 4;OK
SEC;BWI;SEC;SR;OK;TASK000015162547;Priority 4;OK
SEC;DCF;SEC;SR;OK;TASK000015162926;Priority 4;OK
APS;EES;APS;SR;OK;TASK000015163095;Priority 4;OK
APS;EES;APS;SR;OK;TASK000015163163;Priority 4;OK
APS;EES;APS;SR;OK;TASK000015163176;Priority 4;OK
APS;EES;APS;SR;OK;TASK000015163183;Priority 4;OK
SEC;BWI;SEC;SR;OK;TASK000015163423;Priority 4;OK
SEC;DXE;SEC;SR;OK;TASK000015163492;Priority 4;OK
SEC;DCF;SEC;SR;OK;TASK000015163728;Priority 4;OK
SEC;DCF;SEC;SR;OK;TASK000015164611;Priority 4;OK
SCH;812;SCH;SR;OK;TASK000015164655;Priority 3;OK
OPS;EMS;OPS;SR;Defect;TASK000015164927;Priority 3;OK
SCH;812;SCH;SR;OK;TASK000015165358;Priority 3;OK
SEC;EMS;SEC;SR;OK;TASK000015165437;Priority 3;OK
SEC;812;SEC;SR;OK;TASK000015165509;Priority 3;OK
FUN;812;FUN;SR;OK;TASK000015165616;Priority 3;OK
DBA;812;DBA;SR;OK;TASK000015165824;Priority 3;OK
OPS;WS;FUN;SR;OK;TASK000015165947;Priority 3;OK
FUN;812;FUN;SR;OK;TASK000015165961;Priority 4;OK
SEC;DCF;SEC;SR;OK;TASK000015166429;Priority 4;OK
FUN;EES;FUN;SR;OK;TASK000015166456;Priority 3;OK
SEC;DCF;SEC;SR;OK;TASK000015166467;Priority 4;OK
SEC;DCF;SEC;SR;OK;TASK000015166489;Priority 4;OK
FUN;812;FUN;SR;OK;TASK000015166553;Priority 4;OK
SCH;812;SCH;SR;OK;TASK000015166844;Priority 3;OK
SEC;EES;SEC;SR;OK;TASK000015167056;Priority 4;OK
APS;ETH;APS;SR;OK;TASK000015167126;Priority 4;OK
FUN;EES;FUN;SR;OK;TASK000015167202;Priority 4;OK
SEC;EES;SEC;SR;OK;TASK000015167213;Priority 3;OK
SEC;ETH;SEC;SR;OK;TASK000015167473;Priority 3;OK
APS;EES;APS;SR;OK;TASK000015167579;Priority 4;OK
APS;EES;APS;SR;OK;TASK000015168136;Priority 3;OK
SEC;ETH;SEC;SR;OK;TASK000015168462;Priority 4;OK
SEC;ETH;SEC;SR;Defect;TASK000015168465;Priority 3;OK
SEC;ETH;SEC;SR;Defect;TASK000015168472;Priority 3;OK
SEC;DCF;SEC;SR;OK;TASK000015168970;Priority 4;OK
SEC;DCF;SEC;SR;OK;TASK000015169071;Priority 4;OK
FIN;MNT;FUN;SR;OK;TASK000015169194;Priority 3;OK
SEC;DPY;SEC;SR;OK;TASK000015170265;Priority 3;OK
SEC;EMS;SEC;SR;OK;TASK000015170553;Priority 3;OK
FUN;812;FUN;SR;OK;TASK000015170667;Priority 3;OK
SEC;DXE;SEC;SR;OK;TASK000015170749;Priority 4;OK
DBA;812;DBA;SR;OK;TASK000015170955;Priority 3;OK
SEC;BWI;SEC;SR;OK;TASK000015170991;Priority 4;OK
DBA;812;DBA;SR;OK;TASK000015171066;Priority 3;OK
SEC;812;SEC;SR;OK;TASK000015171415;Priority 3;OK
SEC;SYN;SEC;SR;Defect;TASK000015171616;Priority 3;OK
SEC;DCF;SEC;SR;OK;TASK000015171683;Priority 4;OK
SEC;812;SEC;SR;OK;TASK000015172046;Priority 4;OK
SEC;812;SEC;SR;OK;TASK000015172109;Priority 3;OK
TEC;LAT;TEC;SR;OK;TASK000015172161;Priority 3;OK
SEC;SYN;SEC;SR;OK;TASK000015172327;Priority 3;OK
SEC;SYN;SEC;SR;OK;TASK000015172349;Priority 3;OK
SEC;SYN;SEC;SR;OK;TASK000015172401;Priority 3;OK
SEC;DCF;SEC;SR;OK;TASK000015172701;Priority 4;OK
DBA;812;DBA;SR;OK;TASK000015172768;Priority 3;OK
SEC;EES;SEC;SR;OK;TASK000015172775;Priority 3;OK
SEC;812;SEC;SR;OK;TASK000015172791;Priority 3;OK
SEC;EES;SEC;SR;OK;TASK000015172878;Priority 4;OK
SEC;DXE;SEC;SR;OK;TASK000015173096;Priority 3;OK
DBA;812;DBA;SR;OK;TASK000015173480;Priority 3;OK
SEC;812;SEC;SR;OK;TASK000015173487;Priority 3;OK
APS;ETH;APS;SR;OK;TASK000015173645;Priority 3;OK
SEC;ETH;SEC;SR;OK;TASK000015173688;Priority 3;OK
SEC;SYN;SEC;SR;OK;TASK000015174091;Priority 3;OK
APS;ETH;APS;SR;OK;TASK000015174164;Priority 4;OK
CNC;BWI;L1 ;SR;OK;TASK000015174197;Priority 3;OK
L1;BWI;L1 ;SR;OK;TASK000015174517;Priority 3;OK
DBA;812;DBA;SR;OK;TASK000015174626;Priority 3;OK
DBA;812;DBA;SR;OK;TASK000015174627;Priority 3;OK
DBA;812;DBA;SR;OK;TASK000015174629;Priority 3;OK
APS;EES;APS;SR;OK;TASK000015174916;Priority 4;OK
SEC;ETH;SEC;SR;OK;TASK000015175066;Priority 3;OK
L1;BWI;L1 ;SR;OK;TASK000015175225;Priority 3;OK
CNC;812;MON;SR;OK;TASK000015175365;Priority 3;OK
SEC;SYN;SEC;SR;OK;TASK000015175796;Priority 3;OK
FUN;812;FUN;SR;OK;TASK000015176336;Priority 4;OK
APS;ETH;APS;SR;OK;TASK000015176377;Priority 3;OK
FUN;812;FUN;SR;OK;TASK000015176639;Priority 3;OK
SEC;DCF;SEC;SR;OK;TASK000015177033;Priority 4;OK
TEC;BWI;TEC;SR;OK;TASK000015177154;Priority 3;OK
CNC;WS;MON;SR;OK;TASK000015177258;Priority 3;OK
SCH;812;SCH;SR;OK;TASK000015177446;Priority 3;OK
TEC;LAT;TEC;SR;OK;TASK000015177453;Priority 3;OK
SEC;DXE;SEC;SR;OK;TASK000015177540;Priority 4;OK
FUN;MNT;FUN;SR;OK;TASK000015177656;Priority 3;OK
FUN;DXE;FUN;SR;OK;TASK000015177707;Priority 3;OK
SEC;DXE;SEC;SR;OK;TASK000015177759;Priority 4;OK
APS;DCF;APS;SR;OK;TASK000015177838;Priority 3;OK
SEC;ETH;SEC;SR;OK;TASK000015178430;Priority 3;OK
SEC;DCF;SEC;SR;OK;TASK000015178685;Priority 4;OK
SEC;DCF;SEC;SR;OK;TASK000015178700;Priority 4;OK
TEC;SYN;FUN;SR;OK;TASK000015178712;Priority 3;OK
APS;ETH;APS;SR;OK;TASK000015178717;Priority 4;OK
DBA;812;DBA;SR;OK;TASK000015179326;Priority 3;OK
SEC;SYN;SEC;SR;OK;TASK000015179336;Priority 3;OK
DBA;812;DBA;SR;OK;TASK000015179340;Priority 3;OK
APS;ETH;APS;SR;OK;TASK000015179808;Priority 3;OK
SEC;DCF;SEC;SR;OK;TASK000015179930;Priority 4;OK
SEC;812;SEC;SR;OK;TASK000015181122;Priority 4;OK
SEC;MNT;SEC;SR;OK;TASK000015181248;Priority 4;OK
FIN;DXE;FUN;SR;OK;TASK000015181294;Priority 3;OK
TEC;BWI;TEC;SR;OK;TASK000015181558;Priority 3;OK
APS;ETH;APS;SR;OK;TASK000015181740;Priority 3;OK
DBA;812;DBA;SR;OK;TASK000015181749;Priority 3;OK
DBA;812;DBA;SR;OK;TASK000015181765;Priority 3;OK
SEC;SYN;SEC;SR;OK;TASK000015181822;Priority 3;OK
SEC;ETH;SEC;SR;OK;TASK000015181855;Priority 3;OK
SEC;SYN;SEC;SR;OK;TASK000015181904;Priority 3;OK
APS;ETH;APS;SR;OK;TASK000015181933;Priority 3;OK
SEC;SYN;SEC;SR;OK;TASK000015182179;Priority 3;OK
SEC;SYN;SEC;SR;OK;TASK000015182219;Priority 3;OK
DBA;812;DBA;SR;OK;TASK000015182311;Priority 3;OK
SEC;SYN;SEC;SR;OK;TASK000015182319;Priority 3;OK
SEC;SYN;SEC;SR;Defect;TASK000015182409;Priority 3;OK
SEC;SYN;SEC;SR;OK;TASK000015182426;Priority 3;OK
SEC;812;SEC;SR;OK;TASK000015182473;Priority 3;OK
SEC;SYN;SEC;SR;OK;TASK000015182771;Priority 3;OK
SEC;SYN;SEC;SR;OK;TASK000015182979;Priority 3;OK
SEC;ETH;SEC;SR;OK;TASK000015182992;Priority 3;OK
SEC;SYN;SEC;SR;OK;TASK000015183094;Priority 3;OK
SEC;SYN;SEC;SR;OK;TASK000015183113;Priority 3;OK
SEC;SYN;SEC;SR;Defect;TASK000015183238;Priority 3;OK
SEC;ETH;SEC;SR;OK;TASK000015183407;Priority 3;OK
APS;ETH;APS;SR;OK;TASK000015183410;Priority 3;OK
SEC;SYN;SEC;SR;Defect;TASK000015183694;Priority 3;OK
SEC;SYN;SEC;SR;OK;TASK000015183816;Priority 4;OK
SEC;812;SEC;SR;OK;TASK000015185432;Priority 3;OK
FUN;DXE;FUN;SR;OK;TASK000015185547;Priority 3;OK
FUN;DXE;FUN;SR;OK;TASK000015185555;Priority 3;OK
FIN;DXE;FUN;SR;OK;TASK000015185564;Priority 3;OK
SEC;812;SEC;SR;OK;TASK000015185659;Priority 3;OK
SEC;SYN;SEC;SR;Defect;TASK000015185751;Priority 3;OK
SEC;812;SEC;SR;OK;TASK000015185777;Priority 3;OK
SEC;812;SEC;SR;OK;TASK000015185807;Priority 3;OK
SEC;812;SEC;SR;OK;TASK000015186143;Priority 4;OK
FIN;DXE;FUN;SR;OK;TASK000015186210;Priority 3;OK
SEC;812;SEC;SR;Defect;TASK000015186223;Priority 3;OK
FIN;DXE;FUN;SR;OK;TASK000015186225;Priority 3;OK
SCH;812;SCH;SR;OK;TASK000015186235;Priority 3;OK
SCH;812;SCH;SR;OK;TASK000015186325;Priority 3;OK
DBA;812;DBA;SR;OK;TASK000015186338;Priority 4;OK
SEC;SYN;SEC;SR;Defect;TASK000015186440;Priority 3;OK
SEC;MNT;SEC;SR;OK;TASK000015186456;Priority 4;OK
APS;ETH;APS;SR;OK;TASK000015186598;Priority 3;OK
SEC;DCF;SEC;SR;OK;TASK000015186760;Priority 4;OK
SEC;SYN;SEC;SR;OK;TASK000015186826;Priority 3;OK
SEC;ETH;SEC;SR;OK;TASK000015186842;Priority 3;OK
SEC;ETH;SEC;SR;OK;TASK000015187375;Priority 3;OK
FUN;812;FUN;SR;OK;TASK000015187538;Priority 4;OK
SEC;BWI;SEC;SR;OK;TASK000015187628;Priority 4;OK
SEC;EMS;SEC;SR;OK;TASK000015187735;Priority 4;OK
SEC;DXE;SEC;SR;OK;TASK000015187737;Priority 4;OK
APS;ETH;APS;SR;OK;TASK000015187789;Priority 3;OK
APS;ETH;APS;SR;OK;TASK000015187800;Priority 3;OK
FIN;812;FUN;SR;OK;TASK000015187819;Priority 3;OK
FIN;812;FUN;SR;OK;TASK000015187822;Priority 3;OK
FIN;812;FUN;SR;OK;TASK000015187824;Priority 3;OK
FIN;812;FUN;SR;OK;TASK000015187829;Priority 3;OK
FIN;812;FUN;SR;OK;TASK000015187830;Priority 3;OK
FIN;812;FUN;SR;OK;TASK000015187835;Priority 3;OK
FIN;812;FUN;SR;OK;TASK000015187836;Priority 3;OK
FIN;812;FUN;SR;OK;TASK000015187840;Priority 3;OK
FIN;812;FUN;SR;OK;TASK000015187843;Priority 3;OK
FUN;812;FUN;SR;OK;TASK000015187858;Priority 4;OK
SEC;812;SEC;SR;OK;TASK000015187904;Priority 3;OK
FUN;812;FUN;SR;OK;TASK000015188039;Priority 3;OK
SEC;EES;SEC;SR;OK;TASK000015188084;Priority 4;OK
SEC;SYN;SEC;SR;Defect;TASK000015188141;Priority 3;OK
SEC;ETH;SEC;SR;OK;TASK000015188267;Priority 3;OK
TEC;ETH;TEC;SR;OK;TASK000015188269;Priority 4;OK
SEC;ETH;SEC;SR;Defect;TASK000015188310;Priority 3;OK
SEC;DCF;SEC;SR;OK;TASK000015188366;Priority 4;OK
APS;ETH;APS;SR;OK;TASK000015188431;Priority 3;OK
SEC;ETH;SEC;SR;Defect;TASK000015189140;Priority 3;OK
FIN;812;FUN;SR;OK;TASK000015189698;Priority 3;OK
FUN;812;FUN;SR;OK;TASK000015190023;Priority 4;OK
DBA;812;DBA;SR;OK;TASK000015190136;Priority 3;OK
SEC;812;SEC;SR;OK;TASK000015190715;Priority 3;OK
DBA;812;DBA;SR;OK;TASK000015191115;Priority 3;OK
SEC;MNT;SEC;SR;OK;TASK000015191187;Priority 4;OK
SEC;MNT;SEC;SR;OK;TASK000015191198;Priority 4;OK
SEC;MNT;SEC;SR;OK;TASK000015191206;Priority 4;OK
SEC;SYN;SEC;SR;OK;TASK000015191361;Priority 3;OK
APS;ETH;APS;SR;OK;TASK000015191412;Priority 3;OK
FUN;812;FUN;SR;OK;TASK000015191456;Priority 3;OK
SEC;ETH;SEC;SR;Defect;TASK000015191558;Priority 3;OK
SEC;SYN;SEC;SR;Defect;TASK000015191565;Priority 3;OK
SEC;SYN;SEC;SR;OK;TASK000015191745;Priority 3;OK
SEC;DCF;SEC;SR;OK;TASK000015191840;Priority 4;OK
L1;BWI;L1 ;SR;OK;TASK000015191920;Priority 3;OK
APS;ETH;APS;SR;OK;TASK000015192465;Priority 3;OK
SEC;BWI;SEC;SR;OK;TASK000015192882;Priority 4;OK
APS;ETH;APS;SR;OK;TASK000015192920;Priority 3;OK
FUN;EES;FUN;SR;OK;TASK000015192927;Priority 4;OK
SEC;BWI;SEC;SR;OK;TASK000015192939;Priority 4;OK
SEC;MNT;SEC;SR;OK;TASK000015192992;Priority 4;OK
SEC;SYN;SEC;SR;OK;TASK000015193178;Priority 3;OK
SEC;DXE;SEC;SR;OK;TASK000015193466;Priority 4;OK
SEC;DXE;SEC;SR;Defect;TASK000015193467;Priority 3;OK
SEC;DXE;SEC;SR;Defect;TASK000015193478;Priority 3;OK
FUN;WS;FUN;SR;OK;TASK000015194747;Priority 4;OK
DBA;812;DBA;SR;OK;TASK000015195150;Priority 3;OK
DBA;812;DBA;SR;OK;TASK000015195426;Priority 4;OK
SEC;DXE;SEC;SR;OK;TASK000015195854;Priority 4;OK
SEC;812;SEC;SR;OK;TASK000015196183;Priority 3;OK
SEC;ETH;SEC;SR;OK;TASK000015196321;Priority 3;OK
FUN;812;FUN;SR;OK;TASK000015196660;Priority 3;OK
SEC;DCF;SEC;SR;OK;TASK000015196746;Priority 4;OK
SEC;DXE;SEC;SR;Defect;TASK000015196765;Priority 3;OK
FUN;ETH;FUN;SR;OK;TASK000015196828;Priority 3;OK
DCF;DCF;FUN;SR;OK;TASK000015196856;Priority 3;OK
FUN;COR;FUN;SR;OK;TASK000015196889;Priority 3;OK
SEC;812;SEC;SR;OK;TASK000015197043;Priority 3;OK
SEC;EES;SEC;SR;OK;TASK000015197202;Priority 4;OK
SCH;812;SCH;SR;OK;TASK000015197280;Priority 3;OK
SEC;SYN;SEC;SR;Defect;TASK000015197678;Priority 3;OK
SEC;812;SEC;SR;OK;TASK000015197689;Priority 3;OK
SEC;EDS;SEC;SR;OK;TASK000015198120;Priority 3;OK
APS;ETH;APS;SR;OK;TASK000015198201;Priority 4;OK
SEC;812;SEC;SR;OK;TASK000015198339;Priority 4;OK
SEC;DXE;SEC;SR;OK;TASK000015199038;Priority 3;OK
SEC;SYN;SEC;SR;OK;TASK000015199080;Priority 3;OK
DBA;812;DBA;SR;OK;TASK000015200276;Priority 3;OK
DCF;DCF;FUN;SR;OK;TASK000015200611;Priority 3;OK
DCF;DCF;FUN;SR;OK;TASK000015200842;Priority 3;OK
FUN;812;FUN;SR;OK;TASK000015200887;Priority 3;OK
FUN;DXE;FUN;SR;OK;TASK000015201122;Priority 4;OK
FUN;812;FUN;SR;OK;TASK000015201175;Priority 3;OK
L1;812;MON;SR;OK;TASK000015201178;Priority 3;OK
FIN;812;FUN;SR;OK;TASK000015201477;Priority 4;OK
SEC;MNT;SEC;SR;OK;TASK000015201589;Priority 4;OK
SEC;BWI;SEC;SR;OK;TASK000015201753;Priority 4;OK
DBA;812;DBA;SR;OK;TASK000015201780;Priority 3;OK
FUN;812;FUN;SR;OK;TASK000015202094;Priority 4;OK
APS;ETH;APS;SR;OK;TASK000015202217;Priority 3;OK
FUN;812;FUN;SR;OK;TASK000015202508;Priority 3;OK
SEC;ETH;SEC;SR;OK;TASK000015202632;Priority 3;OK
L1;BWI;L1 ;SR;OK;TASK000015202763;Priority 3;OK
DBA;812;DBA;SR;OK;TASK000015202793;Priority 3;OK
FUN;ETH;FUN;INC;OK;TASK000015203117;Priority 4;OK
TEC;SYN;FUN;SR;OK;TASK000015203210;Priority 3;OK
TEC;SYN;FUN;SR;OK;TASK000015203228;Priority 3;OK
SEC;EES;SEC;SR;OK;TASK000015203351;Priority 4;OK
SEC;DPY;SEC;SR;OK;TASK000015203428;Priority 4;OK
SEC;SYN;SEC;SR;OK;TASK000015203982;Priority 3;OK
FUN;MNT;FUN;SR;OK;TASK000015204060;Priority 3;OK
SEC;SYN;SEC;SR;Defect;TASK000015204072;Priority 3;OK
SEC;SYN;SEC;SR;Defect;TASK000015204076;Priority 3;OK
SEC;MNT;SEC;SR;OK;TASK000015204345;Priority 4;OK
APS;ETH;APS;SR;OK;TASK000015204369;Priority 3;OK
SEC;SYN;SEC;SR;OK;TASK000015204587;Priority 3;OK
SEC;ETH;SEC;SR;OK;TASK000015204660;Priority 3;OK
CNC;BWI;L1 ;SR;OK;TASK000015204714;Priority 3;OK
CNC;812;MON;SR;OK;TASK000015204993;Priority 3;OK
DBA;812;DBA;SR;OK;TASK000015205877;Priority 3;OK
FUN;812;FUN;SR;OK;TASK000015206151;Priority 4;OK
FUN;812;FUN;SR;OK;TASK000015206163;Priority 4;OK
DBA;812;DBA;SR;OK;TASK000015206297;Priority 3;OK
APS;ETH;APS;SR;OK;TASK000015206370;Priority 3;OK
SEC;812;SEC;SR;OK;TASK000015206399;Priority 3;OK
SEC;EMS;SEC;SR;OK;TASK000015206454;Priority 3;OK
SEC;SYN;SEC;SR;OK;TASK000015206614;Priority 3;OK
APS;ETH;APS;SR;OK;TASK000015206731;Priority 3;OK
TEC;DCF;TEC;SR;OK;TASK000015206893;Priority 3;OK
SEC;812;SEC;SR;OK;TASK000015207324;Priority 3;OK
SEC;812;SEC;SR;Defect;TASK000015207379;Priority 3;OK
TEC;LAT;TEC;SR;OK;TASK000015207433;Priority 3;OK
TEC;DCF;TEC;SR;OK;TASK000015207519;Priority 3;OK
FUN;ETH;FUN;SR;OK;TASK000015207992;Priority 4;OK
SEC;DCF;SEC;SR;OK;TASK000015208016;Priority 4;OK
APS;ETH;APS;SR;OK;TASK000015208202;Priority 3;OK
SEC;DCF;SEC;SR;OK;TASK000015208268;Priority 4;OK
SEC;BWI;SEC;SR;Defect;TASK000015208813;Priority 4;OK
SEC;SYN;SEC;SR;OK;TASK000015208896;Priority 3;OK
APS;ETH;APS;SR;OK;TASK000015209095;Priority 3;OK
SEC;DCF;SEC;SR;OK;TASK000015209631;Priority 4;OK
SEC;SYN;SEC;SR;OK;TASK000015209666;Priority 3;OK
SEC;DXE;SEC;SR;OK;TASK000015210024;Priority 4;OK
SEC;DXE;SEC;SR;OK;TASK000015210032;Priority 3;OK
FUN;EMS;FUN;SR;OK;TASK000015210606;Priority 4;OK
SEC;812;SEC;SR;OK;TASK000015210615;Priority 4;OK
SEC;812;SEC;SR;Defect;TASK000015210805;Priority 3;OK
DBA;812;DBA;SR;OK;TASK000015210840;Priority 3;OK
DBA;812;DBA;SR;OK;TASK000015211186;Priority 3;OK
TEC;BWI;TEC;SR;OK;TASK000015211448;Priority 3;OK
SEC;SYN;SEC;SR;OK;TASK000015211690;Priority 3;OK
SEC;SYN;SEC;SR;OK;TASK000015211753;Priority 3;OK
SEC;BWI;SEC;SR;OK;TASK000015212058;Priority 4;OK
SEC;812;SEC;SR;OK;TASK000015212217;Priority 4;OK
TEC;LAT;TEC;SR;OK;TASK000015212543;Priority 3;OK
SEC;812;SEC;SR;OK;TASK000015212629;Priority 3;OK
FUN;812;FUN;SR;OK;TASK000015212764;Priority 3;OK
SEC;812;SEC;SR;OK;TASK000015212865;Priority 4;OK
SEC;DCF;SEC;SR;OK;TASK000015213391;Priority 4;OK
L1;BWI;L1 ;SR;OK;TASK000015213392;Priority 3;OK
SEC;812;SEC;SR;OK;TASK000015213577;Priority 4;OK
FUN;EES;FUN;SR;OK;TASK000015213739;Priority 4;OK
SEC;ETH;SEC;SR;OK;TASK000015213804;Priority 4;OK
SEC;SYN;SEC;SR;Defect;TASK000015214363;Priority 3;OK
SEC;SYN;SEC;SR;Defect;TASK000015214450;Priority 3;OK
SEC;SYN;SEC;SR;Defect;TASK000015214486;Priority 3;OK
SEC;812;SEC;SR;Defect;TASK000015215746;Priority 3;OK
DBA;812;DBA;SR;OK;TASK000015215849;Priority 3;OK
SEC;DXE;SEC;SR;Defect;TASK000015215943;Priority 3;OK
SEC;812;SEC;SR;OK;TASK000015216187;Priority 3;OK
SEC;812;SEC;SR;OK;TASK000015216206;Priority 3;OK
SEC;812;SEC;SR;OK;TASK000015216314;Priority 3;OK
FUN;DXE;FUN;SR;OK;TASK000015216505;Priority 3;OK
DCF;DCF;FUN;SR;OK;TASK000015216700;Priority 4;OK
TEC;LAT;TEC;SR;OK;TASK000015216776;Priority 3;OK
SEC;812;SEC;SR;OK;TASK000015216798;Priority 4;OK
FUN;812;FUN;SR;OK;TASK000015216832;Priority 4;OK
FUN;812;FUN;SR;OK;TASK000015216845;Priority 4;OK
SEC;812;SEC;SR;OK;TASK000015216867;Priority 4;OK
SEC;ETH;SEC;SR;OK;TASK000015216912;Priority 3;OK
DBA;812;DBA;SR;OK;TASK000015216995;Priority 3;OK
FUN;DXE;FUN;SR;OK;TASK000015217134;Priority 3;OK
SEC;SYN;SEC;SR;OK;TASK000015217198;Priority 3;OK
SEC;ETH;SEC;SR;OK;TASK000015217199;Priority 3;OK
SEC;812;SEC;SR;OK;TASK000015217258;Priority 4;OK
SEC;DCF;SEC;SR;OK;TASK000015217290;Priority 4;OK
SEC;DCF;SEC;SR;OK;TASK000015217383;Priority 4;OK
DBA;812;DBA;SR;OK;TASK000015217520;Priority 3;OK
SEC;812;SEC;SR;OK;TASK000015217541;Priority 3;OK
SEC;SYN;SEC;SR;OK;TASK000015217652;Priority 3;OK
SEC;812;SEC;SR;OK;TASK000015217716;Priority 3;OK
FUN;812;FUN;SR;OK;TASK000015217907;Priority 3;OK
SEC;BWI;SEC;SR;OK;TASK000015218600;Priority 4;OK
APS;EES;APS;SR;OK;TASK000015218765;Priority 3;OK
SEC;SYN;SEC;SR;OK;TASK000015218977;Priority 3;OK
SEC;EES;SEC;SR;OK;TASK000015220170;Priority 3;OK
SEC;EES;SEC;SR;OK;TASK000015220178;Priority 4;OK
DCF;DCF;FUN;SR;OK;TASK000015220887;Priority 3;OK
SEC;DXE;SEC;SR;OK;TASK000015220896;Priority 4;OK
SEC;812;SEC;SR;Defect;TASK000015220930;Priority 3;OK
SEC;812;SEC;SR;OK;TASK000015221298;Priority 3;OK
SEC;812;SEC;SR;OK;TASK000015221330;Priority 3;OK
DBA;812;DBA;SR;OK;TASK000015221367;Priority 3;OK
SCH;812;SCH;SR;OK;TASK000015221450;Priority 3;OK
SEC;BWI;SEC;SR;OK;TASK000015222148;Priority 4;OK
DBA;812;DBA;SR;OK;TASK000015222234;Priority 3;OK
FUN;ETH;FUN;SR;OK;TASK000015222338;Priority 3;OK
TEC;LAT;TEC;SR;OK;TASK000015222495;Priority 3;OK
SEC;BWI;SEC;SR;OK;TASK000015222579;Priority 4;OK
SEC;ETH;SEC;SR;OK;TASK000015222582;Priority 3;OK
TEC;SYN;FUN;SR;OK;TASK000015222661;Priority 3;OK
SEC;EMS;SEC;SR;Defect;TASK000015222715;Priority 3;OK
SEC;SYN;SEC;SR;Defect;TASK000015222815;Priority 3;OK
FUN;WS;FUN;SR;OK;TASK000015222835;Priority 4;OK
APS;ETH;APS;SR;OK;TASK000015222903;Priority 3;OK
SEC;812;SEC;SR;OK;TASK000015223107;Priority 3;OK
APS;ETH;APS;SR;OK;TASK000015223410;Priority 3;OK
DBA;812;DBA;SR;OK;TASK000015223474;Priority 3;OK
SEC;812;SEC;SR;OK;TASK000015223493;Priority 3;OK
TEC;BWI;TEC;SR;Defect;TASK000015223925;Priority 3;OK
TEC;BWI;TEC;SR;Defect;TASK000015223933;Priority 3;OK
SEC;EES;SEC;SR;OK;TASK000015224007;Priority 3;OK
SEC;BWI;SEC;SR;OK;TASK000015224046;Priority 4;OK
SEC;ETH;SEC;SR;OK;TASK000015225133;Priority 3;OK
FIN;812;FUN;SR;OK;TASK000015225673;Priority 4;OK
FUN;812;FUN;SR;OK;TASK000015225970;Priority 3;OK
SEC;812;SEC;SR;OK;TASK000015226262;Priority 3;OK
SEC;812;SEC;SR;OK;TASK000015226276;Priority 3;OK
DBA;812;DBA;SR;OK;TASK000015226591;Priority 3;OK
FUN;812;FUN;SR;OK;TASK000015226691;Priority 3;OK
DBA;812;DBA;SR;OK;TASK000015226711;Priority 3;OK
SEC;DPY;SEC;SR;OK;TASK000015226920;Priority 4;OK
FUN;WS;FUN;SR;OK;TASK000015226946;Priority 4;OK
SEC;DXE;SEC;SR;OK;TASK000015227019;Priority 4;OK
SEC;812;SEC;SR;OK;TASK000015227404;Priority 3;OK
DBA;812;DBA;SR;OK;TASK000015227482;Priority 3;OK
FIN;DXE;FUN;SR;Defect;TASK000015227543;Priority 3;OK
SEC;812;SEC;SR;OK;TASK000015227752;Priority 3;OK
SEC;812;SEC;SR;OK;TASK000015228240;Priority 3;OK
SEC;EES;SEC;SR;OK;TASK000015228421;Priority 4;OK
SEC;812;SEC;SR;OK;TASK000015228798;Priority 3;OK
TEC;BWI;TEC;SR;OK;TASK000015228960;Priority 3;OK
TEC;BWI;TEC;SR;OK;TASK000015229161;Priority 3;OK
SEC;EES;SEC;SR;OK;TASK000015229262;Priority 4;OK
SEC;SYN;SEC;SR;OK;TASK000015229517;Priority 3;OK
SEC;812;SEC;SR;OK;TASK000015229852;Priority 3;OK
DCF;DCF;FUN;SR;Defect;TASK000015229944;Priority 4;OK
APS;ETH;APS;SR;OK;TASK000015230061;Priority 3;OK
SEC;812;SEC;SR;OK;TASK000015230098;Priority 3;OK
FUN;EMS;FUN;SR;OK;TASK000015231149;Priority 4;OK
FIN;812;FUN;SR;OK;TASK000015231525;Priority 4;OK
DBA;812;DBA;SR;OK;TASK000015231612;Priority 4;OK
DBA;812;DBA;SR;OK;TASK000015231648;Priority 4;OK
SEC;EMS;SEC;SR;Defect;TASK000015231864;Priority 3;OK
SEC;812;SEC;SR;OK;TASK000015232060;Priority 4;OK
APS;ETH;APS;SR;OK;TASK000015232210;Priority 3;OK
SEC;812;SEC;SR;Defect;TASK000015232224;Priority 3;OK
SEC;812;SEC;SR;OK;TASK000015232387;Priority 3;OK
SEC;812;SEC;SR;OK;TASK000015232421;Priority 3;OK
APS;ETH;APS;SR;OK;TASK000015232506;Priority 3;OK
OPS;WS;OPS;SR;OK;TASK000015232535;Priority 4;OK
APS;ETH;APS;SR;OK;TASK000015232669;Priority 3;OK
L1;MNT;SEC;SR;OK;TASK000015232819;Priority 4;OK
L1;BWI;L1 ;SR;OK;TASK000015233103;Priority 3;OK
SEC;ETH;SEC;SR;OK;TASK000015233175;Priority 3;OK
SEC;812;SEC;SR;OK;TASK000015233177;Priority 3;OK
APS;ETH;APS;SR;OK;TASK000015233194;Priority 3;OK
APS;ETH;APS;SR;OK;TASK000015233254;Priority 3;OK
APS;ETH;APS;SR;OK;TASK000015233319;Priority 3;OK
SEC;ETH;SEC;SR;OK;TASK000015233506;Priority 3;OK
SEC;ETH;SEC;SR;OK;TASK000015233600;Priority 3;OK
SEC;ETH;SEC;SR;OK;TASK000015233606;Priority 3;OK
SEC;ETH;SEC;SR;OK;TASK000015233628;Priority 3;OK
SEC;EES;SEC;SR;OK;TASK000015233764;Priority 3;OK
SEC;DCF;SEC;SR;OK;TASK000015233982;Priority 4;OK
FIN;DXE;FUN;SR;OK;TASK000015233989;Priority 3;OK
TEC;BWI;TEC;SR;OK;TASK000015234049;Priority 3;OK
SEC;SYN;SEC;SR;OK;TASK000015234124;Priority 3;OK
APS;ETH;APS;SR;OK;TASK000015234271;Priority 3;OK
SEC;EES;SEC;SR;OK;TASK000015234308;Priority 4;OK
SEC;DXE;SEC;SR;Defect;TASK000015234323;Priority 3;OK
FIN;812;FUN;SR;OK;TASK000015235778;Priority 4;OK
SEC;812;SEC;SR;OK;TASK000015235975;Priority 3;OK
APS;ETH;APS;SR;OK;TASK000015235998;Priority 3;OK
SEC;812;SEC;SR;OK;TASK000015236002;Priority 3;OK
SEC;812;SEC;SR;OK;TASK000015236385;Priority 4;OK
SEC;EMS;SEC;SR;Defect;TASK000015236711;Priority 3;OK
SEC;DXE;SEC;SR;OK;TASK000015236728;Priority 3;OK
TEC;SYN;FUN;SR;OK;TASK000015236924;Priority 3;OK
SEC;BWI;SEC;SR;OK;TASK000015237046;Priority 4;OK
SEC;812;SEC;SR;Defect;TASK000015237121;Priority 3;OK
SEC;812;SEC;SR;OK;TASK000015237169;Priority 3;OK
SEC;BWI;SEC;SR;OK;TASK000015237796;Priority 4;OK
SEC;EMS;SEC;SR;OK;TASK000015238257;Priority 3;OK
SEC;DCF;SEC;SR;OK;TASK000015238461;Priority 4;OK
SEC;EES;SEC;SR;OK;TASK000015238489;Priority 3;OK
SEC;EES;SEC;SR;OK;TASK000015238515;Priority 3;OK
DBA;812;DBA;SR;OK;TASK000015238772;Priority 3;OK
SEC;EES;SEC;SR;OK;TASK000015239047;Priority 4;OK
SEC;LAT;SEC;SR;OK;TASK000015239300;Priority 4;OK
TEC;DCF;TEC;SR;OK;TASK000015239347;Priority 3;OK
SEC;DCF;SEC;SR;OK;TASK000015239453;Priority 4;OK
SEC;BWI;SEC;SR;OK;TASK000015239875;Priority 4;OK
SEC;ETH;SEC;SR;OK;TASK000015240489;Priority 3;OK
FUN;812;FUN;SR;OK;TASK000015241479;Priority 3;OK
SEC;DCF;SEC;SR;OK;TASK000015241872;Priority 4;OK
APS;ETH;APS;SR;OK;TASK000015241987;Priority 3;OK
SEC;SYN;SEC;SR;OK;TASK000015242209;Priority 3;OK
SEC;BWI;SEC;SR;OK;TASK000015242502;Priority 3;OK
FUN;812;FUN;SR;OK;TASK000015242514;Priority 4;OK
SEC;BWI;SEC;SR;OK;TASK000015242515;Priority 4;OK
DBA;812;DBA;SR;OK;TASK000015242679;Priority 3;OK
TEC;SYN;FUN;SR;OK;TASK000015242987;Priority 3;OK
L1;BWI;L1 ;SR;OK;TASK000015243118;Priority 3;OK
SEC;812;SEC;SR;OK;TASK000015243126;Priority 3;OK
FUN;ETH;FUN;INC;OK;TASK000015243261;Priority 3;OK
TEC;SYN;FUN;SR;OK;TASK000015243428;Priority 3;OK
APS;ETH;APS;SR;OK;TASK000015243535;Priority 3;OK
APS;ETH;APS;SR;OK;TASK000015243819;Priority 3;OK
SEC;DXE;SEC;SR;OK;TASK000015243836;Priority 3;OK
SEC;DPY;SEC;SR;OK;TASK000015243841;Priority 4;OK
SEC;DPY;SEC;SR;OK;TASK000015243847;Priority 4;OK
APS;ETH;APS;SR;OK;TASK000015243994;Priority 3;OK
SEC;BWI;SEC;SR;OK;TASK000015244076;Priority 3;OK
SEC;MNT;SEC;SR;OK;TASK000015244446;Priority 4;OK
SEC;ETH;SEC;SR;OK;TASK000015245480;Priority 3;OK
SEC;ETH;SEC;SR;OK;TASK000015245494;Priority 3;OK
DBA;812;DBA;SR;OK;TASK000015246536;Priority 3;OK
OPS;EMS;OPS;SR;OK;TASK000015246555;Priority 3;OK
SEC;WS;SEC;SR;OK;TASK000015246817;Priority 3;OK
SEC;812;SEC;SR;OK;TASK000015246954;Priority 3;OK
SEC;DXE;SEC;SR;OK;TASK000015247023;Priority 3;OK
APS;ETH;APS;SR;OK;TASK000015247630;Priority 3;OK
SEC;SYN;SEC;SR;OK;TASK000015249218;Priority 3;OK
L1;MNT;MON;SR;OK;TASK000015249618;Priority 3;OK
DBA;812;DBA;SR;OK;TASK000015252302;Priority 3;OK
TEC;BWI;TEC;SR;OK;TASK000015252811;Priority 3;OK
TEC;SYN;FUN;SR;OK;TASK000015252982;Priority 3;OK
TEC;BWI;TEC;SR;OK;TASK000015253123;Priority 3;OK
SEC;EES;SEC;SR;OK;TASK000015253257;Priority 4;OK
SEC;BWI;SEC;SR;OK;TASK000015253348;Priority 3;OK
SEC;BWI;SEC;SR;OK;TASK000015253394;Priority 4;OK
APS;ETH;APS;SR;OK;TASK000015253401;Priority 3;OK
SEC;812;SEC;SR;OK;TASK000015253778;Priority 3;OK
SEC;SYN;SEC;SR;OK;TASK000015253935;Priority 3;OK
SEC;ETH;SEC;SR;OK;TASK000015254186;Priority 3;OK
SEC;WS;SEC;SR;OK;TASK000015254887;Priority 3;OK
SEC;EES;SEC;SR;OK;TASK000015254949;Priority 4;OK
FUN;COR;FUN;SR;OK;TASK000015255160;Priority 3;OK
APS;EES;APS;SR;OK;TASK000015255663;Priority 3;OK
DBA;812;DBA;SR;OK;TASK000015256874;Priority 3;OK
FUN;812;FUN;SR;OK;TASK000015257319;Priority 3;OK
CNC;812;SCH;SR;OK;TASK000015257387;Priority 3;OK
APS;ETH;APS;SR;OK;TASK000015257767;Priority 3;OK
APS;DCF;APS;SR;OK;TASK000015258212;Priority 3;OK
SCH;812;SCH;SR;OK;TASK000015258215;Priority 3;OK
TEC;BWI;TEC;SR;OK;TASK000015258353;Priority 3;OK
APS;ETH;APS;SR;OK;TASK000015258431;Priority 3;OK
SEC;EMS;SEC;SR;OK;TASK000015264592;Priority 4;OK
SEC;812;SEC;SR;OK;TASK000015265694;Priority 4;OK
SEC;812;SEC;SR;OK;TASK000015265705;Priority 4;OK
SEC;812;SEC;SR;OK;TASK000015267980;Priority 4;OK
FUN;WS;FUN;SR;OK;TASK000015268384;Priority 4;OK
L1;MNT;SEC;SR;OK;TASK000015269177;Priority 4;OK
SEC;BWI;SEC;SR;OK;TASK000015269516;Priority 4;OK
SEC;BWI;SEC;SR;OK;TASK000015269788;Priority 4;OK
SEC;812;SEC;SR;OK;TASK000015269808;Priority 4;OK
SEC;DCF;SEC;SR;OK;TASK000015270078;Priority 4;OK
L1;MNT;SEC;SR;OK;TASK000015270441;Priority 4;OK
SEC;812;SEC;SR;OK;TASK000015270626;Priority 4;OK
SEC;DPY;SEC;SR;OK;TASK000015270701;Priority 4;OK
SEC;MNT;SEC;SR;OK;TASK000015270704;Priority 4;OK
SEC;DCF;SEC;SR;OK;TASK000015270749;Priority 4;OK
FUN;EES;FUN;SR;OK;TASK000015270769;Priority 4;OK
SEC;DCF;SEC;SR;OK;TASK000015271711;Priority 4;OK
L1;MNT;SEC;SR;OK;TASK000015272026;Priority 4;OK
SEC;DCF;SEC;SR;OK;TASK000015272556;Priority 4;OK
SEC;DCF;SEC;SR;OK;TASK000015272559;Priority 4;OK
L1;MNT;SEC;SR;OK;TASK000015273072;Priority 4;OK
FIN;812;FUN;SR;OK;TASK000015273587;Priority 4;OK
FUN;DXE;FUN;SR;OK;TASK000015273588;Priority 3;OK
SEC;MNT;SEC;SR;OK;TASK000015273879;Priority 4;OK
SEC;812;SEC;SR;OK;TASK000015274102;Priority 3;OK
APS;DCF;APS;SR;OK;TASK000015274367;Priority 3;OK
FUN;812;FUN;SR;OK;TASK000015274615;Priority 4;OK
SEC;812;SEC;SR;OK;TASK000015274755;Priority 4;OK
SEC;EES;SEC;SR;OK;TASK000015274864;Priority 4;OK
L1;MNT;SEC;SR;OK;TASK000015274910;Priority 4;OK
SEC;SYN;SEC;SR;OK;TASK000015274958;Priority 3;OK
SEC;ETH;SEC;SR;Defect;TASK000015275073;Priority 3;OK
L1;BWI;L1 ;SR;OK;TASK000015275322;Priority 3;OK
SEC;DPY;SEC;SR;OK;TASK000015275554;Priority 4;OK
L1;812;MON;SR;OK;TASK000015275572;Priority 3;OK
SEC;DXE;SEC;SR;OK;TASK000015275844;Priority 4;OK
SEC;SYN;SEC;SR;Defect;TASK000015275908;Priority 3;OK
SEC;EMS;SEC;SR;OK;TASK000015275914;Priority 3;OK
SEC;WS;SEC;SR;OK;TASK000015276629;Priority 3;OK
DBA;812;DBA;SR;OK;TASK000015276667;Priority 3;OK
FUN;812;FUN;SR;OK;TASK000015276765;Priority 4;OK
TEC;ETH;FUN;SR;OK;TASK000015277027;Priority 4;OK
TEC;SYN;FUN;SR;OK;TASK000015277077;Priority 3;OK
TEC;ETH;FUN;SR;OK;TASK000015277453;Priority 4;OK
SEC;SYN;SEC;SR;Defect;TASK000015277478;Priority 3;OK
SEC;DXE;SEC;SR;OK;TASK000015277497;Priority 4;OK
SEC;DCF;SEC;SR;OK;TASK000015277658;Priority 4;OK
SEC;DCF;SEC;SR;OK;TASK000015277743;Priority 4;OK
APS;EES;APS;SR;OK;TASK000015277880;Priority 3;OK
SEC;SYN;SEC;SR;Defect;TASK000015278288;Priority 3;OK
SEC;DXE;SEC;SR;OK;TASK000015278613;Priority 4;OK
APS;ETH;APS;SR;OK;TASK000015279030;Priority 3;OK
FIN;812;FUN;SR;OK;TASK000015279418;Priority 4;OK
SEC;812;SEC;SR;OK;TASK000015279979;Priority 3;OK
SEC;DXE;SEC;SR;OK;TASK000015280154;Priority 4;OK
SEC;DXE;SEC;SR;OK;TASK000015280261;Priority 3;OK
DCF;DCF;FUN;SR;OK;TASK000015280458;Priority 3;OK
SEC;BWI;SEC;SR;OK;TASK000015280708;Priority 4;OK
SEC;SYN;SEC;SR;OK;TASK000015280789;Priority 3;OK
SCH;812;SCH;SR;OK;TASK000015280941;Priority 3;OK
DBA;812;DBA;SR;OK;TASK000015281078;Priority 3;OK
SEC;ETH;SEC;SR;OK;TASK000015281166;Priority 3;OK
SEC;ETH;SEC;SR;OK;TASK000015281182;Priority 3;OK
SEC;ETH;SEC;SR;OK;TASK000015281213;Priority 3;OK
APS;ETH;APS;SR;OK;TASK000015281415;Priority 3;OK
SEC;DCF;SEC;SR;OK;TASK000015281552;Priority 4;OK
APS;ETH;APS;SR;OK;TASK000015281640;Priority 3;OK
APS;ETH;APS;SR;OK;TASK000015282025;Priority 3;OK
SEC;BWI;SEC;SR;OK;TASK000015282213;Priority 4;OK
DBA;812;DBA;SR;OK;TASK000015282282;Priority 3;OK
SEC;SYN;SEC;SR;OK;TASK000015282333;Priority 3;OK
SEC;EMS;SEC;SR;OK;TASK000015282464;Priority 3;OK
SEC;BWI;SEC;SR;OK;TASK000015282858;Priority 4;OK
TEC;ETH;FUN;SR;OK;TASK000015282937;Priority 4;OK
APS;DCF;APS;SR;OK;TASK000015283190;Priority 3;OK
APS;DCF;APS;SR;OK;TASK000015283614;Priority 3;OK
FUN;EES;FUN;SR;OK;TASK000015283984;Priority 4;OK
SEC;SYN;SEC;SR;Defect;TASK000015284017;Priority 3;OK
SEC;DXE;SEC;SR;OK;TASK000015284552;Priority 3;OK
SEC;EES;SEC;SR;OK;TASK000015284611;Priority 3;OK
DCF;DCF;FUN;SR;OK;TASK000015284852;Priority 3;OK
FUN;DCF;FUN;SR;OK;TASK000015284987;Priority 3;OK
SEC;WS;SEC;SR;OK;TASK000015285146;Priority 3;OK
SEC;812;SEC;SR;OK;TASK000015285158;Priority 3;OK
FUN;812;FUN;SR;OK;TASK000015285211;Priority 3;OK
DBA;812;DBA;SR;OK;TASK000015285283;Priority 3;OK
ETH;ETH;FUN;SR;OK;TASK000015285775;Priority 4;OK
TEC;SYN;FUN;SR;OK;TASK000015286291;Priority 3;OK
SEC;SYN;SEC;SR;Defect;TASK000015286380;Priority 3;OK
SEC;BWI;SEC;SR;OK;TASK000015286438;Priority 4;OK
SEC;BWI;SEC;SR;OK;TASK000015286459;Priority 4;OK
APS;ETH;APS;SR;OK;TASK000015286554;Priority 3;OK
SEC;BWI;SEC;SR;OK;TASK000015286618;Priority 4;OK
SEC;DCF;SEC;SR;OK;TASK000015286665;Priority 4;OK
L1;MNT;SEC;SR;OK;TASK000015286686;Priority 4;OK
SEC;EMS;SEC;SR;OK;TASK000015286776;Priority 3;OK
SEC;DCF;SEC;SR;OK;TASK000015286818;Priority 4;OK
SEC;DPY;SEC;SR;OK;TASK000015287008;Priority 4;OK
SEC;SYN;SEC;SR;OK;TASK000015287217;Priority 3;OK
SEC;SYN;SEC;SR;OK;TASK000015287498;Priority 3;OK
L1;MNT;SEC;SR;OK;TASK000015287509;Priority 4;OK
SEC;SYN;SEC;SR;OK;TASK000015288056;Priority 3;OK
L1;BWI;L1 ;SR;OK;TASK000015288251;Priority 3;OK
L1;BWI;L1 ;SR;OK;TASK000015288308;Priority 3;OK
SEC;BWI;SEC;SR;OK;TASK000015288390;Priority 4;OK
SEC;812;SEC;SR;OK;TASK000015290322;Priority 4;OK
SEC;812;SEC;SR;OK;TASK000015290378;Priority 4;OK
SEC;DXE;SEC;SR;OK;TASK000015290609;Priority 4;OK
SEC;EES;SEC;SR;OK;TASK000015290646;Priority 3;OK
SEC;812;SEC;SR;OK;TASK000015291358;Priority 3;OK
SEC;812;SEC;SR;OK;TASK000015291540;Priority 4;OK
SEC;DCF;SEC;SR;OK;TASK000015291550;Priority 4;OK
APS;EES;APS;SR;OK;TASK000015291749;Priority 3;OK
SEC;812;SEC;SR;OK;TASK000015291777;Priority 4;OK
SEC;MNT;SEC;SR;OK;TASK000015292136;Priority 4;OK
INS;812;INS;SR;OK;TASK000015292373;Priority 4;OK
SEC;BWI;SEC;SR;OK;TASK000015292471;Priority 4;OK
DBA;812;DBA;SR;OK;TASK000015292720;Priority 3;OK
APS;ETH;APS;SR;OK;TASK000015292786;Priority 3;OK
SEC;ETH;SEC;SR;OK;TASK000015292832;Priority 3;OK
SEC;MNT;SEC;SR;OK;TASK000015292923;Priority 4;OK
APS;ETH;APS;SR;OK;TASK000015293161;Priority 3;OK
SEC;SYN;SEC;SR;Defect;TASK000015293250;Priority 3;OK
SCH;BWI;SCH;SR;OK;TASK000015293343;Priority 3;OK
SEC;BWI;SEC;SR;OK;TASK000015293451;Priority 4;OK
SEC;DCF;SEC;SR;OK;TASK000015293489;Priority 4;OK
SEC;SYN;SEC;SR;OK;TASK000015293571;Priority 3;OK
APS;EES;APS;SR;OK;TASK000015293651;Priority 4;OK
APS;EES;APS;SR;OK;TASK000015293665;Priority 4;OK
SEC;MNT;SEC;SR;OK;TASK000015293695;Priority 4;OK
L1;CRD;MON;SR;OK;TASK000015293781;Priority 3;OK
L1;CRD;MON;SR;OK;TASK000015293824;Priority 3;OK
APS;EES;APS;SR;OK;TASK000015294245;Priority 3;OK
FUN;EES;FUN;SR;Defect;TASK000015294274;Priority 4;OK
DBA;812;DBA;SR;OK;TASK000015294642;Priority 3;OK
SEC;812;SEC;SR;OK;TASK000015295441;Priority 3;OK
SEC;ETH;SEC;SR;OK;TASK000015295519;Priority 3;OK
APS;ETH;APS;SR;OK;TASK000015295900;Priority 3;OK
FIN;812;FUN;SR;OK;TASK000015296104;Priority 3;OK
DBA;812;DBA;SR;OK;TASK000015296405;Priority 3;OK
FIN;DXE;FUN;SR;OK;TASK000015296415;Priority 3;OK
SEC;EMS;SEC;SR;OK;TASK000015296418;Priority 4;OK
FIN;DXE;FUN;SR;OK;TASK000015296422;Priority 3;OK
FIN;DXE;FUN;SR;OK;TASK000015296431;Priority 3;OK
CNC;812;SCH;SR;OK;TASK000015296583;Priority 3;OK
SEC;812;SEC;SR;OK;TASK000015296721;Priority 4;OK
DBA;812;DBA;SR;OK;TASK000015297095;Priority 3;OK
SCH;BWI;SCH;SR;OK;TASK000015297377;Priority 3;OK
SEC;DXE;SEC;SR;OK;TASK000015297539;Priority 4;OK
SEC;812;SEC;SR;OK;TASK000015297608;Priority 4;OK
TEC;BWI;TEC;SR;OK;TASK000015297742;Priority 3;OK
TEC;BWI;TEC;SR;OK;TASK000015297753;Priority 3;OK
SEC;DCF;SEC;SR;OK;TASK000015297791;Priority 4;OK
SEC;DXE;SEC;SR;OK;TASK000015298005;Priority 4;OK
TEC;SYN;FUN;SR;OK;TASK000015298011;Priority 3;OK
TEC;DCF;TEC;SR;OK;TASK000015298052;Priority 4;OK
DBA;812;DBA;SR;OK;TASK000015298102;Priority 3;OK
SEC;DXE;SEC;SR;OK;TASK000015298172;Priority 3;OK
SEC;BWI;SEC;SR;OK;TASK000015298510;Priority 4;OK
SEC;812;SEC;SR;OK;TASK000015298782;Priority 4;OK
L1;MNT;SEC;SR;OK;TASK000015299289;Priority 4;OK
L1;CRD;MON;SR;OK;TASK000015299402;Priority 3;OK
SEC;DCF;SEC;SR;OK;TASK000015299578;Priority 4;OK
SEC;MNT;SEC;SR;OK;TASK000015299620;Priority 4;OK
L1;MNT;SEC;SR;OK;TASK000015299853;Priority 4;OK
SEC;DXE;SEC;SR;OK;TASK000015299885;Priority 4;OK
SEC;BWI;SEC;SR;OK;TASK000015300155;Priority 3;OK
EES;EES;FUN;SR;Defect;TASK000015300320;Priority 4;OK
L1;BWI;L1 ;SR;OK;TASK000015300502;Priority 3;OK
L1;BWI;L1 ;SR;OK;TASK000015300570;Priority 3;OK
DBA;812;DBA;SR;OK;TASK000015301224;Priority 3;OK
DBA;812;DBA;SR;OK;TASK000015301542;Priority 3;OK
DBA;812;DBA;SR;OK;TASK000015301589;Priority 3;OK
DBA;812;DBA;SR;OK;TASK000015301987;Priority 3;OK
FUN;812;FUN;SR;OK;TASK000015302202;Priority 3;OK
DBA;812;DBA;SR;OK;TASK000015302328;Priority 4;OK
APS;DCF;APS;SR;OK;TASK000015302589;Priority 3;OK
FUN;812;FUN;SR;OK;TASK000015302744;Priority 3;OK
SEC;812;SEC;SR;Defect;TASK000015302921;Priority 3;OK
SEC;SYN;SEC;SR;OK;TASK000015303248;Priority 3;OK
SEC;812;SEC;SR;OK;TASK000015303255;Priority 4;OK
MNT;MNT;FUN;SR;OK;TASK000015303389;Priority 3;OK
SEC;DCF;SEC;SR;OK;TASK000015303475;Priority 4;OK
L1;MNT;SEC;SR;OK;TASK000015303517;Priority 4;OK
SEC;ETH;SEC;SR;OK;TASK000015303812;Priority 3;OK
SEC;BWI;SEC;SR;OK;TASK000015304115;Priority 3;OK
SEC;812;SEC;SR;Defect;TASK000015304218;Priority 3;OK
L1;MNT;SEC;SR;OK;TASK000015304325;Priority 4;OK
DBA;812;DBA;SR;OK;TASK000015304421;Priority 3;OK
SEC;DXE;SEC;SR;OK;TASK000015304809;Priority 4;OK
SEC;BWI;SEC;SR;OK;TASK000015304864;Priority 4;OK
L1;MNT;SEC;SR;OK;TASK000015305198;Priority 4;OK
DCF;DCF;FUN;SR;OK;TASK000015305305;Priority 3;OK
SEC;DPY;SEC;SR;OK;TASK000015305482;Priority 4;OK
APS;ETH;APS;SR;OK;TASK000015305732;Priority 3;OK
SEC;DCF;SEC;SR;OK;TASK000015305791;Priority 4;OK
SEC;EES;SEC;SR;OK;TASK000015305839;Priority 3;OK
SEC;ETH;SEC;SR;Defect;TASK000015306074;Priority 3;OK
APS;EES;APS;SR;OK;TASK000015306105;Priority 3;OK
SEC;SYN;SEC;SR;OK;TASK000015306146;Priority 3;OK
CNC;812;MON;SR;OK;TASK000015306699;Priority 3;OK
CNC;812;MON;SR;OK;TASK000015307154;Priority 3;OK
APS;ETH;APS;SR;OK;TASK000015307235;Priority 3;OK
SEC;812;SEC;SR;OK;TASK000015307262;Priority 4;OK
APS;ETH;APS;SR;OK;TASK000015307286;Priority 3;OK
FUN;812;FUN;SR;OK;TASK000015307311;Priority 3;OK
APS;ETH;APS;SR;OK;TASK000015307347;Priority 3;OK
DBA;812;DBA;SR;OK;TASK000015307517;Priority 3;OK
APS;ETH;APS;SR;OK;TASK000015307911;Priority 3;OK
DBA;812;DBA;SR;OK;TASK000015307917;Priority 3;OK
DBA;812;DBA;SR;OK;TASK000015307919;Priority 3;OK
TEC;BWI;TEC;SR;OK;TASK000015308082;Priority 3;OK
SEC;DCF;SEC;SR;OK;TASK000015308315;Priority 4;OK
SCH;812;SCH;SR;OK;TASK000015308443;Priority 3;OK
APS;ETH;APS;SR;OK;TASK000015308654;Priority 4;OK
DBA;812;DBA;SR;OK;TASK000015308874;Priority 3;OK
SEC;812;SEC;SR;OK;TASK000015308882;Priority 4;OK
SEC;EMS;SEC;SR;OK;TASK000015308962;Priority 3;OK
SEC;ETH;SEC;SR;OK;TASK000015308977;Priority 3;OK
SEC;812;SEC;SR;OK;TASK000015309003;Priority 4;OK
DCF;DCF;FUN;SR;OK;TASK000015309251;Priority 3;OK
SEC;812;SEC;SR;OK;TASK000015309497;Priority 4;OK
APS;ETH;APS;SR;OK;TASK000015309672;Priority 3;OK
TEC;DCF;TEC;SR;OK;TASK000015309686;Priority 3;OK
EES;EES;FUN;SR;OK;TASK000015309753;Priority 4;OK
SEC;EES;SEC;SR;OK;TASK000015310087;Priority 3;OK
SEC;DCF;SEC;SR;OK;TASK000015310313;Priority 4;OK
SEC;DCF;SEC;SR;OK;TASK000015310976;Priority 4;OK
TEC;SYN;FUN;SR;OK;TASK000015311371;Priority 3;OK
SEC;812;SEC;SR;OK;TASK000015311996;Priority 3;OK
SEC;812;SEC;SR;OK;TASK000015312031;Priority 4;OK
FIN;DXE;FUN;SR;OK;TASK000015312926;Priority 4;OK
DBA;812;DBA;SR;OK;TASK000015312987;Priority 3;OK
SEC;812;SEC;SR;OK;TASK000015313006;Priority 4;OK
SEC;812;SEC;SR;OK;TASK000015313217;Priority 4;OK
SEC;EMS;SEC;SR;OK;TASK000015313243;Priority 3;OK
SEC;DPY;SEC;SR;OK;TASK000015313526;Priority 4;OK
SEC;812;SEC;SR;OK;TASK000015313546;Priority 4;OK
DBA;812;DBA;SR;OK;TASK000015313572;Priority 3;OK
SEC;812;SEC;SR;OK;TASK000015313644;Priority 4;OK
SEC;DXE;SEC;SR;OK;TASK000015313925;Priority 4;OK
SEC;812;SEC;SR;Defect;TASK000015314158;Priority 3;OK
SEC;BWI;SEC;SR;OK;TASK000015314159;Priority 3;OK
DBA;812;DBA;SR;OK;TASK000015314704;Priority 3;OK
SEC;BWI;SEC;SR;OK;TASK000015314794;Priority 3;OK
SEC;MNT;SEC;SR;OK;TASK000015314958;Priority 4;OK
APS;EES;APS;SR;OK;TASK000015315743;Priority 3;OK
APS;EES;APS;SR;OK;TASK000015315813;Priority 3;OK
SEC;BWI;SEC;SR;OK;TASK000015316108;Priority 4;OK
SEC;MNT;SEC;SR;OK;TASK000015316522;Priority 4;OK
L1;CRD;MON;SR;OK;TASK000015316682;Priority 3;OK
SEC;SYN;SEC;SR;OK;TASK000015316717;Priority 3;OK
SEC;DXE;SEC;SR;OK;TASK000015316729;Priority 4;OK
APS;ETH;APS;SR;OK;TASK000015317448;Priority 3;OK
SEC;ETH;SEC;SR;OK;TASK000015317499;Priority 3;OK
DBA;812;DBA;SR;OK;TASK000015317512;Priority 3;OK
FUN;812;FUN;SR;OK;TASK000015317560;Priority 3;OK
SEC;812;SEC;SR;OK;TASK000015318346;Priority 4;OK
L1;812;MON;SR;OK;TASK000015318470;Priority 3;OK
SEC;SYN;SEC;SR;OK;TASK000015319370;Priority 3;OK
SEC;DXE;SEC;SR;OK;TASK000015319449;Priority 4;OK
L1;MNT;MON;SR;OK;TASK000015319733;Priority 3;OK
APS;ETH;APS;SR;OK;TASK000015319901;Priority 3;OK
APS;ETH;APS;SR;OK;TASK000015320013;Priority 3;OK
FUN;ETH;FUN;SR;OK;TASK000015320140;Priority 4;OK
SEC;MNT;SEC;SR;OK;TASK000015320200;Priority 4;OK
SEC;SYN;SEC;SR;OK;TASK000015320546;Priority 3;OK
SEC;ETH;SEC;SR;OK;TASK000015321304;Priority 3;OK
SEC;MNT;SEC;SR;OK;TASK000015322681;Priority 4;OK
FUN;812;FUN;SR;OK;TASK000015323017;Priority 4;OK
SEC;812;SEC;SR;OK;TASK000015323030;Priority 3;OK
SCH;812;SCH;SR;OK;TASK000015323440;Priority 3;OK
FIN;812;FUN;SR;OK;TASK000015323535;Priority 4;OK
SEC;DXE;SEC;SR;OK;TASK000015323689;Priority 4;OK
DBA;812;DBA;SR;OK;TASK000015323833;Priority 3;OK
DBA;812;DBA;SR;OK;TASK000015323982;Priority 3;OK
SEC;DXE;SEC;SR;OK;TASK000015324048;Priority 4;OK
SEC;SYN;SEC;SR;OK;TASK000015324228;Priority 3;OK
SEC;ETH;SEC;SR;OK;TASK000015324351;Priority 3;OK
SEC;812;SEC;SR;OK;TASK000015324354;Priority 4;OK
SEC;DXE;SEC;SR;OK;TASK000015324355;Priority 4;OK
TEC;SYN;FUN;SR;OK;TASK000015324401;Priority 3;OK
SEC;812;SEC;SR;OK;TASK000015324580;Priority 4;OK
SEC;DCF;SEC;SR;OK;TASK000015324648;Priority 4;OK
SEC;SYN;SEC;SR;OK;TASK000015324695;Priority 3;OK
SEC;812;SEC;SR;OK;TASK000015324833;Priority 3;OK
SEC;812;SEC;SR;OK;TASK000015324951;Priority 4;OK
SEC;BWI;SEC;SR;OK;TASK000015325218;Priority 4;OK
SEC;MNT;SEC;SR;OK;TASK000015325258;Priority 4;OK
SEC;ETH;SEC;SR;OK;TASK000015325468;Priority 3;OK
TEC;SYN;FUN;SR;OK;TASK000015325619;Priority 3;OK
SEC;BWI;SEC;SR;OK;TASK000015325641;Priority 4;OK
L1;BWI;MON;SR;OK;TASK000015325729;Priority 3;OK
FUN;812;FUN;SR;OK;TASK000015325972;Priority 4;OK
SEC;DCF;SEC;SR;OK;TASK000015325976;Priority 4;OK
SEC;DCF;SEC;SR;OK;TASK000015326267;Priority 4;OK
L1;CRD;MON;SR;OK;TASK000015326353;Priority 3;OK
FUN;MNT;FUN;SR;OK;TASK000015326568;Priority 3;OK
APS;EES;APS;SR;OK;TASK000015326714;Priority 4;OK
APS;EES;APS;SR;OK;TASK000015326730;Priority 4;OK
APS;EES;APS;SR;OK;TASK000015326758;Priority 4;OK
APS;EES;APS;SR;OK;TASK000015327115;Priority 4;OK
DBA;812;DBA;SR;OK;TASK000015327231;Priority 3;OK
SEC;812;SEC;SR;OK;TASK000015327654;Priority 4;OK
FUN;812;FUN;SR;OK;TASK000015327674;Priority 3;OK
SEC;812;SEC;SR;OK;TASK000015327926;Priority 4;OK
SEC;812;SEC;SR;OK;TASK000015328247;Priority 4;OK
FUN;812;FUN;SR;OK;TASK000015328658;Priority 3;OK
SEC;SYN;SEC;SR;OK;TASK000015328934;Priority 3;OK
SEC;DXE;SEC;SR;OK;TASK000015329055;Priority 4;OK
SEC;812;SEC;SR;OK;TASK000015329154;Priority 4;OK
APS;ETH;APS;SR;OK;TASK000015329430;Priority 3;OK
SEC;812;SEC;SR;OK;TASK000015329500;Priority 3;OK
SEC;EMS;SEC;SR;OK;TASK000015329533;Priority 3;OK
L1;812;MON;SR;OK;TASK000015329559;Priority 3;OK
APS;EES;APS;SR;OK;TASK000015329579;Priority 4;OK
APS;EES;APS;SR;OK;TASK000015329604;Priority 4;OK
SEC;812;SEC;SR;OK;TASK000015329674;Priority 4;OK
FUN;812;FUN;SR;OK;TASK000015329709;Priority 4;OK
FIN;WS;FUN;SR;OK;TASK000015329720;Priority 3;OK
TEC;ETH;FUN;SR;OK;TASK000015329728;Priority 3;OK
SEC;DXE;SEC;SR;OK;TASK000015329834;Priority 4;OK
FIN;MNT;FUN;SR;OK;TASK000015330509;Priority 3;OK
SEC;DXE;SEC;SR;OK;TASK000015330978;Priority 4;OK
SEC;SYN;SEC;SR;OK;TASK000015331168;Priority 3;OK
SEC;812;SEC;SR;OK;TASK000015331281;Priority 3;OK
SEC;DXE;SEC;SR;OK;TASK000015331436;Priority 4;OK
SEC;BWI;SEC;SR;OK;TASK000015331790;Priority 3;OK
SEC;812;SEC;SR;OK;TASK000015332027;Priority 4;OK
SEC;812;SEC;SR;OK;TASK000015332547;Priority 3;OK
SEC;DXE;SEC;SR;OK;TASK000015332762;Priority 3;OK
SEC;DXE;SEC;SR;OK;TASK000015332775;Priority 3;OK
DBA;812;DBA;SR;OK;TASK000015332814;Priority 3;OK
APS;ETH;APS;SR;OK;TASK000015332919;Priority 3;OK
SCH;812;SCH;SR;OK;TASK000015332942;Priority 3;OK
SEC;DCF;SEC;SR;OK;TASK000015333479;Priority 4;OK
SEC;812;SEC;SR;OK;TASK000015333548;Priority 3;OK
SEC;812;SEC;SR;OK;TASK000015333555;Priority 3;OK
APS;ETH;APS;SR;OK;TASK000015333634;Priority 4;OK
OPS;EMS;OPS;SR;Defect;TASK000015333640;Priority 3;OK
APS;ETH;APS;SR;OK;TASK000015333824;Priority 3;OK
FUN;DXE;FUN;SR;OK;TASK000015333983;Priority 4;OK
TEC;SYN;FUN;SR;OK;TASK000015334005;Priority 3;OK
SEC;SYN;SEC;SR;Defect;TASK000015334090;Priority 3;OK
APS;EES;APS;SR;OK;TASK000015334127;Priority 4;OK
DBA;812;DBA;SR;OK;TASK000015334210;Priority 3;OK
SEC;ETH;SEC;SR;OK;TASK000015334365;Priority 3;OK
SEC;MNT;SEC;SR;OK;TASK000015334373;Priority 4;OK
APS;EES;APS;SR;OK;TASK000015334589;Priority 4;OK
SEC;812;SEC;SR;OK;TASK000015334952;Priority 3;OK
SEC;812;SEC;SR;OK;TASK000015335064;Priority 4;OK
SEC;EES;SEC;SR;OK;TASK000015335137;Priority 3;OK
SEC;ETH;SEC;SR;OK;TASK000015335261;Priority 3;OK
SEC;SYN;SEC;SR;OK;TASK000015335282;Priority 3;OK
SEC;DCF;SEC;SR;Defect;TASK000015335792;Priority 4;OK
SEC;DXE;SEC;SR;OK;TASK000015335824;Priority 3;OK
MNT;MNT;FUN;SR;OK;TASK000015336048;Priority 3;OK
FIN;DXE;FUN;SR;OK;TASK000015336708;Priority 4;OK
CNC;812;MON;SR;OK;TASK000015337057;Priority 3;OK
DBA;812;DBA;SR;OK;TASK000015337100;Priority 3;OK
APS;ETH;APS;SR;OK;TASK000015337200;Priority 3;OK
APS;ETH;APS;SR;OK;TASK000015337337;Priority 3;OK
DBA;812;DBA;SR;OK;TASK000015337405;Priority 3;OK
DBA;812;DBA;SR;OK;TASK000015337449;Priority 3;OK
SEC;812;SEC;SR;OK;TASK000015337610;Priority 4;OK
SEC;812;SEC;SR;OK;TASK000015338004;Priority 4;OK
TEC;BWI;TEC;SR;OK;TASK000015338013;Priority 3;OK
L1;812;MON;SR;OK;TASK000015338478;Priority 3;OK
SEC;812;SEC;SR;OK;TASK000015338495;Priority 3;OK
SEC;812;SEC;SR;OK;TASK000015338710;Priority 4;OK
TEC;SYN;FUN;SR;OK;TASK000015338817;Priority 3;OK
SEC;812;SEC;SR;OK;TASK000015338842;Priority 4;OK
APS;ETH;APS;SR;OK;TASK000015338954;Priority 3;OK
SEC;EMS;SEC;SR;OK;TASK000015339043;Priority 4;OK
SEC;EMS;SEC;SR;OK;TASK000015339050;Priority 3;OK
SEC;SYN;SEC;SR;Defect;TASK000015339087;Priority 3;OK
L1;CRD;MON;SR;OK;TASK000015339111;Priority 3;OK
SEC;DXE;SEC;SR;OK;TASK000015339202;Priority 4;OK
SEC;DXE;SEC;SR;OK;TASK000015339293;Priority 4;OK
FUN;EES;FUN;SR;OK;TASK000015339760;Priority 4;OK
SEC;BWI;SEC;SR;OK;TASK000015339959;Priority 4;OK
L1;812;MON;SR;OK;TASK000015340363;Priority 3;OK
SEC;SYN;SEC;SR;OK;TASK000015340417;Priority 3;OK
SEC;DCF;SEC;SR;OK;TASK000015340812;Priority 4;OK
FUN;EES;FUN;SR;OK;TASK000015340821;Priority 4;OK
SEC;MNT;SEC;SR;OK;TASK000015341402;Priority 4;OK
SEC;EMS;SEC;SR;OK;TASK000015341812;Priority 3;OK
SEC;SYN;SEC;SR;OK;TASK000015341835;Priority 3;OK
SEC;812;SEC;SR;OK;TASK000015342252;Priority 3;OK
APS;ETH;APS;SR;OK;TASK000015342329;Priority 3;OK
APS;ETH;APS;SR;OK;TASK000015342407;Priority 3;OK
TEC;SYN;FUN;SR;OK;TASK000015342711;Priority 3;OK
DBA;812;DBA;SR;OK;TASK000015342749;Priority 4;OK
SEC;812;SEC;SR;OK;TASK000015342829;Priority 3;OK
SEC;BWI;SEC;SR;OK;TASK000015343121;Priority 3;OK
SEC;812;SEC;SR;OK;TASK000015343183;Priority 4;OK
DCF;DCF;FUN;SR;OK;TASK000015343460;Priority 3;OK
SEC;ETH;SEC;SR;OK;TASK000015343667;Priority 3;OK
SEC;ETH;SEC;SR;OK;TASK000015343679;Priority 3;OK
SEC;ETH;SEC;SR;OK;TASK000015344764;Priority 3;OK
L1;BWI;L1 ;SR;OK;TASK000015345046;Priority 3;OK
SEC;BWI;SEC;SR;OK;TASK000015346054;Priority 3;OK
SEC;812;SEC;SR;OK;TASK000015347915;Priority 3;OK
CNC;812;MON;SR;OK;TASK000015348145;Priority 3;OK
TEC;SYN;FUN;SR;OK;TASK000015348218;Priority 3;OK
FUN;812;FUN;SR;OK;TASK000015348219;Priority 3;OK
SEC;DXE;SEC;SR;OK;TASK000015348679;Priority 3;OK
SEC;DCF;SEC;SR;OK;TASK000015348903;Priority 4;OK
FUN;812;FUN;SR;OK;TASK000015349044;Priority 4;OK
SEC;812;SEC;SR;OK;TASK000015349085;Priority 3;OK
SEC;DCF;SEC;SR;OK;TASK000015349209;Priority 4;OK
SEC;SYN;SEC;SR;OK;TASK000015349245;Priority 3;OK
DBA;812;DBA;SR;OK;TASK000015349261;Priority 3;OK
L1;BWI;FUN;SR;OK;TASK000015349316;Priority 3;OK
SEC;EES;SEC;SR;OK;TASK000015349804;Priority 3;OK
SEC;SYN;SEC;SR;OK;TASK000015350074;Priority 3;OK
SEC;EES;SEC;SR;OK;TASK000015350160;Priority 3;OK
SEC;EES;SEC;SR;OK;TASK000015350180;Priority 3;OK
SEC;MNT;SEC;SR;OK;TASK000015350671;Priority 4;OK
SEC;EES;SEC;SR;OK;TASK000015350905;Priority 4;OK
APS;ETH;APS;SR;OK;TASK000015352178;Priority 3;OK
SEC;812;SEC;SR;OK;TASK000015352326;Priority 3;OK
CNC;812;MON;SR;OK;TASK000015352426;Priority 3;OK
SEC;812;SEC;SR;OK;TASK000015352471;Priority 4;OK
TEC;BWI;TEC;SR;OK;TASK000015352808;Priority 3;OK
APS;ETH;APS;SR;OK;TASK000015352862;Priority 3;OK
SCH;BWI;SCH;SR;OK;TASK000015353178;Priority 3;OK
SEC;SYN;SEC;SR;OK;TASK000015353295;Priority 3;OK
FIN;812;FUN;SR;OK;TASK000015353910;Priority 3;OK
SEC;SYN;SEC;SR;OK;TASK000015354271;Priority 3;OK
SCH;812;SCH;SR;OK;TASK000015354610;Priority 3;OK
SEC;812;SEC;SR;OK;TASK000015354701;Priority 4;OK
SEC;WS;SEC;SR;OK;TASK000015354707;Priority 3;OK
SEC;SYN;SEC;SR;Defect;TASK000015354750;Priority 4;OK
SEC;BWI;SEC;SR;OK;TASK000015354793;Priority 3;OK
SEC;812;SEC;SR;OK;TASK000015355001;Priority 3;OK
SEC;812;SEC;SR;OK;TASK000015355025;Priority 4;OK
L1;BWI;FUN;SR;OK;TASK000015355111;Priority 3;OK
APS;ETH;APS;SR;OK;TASK000015355371;Priority 3;OK
APS;ETH;APS;SR;OK;TASK000015355532;Priority 3;OK
CNC;812;SCH;SR;OK;TASK000015355608;Priority 3;OK
APS;EES;APS;SR;OK;TASK000015355731;Priority 3;OK
MNT;MNT;FUN;SR;OK;TASK000015357066;Priority 4;OK
APS;ETH;APS;SR;OK;TASK000015357590;Priority 3;OK
SEC;MNT;SEC;SR;OK;TASK000015358021;Priority 4;OK
TEC;BWI;TEC;SR;OK;TASK000015358049;Priority 3;OK
SEC;MNT;SEC;SR;OK;TASK000015358089;Priority 4;OK
APS;ETH;APS;SR;OK;TASK000015358305;Priority 3;OK
DBA;812;DBA;SR;OK;TASK000015358314;Priority 3;OK
SEC;EMS;SEC;SR;OK;TASK000015358355;Priority 3;OK
APS;ETH;APS;SR;OK;TASK000015358498;Priority 3;OK
APS;ETH;APS;SR;OK;TASK000015358523;Priority 3;OK
DBA;812;DBA;SR;OK;TASK000015358636;Priority 3;OK
SEC;MNT;SEC;SR;OK;TASK000015358895;Priority 4;OK
FUN;EES;FUN;SR;OK;TASK000015359147;Priority 4;OK
SEC;812;SEC;SR;OK;TASK000015359175;Priority 4;OK
FUN;EES;FUN;SR;OK;TASK000015359176;Priority 4;OK
APS;ETH;APS;SR;OK;TASK000015359263;Priority 3;OK
TEC;SYN;FUN;SR;OK;TASK000015359322;Priority 3;OK
APS;ETH;APS;SR;OK;TASK000015359324;Priority 3;OK
APS;ETH;APS;SR;OK;TASK000015359566;Priority 3;OK
FUN;EES;FUN;SR;OK;TASK000015359737;Priority 4;OK
SEC;SYN;SEC;SR;OK;TASK000015360177;Priority 3;OK
SEC;BWI;SEC;SR;OK;TASK000015360180;Priority 4;OK
SEC;MNT;SEC;SR;OK;TASK000015360344;Priority 4;OK
TEC;SYN;FUN;SR;OK;TASK000015360430;Priority 3;OK
CNC;812;MON;SR;OK;TASK000015361098;Priority 3;OK
DCF;DCF;FUN;SR;OK;TASK000015361399;Priority 3;OK
CNC;812;SCH;SR;OK;TASK000015361412;Priority 3;OK
APS;ETH;APS;SR;OK;TASK000015361451;Priority 3;OK
SEC;DCF;SEC;SR;OK;TASK000015361644;Priority 4;OK
DBA;812;DBA;SR;OK;TASK000015361646;Priority 3;OK
SEC;DCF;SEC;SR;OK;TASK000015361665;Priority 4;OK
APS;ETH;APS;SR;OK;TASK000015362101;Priority 3;OK
APS;ETH;APS;SR;OK;TASK000015362109;Priority 3;OK
SEC;DXE;SEC;SR;OK;TASK000015362322;Priority 4;OK
SEC;MNT;SEC;SR;OK;TASK000015362435;Priority 4;OK
DBA;812;DBA;SR;OK;TASK000015362553;Priority 3;OK
FUN;812;FUN;SR;OK;TASK000015362599;Priority 3;OK
SEC;DXE;SEC;SR;OK;TASK000015362617;Priority 4;OK
DBA;812;DBA;SR;OK;TASK000015362635;Priority 3;OK
TEC;ETH;FUN;SR;OK;TASK000015362683;Priority 4;OK
TEC;BWI;TEC;SR;OK;TASK000015362796;Priority 3;OK
TEC;BWI;TEC;SR;OK;TASK000015362804;Priority 3;OK
SCH;BWI;SCH;SR;OK;TASK000015362870;Priority 3;OK
SEC;DCF;SEC;SR;OK;TASK000015363047;Priority 4;OK
SEC;ETH;SEC;SR;OK;TASK000015363155;Priority 3;OK
FIN;DXE;FUN;SR;OK;TASK000015363401;Priority 4;OK
SEC;SYN;SEC;SR;OK;TASK000015363477;Priority 3;OK
SEC;DCF;SEC;SR;OK;TASK000015363593;Priority 4;OK
SEC;SYN;SEC;SR;OK;TASK000015363957;Priority 3;OK
DBA;812;DBA;SR;OK;TASK000015364017;Priority 3;OK
SEC;WS;SEC;SR;OK;TASK000015364352;Priority 3;OK
SEC;BWI;SEC;SR;OK;TASK000015364440;Priority 4;OK
APS;EES;APS;SR;OK;TASK000015364495;Priority 4;OK
SEC;BWI;SEC;SR;Defect;TASK000015364707;Priority 4;OK
SEC;BWI;SEC;SR;OK;TASK000015364878;Priority 3;OK
DBA;812;DBA;SR;OK;TASK000015365997;Priority 3;OK
SEC;812;SEC;SR;OK;TASK000015366468;Priority 4;OK
SEC;MNT;SEC;SR;OK;TASK000015366509;Priority 4;OK
TEC;BWI;TEC;SR;OK;TASK000015366516;Priority 3;OK
SEC;DXE;SEC;SR;OK;TASK000015366544;Priority 4;OK
SEC;812;SEC;SR;OK;TASK000015366609;Priority 3;OK
SEC;812;SEC;SR;OK;TASK000015366628;Priority 4;OK
SEC;BWI;SEC;SR;OK;TASK000015366645;Priority 4;OK
APS;ETH;APS;SR;OK;TASK000015366681;Priority 3;OK
SEC;DXE;SEC;SR;OK;TASK000015366792;Priority 3;OK
SEC;ETH;SEC;SR;OK;TASK000015366829;Priority 3;OK
SEC;MNT;SEC;SR;OK;TASK000015366914;Priority 4;OK
DBA;812;DBA;SR;OK;TASK000015366927;Priority 3;OK
SEC;WS;SEC;SR;OK;TASK000015366950;Priority 3;OK
TEC;SYN;FUN;SR;OK;TASK000015367478;Priority 3;OK
SEC;812;SEC;SR;OK;TASK000015367656;Priority 3;OK
SEC;MNT;SEC;SR;OK;TASK000015367768;Priority 4;OK
APS;DCF;APS;SR;OK;TASK000015368671;Priority 3;OK
SEC;DXE;SEC;SR;OK;TASK000015370715;Priority 4;OK
TEC;ETH;TEC;SR;OK;TASK000015371205;Priority 4;OK
SEC;EES;SEC;SR;OK;TASK000015371213;Priority 4;OK
SEC;EES;SEC;SR;OK;TASK000015371323;Priority 4;OK
SEC;BWI;SEC;SR;OK;TASK000015371429;Priority 4;OK
APS;ETH;APS;SR;OK;TASK000015372818;Priority 3;OK
CNC;812;MON;SR;OK;TASK000015372823;Priority 3;OK
SEC;812;SEC;SR;OK;TASK000015372888;Priority 3;OK
SEC;SYN;SEC;SR;OK;TASK000015372909;Priority 3;OK
TEC;SYN;FUN;SR;OK;TASK000015372913;Priority 3;OK
SEC;EMS;SEC;SR;OK;TASK000015373040;Priority 3;OK
TEC;SYN;FUN;SR;OK;TASK000015373049;Priority 3;OK
SEC;812;SEC;SR;OK;TASK000015373340;Priority 4;OK
DBA;812;DBA;SR;OK;TASK000015373383;Priority 3;OK
SCH;BWI;SCH;SR;OK;TASK000015373398;Priority 3;OK
SEC;MNT;SEC;SR;OK;TASK000015373406;Priority 4;OK
TEC;SYN;FUN;SR;OK;TASK000015373410;Priority 3;OK
APS;ETH;APS;SR;OK;TASK000015373595;Priority 3;OK
APS;ETH;APS;SR;OK;TASK000015373653;Priority 3;OK
APS;ETH;APS;SR;OK;TASK000015373655;Priority 3;OK
SEC;MNT;SEC;SR;OK;TASK000015373822;Priority 4;OK
SEC;812;SEC;SR;OK;TASK000015374796;Priority 4;OK
CNC;812;MON;SR;OK;TASK000015374944;Priority 3;OK
DBA;812;DBA;SR;OK;TASK000015375083;Priority 3;OK
SEC;812;SEC;SR;OK;TASK000015375207;Priority 3;OK
TEC;BWI;TEC;SR;OK;TASK000015375348;Priority 3;OK
SCH;BWI;SCH;SR;OK;TASK000015375490;Priority 3;OK
TEC;ETH;TEC;SR;OK;TASK000015375525;Priority 3;OK
OPS;EMS;OPS;SR;OK;TASK000015375656;Priority 4;OK
TEC;SYN;FUN;SR;OK;TASK000015375658;Priority 3;OK
TEC;SYN;FUN;SR;OK;TASK000015375749;Priority 3;OK
FIN;812;FUN;SR;OK;TASK000015375761;Priority 4;OK
APS;DCF;APS;SR;OK;TASK000015375814;Priority 3;OK
APS;ETH;APS;SR;OK;TASK000015376071;Priority 3;OK
SEC;MNT;SEC;SR;OK;TASK000015376074;Priority 4;OK
APS;EES;APS;SR;OK;TASK000015376340;Priority 4;OK
APS;EES;APS;SR;OK;TASK000015376351;Priority 4;OK
APS;ETH;APS;SR;OK;TASK000015376413;Priority 3;OK
SEC;BWI;SEC;SR;Defect;TASK000015376517;Priority 3;OK
FUN;EMS;FUN;SR;OK;TASK000015377247;Priority 4;OK
SEC;SYN;SEC;SR;OK;TASK000015377540;Priority 3;OK
SCH;812;SCH;SR;OK;TASK000015377728;Priority 3;OK
DBA;812;DBA;SR;OK;TASK000015377800;Priority 3;OK
SEC;BWI;SEC;SR;OK;TASK000015377835;Priority 4;OK
SEC;EMS;SEC;SR;OK;TASK000015377909;Priority 4;OK
L1;812;MON;SR;OK;TASK000015378143;Priority 3;OK
SEC;BWI;SEC;SR;OK;TASK000015378254;Priority 4;OK
SEC;BWI;SEC;SR;OK;TASK000015378849;Priority 4;OK
FUN;812;FUN;SR;OK;TASK000015381812;Priority 3;OK
FUN;812;FUN;SR;OK;TASK000015381821;Priority 3;OK
SEC;812;SEC;SR;OK;TASK000015382538;Priority 4;OK
CNC;812;SCH;SR;OK;TASK000015382674;Priority 3;OK
TEC;BWI;TEC;SR;OK;TASK000015382794;Priority 3;OK
FIN;812;FUN;SR;OK;TASK000015382798;Priority 3;OK
SEC;DCF;SEC;SR;OK;TASK000015382875;Priority 4;OK
FUN;WS ;FUN;SR;OK;TASK000015382932;Priority 4;OK
APS;ETH;APS;SR;OK;TASK000015382986;Priority 3;OK
FUN;DXE;FUN;SR;OK;TASK000015383038;Priority 4;OK
SEC;BWI;SEC;SR;OK;TASK000015383076;Priority 4;OK
SEC;DCF;SEC;SR;OK;TASK000015383077;Priority 4;OK
APS;ETH;APS;SR;OK;TASK000015383082;Priority 3;OK
SEC;SYN;SEC;SR;OK;TASK000015383095;Priority 3;OK
TEC;SYN;FUN;SR;OK;TASK000015383165;Priority 3;OK
L1;812;MON;SR;OK;TASK000015383189;Priority 3;OK
TEC;SYN;FUN;SR;OK;TASK000015383201;Priority 3;OK
SEC;SYN;SEC;SR;OK;TASK000015383339;Priority 3;OK
SEC;ETH;SEC;SR;OK;TASK000015383358;Priority 3;OK
SEC;DCF;SEC;SR;OK;TASK000015383529;Priority 4;OK
SEC;SYN;SEC;SR;OK;TASK000015383533;Priority 3;OK
SEC;812;SEC;SR;OK;TASK000015383602;Priority 4;OK
SEC;812;SEC;SR;OK;TASK000015383831;Priority 4;OK
SEC;SYN;SEC;SR;OK;TASK000015383965;Priority 3;OK
SCH;BWI;SCH;SR;OK;TASK000015383969;Priority 3;OK
L1;BWI;MON;SR;OK;TASK000015384029;Priority 3;OK
SEC;812;SEC;SR;OK;TASK000015384287;Priority 3;OK
FIN;DXE;FUN;SR;OK;TASK000015384314;Priority 3;OK
FIN;DXE;FUN;SR;OK;TASK000015384327;Priority 3;OK
SEC;MNT;SEC;SR;OK;TASK000015384407;Priority 4;OK
SEC;DCF;SEC;SR;OK;TASK000015384874;Priority 4;OK
SEC;MNT;SEC;SR;OK;TASK000015384893;Priority 4;OK
SEC;MNT;SEC;SR;OK;TASK000015385122;Priority 4;OK
SEC;BWI;SEC;SR;OK;TASK000015385206;Priority 4;OK
SEC;BWI;SEC;SR;OK;TASK000015385288;Priority 4;OK
SEC;EES;SEC;SR;OK;TASK000015385307;Priority 4;OK
SEC;EES;SEC;SR;OK;TASK000015385472;Priority 4;OK
SEC;EES;SEC;SR;OK;TASK000015385512;Priority 4;OK
SEC;SYN;SEC;SR;Defect;TASK000015385733;Priority 3;OK
SEC;SYN;SEC;SR;OK;TASK000015385838;Priority 3;OK
APS;EES;APS;SR;OK;TASK000015385884;Priority 3;OK
SEC;SYN;SEC;SR;OK;TASK000015386326;Priority 3;OK
SEC;SYN;SEC;SR;OK;TASK000015386398;Priority 3;OK
DBA;812;DBA;SR;OK;TASK000015386735;Priority 3;OK
CNC;812;MON;SR;OK;TASK000015386917;Priority 3;OK
FUN;812;FUN;SR;OK;TASK000015387081;Priority 3;OK
APS;ETH;APS;SR;OK;TASK000015387190;Priority 3;OK
CNC;812;MON;SR;OK;TASK000015387204;Priority 3;OK
SEC;DXE;SEC;SR;OK;TASK000015387225;Priority 4;OK
CNC;812;MON;SR;OK;TASK000015387231;Priority 3;OK
CNC;BWI;MON;SR;OK;TASK000015387838;Priority 3;OK
FUN;ETH;FUN;SR;OK;TASK000015387841;Priority 3;OK
SEC;DCF;SEC;SR;Defect;TASK000015388150;Priority 4;OK
APS;EES;APS;SR;OK;TASK000015388324;Priority 3;OK
L1;BWI;MON;SR;OK;TASK000015388329;Priority 3;OK
SEC;DCF;SEC;SR;OK;TASK000015388430;Priority 4;OK
SCH;BWI;SCH;SR;OK;TASK000015388513;Priority 3;OK
APS;ETH;APS;SR;OK;TASK000015388893;Priority 3;OK
APS;ETH;APS;SR;OK;TASK000015389005;Priority 3;OK
SEC;SYN;SEC;SR;OK;TASK000015389107;Priority 3;OK
TEC;SYN;FUN;SR;OK;TASK000015389243;Priority 3;OK
FUN;ETH;FUN;SR;OK;TASK000015389334;Priority 3;OK
SEC;812;SEC;SR;OK;TASK000015389528;Priority 4;OK
FUN;812;FUN;SR;OK;TASK000015389563;Priority 4;OK
SEC;EES;SEC;SR;OK;TASK000015389732;Priority 4;OK
SEC;EES;SEC;SR;OK;TASK000015389920;Priority 4;OK
SEC;SYN;SEC;SR;OK;TASK000015390085;Priority 3;OK
TEC;SYN;FUN;SR;OK;TASK000015390353;Priority 3;OK
SEC;SYN;SEC;SR;OK;TASK000015390355;Priority 3;OK
TEC;SYN;FUN;SR;OK;TASK000015390357;Priority 3;OK
SEC;BWI;SEC;SR;OK;TASK000015390375;Priority 4;OK
SEC;EMS;SEC;SR;OK;TASK000015390480;Priority 3;OK
SEC;SYN;SEC;SR;OK;TASK000015390802;Priority 3;OK
L1;BWI;MON;SR;OK;TASK000015390974;Priority 3;OK
DCF;DCF;FUN;SR;OK;TASK000015391416;Priority 3;OK
DCF;DCF;FUN;SR;OK;TASK000015391435;Priority 3;OK
L1;BWI;MON;SR;OK;TASK000015391480;Priority 3;OK
SEC;812;SEC;SR;OK;TASK000015391858;Priority 3;OK
APS;EES;APS;SR;OK;TASK000015392132;Priority 3;OK
FUN;COR;FUN;SR;OK;TASK000015392170;Priority 3;OK
FUN;812;FUN;SR;OK;TASK000015392738;Priority 3;OK
SEC;WS ;SEC;SR;OK;TASK000015392744;Priority 4;OK
FUN;812;FUN;SR;OK;TASK000015392796;Priority 3;OK
SEC;812;SEC;SR;OK;TASK000015393145;Priority 4;OK
SEC;812;SEC;SR;OK;TASK000015393204;Priority 4;OK
SEC;812;SEC;SR;OK;TASK000015393282;Priority 4;OK
SEC;812;SEC;SR;OK;TASK000015393369;Priority 4;OK
FUN;812;FUN;SR;OK;TASK000015393563;Priority 4;OK
DCF;DCF;FUN;SR;OK;TASK000015393604;Priority 3;OK
TEC;DCF;FUN;SR;OK;TASK000015393782;Priority 3;OK
FUN;812;FUN;SR;OK;TASK000015393813;Priority 3;OK
SEC;812;SEC;SR;OK;TASK000015394010;Priority 4;OK
SEC;MNT;SEC;SR;OK;TASK000015394112;Priority 4;OK
APS;ETH;APS;SR;OK;TASK000015394203;Priority 4;OK
FUN;ETH;FUN;SR;OK;TASK000015394323;Priority 3;OK
FUN;812;FUN;SR;OK;TASK000015394346;Priority 3;OK
APS;ETH;APS;SR;OK;TASK000015394439;Priority 3;OK
SEC;812;SEC;SR;OK;TASK000015394639;Priority 3;OK
L1;BWI;MON;SR;OK;TASK000015394644;Priority 3;OK
APS;EES;APS;SR;OK;TASK000015394865;Priority 3;OK
SEC;BWI;SEC;SR;OK;TASK000015394895;Priority 4;OK
SEC;SYN;SEC;SR;OK;TASK000015394936;Priority 3;OK
SEC;SYN;SEC;SR;OK;TASK000015395003;Priority 3;OK
SEC;812;SEC;SR;OK;TASK000015395188;Priority 4;OK
SEC;SYN;SEC;SR;OK;TASK000015395241;Priority 3;OK
SEC;812;SEC;SR;OK;TASK000015395288;Priority 4;OK
SEC;EES;SEC;SR;OK;TASK000015395945;Priority 4;OK
TEC;SYN;FUN;SR;OK;TASK000015396005;Priority 3;OK
SEC;DXE;SEC;SR;OK;TASK000015396058;Priority 4;OK
SEC;ETH;SEC;SR;OK;TASK000015396097;Priority 3;OK
SEC;EES;SEC;SR;OK;TASK000015396321;Priority 4;OK
SEC;EES;SEC;SR;OK;TASK000015396427;Priority 4;OK
SEC;812;SEC;SR;OK;TASK000015396961;Priority 3;OK
APS;ETH;APS;SR;OK;TASK000015397483;Priority 3;OK
FUN;COR;FUN;SR;OK;TASK000015397729;Priority 3;OK
SEC;812;SEC;SR;OK;TASK000015397986;Priority 4;OK
TEC;BWI;TEC;SR;OK;TASK000015397987;Priority 3;OK
SEC;812;SEC;SR;OK;TASK000015398039;Priority 4;OK
SEC;EMS;SEC;SR;OK;TASK000015398218;Priority 3;OK
SEC;SYN;SEC;SR;Defect;TASK000015398531;Priority 3;OK
FUN;812;FUN;SR;OK;TASK000015398548;Priority 3;OK
SEC;EMS;SEC;SR;OK;TASK000015398553;Priority 3;OK
FIN;DXE;FUN;SR;OK;TASK000015398917;Priority 3;OK
TEC;SYN;FUN;SR;OK;TASK000015398958;Priority 3;OK
SEC;SYN;SEC;SR;OK;TASK000015399891;Priority 3;OK
SEC;BWI;SEC;SR;OK;TASK000015399967;Priority 4;OK
TEC;SYN;FUN;SR;OK;TASK000015400294;Priority 3;OK
SEC;812;SEC;SR;OK;TASK000015400398;Priority 4;OK
SEC;EES;SEC;SR;OK;TASK000015400684;Priority 3;OK
DCF;DCF;FUN;SR;OK;TASK000015400761;Priority 3;OK
SEC;ETH;SEC;SR;OK;TASK000015401006;Priority 3;OK
FUN;ETH;FUN;SR;OK;TASK000015401007;Priority 3;OK
SEC;ETH;SEC;SR;Defect;TASK000015401008;Priority 3;OK
CNC;812;MON;SR;OK;TASK000015401935;Priority 3;OK
CNC;812;MON;SR;OK;TASK000015401964;Priority 3;OK
SEC;SYN;SEC;SR;OK;TASK000015402060;Priority 3;OK
SEC;812;SEC;SR;OK;TASK000015402844;Priority 4;OK
FUN;812;FUN;SR;OK;TASK000015403084;Priority 3;OK
SEC;812;SEC;SR;OK;TASK000015403117;Priority 4;OK
APS;ETH;APS;SR;OK;TASK000015403133;Priority 3;OK
FUN;812;FUN;SR;OK;TASK000015403212;Priority 4;OK
SEC;BWI;SEC;SR;OK;TASK000015403496;Priority 3;OK
L1;MNT;SEC;SR;OK;TASK000015403770;Priority 4;OK
DCF;DCF;FUN;SR;OK;TASK000015403966;Priority 3;OK
DCF;DCF;FUN;SR;OK;TASK000015404044;Priority 3;OK
TEC;SYN;FUN;SR;OK;TASK000015404167;Priority 3;OK
SEC;812;SEC;SR;OK;TASK000015404193;Priority 4;OK
SEC;BWI;SEC;SR;OK;TASK000015404230;Priority 4;OK
SEC;DXE;SEC;SR;OK;TASK000015404304;Priority 4;OK
SEC;812;SEC;SR;OK;TASK000015404418;Priority 4;OK
SEC;EMS;SEC;SR;OK;TASK000015404845;Priority 3;OK
SEC;EMS;SEC;SR;OK;TASK000015404947;Priority 3;OK
FUN;812;FUN;SR;OK;TASK000015405035;Priority 3;OK
SEC;DXE;SEC;SR;OK;TASK000015405221;Priority 3;OK
FIN;812;FUN;SR;OK;TASK000015405222;Priority 4;OK
SEC;DPY;SEC;SR;OK;TASK000015405316;Priority 4;OK
SEC;SYN;SEC;SR;OK;TASK000015405578;Priority 3;OK
SEC;ETH;SEC;SR;OK;TASK000015405639;Priority 3;OK
SEC;SYN;SEC;SR;OK;TASK000015405671;Priority 3;OK
SEC;ETH;SEC;SR;OK;TASK000015405774;Priority 3;OK
SEC;812;SEC;SR;OK;TASK000015405775;Priority 4;OK
APS;ETH;APS;SR;OK;TASK000015405828;Priority 3;OK
APS;ETH;APS;SR;OK;TASK000015405888;Priority 3;OK
SEC;EES;SEC;SR;OK;TASK000015406167;Priority 3;OK
SEC;LAT;SEC;SR;OK;TASK000015406449;Priority 3;OK
CNC;812;MON;SR;OK;TASK000015406704;Priority 3;OK
SEC;812;SEC;SR;OK;TASK000015408362;Priority 4;OK
SEC;EMS;SEC;SR;OK;TASK000015408657;Priority 3;OK
DBA;812;DBA;SR;OK;TASK000015409154;Priority 3;OK
TEC;BWI;TEC;SR;OK;TASK000015409223;Priority 3;OK
SCH;BWI;SCH;SR;OK;TASK000015409429;Priority 3;OK
SEC;SYN;SEC;SR;OK;TASK000015409650;Priority 3;OK
L1;MNT;SEC;SR;OK;TASK000015409684;Priority 4;OK
SEC;SYN;SEC;SR;OK;TASK000015409724;Priority 3;OK
FUN;812;FUN;SR;OK;TASK000015409744;Priority 4;OK
SEC;812;SEC;SR;OK;TASK000015409913;Priority 4;OK
TEC;SYN;FUN;SR;OK;TASK000015410132;Priority 3;OK
SEC;BWI;SEC;SR;Defect;TASK000015410222;Priority 3;OK
SEC;SYN;SEC;SR;Defect;TASK000015410412;Priority 3;OK
SEC;SYN;SEC;SR;Defect;TASK000015410419;Priority 3;OK
APS;ETH;APS;SR;OK;TASK000015410469;Priority 3;OK
FUN;812;FUN;SR;OK;TASK000015410589;Priority 4;OK
DBA;812;DBA;SR;OK;TASK000015410648;Priority 3;OK
SEC;ETH;SEC;SR;OK;TASK000015410762;Priority 3;OK
DBA;812;DBA;SR;OK;TASK000015410786;Priority 3;OK
SEC;SYN;SEC;SR;OK;TASK000015411362;Priority 3;OK
FIN;812;FUN;SR;OK;TASK000015411419;Priority 3;OK
SEC;EES;SEC;SR;OK;TASK000015411432;Priority 3;OK
SEC;ETH;SEC;SR;OK;TASK000015411479;Priority 3;OK
CNC;812;MON;SR;OK;TASK000015411551;Priority 3;OK
SEC;ETH;SEC;SR;Defect;TASK000015411904;Priority 3;OK
SEC;DPY;SEC;SR;OK;TASK000015412330;Priority 4;OK
L1;MNT;SEC;SR;OK;TASK000015412429;Priority 4;OK
SEC;SYN;SEC;SR;Defect;TASK000015412652;Priority 3;OK
SEC;SYN;SEC;SR;Defect;TASK000015413118;Priority 3;OK
SEC;SYN;SEC;SR;Defect;TASK000015413198;Priority 3;OK
CNC;BWI;MON;SR;OK;TASK000015413230;Priority 3;OK
DBA;812;DBA;SR;OK;TASK000015413644;Priority 3;OK
SEC;812;SEC;SR;OK;TASK000015414291;Priority 4;OK
SEC;812;SEC;SR;OK;TASK000015414513;Priority 4;OK
TEC;BWI;TEC;SR;OK;TASK000015414994;Priority 3;OK
TEC;SYN;FUN;SR;OK;TASK000015415387;Priority 3;OK
CNC;812;MON;SR;OK;TASK000015415459;Priority 3;OK
CNC;812;MON;SR;OK;TASK000015415553;Priority 3;OK
SEC;SYN;SEC;SR;OK;TASK000015415751;Priority 3;OK
SEC;SYN;SEC;SR;OK;TASK000015415763;Priority 3;OK
TEC;SYN;FUN;SR;OK;TASK000015416019;Priority 3;OK
FUN;EES;FUN;SR;OK;TASK000015416022;Priority 4;OK
SCH;812;SCH;SR;OK;TASK000015416027;Priority 3;OK
CNC;812;MON;SR;OK;TASK000015416370;Priority 3;OK
FIN;812;FUN;SR;OK;TASK000015416422;Priority 4;OK
DCF;DCF;FUN;SR;OK;TASK000015416556;Priority 3;OK
SEC;EMS;SEC;SR;OK;TASK000015416766;Priority 3;OK
APS;ETH;APS;SR;OK;TASK000015416792;Priority 3;OK
APS;ETH;APS;SR;OK;TASK000015416848;Priority 3;OK
CNC;BWI;MON;SR;OK;TASK000015416873;Priority 3;OK
SEC;MNT;SEC;SR;OK;TASK000015416899;Priority 4;OK
TEC;SYN;FUN;SR;OK;TASK000015417078;Priority 3;OK
APS;ETH;APS;SR;OK;TASK000015417104;Priority 3;OK
L1;BWI;MON;SR;OK;TASK000015417639;Priority 3;OK
APS;ETH;APS;SR;OK;TASK000015418271;Priority 3;OK
SEC;MNT;SEC;SR;OK;TASK000015418304;Priority 4;OK
FIN;MNT;FUN;SR;OK;TASK000015418411;Priority 4;OK
CNC;812;MON;SR;OK;TASK000015418579;Priority 3;OK
SEC;SYN;SEC;SR;OK;TASK000015418773;Priority 3;OK
SEC;BWI;SEC;SR;OK;TASK000015420014;Priority 4;OK
SEC;BWI;SEC;SR;OK;TASK000015420022;Priority 4;OK
FUN;812;FUN;SR;OK;TASK000015420029;Priority 4;OK
SEC;812;SEC;SR;OK;TASK000015420070;Priority 4;OK
APS;ETH;APS;SR;OK;TASK000015420265;Priority 3;OK
APS;ETH;APS;SR;OK;TASK000015420481;Priority 4;OK
SEC;812;SEC;SR;OK;TASK000015420771;Priority 4;OK
SEC;812;SEC;SR;OK;TASK000015420821;Priority 4;OK
SEC;812;SEC;SR;OK;TASK000015420849;Priority 4;OK
SEC;EMS;SEC;SR;OK;TASK000015420880;Priority 4;OK
APS;ETH;APS;SR;OK;TASK000015421154;Priority 3;OK
SEC;WS ;SEC;SR;OK;TASK000015421204;Priority 3;OK
SEC;BWI;SEC;SR;OK;TASK000015421217;Priority 4;OK
APS;ETH;APS;SR;OK;TASK000015421233;Priority 3;OK
FUN;ETH;FUN;SR;OK;TASK000015421358;Priority 3;OK
FUN;ETH;FUN;SR;OK;TASK000015421411;Priority 3;OK
L1;MNT;SEC;SR;OK;TASK000015421488;Priority 4;OK
FIN;DXE;FUN;SR;OK;TASK000015421581;Priority 3;OK
APS;ETH;APS;SR;OK;TASK000015421751;Priority 3;OK
APS;ETH;APS;SR;OK;TASK000015421752;Priority 3;OK
L1;MNT;SEC;SR;OK;TASK000015422013;Priority 4;OK
SEC;812;SEC;SR;OK;TASK000015422094;Priority 4;OK
FIN;DXE;FUN;SR;OK;TASK000015422096;Priority 4;OK
SEC;SYN;SEC;SR;OK;TASK000015422257;Priority 3;OK
SEC;SYN;SEC;SR;OK;TASK000015422484;Priority 3;OK
SEC;SYN;SEC;SR;OK;TASK000015422656;Priority 4;OK
FUN;812;FUN;SR;OK;TASK000015422909;Priority 3;OK
SEC;EES;SEC;SR;OK;TASK000015423050;Priority 3;OK
APS;EES;APS;SR;OK;TASK000015423067;Priority 3;OK
APS;ETH;APS;SR;OK;TASK000015423097;Priority 3;OK
APS;EES;APS;SR;OK;TASK000015423149;Priority 3;OK
SEC;SYN;SEC;SR;OK;TASK000015423151;Priority 3;OK
APS;EES;APS;SR;OK;TASK000015423161;Priority 3;OK
SEC;BWI;SEC;SR;OK;TASK000015423172;Priority 4;OK
SEC;SYN;SEC;SR;Defect;TASK000015423553;Priority 3;OK
SEC;MNT;SEC;SR;OK;TASK000015423683;Priority 4;OK
CNC;812;MON;SR;OK;TASK000015423829;Priority 3;OK
SEC;EES;SEC;SR;OK;TASK000015423994;Priority 3;OK
FIN;812;FUN;SR;OK;TASK000015425305;Priority 4;OK
SEC;DCF;SEC;SR;OK;TASK000015425492;Priority 4;OK
SEC;DCF;SEC;SR;Defect;TASK000015426094;Priority 4;OK
SEC;EMS;SEC;SR;OK;TASK000015426128;Priority 3;OK
APS;ETH;APS;SR;OK;TASK000015426141;Priority 4;OK
SEC;BWI;SEC;SR;OK;TASK000015426259;Priority 3;OK
SEC;812;SEC;SR;OK;TASK000015426318;Priority 4;OK
SEC;DCF;SEC;SR;OK;TASK000015426332;Priority 4;OK
SEC;EMS;SEC;SR;OK;TASK000015426424;Priority 3;OK
SEC;BWI;SEC;SR;OK;TASK000015426495;Priority 3;OK
SEC;812;SEC;SR;OK;TASK000015426586;Priority 3;OK
L1;MNT;SEC;SR;OK;TASK000015426779;Priority 4;OK
SEC;SYN;SEC;SR;OK;TASK000015426936;Priority 3;OK
SCH;812;SCH;SR;OK;TASK000015426959;Priority 3;OK
SEC;SYN;SEC;SR;OK;TASK000015427215;Priority 3;OK
SEC;SYN;SEC;SR;OK;TASK000015427302;Priority 3;OK
APS;EES;APS;SR;OK;TASK000015427455;Priority 3;OK
APS;EES;APS;SR;OK;TASK000015427658;Priority 3;OK
L1;BWI;MON;SR;OK;TASK000015427721;Priority 3;OK
APS;ETH;APS;SR;OK;TASK000015428022;Priority 3;OK
APS;ETH;APS;SR;OK;TASK000015428117;Priority 3;OK
TEC;DCF;FUN;SR;OK;TASK000015428123;Priority 3;OK
SEC;DPY;SEC;SR;OK;TASK000015428319;Priority 4;OK
SEC;BWI;SEC;SR;OK;TASK000015428362;Priority 4;OK
SEC;BWI;SEC;SR;OK;TASK000015428645;Priority 4;OK
EES;EES;FUN;SR;Defect;TASK000015428652;Priority 4;OK
SEC;EES;SEC;SR;OK;TASK000015428755;Priority 3;OK
APS;EES;APS;SR;OK;TASK000015428928;Priority 3;OK
APS;EES;APS;SR;OK;TASK000015428930;Priority 3;OK
APS;EES;APS;SR;OK;TASK000015428941;Priority 4;OK
APS;EES;APS;SR;OK;TASK000015428949;Priority 3;OK
APS;EES;APS;SR;OK;TASK000015429063;Priority 3;OK
SEC;DCF;SEC;SR;OK;TASK000015429249;Priority 4;OK
SEC;DCF;SEC;SR;OK;TASK000015429250;Priority 4;OK
SEC;DCF;SEC;SR;OK;TASK000015429252;Priority 4;OK
SEC;SYN;SEC;SR;Defect;TASK000015429323;Priority 3;OK
OPS;EMS;OPS;SR;Defect;TASK000015429357;Priority 3;OK
DBA;812;DBA;SR;OK;TASK000015429368;Priority 3;OK
FUN;812;FUN;SR;OK;TASK000015429595;Priority 3;OK
FUN;812;FUN;SR;OK;TASK000015429604;Priority 4;OK
CNC;BWI;MON;SR;OK;TASK000015429619;Priority 3;OK
SEC;812;SEC;SR;Defect;TASK000015429729;Priority 3;OK
SEC;ETH;SEC;SR;OK;TASK000015430829;Priority 3;OK
FUN;812;FUN;SR;OK;TASK000015431455;Priority 4;OK
SEC;812;SEC;SR;OK;TASK000015432097;Priority 3;OK
DBA;812;DBA;SR;OK;TASK000015432178;Priority 3;OK
TEC;BWI;TEC;SR;OK;TASK000015432454;Priority 3;OK
SEC;BWI;SEC;SR;OK;TASK000015432889;Priority 3;OK
TEC;SYN;FUN;SR;OK;TASK000015432975;Priority 3;OK
FIN;812;FUN;SR;OK;TASK000015433074;Priority 4;OK
SEC;DXE;SEC;SR;OK;TASK000015433505;Priority 4;OK
SEC;EMS;SEC;SR;OK;TASK000015433729;Priority 3;OK
SCH;BWI;SCH;SR;OK;TASK000015434238;Priority 3;OK
APS;ETH;APS;SR;OK;TASK000015434673;Priority 4;OK
L1;MNT;SEC;SR;OK;TASK000015434675;Priority 4;OK
CNC;BWI;MON;SR;OK;TASK000015435075;Priority 3;OK
SEC;BWI;SEC;SR;OK;TASK000015435148;Priority 4;OK
APS;ETH;APS;SR;OK;TASK000015435268;Priority 3;OK
APS;ETH;APS;SR;OK;TASK000015435312;Priority 3;OK
SEC;EMS;SEC;SR;OK;TASK000015435626;Priority 3;OK
SEC;MNT;SEC;SR;OK;TASK000015435910;Priority 4;OK
CNC;812;MON;SR;OK;TASK000015436749;Priority 3;OK
SEC;812;SEC;SR;OK;TASK000015437208;Priority 4;OK
FUN;812;FUN;SR;OK;TASK000015437611;Priority 3;OK
FUN;812;FUN;SR;OK;TASK000015437709;Priority 3;OK
DBA;812;DBA;SR;OK;TASK000015437762;Priority 3;OK
FUN;812;FUN;SR;OK;TASK000015438474;Priority 3;OK
SEC;DXE;SEC;SR;OK;TASK000015438480;Priority 4;OK
SEC;DCF;SEC;SR;OK;TASK000015438546;Priority 4;OK
DBA;812;DBA;SR;OK;TASK000015438619;Priority 3;OK
TEC;BWI;TEC;SR;OK;TASK000015438655;Priority 3;OK
L1;MNT;SEC;SR;OK;TASK000015438732;Priority 4;OK
DBA;812;DBA;SR;OK;TASK000015438743;Priority 3;OK
SCH;BWI;SCH;SR;OK;TASK000015438967;Priority 3;OK
SEC;SYN;SEC;SR;OK;TASK000015439110;Priority 3;OK
SCH;812;SCH;SR;OK;TASK000015439221;Priority 3;OK
SEC;SYN;SEC;SR;OK;TASK000015439615;Priority 3;OK
SEC;812;SEC;SR;OK;TASK000015439830;Priority 4;OK
FUN;812;FUN;SR;OK;TASK000015439855;Priority 4;OK
SEC;DCF;SEC;SR;Defect;TASK000015439856;Priority 4;OK
SEC;DPY;SEC;SR;OK;TASK000015440145;Priority 4;OK
FIN;812;FUN;SR;Defect;TASK000015440161;Priority 4;OK
L1;MNT;SEC;SR;OK;TASK000015440402;Priority 4;OK
SEC;DXE;SEC;SR;OK;TASK000015440832;Priority 4;OK
SEC;MNT;SEC;SR;OK;TASK000015440995;Priority 4;OK
SEC;DXE;SEC;SR;OK;TASK000015441025;Priority 4;OK
L1;MNT;SEC;SR;OK;TASK000015441940;Priority 4;OK
SEC;SYN;SEC;SR;Defect;TASK000015441974;Priority 3;OK
FUN;DXE;FUN;SR;OK;TASK000015443094;Priority 3;OK
SEC;812;SEC;SR;OK;TASK000015443431;Priority 4;OK
SEC;812;SEC;SR;OK;TASK000015443529;Priority 4;OK
FUN;812;FUN;SR;OK;TASK000015443571;Priority 4;OK
APS;ETH;APS;SR;OK;TASK000015443744;Priority 3;OK
SEC;812;SEC;SR;OK;TASK000015443934;Priority 4;OK
SCH;812;SCH;SR;OK;TASK000015444013;Priority 3;OK
FUN;812;FUN;SR;OK;TASK000015444252;Priority 3;OK
SEC;WS ;SEC;SR;OK;TASK000015444532;Priority 3;OK
SEC;WS ;SEC;SR;OK;TASK000015444542;Priority 3;OK
TEC;SYN;FUN;SR;OK;TASK000015444810;Priority 3;OK
APS;ETH;APS;SR;OK;TASK000015444893;Priority 3;OK
APS;ETH;APS;SR;OK;TASK000015444950;Priority 3;OK
SEC;DCF;SEC;SR;OK;TASK000015444987;Priority 4;OK
SEC;812;SEC;SR;OK;TASK000015445028;Priority 4;OK
SEC;SYN;SEC;SR;OK;TASK000015445088;Priority 3;OK
SEC;BWI;SEC;SR;OK;TASK000015445145;Priority 4;OK
APS;ETH;APS;SR;OK;TASK000015445169;Priority 3;OK
APS;ETH;APS;SR;OK;TASK000015445217;Priority 3;OK
FUN;ETH;FUN;SR;OK;TASK000015445327;Priority 4;OK
SEC;DPY;SEC;SR;OK;TASK000015445476;Priority 4;OK
FUN;DXE;FUN;SR;OK;TASK000015445737;Priority 3;OK
FUN;ETH;FUN;SR;OK;TASK000015445743;Priority 3;OK
APS;ETH;APS;SR;OK;TASK000015445791;Priority 3;OK
SEC;812;SEC;SR;OK;TASK000015445924;Priority 4;OK
APS;ETH;APS;SR;OK;TASK000015445949;Priority 3;OK
DCF;DCF;FUN;SR;OK;TASK000015446026;Priority 3;OK
SEC;SYN;SEC;SR;OK;TASK000015446260;Priority 3;OK
SEC;EES;SEC;SR;OK;TASK000015446347;Priority 3;OK
L1;MNT;SEC;SR;OK;TASK000015446465;Priority 4;OK
CNC;812;MON;SR;OK;TASK000015446577;Priority 3;OK
DBA;812;DBA;SR;OK;TASK000015446590;Priority 3;OK
TEC;SYN;FUN;SR;OK;TASK000015446609;Priority 3;OK
SEC;SYN;SEC;SR;Defect;TASK000015447058;Priority 3;OK
SEC;DXE;SEC;SR;OK;TASK000015448200;Priority 4;OK
SEC;DCF;SEC;SR;OK;TASK000015448201;Priority 3;OK
SEC;812;SEC;SR;OK;TASK000015448474;Priority 4;OK
APS;ETH;APS;SR;OK;TASK000015448826;Priority 3;OK
FIN;812;FUN;SR;OK;TASK000015449270;Priority 4;OK
L1;812;MON;SR;OK;TASK000015449376;Priority 3;OK
DBA;812;DBA;SR;OK;TASK000015449401;Priority 3;OK
DBA;812;DBA;SR;OK;TASK000015449576;Priority 3;OK
SEC;EMS;SEC;SR;OK;TASK000015450126;Priority 4;OK
DBA;812;DBA;SR;OK;TASK000015450158;Priority 3;OK
TEC;SYN;FUN;SR;OK;TASK000015450319;Priority 3;OK
APS;ETH;APS;SR;OK;TASK000015450414;Priority 3;OK
APS;ETH;APS;SR;OK;TASK000015450479;Priority 3;OK
SEC;812;SEC;SR;OK;TASK000015450497;Priority 4;OK
SEC;DXE;SEC;SR;OK;TASK000015450731;Priority 3;OK
SEC;EMS;SEC;SR;OK;TASK000015450788;Priority 3;OK
SCH;812;SCH;SR;Defect;TASK000015450868;Priority 3;OK
APS;ETH;APS;SR;OK;TASK000015450880;Priority 3;OK
SEC;812;SEC;SR;OK;TASK000015450930;Priority 4;OK
APS;ETH;APS;SR;OK;TASK000015451105;Priority 4;OK
SEC;ETH;SEC;SR;OK;TASK000015451129;Priority 3;OK
SEC;DPY;SEC;SR;OK;TASK000015451135;Priority 4;OK
SEC;DXE;SEC;SR;OK;TASK000015451617;Priority 4;OK
DBA;812;DBA;SR;OK;TASK000015451748;Priority 3;OK
SEC;ETH;SEC;SR;OK;TASK000015452586;Priority 3;OK
SEC;BWI;SEC;SR;OK;TASK000015452629;Priority 3;OK
SEC;MNT;SEC;SR;OK;TASK000015452868;Priority 4;OK
SEC;DCF;SEC;SR;OK;TASK000015452940;Priority 4;OK
SEC;BWI;SEC;SR;OK;TASK000015453165;Priority 4;OK
CNC;812;MON;SR;OK;TASK000015453954;Priority 3;OK
SEC;ETH;SEC;SR;OK;TASK000015454185;Priority 3;OK
SEC;DXE;SEC;SR;OK;TASK000015454811;Priority 3;OK
FUN;812;FUN;SR;OK;TASK000015454843;Priority 4;OK
SCH;812;SCH;SR;OK;TASK000015455233;Priority 3;OK
SEC;EMS;SEC;SR;OK;TASK000015455545;Priority 3;OK
SEC;812;SEC;SR;OK;TASK000015455578;Priority 3;OK
SCH;BWI;SCH;SR;OK;TASK000015455799;Priority 3;OK
APS;ETH;APS;SR;OK;TASK000015455864;Priority 3;OK
FIN;DXE;FUN;SR;OK;TASK000015455895;Priority 4;OK
APS;ETH;APS;SR;OK;TASK000015455942;Priority 3;OK
SEC;MNT;SEC;SR;OK;TASK000015456449;Priority 4;OK
CNC;812;SEC;SR;OK;TASK000015456457;Priority 3;OK
SEC;BWI;SEC;SR;OK;TASK000015457241;Priority 3;OK
L1;BWI;MON;SR;OK;TASK000015457750;Priority 3;OK
L1;BWI;MON;SR;OK;TASK000015457904;Priority 3;OK
L1;DXE;MON;SR;OK;TASK000015458094;Priority 3;OK
L1;DXE;MON;SR;OK;TASK000015458095;Priority 3;OK
L1;812;MON;SR;OK;TASK000015458104;Priority 3;OK
L1;812;MON;SR;OK;TASK000015458108;Priority 3;OK
L1;812;MON;SR;OK;TASK000015458109;Priority 3;OK
CNC;BWI;MON;SR;OK;TASK000015458275;Priority 3;OK
SEC;BWI;SEC;SR;OK;TASK000015458286;Priority 4;OK
SEC;BWI;SEC;SR;OK;TASK000015458323;Priority 4;OK
APS;ETH;APS;SR;OK;TASK000015459509;Priority 3;OK
OPS;EMS;OPS;SR;OK;TASK000015459691;Priority 3;OK
DBA;812;DBA;SR;OK;TASK000015460324;Priority 3;OK
L1;812;MON;SR;OK;TASK000015460550;Priority 3;OK
SEC;DCF;SEC;SR;OK;TASK000015460775;Priority 4;OK
SCH;812;SCH;SR;OK;TASK000015460987;Priority 3;OK
SEC;SYN;SEC;SR;OK;TASK000015461486;Priority 3;OK
SEC;BWI;SEC;SR;OK;TASK000015461510;Priority 4;OK
SEC;SYN;SEC;SR;Defect;TASK000015461824;Priority 3;OK
L1;MNT;SEC;SR;OK;TASK000015461858;Priority 4;OK
SEC;812;SEC;SR;OK;TASK000015461967;Priority 4;OK
TEC;LAT;TEC;SR;OK;TASK000015462009;Priority 3;OK
CNC;812;MON;SR;OK;TASK000015462027;Priority 3;OK
L1;MNT;SEC;SR;OK;TASK000015462163;Priority 4;OK
SEC;EES;SEC;SR;OK;TASK000015462182;Priority 3;OK
CNC;812;MON;SR;OK;TASK000015462344;Priority 3;OK
SEC;EMS;SEC;SR;OK;TASK000015462501;Priority 4;OK
SEC;812;SEC;SR;Defect;TASK000015462530;Priority 3;OK
DBA;812;DBA;SR;OK;TASK000015462619;Priority 3;OK
DBA;812;DBA;SR;OK;TASK000015462630;Priority 3;OK
FUN;812;FUN;SR;OK;TASK000015462724;Priority 3;OK
SEC;SYN;SEC;SR;OK;TASK000015462800;Priority 3;OK
SEC;SYN;SEC;SR;OK;TASK000015462813;Priority 3;OK
SEC;SYN;SEC;SR;OK;TASK000015462839;Priority 3;OK
CNC;BWI;MON;SR;OK;TASK000015462866;Priority 3;OK
SEC;SYN;SEC;SR;OK;TASK000015462949;Priority 3;OK
SEC;SYN;SEC;SR;OK;TASK000015462961;Priority 3;OK
SEC;SYN;SEC;SR;OK;TASK000015462972;Priority 3;OK
SEC;SYN;SEC;SR;Defect;TASK000015463149;Priority 3;OK
SEC;BWI;SEC;SR;OK;TASK000015463259;Priority 4;OK
CNC;812;MON;SR;OK;TASK000015463358;Priority 3;OK
SEC;DPY;SEC;SR;OK;TASK000015463462;Priority 3;OK
CNC;BWI;MON;SR;OK;TASK000015463580;Priority 3;OK
CNC;BWI;MON;SR;OK;TASK000015463757;Priority 3;OK
SEC;SYN;SEC;SR;Defect;TASK000015464361;Priority 3;OK
L1;BWI;MON;SR;OK;TASK000015464533;Priority 3;OK
L1;BWI;MON;SR;OK;TASK000015464587;Priority 3;OK
L1;BWI;MON;SR;OK;TASK000015465055;Priority 3;OK
L1;BWI;MON;SR;OK;TASK000015465056;Priority 3;OK
CNC;812;MON;SR;OK;TASK000015465274;Priority 3;OK
SEC;812;SEC;SR;OK;TASK000015465561;Priority 3;OK
CNC;812;MON;SR;OK;TASK000015465811;Priority 3;OK
SEC;812;SEC;SR;OK;TASK000015466387;Priority 4;OK
CNC;812;MON;SR;OK;TASK000015466676;Priority 3;OK
L1;812;MON;SR;OK;TASK000015466679;Priority 3;OK
SEC;MNT;SEC;SR;OK;TASK000015466934;Priority 4;OK
SEC;812;SEC;SR;Defect;TASK000015466944;Priority 3;OK
L1;812;MON;SR;OK;TASK000015467139;Priority 3;OK
SEC;DCF;SEC;SR;OK;TASK000015467285;Priority 4;OK
L1;MNT;SEC;SR;OK;TASK000015467350;Priority 4;OK
FIN;812;FUN;SR;OK;TASK000015467405;Priority 4;OK
SEC;SYN;SEC;SR;Defect;TASK000015467420;Priority 3;OK
DBA;812;DBA;SR;OK;TASK000015467447;Priority 3;OK
CNC;812;MON;SR;OK;TASK000015467591;Priority 3;OK
SEC;EMS;SEC;SR;OK;TASK000015467595;Priority 4;OK
CNC;812;MON;SR;OK;TASK000015467620;Priority 3;OK
CNC;812;MON;SR;OK;TASK000015467684;Priority 3;OK
SEC;BWI;SEC;SR;OK;TASK000015467772;Priority 3;OK
SEC;SYN;SEC;SR;Defect;TASK000015468351;Priority 3;OK
FUN;812;FUN;SR;OK;TASK000015468374;Priority 3;OK
SEC;SYN;SEC;SR;Defect;TASK000015468387;Priority 3;OK
SEC;SYN;SEC;SR;Defect;TASK000015468398;Priority 3;OK
SEC;SYN;SEC;SR;Defect;TASK000015468407;Priority 3;OK
SCH;BWI;SCH;SR;OK;TASK000015468769;Priority 3;OK
SEC;SYN;SEC;SR;OK;TASK000015468959;Priority 3;OK
SEC;EES;SEC;SR;OK;TASK000015469130;Priority 4;OK
L1;MNT;SEC;SR;OK;TASK000015469164;Priority 4;OK
SEC;DXE;SEC;SR;OK;TASK000015469199;Priority 4;OK
CNC;DPY;SEC;SR;OK;TASK000015469243;Priority 4;OK
SEC;SYN;SEC;SR;Defect;TASK000015469608;Priority 3;OK
CNC;812;MON;SR;OK;TASK000015469629;Priority 3;OK
SEC;ETH;SEC;SR;OK;TASK000015469678;Priority 3;OK
SEC;BWI;SEC;SR;OK;TASK000015469716;Priority 3;OK
SEC;EES;SEC;SR;OK;TASK000015469753;Priority 3;OK
APS;EES;APS;SR;OK;TASK000015469822;Priority 3;OK
SEC;EES;SEC;SR;OK;TASK000015470497;Priority 3;OK
FUN;812;FUN;SR;OK;TASK000015471266;Priority 4;OK
FUN;812;FUN;SR;OK;TASK000015471837;Priority 4;OK
SEC;812;SEC;SR;OK;TASK000015471978;Priority 3;OK
SEC;812;SEC;SR;OK;TASK000015472231;Priority 4;OK
TEC;BWI;TEC;SR;OK;TASK000015472246;Priority 3;OK
SEC;812;SEC;SR;OK;TASK000015472370;Priority 4;OK
APS;ETH;APS;SR;OK;TASK000015472673;Priority 3;OK
SEC;ETH;SEC;SR;OK;TASK000015472795;Priority 3;OK
SCH;812;SCH;SR;OK;TASK000015472811;Priority 3;OK
APS;ETH;APS;SR;OK;TASK000015472880;Priority 3;OK
SEC;BWI;SEC;SR;Defect;TASK000015472918;Priority 3;OK
TEC;SYN;FUN;SR;OK;TASK000015472967;Priority 3;OK
SEC;BWI;SEC;SR;OK;TASK000015473133;Priority 4;OK
APS;ETH;APS;SR;OK;TASK000015473358;Priority 3;OK
DBA;812;DBA;SR;OK;TASK000015473487;Priority 3;OK
APS;ETH;APS;SR;OK;TASK000015473506;Priority 3;OK
FUN;ETH;FUN;SR;OK;TASK000015473735;Priority 3;OK
SCH;BWI;SCH;SR;OK;TASK000015473823;Priority 3;OK
FIN;MNT;FUN;SR;OK;TASK000015473859;Priority 3;OK
SEC;812;SEC;SR;OK;TASK000015473967;Priority 4;OK
SEC;MNT;SEC;SR;OK;TASK000015473982;Priority 4;OK
SEC;BWI;SEC;SR;OK;TASK000015474052;Priority 4;OK
SEC;SYN;SEC;SR;OK;TASK000015474236;Priority 3;OK
APS;ETH;APS;SR;OK;TASK000015474722;Priority 3;OK
SEC;EES;SEC;SR;OK;TASK000015474784;Priority 4;OK
SEC;SYN;SEC;SR;OK;TASK000015474901;Priority 3;OK
CNC;812;SCH;SR;OK;TASK000015474919;Priority 3;OK
SEC;EES;SEC;SR;OK;TASK000015474962;Priority 3;OK
FUN;EES;FUN;SR;Defect;TASK000015475098;Priority 3;OK
L1;BWI;MON;SR;OK;TASK000015475173;Priority 3;OK
FUN;MNT;FUN;SR;OK;TASK000015475328;Priority 3;OK
SEC;SYN;SEC;SR;OK;TASK000015475532;Priority 3;OK
L1;812;MON;SR;OK;TASK000015476018;Priority 3;OK
L1;812;MON;SR;OK;TASK000015476636;Priority 3;OK
SEC;SYN;SEC;SR;Defect;TASK000015476994;Priority 3;OK
SEC;ETH;SEC;SR;OK;TASK000015477772;Priority 3;OK
DBA;812;DBA;SR;OK;TASK000015478117;Priority 3;OK
SEC;SYN;SEC;SR;Defect;TASK000015478664;Priority 3;OK
SEC;SYN;SEC;SR;Defect;TASK000015479011;Priority 3;OK
SEC;SYN;SEC;SR;Defect;TASK000015479042;Priority 3;OK
SEC;SYN;SEC;SR;Defect;TASK000015479055;Priority 3;OK
SEC;SYN;SEC;SR;OK;TASK000015479711;Priority 3;OK
L1;BWI;MON;SR;OK;TASK000015480215;Priority 3;OK
SEC;812;SEC;SR;OK;TASK000015481794;Priority 3;OK
SEC;812;SEC;SR;Defect;TASK000015482175;Priority 3;OK
SEC;EMS;SEC;SR;OK;TASK000015482303;Priority 3;OK
DBA;812;DBA;SR;OK;TASK000015482337;Priority 3;OK
DBA;812;DBA;SR;OK;TASK000015482378;Priority 3;OK
SEC;812;SEC;SR;OK;TASK000015482391;Priority 3;OK
SEC;ETH;SEC;SR;OK;TASK000015482603;Priority 3;OK
APS;ETH;APS;SR;OK;TASK000015482857;Priority 3;OK
SEC;812;SEC;SR;Defect;TASK000015482864;Priority 3;OK
SEC;ETH;SEC;SR;OK;TASK000015483196;Priority 3;OK
FUN;EES;FUN;SR;OK;TASK000015483592;Priority 3;OK
SEC;BWI;SEC;SR;OK;TASK000015483743;Priority 3;OK
SCH;BWI;SCH;SR;OK;TASK000015483902;Priority 3;OK
SEC;BWI;SEC;SR;OK;TASK000015484123;Priority 3;OK
CNC;BWI;MON;SR;OK;TASK000015484124;Priority 3;OK
FIN;MNT;FUN;SR;OK;TASK000015484267;Priority 3;OK
SEC;SYN;SEC;SR;Defect;TASK000015484712;Priority 3;OK
SEC;BWI;SEC;SR;OK;TASK000015484812;Priority 3;OK
DCF;DCF;FUN;SR;Defect;42372,87778;Priority 3;NA
DCF;DCF;FUN;SR;OK;42373,18264;Priority 3;NA
APS;DCF;APS;SR;Defect;42373,18681;Priority 3;NA
SEC;DCF;SEC;SR;OK;42373,24514;Priority 4;NA
SEC;DCF;SEC;SR;Defect;42373,24931;Priority 4;NA
FUN;DCF;FUN;SR;OK;42373,27222;Priority 3;NA
DCF;DCF;FUN;SR;OK;42373,41389;Priority 3;NA
SEC;DCF;SEC;SR;OK;42373,41875;Priority 3;NA
SEC;DCF;SEC;SR;OK;42373,42361;Priority 4;NA
DCF;DCF;FUN;SR;OK;42373,62361;Priority 3;NA
SEC;EES;SEC;SR;OK;42373,63453;Priority 3;NA
SEC;EES;SEC;SR;OK;42373,6347;Priority 3;NA
SEC;DCF;SEC;SR;OK;42373,63542;Priority 3;NA
SEC;EES;SEC;SR;OK;42373,6992;Priority 3;NA
SEC;EES;SEC;SR;OK;42373,80741;Priority 3;NA
SEC;EES;SEC;SR;OK;42374,03422;Priority 3;NA
SEC;EES;SEC;SR;OK;42374,03554;Priority 3;NA
SEC;EES;SEC;SR;OK;42374,0365;Priority 3;NA
SEC;EES;SEC;SR;OK;42374,03795;Priority 3;NA
SEC;EES;SEC;SR;OK;42374,03927;Priority 3;NA
SEC;DCF;SEC;SR;OK;42374,17014;Priority 3;NA
APS;DCF;APS;SR;OK;42374,18264;Priority 3;NA
DCF;DCF;FUN;SR;OK;42374,33333;Priority 3;NA
DCF;DCF;FUN;SR;OK;42374,41319;Priority 3;NA
FUN;DCF;FUN;SR;OK;42374,50833;Priority 3;NA
FUN;DCF;FUN;SR;OK;42374,51181;Priority 3;NA
SEC;DCF;SEC;SR;OK;42374,51667;Priority 4;NA
SEC;DCF;SEC;SR;OK;42374,55278;Priority 4;NA
SEC;DCF;SEC;SR;OK;42374,60486;Priority 3;NA
SEC;DCF;SEC;SR;OK;42375,21736;Priority 3;NA
SEC;DCF;SEC;SR;OK;42375,27014;Priority 4;NA
APS;DCF;APS;SR;OK;42375,27083;Priority 3;NA
SEC;DCF;SEC;SR;OK;42375,29306;Priority 3;NA
SEC;DCF;SEC;SR;Defect;42375,34861;Priority 4;NA
FUN;DCF;FUN;SR;Defect;42375,44097;Priority 3;NA
SEC;DCF;SEC;SR;OK;42375,47361;Priority 4;NA
SEC;DCF;SEC;SR;OK;42375,47986;Priority 3;NA
FUN;DCF;FUN;SR;OK;42375,49028;Priority 3;NA
SEC;DCF;SEC;SR;OK;42375,53681;Priority 4;NA
SEC;DCF;SEC;SR;Defect;42375,55903;Priority 4;NA
SEC;DCF;SEC;SR;OK;42375,56667;Priority 4;NA
SEC;DCF;SEC;SR;OK;42375,56944;Priority 4;NA
FUN;DCF;FUN;SR;OK;42375,63194;Priority 3;NA
SEC;EES;SEC;SR;OK;42375,78065;Priority 3;NA
DCF;DCF;FUN;SR;OK;42376,25;Priority 3;NA
APS;DCF;APS;SR;Defect;42376,32639;Priority 3;NA
SEC;EES;SEC;SR;OK;42376,4442;Priority 3;NA
SEC;DCF;SEC;SR;OK;42376,48611;Priority 4;NA
SEC;EES;SEC;SR;OK;42376,49524;Priority 3;NA
SEC;EES;SEC;SR;OK;42376,83237;Priority 3;NA
APS;DCF;APS;SR;OK;42376,83542;Priority 3;NA
DCF;DCF;FUN;SR;OK;42377,22917;Priority 3;NA
SEC;DCF;SEC;SR;OK;42377,38194;Priority 4;NA
SEC;EES;SEC;SR;OK;42377,42696;Priority 3;NA
FUN;DCF;FUN;SR;OK;42377,52569;Priority 3;NA
SEC;EES;SEC;SR;OK;42377,52785;Priority 3;NA
SEC;EES;SEC;SR;OK;42377,5289;Priority 3;NA
APS;DCF;APS;SR;OK;42377,56597;Priority 3;NA
APS;DCF;APS;SR;OK;42377,56806;Priority 3;NA
FUN;DCF;FUN;SR;Defect;42377,61875;Priority 2;NA
SEC;DCF;SEC;SR;OK;42377,66528;Priority 4;NA
SEC;EES;SEC;SR;OK;42378,41971;Priority 3;NA
SEC;DCF;SEC;SR;OK;42379,03056;Priority 3;NA
DCF;DCF;FUN;INC;OK;42379,09861;Priority 3;NA
SEC;DCF;SEC;SR;OK;42379,64236;Priority 4;NA
SEC;DCF;SEC;SR;OK;42380,01319;Priority 4;NA
DCF;DCF;FUN;INC;OK;42380,11042;Priority 4;NA
SEC;DCF;SEC;SR;OK;42380,32778;Priority 3;NA
FUN;DCF;FUN;SR;OK;42380,36111;Priority 3;NA
SEC;DCF;SEC;SR;OK;42380,40833;Priority 4;NA
SEC;EES;SEC;SR;OK;42380,41281;Priority 3;NA
SEC;EES;SEC;SR;OK;42380,45229;Priority 3;NA
SEC;EES;SEC;SR;OK;42380,47263;Priority 3;NA
FUN;DCF;FUN;INC;OK;42380,57778;Priority 3;NA
FUN;DCF;FUN;SR;OK;42380,61875;Priority 3;NA
SEC;EES;SEC;SR;OK;42380,6491;Priority 3;NA
FUN;DCF;FUN;SR;OK;42380,64931;Priority 3;NA
SEC;DCF;SEC;SR;OK;42381,16042;Priority 4;NA
DCF;DCF;FUN;INC;OK;42381,19375;Priority 3;NA
SEC;DCF;SEC;SR;OK;42381,27361;Priority 4;NA
DCF;DCF;FUN;SR;OK;42381,32431;Priority 4;NA
FUN;DCF;FUN;INC;OK;42381,34167;Priority 4;NA
SEC;DCF;SEC;SR;OK;42381,37778;Priority 4;NA
SEC;EES;SEC;SR;OK;42381,38469;Priority 3;NA
SEC;EES;SEC;SR;OK;42381,38499;Priority 3;NA
SEC;EES;SEC;SR;OK;42381,38538;Priority 3;NA
SEC;DCF;SEC;SR;OK;42381,42361;Priority 4;NA
FUN;DCF;FUN;SR;Defect;42381,44028;Priority 2;NA
SEC;DCF;SEC;SR;OK;42381,50694;Priority 3;NA
SEC;DCF;SEC;SR;OK;42381,50903;Priority 4;NA
SEC;EES;SEC;SR;OK;42381,67435;Priority 3;NA
SEC;DCF;SEC;SR;OK;42381,78958;Priority 4;NA
APS;DCF;APS;SR;Defect;42381,96597;Priority 3;NA
TEC;DCF;TEC;SR;OK;42382,13958;Priority 2;NA
SEC;DCF;SEC;SR;OK;42382,19375;Priority 3;NA
DCF;DCF;FUN;SR;OK;42382,20625;Priority 3;NA
FUN;DCF;FUN;SR;OK;42382,23542;Priority 3;NA
SEC;DCF;SEC;SR;OK;42382,23819;Priority 4;NA
SEC;DCF;SEC;SR;OK;42382,25556;Priority 4;NA
SEC;DCF;SEC;SR;OK;42382,26597;Priority 3;NA
SEC;DCF;SEC;SR;Defect;42382,27292;Priority 3;NA
SEC;DCF;SEC;SR;OK;42382,3375;Priority 4;NA
SEC;DCF;SEC;SR;OK;42382,39931;Priority 4;NA
FUN;DCF;FUN;SR;OK;42382,40347;Priority 3;NA
SEC;DCF;SEC;SR;OK;42382,40347;Priority 4;NA
SEC;EES;SEC;SR;OK;42382,41796;Priority 3;NA
SEC;DCF;SEC;SR;OK;42382,47986;Priority 4;NA
DCF;DCF;FUN;INC;OK;42382,81181;Priority 4;NA
DCF;DCF;FUN;INC;OK;42383,01389;Priority 3;NA
APS;DCF;APS;SR;OK;42383,18056;Priority 3;NA
APS;DCF;APS;SR;OK;42383,19444;Priority 3;NA
FUN;DCF;FUN;INC;OK;42383,40486;Priority 3;NA
FUN;DCF;FUN;SR;OK;42383,44236;Priority 3;NA
FUN;DCF;FUN;SR;Defect;42383,775;Priority 2;NA
APS;DCF;APS;SR;OK;42384,15903;Priority 3;NA
SEC;DCF;SEC;SR;OK;42384,17639;Priority 4;NA
SEC;DCF;SEC;SR;OK;42384,29583;Priority 4;NA
SEC;DCF;SEC;SR;OK;42384,36458;Priority 3;NA
SEC;DCF;SEC;SR;OK;42384,36944;Priority 4;NA
FUN;DCF;FUN;SR;Defect;42384,38958;Priority 3;NA
APS;DCF;APS;SR;OK;42384,40208;Priority 3;NA
SEC;DCF;SEC;SR;OK;42384,46528;Priority 4;NA
SEC;DCF;SEC;SR;OK;42384,50347;Priority 4;NA
FUN;DCF;FUN;SR;OK;42384,58333;Priority 3;NA
SEC;DCF;SEC;SR;OK;42385,21806;Priority 3;NA
SEC;DCF;SEC;SR;OK;42386,36042;Priority 4;NA
DCF;DCF;FUN;SR;OK;42387,47153;Priority 3;NA
FUN;DCF;FUN;SR;Defect;42387,52083;Priority 3;NA
SEC;DCF;SEC;SR;OK;42388,15903;Priority 3;NA
FUN;DCF;FUN;INC;OK;42388,31181;Priority 3;NA
DCF;DCF;FUN;INC;OK;42388,44722;Priority 3;NA
FUN;DCF;FUN;SR;OK;42388,50486;Priority 3;NA
APS;DCF;APS;SR;OK;42389,10694;Priority 3;NA
DCF;DCF;FUN;INC;OK;42389,18819;Priority 3;NA
APS;DCF;APS;SR;OK;42389,22847;Priority 3;NA
SEC;DCF;SEC;SR;OK;42389,28403;Priority 3;NA
SEC;DCF;SEC;SR;OK;42389,46667;Priority 3;NA
SEC;EES;SEC;SR;OK;42389,53612;Priority 3;NA
SEC;EES;SEC;SR;OK;42389,53661;Priority 3;NA
SEC;DCF;SEC;SR;OK;42389,54653;Priority 3;NA
FUN;DCF;FUN;SR;OK;42390,14722;Priority 3;NA
APS;DCF;APS;SR;OK;42390,20694;Priority 3;NA
APS;DCF;APS;SR;OK;42391,16667;Priority 3;NA
SEC;DCF;SEC;SR;Defect;42391,21319;Priority 3;NA
SEC;DCF;SEC;SR;Defect;42391,33472;Priority 3;NA
DCF;DCF;FUN;SR;OK;42391,35833;Priority 3;NA
SEC;EES;SEC;SR;OK;42391,56046;Priority 3;NA
APS;DCF;APS;SR;Defect;42391,64792;Priority 3;NA
SEC;EES;SEC;SR;OK;42401,09028;Priority 3;NA
SEC;EES;SEC;SR;OK;42401,68376;Priority 3;NA
SEC;EES;SEC;SR;OK;42401,75958;Priority 3;NA
SEC;EES;SEC;SR;OK;42403,60831;Priority 3;NA
SEC;EES;SEC;SR;OK;42403,64421;Priority 3;NA
SEC;EES;SEC;SR;OK;42403,7302;Priority 3;NA
SEC;EES;SEC;SR;OK;42403,73124;Priority 3;NA
SEC;EES;SEC;SR;OK;42404,37272;Priority 3;NA
SEC;EES;SEC;SR;OK;42404,37287;Priority 3;NA
SEC;EES;SEC;SR;OK;42404,59051;Priority 3;NA
SEC;EES;SEC;SR;OK;42404,59052;Priority 3;NA
SEC;EES;SEC;SR;OK;42404,59054;Priority 3;NA
SEC;EES;SEC;SR;OK;42404,59057;Priority 3;NA
SEC;LAT;SEC;SR;OK;42406;Priority 4;NA
SEC;EES;SEC;SR;OK;42408,47546;Priority 3;NA
SEC;EES;SEC;SR;OK;42408,5488;Priority 3;NA
SEC;EES;SEC;SR;OK;42408,54978;Priority 3;NA
SEC;EES;SEC;SR;OK;42408,56997;Priority 3;NA
SEC;EES;SEC;SR;OK;42408,59753;Priority 3;NA
SEC;EES;SEC;SR;OK;42408,60036;Priority 3;NA
SEC;EES;SEC;SR;OK;42408,6016;Priority 3;NA
SEC;EES;SEC;SR;OK;42408,60277;Priority 3;NA
SEC;EES;SEC;SR;OK;42408,69069;Priority 3;NA
SEC;LAT;SEC;SR;OK;42409;Priority 4;NA
SEC;EES;SEC;SR;OK;42409,67359;Priority 3;NA
SEC;EES;SEC;SR;OK;42409,67404;Priority 3;NA
SEC;EES;SEC;SR;OK;42409,67576;Priority 3;NA
SEC;EES;SEC;SR;OK;42409,67603;Priority 3;NA
SEC;EES;SEC;SR;OK;42409,67706;Priority 3;NA
SEC;EES;SEC;SR;OK;42409,67745;Priority 3;NA
SEC;EES;SEC;SR;OK;42409,67831;Priority 3;NA
SEC;EES;SEC;SR;OK;42409,67858;Priority 3;NA
SEC;LAT;SEC;SR;Defect;42411;Priority 4;NA
SEC;LAT;SEC;SR;OK;42412;Priority 4;NA
SEC;LAT;SEC;SR;OK;42413;Priority 4;NA
SEC;EES;SEC;SR;OK;42415,73115;Priority 3;NA
SEC;EES;SEC;SR;OK;42416,39752;Priority 3;NA
SEC;EES;SEC;SR;OK;42416,45486;Priority 3;NA
SEC;EES;SEC;SR;OK;42416,46336;Priority 3;NA
SEC;EES;SEC;SR;OK;42416,71;Priority 3;NA
SEC;EES;SEC;SR;OK;42416,72332;Priority 3;NA
SEC;EES;SEC;SR;OK;42416,77661;Priority 3;NA
SEC;LAT;SEC;SR;OK;42417;Priority 4;NA
SEC;EES;SEC;SR;OK;42417,36771;Priority 3;NA
SEC;EES;SEC;SR;OK;42418,58987;Priority 3;NA
SEC;EES;SEC;SR;OK;42418,59027;Priority 3;NA
SEC;LAT;SEC;SR;OK;42419;Priority 4;NA
SEC;EES;SEC;SR;OK;42419,39832;Priority 3;NA
SEC;EES;SEC;SR;OK;42419,77395;Priority 3;NA
SEC;LAT;SEC;SR;OK;42420;Priority 4;NA
SEC;LAT;SEC;SR;OK;42424;Priority 4;NA
SEC;LAT;SEC;SR;OK;42425;Priority 4;NA
SEC;LAT;SEC;SR;OK;42426;Priority 4;NA
SEC;LAT;SEC;SR;OK;42429;Priority 4;NA
SEC;EES;SEC;SR;OK;42430,67362;Priority 3;NA
SEC;EES;SEC;SR;OK;42430,67372;Priority 3;NA
SEC;EES;SEC;SR;OK;42430,7122;Priority 3;NA
SEC;EES;SEC;SR;OK;42430,77435;Priority 3;NA
SEC;EES;SEC;SR;OK;42430,77459;Priority 3;NA
SEC;EES;SEC;SR;OK;42431,46288;Priority 3;NA
SEC;EES;SEC;SR;OK;42431,46291;Priority 3;NA
SEC;EES;SEC;SR;OK;42431,62266;Priority 3;NA
SEC;EES;SEC;SR;OK;42431,62431;Priority 3;NA
SEC;LAT;SEC;SR;OK;42433;Priority 4;NA
SEC;LAT;SEC;SR;OK;42434;Priority 4;NA
SEC;LAT;SEC;SR;OK;42435;Priority 4;NA
SEC;EES;SEC;SR;OK;42435,35117;Priority 3;NA
SEC;EES;SEC;SR;OK;42435,35118;Priority 3;NA
SEC;LAT;SEC;SR;OK;42436;Priority 4;NA
SEC;EES;SEC;SR;OK;42436,61678;Priority 3;NA
SEC;EES;SEC;SR;OK;42436,73039;Priority 3;NA
SEC;EES;SEC;SR;OK;42436,74433;Priority 3;NA
SEC;EES;SEC;SR;OK;42436,74492;Priority 3;NA
SEC;EES;SEC;SR;OK;42436,74535;Priority 3;NA
SEC;EES;SEC;SR;OK;42436,74777;Priority 3;NA
SEC;LAT;SEC;SR;OK;42437;Priority 4;NA
SEC;LAT;SEC;SR;OK;42438;Priority 4;NA
SEC;EES;SEC;SR;OK;42438,73439;Priority 3;NA
SEC;EES;SEC;SR;OK;42439,08766;Priority 3;NA
SEC;EES;SEC;SR;OK;42439,08779;Priority 3;NA
SEC;LAT;SEC;SR;OK;42440;Priority 4;NA
SEC;EES;SEC;SR;OK;42440,53509;Priority 3;NA
SEC;EES;SEC;SR;OK;42440,53583;Priority 3;NA
SEC;LAT;SEC;SR;OK;42441;Priority 4;NA
SEC;LAT;SEC;SR;OK;42442;Priority 4;NA
SEC;LAT;SEC;SR;OK;42443;Priority 4;NA
SEC;EES;SEC;SR;OK;42443,58326;Priority 3;NA
SEC;EES;SEC;SR;OK;42443,58406;Priority 3;NA
SEC;EES;SEC;SR;OK;42443,62316;Priority 3;NA
SEC;EES;SEC;SR;OK;42444,59906;Priority 3;NA
SEC;EES;SEC;SR;OK;42444,59929;Priority 3;NA
SEC;EES;SEC;SR;OK;42444,59931;Priority 3;NA
SEC;EES;SEC;SR;OK;42444,59961;Priority 3;NA
SEC;EES;SEC;SR;OK;42444,59979;Priority 3;NA
SEC;EES;SEC;SR;OK;42444,6002;Priority 3;NA
SEC;EES;SEC;SR;OK;42444,66905;Priority 3;NA
SEC;EES;SEC;SR;OK;42444,77685;Priority 3;NA
SEC;LAT;SEC;SR;OK;42445;Priority 4;NA
SEC;EES;SEC;SR;OK;42445,71433;Priority 3;NA
SEC;LAT;SEC;SR;OK;42446;Priority 4;NA
SEC;EES;SEC;SR;OK;42446,81227;Priority 3;NA
SEC;LAT;SEC;SR;OK;42447;Priority 4;NA
SEC;LAT;SEC;SR;OK;42448;Priority 4;NA
SEC;LAT;SEC;SR;OK;42449;Priority 4;NA
SEC;EES;SEC;SR;OK;42450,00073;Priority 3;NA
SEC;LAT;SEC;SR;OK;42451;Priority 4;NA
SEC;EES;SEC;SR;OK;42451,73337;Priority 3;NA
SEC;LAT;SEC;SR;OK;42456;Priority 4;NA
SEC;LAT;SEC;SR;OK;42457;Priority 4;NA
SEC;LAT;SEC;SR;OK;42458;Priority 4;NA
SEC;LAT;SEC;SR;OK;42459;Priority 4;NA
SEC;LAT;SEC;SR;OK;42461;Priority 4;NA
SEC;EES;SEC;SR;OK;42462,14024;Priority 3;NA
SEC;LAT;SEC;SR;OK;42463;Priority 4;NA
SEC;EES;SEC;SR;OK;42463,40574;Priority 3;NA
SEC;LAT;SEC;SR;Defect;42464;Priority 4;NA
SEC;LAT;SEC;SR;Defect;42465;Priority 4;NA
SEC;EES;SEC;SR;OK;42465,76683;Priority 3;NA
SEC;LAT;SEC;SR;OK;42466;Priority 4;NA
SEC;EES;SEC;SR;OK;42467,4437;Priority 3;NA
SEC;LAT;SEC;SR;OK;42468;Priority 4;NA
SEC;LAT;SEC;SR;OK;42469;Priority 4;NA
SEC;LAT;SEC;SR;OK;42471;Priority 4;NA
SEC;EES;SEC;SR;OK;42471,75648;Priority 3;NA
SEC;EES;SEC;SR;OK;42471,75845;Priority 3;NA
SEC;EES;SEC;SR;OK;42472,07845;Priority 3;NA
SEC;EES;SEC;SR;OK;42472,08007;Priority 3;NA
SEC;EES;SEC;SR;OK;42472,08118;Priority 3;NA
SEC;EES;SEC;SR;OK;42472,17164;Priority 3;NA
SEC;EES;SEC;SR;OK;42472,17185;Priority 3;NA
SEC;EES;SEC;SR;OK;42472,17193;Priority 3;NA
SEC;EES;SEC;SR;OK;42472,42044;Priority 3;NA
SEC;EES;SEC;SR;OK;42472,42088;Priority 3;NA
SEC;LAT;SEC;SR;OK;42473;Priority 4;NA
SEC;EES;SEC;SR;OK;42473,99895;Priority 3;NA
SEC;EES;SEC;SR;OK;42474,53507;Priority 3;NA
SEC;EES;SEC;SR;OK;42474,53542;Priority 3;NA
SEC;EES;SEC;SR;OK;42474,53625;Priority 3;NA
SEC;LAT;SEC;SR;OK;42476;Priority 4;NA
SEC;LAT;SEC;SR;OK;42477;Priority 4;NA
SEC;EES;SEC;SR;OK;42480,40397;Priority 3;NA
SEC;EES;SEC;SR;OK;42480,44022;Priority 3;NA
SEC;EES;SEC;SR;OK;42480,45219;Priority 3;NA
SEC;EES;SEC;SR;OK;42480,45308;Priority 3;NA
SEC;EES;SEC;SR;OK;42481,33639;Priority 3;NA
SEC;EES;SEC;SR;OK;42482,55758;Priority 3;NA
SEC;EES;SEC;SR;OK;42482,57843;Priority 3;NA
SEC;LAT;SEC;SR;OK;42483;Priority 4;NA
SEC;LAT;SEC;SR;OK;42485;Priority 4;NA
SEC;LAT;SEC;SR;OK;42486;Priority 4;NA
SEC;LAT;SEC;SR;OK;42488;Priority 4;NA
SEC;LAT;SEC;SR;OK;42492;Priority 4;NA
SEC;EES;SEC;SR;OK;42493,39814;Priority 3;NA
SEC;LAT;SEC;SR;OK;42497;Priority 4;NA
SEC;EES;SEC;SR;OK;42499,41975;Priority 3;NA
SEC;EES;SEC;SR;OK;42499,94631;Priority 3;NA
SEC;EES;SEC;SR;OK;42499,96101;Priority 3;NA
SEC;EES;SEC;SR;OK;42500,61902;Priority 3;NA
SEC;LAT;SEC;SR;OK;42501;Priority 4;NA
SEC;EES;SEC;SR;OK;42501,57368;Priority 3;NA
SEC;EES;SEC;SR;OK;42501,57409;Priority 3;NA
SEC;EES;SEC;SR;OK;42501,57431;Priority 3;NA
SEC;EES;SEC;SR;OK;42501,57469;Priority 3;NA
SEC;EES;SEC;SR;OK;42501,57525;Priority 3;NA
SEC;EES;SEC;SR;OK;42501,69567;Priority 3;NA
SEC;EES;SEC;SR;OK;42502,55259;Priority 3;NA
SEC;EES;SEC;SR;OK;42502,69944;Priority 3;NA
SEC;LAT;SEC;SR;Defect;42503;Priority 4;NA
SEC;EES;SEC;SR;OK;42505,34059;Priority 3;NA
SEC;EES;SEC;SR;OK;42506,49515;Priority 3;NA
SEC;EES;SEC;SR;OK;42507,49499;Priority 3;NA
SEC;EES;SEC;SR;OK;42507,50618;Priority 3;NA
SEC;LAT;SEC;SR;Defect;42508;Priority 4;NA
SEC;EES;SEC;SR;OK;42508,37834;Priority 3;NA
SEC;LAT;SEC;SR;OK;42509;Priority 4;NA
SEC;EES;SEC;SR;OK;42509,81907;Priority 3;NA
SEC;EES;SEC;SR;OK;42509,81972;Priority 3;NA
SEC;EES;SEC;SR;OK;42509,81975;Priority 3;NA
SEC;EES;SEC;SR;OK;42510,59663;Priority 3;NA
SEC;EES;SEC;SR;OK;42512,52274;Priority 3;NA
SEC;EES;SEC;SR;OK;42512,52311;Priority 3;NA
SEC;EES;SEC;SR;OK;42513,69319;Priority 3;NA
SEC;EES;SEC;SR;OK;42515,71074;Priority 3;NA
SEC;LAT;SEC;SR;Defect;42518;Priority 4;NA
SEC;LAT;SEC;SR;OK;42519;Priority 4;NA
SEC;LAT;SEC;SR;OK;42520;Priority 4;NA
SEC;LAT;SEC;SR;Defect;42521;Priority 4;NA
SEC;LAT;SEC;SR;OK;42522;Priority 4;NA
SEC;EES;SEC;SR;OK;42522,0719;Priority 3;NA
SEC;EES;SEC;SR;OK;42522,07597;Priority 3;NA
SEC;EES;SEC;SR;OK;42522,42169;Priority 3;NA
SEC;EES;SEC;SR;OK;42522,42194;Priority 3;NA
SEC;EES;SEC;SR;OK;42522,42597;Priority 3;NA
SEC;EES;SEC;SR;OK;42523,59602;Priority 3;NA
SEC;EES;SEC;SR;OK;42523,59642;Priority 3;NA
SEC;EES;SEC;SR;OK;42523,59682;Priority 3;NA
SEC;EES;SEC;SR;OK;42523,60884;Priority 3;NA
SEC;EES;SEC;SR;OK;42523,60916;Priority 3;NA
SEC;EES;SEC;SR;OK;42523,64676;Priority 3;NA
SEC;EES;SEC;SR;OK;42523,6486;Priority 3;NA
SEC;EES;SEC;SR;OK;42523,65014;Priority 3;NA
SEC;EES;SEC;SR;OK;42523,65096;Priority 3;NA
SEC;EES;SEC;SR;OK;42523,66888;Priority 3;NA
SEC;EES;SEC;SR;OK;42523,76619;Priority 3;NA
SEC;EES;SEC;SR;OK;42525,42057;Priority 3;NA
SEC;EES;SEC;SR;OK;42525,50898;Priority 3;NA
SEC;LAT;SEC;SR;OK;42526;Priority 4;NA
SEC;EES;SEC;SR;OK;42527,43558;Priority 3;NA
SEC;EES;SEC;SR;OK;42527,44795;Priority 3;NA
SEC;EES;SEC;SR;OK;42527,48938;Priority 3;NA
SEC;EES;SEC;SR;OK;42527,48946;Priority 3;NA
SEC;EES;SEC;SR;OK;42527,48957;Priority 3;NA
SEC;EES;SEC;SR;OK;42527,60213;Priority 3;NA
SEC;EES;SEC;SR;OK;42527,60322;Priority 3;NA
SEC;EES;SEC;SR;OK;42527,66398;Priority 3;NA
SEC;EES;SEC;SR;OK;42527,66402;Priority 3;NA
SEC;LAT;SEC;SR;Defect;42528;Priority 4;NA
SEC;EES;SEC;SR;OK;42528,47438;Priority 3;NA
SEC;EES;SEC;SR;OK;42529,6523;Priority 3;NA
SEC;EES;SEC;SR;OK;42529,65392;Priority 3;NA
SEC;EES;SEC;SR;OK;42529,65443;Priority 3;NA
SEC;EES;SEC;SR;OK;42529,65448;Priority 3;NA
SEC;EES;SEC;SR;OK;42529,7173;Priority 3;NA
SEC;EES;SEC;SR;OK;42529,72882;Priority 3;NA
SEC;EES;SEC;SR;OK;42529,73417;Priority 3;NA
SEC;EES;SEC;SR;OK;42530,36111;Priority 3;NA
SEC;EES;SEC;SR;OK;42530,42052;Priority 3;NA
SEC;EES;SEC;SR;OK;42530,42058;Priority 3;NA
SEC;EES;SEC;SR;OK;42530,68918;Priority 3;NA
SEC;EES;SEC;SR;OK;42530,69314;Priority 3;NA
SEC;EES;SEC;SR;OK;42530,69431;Priority 3;NA
SEC;EES;SEC;SR;OK;42530,69791;Priority 3;NA
SEC;EES;SEC;SR;OK;42530,69843;Priority 3;NA
SEC;EES;SEC;SR;OK;42530,70479;Priority 3;NA
SEC;LAT;SEC;SR;OK;42531;Priority 4;NA
SEC;EES;SEC;SR;OK;42531,64365;Priority 3;NA
SEC;EES;SEC;SR;OK;42531,64368;Priority 3;NA
SEC;EES;SEC;SR;OK;42531,64403;Priority 3;NA
SEC;EES;SEC;SR;OK;42531,6484;Priority 3;NA
SEC;EES;SEC;SR;OK;42534,52049;Priority 3;NA
SEC;EES;SEC;SR;OK;42534,77192;Priority 3;NA
SEC;EES;SEC;SR;OK;42534,77229;Priority 3;NA
SEC;EES;SEC;SR;OK;42535,72596;Priority 3;NA
SEC;EES;SEC;SR;OK;42536,71069;Priority 3;NA
SEC;EES;SEC;SR;OK;42536,71418;Priority 3;NA
SEC;EES;SEC;SR;OK;42537,81586;Priority 3;NA
SEC;EES;SEC;SR;OK;42537,81691;Priority 3;NA
SEC;EES;SEC;SR;OK;42538,61618;Priority 3;NA
SEC;EES;SEC;SR;OK;42541,78709;Priority 3;NA
SEC;EES;SEC;SR;OK;42541,78928;Priority 3;NA
SEC;EES;SEC;SR;OK;42541,78931;Priority 3;NA
SEC;EES;SEC;SR;OK;42541,78934;Priority 3;NA
SEC;EES;SEC;SR;OK;42541,80667;Priority 3;NA
SEC;LAT;SEC;SR;OK;42543;Priority 4;NA
SEC;EES;SEC;SR;OK;42544,14572;Priority 3;NA
SEC;EES;SEC;SR;OK;42544,14601;Priority 3;NA
SEC;EES;SEC;SR;OK;42544,14654;Priority 3;NA
SEC;EES;SEC;SR;OK;42544,18595;Priority 3;NA
SEC;EES;SEC;SR;OK;42544,20759;Priority 3;NA
SEC;EES;SEC;SR;OK;42544,2092;Priority 3;NA
SEC;EES;SEC;SR;OK;42544,40951;Priority 3;NA
SEC;EES;SEC;SR;OK;42544,4098;Priority 3;NA
SEC;LAT;SEC;SR;OK;42547;Priority 4;NA
SEC;LAT;SEC;SR;OK;42552;Priority 4;NA
SEC;LAT;SEC;SR;OK;42553;Priority 4;NA
SEC;EES;SEC;SR;OK;42553,38542;Priority 3;NA
SEC;EES;SEC;SR;OK;42553,40377;Priority 3;NA
SEC;EES;SEC;SR;OK;42553,40531;Priority 3;NA
SEC;EES;SEC;SR;OK;42553,40888;Priority 3;NA
SEC;EES;SEC;SR;OK;42553,41007;Priority 3;NA
SEC;LAT;SEC;SR;OK;42554;Priority 4;NA
SEC;LAT;SEC;SR;OK;42555;Priority 4;NA
SEC;EES;SEC;SR;OK;42556,57215;Priority 3;NA
SEC;EES;SEC;SR;OK;42557,05388;Priority 3;NA
SEC;EES;SEC;SR;OK;42559,61867;Priority 3;NA
SEC;EES;SEC;SR;OK;42559,64132;Priority 3;NA
SEC;EES;SEC;SR;OK;42559,6439;Priority 3;NA
SEC;EES;SEC;SR;OK;42559,64391;Priority 3;NA
SEC;LAT;SEC;SR;OK;42560;Priority 4;NA
SEC;EES;SEC;SR;OK;42560,35222;Priority 3;NA
SEC;EES;SEC;SR;OK;42560,40396;Priority 3;NA
SEC;EES;SEC;SR;OK;42560,41992;Priority 3;NA
SEC;EES;SEC;SR;OK;42560,42101;Priority 3;NA
SEC;EES;SEC;SR;OK;42562,81799;Priority 3;NA
SEC;EES;SEC;SR;OK;42563,00799;Priority 3;NA
SEC;EES;SEC;SR;OK;42564,41731;Priority 3;NA
SEC;EES;SEC;SR;OK;42564,41803;Priority 3;NA
SEC;EES;SEC;SR;OK;42564,77241;Priority 3;NA
SEC;EES;SEC;SR;OK;42564,7739;Priority 3;NA
SEC;EES;SEC;SR;OK;42564,77554;Priority 3;NA
SEC;EES;SEC;SR;OK;42564,7759;Priority 3;NA
SEC;EES;SEC;SR;OK;42564,83949;Priority 3;NA
SEC;EES;SEC;SR;OK;42565,70064;Priority 3;NA
SEC;EES;SEC;SR;OK;42567,42059;Priority 3;NA
SEC;LAT;SEC;SR;OK;42569;Priority 4;NA
SEC;EES;SEC;SR;OK;42569,54616;Priority 3;NA
SEC;EES;SEC;SR;OK;42569,82946;Priority 3;NA
SEC;LAT;SEC;SR;OK;42570;Priority 4;NA
SEC;EES;SEC;SR;OK;42570,56147;Priority 3;NA
SEC;EES;SEC;SR;OK;42570,56457;Priority 3;NA
SEC;EES;SEC;SR;OK;42570,86542;Priority 3;NA
SEC;EES;SEC;SR;OK;42570,87943;Priority 3;NA
SEC;EES;SEC;SR;OK;42571,7114;Priority 3;NA
SEC;EES;SEC;SR;OK;42571,88782;Priority 3;NA
SEC;LAT;SEC;SR;OK;42572;Priority 4;NA
SEC;EES;SEC;SR;OK;42572,07144;Priority 3;NA
SEC;EES;SEC;SR;OK;42572,39795;Priority 3;NA
SEC;EES;SEC;SR;OK;42572,39888;Priority 3;NA
SEC;EES;SEC;SR;OK;42572,3991;Priority 3;NA
SEC;EES;SEC;SR;OK;42572,70554;Priority 3;NA
SEC;EES;SEC;SR;OK;42572,70616;Priority 3;NA
SEC;LAT;SEC;SR;OK;42573;Priority 4;NA
SEC;EES;SEC;SR;OK;42573,7814;Priority 3;NA
SEC;EES;SEC;SR;OK;42573,78191;Priority 3;NA
SEC;LAT;SEC;SR;OK;42575;Priority 4;NA
SEC;EES;SEC;SR;OK;42575,61095;Priority 3;NA
SEC;EES;SEC;SR;OK;42575,61206;Priority 3;NA
SEC;LAT;SEC;SR;OK;42577;Priority 4;NA
SEC;LAT;SEC;SR;OK;42581;Priority 4;NA
SEC;EES;SEC;SR;OK;42583,09628;Priority 3;NA
SEC;EES;SEC;SR;OK;42583,56833;Priority 3;NA
SEC;LAT;SEC;SR;OK;42584;Priority 4;NA
SEC;EES;SEC;SR;OK;42584,3377;Priority 3;NA
SEC;EES;SEC;SR;Defect;42584,62058;Priority 3;NA
SEC;EES;SEC;SR;Defect;42584,6215;Priority 3;NA
SEC;LAT;SEC;SR;OK;42585;Priority 4;NA
SEC;EES;SEC;SR;Defect;42585,71882;Priority 3;NA
SEC;LAT;SEC;SR;OK;42586;Priority 4;NA
SEC;LAT;SEC;SR;OK;42587;Priority 4;NA
SEC;LAT;SEC;SR;OK;42589;Priority 4;NA
SEC;EES;SEC;SR;Defect;42590,46461;Priority 3;NA
SEC;EES;SEC;SR;Defect;42590,4649;Priority 3;NA
SEC;EES;SEC;SR;Defect;42590,46573;Priority 3;NA
SEC;EES;SEC;SR;Defect;42591,75789;Priority 3;NA
SEC;LAT;SEC;SR;OK;42592;Priority 4;NA
SEC;EES;SEC;SR;Defect;42592,70096;Priority 3;NA
SEC;EES;SEC;SR;Defect;42592,70098;Priority 3;NA
SEC;EES;SEC;SR;Defect;42592,70102;Priority 3;NA
SEC;EES;SEC;SR;Defect;42592,70108;Priority 3;NA
SEC;EES;SEC;SR;Defect;42592,70109;Priority 3;NA
SEC;EES;SEC;SR;Defect;42592,7022;Priority 3;NA
SEC;EES;SEC;SR;Defect;42592,70366;Priority 3;NA
SEC;EES;SEC;SR;Defect;42592,70369;Priority 3;NA
SEC;EES;SEC;SR;Defect;42592,70373;Priority 3;NA
SEC;EES;SEC;SR;Defect;42592,70508;Priority 3;NA
SEC;EES;SEC;SR;Defect;42592,75219;Priority 3;NA
SEC;EES;SEC;SR;Defect;42592,80535;Priority 3;NA
SEC;EES;SEC;SR;Defect;42594,78971;Priority 3;NA
SEC;LAT;SEC;SR;OK;42596;Priority 4;NA
SEC;EES;SEC;SR;Defect;42596,41991;Priority 3;NA
SEC;EES;SEC;SR;Defect;42596,41991;Priority 3;NA
SEC;LAT;SEC;SR;OK;42597;Priority 4;NA
SEC;EES;SEC;SR;Defect;42597,10421;Priority 3;NA
SEC;EES;SEC;SR;Defect;42597,10421;Priority 3;NA
SEC;EES;SEC;SR;Defect;42597,10421;Priority 3;NA
SEC;EES;SEC;SR;Defect;42597,10421;Priority 3;NA
SEC;EES;SEC;SR;Defect;42597,46396;Priority 3;NA
SEC;EES;SEC;SR;Defect;42597,5874;Priority 3;NA
SEC;EES;SEC;SR;Defect;42597,65128;Priority 3;NA
SEC;EES;SEC;SR;Defect;42597,69523;Priority 3;NA
SEC;EES;SEC;SR;Defect;42598,59073;Priority 3;NA
SEC;EES;SEC;SR;Defect;42598,59421;Priority 3;NA
SEC;EES;SEC;SR;Defect;42598,62838;Priority 3;NA
SEC;EES;SEC;SR;Defect;42598,62843;Priority 3;NA
SEC;EES;SEC;SR;Defect;42600,43417;Priority 3;NA
SEC;LAT;SEC;SR;OK;42601;Priority 4;NA
SEC;EES;SEC;SR;Defect;42601,58506;Priority 3;NA
SEC;EES;SEC;SR;Defect;42601,58606;Priority 3;NA
SEC;EES;SEC;SR;Defect;42601,58696;Priority 3;NA
SEC;EES;SEC;SR;Defect;42601,58747;Priority 3;NA
SEC;EES;SEC;SR;Defect;42601,58755;Priority 3;NA
SEC;EES;SEC;SR;Defect;42601,58773;Priority 3;NA
SEC;EES;SEC;SR;Defect;42601,58806;Priority 3;NA
SEC;EES;SEC;SR;Defect;42601,58814;Priority 3;NA
SEC;EES;SEC;SR;Defect;42601,58818;Priority 3;NA
SEC;EES;SEC;SR;Defect;42601,58818;Priority 3;NA
SEC;EES;SEC;SR;Defect;42601,58837;Priority 3;NA
SEC;EES;SEC;SR;Defect;42601,58845;Priority 3;NA
SEC;EES;SEC;SR;Defect;42601,58852;Priority 3;NA
SEC;EES;SEC;SR;Defect;42601,58874;Priority 3;NA
SEC;EES;SEC;SR;Defect;42601,58894;Priority 3;NA
SEC;EES;SEC;SR;Defect;42601,58917;Priority 3;NA
SEC;EES;SEC;SR;Defect;42601,58931;Priority 3;NA
SEC;EES;SEC;SR;Defect;42601,58964;Priority 3;NA
SEC;EES;SEC;SR;Defect;42601,58973;Priority 3;NA
SEC;EES;SEC;SR;Defect;42601,59227;Priority 3;NA
SEC;EES;SEC;SR;Defect;42601,59414;Priority 3;NA
SEC;EES;SEC;SR;Defect;42601,59491;Priority 3;NA
SEC;EES;SEC;SR;Defect;42601,60306;Priority 3;NA
SEC;EES;SEC;SR;Defect;42601,64331;Priority 3;NA
SEC;EES;SEC;SR;Defect;42601,64375;Priority 3;NA
SEC;EES;SEC;SR;Defect;42601,64495;Priority 3;NA
SEC;LAT;SEC;SR;OK;42602;Priority 4;NA
SEC;EES;SEC;SR;Defect;42602,87309;Priority 3;NA
SEC;EES;SEC;SR;Defect;42605,46362;Priority 3;NA
SEC;EES;SEC;SR;Defect;42605,46362;Priority 3;NA
SEC;EES;SEC;SR;Defect;42605,58036;Priority 3;NA
SEC;EES;SEC;SR;Defect;42605,64961;Priority 3;NA
SEC;LAT;SEC;SR;OK;42606;Priority 4;NA
SEC;EES;SEC;SR;Defect;42606,44372;Priority 3;NA
SEC;EES;SEC;SR;Defect;42606,44744;Priority 3;NA
SEC;EES;SEC;SR;Defect;42606,44841;Priority 3;NA
SEC;EES;SEC;SR;Defect;42606,56171;Priority 3;NA
SEC;EES;SEC;SR;Defect;42606,6413;Priority 3;NA
SEC;LAT;SEC;SR;OK;42609;Priority 4;NA
SEC;EES;SEC;SR;OK;42614,38867;Priority 3;NA
SEC;EES;SEC;SR;OK;42614,38867;Priority 3;NA
SEC;EES;SEC;SR;OK;42614,38867;Priority 3;NA
SEC;EES;SEC;SR;OK;42614,38867;Priority 3;NA
SEC;EES;SEC;SR;OK;42614,42469;Priority 3;NA
SEC;EES;SEC;SR;OK;42614,4247;Priority 3;NA
SEC;EES;SEC;SR;OK;42614,46517;Priority 3;NA
SEC;EES;SEC;SR;OK;42614,4724;Priority 3;NA
SEC;EES;SEC;SR;OK;42614,60897;Priority 3;NA
SEC;EES;SEC;SR;OK;42614,73545;Priority 3;NA
SEC;EES;SEC;SR;OK;42614,74241;Priority 3;NA
SEC;LAT;SEC;SR;Defect;42615;Priority 4;NA
SEC;EES;SEC;SR;OK;42615,43466;Priority 3;NA
SEC;EES;SEC;SR;OK;42615,60049;Priority 3;NA
SEC;EES;SEC;SR;OK;42615,62218;Priority 3;NA
SEC;LAT;SEC;SR;OK;42616;Priority 4;NA
SEC;EES;SEC;SR;OK;42616,99696;Priority 3;NA
SEC;EES;SEC;SR;OK;42617,00796;Priority 3;NA
SEC;EES;SEC;SR;OK;42619,41495;Priority 3;NA
SEC;EES;SEC;SR;OK;42619,5024;Priority 3;NA
SEC;EES;SEC;SR;OK;42619,50286;Priority 3;NA
SEC;EES;SEC;SR;OK;42619,50429;Priority 3;NA
SEC;EES;SEC;SR;OK;42619,50714;Priority 3;NA
SEC;EES;SEC;SR;OK;42619,50869;Priority 3;NA
SEC;EES;SEC;SR;OK;42619,50892;Priority 3;NA
SEC;EES;SEC;SR;OK;42619,5097;Priority 3;NA
SEC;EES;SEC;SR;OK;42619,5101;Priority 3;NA
SEC;EES;SEC;SR;OK;42619,51058;Priority 3;NA
SEC;EES;SEC;SR;OK;42619,51104;Priority 3;NA
SEC;EES;SEC;SR;OK;42619,51106;Priority 3;NA
SEC;EES;SEC;SR;OK;42619,51198;Priority 3;NA
SEC;EES;SEC;SR;OK;42619,63486;Priority 3;NA
SEC;EES;SEC;SR;OK;42619,74848;Priority 3;NA
SEC;EES;SEC;SR;OK;42619,74898;Priority 3;NA
SEC;EES;SEC;SR;OK;42620,51303;Priority 3;NA
SEC;EES;SEC;SR;OK;42620,51358;Priority 3;NA
SEC;EES;SEC;SR;OK;42620,51368;Priority 3;NA
SEC;EES;SEC;SR;OK;42620,51822;Priority 3;NA
SEC;EES;SEC;SR;OK;42620,51844;Priority 3;NA
SEC;EES;SEC;SR;OK;42620,51866;Priority 3;NA
SEC;EES;SEC;SR;OK;42620,51919;Priority 3;NA
SEC;EES;SEC;SR;OK;42620,51921;Priority 3;NA
SEC;EES;SEC;SR;OK;42620,51925;Priority 3;NA
SEC;EES;SEC;SR;OK;42620,64032;Priority 3;NA
SEC;EES;SEC;SR;OK;42620,74877;Priority 3;NA
SEC;LAT;SEC;SR;Defect;42621;Priority 4;NA
SEC;EES;SEC;SR;OK;42621,46167;Priority 3;NA
SEC;EES;SEC;SR;OK;42621,76078;Priority 3;NA
SEC;EES;SEC;SR;OK;42621,76154;Priority 3;NA
SEC;LAT;SEC;SR;OK;42622;Priority 4;NA
SEC;EES;SEC;SR;OK;42622,39388;Priority 3;NA
SEC;EES;SEC;SR;OK;42622,39824;Priority 3;NA
SEC;EES;SEC;SR;OK;42622,44713;Priority 3;NA
SEC;EES;SEC;SR;OK;42622,79395;Priority 3;NA
SEC;LAT;SEC;SR;OK;42623;Priority 4;NA
SEC;EES;SEC;SR;OK;42623,42844;Priority 3;NA
SEC;EES;SEC;SR;OK;42623,91259;Priority 3;NA
SEC;EES;SEC;SR;OK;42623,92243;Priority 3;NA
SEC;LAT;SEC;SR;OK;42624;Priority 4;NA
SEC;LAT;SEC;SR;OK;42626;Priority 4;NA
SEC;LAT;SEC;SR;OK;42627;Priority 4;NA
SEC;EES;SEC;SR;OK;42627,49109;Priority 3;NA
SEC;EES;SEC;SR;OK;42627,75012;Priority 3;NA
SEC;EES;SEC;SR;OK;42627,75067;Priority 3;NA
SEC;EES;SEC;SR;OK;42627,75542;Priority 3;NA
SEC;EES;SEC;SR;OK;42627,7555;Priority 3;NA
SEC;EES;SEC;SR;OK;42627,7619;Priority 3;NA
SEC;EES;SEC;SR;OK;42627,76281;Priority 3;NA
SEC;EES;SEC;SR;OK;42628,46716;Priority 3;NA
SEC;EES;SEC;SR;OK;42628,46729;Priority 3;NA
SEC;EES;SEC;SR;OK;42628,46767;Priority 3;NA
SEC;EES;SEC;SR;OK;42628,47086;Priority 3;NA
SEC;EES;SEC;SR;OK;42628,47534;Priority 3;NA
SEC;EES;SEC;SR;OK;42628,47675;Priority 3;NA
SEC;EES;SEC;SR;OK;42628,47775;Priority 3;NA
SEC;EES;SEC;SR;OK;42628,48189;Priority 3;NA
SEC;EES;SEC;SR;OK;42628,48227;Priority 3;NA
SEC;EES;SEC;SR;OK;42628,48271;Priority 3;NA
SEC;EES;SEC;SR;OK;42628,48384;Priority 3;NA
SEC;EES;SEC;SR;OK;42628,48516;Priority 3;NA
SEC;EES;SEC;SR;OK;42628,48666;Priority 3;NA
SEC;EES;SEC;SR;OK;42628,67333;Priority 3;NA
SEC;EES;SEC;SR;OK;42628,67381;Priority 3;NA
SEC;EES;SEC;SR;OK;42628,67491;Priority 3;NA
SEC;EES;SEC;SR;OK;42628,67534;Priority 3;NA
SEC;EES;SEC;SR;OK;42628,67809;Priority 3;NA
SEC;EES;SEC;SR;OK;42628,68142;Priority 3;NA
SEC;EES;SEC;SR;OK;42628,68249;Priority 3;NA
SEC;EES;SEC;SR;OK;42628,68471;Priority 3;NA
SEC;LAT;SEC;SR;OK;42629;Priority 4;NA
SEC;LAT;SEC;SR;Defect;42630;Priority 4;NA
SEC;LAT;SEC;SR;OK;42631;Priority 4;NA
SEC;LAT;SEC;SR;OK;42632;Priority 4;NA
SEC;LAT;SEC;SR;OK;42633;Priority 4;NA
SEC;EES;SEC;SR;OK;42633,21188;Priority 3;NA
SEC;EES;SEC;SR;OK;42633,47861;Priority 3;NA
SEC;EES;SEC;SR;OK;42633,48001;Priority 3;NA
SEC;EES;SEC;SR;OK;42633,48007;Priority 3;NA
SEC;EES;SEC;SR;OK;42633,48339;Priority 3;NA
SEC;EES;SEC;SR;OK;42633,48366;Priority 3;NA
SEC;EES;SEC;SR;OK;42633,73919;Priority 3;NA
SEC;EES;SEC;SR;OK;42633,74014;Priority 3;NA
SEC;EES;SEC;SR;OK;42633,74065;Priority 3;NA
SEC;EES;SEC;SR;OK;42634,70909;Priority 3;NA
SEC;LAT;SEC;SR;OK;42635;Priority 4;NA
SEC;EES;SEC;SR;OK;42636,34604;Priority 3;NA
SEC;EES;SEC;SR;OK;42636,38281;Priority 3;NA
SEC;EES;SEC;SR;OK;42636,42009;Priority 3;NA
SEC;LAT;SEC;SR;OK;42637;Priority 4;NA
SEC;LAT;SEC;SR;OK;42638;Priority 4;NA
SEC;LAT;SEC;SR;OK;42641;Priority 4;NA
SEC;LAT;SEC;SR;Defect;42644;Priority 4;NA
SEC;EES;SEC;SR;OK;42644,42337;Priority 3;NA
SEC;EES;SEC;SR;OK;42644,99523;Priority 3;NA
SEC;LAT;SEC;SR;OK;42645;Priority 4;NA
SEC;LAT;SEC;SR;OK;42646;Priority 4;NA
SEC;EES;SEC;SR;OK;42646,33795;Priority 3;NA
SEC;EES;SEC;SR;OK;42646,65537;Priority 3;NA
SEC;EES;SEC;SR;OK;42646,65699;Priority 3;NA
SEC;EES;SEC;SR;OK;42646,65765;Priority 3;NA
SEC;LAT;SEC;SR;Defect;42647;Priority 4;NA
SEC;EES;SEC;SR;OK;42647,05642;Priority 3;NA
SEC;EES;SEC;SR;OK;42647,41208;Priority 3;NA
SEC;EES;SEC;SR;OK;42647,78914;Priority 3;NA
SEC;EES;SEC;SR;OK;42648,73414;Priority 3;NA
SEC;EES;SEC;SR;OK;42648,73427;Priority 3;NA
SEC;EES;SEC;SR;OK;42648,7359;Priority 3;NA
SEC;EES;SEC;SR;OK;42648,73685;Priority 3;NA
SEC;LAT;SEC;SR;OK;42649;Priority 4;NA
SEC;EES;SEC;SR;OK;42649,46582;Priority 3;NA
SEC;EES;SEC;SR;OK;42650,41005;Priority 3;NA
SEC;EES;SEC;SR;OK;42650,41434;Priority 3;NA
SEC;EES;SEC;SR;OK;42650,70741;Priority 3;NA
SEC;EES;SEC;SR;OK;42651,42138;Priority 3;NA
SEC;EES;SEC;SR;OK;42653,44527;Priority 3;NA
SEC;LAT;SEC;SR;Defect;42654;Priority 4;NA
SEC;EES;SEC;SR;OK;42654,01043;Priority 3;NA
SEC;EES;SEC;SR;OK;42654,01096;Priority 3;NA
SEC;LAT;SEC;SR;OK;42655;Priority 4;NA
SEC;EES;SEC;SR;OK;42656,47977;Priority 3;NA
SEC;EES;SEC;SR;OK;42656,49135;Priority 3;NA
SEC;LAT;SEC;SR;Defect;42657;Priority 4;NA
SEC;LAT;SEC;SR;Defect;42658;Priority 4;NA
SEC;LAT;SEC;SR;Defect;42662;Priority 4;NA
SEC;LAT;SEC;SR;Defect;42663;Priority 4;NA
SEC;LAT;SEC;SR;OK;42664;Priority 4;NA
SEC;LAT;SEC;SR;Defect;42665;Priority 4;NA
SEC;EES;SEC;SR;OK;42665,42044;Priority 3;NA
SEC;LAT;SEC;SR;OK;42666;Priority 4;NA
SEC;LAT;SEC;SR;OK;42667;Priority 4;NA
SEC;LAT;SEC;SR;OK;42669;Priority 4;NA
SEC;LAT;SEC;SR;OK;42671;Priority 4;NA
SEC;LAT;SEC;SR;OK;42672;Priority 4;NA
SEC;LAT;SEC;SR;OK;42673;Priority 4;NA
SEC;LAT;SEC;SR;OK;42674;Priority 4;NA
SEC;EES;SEC;SR;OK;42724,2382;Priority 3;NA
SEC;EES;SEC;SR;OK;42738,58027;Priority 3;NA
SEC;EES;SEC;SR;OK;42738,62853;Priority 3;NA
SEC;EES;SEC;SR;OK;42740,80486;Priority 3;NA
SEC;EES;SEC;SR;OK;42742,34028;Priority 3;NA
SEC;EES;SEC;SR;OK;42746,61988;Priority 3;NA
SEC;EES;SEC;SR;OK;42748,39792;Priority 3;NA
SEC;EES;SEC;SR;OK;42748,39928;Priority 3;NA
SEC;EES;SEC;SR;OK;42748,47337;Priority 3;NA
SEC;EES;SEC;SR;OK;42748,47381;Priority 3;NA
SEC;EES;SEC;SR;OK;42748,47443;Priority 3;NA
SEC;EES;SEC;SR;OK;42748,47488;Priority 3;NA
SEC;EES;SEC;SR;OK;42750,39514;Priority 3;NA
SEC;EES;SEC;SR;OK;42751,51111;Priority 3;NA
SEC;EES;SEC;SR;OK;42752,15556;Priority 3;NA
SEC;EES;SEC;SR;OK;42752,15833;Priority 3;NA
SEC;EES;SEC;SR;OK;42753,02086;Priority 3;NA
SEC;EES;SEC;SR;OK;42753,72222;Priority 3;NA
SEC;EES;SEC;SR;OK;42753,83958;Priority 3;NA
SEC;EES;SEC;SR;OK;42754,57903;Priority 3;NA
SEC;EES;SEC;SR;OK;42754,65833;Priority 3;NA
SEC;LAT;SEC;SR;OK;42755;Priority 4;NA
SEC;EES;SEC;SR;OK;42759,41806;Priority 3;NA
SEC;EES;SEC;SR;OK;42759,41944;Priority 3;NA
SEC;EES;SEC;SR;OK;42759,41961;Priority 3;NA
SEC;EES;SEC;SR;OK;42759,42013;Priority 3;NA
SEC;EES;SEC;SR;OK;42759,42027;Priority 3;NA
SEC;EES;SEC;SR;OK;42759,42101;Priority 3;NA
SEC;EES;SEC;SR;OK;42759,69931;Priority 3;NA
SEC;LAT;SEC;SR;OK;42762;Priority 4;NA
SEC;LAT;SEC;SR;OK;42766;Priority 4;NA
SEC;EES;SEC;SR;OK;42767,5389;Priority 3;NA
SEC;EES;SEC;SR;OK;42767,53938;Priority 3;NA
SEC;EES;SEC;SR;OK;42769,65615;Priority 3;NA
SEC;EES;SEC;SR;OK;42769,65714;Priority 3;NA
SEC;LAT;SEC;SR;OK;42771;Priority 4;NA
SEC;EES;SEC;SR;OK;42772,50648;Priority 3;NA
SEC;EES;SEC;SR;OK;42772,50693;Priority 3;NA
SEC;EES;SEC;SR;OK;42772,50718;Priority 3;NA
SEC;EES;SEC;SR;OK;42772,63858;Priority 3;NA
SEC;EES;SEC;SR;OK;42773,61785;Priority 3;NA
SEC;EES;SEC;SR;OK;42773,65432;Priority 3;NA
SEC;EES;SEC;SR;OK;42773,65454;Priority 3;NA
SEC;EES;SEC;SR;OK;42773,6561;Priority 3;NA
SEC;EES;SEC;SR;OK;42773,718;Priority 3;NA
SEC;EES;SEC;SR;OK;42773,71929;Priority 3;NA
SEC;EES;SEC;SR;OK;42773,72671;Priority 3;NA
SEC;EES;SEC;SR;OK;42773,72711;Priority 3;NA
SEC;EES;SEC;SR;OK;42773,72714;Priority 3;NA
SEC;EES;SEC;SR;OK;42773,72715;Priority 3;NA
SEC;EES;SEC;SR;OK;42773,72947;Priority 3;NA
SEC;EES;SEC;SR;OK;42773,73104;Priority 3;NA
SEC;EES;SEC;SR;OK;42773,73243;Priority 3;NA
SEC;EES;SEC;SR;OK;42773,73679;Priority 3;NA
SEC;EES;SEC;SR;OK;42773,73773;Priority 3;NA
SEC;EES;SEC;SR;OK;42773,73907;Priority 3;NA
SEC;LAT;SEC;SR;OK;42775;Priority 4;NA
SEC;EES;SEC;SR;OK;42775,53201;Priority 3;NA
SEC;EES;SEC;SR;OK;42775,6205;Priority 3;NA
SEC;EES;SEC;SR;OK;42775,6205;Priority 3;NA
SEC;EES;SEC;SR;OK;42775,6212;Priority 3;NA
SEC;EES;SEC;SR;OK;42775,63296;Priority 3;NA
SEC;EES;SEC;SR;OK;42775,63328;Priority 3;NA
SEC;EES;SEC;SR;OK;42775,63404;Priority 3;NA
SEC;EES;SEC;SR;OK;42775,63404;Priority 3;NA
SEC;EES;SEC;SR;OK;42775,6341;Priority 3;NA
SEC;EES;SEC;SR;OK;42775,64147;Priority 3;NA
SEC;EES;SEC;SR;OK;42775,64156;Priority 3;NA
SEC;LAT;SEC;SR;OK;42776;Priority 4;NA
SEC;LAT;SEC;SR;OK;42778;Priority 4;NA
SEC;EES;SEC;SR;OK;42779,48424;Priority 3;NA
SEC;EES;SEC;SR;OK;42779,48424;Priority 3;NA
SEC;EES;SEC;SR;OK;42779,51667;Priority 3;NA
SEC;EES;SEC;SR;OK;42779,51667;Priority 3;NA
SEC;EES;SEC;SR;OK;42779,51685;Priority 3;NA
SEC;EES;SEC;SR;OK;42779,52493;Priority 3;NA
SEC;EES;SEC;SR;OK;42779,53056;Priority 3;NA
SEC;EES;SEC;SR;OK;42780,29973;Priority 3;NA
SEC;EES;SEC;SR;OK;42780,31834;Priority 3;NA
SEC;EES;SEC;SR;OK;42780,31946;Priority 3;NA
SEC;EES;SEC;SR;OK;42780,35347;Priority 3;NA
SEC;EES;SEC;SR;OK;42780,65;Priority 3;NA
SEC;LAT;SEC;SR;OK;42781;Priority 4;NA
SEC;EES;SEC;SR;OK;42781,49801;Priority 3;NA
SEC;EES;SEC;SR;OK;42781,75509;Priority 3;NA
SEC;EES;SEC;SR;OK;42782,48755;Priority 3;NA
SEC;EES;SEC;SR;OK;42782,48765;Priority 3;NA
SEC;EES;SEC;SR;OK;42782,49854;Priority 3;NA
SEC;EES;SEC;SR;OK;42782,68056;Priority 3;NA
SEC;EES;SEC;SR;OK;42783,5201;Priority 3;NA
SEC;LAT;SEC;SR;OK;42785;Priority 4;NA
SEC;LAT;SEC;SR;OK;42787;Priority 4;NA
SEC;EES;SEC;SR;OK;42787,75486;Priority 3;NA
SEC;EES;SEC;SR;OK;42787,78194;Priority 3;NA
SEC;LAT;SEC;SR;OK;42788;Priority 4;NA
SEC;LAT;SEC;SR;OK;42789;Priority 4;NA
SEC;LAT;SEC;SR;OK;42790;Priority 4;NA
SEC;LAT;SEC;SR;OK;42793;Priority 4;NA
SEC;LAT;SEC;SR;OK;42795;Priority 4;NA
SEC;EES;SEC;SR;OK;42796,43056;Priority 3;NA
SEC;EES;SEC;SR;OK;42796,43125;Priority 3;NA
SEC;LAT;SEC;SR;OK;42797;Priority 4;NA
SEC;EES;SEC;SR;OK;42797,60486;Priority 3;NA
SEC;EES;SEC;SR;OK;42797,60486;Priority 3;NA
SEC;EES;SEC;SR;OK;42797,60625;Priority 3;NA
SEC;EES;SEC;SR;OK;42797,60694;Priority 3;NA
SEC;LAT;SEC;SR;OK;42798;Priority 4;NA
SEC;EES;SEC;SR;OK;42801,51497;Priority 3;NA
SEC;EES;SEC;SR;OK;42801,5153;Priority 3;NA
SEC;EES;SEC;SR;OK;42801,51551;Priority 3;NA
SEC;EES;SEC;SR;OK;42801,54851;Priority 3;NA
SEC;LAT;SEC;SR;OK;42802;Priority 4;NA
SEC;EES;SEC;SR;OK;42802,41096;Priority 3;NA
SEC;EES;SEC;SR;OK;42802,59334;Priority 3;NA
SEC;LAT;SEC;SR;OK;42803;Priority 4;NA
SEC;EES;SEC;SR;OK;42803,71303;Priority 3;NA
SEC;EES;SEC;SR;OK;42803,784;Priority 3;NA
SEC;EES;SEC;SR;OK;42804,88157;Priority 3;NA
SEC;EES;SEC;SR;OK;42804,88741;Priority 3;NA
SEC;LAT;SEC;SR;OK;42805;Priority 4;NA
SEC;LAT;SEC;SR;OK;42807;Priority 4;NA
SEC;EES;SEC;SR;OK;42807,78354;Priority 3;NA
SEC;EES;SEC;SR;OK;42808,46588;Priority 3;NA
SEC;EES;SEC;SR;OK;42808,72069;Priority 3;NA
SEC;EES;SEC;SR;OK;42809,69553;Priority 3;NA
SEC;EES;SEC;SR;OK;42810,56586;Priority 3;NA
SEC;EES;SEC;SR;OK;42810,73509;Priority 3;NA
SEC;EES;SEC;SR;OK;42810,7506;Priority 3;NA
SEC;EES;SEC;SR;OK;42810,75074;Priority 3;NA
SEC;EES;SEC;SR;OK;42810,75088;Priority 3;NA
SEC;EES;SEC;SR;OK;42811,62609;Priority 3;NA
SEC;EES;SEC;SR;OK;42811,72287;Priority 3;NA
SEC;EES;SEC;SR;OK;42811,7426;Priority 3;NA
SEC;EES;SEC;SR;OK;42811,74272;Priority 3;NA
SEC;EES;SEC;SR;OK;42811,74439;Priority 3;NA
SEC;EES;SEC;SR;OK;42811,97003;Priority 3;NA
SEC;LAT;SEC;SR;OK;42812;Priority 4;NA
SEC;EES;SEC;SR;OK;42815,52999;Priority 3;NA
SEC;EES;SEC;SR;OK;42815,752;Priority 3;NA
SEC;EES;SEC;SR;OK;42815,7527;Priority 3;NA
SEC;LAT;SEC;SR;OK;42816;Priority 4;NA
SEC;EES;SEC;SR;OK;42816,35043;Priority 3;NA
SEC;EES;SEC;SR;OK;42816,62484;Priority 3;NA
SEC;EES;SEC;SR;OK;42816,62613;Priority 3;NA
SEC;EES;SEC;SR;OK;42816,62628;Priority 3;NA
SEC;EES;SEC;SR;OK;42816,70485;Priority 3;NA
SEC;EES;SEC;SR;OK;42817,39855;Priority 3;NA
SEC;EES;SEC;SR;OK;42817,43242;Priority 3;NA
SEC;EES;SEC;SR;OK;42817,48161;Priority 3;NA
SEC;EES;SEC;SR;OK;42817,57007;Priority 3;NA
SEC;EES;SEC;SR;OK;42817,61677;Priority 3;NA
SEC;EES;SEC;SR;OK;42818,05237;Priority 3;NA
SEC;EES;SEC;SR;OK;42818,06078;Priority 3;NA
SEC;LAT;SEC;SR;OK;42819;Priority 4;NA
SEC;LAT;SEC;SR;OK;42825;Priority 4;NA
None;EES;SEC;SR;OK;42829,18002;Priority 3;NA
None;EES;SEC;SR;OK;42829,36396;Priority 3;NA
None;EES;SEC;SR;OK;42831,52483;Priority 3;NA
None;EES;SEC;SR;OK;42831,58854;Priority 3;NA
None;EES;SEC;SR;OK;42831,63487;Priority 3;NA
None;EES;SEC;SR;OK;42831,68125;Priority 3;NA
None;EES;SEC;SR;OK;42832,4963;Priority 3;NA
None;EES;SEC;SR;OK;42832,75231;Priority 3;NA
None;EES;SEC;SR;OK;42833,12208;Priority 3;NA
None;EES;SEC;SR;OK;42834,10911;Priority 3;NA
SEC;LAT;SEC;SR;OK;42836;Priority 4;NA
None;EES;SEC;SR;OK;42836,04815;Priority 3;NA
SEC;LAT;SEC;SR;OK;42837;Priority 4;NA
None;EES;SEC;SR;OK;42837,52883;Priority 3;NA
None;EES;SEC;SR;OK;42837,52911;Priority 3;NA
None;EES;SEC;SR;OK;42837,52938;Priority 3;NA
None;EES;SEC;SR;OK;42837,60206;Priority 3;NA
None;EES;SEC;SR;OK;42837,60288;Priority 3;NA
None;EES;SEC;SR;OK;42838,44234;Priority 3;NA
SEC;LAT;SEC;SR;OK;42839;Priority 4;NA
None;EES;SEC;SR;OK;42842,98912;Priority 3;NA
None;EES;SEC;SR;OK;42842,98986;Priority 3;NA
None;EES;SEC;SR;OK;42842,99016;Priority 3;NA
None;EES;SEC;SR;OK;42842,99081;Priority 3;NA
None;EES;SEC;SR;OK;42842,99116;Priority 3;NA
None;EES;SEC;SR;OK;42842,99219;Priority 3;NA
None;EES;SEC;SR;OK;42842,99253;Priority 3;NA
None;EES;SEC;SR;OK;42842,99512;Priority 3;NA
None;EES;SEC;SR;OK;42842,99603;Priority 3;NA
None;EES;SEC;SR;OK;42842,99706;Priority 3;NA
None;EES;SEC;SR;OK;42842,99736;Priority 3;NA
SEC;LAT;SEC;SR;OK;42843;Priority 4;NA
None;EES;SEC;SR;OK;42843,00068;Priority 3;NA
SEC;EES;SEC;SR;OK;42843,57809;Priority 3;NA
SEC;EES;SEC;SR;OK;42844,83625;Priority 3;NA
None;EES;SEC;SR;OK;42844,94193;Priority 3;NA
SEC;LAT;SEC;SR;OK;42845;Priority 4;NA
SEC;EES;SEC;SR;OK;42845,47725;Priority 3;NA
SEC;EES;SEC;SR;OK;42845,654;Priority 3;NA
SEC;EES;SEC;SR;OK;42845,66439;Priority 3;NA
SEC;EES;SEC;SR;OK;42846,63426;Priority 3;NA
SEC;LAT;SEC;SR;OK;42848;Priority 4;NA
SEC;LAT;SEC;SR;OK;42850;Priority 4;NA
SEC;LAT;SEC;SR;OK;42852;Priority 4;NA
SEC;EES;SEC;SR;OK;42856,62126;Priority 3;NA
SEC;EES;SEC;SR;OK;42857,40394;Priority 3;NA
SEC;EES;SEC;SR;OK;42857,40453;Priority 3;NA
SEC;EES;SEC;SR;OK;42857,40786;Priority 3;NA
SEC;EES;SEC;SR;OK;42863,55779;Priority 3;NA
SEC;EES;SEC;SR;OK;42863,56112;Priority 3;NA
SEC;EES;SEC;SR;OK;42863,59333;Priority 3;NA
SEC;EES;SEC;SR;OK;42863,65396;Priority 3;NA
SEC;EES;SEC;SR;OK;42864,65396;Priority 3;NA
SEC;EES;SEC;SR;OK;42865,65396;Priority 3;NA
SEC;EES;SEC;SR;OK;42866,65396;Priority 3;NA
None;EES;SEC;SR;OK;42867,55779;Priority 3;NA
SEC;EES;SEC;SR;OK;42867,55779;Priority 3;NA
SEC;EES;SEC;SR;OK;42867,55779;Priority 3;NA
SEC;EES;SEC;SR;OK;42867,55779;Priority 3;NA
SEC;EES;SEC;SR;OK;42867,55779;Priority 3;NA
SEC;LAT;SEC;SR;OK;42869;Priority 4;NA
None;EES;SEC;SR;OK;42877,49922;Priority 3;NA
SEC;LAT;SEC;SR;OK;42882;Priority 4;NA
SEC;LAT;SEC;SR;Defect;42889;Priority 4;NA
SEC;LAT;SEC;SR;OK;42894;Priority 3;NA
SEC;LAT;SEC;SR;Defect;42895;Priority 4;NA
SEC;LAT;SEC;SR;OK;42900;Priority 4;NA
SEC;LAT;SEC;SR;OK;42901;Priority 4;NA
SEC;LAT;SEC;SR;OK;42904;Priority 4;NA
SEC;LAT;SEC;SR;OK;42906;Priority 4;NA
SEC;LAT;SEC;SR;OK;42914;Priority 4;NA
SEC;LAT;SEC;SR;OK;42915;Priority 4;NA
SEC;LAT;SEC;SR;OK;42916;Priority 4;NA
SEC;LAT;SEC;SR;OK;42920;Priority 4;NA
SEC;LAT;SEC;SR;OK;42934;Priority 4;NA
SEC;LAT;SEC;SR;OK;42946;Priority 4;NA
SEC;LAT;SEC;SR;OK;42949;Priority 4;NA
SEC;LAT;SEC;SR;OK;42954;Priority 4;NA
SEC;LAT;SEC;SR;OK;42963;Priority 4;NA
SEC;LAT;SEC;SR;OK;42969;Priority 4;NA
SEC;LAT;SEC;SR;OK;42989;Priority 4;NA
SEC;LAT;SEC;SR;OK;42990;Priority 4;NA
SEC;LAT;SEC;SR;OK;42994;Priority 4;NA
SEC;LAT;SEC;SR;OK;43093;Priority 4;NA
SEC;LAT;SEC;SR;OK;43095;Priority 4;NA
SEC;LAT;SEC;SR;OK;43097;Priority 4;NA
SEC;LAT;SEC;SR;OK;43106;Priority 4;NA
SEC;LAT;SEC;SR;OK;43107;Priority 4;NA
SEC;LAT;SEC;SR;OK;43108;Priority 4;NA
SEC;LAT;SEC;SR;OK;43110;Priority 4;NA
SEC;LAT;SEC;SR;OK;43126;Priority 4;NA
SEC;LAT;SEC;SR;OK;43127;Priority 4;NA
SEC;LAT;SEC;SR;OK;43136;Priority 4;NA
SEC;LAT;SEC;SR;OK;43145;Priority 4;NA
SEC;LAT;SEC;SR;OK;43147;Priority 4;NA
SEC;LAT;SEC;SR;OK;43182;Priority 4;NA
SEC;LAT;SEC;SR;OK;43190;Priority 4;NA
SEC;LAT;SEC;SR;OK;43196;Priority 4;NA
SEC;LAT;SEC;SR;OK;43210;Priority 4;NA
SEC;LAT;SEC;SR;OK;43218;Priority 4;NA
SEC;LAT;SEC;SR;OK;43324;Priority 4;NA
SEC;LAT;SEC;SR;OK;43325;Priority 4;NA
SEC;LAT;SEC;SR;OK;43326;Priority 4;NA
SEC;LAT;SEC;SR;OK;43327;Priority 4;NA
SEC;LAT;SEC;SR;OK;43328;Priority 4;NA
SEC;LAT;SEC;SR;Defect;43329;Priority 4;NA
SEC;LAT;SEC;SR;OK;43330;Priority 4;NA
SEC;LAT;SEC;SR;OK;43335;Priority 4;NA
SEC;LAT;SEC;SR;OK;43337;Priority 4;NA
SEC;LAT;SEC;SR;OK;43340;Priority 4;NA
SEC;LAT;SEC;SR;OK;43341;Priority 4;NA
SEC;LAT;SEC;SR;OK;43342;Priority 4;NA
SEC;LAT;SEC;SR;OK;43343;Priority 4;NA
SEC;LAT;SEC;SR;OK;43344;Priority 4;NA
SEC;LAT;SEC;SR;OK;43345;Priority 4;NA
SEC;LAT;SEC;SR;OK;43346;Priority 4;NA
SEC;LAT;SEC;SR;OK;43349;Priority 4;NA
SEC;LAT;SEC;SR;OK;43351;Priority 4;NA
SEC;LAT;SEC;SR;OK;43355;Priority 4;NA
SEC;LAT;SEC;SR;OK;43357;Priority 4;NA
SEC;LAT;SEC;SR;OK;43360;Priority 4;NA
SEC;LAT;SEC;SR;OK;43361;Priority 4;NA
SEC;LAT;SEC;SR;OK;43363;Priority 4;NA
SEC;LAT;SEC;SR;OK;43365;Priority 4;NA
SEC;LAT;SEC;SR;OK;43368;Priority 4;NA
SEC;LAT;SEC;SR;OK;43369;Priority 4;NA
SEC;LAT;SEC;SR;OK;43381;Priority 4;NA
SEC;LAT;SEC;SR;OK;43382;Priority 4;NA
SEC;LAT;SEC;SR;OK;43383;Priority 4;NA
SEC;LAT;SEC;SR;OK;43385;Priority 4;NA
SEC;LAT;SEC;SR;OK;43386;Priority 4;NA
SEC;LAT;SEC;SR;OK;43387;Priority 4;NA
SEC;LAT;SEC;SR;OK;43389;Priority 4;NA
SEC;LAT;SEC;SR;Defect;43390;Priority 4;NA
SEC;LAT;SEC;SR;OK;43393;Priority 4;NA
SEC;LAT;SEC;SR;OK;43394;Priority 4;NA
SEC;LAT;SEC;SR;OK;43396;Priority 4;NA
SEC;LAT;SEC;SR;OK;43397;Priority 4;NA
SEC;LAT;SEC;SR;OK;43398;Priority 4;NA
SEC;LAT;SEC;SR;OK;43399;Priority 4;NA
SEC;LAT;SEC;SR;OK;43400;Priority 4;NA
SEC;LAT;SEC;SR;OK;43401;Priority 4;NA
SEC;LAT;SEC;SR;OK;43404;Priority 4;NA
SEC;LAT;SEC;SR;OK;43406;Priority 4;NA
SEC;LAT;SEC;SR;OK;43408;Priority 4;NA
SEC;LAT;SEC;SR;OK;43409;Priority 4;NA
SEC;LAT;SEC;SR;OK;43410;Priority 4;NA
SEC;LAT;SEC;SR;OK;43411;Priority 4;NA
SEC;LAT;SEC;SR;OK;43412;Priority 4;NA
SEC;LAT;SEC;SR;OK;43413;Priority 4;NA
SEC;LAT;SEC;SR;OK;43415;Priority 4;NA
SEC;LAT;SEC;SR;OK;43416;Priority 4;NA
SEC;LAT;SEC;SR;OK;43418;Priority 4;NA
SEC;LAT;SEC;SR;OK;43420;Priority 4;NA
SEC;LAT;SEC;SR;OK;43421;Priority 4;NA
SEC;LAT;SEC;SR;OK;43422;Priority 4;NA
SEC;LAT;SEC;SR;OK;43424;Priority 4;NA
SEC;LAT;SEC;SR;OK;43426;Priority 4;NA
SEC;LAT;SEC;SR;OK;43427;Priority 4;NA
SEC;LAT;SEC;SR;OK;43436;Priority 4;NA
SEC;LAT;SEC;SR;OK;43437;Priority 4;NA
SEC;LAT;SEC;SR;OK;43438;Priority 4;NA
SEC;LAT;SEC;SR;OK;43439;Priority 4;NA
SEC;LAT;SEC;SR;OK;43441;Priority 4;NA
SEC;LAT;SEC;SR;OK;43442;Priority 4;NA
SEC;LAT;SEC;SR;OK;43444;Priority 4;NA
SEC;LAT;SEC;SR;OK;43447;Priority 4;NA
SEC;LAT;SEC;SR;OK;43448;Priority 4;NA
SEC;LAT;SEC;SR;OK;43450;Priority 4;NA
SEC;LAT;SEC;SR;OK;43452;Priority 4;NA
SEC;LAT;SEC;SR;OK;43453;Priority 4;NA
SEC;LAT;SEC;SR;OK;43455;Priority 4;NA
SEC;LAT;SEC;SR;OK;43458;Priority 4;NA
SEC;LAT;SEC;SR;OK;43460;Priority 4;NA
SEC;LAT;SEC;SR;OK;43461;Priority 4;NA
SEC;LAT;SEC;SR;OK;43463;Priority 4;NA
SEC;LAT;SEC;SR;OK;43467;Priority 4;NA
SEC;LAT;SEC;SR;OK;43469;Priority 4;NA
SEC;LAT;SEC;SR;OK;43470;Priority 4;NA
SEC;LAT;SEC;SR;OK;43471;Priority 4;NA
SEC;LAT;SEC;SR;OK;43472;Priority 4;NA
SEC;LAT;SEC;SR;OK;43474;Priority 4;NA
SEC;LAT;SEC;SR;OK;43478;Priority 4;NA
SEC;LAT;SEC;SR;OK;43479;Priority 4;NA
SEC;LAT;SEC;SR;OK;43482;Priority 4;NA
SEC;LAT;SEC;SR;OK;43483;Priority 4;NA
SEC;LAT;SEC;SR;OK;43485;Priority 4;NA
SEC;LAT;SEC;SR;OK;43486;Priority 4;NA
SEC;LAT;SEC;SR;OK;43491;Priority 4;NA
SEC;LAT;SEC;SR;OK;43492;Priority 4;NA
SEC;LAT;SEC;SR;OK;43493;Priority 4;NA
SEC;LAT;SEC;SR;OK;43494;Priority 4;NA
SEC;LAT;SEC;SR;OK;43496;Priority 4;NA
SEC;LAT;SEC;SR;OK;43497;Priority 4;NA
SEC;LAT;SEC;SR;OK;43498;Priority 4;NA
SEC;LAT;SEC;SR;OK;43500;Priority 4;NA
SEC;LAT;SEC;SR;OK;43501;Priority 4;NA
SEC;LAT;SEC;SR;OK;43502;Priority 4;NA
SEC;LAT;SEC;SR;OK;43503;Priority 4;NA
SEC;LAT;SEC;SR;OK;43505;Priority 4;NA
SEC;LAT;SEC;SR;OK;43508;Priority 4;NA
SEC;LAT;SEC;SR;OK;43509;Priority 4;NA
SEC;LAT;SEC;SR;OK;43510;Priority 4;NA
SEC;LAT;SEC;SR;OK;43511;Priority 4;NA
SEC;LAT;SEC;SR;OK;43512;Priority 4;NA
SEC;LAT;SEC;SR;OK;43513;Priority 4;NA
SEC;LAT;SEC;SR;OK;43514;Priority 4;NA
SEC;LAT;SEC;SR;OK;43516;Priority 4;NA
SEC;LAT;SEC;SR;OK;43518;Priority 4;NA
SEC;LAT;SEC;SR;OK;43519;Priority 4;NA
SEC;LAT;SEC;SR;OK;43523;Priority 4;NA
SEC;LAT;SEC;SR;OK;43524;Priority 4;NA
SEC;LAT;SEC;SR;OK;43525;Priority 4;NA
SEC;LAT;SEC;SR;OK;43527;Priority 4;NA
SEC;LAT;SEC;SR;OK;43533;Priority 4;NA
SEC;LAT;SEC;SR;OK;43534;Priority 4;NA
SEC;LAT;SEC;SR;OK;43535;Priority 4;NA
SEC;LAT;SEC;SR;OK;43537;Priority 4;NA
SEC;LAT;SEC;SR;OK;43538;Priority 4;NA
SEC;LAT;SEC;SR;OK;43539;Priority 4;NA
SEC;LAT;SEC;SR;OK;43542;Priority 4;NA
SEC;LAT;SEC;SR;OK;43543;Priority 4;NA
SEC;LAT;SEC;SR;OK;43545;Priority 4;NA
SEC;LAT;SEC;SR;OK;43550;Priority 4;NA
SEC;LAT;SEC;SR;OK;43552;Priority 4;NA
SEC;LAT;SEC;SR;OK;43553;Priority 4;NA
SEC;LAT;SEC;SR;OK;43554;Priority 4;NA
SEC;LAT;SEC;SR;OK;43555;Priority 4;NA
SEC;LAT;SEC;SR;OK;43556;Priority 4;NA
SEC;LAT;SEC;SR;OK;43559;Priority 4;NA
SEC;LAT;SEC;SR;OK;43560;Priority 4;NA
SEC;LAT;SEC;SR;OK;43562;Priority 4;NA
SEC;LAT;SEC;SR;OK;43576;Priority 4;NA
SEC;LAT;SEC;SR;OK;43578;Priority 4;NA
SEC;LAT;SEC;SR;OK;43580;Priority 4;NA
SEC;LAT;SEC;SR;Defect;43581;Priority 4;NA
SEC;LAT;SEC;SR;OK;43585;Priority 4;NA
SEC;LAT;SEC;SR;OK;43588;Priority 4;NA
SEC;LAT;SEC;SR;OK;43592;Priority 4;NA
SEC;LAT;SEC;SR;OK;43593;Priority 4;NA
SEC;LAT;SEC;SR;OK;43594;Priority 4;NA
SEC;LAT;SEC;SR;OK;43595;Priority 4;NA
SEC;LAT;SEC;SR;OK;43596;Priority 4;NA
SEC;LAT;SEC;SR;OK;43598;Priority 4;NA
SEC;LAT;SEC;SR;OK;43600;Priority 4;NA
SEC;LAT;SEC;SR;OK;43601;Priority 4;NA
SEC;LAT;SEC;SR;OK;43602;Priority 4;NA
SEC;LAT;SEC;SR;OK;43603;Priority 4;NA
SEC;LAT;SEC;SR;OK;43604;Priority 4;NA
SEC;LAT;SEC;SR;OK;43605;Priority 4;NA
SEC;LAT;SEC;SR;OK;43606;Priority 4;NA
SEC;LAT;SEC;SR;OK;43607;Priority 4;NA
SEC;LAT;SEC;SR;OK;43618;Priority 4;NA
SEC;LAT;SEC;SR;OK;43620;Priority 4;NA
SEC;LAT;SEC;SR;OK;43626;Priority 4;NA
SEC;LAT;SEC;SR;OK;43627;Priority 4;NA
SEC;LAT;SEC;SR;OK;43628;Priority 4;NA
SEC;LAT;SEC;SR;Defect;43630;Priority 4;NA
SEC;LAT;SEC;SR;OK;43632;Priority 4;NA
SEC;LAT;SEC;SR;OK;43633;Priority 4;NA
SEC;LAT;SEC;SR;OK;43636;Priority 4;NA
SEC;LAT;SEC;SR;OK;43642;Priority 4;NA
SEC;LAT;SEC;SR;OK;43644;Priority 4;NA
SEC;LAT;SEC;SR;OK;43645;Priority 4;NA
SEC;LAT;SEC;SR;OK;43646;Priority 4;NA
SEC;LAT;SEC;SR;Defect;43647;Priority 4;NA
SEC;LAT;SEC;SR;OK;43650;Priority 4;NA
SEC;LAT;SEC;SR;OK;43651;Priority 4;NA
SEC;LAT;SEC;SR;OK;43653;Priority 4;NA
SEC;LAT;SEC;SR;OK;43660;Priority 4;NA
SEC;LAT;SEC;SR;OK;43661;Priority 4;NA
SEC;LAT;SEC;SR;Defect;43663;Priority 4;NA
SEC;LAT;SEC;SR;OK;43664;Priority 4;NA
SEC;LAT;SEC;SR;OK;43665;Priority 4;NA
SEC;LAT;SEC;SR;OK;43668;Priority 4;NA
SEC;LAT;SEC;SR;OK;43669;Priority 4;NA
SEC;LAT;SEC;SR;OK;43671;Priority 4;NA
SEC;LAT;SEC;SR;OK;43672;Priority 4;NA
SEC;LAT;SEC;SR;OK;43675;Priority 4;NA
SEC;LAT;SEC;SR;OK;43677;Priority 4;NA
SEC;LAT;SEC;SR;OK;43681;Priority 4;NA
SEC;LAT;SEC;SR;OK;43682;Priority 4;NA
SEC;LAT;SEC;SR;Defect;43683;Priority 4;NA
SEC;LAT;SEC;SR;Defect;43685;Priority 4;NA
SEC;LAT;SEC;SR;Defect;43687;Priority 4;NA
SEC;LAT;SEC;SR;OK;43692;Priority 4;NA
SEC;LAT;SEC;SR;OK;43693;Priority 4;NA
SEC;LAT;SEC;SR;OK;43694;Priority 4;NA
SEC;LAT;SEC;SR;OK;43695;Priority 4;NA
SEC;LAT;SEC;SR;OK;43696;Priority 4;NA
SEC;LAT;SEC;SR;OK;43697;Priority 4;NA
SEC;LAT;SEC;SR;OK;43698;Priority 4;NA
SEC;LAT;SEC;SR;OK;43699;Priority 4;NA
SEC;LAT;SEC;SR;OK;43700;Priority 4;NA
SEC;LAT;SEC;BULK;OK;43707;Priority 4;NA
SEC;LAT;SEC;BULK;OK;43708;Priority 4;NA
SEC;LAT;SEC;BULK;OK;43710;Priority 4;NA
SEC;LAT;SEC;BULK;OK;43711;Priority 4;NA
SEC;LAT;SEC;BULK;OK;43712;Priority 4;NA
SEC;LAT;SEC;BULK;OK;43715;Priority 4;NA
SEC;LAT;SEC;BULK;OK;43716;Priority 4;NA
SEC;LAT;SEC;BULK;OK;43717;Priority 4;NA
SEC;LAT;SEC;BULK;OK;43720;Priority 4;NA
SEC;LAT;SEC;BULK;Defect;43721;Priority 4;NA
SEC;LAT;SEC;BULK;OK;43724;Priority 4;NA
SEC;LAT;SEC;BULK;OK;43728;Priority 4;NA
SEC;LAT;SEC;BULK;OK;43729;Priority 4;NA
SEC;LAT;SEC;BULK;OK;43730;Priority 4;NA
SEC;LAT;SEC;BULK;OK;43731;Priority 4;NA
SEC;LAT;SEC;SR;Defect;43734;Priority 4;NA
SEC;LAT;SEC;SR;OK;43735;Priority 4;NA
SEC;LAT;SEC;SR;OK;43736;Priority 4;NA
SEC;LAT;SEC;SR;OK;43738;Priority 4;NA
SEC;LAT;SEC;SR;OK;43740;Priority 4;NA
SEC;LAT;SEC;SR;OK;43743;Priority 4;NA
FUN;DCF;FUN;INC;OK;141867;Priority 2;NA
TEC;DCF;TEC;INC;OK;141870;Priority 3;NA
DCF;DCF;FUN;INC;OK;141871;Priority 2;NA
FUN;DCF;FUN;INC;OK;141874;Priority 2;NA
FUN;DCF;FUN;INC;OK;141875;Priority 2;NA
DCF;DCF;FUN;INC;OK;141879;Priority 2;NA
TEC;DCF;TEC;INC;OK;141881;Priority 2;NA
TEC;DCF;TEC;INC;OK;141888;Priority 2;NA
APS;DCF;APS;INC;OK;141892;Priority 3;NA
DCF;DCF;FUN;INC;OK;141899;Priority 3;NA
DCF;DCF;FUN;INC;OK;141907;Priority 4;NA
DCF;DCF;FUN;INC;OK;141910;Priority 3;NA
TEC;DCF;TEC;INC;OK;141913;Priority 3;NA
APS;DCF;APS;INC;OK;141917;Priority 3;NA
DCF;DCF;FUN;INC;OK;141923;Priority 3;NA
FUN;DCF;FUN;INC;OK;141957;Priority 4;NA
TEC;DCF;TEC;INC;OK;141962;Priority 3;NA
APS;DCF;APS;INC;OK;141967;Priority 3;NA
FUN;DCF;FUN;INC;Defect;141980;Priority 3;NA
FUN;DCF;FUN;INC;OK;141988;Priority 2;NA
DCF;DCF;FUN;INC;OK;141994;Priority 4;NA
DCF;DCF;FUN;INC;OK;141999;Priority 3;NA
DCF;DCF;FUN;INC;OK;142004;Priority 4;NA
DCF;DCF;FUN;INC;OK;142011;Priority 3;NA
FUN;DCF;FUN;INC;Defect;142017;Priority 3;NA
FUN;DCF;FUN;INC;OK;142021;Priority 3;NA
TEC;DCF;TEC;INC;OK;142032;Priority 3;NA
DCF;DCF;FUN;INC;OK;142033;Priority 4;NA
FUN;DCF;FUN;INC;OK;142036;Priority 3;NA
DCF;DCF;FUN;INC;OK;142040;Priority 3;NA
DCF;DCF;FUN;INC;OK;142042;Priority 3;NA
FUN;DCF;FUN;INC;OK;142045;Priority 4;NA
FUN;DCF;FUN;INC;OK;142059;Priority 3;NA
DCF;DCF;FUN;INC;OK;142068;Priority 3;NA
DCF;DCF;FUN;INC;OK;142073;Priority 3;NA
DCF;DCF;FUN;INC;OK;142076;Priority 4;NA
FUN;DCF;FUN;INC;OK;142114;Priority 3;NA
FUN;DCF;FUN;INC;OK;142115;Priority 2;NA
DCF;DCF;FUN;INC;OK;142122;Priority 3;NA
DCF;DCF;FUN;INC;OK;142125;Priority 3;NA
DCF;DCF;FUN;INC;OK;142126;Priority 4;NA
APS;DCF;APS;INC;OK;142127;Priority 3;NA
DCF;DCF;FUN;INC;OK;142139;Priority 4;NA
APS;DCF;APS;INC;OK;142140;Priority 3;NA
TEC;DCF;TEC;INC;OK;142142;Priority 3;NA
FUN;DCF;FUN;INC;OK;142151;Priority 3;NA
DCF;DCF;FUN;INC;OK;142157;Priority 4;NA
DCF;DCF;FUN;INC;OK;142160;Priority 3;NA
DCF;DCF;FUN;INC;OK;142165;Priority 3;NA
DCF;DCF;FUN;INC;OK;142168;Priority 3;NA
TEC;DCF;TEC;INC;OK;142174;Priority 3;NA
FUN;DCF;FUN;INC;OK;142180;Priority 3;NA
FUN;DCF;FUN;INC;OK;142182;Priority 4;NA
DCF;DCF;FUN;INC;OK;142191;Priority 3;NA
DCF;DCF;FUN;INC;OK;142192;Priority 3;NA
TEC;DCF;TEC;INC;OK;142200;Priority 3;NA
DCF;DCF;FUN;INC;OK;142211;Priority 3;NA
DCF;DCF;FUN;INC;OK;142227;Priority 4;NA
DCF;DCF;FUN;INC;OK;142246;Priority 3;NA
FUN;DCF;FUN;INC;OK;142249;Priority 3;NA
FUN;DCF;FUN;INC;OK;142251;Priority 2;NA
TEC;DCF;TEC;INC;OK;142262;Priority 2;NA
FUN;DCF;FUN;INC;OK;142265;Priority 3;NA
FUN;DCF;FUN;INC;OK;142279;Priority 3;NA
APS;DCF;APS;INC;OK;142310;Priority 3;NA
FUN;DCF;TEC;INC;OK;142327;Priority 3;NA
FUN;DCF;FUN;INC;OK;142335;Priority 3;NA
TEC;DCF;TEC;INC;OK;142340;Priority 3;NA
FUN;DCF;TEC;INC;OK;142341;Priority 3;NA
DCF;DCF;FUN;INC;OK;142349;Priority 3;NA
TEC;DCF;TEC;INC;OK;142350;Priority 3;NA
DCF;DCF;FUN;INC;OK;142351;Priority 3;NA
FUN;DCF;TEC;INC;Defect;142355;Priority 3;NA
TEC;DCF;TEC;INC;OK;142366;Priority 3;NA
DCF;DCF;FUN;INC;OK;142389;Priority 3;NA
DCF;DCF;FUN;INC;OK;142394;Priority 3;NA
DCF;DCF;FUN;INC;OK;142398;Priority 4;NA
DCF;DCF;FUN;INC;OK;142404;Priority 3;NA
SEC;DCF;SEC;SR;OK;142419;Priority 4;NA
DCF;DCF;FUN;INC;OK;142431;Priority 3;NA
DCF;DCF;FUN;INC;OK;142443;Priority 4;NA
FUN;DCF;FUN;INC;OK;142452;Priority 4;NA
FUN;DCF;TEC;SR;Defect;142465;Priority 3;NA
FUN;DCF;FUN;INC;OK;142467;Priority 3;NA
DCF;DCF;FUN;INC;OK;142487;Priority 4;NA
FUN;DCF;FUN;SR;OK;142502;Priority 4;NA
SEC;DCF;SEC;SR;Defect;142515;Priority 3;NA
SEC;DCF;SEC;SR;OK;142521;Priority 4;NA
APS;DCF;APS;INC;OK;142528;Priority 4;NA
SEC;DCF;SEC;SR;OK;142530;Priority 4;NA
DCF;DCF;FUN;INC;OK;142541;Priority 4;NA
DCF;DCF;FUN;SR;OK;142553;Priority 3;NA
SEC;DCF;SEC;SR;OK;142558;Priority 4;NA
FUN;DCF;FUN;SR;OK;142560;Priority 3;NA
FUN;DCF;FUN;SR;OK;142563;Priority 3;NA
DCF;DCF;FUN;INC;Defect;142571;Priority 3;NA
SEC;DCF;SEC;SR;OK;142603;Priority 4;NA
APS;DCF;APS;SR;OK;142604;Priority 3;NA
DCF;DCF;FUN;INC;OK;142605;Priority 3;NA
DCF;DCF;FUN;SR;OK;142608;Priority 3;NA
APS;DCF;APS;INC;OK;142609;Priority 3;NA
SEC;DCF;SEC;SR;OK;142613;Priority 4;NA
APS;DCF;APS;INC;OK;142615;Priority 3;NA
DCF;DCF;FUN;INC;OK;142616;Priority 4;NA
SEC;DCF;SEC;SR;Defect;142619;Priority 2;NA
TEC;DCF;TEC;INC;OK;142620;Priority 3;NA
APS;DCF;APS;SR;OK;142623;Priority 3;NA
FUN;DCF;FUN;INC;OK;142624;Priority 3;NA
APS;DCF;APS;INC;Defect;142630;Priority 1;NA
FUN;DCF;FUN;SR;OK;142634;Priority 3;NA
SEC;DCF;SEC;SR;OK;142635;Priority 4;NA
DCF;DCF;FUN;INC;OK;142639;Priority 3;NA
DCF;DCF;FUN;INC;OK;142642;Priority 3;NA
DCF;DCF;FUN;SR;Defect;142648;Priority 3;NA
DCF;DCF;FUN;INC;OK;142649;Priority 4;NA
DCF;DCF;FUN;INC;OK;142651;Priority 3;NA
FUN;DCF;FUN;SR;OK;142652;Priority 3;NA
DCF;DCF;FUN;INC;OK;142653;Priority 4;NA
SEC;DCF;SEC;SR;OK;142654;Priority 4;NA
TEC;DCF;TEC;INC;OK;142657;Priority 3;NA
FUN;DCF;FUN;SR;Defect;142659;Priority 3;NA
FUN;DCF;FUN;SR;OK;142664;Priority 3;NA
SEC;DCF;SEC;SR;OK;142665;Priority 4;NA
FUN;DCF;FUN;INC;OK;142670;Priority 4;NA
DCF;DCF;FUN;INC;Defect;142671;Priority 3;NA
FUN;DCF;FUN;INC;OK;142673;Priority 3;NA
DCF;DCF;FUN;INC;OK;142674;Priority 3;NA
SEC;DCF;SEC;SR;OK;142678;Priority 3;NA
DCF;DCF;FUN;SR;OK;142679;Priority 4;NA
SEC;DCF;SEC;SR;Defect;142680;Priority 3;NA
TEC;DCF;TEC;INC;OK;142681;Priority 3;NA
SEC;DCF;SEC;SR;OK;142683;Priority 4;NA
SEC;DCF;SEC;SR;OK;142687;Priority 4;NA
SEC;DCF;SEC;SR;OK;142689;Priority 4;NA
SEC;DCF;SEC;SR;OK;142691;Priority 4;NA
DCF;DCF;FUN;SR;OK;142692;Priority 4;NA
DCF;DCF;FUN;SR;OK;142693;Priority 3;NA
SEC;DCF;SEC;SR;OK;142696;Priority 4;NA
FUN;DCF;TEC;INC;OK;142697;Priority 3;NA
SEC;DCF;SEC;SR;OK;142700;Priority 4;NA
SEC;DCF;SEC;SR;OK;142707;Priority 4;NA
FUN;DCF;FUN;SR;Defect;142710;Priority 3;NA
FUN;DCF;FUN;INC;OK;142711;Priority 3;NA
SEC;DCF;SEC;SR;OK;142713;Priority 4;NA
DCF;DCF;FUN;INC;OK;142719;Priority 3;NA
TEC;DCF;TEC;INC;OK;142721;Priority 1;NA
FUN;DCF;TEC;INC;OK;142729;Priority 1;NA
SEC;DCF;SEC;SR;OK;142731;Priority 4;NA
SEC;DCF;SEC;SR;OK;142732;Priority 4;NA
SEC;DCF;SEC;SR;OK;142733;Priority 4;NA
FUN;DCF;FUN;SR;Defect;142735;Priority 3;NA
DCF;DCF;FUN;INC;OK;142747;Priority 3;NA
DCF;DCF;FUN;INC;OK;142749;Priority 3;NA
DCF;DCF;FUN;SR;OK;142753;Priority 3;NA
FUN;DCF;FUN;INC;OK;142754;Priority 4;NA
DCF;DCF;FUN;INC;OK;142755;Priority 4;NA
SEC;DCF;SEC;SR;OK;142756;Priority 4;NA
DCF;DCF;FUN;SR;OK;142758;Priority 4;NA
SEC;DCF;SEC;SR;OK;142761;Priority 4;NA
DCF;DCF;FUN;INC;OK;142762;Priority 3;NA
TEC;DCF;TEC;INC;OK;142763;Priority 3;NA
FUN;DCF;FUN;SR;OK;142764;Priority 3;NA
SEC;DCF;SEC;SR;OK;142765;Priority 4;NA
DCF;DCF;FUN;SR;Defect;142766;Priority 3;NA
SEC;DCF;SEC;SR;OK;142768;Priority 4;NA
SEC;DCF;SEC;SR;OK;142771;Priority 4;NA
FUN;DCF;FUN;SR;OK;142772;Priority 3;NA
APS;DCF;APS;SR;OK;142773;Priority 3;NA
DCF;DCF;FUN;INC;OK;142776;Priority 4;NA
DCF;DCF;FUN;INC;OK;142781;Priority 3;NA
DCF;DCF;FUN;INC;OK;142782;Priority 3;NA
DCF;DCF;FUN;INC;OK;142783;Priority 3;NA
SEC;DCF;SEC;SR;Defect;142784;Priority 3;NA
SEC;DCF;SEC;SR;OK;142786;Priority 4;NA
SEC;DCF;SEC;SR;OK;142787;Priority 4;NA
SEC;DCF;SEC;SR;OK;142789;Priority 4;NA
DCF;DCF;FUN;INC;OK;142790;Priority 3;NA
SEC;DCF;SEC;SR;OK;142791;Priority 3;NA
DCF;DCF;FUN;SR;OK;142797;Priority 4;NA
FUN;DCF;FUN;INC;OK;142800;Priority 3;NA
SEC;DCF;SEC;SR;OK;142801;Priority 4;NA
DCF;DCF;FUN;SR;OK;142806;Priority 3;NA
APS;DCF;APS;INC;OK;142807;Priority 3;NA
SEC;DCF;SEC;SR;OK;142808;Priority 4;NA
DCF;DCF;FUN;INC;OK;142809;Priority 3;NA
FUN;DCF;FUN;SR;OK;142812;Priority 3;NA
FUN;DCF;FUN;INC;OK;142816;Priority 3;NA
SEC;DCF;SEC;SR;OK;142823;Priority 4;NA
SEC;DCF;SEC;SR;OK;142827;Priority 4;NA
DCF;DCF;FUN;INC;OK;142829;Priority 2;NA
SEC;DCF;SEC;SR;OK;142831;Priority 4;NA
DCF;DCF;FUN;SR;OK;142833;Priority 3;NA
DCF;DCF;FUN;INC;OK;142834;Priority 4;NA
DCF;DCF;FUN;INC;OK;142836;Priority 3;NA
DCF;DCF;FUN;SR;OK;142837;Priority 3;NA
SEC;DCF;SEC;SR;OK;142845;Priority 4;NA
DCF;DCF;FUN;INC;OK;142846;Priority 3;NA
FUN;DCF;FUN;INC;Defect;142849;Priority 3;NA
SEC;DCF;SEC;SR;OK;142853;Priority 4;NA
SEC;DCF;SEC;SR;OK;142859;Priority 4;NA
SEC;DCF;SEC;SR;OK;142861;Priority 4;NA
SEC;DCF;SEC;SR;OK;142863;Priority 4;NA
SEC;DCF;SEC;SR;OK;142864;Priority 4;NA
FUN;DCF;FUN;SR;OK;142865;Priority 3;NA
APS;DCF;APS;SR;OK;142866;Priority 3;NA
SEC;DCF;SEC;SR;OK;142867;Priority 4;NA
SEC;DCF;SEC;SR;OK;142870;Priority 4;NA
FUN;DCF;FUN;SR;OK;142874;Priority 3;NA
TEC;DCF;TEC;INC;OK;142875;Priority 3;NA
SEC;DCF;SEC;SR;OK;142876;Priority 4;NA
SEC;DCF;SEC;SR;OK;142877;Priority 3;NA
APS;DCF;APS;SR;OK;142878;Priority 3;NA
SEC;DCF;SEC;SR;OK;142879;Priority 4;NA
FUN;DCF;FUN;SR;OK;142881;Priority 3;NA
FUN;DCF;FUN;INC;OK;142886;Priority 3;NA
SEC;DCF;SEC;SR;OK;142887;Priority 4;NA
FUN;DCF;FUN;SR;Defect;142888;Priority 3;NA
DCF;DCF;FUN;INC;OK;142893;Priority 4;NA
SEC;DCF;SEC;SR;OK;142894;Priority 3;NA
DCF;DCF;FUN;INC;OK;142897;Priority 3;NA
APS;DCF;APS;INC;OK;142898;Priority 3;NA
SEC;DCF;SEC;SR;OK;142901;Priority 4;NA
SEC;DCF;SEC;SR;OK;142902;Priority 4;NA
SEC;DCF;SEC;SR;OK;142903;Priority 4;NA
SEC;DCF;SEC;SR;OK;142905;Priority 3;NA
SEC;DCF;SEC;SR;OK;142906;Priority 3;NA
SEC;DCF;SEC;SR;OK;142907;Priority 4;NA
DCF;DCF;FUN;INC;OK;142908;Priority 3;NA
SEC;DCF;SEC;SR;OK;142915;Priority 4;NA
SEC;DCF;SEC;SR;OK;142916;Priority 4;NA
DCF;DCF;FUN;SR;OK;142929;Priority 3;NA
SEC;DCF;SEC;SR;OK;142933;Priority 4;NA
SEC;DCF;SEC;SR;OK;142934;Priority 4;NA
SEC;DCF;SEC;SR;OK;142936;Priority 4;NA
SEC;DCF;SEC;SR;OK;142939;Priority 3;NA
TEC;DCF;TEC;INC;OK;142944;Priority 3;NA
TEC;DCF;TEC;INC;OK;142947;Priority 3;NA
APS;DCF;APS;SR;OK;142949;Priority 3;NA
SEC;DCF;SEC;SR;OK;142952;Priority 4;NA
DCF;DCF;FUN;INC;OK;142956;Priority 3;NA
APS;DCF;APS;SR;OK;142958;Priority 3;NA
FUN;DCF;FUN;INC;OK;142959;Priority 1;NA
DCF;DCF;FUN;INC;OK;142960;Priority 3;NA
SEC;DCF;SEC;SR;OK;142963;Priority 4;NA
SEC;DCF;SEC;SR;OK;142964;Priority 3;NA
DCF;DCF;FUN;INC;OK;142967;Priority 3;NA
SEC;DCF;SEC;SR;OK;142969;Priority 4;NA
FUN;DCF;FUN;SR;OK;142970;Priority 3;NA
SEC;DCF;SEC;SR;OK;142972;Priority 4;NA
SEC;DCF;SEC;SR;OK;142974;Priority 4;NA
SEC;DCF;SEC;SR;OK;142975;Priority 4;NA
SEC;DCF;SEC;SR;OK;142976;Priority 3;NA
TEC;DCF;TEC;INC;OK;142977;Priority 4;NA
SEC;DCF;SEC;SR;OK;142980;Priority 4;NA
DCF;DCF;FUN;INC;OK;142987;Priority 3;NA
DCF;DCF;FUN;INC;OK;142990;Priority 3;NA
DCF;DCF;FUN;INC;OK;142992;Priority 3;NA
TEC;DCF;TEC;INC;Defect;142995;Priority 3;NA
FUN;DCF;FUN;SR;Defect;142999;Priority 3;NA
DCF;DCF;FUN;INC;OK;143001;Priority 3;NA
DCF;DCF;FUN;SR;OK;143004;Priority 3;NA
APS;DCF;APS;INC;OK;143008;Priority 2;NA
DCF;DCF;FUN;INC;OK;143015;Priority 3;NA
SEC;DCF;SEC;SR;OK;143021;Priority 3;NA
DCF;DCF;FUN;INC;OK;143031;Priority 3;NA
FUN;DCF;FUN;INC;OK;143038;Priority 3;NA
SEC;DCF;SEC;SR;OK;143042;Priority 3;NA
DCF;DCF;FUN;INC;Defect;143043;Priority 4;NA
FUN;DCF;FUN;INC;OK;143049;Priority 3;NA
DCF;DCF;FUN;INC;OK;143051;Priority 3;NA
DCF;DCF;FUN;INC;OK;143053;Priority 3;NA
DCF;DCF;FUN;INC;OK;143054;Priority 3;NA
DCF;DCF;FUN;INC;OK;143056;Priority 1;NA
TEC;DCF;TEC;INC;OK;143057;Priority 3;NA
DCF;DCF;FUN;INC;OK;143061;Priority 3;NA
FUN;DCF;FUN;INC;OK;143064;Priority 3;NA
TEC;DCF;TEC;INC;OK;143071;Priority 3;NA
DCF;DCF;FUN;INC;OK;143075;Priority 3;NA
FUN;DCF;FUN;SR;Defect;143079;Priority 2;NA
APS;DCF;APS;INC;OK;143081;Priority 3;NA
APS;DCF;APS;INC;OK;143083;Priority 3;NA
DCF;DCF;FUN;INC;OK;143085;Priority 3;NA
DCF;DCF;FUN;INC;OK;143089;Priority 3;NA
APS;DCF;APS;INC;OK;143093;Priority 2;NA
DCF;DCF;FUN;INC;OK;143096;Priority 3;NA
FUN;DCF;FUN;INC;OK;143097;Priority 3;NA
DCF;DCF;FUN;SR;Defect;143100;Priority 4;NA
APS;DCF;APS;INC;OK;143106;Priority 3;NA
DCF;DCF;FUN;INC;OK;143111;Priority 3;NA
DCF;DCF;FUN;INC;OK;143115;Priority 3;NA
DCF;DCF;FUN;INC;Defect;143119;Priority 2;NA
FUN;DCF;FUN;SR;Defect;143120;Priority 4;NA
SEC;DCF;SEC;SR;OK;143134;Priority 4;NA
DCF;DCF;FUN;SR;Defect;143137;Priority 3;NA
SEC;DCF;SEC;SR;OK;143146;Priority 2;NA
SEC;DCF;SEC;SR;OK;143147;Priority 2;NA
DCF;DCF;FUN;SR;OK;143150;Priority 4;NA
FUN;DCF;FUN;INC;Defect;143155;Priority 3;NA
SEC;DCF;SEC;SR;Defect;143176;Priority 4;NA
SEC;DCF;SEC;SR;OK;143182;Priority 4;NA
FUN;DCF;TEC;INC;OK;143192;Priority 2;NA
TEC;DCF;TEC;SR;OK;143193;Priority 3;NA
SEC;DCF;SEC;SR;Defect;143206;Priority 4;NA
APS;DCF;APS;SR;OK;143209;Priority 4;NA
SEC;DCF;SEC;SR;OK;143213;Priority 4;NA
FUN;DCF;FUN;INC;Defect;143217;Priority 3;NA
DCF;DCF;FUN;SR;OK;143218;Priority 4;NA
APS;DCF;APS;SR;OK;143221;Priority 3;NA
FUN;DCF;FUN;SR;OK;143241;Priority 3;NA
FUN;DCF;FUN;SR;OK;143243;Priority 3;NA
TEC;DCF;TEC;INC;OK;143269;Priority 3;NA
TEC;DCF;TEC;INC;OK;143270;Priority 3;NA
FUN;DCF;FUN;SR;OK;143272;Priority 3;NA
DCF;DCF;FUN;INC;OK;143274;Priority 3;NA
DCF;DCF;FUN;SR;OK;143276;Priority 3;NA
DCF;DCF;FUN;SR;Defect;143277;Priority 3;NA
DCF;DCF;FUN;INC;OK;143278;Priority 3;NA
SEC;DCF;SEC;SR;Defect;143283;Priority 3;NA
SEC;DCF;SEC;SR;OK;143288;Priority 4;NA
DCF;DCF;FUN;INC;OK;143289;Priority 3;NA
DCF;DCF;FUN;INC;OK;143290;Priority 3;NA
DCF;DCF;FUN;INC;OK;143291;Priority 3;NA
DCF;DCF;FUN;INC;OK;143293;Priority 4;NA
DCF;DCF;FUN;SR;OK;143295;Priority 4;NA
DCF;DCF;FUN;INC;OK;143296;Priority 3;NA
TEC;DCF;TEC;SR;OK;143298;Priority 3;NA
DCF;DCF;FUN;SR;OK;143300;Priority 3;NA
FUN;DCF;FUN;INC;OK;143301;Priority 3;NA
DCF;DCF;FUN;SR;OK;143303;Priority 3;NA
APS;DCF;APS;SR;Defect;143306;Priority 4;NA
FUN;DCF;FUN;SR;OK;143307;Priority 3;NA
FUN;DCF;TEC;INC;OK;143308;Priority 3;NA
DCF;DCF;FUN;SR;Defect;143309;Priority 4;NA
FUN;DCF;TEC;INC;OK;143310;Priority 3;NA
APS;DCF;APS;SR;OK;143311;Priority 3;NA
DCF;DCF;FUN;INC;OK;143312;Priority 4;NA
SEC;DCF;SEC;SR;OK;143315;Priority 4;NA
FUN;DCF;FUN;INC;OK;143317;Priority 4;NA
DCF;DCF;FUN;INC;OK;143321;Priority 3;NA
TEC;DCF;TEC;INC;OK;143322;Priority 3;NA
SEC;DCF;SEC;SR;Defect;143323;Priority 3;NA
SEC;DCF;SEC;SR;OK;143326;Priority 4;NA
SEC;DCF;SEC;SR;OK;143328;Priority 4;NA
SEC;DCF;SEC;SR;Defect;143329;Priority 3;NA
FUN;DCF;FUN;SR;OK;143332;Priority 3;NA
SEC;DCF;SEC;SR;OK;143333;Priority 4;NA
SEC;DCF;SEC;SR;OK;143334;Priority 4;NA
FUN;DCF;FUN;SR;Defect;143341;Priority 3;NA
DCF;DCF;FUN;INC;Defect;143342;Priority 3;NA
DCF;DCF;FUN;INC;Defect;143343;Priority 3;NA
DCF;DCF;FUN;INC;Defect;143344;Priority 3;NA
DCF;DCF;FUN;INC;OK;143346;Priority 4;NA
SEC;DCF;SEC;SR;OK;143347;Priority 4;NA
DCF;DCF;FUN;INC;OK;143351;Priority 3;NA
FUN;DCF;TEC;INC;OK;143352;Priority 3;NA
SEC;DCF;SEC;SR;OK;143353;Priority 4;NA
SEC;DCF;SEC;SR;OK;143355;Priority 4;NA
DCF;DCF;FUN;INC;OK;143357;Priority 3;NA
FUN;DCF;FUN;INC;OK;143358;Priority 3;NA
SEC;DCF;SEC;SR;OK;143359;Priority 4;NA
APS;DCF;APS;SR;Defect;143360;Priority 4;NA
SEC;DCF;SEC;SR;OK;143362;Priority 4;NA
SEC;DCF;SEC;SR;OK;143363;Priority 4;NA
APS;DCF;APS;INC;OK;143364;Priority 3;NA
SEC;DCF;SEC;SR;OK;143367;Priority 4;NA
SEC;DCF;SEC;SR;OK;143369;Priority 4;NA
TEC;DCF;TEC;INC;OK;143373;Priority 3;NA
DCF;DCF;FUN;INC;OK;143384;Priority 3;NA
TEC;DCF;TEC;SR;Defect;143385;Priority 3;NA
SEC;DCF;SEC;SR;Defect;143388;Priority 4;NA
SEC;DCF;SEC;SR;OK;143389;Priority 4;NA
DCF;DCF;FUN;INC;OK;143391;Priority 4;NA
FUN;DCF;FUN;SR;OK;143392;Priority 3;NA
FUN;DCF;FUN;SR;OK;143394;Priority 3;NA
DCF;DCF;FUN;INC;OK;143395;Priority 3;NA
TEC;DCF;TEC;SR;Defect;143396;Priority 3;NA
DCF;DCF;FUN;INC;OK;143398;Priority 3;NA
FUN;DCF;FUN;INC;OK;143400;Priority 2;NA
APS;DCF;APS;SR;OK;143403;Priority 3;NA
APS;DCF;APS;INC;OK;143405;Priority 3;NA
DCF;DCF;FUN;SR;OK;143411;Priority 4;NA
FUN;DCF;FUN;SR;OK;143415;Priority 3;NA
SEC;DCF;SEC;SR;OK;143418;Priority 4;NA
DCF;DCF;FUN;SR;OK;143419;Priority 3;NA
SEC;DCF;SEC;SR;OK;143420;Priority 4;NA
DCF;DCF;FUN;SR;OK;143422;Priority 4;NA
TEC;DCF;TEC;INC;OK;143424;Priority 3;NA
DCF;DCF;FUN;SR;OK;143426;Priority 4;NA
SEC;DCF;SEC;SR;OK;143429;Priority 4;NA
FUN;DCF;FUN;INC;OK;143431;Priority 3;NA
TEC;DCF;TEC;INC;OK;143433;Priority 3;NA
TEC;DCF;TEC;INC;Defect;143434;Priority 3;NA
FUN;DCF;FUN;INC;OK;143436;Priority 3;NA
DCF;DCF;FUN;INC;OK;143437;Priority 3;NA
SEC;DCF;SEC;SR;OK;143444;Priority 4;NA
FUN;DCF;TEC;INC;OK;143445;Priority 3;NA
TEC;DCF;TEC;SR;OK;143447;Priority 3;NA
TEC;DCF;TEC;SR;OK;143450;Priority 3;NA
DCF;DCF;FUN;INC;OK;143452;Priority 3;NA
FUN;DCF;FUN;INC;OK;143453;Priority 4;NA
APS;DCF;APS;SR;OK;143455;Priority 3;NA
DCF;DCF;FUN;INC;OK;143458;Priority 4;NA
SEC;DCF;SEC;SR;OK;143459;Priority 4;NA
FUN;DCF;FUN;SR;OK;143460;Priority 3;NA
FUN;DCF;FUN;INC;OK;143461;Priority 4;NA
FUN;DCF;FUN;SR;OK;143462;Priority 3;NA
FUN;DCF;TEC;INC;OK;143465;Priority 3;NA
SEC;DCF;SEC;SR;OK;143468;Priority 4;NA
FUN;DCF;TEC;INC;OK;143472;Priority 3;NA
FUN;DCF;TEC;INC;OK;143473;Priority 3;NA
TEC;DCF;FUN;INC;OK;143474;Priority 3;NA
FUN;DCF;FUN;INC;OK;143475;Priority 3;NA
FUN;DCF;TEC;INC;OK;143476;Priority 3;NA
TEC;DCF;FUN;INC;Defect;143479;Priority 3;NA
FUN;DCF;TEC;INC;OK;143480;Priority 3;NA
FUN;DCF;TEC;INC;OK;143481;Priority 3;NA
TEC;DCF;TEC;INC;OK;143482;Priority 3;NA
FUN;DCF;TEC;INC;OK;143483;Priority 3;NA
APS;DCF;APS;INC;OK;143484;Priority 3;NA
TEC;DCF;TEC;INC;OK;143485;Priority 3;NA
DCF;DCF;FUN;INC;OK;143488;Priority 4;NA
SEC;DCF;SEC;SR;OK;143490;Priority 4;NA
SEC;DCF;SEC;SR;Defect;143492;Priority 3;NA
DCF;DCF;FUN;INC;OK;143493;Priority 4;NA
TEC;DCF;FUN;SR;OK;143494;Priority 3;NA
FUN;DCF;FUN;INC;OK;143496;Priority 3;NA
SEC;DCF;SEC;SR;OK;143497;Priority 4;NA
SEC;DCF;SEC;SR;OK;143498;Priority 4;NA
SEC;DCF;SEC;SR;OK;143501;Priority 4;NA
SEC;DCF;SEC;SR;OK;143502;Priority 4;NA
SEC;DCF;SEC;SR;OK;143503;Priority 4;NA
SEC;DCF;SEC;SR;OK;143505;Priority 4;NA
SEC;DCF;SEC;SR;OK;143506;Priority 4;NA
FUN;DCF;FUN;SR;Defect;143509;Priority 3;NA
SEC;DCF;SEC;SR;OK;143512;Priority 4;NA
DCF;DCF;FUN;INC;OK;143515;Priority 4;NA
DCF;DCF;FUN;INC;OK;143520;Priority 3;NA
SEC;DCF;SEC;SR;OK;143524;Priority 3;NA
FUN;DCF;TEC;INC;OK;143527;Priority 3;NA
FUN;DCF;FUN;SR;OK;143528;Priority 3;NA
SEC;DCF;SEC;SR;OK;143530;Priority 3;NA
DCF;DCF;FUN;INC;OK;143538;Priority 4;NA
DCF;DCF;FUN;INC;OK;143541;Priority 4;NA
FUN;DCF;FUN;INC;OK;143542;Priority 3;NA
FUN;DCF;TEC;SR;Defect;143544;Priority 3;NA
DCF;DCF;FUN;SR;OK;143547;Priority 3;NA
SEC;DCF;SEC;SR;OK;143548;Priority 4;NA
TEC;DCF;FUN;INC;OK;143553;Priority 3;NA
TEC;DCF;TEC;INC;OK;143554;Priority 3;NA
TEC;DCF;TEC;INC;OK;143555;Priority 3;NA
DCF;DCF;FUN;INC;OK;143556;Priority 3;NA
DCF;DCF;FUN;INC;OK;143557;Priority 3;NA
SEC;DCF;SEC;SR;OK;143559;Priority 4;NA
TEC;DCF;FUN;INC;OK;143560;Priority 3;NA
FUN;DCF;FUN;INC;OK;143564;Priority 2;NA
SEC;DCF;SEC;SR;OK;143565;Priority 4;NA
SEC;DCF;SEC;SR;OK;143574;Priority 4;NA
APS;DCF;APS;INC;OK;143578;Priority 2;NA
APS;DCF;APS;INC;OK;143579;Priority 3;NA
DCF;DCF;FUN;INC;OK;143584;Priority 3;NA
TEC;DCF;TEC;INC;OK;143586;Priority 3;NA
DCF;DCF;FUN;INC;OK;143587;Priority 3;NA
FUN;DCF;FUN;SR;OK;143590;Priority 3;NA
APS;DCF;APS;INC;OK;143591;Priority 3;NA
DCF;DCF;FUN;SR;OK;143596;Priority 3;NA
DCF;DCF;FUN;INC;Defect;143597;Priority 3;NA
SEC;DCF;SEC;SR;OK;143600;Priority 4;NA
DCF;DCF;FUN;INC;OK;143603;Priority 3;NA
FUN;DCF;FUN;INC;OK;143606;Priority 3;NA
SEC;DCF;SEC;SR;OK;143607;Priority 4;NA
SEC;DCF;SEC;SR;OK;143608;Priority 3;NA
APS;DCF;APS;INC;OK;143610;Priority 2;NA
FUN;DCF;FUN;INC;OK;143613;Priority 4;NA
SEC;DCF;SEC;SR;OK;143615;Priority 4;NA
DCF;DCF;FUN;SR;OK;143616;Priority 3;NA
SEC;DCF;SEC;SR;OK;143617;Priority 3;NA
DCF;DCF;FUN;SR;Defect;143619;Priority 3;NA
SEC;DCF;SEC;SR;OK;143621;Priority 4;NA
SEC;DCF;SEC;SR;OK;143626;Priority 4;NA
SEC;DCF;SEC;SR;OK;143627;Priority 4;NA
SEC;DCF;SEC;SR;OK;143628;Priority 4;NA
SEC;DCF;SEC;SR;OK;143630;Priority 4;NA
SEC;DCF;SEC;SR;OK;143634;Priority 4;NA
APS;DCF;APS;SR;OK;143640;Priority 3;NA
DCF;DCF;FUN;INC;OK;143642;Priority 3;NA
TEC;DCF;FUN;SR;OK;143643;Priority 3;NA
SEC;DCF;SEC;SR;OK;143648;Priority 3;NA
SEC;DCF;SEC;SR;OK;143649;Priority 4;NA
SEC;DCF;SEC;SR;OK;143650;Priority 4;NA
SEC;DCF;SEC;SR;OK;143651;Priority 3;NA
DCF;DCF;FUN;INC;OK;143654;Priority 3;NA
SEC;DCF;SEC;SR;OK;143655;Priority 3;NA
SEC;DCF;SEC;SR;OK;143657;Priority 3;NA
DCF;DCF;FUN;INC;OK;143658;Priority 3;NA
FUN;DCF;TEC;INC;OK;143659;Priority 4;NA
APS;DCF;APS;SR;OK;143661;Priority 3;NA
SEC;DCF;SEC;SR;OK;143662;Priority 4;NA
APS;DCF;APS;SR;OK;143667;Priority 3;NA
DCF;DCF;FUN;INC;OK;143670;Priority 3;NA
SEC;DCF;SEC;SR;OK;143677;Priority 4;NA
DCF;DCF;FUN;INC;OK;143682;Priority 3;NA
FUN;DCF;FUN;INC;OK;143683;Priority 4;NA
SEC;DCF;SEC;SR;OK;143684;Priority 4;NA
TEC;DCF;TEC;INC;OK;143686;Priority 3;NA
DCF;DCF;FUN;INC;OK;143689;Priority 3;NA
DCF;DCF;FUN;INC;OK;143691;Priority 3;NA
DCF;DCF;FUN;INC;OK;143692;Priority 4;NA
SEC;DCF;SEC;SR;OK;143696;Priority 3;NA
SEC;DCF;SEC;SR;OK;143697;Priority 3;NA
SEC;DCF;SEC;SR;OK;143698;Priority 3;NA
TEC;DCF;TEC;SR;OK;143706;Priority 3;NA
SEC;DCF;SEC;SR;Defect;143708;Priority 3;NA
SEC;DCF;SEC;SR;OK;143709;Priority 3;NA
DCF;DCF;FUN;SR;OK;143711;Priority 3;NA
FUN;DCF;TEC;SR;OK;143713;Priority 3;NA
FUN;DCF;FUN;INC;OK;143714;Priority 3;NA
DCF;DCF;FUN;INC;OK;143715;Priority 3;NA
DCF;DCF;FUN;INC;OK;143724;Priority 3;NA
TEC;DCF;TEC;INC;OK;143730;Priority 3;NA
SEC;DCF;SEC;SR;Defect;143731;Priority 4;NA
DCF;DCF;FUN;INC;OK;143732;Priority 2;NA
DCF;DCF;FUN;INC;OK;143733;Priority 3;NA
SEC;DCF;SEC;SR;OK;143743;Priority 3;NA
DCF;DCF;FUN;INC;OK;143744;Priority 3;NA
APS;DCF;APS;INC;OK;143745;Priority 3;NA
FUN;DCF;FUN;INC;OK;143747;Priority 3;NA
SEC;DCF;SEC;SR;OK;143748;Priority 3;NA
SEC;DCF;SEC;SR;OK;143749;Priority 3;NA
APS;DCF;APS;INC;OK;143761;Priority 3;NA
APS;DCF;APS;INC;OK;143762;Priority 2;NA
SEC;DCF;SEC;SR;Defect;143764;Priority 4;NA
DCF;DCF;FUN;INC;OK;143768;Priority 3;NA
DCF;DCF;FUN;INC;OK;143770;Priority 3;NA
TEC;DCF;TEC;SR;OK;143772;Priority 3;NA
TEC;DCF;TEC;INC;OK;143776;Priority 3;NA
DCF;DCF;FUN;SR;OK;143779;Priority 3;NA
DCF;DCF;FUN;INC;OK;143784;Priority 3;NA
DCF;DCF;FUN;INC;OK;143788;Priority 3;NA
SEC;DCF;SEC;SR;OK;143791;Priority 3;NA
FUN;DCF;FUN;INC;OK;143797;Priority 3;NA
SEC;DCF;SEC;SR;OK;143798;Priority 3;NA
FUN;DCF;FUN;INC;OK;143804;Priority 4;NA
SEC;DCF;SEC;SR;OK;143805;Priority 4;NA
APS;DCF;APS;INC;OK;143816;Priority 3;NA
DCF;DCF;FUN;SR;OK;143820;Priority 3;NA
DCF;DCF;FUN;INC;OK;143823;Priority 3;NA
FUN;DCF;FUN;INC;OK;143824;Priority 3;NA
SEC;DCF;SEC;SR;Defect;143831;Priority 4;NA
FUN;DCF;FUN;SR;Defect;143846;Priority 3;NA
SEC;DCF;SEC;SR;OK;143847;Priority 4;NA
SEC;DCF;SEC;SR;OK;143850;Priority 4;NA
FUN;DCF;FUN;INC;OK;143852;Priority 2;NA
DCF;DCF;FUN;INC;OK;143867;Priority 3;NA
FUN;DCF;FUN;SR;Defect;143882;Priority 3;NA
APS;DCF;APS;SR;Defect;143888;Priority 3;NA
SEC;DCF;SEC;SR;OK;143892;Priority 4;NA
SEC;DCF;SEC;SR;OK;143896;Priority 4;NA
DCF;DCF;FUN;INC;OK;143904;Priority 4;NA
DCF;DCF;FUN;INC;Defect;143909;Priority 3;NA
APS;DCF;APS;SR;OK;143910;Priority 3;NA
SEC;DCF;SEC;SR;OK;143913;Priority 4;NA
DCF;DCF;FUN;SR;OK;143915;Priority 3;NA
FUN;DCF;FUN;INC;OK;143917;Priority 4;NA
SEC;DCF;SEC;SR;OK;143922;Priority 4;NA
FUN;DCF;FUN;SR;Defect;143927;Priority 3;NA
SEC;DCF;SEC;SR;OK;143928;Priority 4;NA
FUN;DCF;FUN;SR;OK;143932;Priority 3;NA
FUN;DCF;TEC;INC;OK;143936;Priority 3;NA
DCF;DCF;FUN;INC;OK;143940;Priority 3;NA
SEC;DCF;SEC;SR;OK;143943;Priority 3;NA
APS;DCF;APS;SR;OK;143944;Priority 3;NA
SEC;DCF;SEC;SR;OK;143951;Priority 3;NA
SEC;DCF;SEC;SR;OK;143965;Priority 4;NA
SEC;DCF;SEC;SR;OK;143967;Priority 3;NA
FUN;DCF;FUN;INC;OK;143969;Priority 3;NA
FUN;DCF;FUN;SR;OK;143970;Priority 3;NA
SEC;DCF;SEC;SR;OK;143972;Priority 3;NA
FUN;DCF;FUN;SR;OK;143973;Priority 4;NA
SEC;DCF;SEC;SR;OK;143974;Priority 3;NA
SEC;DCF;SEC;SR;OK;143975;Priority 3;NA
FUN;DCF;FUN;SR;OK;143977;Priority 4;NA
APS;DCF;APS;SR;OK;143979;Priority 3;NA
SEC;DCF;SEC;SR;OK;143980;Priority 4;NA
DCF;DCF;FUN;SR;OK;143982;Priority 3;NA
DCF;DCF;FUN;INC;OK;143985;Priority 4;NA
APS;DCF;APS;SR;OK;143986;Priority 3;NA
TEC;DCF;TEC;INC;OK;143988;Priority 3;NA
FUN;DCF;FUN;INC;OK;143990;Priority 3;NA
TEC;DCF;TEC;INC;OK;143991;Priority 4;NA
TEC;DCF;TEC;INC;OK;143997;Priority 3;NA
FUN;DCF;FUN;SR;OK;143999;Priority 3;NA
SEC;DCF;SEC;SR;OK;144000;Priority 3;NA
APS;DCF;APS;INC;OK;144001;Priority 2;NA
APS;DCF;APS;INC;OK;144002;Priority 2;NA
FIN;DCF;FUN;INC;OK;144003;Priority 4;NA
TEC;DCF;TEC;INC;OK;144005;Priority 2;NA
FUN;DCF;FUN;SR;OK;144008;Priority 4;NA
DCF;DCF;FUN;SR;OK;144011;Priority 3;NA
SEC;DCF;SEC;SR;OK;144015;Priority 4;NA
DCF;DCF;FUN;INC;OK;144016;Priority 3;NA
APS;DCF;APS;INC;OK;144018;Priority 3;NA
FUN;DCF;FUN;INC;Defect;144019;Priority 3;NA
FUN;DCF;FUN;INC;OK;144021;Priority 3;NA
FUN;DCF;FUN;INC;OK;144024;Priority 2;NA
SEC;DCF;SEC;SR;OK;144029;Priority 4;NA
DCF;DCF;FUN;INC;OK;144032;Priority 3;NA
FUN;DCF;FUN;SR;Defect;144033;Priority 3;NA
FUN;DCF;FUN;SR;OK;144038;Priority 3;NA
FUN;DCF;FUN;SR;OK;144039;Priority 2;NA
DCF;DCF;FUN;INC;OK;144041;Priority 4;NA
FUN;DCF;FUN;SR;OK;144042;Priority 3;NA
SEC;DCF;SEC;SR;Defect;144044;Priority 4;NA
APS;DCF;APS;INC;OK;144046;Priority 3;NA
DCF;DCF;FUN;INC;OK;144049;Priority 3;NA
DCF;DCF;FUN;INC;OK;144051;Priority 3;NA
DCF;DCF;FUN;INC;OK;144052;Priority 3;NA
DCF;DCF;FUN;SR;OK;144054;Priority 4;NA
DCF;DCF;FUN;INC;OK;144055;Priority 3;NA
FUN;DCF;FUN;SR;OK;144061;Priority 3;NA
DCF;DCF;FUN;INC;OK;144062;Priority 4;NA
SEC;DCF;SEC;SR;OK;144063;Priority 4;NA
DCF;DCF;FUN;INC;Defect;144065;Priority 4;NA
DCF;DCF;FUN;INC;OK;144074;Priority 4;NA
SEC;DCF;SEC;SR;OK;144075;Priority 4;NA
SEC;DCF;SEC;SR;OK;144077;Priority 4;NA
DCF;DCF;FUN;SR;OK;144078;Priority 3;NA
SEC;DCF;SEC;SR;OK;144079;Priority 4;NA
SEC;DCF;SEC;SR;OK;144080;Priority 4;NA
SEC;DCF;SEC;SR;OK;144083;Priority 4;NA
SEC;DCF;SEC;SR;OK;144084;Priority 4;NA
SEC;DCF;SEC;SR;OK;144085;Priority 4;NA
SEC;DCF;SEC;SR;OK;144086;Priority 3;NA
TEC;DCF;TEC;INC;OK;144092;Priority 3;NA
DCF;DCF;FUN;INC;OK;144093;Priority 3;NA
FIN;DCF;FUN;INC;OK;144095;Priority 3;NA
DCF;DCF;FUN;SR;OK;144100;Priority 4;NA
DCF;DCF;FUN;SR;OK;144103;Priority 3;NA
DCF;DCF;FUN;INC;OK;144106;Priority 4;NA
SEC;DCF;SEC;SR;OK;144107;Priority 3;NA
SEC;DCF;SEC;SR;OK;144108;Priority 4;NA
SEC;DCF;SEC;SR;OK;144119;Priority 4;NA
FUN;DCF;FUN;INC;OK;144120;Priority 2;NA
APS;DCF;APS;SR;Defect;144121;Priority 3;NA
FUN;DCF;FUN;SR;OK;144125;Priority 3;NA
DCF;DCF;FUN;SR;OK;144128;Priority 4;NA
FUN;DCF;FUN;SR;OK;144135;Priority 3;NA
SEC;DCF;SEC;SR;OK;144143;Priority 4;NA
SEC;DCF;SEC;SR;OK;144144;Priority 4;NA
DCF;DCF;FUN;SR;OK;144146;Priority 3;NA
SEC;DCF;SEC;SR;OK;144148;Priority 3;NA
SEC;DCF;SEC;SR;OK;144152;Priority 4;NA
SEC;DCF;SEC;SR;OK;144153;Priority 4;NA
FUN;DCF;FUN;INC;OK;144154;Priority 3;NA
SEC;DCF;SEC;SR;OK;144155;Priority 4;NA
TEC;DCF;TEC;INC;OK;144156;Priority 3;NA
SEC;DCF;SEC;SR;OK;144157;Priority 4;NA
SEC;DCF;SEC;SR;OK;144159;Priority 4;NA
SEC;DCF;SEC;SR;OK;144162;Priority 4;NA
SEC;DCF;SEC;SR;OK;144163;Priority 4;NA
SEC;DCF;SEC;SR;OK;144165;Priority 4;NA
FUN;DCF;FUN;INC;OK;144167;Priority 2;NA
FUN;DCF;TEC;SR;OK;144168;Priority 3;NA
DCF;DCF;FUN;INC;OK;144169;Priority 3;NA
FUN;DCF;FUN;INC;OK;144172;Priority 2;NA
DCF;DCF;FUN;INC;OK;144173;Priority 3;NA
SEC;DCF;SEC;SR;OK;144174;Priority 3;NA
DCF;DCF;FUN;INC;OK;144176;Priority 3;NA
SEC;DCF;SEC;SR;OK;144177;Priority 4;NA
APS;DCF;APS;INC;OK;144179;Priority 2;NA
SEC;DCF;SEC;SR;OK;144181;Priority 4;NA
SEC;DCF;SEC;SR;OK;144183;Priority 4;NA
FUN;DCF;FUN;INC;OK;1419881;Priority 2;NA
FUN;DCF;FUN;INC;OK;1420211;Priority 3;NA
DCF;DCF;FUN;INC;OK;1420331;Priority 4;NA
DCF;DCF;FUN;INC;OK;1420401;Priority 3;NA
CNC;812;CNC;CHG;OK;CHG000010208519;Priority 4;NA
CNC;812;CNC;CHG;OK;CHG000010209233;Priority 4;NA
CNC;BWI;CNC;CHG;OK;CHG000010210144;Priority 4;NA
CNC;ETH;CNC;CHG;OK;CHG000010211588;Priority 4;NA
CNC;ETH;CNC;CHG;OK;CHG000010212173;Priority 4;NA
CNC;DCF;CNC;CHG;OK;CHG000010213555;Priority 4;NA
CNC;BWI;CNC;CHG;OK;CHG000010214480;Priority 4;NA
CNC;ETH;CNC;CHG;OK;CHG000010214539;Priority 4;NA
CNC;812;CNC;CHG;OK;CHG000010215629;Priority 4;NA
CNC;MNT;CNC;CHG;OK;CHG000010215831;Priority 4;NA
CNC;812;CNC;CHG;OK;CHG000010215930;Priority 4;NA
CNC;EMS;OPS;CHG;OK;CHG000010218662;Priority 4;NA
CNC;EMS;OPS;CHG;OK;CHG000010219406;Priority 4;NA
CNC;812;CNC;CHG;OK;CHG000010221134;Priority 4;NA
CNC;812;CNC;CHG;OK;CHG000010222328;Priority 2;NA
CNC;812;CNC;CHG;OK;CHG000010223640;Priority 4;NA
CNC;ETH;CNC;CHG;OK;CHG000010224485;Priority 4;NA
CNC;ETH;CNC;CHG;OK;CHG000010224502;Priority 4;NA
CNC;812;L1 ;CHG;Defect;CHG000010225008;Priority 4;NA
CNC;812;L1 ;CHG;OK;CHG000010225713;Priority 4;NA
CNC;MNT;CNC;CHG;OK;CHG000010225898;Priority 4;NA
CNC;EMS;OPS;CHG;OK;CHG000010225921;Priority 4;NA
CNC;BWI;CNC;CHG;OK;CHG000010226550;Priority 4;NA
CNC;BWI;CNC;CHG;OK;CHG000010226554;Priority 4;NA
CNC;ETH;CNC;CHG;OK;CHG000010226827;Priority 4;NA
CNC;812;L1 ;CHG;OK;CHG000010227401;Priority 4;NA
CNC;812;CNC;CHG;OK;CHG000010227403;Priority 3;NA
CNC;812;CNC;CHG;OK;CHG000010227408;Priority 4;NA
CNC;812;CNC;CHG;OK;CHG000010227501;Priority 4;NA
CNC;CAN;L1 ;CHG;OK;CHG000010228532;Priority 4;NA
CNC;BWI;CNC;CHG;OK;CHG000010228619;Priority 4;NA
CNC;MNT;CNC;CHG;OK;CHG000010228643;Priority 4;NA
CNC;812;CNC;CHG;OK;CHG000010231080;Priority 4;NA
CNC;812;CNC;CHG;OK;CHG000010231086;Priority 4;NA
CNC;812;CNC;CHG;OK;CHG000010232462;Priority 4;NA
CNC;812;CNC;CHG;OK;CHG000010232471;Priority 4;NA
CNC;812;CNC;CHG;OK;CHG000010233094;Priority 4;NA
CNC;812;CNC;CHG;OK;CHG000010233747;Priority 4;NA
CNC;812;CNC;CHG;OK;CHG000010233926;Priority 4;NA
CNC;812;CNC;CHG;OK;CHG000010234607;Priority 4;NA
CNC;812;CNC;CHG;Defect;CHG000010235332;Priority 4;NA
CNC;812;CNC;CHG;OK;CHG000010235411;Priority 4;NA
CNC;812;CNC;CHG;Defect;CHG000010235424;Priority 4;NA
CNC;DXE;CNC;CHG;OK;CHG000010235504;Priority 4;NA
CNC;812;CNC;CHG;OK;CHG000010235661;Priority 4;NA
CNC;DCF;CNC;CHG;Defect;CHG000010235701;Priority 4;NA
CNC;ETH;TEC;CHG;Defect;CHG000010236882;Priority 4;NA
CNC;ETH;CNC;CHG;Defect;CHG000010236884;Priority 4;NA
CNC;LAT;CNC;CHG;OK;CHG000010237345;Priority 4;NA
CNC;812;CNC;CHG;OK;CHG000010237660;Priority 4;NA
CNC;812;CNC;CHG;OK;CHG000010238454;Priority 4;NA
CNC;812;CNC;CHG;OK;CHG000010238605;Priority 4;NA
CNC;812;CNC;CHG;OK;CHG000010238942;Priority 4;NA
CNC;812;CNC;CHG;OK;CHG000010238944;Priority 4;NA
CNC;DCF;CNC;CHG;OK;CHG000010239513;Priority 4;NA
CNC;DCF;CNC;CHG;OK;CHG000010239528;Priority 4;NA
CNC;DCF;CNC;CHG;OK;CHG000010240602;Priority 4;NA
CNC;DCF;CNC;CHG;OK;CHG000010240792;Priority 4;NA
CNC;ETH;CNC;CHG;OK;CHG000010243034;Priority 4;NA
CNC;BWI;CNC;CHG;OK;CHG000010244182;Priority 4;NA
CNC;MNT;CNC;CHG;OK;CHG000010244373;Priority 4;NA
CNC;MNT;CNC;CHG;OK;CHG000010245398;Priority 4;NA
CNC;MNT;CNC;CHG;OK;CHG000010245403;Priority 4;NA
CNC;ETH;CNC;CHG;OK;CHG000010245764;Priority 4;NA
CNC;MNT;CNC;CHG;OK;CHG000010245817;Priority 4;NA
CNC;MNT;CNC;CHG;OK;CHG000010246435;Priority 4;NA
CNC;MNT;FUN;CHG;Defect;CHG000010246811;Priority 4;NA
CNC;812;L1 ;CHG;OK;CHG000010247682;Priority 4;NA
CNC;DCF;CNC;CHG;OK;CHG000010248080;Priority 4;NA
CNC;812;CNC;CHG;OK;CHG000010250227;Priority 4;NA
CNC;812;L1 ;CHG;OK;CHG000010250244;Priority 4;NA
CNC;OXE;L1 ;CHG;OK;CHG000010250329;Priority 4;NA
CNC;812;L1 ;CHG;OK;CHG000010250667;Priority 4;NA
CNC;BWI;L1 ;CHG;OK;CHG000010252438;Priority 4;NA
CNC;812;CNC;CHG;OK;CHG000010252989;Priority 4;NA
CNC;BWI;SCH;CHG;OK;CHG000010253001;Priority 4;NA
CNC;BWI;L1 ;CHG;Defect;CHG000010253814;Priority 4;NA
CNC;BWI;L1 ;CHG;OK;CHG000010253866;Priority 4;NA
CNC;BWI;CNC;CHG;OK;CHG000010254394;Priority 4;NA
CNC;DCF;CNC;CHG;OK;CHG000010254434;Priority 4;NA
CNC;812;CNC;CHG;OK;CHG000010254924;Priority 4;NA
CNC;812;CNC;CHG;OK;CHG000010255033;Priority 4;NA
CNC;MNT;CNC;CHG;OK;CHG000010255225;Priority 4;NA
CNC;DCF;CNC;CHG;OK;CHG000010255294;Priority 4;NA
CNC;DCF;CNC;CHG;OK;CHG000010255622;Priority 4;NA
CNC;812;CNC;CHG;Defect;CHG000010255754;Priority 4;NA
CNC;812;CNC;CHG;OK;CHG000010255768;Priority 4;NA
CNC;812;CNC;CHG;OK;CHG000010255773;Priority 4;NA
CNC;DCF;CNC;CHG;OK;CHG000010255838;Priority 4;NA
CNC;MNT;CNC;CHG;OK;CHG000010256640;Priority 4;NA
CNC;812;CNC;CHG;OK;CHG000010256938;Priority 2;NA
CNC;812;CNC;CHG;OK;CHG000010257846;Priority 4;NA
CNC;DCF;CNC;CHG;OK;CHG000010258469;Priority 4;NA
CNC;DCF;CNC;CHG;OK;CHG000010259429;Priority 4;NA
CNC;ETH;CNC;CHG;OK;CHG000010259586;Priority 4;NA
CNC;812;CNC;CHG;OK;CHG000010259755;Priority 4;NA
CNC;DCF;CNC;CHG;OK;CHG000010261401;Priority 4;NA
CNC;DCF;CNC;CHG;Defect;CHG000010261404;Priority 4;NA
CNC;DCF;CNC;CHG;Defect;CHG000010261412;Priority 4;NA
CNC;812;CNC;CHG;Defect;CHG000010262726;Priority 4;NA
CNC;812;CNC;CHG;OK;CHG000010262926;Priority 4;NA
CNC;812;CNC;CHG;OK;CHG000010262950;Priority 4;NA
CNC;812;CNC;CHG;OK;CHG000010263588;Priority 4;NA
CNC;LAT;CNC;CHG;Defect;CHG000010263919;Priority 3;NA
CNC;CAN;L1 ;CHG;Defect;CHG000010264595;Priority 4;NA
CNC;812;CNC;CHG;OK;CHG000010266498;Priority 4;NA
CNC;812;CNC;CHG;OK;CHG000010266532;Priority 4;NA
CNC;DCF;CNC;CHG;OK;CHG000010266548;Priority 4;NA
CNC;DCF;CNC;CHG;OK;CHG000010266867;Priority 4;NA
CNC;LAT;CNC;CHG;OK;CHG000010267362;Priority 3;NA
CNC;DCF;CNC;CHG;OK;CHG000010267626;Priority 4;NA
CNC;812;CNC;CHG;OK;CHG000010267941;Priority 4;NA
CNC;EMS;CNC;CHG;Defect;CHG000010268303;Priority 4;NA
CNC;812;CNC;CHG;OK;CHG000010269148;Priority 4;NA
CNC;EMS;CNC;CHG;OK;CHG000010269809;Priority 4;NA
CNC;LAT;CNC;CHG;OK;CHG000010269907;Priority 4;NA
CNC;DCF;CNC;CHG;OK;CHG000010270144;Priority 4;NA
CNC;DXE;CNC;CHG;OK;CHG000010270363;Priority 4;NA
CNC;LAT;CNC;CHG;OK;CHG000010270385;Priority 4;NA
CNC;812;CNC;CHG;Defect;CHG000010271398;Priority 4;NA
CNC;DXE;CNC;CHG;OK;CHG000010271465;Priority 4;NA
CNC;ETH;CNC;CHG;Defect;CHG000010271471;Priority 4;NA
CNC;812;CNC;CHG;OK;CHG000010271836;Priority 4;NA
CNC;812;CNC;CHG;OK;CHG000010271842;Priority 4;NA
CNC;812;CNC;CHG;OK;CHG000010272665;Priority 4;NA
CNC;812;CNC;CHG;OK;CHG000010273069;Priority 4;NA
CNC;812;CNC;CHG;OK;CHG000010273086;Priority 4;NA
CNC;MNT;CNC;CHG;Defect;CHG000010273650;Priority 4;NA
CNC;ETH;CNC;CHG;OK;CHG000010275476;Priority 4;NA
TEC;ETH;TEC;CHG;OK;CHG000010275579;Priority 4;NA
CNC;DPY;CNC;CHG;OK;CHG000010275976;Priority 4;NA
CNC;ETH;TEC;CHG;OK;CHG000010276362;Priority 4;NA
CNC;EES;CNC;CHG;OK;CHG000010286400;Priority 4;NA
CNC;812;CNC;CHG;OK;CHG000010288658;Priority 4;NA
CNC;ETH;CNC;CHG;OK;CHG000010288665;Priority 4;NA
CNC;ETH;CNC;CHG;OK;CHG000010290681;Priority 4;NA
CNC;LAT;CNC;CHG;OK;CHG000010290827;Priority 4;NA
CNC;LAT;CNC;CHG;OK;CHG000010290857;Priority 4;NA
CNC;BWI;CNC;CHG;Defect;CHG000010291134;Priority 4;NA
CNC;DCF;CNC;CHG;OK;CHG000010291777;Priority 4;NA
CNC;812;CNC;CHG;OK;CHG000010291790;Priority 4;NA
CNC;ETH;CNC;CHG;OK;CHG000010291802;Priority 4;NA
CNC;EES;CNC;CHG;OK;CHG000010291806;Priority 4;NA
CNC;812;CNC;CHG;OK;CHG000010292132;Priority 4;NA
CNC;812;CNC;CHG;OK;CHG000010292154;Priority 4;NA
CNC;ETH;CNC;CHG;OK;CHG000010292156;Priority 4;NA
CNC;DCF;CNC;CHG;OK;CHG000010292192;Priority 4;NA
CNC;ETH;CNC;CHG;OK;CHG000010292231;Priority 4;NA
CNC;ETH;CNC;CHG;Defect;CHG000010292489;Priority 4;NA
CNC;ETH;CNC;CHG;OK;CHG000010292513;Priority 4;NA
CNC;812;CNC;CHG;OK;CHG000010292569;Priority 4;NA
CNC;BWI;CNC;CHG;Defect;CHG000010292684;Priority 4;NA
CNC;DXE;CNC;CHG;Defect;CHG000010292860;Priority 4;NA
CNC;DCF;CNC;CHG;OK;CHG000010293144;Priority 4;NA
L1;DCF;MON;CHG;OK;CHG000010293265;Priority 4;NA
L1;LAT;CNC;CHG;OK;CHG000010293266;Priority 4;NA
CNC;ETH;CNC;CHG;Defect;CHG000010293267;Priority 3;NA
CNC;LAT;CNC;CHG;OK;CHG000010293455;Priority 4;NA
CNC;812;CNC;CHG;OK;CHG000010293462;Priority 4;NA
CNC;ETH;CNC;CHG;OK;CHG000010293465;Priority 4;NA
CNC;812;CNC;CHG;OK;CHG000010293469;Priority 4;NA
CNC;DCF;CNC;CHG;OK;CHG000010293843;Priority 4;NA
CNC;812;CNC;CHG;OK;CHG000010294072;Priority 4;NA
CNC;DCF;CNC;CHG;OK;CHG000010294121;Priority 4;NA
CNC;DCF;CNC;CHG;OK;CHG000010294177;Priority 4;NA
CNC;812;CNC;CHG;OK;CHG000010294178;Priority 4;NA
L1;DCF;MON;CHG;OK;CHG000010294187;Priority 4;NA
CNC;812;CNC;CHG;OK;CHG000010294581;Priority 4;NA
CNC;ETH;CNC;CHG;OK;CHG000010294715;Priority 4;NA
CNC;812;CNC;CHG;OK;CHG000010294717;Priority 4;NA
L1;DCF;MON;CHG;OK;CHG000010295367;Priority 4;NA
CNC;LAT;CNC;CHG;OK;CHG000010295386;Priority 4;NA
CNC;LAT;CNC;CHG;OK;CHG000010295388;Priority 4;NA
CNC;DCF;CNC;CHG;OK;CHG000010295513;Priority 4;NA
CNC;ETH;CNC;CHG;OK;CHG000010295740;Priority 4;NA
CNC;DXE;CNC;CHG;OK;CHG000010295770;Priority 4;NA
CNC;812;CNC;CHG;Defect;CHG000010295772;Priority 4;NA
L1;LAT;CNC;CHG;OK;CHG000010295774;Priority 4;NA
CNC;812;CNC;CHG;OK;CHG000010295826;Priority 4;NA
CNC;812;CNC;CHG;OK;CHG000010295834;Priority 4;NA
CNC;812;CNC;CHG;OK;CHG000010295840;Priority 4;NA
CNC;812;CNC;CHG;OK;CHG000010295843;Priority 4;NA
CNC;812;CNC;CHG;OK;CHG000010295848;Priority 4;NA
CNC;ETH;CNC;CHG;OK;CHG000010295863;Priority 4;NA
CNC;DXE;CNC;CHG;OK;CHG000010296158;Priority 4;NA
CNC;812;CNC;CHG;OK;CHG000010296548;Priority 4;NA
CNC;EES;CNC;CHG;OK;CHG000010296568;Priority 4;NA
L1;DCF;MON;CHG;OK;CHG000010296631;Priority 4;NA
CNC;DCF;CNC;CHG;OK;CHG000010297351;Priority 4;NA
CNC;ETH;CNC;CHG;OK;CHG000010297367;Priority 4;NA
CNC;DCF;CNC;CHG;OK;CHG000010297885;Priority 4;NA
L1;DCF;CNC;CHG;OK;CHG000010297897;Priority 4;NA
L1;DCF;CNC;CHG;OK;CHG000010297900;Priority 4;NA
CNC;DCF;CNC;CHG;OK;CHG000010298015;Priority 4;NA
CNC;812;CNC;CHG;Defect;CHG000010298056;Priority 4;NA
CNC;812;CNC;CHG;OK;CHG000010298110;Priority 4;NA
CNC;812;CNC;CHG;OK;CHG000010298117;Priority 4;NA
CNC;812;CNC;CHG;OK;CHG000010299101;Priority 4;NA
CNC;LAT;CNC;CHG;OK;CHG000010299119;Priority 4;NA
CNC;ETH;CNC;CHG;OK;CHG000010299174;Priority 4;NA
L1;DCF;CNC;CHG;OK;CHG000010299237;Priority 4;NA
CNC;DCF;CNC;CHG;OK;CHG000010299245;Priority 4;NA
CNC;DCF;CNC;CHG;OK;CHG000010299279;Priority 4;NA
CNC;ETH;CNC;CHG;Defect;CHG000010299548;Priority 4;NA
CNC;812;CNC;CHG;OK;CHG000010299835;Priority 4;NA
CNC;ETH;TEC;CHG;OK;CHG000010299878;Priority 4;NA
CNC;DCF;CNC;CHG;OK;CHG000010300059;Priority 4;NA
L1;DCF;CNC;CHG;OK;CHG000010300093;Priority 4;NA
L1;DCF;CNC;CHG;OK;CHG000010300098;Priority 4;NA
CNC;812;CNC;CHG;OK;CHG000010300145;Priority 4;NA
CNC;DPY;CNC;CHG;OK;CHG000010300158;Priority 4;NA
CNC;812;CNC;CHG;OK;CHG000010300190;Priority 4;NA
CNC;812;CNC;CHG;OK;CHG000010300200;Priority 4;NA
CNC;ETH;CNC;CHG;Defect;CHG000010300320;Priority 4;NA
CNC;812;CNC;CHG;OK;CHG000010301029;Priority 4;NA
CNC;812;L1 ;SR;OK;CHG000010301035;Priority 4;NA
CNC;812;CNC;CHG;OK;CHG000010301037;Priority 4;NA
CNC;DCF;CNC;CHG;OK;CHG000010301045;Priority 4;NA
L1;DCF;CNC;CHG;Defect;CHG000010301048;Priority 4;NA
L1;DCF;CNC;CHG;OK;CHG000010301125;Priority 4;NA
CNC;DCF;CNC;CHG;Defect;CHG000010301129;Priority 4;NA
CNC;DCF;CNC;CHG;Defect;CHG000010301432;Priority 4;NA
CNC;LAT;CNC;CHG;Defect;CHG000010301438;Priority 4;NA
CNC;ETH;CNC;CHG;OK;CHG000010301442;Priority 4;NA
CNC;812;CNC;CHG;OK;CHG000010301829;Priority 4;NA
CNC;812;CNC;CHG;Defect;CHG000010302862;Priority 4;NA
CNC;DPY;CNC;CHG;Defect;CHG000010302863;Priority 4;NA
CNC;DPY;CNC;CHG;OK;CHG000010302918;Priority 4;NA
CNC;812;CNC;CHG;OK;CHG000010302923;Priority 4;NA
CNC;812;CNC;CHG;OK;CHG000010302928;Priority 4;NA
CNC;812;L1 ;SR;OK;CHG000010302934;Priority 4;NA
CNC;812;CNC;CHG;OK;CHG000010302936;Priority 4;NA
CNC;DCF;CNC;CHG;OK;CHG000010303127;Priority 4;NA
CNC;LAT;CNC;CHG;OK;CHG000010303267;Priority 4;NA
CNC;BWI;CNC;CHG;OK;CHG000010303370;Priority 4;NA
CNC;MNT;CNC;CHG;OK;CHG000010303737;Priority 4;NA
CNC;DPY;CNC;CHG;OK;CHG000010303772;Priority 4;NA
CNC;DPY;CNC;CHG;OK;CHG000010303775;Priority 4;NA
CNC;DCF;CNC;CHG;OK;CHG000010305100;Priority 4;NA
CNC;812;CNC;CHG;OK;CHG000010305181;Priority 4;NA
CNC;ETH;CNC;CHG;OK;CHG000010305316;Priority 4;NA
CNC;DPY;CNC;CHG;OK;CHG000010305696;Priority 4;NA
CNC;812;CNC;CHG;OK;CHG000010305702;Priority 4;NA
CNC;812;CNC;CHG;OK;CHG000010305704;Priority 4;NA
CNC;812;CNC;CHG;OK;CHG000010305705;Priority 4;NA
CNC;812;CNC;CHG;OK;CHG000010305706;Priority 4;NA
CNC;812;CNC;CHG;OK;CHG000010305811;Priority 4;NA
CNC;ETH;CNC;CHG;OK;CHG000010305849;Priority 4;NA
CNC;EES;CNC;CHG;OK;CHG000010305863;Priority 4;NA
CNC;DCF;CNC;CHG;Defect;CHG000010306860;Priority 4;NA
CNC;ETH;CNC;CHG;Defect;CHG000010307104;Priority 4;NA
L1;ETH;CNC;CHG;OK;CHG000010307413;Priority 4;NA
CNC;LAT;CNC;CHG;OK;CHG000010307437;Priority 4;NA
CNC;LAT;CNC;CHG;OK;CHG000010307466;Priority 4;NA
CNC;DCF;CNC;CHG;OK;CHG000010307775;Priority 4;NA
CNC;812;CNC;CHG;OK;CHG000010307776;Priority 4;NA
CNC;812;CNC;CHG;OK;CHG000010307781;Priority 4;NA
CNC;812;CNC;CHG;OK;CHG000010307804;Priority 4;NA
CNC;812;CNC;CHG;OK;CHG000010307811;Priority 4;NA
CNC;812;CNC;CHG;Defect;CHG000010307916;Priority 4;NA
CNC;BWI;CNC;CHG;OK;CHG000010308420;Priority 4;NA
CNC;BWI;CNC;CHG;OK;CHG000010308753;Priority 4;NA
CNC;LAT;CNC;CHG;Defect;CHG000010308800;Priority 4;NA
CNC;812;CNC;CHG;OK;CHG000010309253;Priority 4;NA
CNC;812;CNC;CHG;OK;CHG000010309254;Priority 4;NA
CNC;812;CNC;CHG;OK;CHG000010309255;Priority 4;NA
CNC;812;CNC;CHG;OK;CHG000010309459;Priority 4;NA
CNC;812;CNC;CHG;OK;CHG000010310976;Priority 4;NA
CNC;812;CNC;CHG;OK;CHG000010310977;Priority 4;NA
CNC;812;CNC;CHG;OK;CHG000010310978;Priority 4;NA
CNC;812;CNC;CHG;OK;CHG000010310979;Priority 4;NA
CNC;EES;CNC;CHG;OK;CHG000010311288;Priority 4;NA
CNC;812;CNC;CHG;OK;CHG000010313746;Priority 4;NA
CNC;LAT;CNC;CHG;OK;CHG000010313867;Priority 4;NA
CNC;DCF;CNC;CHG;Defect;CHG000010313995;Priority 4;NA
L1;DCF;CNC;CHG;Defect;CHG000010314003;Priority 4;NA
CNC;MNT;CNC;CHG;Defect;CHG000010314022;Priority 4;NA
CNC;DPY;CNC;CHG;OK;CHG000010314039;Priority 4;NA
CNC;812;CNC;CHG;OK;CHG000010314209;Priority 4;NA
CNC;EES;CNC;CHG;OK;CHG000010314332;Priority 4;NA
CNC;ETH;CNC;CHG;Defect;CHG000010314424;Priority 4;NA
CNC;ETH;CNC;CHG;OK;CHG000010314428;Priority 4;NA
CNC;LAT;CNC;CHG;OK;CHG000010314647;Priority 4;NA
L1;ETH;CNC;CHG;OK;CHG000010314949;Priority 4;NA
CNC;DPY;CNC;CHG;OK;CHG000010314983;Priority 4;NA
CNC;DPY;CNC;CHG;Defect;CHG000010315406;Priority 4;NA
CNC;BWI;CNC;CHG;OK;CHG000010315688;Priority 4;NA
CNC;DCF;CNC;CHG;OK;CHG000010315982;Priority 4;NA
CNC;BWI;CNC;CHG;OK;CHG000010316128;Priority 4;NA
CNC;BWI;CNC;CHG;OK;CHG000010316131;Priority 4;NA
CNC;DPY;CNC;CHG;OK;CHG000010316186;Priority 4;NA
CNC;812;CNC;CHG;OK;CHG000010316201;Priority 4;NA
CNC;812;CNC;CHG;OK;CHG000010316202;Priority 4;NA
CNC;812;CNC;CHG;OK;CHG000010316203;Priority 4;NA
CNC;812;CNC;CHG;OK;CHG000010316204;Priority 4;NA
CNC;812;CNC;CHG;Defect;CHG000010316205;Priority 4;NA
CNC;812;CNC;CHG;Defect;CHG000010316208;Priority 4;NA
CNC;812;CNC;CHG;Defect;CHG000010316280;Priority 4;NA
CNC;ETH;CNC;CHG;OK;CHG000010316474;Priority 4;NA
CNC;MNT;CNC;CHG;OK;CHG000010318001;Priority 4;NA
CNC;MNT;CNC;CHG;OK;CHG000010318345;Priority 4;NA
SCH;812;SCH;CHG;OK;CHG000010322395;Priority 4;NA
None;OXE;CNC;CHG;Defect;CHG000010322413;Priority 4;NA
CNC;ETH;CNC;CHG;Defect;CHG000010323048;Priority 4;NA
CNC;DCF;CNC;CHG;OK;CHG000010323107;Priority 4;NA
CNC;DCF;CNC;CHG;OK;CHG000010323122;Priority 4;NA
SCH;812;SCH;CHG;OK;CHG000010323311;Priority 4;NA
CNC;DCF;CNC;CHG;Defect;CHG000010324590;Priority 4;NA
CNC;BWI;CNC;CHG;Defect;CHG000010324819;Priority 3;NA
DBA;812;CNC;CHG;OK;CHG000010325319;Priority 4;NA
CNC;DCF;CNC;CHG;OK;CHG000010325623;Priority 4;NA
DBA;812;CNC;CHG;OK;CHG000010325907;Priority 4;NA
CNC;812;CNC;CHG;OK;CHG000010325974;Priority 4;NA
CNC;812;MON;CHG;OK;CHG000010331034;Priority 4;NA
CNC;812;MON;CHG;OK;CHG000010331035;Priority 4;NA
CNC;812;MON;CHG;OK;CHG000010331036;Priority 4;NA
CNC;DCF;CNC;CHG;OK;CHG000010331686;Priority 4;NA
CNC;DCF;CNC;CHG;OK;CHG000010331696;Priority 4;NA
CNC;812;CNC;CHG;OK;CHG000010332014;Priority 4;NA
DBA;812;CNC;CHG;Defect;CHG000010332037;Priority 4;NA
CNC;812;MON;CHG;OK;CHG000010332374;Priority 4;NA
CNC;812;MON;CHG;OK;CHG000010332375;Priority 4;NA
CNC;812;MON;CHG;Defect;CHG000010332376;Priority 4;NA
CNC;812;MON;CHG;Defect;CHG000010332377;Priority 4;NA
CNC;ETH;L1 ;CHG;OK;CHG000010332485;Priority 4;NA
L1;MNT;L1 ;CHG;Defect;CHG000010333273;Priority 4;NA
CNC;ETH;L1 ;CHG;OK;CHG000010336070;Priority 4;NA
CNC;812;MON;CHG;Defect;CHG000010340171;Priority 4;NA
CNC;812;MON;CHG;Defect;CHG000010340172;Priority 4;NA
CNC;812;MON;CHG;Defect;CHG000010340174;Priority 4;NA
CNC;ETH;L1 ;CHG;OK;CHG000010340394;Priority 4;NA
CNC;812;CNC;CHG;OK;CHG000010341244;Priority 4;NA
L1;ETH;L1 ;CHG;Defect;CHG000010341575;Priority 4;NA
CNC;812;MON;CHG;Defect;CHG000010343157;Priority 4;NA
CNC;812;MON;CHG;Defect;CHG000010343170;Priority 4;NA
CNC;812;MON;CHG;Defect;CHG000010345869;Priority 4;NA
SEC;812;L1 ;CHG;Defect;CHG000010348468;Priority 4;NA
SEC;812;L1 ;CHG;Defect;CHG000010348595;Priority 4;NA
CNC;812;CNC;CHG;Defect;CHG000010348830;Priority 4;NA
CNC;812;CNC;CHG;Defect;CHG000010349008;Priority 4;NA
SEC;812;L1 ;CHG;Defect;CHG000010349091;Priority 4;NA
SEC;812;L1 ;CHG;Defect;CHG000010349092;Priority 4;NA
SEC;812;L1 ;CHG;Defect;CHG000010349095;Priority 4;NA
CNC;812;CNC;CHG;Defect;CHG000010349597;Priority 4;NA
L1;EES;CNC;CHG;Defect;CHG000010350476;Priority 4;NA
CNC;812;CNC;CHG;Defect;CHG000010350935;Priority 2;NA
CNC;812;CNC;CHG;Defect;CHG000010351270;Priority 4;NA
CNC;812;CNC;CHG;OK;CHG000010353248;Priority 4;NA
CNC;812;MON;CHG;Defect;CHG000010355787;Priority 4;NA
CNC;812;MON;CHG;OK;CHG000010356929;Priority 4;NA
CNC;812;CNC;CHG;OK;CHG000010357060;Priority 4;NA
CNC;MNT;L1 ;CHG;Defect;CHG000010358162;Priority 4;NA
CNC;DCF;CNC;CHG;Defect;CHG000010377338;Priority 4;NA
CNC;DCF;CNC;CHG;Defect;CHG000010377356;Priority 4;NA
CNC;DCF;CNC;CHG;Defect;CHG000010377412;Priority 4;NA
CNC;DCF;CNC;CHG;Defect;CHG000010378080;Priority 4;NA
CNC;DCF;CNC;CHG;Defect;CHG000010378630;Priority 4;NA
CNC;DCF;CNC;CHG;Defect;CHG000010379573;Priority 4;NA
FIN;812;FUN;INC;OK;INC000014578525;Priority 4;NA
CNC;DXE;CNC;INC;OK;INC000014578895;Priority 4;NA
OPS;EDS;OPS;HK;OK;INC000014579165;Priority 4;NA
FUN;LAT;FUN;INC;OK;INC000014579289;Priority 4;NA
OPS;OXE;OPS;HK;OK;INC000014579508;Priority 4;NA
SCH;LAT;SCH;INC;OK;INC000014579654;Priority 3;NA
FIN;812;FUN;INC;OK;INC000014579955;Priority 4;NA
FUN;ETH;FUN;INC;OK;INC000014580019;Priority 3;NA
CNC;812;CNC;INC;OK;INC000014580302;Priority 3;NA
FUN;MNT;FUN;INC;OK;INC000014580306;Priority 3;NA
OPS;OXE;OPS;HK;OK;INC000014580477;Priority 4;NA
OPS;EDS;OPS;HK;OK;INC000014580640;Priority 4;NA
OPS;EDS;OPS;HK;OK;INC000014580660;Priority 4;NA
OPS;OXE;OPS;HK;OK;INC000014580667;Priority 4;NA
OPS;OXE;OPS;HK;OK;INC000014580695;Priority 4;NA
OPS;OXE;OPS;HK;OK;INC000014580700;Priority 4;NA
FUN;LAT;FUN;INC;OK;INC000014581009;Priority 4;NA
FUN;BWI;FUN;SR;OK;INC000014581036;Priority 3;NA
CNC;EES;CNC;INC;OK;INC000014581133;Priority 3;NA
CNC;ETH;CNC;INC;OK;INC000014581167;Priority 3;NA
CNC;ETH;TEC;INC;OK;INC000014581169;Priority 3;NA
CNC;ETH;CNC;INC;OK;INC000014581170;Priority 3;NA
CNC;ETH;CNC;INC;OK;INC000014581183;Priority 4;NA
CNC;ETH;TEC;INC;OK;INC000014581208;Priority 4;NA
FUN;ETH;FUN;INC;OK;INC000014581296;Priority 3;NA
FUN;LAT;FUN;INC;OK;INC000014581477;Priority 3;NA
FUN;EES;FUN;INC;OK;INC000014581995;Priority 3;NA
FUN;BWI;FUN;INC;OK;INC000014582111;Priority 3;NA
OPS;EDS;OPS;HK;OK;INC000014582309;Priority 4;NA
OPS;EDS;OPS;HK;OK;INC000014582377;Priority 4;NA
FUN;WS;FUN;INC;OK;INC000014582563;Priority 3;NA
L1;812;L1;SR;OK;INC000014582774;Priority 4;NA
OPS;WS;OPS;INC;OK;INC000014583169;Priority 3;NA
FIN;812;FUN;INC;OK;INC000014583332;Priority 4;NA
CNC;812;CNC;INC;OK;INC000014583409;Priority 4;NA
FUN;DXE;FUN;INC;OK;INC000014583457;Priority 3;NA
L1;WS;L1;SR;OK;INC000014583551;Priority 3;NA
CNC;812;CNC;INC;OK;INC000014583560;Priority 4;NA
FUN;812;FUN;SR;OK;INC000014583600;Priority 3;NA
CNC;DXE;CNC;INC;OK;INC000014583609;Priority 3;NA
L1;DXE;L1;SR;OK;INC000014583627;Priority 4;NA
CNC;MNT;CNC;INC;OK;INC000014583644;Priority 3;NA
FUN;OXE;FUN;INC;OK;INC000014583653;Priority 3;NA
FUN;812;FUN;INC;OK;INC000014583877;Priority 4;NA
FUN;812;FUN;INC;OK;INC000014583940;Priority 4;NA
FIN;812;FUN;INC;OK;INC000014583951;Priority 4;NA
SCH;LAT;SCH;INC;OK;INC000014584123;Priority 4;NA
SCH;LAT;SCH;INC;OK;INC000014584124;Priority 4;NA
SCH;LAT;SCH;INC;OK;INC000014584125;Priority 4;NA
SCH;LAT;SCH;INC;OK;INC000014584126;Priority 4;NA
SCH;LAT;SCH;INC;OK;INC000014584127;Priority 4;NA
SCH;LAT;SCH;INC;OK;INC000014584128;Priority 4;NA
SCH;LAT;SCH;INC;OK;INC000014584129;Priority 4;NA
SCH;LAT;SCH;INC;OK;INC000014584131;Priority 4;NA
SCH;LAT;SCH;INC;OK;INC000014584132;Priority 4;NA
SCH;LAT;SCH;INC;OK;INC000014584133;Priority 4;NA
SCH;LAT;SCH;INC;OK;INC000014584135;Priority 4;NA
FUN;812;FUN;INC;OK;INC000014584395;Priority 4;NA
FIN;DXE;FUN;INC;OK;INC000014584415;Priority 4;NA
FUN;BWI;FUN;INC;OK;INC000014584457;Priority 3;NA
FUN;ETH;FUN;INC;OK;INC000014584752;Priority 4;NA
FUN;EDS;FUN;INC;OK;INC000014584753;Priority 4;NA
L1;812;L1;INC;OK;INC000014584792;Priority 3;NA
FUN;812;FUN;INC;OK;INC000014585148;Priority 3;NA
FUN;EDS;FUN;INC;OK;INC000014585609;Priority 4;NA
FUN;DXE;FUN;SR;OK;INC000014586347;Priority 4;NA
FIN;812;FUN;INC;OK;INC000014586383;Priority 4;NA
L1;MNT;L1;SR;OK;INC000014586417;Priority 4;NA
FIN;812;FUN;INC;OK;INC000014586521;Priority 4;NA
FUN;ETH;FUN;INC;OK;INC000014586580;Priority 4;NA
FUN;LAT;FUN;INC;OK;INC000014586617;Priority 3;NA
FUN;BWI;FUN;INC;OK;INC000014586698;Priority 3;NA
L1;MNT;L1;SR;OK;INC000014586700;Priority 4;NA
FIN;OXE;FUN;INC;OK;INC000014586709;Priority 3;NA
FUN;BWI;FUN;INC;OK;INC000014586725;Priority 3;NA
FUN;BWI;FUN;INC;OK;INC000014586742;Priority 2;NA
FUN;BWI;FUN;INC;OK;INC000014586882;Priority 3;NA
FUN;BWI;FUN;SR;OK;INC000014586963;Priority 4;NA
FUN;BWI;FUN;INC;OK;INC000014586986;Priority 3;NA
FUN;LAT;FUN;INC;OK;INC000014587015;Priority 3;NA
FUN;ETH;FUN;INC;OK;INC000014587307;Priority 4;NA
FUN;BWI;FUN;INC;OK;INC000014588012;Priority 3;NA
FIN;BWI;FUN;INC;OK;INC000014588454;Priority 4;NA
FUN;BWI;FUN;SR;OK;INC000014588620;Priority 4;NA
FUN;BWI;FUN;SR;OK;INC000014588636;Priority 4;NA
FUN;BWI;FUN;SR;OK;INC000014588642;Priority 4;NA
FUN;BWI;FUN;INC;OK;INC000014588665;Priority 4;NA
FUN;BWI;FUN;SR;OK;INC000014588687;Priority 3;NA
OPS;EDS;OPS;HK;OK;INC000014588947;Priority 4;NA
L1;MNT;L1;SR;OK;INC000014589136;Priority 4;NA
FIN;812;FUN;INC;OK;INC000014589373;Priority 4;NA
L1;EMS;L1;SR;OK;INC000014589385;Priority 3;NA
FIN;812;FUN;INC;OK;INC000014589453;Priority 4;NA
FUN;OXE;FUN;INC;OK;INC000014589611;Priority 4;NA
FIN;812;FUN;INC;OK;INC000014589738;Priority 4;NA
OPS;EDS;OPS;HK;OK;INC000014589760;Priority 4;NA
FUN;WS;FUN;INC;OK;INC000014589963;Priority 4;NA
FIN;812;FUN;INC;OK;INC000014590012;Priority 4;NA
FIN;812;FUN;INC;OK;INC000014590263;Priority 4;NA
CNC;DXE;CNC;INC;OK;INC000014590267;Priority 4;NA
FIN;DXE;FUN;INC;OK;INC000014590512;Priority 4;NA
FUN;ETH;FUN;INC;OK;INC000014590932;Priority 3;NA
FUN;812;FUN;INC;OK;INC000014590949;Priority 4;NA
FUN;BWI;FUN;INC;OK;INC000014591156;Priority 3;NA
FIN;812;FUN;INC;OK;INC000014591169;Priority 4;NA
FIN;812;FUN;INC;OK;INC000014591315;Priority 4;NA
FIN;812;FUN;INC;OK;INC000014591337;Priority 4;NA
DBA;812;DBA;INC;OK;INC000014591502;Priority 3;NA
FIN;812;FUN;SR;OK;INC000014591516;Priority 4;NA
CNC;812;CNC;INC;OK;INC000014591534;Priority 3;NA
FUN;BWI;FUN;INC;OK;INC000014591849;Priority 4;NA
FUN;812;FUN;INC;OK;INC000014591874;Priority 4;NA
FIN;812;FUN;INC;OK;INC000014591950;Priority 4;NA
FUN;BWI;FUN;INC;OK;INC000014592005;Priority 3;NA
FUN;ETH;FUN;INC;OK;INC000014592057;Priority 3;NA
FIN;BWI;FUN;INC;OK;INC000014592302;Priority 4;NA
L1;BWI;L1;INC;OK;INC000014592882;Priority 3;NA
FUN;BWI;FUN;INC;OK;INC000014593463;Priority 3;NA
L1;BWI;L1;INC;OK;INC000014593597;Priority 4;NA
L1;BWI;L1;INC;OK;INC000014593867;Priority 4;NA
FUN;BWI;FUN;SR;OK;INC000014593878;Priority 4;NA
L1;BWI;L1;INC;OK;INC000014593885;Priority 4;NA
L1;BWI;SCH;INC;OK;INC000014594577;Priority 4;NA
L1;BWI;L1;INC;OK;INC000014594613;Priority 4;NA
SEC;WS;SEC;SR;OK;INC000014594660;Priority 4;NA
L1;MNT;L1;SR;OK;INC000014594772;Priority 3;NA
FUN;ETH;FUN;INC;OK;INC000014594892;Priority 3;NA
FUN;EDS;FUN;INC;OK;INC000014595032;Priority 4;NA
FIN;BWI;FUN;INC;OK;INC000014595053;Priority 4;NA
FUN;BWI;FUN;SR;OK;INC000014595060;Priority 4;NA
FUN;812;FUN;INC;OK;INC000014595070;Priority 4;NA
FUN;812;FUN;INC;OK;INC000014595191;Priority 4;NA
FUN;OXE;FUN;INC;OK;INC000014595244;Priority 4;NA
FUN;812;FUN;SR;OK;INC000014595292;Priority 3;NA
FIN;812;FUN;INC;OK;INC000014595472;Priority 4;NA
FUN;812;FUN;INC;OK;INC000014595628;Priority 4;NA
OPS;EDS;OPS;HK;OK;INC000014595943;Priority 4;NA
SEC;812;SEC;INC;OK;INC000014596006;Priority 3;NA
FUN;812;FUN;INC;OK;INC000014596046;Priority 4;NA
FUN;DXE;FUN;SR;OK;INC000014596182;Priority 3;NA
L1;MNT;L1;SR;OK;INC000014596277;Priority 3;NA
FUN;EDS;FUN;INC;OK;INC000014596324;Priority 3;NA
L1;MNT;L1;SR;OK;INC000014596361;Priority 3;NA
L1;BWI;L1;INC;OK;INC000014596473;Priority 3;NA
FUN;BWI;FUN;INC;OK;INC000014596506;Priority 3;NA
FUN;DXE;FUN;INC;OK;INC000014596599;Priority 4;NA
FUN;DXE;FUN;INC;OK;INC000014596615;Priority 4;NA
FUN;OXE;FUN;INC;OK;INC000014596730;Priority 3;NA
L1;812;L1;SR;OK;INC000014596807;Priority 4;NA
FIN;812;FUN;SR;OK;INC000014596820;Priority 4;NA
L1;BWI;L1;INC;OK;INC000014597200;Priority 3;NA
FUN;EDS;FUN;INC;OK;INC000014597249;Priority 4;NA
FUN;BWI;FUN;INC;OK;INC000014597295;Priority 3;NA
OPS;OXE;OPS;HK;OK;INC000014597642;Priority 4;NA
FUN;BWI;FUN;INC;OK;INC000014597817;Priority 3;NA
FUN;LAT;FUN;INC;OK;INC000014597824;Priority 3;NA
FUN;BWI;FUN;INC;OK;INC000014597963;Priority 3;NA
FUN;BWI;FUN;INC;OK;INC000014598405;Priority 4;NA
FUN;BWI;FUN;INC;OK;INC000014598426;Priority 3;NA
L1;BWI;L1;INC;OK;INC000014598463;Priority 3;NA
FUN;EDS;FUN;INC;OK;INC000014598504;Priority 4;NA
FUN;ETH;FUN;INC;OK;INC000014598614;Priority 3;NA
FUN;ETH;FUN;INC;OK;INC000014598627;Priority 4;NA
FUN;812;FUN;INC;OK;INC000014598667;Priority 3;NA
L1;BWI;L1;INC;OK;INC000014598845;Priority 4;NA
FUN;BWI;FUN;INC;OK;INC000014598856;Priority 3;NA
FUN;DXE;FUN;SR;OK;INC000014599129;Priority 4;NA
SEC;EES;FUN;INC;Defect;INC000014599246;Priority 3;NA
SEC;EES;FUN;SR;OK;INC000014599387;Priority 4;NA
FUN;BWI;FUN;SR;OK;INC000014599656;Priority 4;NA
OPS;WS;OPS;HK;OK;INC000014599815;Priority 3;NA
FIN;812;FUN;INC;OK;INC000014600076;Priority 4;NA
FUN;BWI;FUN;INC;OK;INC000014600232;Priority 4;NA
FIN;812;FUN;INC;OK;INC000014600251;Priority 4;NA
FUN;WS;FUN;INC;OK;INC000014600339;Priority 4;NA
FUN;812;FUN;INC;OK;INC000014600478;Priority 3;NA
FUN;EDS;FUN;INC;OK;INC000014600523;Priority 4;NA
FUN;OXE;FUN;INC;OK;INC000014600566;Priority 4;NA
FUN;812;FUN;INC;OK;INC000014600906;Priority 3;NA
SCH;BWI;SCH;INC;OK;INC000014600973;Priority 4;NA
FUN;WS;FUN;INC;OK;INC000014601017;Priority 3;NA
FUN;812;FUN;INC;OK;INC000014601093;Priority 3;NA
SCH;812;SCH;INC;OK;INC000014601111;Priority 3;NA
FUN;BWI;FUN;INC;OK;INC000014601372;Priority 3;NA
FUN;ETH;FUN;INC;OK;INC000014601615;Priority 4;NA
DBA;812;DBA;INC;OK;INC000014601619;Priority 3;NA
FUN;812;FUN;INC;OK;INC000014601659;Priority 4;NA
FUN;BWI;FUN;INC;OK;INC000014601775;Priority 3;NA
L1;BWI;L1;INC;OK;INC000014602194;Priority 3;NA
FIN;BWI;FUN;INC;OK;INC000014602199;Priority 3;NA
FUN;DXE;FUN;INC;OK;INC000014602440;Priority 4;NA
FUN;WS;FUN;INC;OK;INC000014602452;Priority 3;NA
FUN;812;FUN;INC;OK;INC000014602463;Priority 3;NA
FUN;LAT;FUN;INC;OK;INC000014602814;Priority 3;NA
L1;MNT;L1;SR;OK;INC000014603494;Priority 4;NA
FIN;BWI;FUN;INC;OK;INC000014603583;Priority 4;NA
L1;BWI;L1;INC;OK;INC000014603783;Priority 4;NA
DBA;812;DBA;INC;OK;INC000014604180;Priority 2;NA
FUN;BWI;FUN;INC;OK;INC000014604364;Priority 3;NA
L1;MNT;L1;SR;OK;INC000014604563;Priority 4;NA
CNC;MNT;CNC;INC;OK;INC000014604604;Priority 3;NA
SEC;OXE;SEC;INC;OK;INC000014604783;Priority 3;NA
FUN;812;FUN;INC;OK;INC000014605035;Priority 4;NA
OPS;WS;OPS;HK;OK;INC000014605200;Priority 4;NA
FUN;OXE;FUN;SR;OK;INC000014605390;Priority 4;NA
FIN;812;FUN;INC;OK;INC000014605452;Priority 4;NA
FUN;EDS;FUN;INC;OK;INC000014605468;Priority 3;NA
FIN;812;FUN;INC;OK;INC000014605511;Priority 4;NA
FUN;BWI;FUN;INC;OK;INC000014605520;Priority 3;NA
FIN;DXE;FUN;INC;OK;INC000014605549;Priority 4;NA
CNC;OXE;CNC;INC;OK;INC000014605578;Priority 4;NA
FUN;812;FUN;SR;OK;INC000014605720;Priority 3;NA
FUN;812;FUN;SR;OK;INC000014605732;Priority 3;NA
FUN;DXE;FUN;INC;OK;INC000014605744;Priority 3;NA
FUN;ETH;FUN;INC;OK;INC000014605992;Priority 3;NA
FUN;OXE;FUN;INC;OK;INC000014606062;Priority 4;NA
FUN;812;FUN;INC;OK;INC000014606090;Priority 3;NA
FUN;BWI;FUN;INC;OK;INC000014606483;Priority 4;NA
FUN;OXE;FUN;INC;OK;INC000014606672;Priority 3;NA
CNC;812;CNC;INC;OK;INC000014607002;Priority 3;NA
L1;ETH;L1;INC;OK;INC000014607066;Priority 3;NA
CNC;812;CNC;INC;OK;INC000014607126;Priority 4;NA
FIN;LAT;FUN;INC;OK;INC000014607371;Priority 3;NA
FUN;BWI;FUN;SR;OK;INC000014607416;Priority 4;NA
FUN;LAT;FUN;INC;OK;INC000014607509;Priority 4;NA
FUN;BWI;FUN;INC;OK;INC000014607521;Priority 3;NA
FUN;BWI;FUN;INC;OK;INC000014607593;Priority 4;NA
FUN;BWI;FUN;INC;OK;INC000014607637;Priority 3;NA
L1;BWI;L1;INC;OK;INC000014607753;Priority 3;NA
OPS;EDS;OPS;HK;OK;INC000014607805;Priority 3;NA
FUN;BWI;FUN;INC;OK;INC000014607902;Priority 3;NA
L1;MNT;L1;SR;OK;INC000014607998;Priority 3;NA
L1;MNT;L1;SR;OK;INC000014608014;Priority 3;NA
L1;BWI;L1;INC;OK;INC000014608136;Priority 3;NA
FUN;BWI;FUN;INC;OK;INC000014608308;Priority 4;NA
FUN;BWI;FUN;INC;OK;INC000014608416;Priority 4;NA
FUN;BWI;FUN;INC;OK;INC000014609212;Priority 3;NA
OPS;WS;OPS;HK;OK;INC000014609791;Priority 3;NA
OPS;EMS;OPS;HK;OK;INC000014609992;Priority 3;NA
SCH;LAT;SCH;INC;OK;INC000014610595;Priority 3;NA
SCH;LAT;SCH;INC;OK;INC000014610597;Priority 3;NA
SCH;LAT;SCH;INC;OK;INC000014610598;Priority 3;NA
SCH;LAT;SCH;INC;OK;INC000014610599;Priority 3;NA
SCH;LAT;SCH;INC;OK;INC000014610601;Priority 3;NA
SCH;LAT;SCH;INC;OK;INC000014610602;Priority 3;NA
SCH;LAT;SCH;INC;OK;INC000014610603;Priority 3;NA
SCH;LAT;SCH;INC;OK;INC000014610604;Priority 3;NA
L1;ETH;L1;INC;OK;INC000014611006;Priority 3;NA
OPS;EDS;OPS;HK;OK;INC000014611419;Priority 3;NA
CNC;MNT;CNC;INC;OK;INC000014611477;Priority 4;NA
L1;MNT;L1;SR;OK;INC000014611531;Priority 4;NA
FUN;EMS;FUN;SR;OK;INC000014611569;Priority 3;NA
SEC;812;SEC;INC;OK;INC000014611952;Priority 3;NA
FIN;812;FUN;INC;OK;INC000014611984;Priority 4;NA
FUN;WS;FUN;INC;OK;INC000014612053;Priority 4;NA
FUN;812;FUN;INC;OK;INC000014612055;Priority 3;NA
APS;ETH;APS;INC;OK;INC000014612173;Priority 3;NA
FIN;812;FUN;INC;OK;INC000014612281;Priority 4;NA
FIN;DXE;FUN;INC;OK;INC000014612379;Priority 4;NA
FIN;DXE;FUN;SR;OK;INC000014612514;Priority 3;NA
FUN;812;FUN;INC;OK;INC000014612648;Priority 3;NA
FIN;812;FUN;INC;OK;INC000014612730;Priority 3;NA
FUN;OXE;FUN;SR;OK;INC000014612831;Priority 3;NA
FIN;812;FUN;INC;OK;INC000014613165;Priority 4;NA
CNC;DXE;CNC;INC;OK;INC000014613328;Priority 4;NA
OPS;EDS;OPS;HK;OK;INC000014613341;Priority 4;NA
FUN;DXE;FUN;INC;OK;INC000014613633;Priority 3;NA
SEC;WS;SEC;INC;OK;INC000014613708;Priority 3;NA
FUN;EDS;FUN;INC;OK;INC000014613778;Priority 3;NA
SEC;EES;FUN;INC;OK;INC000014613789;Priority 4;NA
L1;EDS;L1;SR;OK;INC000014614613;Priority 3;NA
L1;WS;OPS;INC;OK;INC000014614620;Priority 3;NA
FIN;812;FUN;INC;OK;INC000014614791;Priority 4;NA
APS;EES;APS;INC;OK;INC000014615077;Priority 3;NA
FIN;812;FUN;INC;OK;INC000014615199;Priority 4;NA
APS;EES;APS;INC;OK;INC000014615220;Priority 4;NA
APS;EES;APS;INC;OK;INC000014615919;Priority 3;NA
FUN;CAN;FUN;INC;OK;INC000014616084;Priority 3;NA
L1;BWI;L1;INC;OK;INC000014616233;Priority 3;NA
L1;BWI;L1;INC;OK;INC000014616243;Priority 3;NA
FUN;EMS;FUN;INC;OK;INC000014616715;Priority 3;NA
FUN;BWI;FUN;INC;OK;INC000014617098;Priority 3;NA
OPS;EDS;OPS;HK;OK;INC000014617338;Priority 4;NA
OPS;OXE;OPS;HK;OK;INC000014617349;Priority 4;NA
FUN;EMS;FUN;INC;OK;INC000014617425;Priority 4;NA
FUN;LAT;FUN;INC;OK;INC000014617496;Priority 3;NA
FUN;LAT;FUN;INC;OK;INC000014617517;Priority 3;NA
FUN;LAT;FUN;INC;OK;INC000014617525;Priority 3;NA
FUN;EDS;FUN;INC;OK;INC000014617675;Priority 3;NA
FUN;812;FUN;INC;OK;INC000014617996;Priority 3;NA
OPS;EDS;OPS;HK;OK;INC000014618089;Priority 4;NA
FIN;812;FUN;INC;OK;INC000014618090;Priority 4;NA
CNC;812;CNC;INC;OK;INC000014618203;Priority 4;NA
L1;812;L1;SR;OK;INC000014618761;Priority 4;NA
CNC;812;CNC;INC;OK;INC000014618923;Priority 3;NA
CNC;OXE;CNC;INC;OK;INC000014618979;Priority 3;NA
FIN;812;FUN;INC;OK;INC000014619198;Priority 4;NA
FUN;OXE;FUN;INC;OK;INC000014619315;Priority 3;NA
FUN;ETH;FUN;INC;OK;INC000014619506;Priority 3;NA
FUN;812;FUN;INC;OK;INC000014619630;Priority 3;NA
FIN;812;FUN;INC;OK;INC000014619735;Priority 4;NA
L1;812;L1;INC;OK;INC000014619954;Priority 3;NA
FUN;ETH;FUN;INC;OK;INC000014620048;Priority 4;NA
FUN;COR;FUN;INC;OK;INC000014620059;Priority 3;NA
FUN;LAT;FUN;INC;OK;INC000014620108;Priority 4;NA
FUN;LAT;FUN;INC;OK;INC000014620126;Priority 4;NA
L1;812;L1;INC;OK;INC000014620322;Priority 3;NA
FUN;LAT;FUN;INC;OK;INC000014620526;Priority 3;NA
FUN;MNT;FUN;INC;OK;INC000014620548;Priority 4;NA
FUN;LAT;FUN;INC;OK;INC000014620585;Priority 3;NA
SEC;WS;SEC;INC;OK;INC000014621683;Priority 4;NA
FUN;BWI;FUN;INC;OK;INC000014621751;Priority 3;NA
FUN;BWI;FUN;INC;OK;INC000014621845;Priority 3;NA
DBA;812;DBA;INC;OK;INC000014622026;Priority 4;NA
OPS;EDS;OPS;HK;OK;INC000014622620;Priority 3;NA
FUN;WS;FUN;INC;OK;INC000014622810;Priority 4;NA
FUN;812;FUN;INC;OK;INC000014623197;Priority 3;NA
FUN;DXE;FUN;INC;OK;INC000014623211;Priority 3;NA
FUN;812;FUN;INC;OK;INC000014623213;Priority 4;NA
FIN;812;FUN;INC;OK;INC000014623246;Priority 4;NA
DBA;812;DBA;INC;OK;INC000014623417;Priority 3;NA
FUN;DXE;FUN;INC;OK;INC000014623563;Priority 3;NA
FUN;812;FUN;INC;OK;INC000014623623;Priority 3;NA
FIN;812;FUN;INC;OK;INC000014623635;Priority 4;NA
L1;MNT;L1;SR;OK;INC000014623822;Priority 4;NA
OPS;WS;OPS;SR;OK;INC000014624109;Priority 3;NA
FUN;WS;FUN;INC;OK;INC000014624147;Priority 3;NA
FUN;BWI;FUN;INC;OK;INC000014624236;Priority 3;NA
SEC;OXE;SEC;INC;Defect;INC000014624449;Priority 4;NA
OPS;OXE;OPS;HK;OK;INC000014624470;Priority 4;NA
FIN;812;FUN;INC;OK;INC000014624498;Priority 4;NA
FUN;ETH;FUN;INC;OK;INC000014624507;Priority 3;NA
FUN;ETH;FUN;INC;OK;INC000014624518;Priority 3;NA
FUN;OXE;FUN;INC;OK;INC000014624593;Priority 3;NA
L1;ETH;L1;INC;OK;INC000014624622;Priority 4;NA
L1;812;L1;SR;OK;INC000014624684;Priority 4;NA
FUN;LAT;FUN;INC;OK;INC000014624725;Priority 3;NA
FUN;ETH;FUN;INC;OK;INC000014624865;Priority 3;NA
FUN;812;FUN;INC;OK;INC000014624938;Priority 3;NA
CNC;812;CNC;INC;OK;INC000014625181;Priority 3;NA
FIN;OXE;FUN;INC;OK;INC000014625191;Priority 4;NA
FUN;812;FUN;INC;OK;INC000014626565;Priority 3;NA
L1;BWI;L1;INC;OK;INC000014626694;Priority 3;NA
FUN;BWI;FUN;SR;OK;INC000014626731;Priority 4;NA
L1;BWI;L1;SR;OK;INC000014627102;Priority 4;NA
OPS;OXE;OPS;HK;OK;INC000014627972;Priority 4;NA
FUN;OXE;FUN;INC;OK;INC000014628157;Priority 3;NA
FIN;812;FUN;INC;OK;INC000014628208;Priority 4;NA
FUN;812;FUN;INC;OK;INC000014628666;Priority 3;NA
FUN;812;FUN;INC;OK;INC000014628675;Priority 3;NA
SEC;EDS;SEC;SR;OK;INC000014628737;Priority 4;NA
OPS;EDS;OPS;INC;OK;INC000014628744;Priority 4;NA
FIN;812;FUN;INC;OK;INC000014628754;Priority 4;NA
SEC;EDS;SEC;INC;OK;INC000014628833;Priority 4;NA
OPS;EDS;OPS;INC;OK;INC000014628898;Priority 4;NA
FUN;ETH;FUN;INC;OK;INC000014628900;Priority 3;NA
OPS;EDS;OPS;INC;OK;INC000014628918;Priority 4;NA
OPS;EDS;OPS;INC;OK;INC000014628927;Priority 4;NA
OPS;EDS;OPS;INC;OK;INC000014628929;Priority 4;NA
APS;ETH;APS;INC;OK;INC000014628950;Priority 3;NA
OPS;EDS;OPS;INC;OK;INC000014628993;Priority 4;NA
OPS;EDS;OPS;INC;OK;INC000014629016;Priority 4;NA
FUN;812;FUN;INC;OK;INC000014629025;Priority 3;NA
FUN;BWI;FUN;INC;OK;INC000014629436;Priority 3;NA
CNC;DXE;CNC;INC;OK;INC000014629502;Priority 4;NA
FUN;812;FUN;INC;OK;INC000014629509;Priority 4;NA
OPS;EDS;OPS;INC;OK;INC000014629655;Priority 4;NA
FUN;812;FUN;SR;OK;INC000014629690;Priority 3;NA
L1;BWI;L1;INC;OK;INC000014629693;Priority 3;NA
FUN;812;FUN;INC;OK;INC000014629807;Priority 3;NA
FUN;CAN;FUN;INC;OK;INC000014630301;Priority 3;NA
SCH;BWI;SCH;INC;OK;INC000014630407;Priority 3;NA
FIN;812;FUN;INC;OK;INC000014630442;Priority 4;NA
L1;OXE;L1;INC;OK;INC000014630669;Priority 4;NA
FUN;BWI;FUN;INC;OK;INC000014630953;Priority 4;NA
FIN;BWI;FUN;SR;OK;INC000014631281;Priority 4;NA
FUN;CAN;FUN;INC;OK;INC000014631426;Priority 3;NA
L1;BWI;L1;INC;OK;INC000014631525;Priority 4;NA
FUN;812;FUN;INC;OK;INC000014631532;Priority 3;NA
SCH;LAT;SCH;INC;OK;INC000014631791;Priority 4;NA
FUN;BWI;FUN;INC;OK;INC000014631806;Priority 3;NA
OPS;WS;OPS;HK;OK;INC000014632439;Priority 4;NA
OPS;EDS;OPS;HK;OK;INC000014632445;Priority 4;NA
L1;MNT;L1;SR;OK;INC000014632703;Priority 4;NA
CNC;812;CNC;INC;OK;INC000014632823;Priority 3;NA
FIN;812;FUN;INC;OK;INC000014632845;Priority 4;NA
SEC;EDS;SEC;SR;OK;INC000014632875;Priority 4;NA
SEC;812;SEC;INC;OK;INC000014632888;Priority 4;NA
FIN;812;FUN;INC;OK;INC000014632927;Priority 4;NA
FUN;BWI;FUN;SR;OK;INC000014633684;Priority 3;NA
FIN;OXE;FUN;INC;OK;INC000014633767;Priority 4;NA
FIN;812;FUN;INC;OK;INC000014633907;Priority 4;NA
L1;812;L1;HK;OK;INC000014634427;Priority 3;NA
CNC;812;CNC;INC;OK;INC000014634773;Priority 4;NA
FUN;BWI;FUN;SR;OK;INC000014635397;Priority 3;NA
FUN;BWI;FUN;INC;Defect;INC000014635519;Priority 4;NA
APS;EES;APS;INC;OK;INC000014635524;Priority 4;NA
FUN;ETH;FUN;INC;OK;INC000014635558;Priority 3;NA
OPS;OXE;OPS;HK;OK;INC000014635612;Priority 4;NA
L1;BWI;L1;INC;OK;INC000014635927;Priority 4;NA
L1;812;L1;INC;OK;INC000014635997;Priority 3;NA
CNC;BWI;CNC;INC;OK;INC000014636008;Priority 4;NA
L1;BWI;L1;INC;OK;INC000014636128;Priority 4;NA
CNC;812;CNC;INC;OK;INC000014636222;Priority 4;NA
SCH;LAT;SCH;INC;OK;INC000014636289;Priority 3;NA
SCH;LAT;SCH;INC;OK;INC000014636297;Priority 4;NA
CNC;ETH;CNC;INC;OK;INC000014636813;Priority 4;NA
FUN;LAT;FUN;SR;OK;INC000014636985;Priority 3;NA
CNC;812;CNC;INC;OK;INC000014637045;Priority 3;NA
L1;BWI;L1;INC;OK;INC000014637158;Priority 3;NA
FUN;BWI;FUN;SR;OK;INC000014637433;Priority 4;NA
CNC;ETH;CNC;INC;OK;INC000014637479;Priority 4;NA
OPS;OXE;OPS;HK;OK;INC000014637573;Priority 4;NA
FUN;BWI;FUN;INC;OK;INC000014637717;Priority 3;NA
OPS;EDS;OPS;HK;OK;INC000014637764;Priority 4;NA
FUN;BWI;FUN;INC;OK;INC000014637831;Priority 3;NA
CNC;812;CNC;INC;OK;INC000014638022;Priority 4;NA
APS;EES;APS;INC;OK;INC000014638681;Priority 3;NA
OPS;EMS;OPS;HK;OK;INC000014638773;Priority 3;NA
FUN;ETH;FUN;INC;OK;INC000014639724;Priority 4;NA
OPS;OXE;TEC;HK;OK;INC000014639874;Priority 4;NA
FIN;OXE;FUN;INC;Defect;INC000014639948;Priority 4;NA
FUN;812;FUN;INC;OK;INC000014640221;Priority 4;NA
FUN;OXE;FUN;INC;OK;INC000014640546;Priority 4;NA
FUN;812;FUN;INC;OK;INC000014640819;Priority 4;NA
FIN;DXE;FUN;SR;OK;INC000014640936;Priority 4;NA
FUN;812;FUN;INC;OK;INC000014641046;Priority 4;NA
FUN;812;FUN;SR;OK;INC000014641160;Priority 4;NA
OPS;OXE;TEC;HK;OK;INC000014641238;Priority 4;NA
FIN;OXE;FUN;INC;OK;INC000014641266;Priority 4;NA
FUN;812;FUN;INC;OK;INC000014641618;Priority 4;NA
CNC;812;CNC;SR;OK;INC000014641777;Priority 4;NA
SEC;LAT;SEC;INC;OK;INC000014642017;Priority 4;NA
FIN;812;FUN;INC;OK;INC000014642034;Priority 4;NA
FUN;OXE;FUN;INC;OK;INC000014642311;Priority 4;NA
FUN;BWI;FUN;SR;OK;INC000014642452;Priority 4;NA
FIN;812;FUN;INC;OK;INC000014642461;Priority 4;NA
FUN;812;FUN;INC;OK;INC000014642621;Priority 4;NA
FUN;812;FUN;INC;OK;INC000014642681;Priority 4;NA
FIN;OXE;FUN;INC;OK;INC000014642725;Priority 4;NA
FUN;LAT;FUN;INC;Defect;INC000014642891;Priority 4;NA
FIN;812;FUN;INC;OK;INC000014642992;Priority 4;NA
FUN;812;FUN;SR;OK;INC000014643232;Priority 4;NA
CNC;DCF;CNC;INC;OK;INC000014643386;Priority 4;NA
FUN;BWI;FUN;SR;Defect;INC000014643433;Priority 4;NA
CNC;BWI;CNC;INC;OK;INC000014643443;Priority 4;NA
CNC;ETH;CNC;INC;OK;INC000014644219;Priority 4;NA
FUN;812;FUN;INC;OK;INC000014644307;Priority 4;NA
FUN;MNT;FUN;INC;OK;INC000014644593;Priority 4;NA
FUN;BWI;FUN;SR;OK;INC000014644830;Priority 4;NA
DBA;812;DBA;INC;OK;INC000014645250;Priority 4;NA
APS;EES;APS;INC;OK;INC000014645772;Priority 4;NA
FUN;812;FUN;INC;OK;INC000014646196;Priority 4;NA
CNC;812;CNC;SR;OK;INC000014646267;Priority 4;NA
CNC;812;CNC;INC;OK;INC000014646290;Priority 4;NA
FIN;DXE;FUN;INC;OK;INC000014646390;Priority 4;NA
FUN;BWI;FUN;INC;OK;INC000014646624;Priority 4;NA
FIN;812;FUN;INC;OK;INC000014646653;Priority 4;NA
FUN;BWI;FUN;INC;OK;INC000014647191;Priority 4;NA
FUN;WS;FUN;INC;OK;INC000014647218;Priority 4;NA
CNC;812;CNC;SR;OK;INC000014647249;Priority 4;NA
OPS;EDS;OPS;HK;OK;INC000014647481;Priority 4;NA
CNC;OXE;CNC;INC;OK;INC000014647630;Priority 4;NA
FUN;EES;FUN;INC;OK;INC000014647750;Priority 4;NA
FUN;BWI;FUN;INC;Defect;INC000014647828;Priority 4;NA
FUN;812;FUN;INC;OK;INC000014648228;Priority 4;NA
FUN;812;FUN;INC;OK;INC000014648241;Priority 4;NA
FUN;BWI;FUN;SR;OK;INC000014648284;Priority 4;NA
FIN;812;FUN;INC;OK;INC000014648463;Priority 4;NA
FIN;OXE;FUN;SR;OK;INC000014648499;Priority 4;NA
CNC;BWI;CNC;SR;OK;INC000014648930;Priority 4;NA
FUN;BWI;FUN;INC;OK;INC000014648994;Priority 4;NA
FUN;ETH;FUN;INC;OK;INC000014649692;Priority 4;NA
FUN;BWI;FUN;INC;OK;INC000014650040;Priority 4;NA
DBA;812;DBA;INC;OK;INC000014650042;Priority 4;NA
L1;BWI;L1;INC;OK;INC000014650085;Priority 4;NA
CNC;812;CNC;INC;OK;INC000014650135;Priority 4;NA
FIN;LAT;FUN;INC;OK;INC000014650387;Priority 4;NA
OPS;OXE;TEC;HK;OK;INC000014650875;Priority 4;NA
OPS;EDS;OPS;HK;OK;INC000014650877;Priority 4;NA
FIN;812;FUN;INC;OK;INC000014651741;Priority 4;NA
FUN;812;FUN;INC;OK;INC000014651764;Priority 4;NA
FIN;812;FUN;INC;OK;INC000014651879;Priority 4;NA
DBA;812;DBA;INC;OK;INC000014651930;Priority 4;NA
FIN;812;FUN;INC;OK;INC000014651950;Priority 4;NA
FIN;812;FUN;INC;OK;INC000014651962;Priority 4;NA
FIN;OXE;FUN;INC;OK;INC000014652042;Priority 4;NA
FIN;OXE;FUN;INC;OK;INC000014652095;Priority 4;NA
FIN;812;FUN;INC;OK;INC000014652141;Priority 4;NA
SEC;EDS;SEC;SR;OK;INC000014652149;Priority 4;NA
FUN;COR;FUN;INC;OK;INC000014652220;Priority 4;NA
L1;MNT;L1;SR;OK;INC000014652400;Priority 4;NA
FUN;LAT;FUN;INC;OK;INC000014652409;Priority 4;NA
FUN;812;FUN;INC;OK;INC000014652533;Priority 4;NA
FUN;812;FUN;INC;OK;INC000014652562;Priority 4;NA
FUN;LAT;FUN;INC;OK;INC000014652564;Priority 4;NA
FUN;812;FUN;INC;OK;INC000014652686;Priority 4;NA
FIN;OXE;FUN;INC;OK;INC000014652722;Priority 4;NA
FUN;ETH;FUN;INC;OK;INC000014652878;Priority 4;NA
FIN;812;FUN;INC;OK;INC000014653226;Priority 4;NA
FUN;812;FUN;INC;OK;INC000014653365;Priority 4;NA
FUN;ETH;FUN;INC;OK;INC000014653522;Priority 4;NA
FUN;812;FUN;INC;OK;INC000014653847;Priority 4;NA
CNC;812;CNC;INC;OK;INC000014653920;Priority 4;NA
CNC;MNT;CNC;INC;OK;INC000014654188;Priority 4;NA
SEC;EMS;SEC;INC;OK;INC000014655049;Priority 4;NA
L1;BWI;L1;INC;OK;INC000014655372;Priority 4;NA
SEC;EMS;SEC;INC;OK;INC000014655475;Priority 4;NA
OPS;OXE;TEC;HK;OK;INC000014655910;Priority 4;NA
OPS;EDS;OPS;HK;OK;INC000014656266;Priority 4;NA
OPS;EDS;OPS;HK;OK;INC000014656510;Priority 4;NA
FIN;812;FUN;INC;OK;INC000014656867;Priority 4;NA
L1;MNT;L1;SR;OK;INC000014657250;Priority 4;NA
FIN;812;FUN;INC;OK;INC000014657441;Priority 4;NA
FIN;812;FUN;INC;OK;INC000014657709;Priority 4;NA
FIN;812;FUN;INC;OK;INC000014657807;Priority 4;NA
FUN;812;FUN;INC;OK;INC000014657868;Priority 4;NA
FUN;812;FUN;INC;OK;INC000014658454;Priority 4;NA
FUN;CAN;FUN;INC;OK;INC000014658458;Priority 4;NA
CNC;OXE;CNC;INC;OK;INC000014658788;Priority 4;NA
FIN;812;FUN;INC;OK;INC000014658980;Priority 4;NA
CNC;MNT;CNC;INC;OK;INC000014659003;Priority 4;NA
FUN;BWI;FUN;INC;OK;INC000014659458;Priority 4;NA
FUN;LAT;FUN;SR;OK;INC000014659502;Priority 4;NA
OPS;EDS;OPS;HK;OK;INC000014660068;Priority 4;NA
FIN;MNT;FUN;INC;OK;INC000014660625;Priority 4;NA
FUN;BWI;FUN;INC;Defect;INC000014660681;Priority 4;NA
SCH;LAT;SCH;INC;OK;INC000014661868;Priority 4;NA
FIN;812;FUN;INC;OK;INC000014662130;Priority 4;NA
CNC;DCF;CNC;INC;OK;INC000014662162;Priority 4;NA
L1;MNT;L1;SR;OK;INC000014662188;Priority 4;NA
FIN;812;FUN;INC;OK;INC000014662239;Priority 4;NA
FIN;DXE;FUN;INC;OK;INC000014662496;Priority 4;NA
FUN;812;FUN;INC;OK;INC000014662501;Priority 4;NA
FUN;812;FUN;INC;OK;INC000014662626;Priority 4;NA
FUN;WS;FUN;INC;OK;INC000014662737;Priority 4;NA
FIN;812;FUN;INC;OK;INC000014662804;Priority 4;NA
FIN;DXE;FUN;INC;OK;INC000014662940;Priority 4;NA
CNC;MNT;CNC;SR;OK;INC000014663034;Priority 4;NA
FUN;ETH;FUN;INC;OK;INC000014663043;Priority 4;NA
FUN;BWI;FUN;INC;OK;INC000014663075;Priority 4;NA
FUN;MNT;FUN;INC;OK;INC000014663506;Priority 4;NA
FUN;812;FUN;INC;OK;INC000014663518;Priority 4;NA
FUN;ETH;FUN;INC;OK;INC000014664305;Priority 4;NA
FIN;812;FUN;INC;OK;INC000014664551;Priority 4;NA
CNC;MNT;CNC;INC;OK;INC000014664614;Priority 4;NA
SEC;EMS;SEC;SR;OK;INC000014664921;Priority 4;NA
L1;BWI;L1;INC;OK;INC000014665350;Priority 4;NA
OPS;EDS;OPS;HK;OK;INC000014665403;Priority 4;NA
OPS;EDS;OPS;HK;OK;INC000014665420;Priority 4;NA
L1;BWI;L1;INC;OK;INC000014665501;Priority 4;NA
OPS;EMS;OPS;HK;OK;INC000014665592;Priority 4;NA
SCH;LAT;SCH;INC;OK;INC000014665852;Priority 4;NA
FUN;ETH;FUN;INC;OK;INC000014666410;Priority 4;NA
FUN;BWI;FUN;INC;OK;INC000014666859;Priority 4;NA
FUN;BWI;FUN;SR;OK;INC000014667091;Priority 4;NA
OPS;EMS;OPS;HK;OK;INC000014667196;Priority 4;NA
L1;BWI;L1;INC;OK;INC000014667343;Priority 4;NA
L1;MNT;L1;SR;OK;INC000014667344;Priority 4;NA
OPS;EMS;OPS;HK;OK;INC000014667383;Priority 4;NA
OPS;WS;OPS;HK;OK;INC000014667521;Priority 4;NA
OPS;EMS;OPS;HK;OK;INC000014667534;Priority 4;NA
FUN;BWI;FUN;SR;OK;INC000014667683;Priority 4;NA
FUN;BWI;FUN;INC;OK;INC000014667716;Priority 4;NA
FUN;BWI;FUN;SR;OK;INC000014667738;Priority 4;NA
SEC;ETH;SEC;INC;OK;INC000014669288;Priority 4;NA
CNC;812;CNC;INC;OK;INC000014670776;Priority 3;NA
FUN;812;FUN;INC;OK;INC000014670839;Priority 3;NA
FUN;COR;FUN;INC;OK;INC000014670852;Priority 3;NA
FUN;COR;FUN;INC;OK;INC000014670867;Priority 3;NA
CNC;812;CNC;INC;OK;INC000014670868;Priority 4;NA
FUN;812;FUN;INC;OK;INC000014670940;Priority 4;NA
FIN;812;FUN;INC;OK;INC000014671199;Priority 4;NA
FUN;WS;FUN;INC;OK;INC000014671335;Priority 4;NA
DBA;812;DBA;INC;OK;INC000014671603;Priority 3;NA
FUN;WS;FUN;INC;OK;INC000014671925;Priority 4;NA
FIN;812;FUN;INC;OK;INC000014672113;Priority 4;NA
CNC;812;CNC;SR;OK;INC000014672177;Priority 3;NA
SEC;EDS;SEC;SR;OK;INC000014672327;Priority 3;NA
FIN;812;FUN;INC;OK;INC000014672347;Priority 4;NA
CNC;LAT;CNC;INC;OK;INC000014672731;Priority 3;NA
APS;EES;APS;INC;OK;INC000014672748;Priority 3;NA
CNC;812;CNC;INC;OK;INC000014673176;Priority 3;NA
FIN;812;FUN;INC;OK;INC000014673191;Priority 4;NA
FUN;ETH;FUN;INC;OK;INC000014673482;Priority 4;NA
FUN;812;FUN;INC;OK;INC000014673632;Priority 3;NA
L1;OXE;L1;INC;OK;INC000014673695;Priority 4;NA
FUN;812;FUN;INC;OK;INC000014673735;Priority 4;NA
FUN;812;FUN;INC;OK;INC000014674168;Priority 4;NA
FUN;ETH;FUN;INC;Defect;INC000014674221;Priority 4;NA
FUN;ETH;FUN;INC;OK;INC000014674279;Priority 4;NA
FIN;DXE;FUN;INC;OK;INC000014674322;Priority 4;NA
L1;BWI;L1;INC;OK;INC000014674725;Priority 3;NA
DBA;812;DBA;INC;OK;INC000014675051;Priority 4;NA
DBA;812;DBA;INC;OK;INC000014675053;Priority 4;NA
DBA;812;DBA;INC;OK;INC000014675055;Priority 4;NA
DBA;812;DBA;INC;OK;INC000014675056;Priority 4;NA
L1;BWI;L1;INC;OK;INC000014675432;Priority 4;NA
FUN;OXE;FUN;INC;OK;INC000014675571;Priority 4;NA
FUN;BWI;FUN;SR;OK;INC000014675576;Priority 3;NA
FIN;BWI;FUN;SR;OK;INC000014675632;Priority 3;NA
FUN;ETH;FUN;INC;OK;INC000014675942;Priority 4;NA
FUN;CAN;FUN;INC;OK;INC000014676051;Priority 4;NA
FUN;ETH;FUN;INC;OK;INC000014676169;Priority 3;NA
CNC;812;CNC;INC;OK;INC000014676665;Priority 3;NA
FUN;BWI;FUN;INC;OK;INC000014676887;Priority 3;NA
FUN;OXE;FUN;INC;OK;INC000014677214;Priority 4;NA
FUN;812;FUN;SR;OK;INC000014677349;Priority 4;NA
FUN;812;FUN;INC;OK;INC000014677387;Priority 4;NA
FIN;DXE;FUN;INC;OK;INC000014677496;Priority 3;NA
FUN;812;FUN;INC;OK;INC000014677621;Priority 4;NA
DBA;812;DBA;INC;OK;INC000014677641;Priority 3;NA
DBA;812;DBA;INC;OK;INC000014677658;Priority 4;NA
FUN;812;FUN;INC;OK;INC000014677661;Priority 4;NA
FIN;OXE;FUN;INC;OK;INC000014677855;Priority 4;NA
FIN;OXE;FUN;INC;OK;INC000014677976;Priority 4;NA
FUN;812;FUN;INC;OK;INC000014678111;Priority 4;NA
FIN;812;FUN;INC;OK;INC000014678334;Priority 4;NA
FIN;812;FUN;INC;OK;INC000014678388;Priority 4;NA
FIN;812;FUN;INC;OK;INC000014678534;Priority 4;NA
APS;ETH;APS;INC;OK;INC000014678591;Priority 4;NA
FUN;812;FUN;INC;OK;INC000014678607;Priority 3;NA
FUN;CAN;FUN;CHG;OK;INC000014678619;Priority 4;NA
TEC;WS;OPS;INC;OK;INC000014678937;Priority 3;NA
L1;812;L1;HK;OK;INC000014679277;Priority 4;NA
L1;BWI;L1;INC;OK;INC000014679449;Priority 3;NA
FUN;BWI;FUN;SR;OK;INC000014679466;Priority 3;NA
L1;CAN;L1;INC;OK;INC000014679757;Priority 4;NA
CNC;MNT;CNC;INC;OK;INC000014680467;Priority 3;NA
L1;BWI;L1;INC;OK;INC000014681106;Priority 4;NA
CNC;BWI;CNC;INC;OK;INC000014681135;Priority 4;NA
CNC;BWI;CNC;INC;OK;INC000014681239;Priority 4;NA
FUN;ETH;FUN;INC;OK;INC000014681280;Priority 3;NA
CNC;ETH;CNC;INC;OK;INC000014681292;Priority 4;NA
FUN;BWI;FUN;INC;OK;INC000014682193;Priority 3;NA
FUN;LAT;FUN;INC;OK;INC000014682207;Priority 3;NA
L1;BWI;FUN;INC;OK;INC000014682218;Priority 3;NA
FIN;812;FUN;INC;OK;INC000014682406;Priority 4;NA
FIN;DXE;FUN;INC;OK;INC000014682502;Priority 3;NA
CNC;812;CNC;INC;OK;INC000014682616;Priority 4;NA
FIN;812;FUN;INC;OK;INC000014682753;Priority 4;NA
FUN;OXE;FUN;INC;OK;INC000014682781;Priority 4;NA
OPS;EDS;OPS;HK;OK;INC000014682870;Priority 3;NA
FUN;OXE;FUN;INC;OK;INC000014682896;Priority 3;NA
DBA;812;DBA;INC;OK;INC000014682941;Priority 3;NA
L1;812;L1;INC;OK;INC000014682968;Priority 4;NA
FIN;812;FUN;INC;OK;INC000014683266;Priority 4;NA
FUN;812;FUN;INC;OK;INC000014683366;Priority 4;NA
FUN;812;FUN;INC;OK;INC000014683435;Priority 3;NA
FUN;BWI;FUN;INC;OK;INC000014683493;Priority 3;NA
FIN;812;FUN;INC;OK;INC000014683589;Priority 4;NA
FUN;OXE;FUN;INC;OK;INC000014683601;Priority 3;NA
FIN;812;FUN;INC;OK;INC000014683684;Priority 4;NA
FIN;OXE;FUN;INC;OK;INC000014683751;Priority 4;NA
SEC;WS;SEC;INC;OK;INC000014683891;Priority 3;NA
FUN;812;FUN;INC;OK;INC000014684028;Priority 4;NA
FUN;BWI;FUN;INC;OK;INC000014684131;Priority 3;NA
FIN;812;FUN;INC;OK;INC000014684449;Priority 4;NA
FIN;812;FUN;INC;OK;INC000014684477;Priority 4;NA
FUN;BWI;FUN;INC;OK;INC000014684533;Priority 3;NA
L1;812;L1;INC;OK;INC000014684628;Priority 4;NA
FIN;812;FUN;INC;OK;INC000014684760;Priority 4;NA
FUN;LAT;FUN;INC;OK;INC000014684782;Priority 4;NA
FIN;812;FUN;INC;OK;INC000014684794;Priority 4;NA
CNC;812;CNC;INC;OK;INC000014684808;Priority 3;NA
FUN;812;FUN;SR;OK;INC000014685183;Priority 4;NA
CNC;MNT;CNC;INC;OK;INC000014685219;Priority 3;NA
FIN;812;FUN;INC;OK;INC000014685424;Priority 4;NA
CNC;812;CNC;SR;OK;INC000014685462;Priority 4;NA
FUN;WS;FUN;INC;OK;INC000014685851;Priority 4;NA
FUN;BWI;FUN;SR;OK;INC000014686341;Priority 4;NA
CNC;BWI;CNC;INC;OK;INC000014686384;Priority 3;NA
FUN;LAT;FUN;INC;OK;INC000014687360;Priority 3;NA
APS;ETH;APS;INC;OK;INC000014687588;Priority 3;NA
FUN;LAT;FUN;INC;OK;INC000014687633;Priority 3;NA
FUN;LAT;FUN;INC;OK;INC000014687697;Priority 3;NA
FUN;LAT;FUN;INC;OK;INC000014687728;Priority 3;NA
SEC;EDS;SEC;INC;OK;INC000014688070;Priority 3;NA
FUN;WS;FUN;INC;OK;INC000014688117;Priority 4;NA
FUN;WS;FUN;INC;OK;INC000014688174;Priority 4;NA
CNC;812;CNC;INC;OK;INC000014688200;Priority 3;NA
FUN;LAT;FUN;INC;OK;INC000014688327;Priority 3;NA
FUN;LAT;FUN;INC;OK;INC000014688341;Priority 3;NA
FIN;812;FUN;INC;OK;INC000014688489;Priority 4;NA
FIN;OXE;FUN;INC;OK;INC000014688491;Priority 4;NA
FIN;812;FUN;INC;OK;INC000014688496;Priority 4;NA
FUN;812;FUN;INC;OK;INC000014688533;Priority 4;NA
FUN;812;FUN;INC;OK;INC000014688765;Priority 4;NA
FIN;812;FUN;INC;OK;INC000014688827;Priority 4;NA
FUN;WS;FUN;INC;OK;INC000014688836;Priority 3;NA
OPS;EDS;OPS;HK;OK;INC000014688874;Priority 3;NA
FUN;812;FUN;SR;OK;INC000014689079;Priority 4;NA
FIN;812;FUN;INC;OK;INC000014689142;Priority 4;NA
FIN;812;FUN;INC;OK;INC000014689217;Priority 4;NA
FUN;BWI;FUN;INC;OK;INC000014689494;Priority 4;NA
FUN;812;FUN;INC;OK;INC000014689572;Priority 3;NA
FUN;812;FUN;INC;Defect;INC000014689647;Priority 4;NA
FIN;812;FUN;INC;OK;INC000014689747;Priority 4;NA
FUN;LAT;FUN;INC;OK;INC000014690046;Priority 3;NA
FIN;812;FUN;INC;OK;INC000014690057;Priority 4;NA
FIN;LAT;FUN;INC;OK;INC000014690253;Priority 4;NA
FUN;812;FUN;INC;OK;INC000014690362;Priority 4;NA
FUN;LAT;FUN;SR;OK;INC000014690484;Priority 3;NA
FUN;812;FUN;INC;OK;INC000014690741;Priority 3;NA
FUN;BWI;FUN;INC;OK;INC000014690785;Priority 3;NA
FUN;CAN;FUN;INC;OK;INC000014690890;Priority 3;NA
FIN;OXE;FUN;INC;OK;INC000014690924;Priority 4;NA
FUN;ETH;FUN;INC;OK;INC000014690993;Priority 4;NA
FUN;LAT;FUN;INC;OK;INC000014691376;Priority 3;NA
FUN;CAN;FUN;INC;OK;INC000014692015;Priority 3;NA
L1;EMS;SEC;INC;OK;INC000014692218;Priority 4;NA
FUN;LAT;FUN;INC;OK;INC000014692221;Priority 4;NA
CNC;OXE;CNC;INC;OK;INC000014692274;Priority 3;NA
FUN;812;FUN;INC;OK;INC000014692322;Priority 3;NA
L1;BWI;L1;INC;OK;INC000014692352;Priority 4;NA
FUN;BWI;FUN;INC;Defect;INC000014692373;Priority 3;NA
L1;BWI;L1;INC;OK;INC000014692394;Priority 4;NA
FUN;LAT;FUN;INC;OK;INC000014692899;Priority 4;NA
CNC;812;CNC;INC;OK;INC000014693189;Priority 3;NA
FUN;LAT;FUN;INC;OK;INC000014693722;Priority 3;NA
FIN;812;FUN;INC;OK;INC000014693821;Priority 4;NA
FIN;812;FUN;INC;OK;INC000014693822;Priority 4;NA
L1;MNT;L1;SR;OK;INC000014693979;Priority 4;NA
FIN;812;FUN;INC;OK;INC000014694043;Priority 4;NA
FIN;MNT;FUN;SR;OK;INC000014694264;Priority 3;NA
FIN;OXE;FUN;INC;OK;INC000014694343;Priority 4;NA
FUN;812;FUN;INC;OK;INC000014694585;Priority 3;NA
FUN;DXE;FUN;INC;OK;INC000014694673;Priority 3;NA
FUN;ETH;FUN;INC;OK;INC000014694706;Priority 4;NA
L1;BWI;L1;SR;OK;INC000014694908;Priority 4;NA
FIN;812;FUN;INC;OK;INC000014695016;Priority 4;NA
CNC;DCF;CNC;INC;OK;INC000014695132;Priority 4;NA
CNC;DCF;CNC;INC;OK;INC000014695143;Priority 4;NA
FUN;BWI;FUN;INC;OK;INC000014695157;Priority 3;NA
FIN;812;FUN;INC;OK;INC000014695299;Priority 4;NA
FIN;812;FUN;INC;OK;INC000014695447;Priority 4;NA
L1;812;L1;INC;OK;INC000014695505;Priority 4;NA
FIN;812;FUN;INC;OK;INC000014695510;Priority 3;NA
FIN;812;FUN;INC;OK;INC000014695607;Priority 4;NA
CNC;ETH;CNC;SR;OK;INC000014695810;Priority 4;NA
CNC;BWI;CNC;INC;OK;INC000014695842;Priority 3;NA
FUN;LAT;FUN;INC;OK;INC000014696029;Priority 3;NA
CNC;812;CNC;INC;OK;INC000014696052;Priority 3;NA
CNC;ETH;CNC;INC;OK;INC000014696648;Priority 4;NA
FUN;BWI;FUN;INC;OK;INC000014696721;Priority 3;NA
CNC;BWI;CNC;INC;OK;INC000014696753;Priority 3;NA
FUN;BWI;FUN;INC;OK;INC000014696802;Priority 4;NA
CNC;BWI;CNC;INC;OK;INC000014696907;Priority 3;NA
FUN;BWI;FUN;INC;OK;INC000014697134;Priority 4;NA
L1;BWI;L1;INC;OK;INC000014697165;Priority 4;NA
FUN;812;FUN;INC;OK;INC000014697298;Priority 4;NA
CNC;CAN;CNC;INC;OK;INC000014697416;Priority 4;NA
SCH;LAT;SCH;INC;OK;INC000014697579;Priority 4;NA
OPS;OXE;TEC;HK;OK;INC000014697745;Priority 4;NA
SCH;LAT;SCH;INC;OK;INC000014697794;Priority 4;NA
SCH;LAT;SCH;SR;OK;INC000014697795;Priority 4;NA
SCH;LAT;SCH;SR;OK;INC000014697798;Priority 4;NA
OPS;OXE;TEC;HK;OK;INC000014697812;Priority 3;NA
SCH;LAT;SCH;SR;OK;INC000014697940;Priority 4;NA
FUN;812;FUN;INC;OK;INC000014697992;Priority 4;NA
FUN;812;FUN;INC;OK;INC000014698021;Priority 4;NA
FIN;812;FUN;INC;OK;INC000014698022;Priority 4;NA
FIN;812;FUN;INC;OK;INC000014698260;Priority 4;NA
FIN;812;FUN;INC;OK;INC000014698327;Priority 4;NA
FIN;812;FUN;INC;OK;INC000014698336;Priority 4;NA
FUN;812;FUN;INC;OK;INC000014698344;Priority 3;NA
FUN;BWI;FUN;INC;OK;INC000014698473;Priority 3;NA
OPS;OXE;TEC;HK;OK;INC000014698508;Priority 3;NA
OPS;OXE;TEC;HK;OK;INC000014698763;Priority 3;NA
L1;BWI;L1;INC;OK;INC000014698770;Priority 3;NA
FIN;BWI;FUN;SR;OK;INC000014698834;Priority 4;NA
FUN;BWI;FUN;INC;OK;INC000014699208;Priority 3;NA
OPS;EDS;OPS;HK;OK;INC000014699231;Priority 4;NA
FUN;BWI;FUN;INC;OK;INC000014699240;Priority 3;NA
FUN;BWI;FUN;INC;OK;INC000014699278;Priority 3;NA
FUN;BWI;FUN;INC;OK;INC000014699301;Priority 3;NA
OPS;OXE;TEC;HK;OK;INC000014699366;Priority 4;NA
FUN;BWI;FUN;INC;OK;INC000014699767;Priority 3;NA
CNC;BWI;CNC;INC;OK;INC000014700271;Priority 3;NA
DBA;812;DBA;INC;OK;INC000014700421;Priority 3;NA
DBA;812;DBA;INC;OK;INC000014700468;Priority 4;NA
OPS;EDS;OPS;HK;OK;INC000014700781;Priority 4;NA
OPS;EMS;OPS;HK;OK;INC000014700794;Priority 3;NA
OPS;OXE;TEC;HK;OK;INC000014702409;Priority 3;NA
FIN;812;FUN;INC;OK;INC000014702429;Priority 4;NA
FUN;812;FUN;INC;OK;INC000014702540;Priority 3;NA
CNC;812;CNC;INC;OK;INC000014702816;Priority 3;NA
FUN;LAT;FUN;INC;OK;INC000014703069;Priority 3;NA
FUN;812;FUN;INC;OK;INC000014703159;Priority 4;NA
FIN;812;FUN;INC;OK;INC000014703277;Priority 4;NA
FIN;DXE;FUN;INC;OK;INC000014703331;Priority 3;NA
L1;MNT;L1;SR;OK;INC000014703492;Priority 4;NA
SEC;812;SEC;INC;OK;INC000014703877;Priority 4;NA
FIN;812;FUN;INC;OK;INC000014704269;Priority 4;NA
FIN;MNT;FUN;INC;OK;INC000014704402;Priority 4;NA
FUN;ETH;FUN;INC;OK;INC000014704574;Priority 3;NA
CNC;BWI;CNC;INC;OK;INC000014704575;Priority 4;NA
APS;EES;APS;INC;OK;INC000014704707;Priority 3;NA
FIN;BWI;FUN;SR;OK;INC000014704774;Priority 3;NA
FIN;DXE;FUN;INC;OK;INC000014704961;Priority 3;NA
FUN;BWI;FUN;INC;OK;INC000014705113;Priority 3;NA
FUN;ETH;FUN;INC;OK;INC000014705125;Priority 4;NA
FIN;812;FUN;INC;OK;INC000014705189;Priority 4;NA
FIN;812;FUN;INC;OK;INC000014705196;Priority 4;NA
FIN;DXE;FUN;INC;OK;INC000014705273;Priority 4;NA
FUN;BWI;FUN;INC;OK;INC000014705500;Priority 3;NA
FUN;ETH;FUN;INC;OK;INC000014705520;Priority 4;NA
FIN;812;FUN;INC;OK;INC000014705567;Priority 4;NA
L1;812;L1;SR;OK;INC000014705978;Priority 3;NA
FUN;812;FUN;INC;OK;INC000014706064;Priority 4;NA
FUN;MNT;FUN;INC;Defect;INC000014706113;Priority 3;NA
FIN;LAT;FUN;INC;OK;INC000014706287;Priority 3;NA
L1;BWI;L1;INC;OK;INC000014707189;Priority 3;NA
FUN;812;FUN;INC;OK;INC000014707238;Priority 3;NA
FUN;BWI;FUN;INC;OK;INC000014707352;Priority 3;NA
FUN;BWI;FUN;SR;Defect;INC000014707369;Priority 3;NA
FUN;MNT;FUN;INC;OK;INC000014707480;Priority 4;NA
FUN;BWI;FUN;INC;OK;INC000014707541;Priority 3;NA
FIN;LAT;FUN;INC;OK;INC000014707671;Priority 4;NA
FUN;LAT;FUN;INC;OK;INC000014707754;Priority 4;NA
L1;812;L1;INC;OK;INC000014707881;Priority 4;NA
TEC;EDS;OPS;HK;OK;INC000014708178;Priority 4;NA
FUN;812;FUN;HK;OK;INC000014708507;Priority 4;NA
OPS;EDS;OPS;INC;OK;INC000014708715;Priority 4;NA
FUN;WS;FUN;INC;OK;INC000014708736;Priority 3;NA
FUN;MNT;FUN;SR;OK;INC000014709206;Priority 3;NA
FIN;812;FUN;INC;OK;INC000014709228;Priority 4;NA
CNC;DCF;CNC;INC;OK;INC000014709290;Priority 3;NA
FUN;LAT;FUN;INC;OK;INC000014709369;Priority 3;NA
SEC;DXE;SEC;INC;OK;INC000014709389;Priority 3;NA
FIN;DXE;FUN;INC;OK;INC000014709737;Priority 3;NA
FUN;812;FUN;INC;OK;INC000014709755;Priority 3;NA
FIN;812;FUN;INC;OK;INC000014709846;Priority 3;NA
FUN;812;FUN;INC;OK;INC000014709896;Priority 3;NA
DBA;812;DBA;INC;OK;INC000014709915;Priority 3;NA
FUN;DXE;FUN;INC;OK;INC000014709944;Priority 4;NA
CNC;DXE;CNC;INC;OK;INC000014710230;Priority 4;NA
FUN;812;FUN;INC;OK;INC000014710252;Priority 3;NA
FUN;DXE;FUN;INC;OK;INC000014710438;Priority 4;NA
FIN;812;FUN;INC;OK;INC000014710517;Priority 3;NA
FUN;812;FUN;INC;OK;INC000014710556;Priority 4;NA
FUN;BWI;FUN;INC;OK;INC000014710736;Priority 3;NA
FUN;BWI;FUN;INC;OK;INC000014710775;Priority 3;NA
FUN;BWI;FUN;INC;OK;INC000014710781;Priority 3;NA
SEC;WS;SEC;SR;OK;INC000014710926;Priority 4;NA
FUN;812;FUN;INC;OK;INC000014711182;Priority 4;NA
FUN;LAT;FUN;INC;OK;INC000014711198;Priority 3;NA
SEC;812;SEC;INC;OK;INC000014711200;Priority 4;NA
FIN;DXE;FUN;SR;OK;INC000014711252;Priority 4;NA
FUN;812;FUN;INC;OK;INC000014711338;Priority 3;NA
L1;BWI;L1;INC;OK;INC000014711783;Priority 3;NA
FUN;LAT;FUN;INC;OK;INC000014711793;Priority 3;NA
FUN;LAT;FUN;INC;OK;INC000014711878;Priority 4;NA
FUN;ETH;FUN;INC;OK;INC000014712053;Priority 3;NA
FUN;BWI;FUN;INC;OK;INC000014712231;Priority 3;NA
FUN;BWI;FUN;INC;OK;INC000014712243;Priority 3;NA
CNC;ETH;CNC;INC;OK;INC000014712256;Priority 4;NA
FUN;BWI;FUN;INC;OK;INC000014712269;Priority 3;NA
FUN;812;FUN;INC;OK;INC000014712673;Priority 4;NA
FUN;ETH;FUN;INC;OK;INC000014712698;Priority 4;NA
FIN;BWI;FUN;SR;OK;INC000014712958;Priority 3;NA
FUN;812;FUN;INC;OK;INC000014713137;Priority 3;NA
FIN;BWI;FUN;SR;OK;INC000014713237;Priority 3;NA
FUN;ETH;FUN;INC;OK;INC000014713343;Priority 4;NA
FUN;812;FUN;INC;OK;INC000014713415;Priority 3;NA
L1;BWI;L1;INC;OK;INC000014713752;Priority 3;NA
FUN;812;FUN;INC;OK;INC000014714479;Priority 4;NA
FUN;812;FUN;INC;OK;INC000014714723;Priority 4;NA
FUN;OXE;FUN;INC;OK;INC000014714980;Priority 4;NA
FUN;ETH;FUN;INC;OK;INC000014714999;Priority 3;NA
FUN;OXE;FUN;INC;OK;INC000014715025;Priority 3;NA
FUN;812;FUN;INC;OK;INC000014715034;Priority 4;NA
FUN;DXE;FUN;INC;OK;INC000014715060;Priority 4;NA
FUN;812;FUN;INC;OK;INC000014715136;Priority 3;NA
CNC;BWI;CNC;INC;OK;INC000014715231;Priority 3;NA
FUN;OXE;FUN;INC;OK;INC000014715251;Priority 4;NA
FUN;812;FUN;INC;OK;INC000014715356;Priority 3;NA
SCH;812;SCH;SR;OK;INC000014715413;Priority 3;NA
FIN;812;FUN;INC;OK;INC000014715684;Priority 4;NA
OPS;OXE;TEC;HK;OK;INC000014715758;Priority 4;NA
FUN;812;FUN;SR;OK;INC000014715848;Priority 4;NA
DBA;812;DBA;INC;OK;INC000014715902;Priority 3;NA
FUN;LAT;FUN;INC;OK;INC000014715989;Priority 3;NA
FUN;WS;FUN;SR;OK;INC000014716148;Priority 4;NA
CNC;ETH;CNC;INC;OK;INC000014716181;Priority 3;NA
L1;BWI;L1;INC;OK;INC000014716185;Priority 4;NA
FIN;812;FUN;INC;OK;INC000014716484;Priority 4;NA
FUN;812;FUN;SR;OK;INC000014716652;Priority 4;NA
FUN;LAT;FUN;INC;OK;INC000014716747;Priority 3;NA
FIN;812;FUN;INC;OK;INC000014716849;Priority 4;NA
FUN;BWI;FUN;INC;OK;INC000014716990;Priority 3;NA
FIN;812;FUN;INC;OK;INC000014717133;Priority 4;NA
FUN;BWI;FUN;INC;OK;INC000014717338;Priority 3;NA
L1;BWI;L1;INC;OK;INC000014717510;Priority 3;NA
FUN;EES;FUN;INC;OK;INC000014717531;Priority 4;NA
CNC;812;CNC;INC;OK;INC000014717624;Priority 4;NA
FUN;BWI;FUN;INC;OK;INC000014717776;Priority 3;NA
FUN;LAT;FUN;INC;OK;INC000014718188;Priority 4;NA
FUN;LAT;FUN;INC;OK;INC000014719358;Priority 3;NA
FUN;LAT;FUN;INC;OK;INC000014719373;Priority 3;NA
FUN;LAT;FUN;INC;OK;INC000014719390;Priority 3;NA
CNC;812;CNC;INC;OK;INC000014719555;Priority 4;NA
L1;MNT;L1;SR;OK;INC000014719602;Priority 3;NA
FUN;OXE;FUN;INC;OK;INC000014720318;Priority 4;NA
TEC;WS;TEC;HK;OK;INC000014720374;Priority 4;NA
FUN;DXE;FUN;INC;OK;INC000014720468;Priority 4;NA
FUN;812;FUN;INC;OK;INC000014720487;Priority 4;NA
FUN;812;FUN;INC;OK;INC000014720611;Priority 3;NA
FIN;812;FUN;INC;OK;INC000014720625;Priority 4;NA
FUN;812;FUN;CHG;OK;INC000014720644;Priority 3;NA
FUN;812;FUN;INC;OK;INC000014720690;Priority 4;NA
CNC;OXE;CNC;INC;OK;INC000014720715;Priority 3;NA
FUN;812;FUN;INC;OK;INC000014720717;Priority 4;NA
FIN;812;FUN;INC;OK;INC000014721059;Priority 3;NA
CNC;MNT;CNC;SR;OK;INC000014721090;Priority 3;NA
FUN;812;FUN;INC;OK;INC000014721155;Priority 3;NA
FUN;BWI;FUN;INC;OK;INC000014721361;Priority 3;NA
FUN;812;FUN;INC;OK;INC000014721653;Priority 4;NA
FUN;ETH;FUN;INC;OK;INC000014721690;Priority 3;NA
FUN;OXE;FUN;SR;OK;INC000014721727;Priority 4;NA
CNC;DXE;CNC;SR;OK;INC000014721799;Priority 3;NA
FIN;812;FUN;INC;OK;INC000014722192;Priority 4;NA
FUN;812;FUN;INC;OK;INC000014722239;Priority 4;NA
CNC;DXE;CNC;SR;OK;INC000014722582;Priority 3;NA
FUN;LAT;FUN;INC;OK;INC000014722658;Priority 3;NA
CNC;MNT;CNC;INC;OK;INC000014722698;Priority 4;NA
FIN;DXE;FUN;INC;OK;INC000014722751;Priority 4;NA
L1;812;L1;SR;OK;INC000014722803;Priority 3;NA
L1;BWI;L1;INC;OK;INC000014723582;Priority 3;NA
FUN;LAT;FUN;INC;OK;INC000014723862;Priority 3;NA
FUN;BWI;FUN;INC;OK;INC000014723878;Priority 3;NA
SEC;EMS;SEC;SR;OK;INC000014723885;Priority 4;NA
L1;BWI;L1;INC;OK;INC000014723912;Priority 4;NA
FUN;BWI;FUN;SR;OK;INC000014723926;Priority 4;NA
FUN;BWI;FUN;INC;OK;INC000014723939;Priority 3;NA
L1;812;L1;SR;OK;INC000014723951;Priority 4;NA
FUN;BWI;FUN;INC;OK;INC000014724735;Priority 3;NA
L1;MNT;L1;SR;OK;INC000014725466;Priority 3;NA
FIN;OXE;FUN;INC;OK;INC000014725739;Priority 4;NA
FUN;812;FUN;SR;OK;INC000014725846;Priority 4;NA
FUN;ETH;FUN;INC;OK;INC000014725861;Priority 3;NA
OPS;EDS;OPS;HK;OK;INC000014726110;Priority 4;NA
FUN;812;FUN;INC;OK;INC000014726158;Priority 4;NA
FIN;812;FUN;INC;OK;INC000014726413;Priority 4;NA
FUN;812;FUN;INC;OK;INC000014726454;Priority 4;NA
FUN;LAT;FUN;INC;OK;INC000014726623;Priority 4;NA
FUN;DXE;FUN;INC;OK;INC000014726700;Priority 3;NA
FUN;CAN;FUN;INC;OK;INC000014726701;Priority 4;NA
FIN;812;FUN;INC;OK;INC000014726739;Priority 3;NA
FIN;812;FUN;INC;OK;INC000014726778;Priority 4;NA
FIN;812;FUN;INC;OK;INC000014726796;Priority 4;NA
FIN;812;FUN;INC;OK;INC000014726948;Priority 4;NA
FUN;BWI;FUN;INC;OK;INC000014726966;Priority 3;NA
FUN;WS;FUN;INC;OK;INC000014726976;Priority 4;NA
OPS;OXE;TEC;HK;OK;INC000014726987;Priority 3;NA
OPS;OXE;TEC;HK;OK;INC000014727017;Priority 3;NA
L1;812;L1;INC;OK;INC000014727102;Priority 4;NA
CNC;CAN;CNC;INC;OK;INC000014727270;Priority 4;NA
L1;BWI;L1;INC;OK;INC000014727322;Priority 3;NA
FIN;OXE;FUN;INC;OK;INC000014727435;Priority 4;NA
FUN;CAN;FUN;INC;OK;INC000014727615;Priority 4;NA
FUN;LAT;FUN;INC;OK;INC000014728131;Priority 4;NA
OPS;EDS;OPS;HK;OK;INC000014728239;Priority 3;NA
L1;BWI;L1;INC;OK;INC000014728275;Priority 3;NA
L1;BWI;L1;INC;OK;INC000014728383;Priority 3;NA
SEC;MNT;SEC;INC;OK;INC000014728426;Priority 3;NA
FUN;CAN;FUN;INC;OK;INC000014728769;Priority 3;NA
FUN;BWI;FUN;INC;OK;INC000014728950;Priority 4;NA
FUN;BWI;FUN;INC;OK;INC000014728960;Priority 3;NA
FUN;BWI;FUN;INC;OK;INC000014729110;Priority 4;NA
L1;BWI;L1;INC;OK;INC000014729184;Priority 3;NA
FUN;LAT;FUN;INC;OK;INC000014729280;Priority 3;NA
TEC;EDS;OPS;HK;OK;INC000014729595;Priority 4;NA
TEC;EDS;OPS;HK;OK;INC000014730307;Priority 3;NA
FUN;BWI;FUN;INC;OK;INC000014730407;Priority 3;NA
FUN;BWI;FUN;INC;OK;INC000014730986;Priority 4;NA
TEC;OXE;TEC;HK;OK;INC000014731100;Priority 3;NA
FUN;812;FUN;INC;OK;INC000014731116;Priority 3;NA
FUN;WS;FUN;INC;OK;INC000014731490;Priority 4;NA
TEC;WS;TEC;HK;OK;INC000014731744;Priority 3;NA
L1;BWI;L1;INC;OK;INC000014732049;Priority 3;NA
CNC;BWI;CNC;INC;OK;INC000014732087;Priority 3;NA
DBA;DXE;DBA;INC;OK;INC000014732378;Priority 4;NA
TEC;EDS;OPS;HK;OK;INC000014732584;Priority 3;NA
FIN;812;FUN;INC;OK;INC000014733178;Priority 4;NA
OPS;EMS;OPS;INC;OK;INC000014733185;Priority 3;NA
SCH;LAT;SCH;INC;OK;INC000014733292;Priority 3;NA
FUN;812;FUN;INC;OK;INC000014733297;Priority 3;NA
OPS;EMS;OPS;INC;OK;INC000014733309;Priority 3;NA
TEC;EMS;OPS;HK;OK;INC000014733360;Priority 3;NA
CNC;812;CNC;INC;OK;INC000014733427;Priority 3;NA
CNC;ETH;CNC;INC;OK;INC000014733528;Priority 3;NA
FUN;812;FUN;INC;OK;INC000014733572;Priority 4;NA
CNC;812;CNC;INC;OK;INC000014733629;Priority 4;NA
FUN;812;FUN;INC;OK;INC000014733705;Priority 4;NA
CNC;812;CNC;INC;OK;INC000014733736;Priority 3;NA
FIN;OXE;FUN;INC;OK;INC000014733865;Priority 4;NA
FUN;812;FUN;INC;OK;INC000014733898;Priority 4;NA
CNC;812;CNC;INC;OK;INC000014733951;Priority 3;NA
L1;812;L1;SR;OK;INC000014733981;Priority 4;NA
FUN;812;FUN;INC;OK;INC000014734033;Priority 3;NA
FUN;BWI;FUN;INC;OK;INC000014734358;Priority 4;NA
CNC;OXE;CNC;INC;OK;INC000014734463;Priority 4;NA
FUN;BWI;FUN;INC;OK;INC000014734595;Priority 3;NA
FUN;DXE;FUN;INC;OK;INC000014734666;Priority 4;NA
FUN;BWI;FUN;INC;OK;INC000014734701;Priority 4;NA
SCH;LAT;SCH;INC;OK;INC000014734878;Priority 3;NA
FIN;812;FUN;INC;OK;INC000014734929;Priority 4;NA
FUN;WS;FUN;INC;OK;INC000014734979;Priority 4;NA
L1;BWI;L1;INC;OK;INC000014735121;Priority 3;NA
L1;MNT;L1;SR;OK;INC000014735166;Priority 3;NA
OPS;EDS;OPS;HK;OK;INC000014735173;Priority 3;NA
SCH;LAT;SCH;INC;OK;INC000014735323;Priority 3;NA
FUN;BWI;FUN;SR;OK;INC000014735536;Priority 3;NA
FIN;812;FUN;INC;OK;INC000014735539;Priority 4;NA
FUN;ETH;FUN;INC;OK;INC000014735643;Priority 4;NA
FUN;LAT;FUN;INC;OK;INC000014735839;Priority 3;NA
L1;BWI;L1;SR;OK;INC000014735864;Priority 3;NA
FUN;812;FUN;INC;OK;INC000014737361;Priority 3;NA
L1;BWI;L1;INC;OK;INC000014737385;Priority 3;NA
SCH;BWI;SCH;INC;OK;INC000014737624;Priority 4;NA
FUN;BWI;FUN;INC;OK;INC000014737930;Priority 4;NA
SCH;LAT;SCH;INC;OK;INC000014738411;Priority 3;NA
FUN;812;FUN;INC;OK;INC000014738648;Priority 3;NA
FUN;812;FUN;INC;OK;INC000014738818;Priority 3;NA
FIN;812;FUN;INC;OK;INC000014738910;Priority 3;NA
DBA;DXE;DBA;INC;OK;INC000014738991;Priority 4;NA
FIN;812;FUN;INC;OK;INC000014739181;Priority 4;NA
FUN;812;FUN;INC;OK;INC000014739228;Priority 3;NA
FUN;BWI;FUN;INC;OK;INC000014739504;Priority 3;NA
FIN;OXE;FUN;INC;OK;INC000014739516;Priority 4;NA
L1;812;L1;SR;OK;INC000014739717;Priority 4;NA
FUN;812;FUN;INC;OK;INC000014739765;Priority 3;NA
CNC;812;CNC;INC;OK;INC000014739853;Priority 3;NA
FUN;812;FUN;INC;OK;INC000014740005;Priority 4;NA
L1;BWI;L1;INC;OK;INC000014740067;Priority 4;NA
FIN;812;FUN;INC;OK;INC000014740206;Priority 4;NA
L1;BWI;L1;INC;OK;INC000014740734;Priority 3;NA
OPS;WS;TEC;HK;OK;INC000014740815;Priority 3;NA
CNC;MNT;CNC;INC;OK;INC000014740933;Priority 3;NA
FUN;BWI;FUN;INC;OK;INC000014741245;Priority 3;NA
L1;BWI;L1;INC;OK;INC000014741311;Priority 3;NA
CNC;OXE;CNC;INC;OK;INC000014741511;Priority 4;NA
SCH;BWI;SCH;INC;OK;INC000014741557;Priority 4;NA
L1;BWI;L1;INC;OK;INC000014741575;Priority 3;NA
L1;BWI;L1;INC;OK;INC000014741651;Priority 3;NA
CNC;BWI;SCH;INC;OK;INC000014741766;Priority 3;NA
FUN;812;FUN;SR;OK;INC000014741787;Priority 4;NA
CNC;BWI;CNC;INC;OK;INC000014741956;Priority 3;NA
CNC;MNT;CNC;INC;OK;INC000014741985;Priority 4;NA
FUN;BWI;FUN;INC;OK;INC000014742356;Priority 3;NA
FUN;812;FUN;INC;OK;INC000014742397;Priority 3;NA
L1;BWI;L1;INC;OK;INC000014742421;Priority 4;NA
L1;BWI;L1;INC;OK;INC000014743238;Priority 3;NA
OPS;EDS;OPS;HK;OK;INC000014743375;Priority 4;NA
FUN;812;FUN;INC;Defect;INC000014743402;Priority 3;NA
CNC;812;CNC;INC;OK;INC000014743617;Priority 4;NA
FIN;LAT;FUN;INC;OK;INC000014743830;Priority 3;NA
FIN;OXE;FUN;INC;OK;INC000014743831;Priority 4;NA
FIN;OXE;FUN;INC;OK;INC000014743837;Priority 4;NA
FUN;OXE;FUN;INC;OK;INC000014744046;Priority 3;NA
FUN;812;FUN;INC;OK;INC000014744096;Priority 4;NA
FIN;DXE;FUN;INC;OK;INC000014744106;Priority 4;NA
FUN;BWI;FUN;INC;OK;INC000014744203;Priority 3;NA
DBA;DXE;DBA;INC;OK;INC000014744424;Priority 3;NA
FUN;ETH;FUN;INC;OK;INC000014744505;Priority 3;NA
FUN;BWI;FUN;INC;OK;INC000014744845;Priority 3;NA
DBA;812;DBA;INC;OK;INC000014745448;Priority 3;NA
FUN;LAT;FUN;SR;OK;INC000014745520;Priority 4;NA
FIN;812;FUN;INC;OK;INC000014745614;Priority 4;NA
CNC;OXE;CNC;INC;OK;INC000014745638;Priority 4;NA
FUN;BWI;FUN;SR;OK;INC000014746145;Priority 4;NA
L1;BWI;L1;INC;OK;INC000014746601;Priority 3;NA
L1;ETH;L1;INC;OK;INC000014746899;Priority 4;NA
L1;BWI;L1;INC;OK;INC000014746906;Priority 3;NA
OPS;EDS;OPS;HK;OK;INC000014746970;Priority 4;NA
L1;BWI;L1;INC;OK;INC000014747026;Priority 4;NA
CNC;MNT;CNC;INC;OK;INC000014747105;Priority 3;NA
L1;BWI;L1;INC;OK;INC000014747289;Priority 4;NA
FUN;OXE;FUN;INC;OK;INC000014747886;Priority 4;NA
CNC;DCF;CNC;INC;OK;INC000014748385;Priority 3;NA
FIN;812;FUN;INC;OK;INC000014748598;Priority 4;NA
CNC;EMS;OPS;SR;OK;INC000014748737;Priority 4;NA
L1;812;L1;SR;OK;INC000014748797;Priority 3;NA
FUN;812;FUN;INC;OK;INC000014748798;Priority 4;NA
FUN;WS;FUN;INC;OK;INC000014749101;Priority 3;NA
FUN;BWI;FUN;INC;OK;INC000014749321;Priority 3;NA
FUN;812;FUN;INC;OK;INC000014749550;Priority 4;NA
FUN;BWI;FUN;SR;OK;INC000014749717;Priority 3;NA
SEC;ETH;SEC;INC;OK;INC000014749850;Priority 4;NA
FUN;LAT;FUN;INC;OK;INC000014750192;Priority 3;NA
L1;BWI;L1;SR;OK;INC000014750418;Priority 4;NA
FIN;812;FUN;INC;OK;INC000014750422;Priority 4;NA
FUN;BWI;FUN;SR;OK;INC000014750575;Priority 3;NA
FUN;BWI;FUN;INC;OK;INC000014750908;Priority 3;NA
L1;BWI;L1;INC;OK;INC000014750944;Priority 3;NA
L1;BWI;L1;INC;OK;INC000014751056;Priority 3;NA
L1;BWI;L1;INC;OK;INC000014751078;Priority 3;NA
L1;BWI;L1;INC;OK;INC000014751552;Priority 3;NA
CNC;BWI;CNC;INC;OK;INC000014751906;Priority 3;NA
FUN;BWI;FUN;INC;OK;INC000014751919;Priority 4;NA
APS;ETH;APS;INC;OK;INC000014752848;Priority 3;NA
CNC;DXE;CNC;INC;OK;INC000014753112;Priority 4;NA
FIN;OXE;FUN;INC;OK;INC000014753222;Priority 4;NA
FIN;812;FUN;INC;OK;INC000014753271;Priority 4;NA
FIN;812;FUN;INC;OK;INC000014753405;Priority 4;NA
FUN;812;FUN;INC;OK;INC000014753417;Priority 3;NA
FUN;WS;FUN;INC;OK;INC000014753810;Priority 3;NA
FUN;812;FUN;INC;OK;INC000014753879;Priority 4;NA
CNC;BWI;CNC;INC;OK;INC000014753961;Priority 4;NA
SEC;WS;SEC;SR;OK;INC000014754098;Priority 3;NA
FUN;BWI;FUN;INC;OK;INC000014754453;Priority 3;NA
FIN;OXE;FUN;INC;OK;INC000014754584;Priority 4;NA
L1;812;L1;INC;OK;INC000014754621;Priority 3;NA
OPS;OXE;TEC;HK;OK;INC000014754719;Priority 3;NA
L1;BWI;L1;INC;OK;INC000014754811;Priority 3;NA
L1;BWI;L1;INC;OK;INC000014755035;Priority 3;NA
L1;BWI;L1;INC;OK;INC000014755162;Priority 3;NA
FUN;LAT;FUN;INC;OK;INC000014755164;Priority 3;NA
L1;812;L1;INC;OK;INC000014755352;Priority 3;NA
L1;BWI;L1;INC;OK;INC000014755957;Priority 3;NA
L1;BWI;L1;INC;OK;INC000014756016;Priority 3;NA
L1;BWI;L1;INC;OK;INC000014756604;Priority 3;NA
L1;BWI;L1;INC;OK;INC000014756679;Priority 4;NA
OPS;EDS;OPS;HK;OK;INC000014757060;Priority 4;NA
FUN;ETH;FUN;INC;OK;INC000014757362;Priority 3;NA
OPS;EDS;OPS;HK;OK;INC000014758703;Priority 4;NA
FUN;ETH;FUN;INC;OK;INC000014759048;Priority 3;NA
FUN;ETH;FUN;INC;OK;INC000014759052;Priority 3;NA
DBA;DXE;DBA;INC;OK;INC000014760040;Priority 3;NA
OPS;EDS;OPS;HK;OK;INC000014760134;Priority 3;NA
OPS;EDS;OPS;HK;OK;INC000014761104;Priority 4;NA
FUN;DXE;FUN;INC;OK;INC000014761728;Priority 3;NA
FUN;DXE;FUN;INC;OK;INC000014761819;Priority 3;NA
CNC;812;CNC;INC;OK;INC000014762029;Priority 4;NA
CNC;812;CNC;INC;OK;INC000014762034;Priority 4;NA
FUN;812;FUN;INC;OK;INC000014762250;Priority 3;NA
OPS;EDS;OPS;HK;OK;INC000014762392;Priority 4;NA
FIN;812;FUN;INC;OK;INC000014762550;Priority 4;NA
CNC;812;CNC;INC;OK;INC000014762575;Priority 4;NA
FUN;812;FUN;SR;OK;INC000014762894;Priority 3;NA
CNC;BWI;CNC;INC;OK;INC000014763047;Priority 3;NA
FIN;812;FUN;INC;OK;INC000014763297;Priority 4;NA
APS;EES;APS;INC;OK;INC000014763322;Priority 3;NA
DBA;DXE;DBA;INC;OK;INC000014763359;Priority 3;NA
L1;812;L1;SR;OK;INC000014763471;Priority 4;NA
FUN;WS;FUN;INC;OK;INC000014763538;Priority 3;NA
FUN;812;FUN;INC;OK;INC000014763690;Priority 3;NA
CNC;DXE;CNC;INC;OK;INC000014763780;Priority 4;NA
L1;BWI;L1;INC;OK;INC000014763884;Priority 3;NA
FUN;BWI;FUN;INC;OK;INC000014764069;Priority 3;NA
FUN;BWI;FUN;SR;OK;INC000014764110;Priority 4;NA
FIN;812;FUN;INC;OK;INC000014765794;Priority 4;NA
FUN;812;FUN;INC;OK;INC000014765917;Priority 4;NA
FUN;812;FUN;INC;OK;INC000014766407;Priority 4;NA
FUN;812;FUN;INC;OK;INC000014766676;Priority 4;NA
FIN;812;FUN;INC;OK;INC000014766815;Priority 4;NA
OPS;EDS;OPS;HK;OK;INC000014766855;Priority 4;NA
FIN;812;FUN;INC;OK;INC000014766911;Priority 4;NA
FIN;812;FUN;INC;OK;INC000014767025;Priority 4;NA
FIN;812;FUN;INC;OK;INC000014767662;Priority 4;NA
FUN;DXE;FUN;INC;OK;INC000014768619;Priority 4;NA
FIN;LAT;FUN;INC;OK;INC000014768689;Priority 4;NA
FUN;812;FUN;SR;OK;INC000014768931;Priority 4;NA
FIN;MNT;FUN;INC;Defect;INC000014769288;Priority 4;NA
CNC;ETH;L1 ;INC;OK;INC000014769594;Priority 4;NA
FUN;BWI;FUN;INC;OK;INC000014770390;Priority 4;NA
DBA;812;DBA;INC;OK;INC000014770850;Priority 4;NA
DBA;812;DBA;INC;OK;INC000014771176;Priority 4;NA
FIN;812;FUN;INC;Defect;INC000014772541;Priority 4;NA
FIN;812;FUN;INC;OK;INC000014772614;Priority 4;NA
L1;MNT;L1 ;SR;OK;INC000014772809;Priority 4;NA
FIN;812;FUN;INC;OK;INC000014773041;Priority 4;NA
FUN;812;FUN;INC;OK;INC000014773408;Priority 4;NA
FIN;812;FUN;INC;OK;INC000014773643;Priority 4;NA
FIN;DXE;FUN;SR;OK;INC000014773927;Priority 4;NA
FIN;812;FUN;INC;OK;INC000014774502;Priority 4;NA
FUN;ETH;FUN;INC;OK;INC000014774728;Priority 4;NA
FUN;812;FUN;INC;OK;INC000014775549;Priority 4;NA
L1;812;L1 ;SR;OK;INC000014775832;Priority 4;NA
FUN;WS;FUN;INC;OK;INC000014775892;Priority 4;NA
L1;BWI;L1 ;INC;OK;INC000014775909;Priority 4;NA
FUN;BWI;FUN;INC;Defect;INC000014775973;Priority 4;NA
TEC;EDS;OPS;HK;OK;INC000014776709;Priority 4;NA
CNC;812;CNC;INC;OK;INC000014777684;Priority 4;NA
CNC;812;CNC;INC;OK;INC000014777687;Priority 4;NA
FIN;DXE;FUN;INC;OK;INC000014777905;Priority 4;NA
CNC;812;CNC;INC;OK;INC000014778312;Priority 4;NA
L1;MNT;L1 ;SR;OK;INC000014778668;Priority 4;NA
L1;MNT;L1 ;SR;OK;INC000014778670;Priority 4;NA
FIN;812;FUN;INC;OK;INC000014779154;Priority 4;NA
FIN;812;FUN;INC;OK;INC000014779589;Priority 4;NA
FUN;MNT;FUN;INC;OK;INC000014780093;Priority 4;NA
FUN;BWI;FUN;INC;OK;INC000014780608;Priority 4;NA
FUN;BWI;FUN;SR;Defect;INC000014780644;Priority 4;NA
L1;BWI;L1 ;INC;OK;INC000014781196;Priority 4;NA
L1;BWI;L1 ;INC;OK;INC000014781847;Priority 4;NA
TEC;EDS;OPS;HK;OK;INC000014782344;Priority 4;NA
FUN;812;FUN;INC;OK;INC000014782749;Priority 4;NA
FUN;812;FUN;INC;OK;INC000014782957;Priority 4;NA
FIN;DXE;FUN;INC;Defect;INC000014783340;Priority 4;NA
FUN;LAT;FUN;INC;OK;INC000014783371;Priority 4;NA
FUN;812;FUN;INC;OK;INC000014783443;Priority 4;NA
FUN;BWI;FUN;INC;OK;INC000014783511;Priority 4;NA
FUN;812;FUN;INC;OK;INC000014783515;Priority 4;NA
FUN;812;FUN;INC;OK;INC000014783556;Priority 4;NA
FUN;BWI;FUN;INC;OK;INC000014783583;Priority 4;NA
CNC;812;CNC;INC;OK;INC000014783615;Priority 4;NA
FIN;812;FUN;INC;OK;INC000014783807;Priority 4;NA
FUN;812;FUN;INC;Defect;INC000014783919;Priority 4;NA
FIN;812;FUN;INC;OK;INC000014784235;Priority 4;NA
FUN;DXE;FUN;INC;OK;INC000014784349;Priority 4;NA
FUN;BWI;FUN;INC;OK;INC000014784997;Priority 4;NA
FUN;EES;FUN;INC;OK;INC000014785022;Priority 4;NA
FIN;DXE;FUN;INC;OK;INC000014785251;Priority 4;NA
FUN;BWI;FUN;INC;Defect;INC000014785525;Priority 4;NA
FUN;LAT;FUN;INC;Defect;INC000014785729;Priority 4;NA
FUN;WS;FUN;SR;OK;INC000014785816;Priority 4;NA
FIN;812;FUN;INC;OK;INC000014786175;Priority 4;NA
CNC;CAN;CNC;INC;OK;INC000014786603;Priority 4;NA
FUN;LAT;FUN;INC;OK;INC000014786849;Priority 4;NA
FUN;BWI;FUN;SR;OK;INC000014787785;Priority 4;NA
OPS;EDS;OPS;HK;OK;INC000014790341;Priority 4;NA
OPS;WS;OPS;HK;OK;INC000014791232;Priority 4;NA
FIN;812;FUN;INC;OK;INC000014791731;Priority 4;NA
FUN;812;FUN;INC;OK;INC000014791954;Priority 4;NA
FUN;812;FUN;INC;OK;INC000014791963;Priority 4;NA
FIN;DXE;FUN;INC;OK;INC000014792149;Priority 4;NA
FIN;812;FUN;INC;OK;INC000014792219;Priority 4;NA
FIN;812;FUN;INC;OK;INC000014792625;Priority 4;NA
FUN;812;FUN;INC;OK;INC000014793232;Priority 4;NA
FUN;EES;FUN;INC;OK;INC000014793536;Priority 4;NA
FIN;812;FUN;INC;OK;INC000014793735;Priority 4;NA
FIN;812;FUN;INC;OK;INC000014793772;Priority 4;NA
FIN;812;FUN;CHG;OK;INC000014793774;Priority 4;NA
FIN;812;FUN;INC;OK;INC000014793976;Priority 4;NA
FUN;812;FUN;INC;OK;INC000014794763;Priority 4;NA
FIN;812;FUN;INC;OK;INC000014794825;Priority 4;NA
FIN;812;FUN;INC;OK;INC000014795001;Priority 4;NA
FUN;BWI;FUN;INC;OK;INC000014795198;Priority 4;NA
FUN;BWI;FUN;INC;OK;INC000014795235;Priority 4;NA
FIN;DXE;FUN;INC;OK;INC000014795295;Priority 4;NA
CNC;DCF;CNC;INC;OK;INC000014795559;Priority 4;NA
FUN;BWI;FUN;INC;OK;INC000014795657;Priority 4;NA
L1;BWI;L1 ;INC;OK;INC000014797360;Priority 4;NA
L1;812;L1 ;SR;OK;INC000014797570;Priority 4;NA
OPS;EDS;OPS;HK;OK;INC000014797733;Priority 4;NA
FIN;812;FUN;INC;OK;INC000014798442;Priority 4;NA
APS;ETH;APS;INC;OK;INC000014798900;Priority 3;NA
FIN;812;FUN;INC;OK;INC000014798913;Priority 4;NA
FIN;812;FUN;INC;Defect;INC000014798941;Priority 4;NA
FUN;DXE;FUN;INC;OK;INC000014799159;Priority 4;NA
FUN;MNT;FUN;INC;OK;INC000014799403;Priority 3;NA
FUN;812;FUN;INC;OK;INC000014799408;Priority 3;NA
FIN;812;FUN;INC;OK;INC000014799578;Priority 4;NA
FIN;DXE;FUN;INC;OK;INC000014799623;Priority 4;NA
FUN;DXE;FUN;INC;Defect;INC000014799763;Priority 4;NA
FUN;812;FUN;SR;OK;INC000014799778;Priority 4;NA
FIN;812;FUN;INC;Defect;INC000014799812;Priority 4;NA
FUN;LAT;FUN;INC;OK;INC000014799854;Priority 4;NA
SEC;EES;FUN;INC;OK;INC000014799896;Priority 3;NA
FUN;LAT;FUN;INC;OK;INC000014799961;Priority 4;NA
FIN;812;FUN;INC;OK;INC000014800177;Priority 4;NA
FIN;812;FUN;INC;OK;INC000014800243;Priority 3;NA
FIN;812;FUN;INC;OK;INC000014800338;Priority 4;NA
FIN;812;FUN;INC;OK;INC000014800340;Priority 4;NA
FUN;BWI;FUN;INC;OK;INC000014800429;Priority 3;NA
L1;BWI;L1 ;INC;OK;INC000014800434;Priority 3;NA
FUN;BWI;FUN;INC;OK;INC000014800458;Priority 3;NA
FUN;LAT;FUN;INC;OK;INC000014800593;Priority 3;NA
FUN;812;FUN;INC;OK;INC000014801098;Priority 3;NA
CNC;ETH;L1 ;INC;OK;INC000014801117;Priority 3;NA
FUN;BWI;FUN;INC;Defect;INC000014801147;Priority 3;NA
L1;BWI;L1 ;INC;OK;INC000014801600;Priority 3;NA
FUN;812;FUN;INC;OK;INC000014802148;Priority 3;NA
CNC;ETH;L1 ;INC;OK;INC000014802165;Priority 4;NA
APS;LAT;FUN;INC;OK;INC000014802275;Priority 3;NA
L1;BWI;L1 ;INC;OK;INC000014802468;Priority 3;NA
L1;MNT;L1 ;SR;OK;INC000014802505;Priority 3;NA
OPS;EDS;OPS;HK;OK;INC000014803150;Priority 3;NA
FUN;BWI;FUN;INC;OK;INC000014803935;Priority 3;NA
CNC;812;CNC;INC;OK;INC000014803977;Priority 4;NA
FUN;DXE;FUN;INC;OK;INC000014804349;Priority 3;NA
FUN;LAT;FUN;INC;OK;INC000014804396;Priority 3;NA
FUN;LAT;FUN;INC;OK;INC000014804419;Priority 3;NA
FUN;DXE;FUN;INC;OK;INC000014804452;Priority 3;NA
FIN;812;FUN;INC;Defect;INC000014804498;Priority 4;NA
FIN;812;FUN;INC;OK;INC000014804567;Priority 4;NA
FIN;812;FUN;INC;OK;INC000014804749;Priority 4;NA
FIN;812;FUN;INC;OK;INC000014804974;Priority 4;NA
FUN;LAT;FUN;INC;OK;INC000014805130;Priority 3;NA
FUN;BWI;FUN;INC;OK;INC000014805158;Priority 3;NA
FUN;DXE;FUN;INC;OK;INC000014805268;Priority 4;NA
FUN;BWI;FUN;INC;OK;INC000014805301;Priority 3;NA
CNC;812;CNC;INC;OK;INC000014805460;Priority 4;NA
FUN;ETH;FUN;INC;OK;INC000014805954;Priority 3;NA
FUN;BWI;FUN;INC;OK;INC000014806316;Priority 4;NA
FUN;BWI;FUN;INC;OK;INC000014806598;Priority 3;NA
FIN;812;FUN;INC;OK;INC000014806626;Priority 4;NA
FUN;BWI;FUN;INC;OK;INC000014806663;Priority 3;NA
FUN;LAT;FUN;INC;OK;INC000014806838;Priority 3;NA
FUN;LAT;FUN;INC;OK;INC000014806994;Priority 3;NA
FUN;LAT;FUN;INC;OK;INC000014807024;Priority 3;NA
L1;BWI;L1 ;INC;OK;INC000014807260;Priority 3;NA
CNC;EMS;OPS;SR;OK;INC000014807567;Priority 3;NA
FUN;BWI;FUN;SR;OK;INC000014807633;Priority 4;NA
APS;LAT;FUN;INC;OK;INC000014807707;Priority 3;NA
APS;LAT;FUN;INC;OK;INC000014807722;Priority 4;NA
APS;LAT;FUN;INC;OK;INC000014807808;Priority 3;NA
FUN;LAT;FUN;INC;Defect;INC000014808098;Priority 3;NA
FUN;LAT;FUN;INC;OK;INC000014808122;Priority 4;NA
FUN;LAT;FUN;INC;OK;INC000014808155;Priority 4;NA
OPS;EMS;OPS;HK;OK;INC000014808328;Priority 4;NA
FUN;LAT;FUN;INC;OK;INC000014808334;Priority 4;NA
APS;EES;APS;INC;OK;INC000014808736;Priority 4;NA
APS;ETH;APS;INC;OK;INC000014808850;Priority 3;NA
FUN;DXE;FUN;INC;OK;INC000014809137;Priority 4;NA
FIN;812;FUN;INC;OK;INC000014809283;Priority 4;NA
FIN;812;FUN;INC;OK;INC000014809403;Priority 4;NA
FIN;812;FUN;INC;OK;INC000014809528;Priority 4;NA
FIN;812;FUN;INC;OK;INC000014809580;Priority 3;NA
FUN;WS;FUN;INC;OK;INC000014809608;Priority 3;NA
CNC;812;CNC;INC;OK;INC000014809665;Priority 4;NA
L1;812;L1 ;SR;OK;INC000014809729;Priority 3;NA
FIN;812;FUN;INC;OK;INC000014809977;Priority 3;NA
FUN;BWI;FUN;INC;OK;INC000014810548;Priority 3;NA
FUN;812;FUN;INC;OK;INC000014810765;Priority 4;NA
CNC;MNT;CNC;INC;OK;INC000014810769;Priority 3;NA
FUN;812;FUN;INC;OK;INC000014810807;Priority 4;NA
FUN;812;FUN;INC;OK;INC000014810856;Priority 4;NA
FUN;812;FUN;INC;OK;INC000014811253;Priority 4;NA
FUN;812;FUN;INC;OK;INC000014811347;Priority 4;NA
FIN;812;FUN;INC;OK;INC000014811683;Priority 4;NA
FUN;LAT;FUN;INC;Defect;INC000014811782;Priority 4;NA
FUN;LAT;FUN;INC;Defect;INC000014811928;Priority 3;NA
L1;BWI;L1 ;INC;OK;INC000014811986;Priority 3;NA
FUN;LAT;FUN;INC;OK;INC000014812125;Priority 3;NA
FUN;LAT;FUN;INC;OK;INC000014812591;Priority 4;NA
FUN;BWI;FUN;SR;OK;INC000014812629;Priority 4;NA
FUN;BWI;FUN;INC;OK;INC000014812690;Priority 3;NA
CNC;BWI;L1 ;INC;OK;INC000014812801;Priority 4;NA
L1;BWI;L1 ;INC;OK;INC000014812814;Priority 4;NA
FUN;812;FUN;INC;OK;INC000014812835;Priority 3;NA
FUN;EES;FUN;INC;OK;INC000014812839;Priority 4;NA
CNC;BWI;CNC;INC;OK;INC000014812896;Priority 4;NA
APS;LAT;FUN;INC;OK;INC000014812979;Priority 4;NA
L1;BWI;L1 ;INC;OK;INC000014813196;Priority 4;NA
L1;BWI;L1 ;INC;OK;INC000014813333;Priority 4;NA
FUN;LAT;FUN;INC;OK;INC000014813391;Priority 3;NA
DBA;EES;FUN;INC;OK;INC000014814245;Priority 4;NA
FIN;812;FUN;INC;OK;INC000014814306;Priority 4;NA
FIN;812;FUN;INC;OK;INC000014814520;Priority 3;NA
FIN;812;FUN;INC;OK;INC000014814608;Priority 4;NA
FIN;812;FUN;INC;OK;INC000014814665;Priority 4;NA
FIN;812;FUN;INC;OK;INC000014814777;Priority 4;NA
SEC;812;SEC;INC;OK;INC000014814970;Priority 4;NA
FUN;BWI;FUN;INC;Defect;INC000014815137;Priority 4;NA
FUN;812;FUN;INC;OK;INC000014815261;Priority 4;NA
FUN;BWI;FUN;INC;OK;INC000014815265;Priority 4;NA
FUN;ETH;FUN;INC;OK;INC000014815400;Priority 4;NA
FUN;LAT;FUN;INC;OK;INC000014815473;Priority 2;NA
SCH;812;SCH;SR;OK;INC000014815729;Priority 3;NA
FUN;LAT;FUN;INC;OK;INC000014815762;Priority 3;NA
FIN;812;FUN;INC;OK;INC000014815905;Priority 4;NA
FIN;LAT;FUN;INC;OK;INC000014815985;Priority 4;NA
FUN;LAT;FUN;INC;OK;INC000014816001;Priority 3;NA
FUN;WS;FUN;INC;OK;INC000014816002;Priority 4;NA
L1;BWI;L1 ;INC;OK;INC000014816110;Priority 3;NA
L1;BWI;L1 ;INC;OK;INC000014816132;Priority 3;NA
FIN;812;FUN;INC;OK;INC000014816208;Priority 3;NA
FUN;ETH;FUN;INC;OK;INC000014816499;Priority 3;NA
FUN;LAT;FUN;INC;OK;INC000014816527;Priority 3;NA
FUN;BWI;FUN;SR;OK;INC000014816629;Priority 4;NA
CNC;ETH;CNC;INC;OK;INC000014816714;Priority 4;NA
FUN;LAT;FUN;INC;OK;INC000014816941;Priority 3;NA
FUN;BWI;FUN;SR;OK;INC000014817186;Priority 3;NA
FUN;BWI;FUN;INC;OK;INC000014817216;Priority 3;NA
L1;BWI;L1 ;INC;OK;INC000014817238;Priority 3;NA
FUN;LAT;FUN;INC;OK;INC000014817284;Priority 3;NA
FUN;LAT;FUN;INC;OK;INC000014817297;Priority 3;NA
FUN;LAT;FUN;INC;OK;INC000014817329;Priority 3;NA
FUN;BWI;FUN;INC;OK;INC000014817674;Priority 4;NA
OPS;EDS;OPS;HK;OK;INC000014817699;Priority 3;NA
CNC;ETH;L1 ;INC;OK;INC000014817727;Priority 4;NA
L1;BWI;L1 ;INC;OK;INC000014817798;Priority 3;NA
FUN;BWI;FUN;SR;OK;INC000014817811;Priority 4;NA
FUN;812;FUN;INC;OK;INC000014817824;Priority 4;NA
APS;LAT;FUN;INC;OK;INC000014817857;Priority 3;NA
APS;LAT;FUN;INC;OK;INC000014817868;Priority 3;NA
APS;LAT;FUN;SR;OK;INC000014817878;Priority 3;NA
APS;LAT;FUN;SR;OK;INC000014817889;Priority 3;NA
FUN;BWI;FUN;INC;OK;INC000014818022;Priority 4;NA
CNC;BWI;CNC;INC;OK;INC000014818482;Priority 4;NA
FIN;812;FUN;INC;OK;INC000014818587;Priority 4;NA
FIN;812;FUN;INC;OK;INC000014818595;Priority 3;NA
CNC;ETH;CNC;INC;OK;INC000014818653;Priority 4;NA
L1;MNT;L1 ;SR;OK;INC000014818697;Priority 4;NA
FIN;812;FUN;INC;OK;INC000014818699;Priority 3;NA
FIN;812;FUN;INC;OK;INC000014818701;Priority 3;NA
FIN;812;FUN;INC;OK;INC000014818705;Priority 3;NA
FIN;812;FUN;INC;OK;INC000014818713;Priority 4;NA
FIN;812;FUN;INC;OK;INC000014818729;Priority 3;NA
L1;MNT;L1 ;SR;OK;INC000014818768;Priority 4;NA
CNC;LAT;L1 ;INC;OK;INC000014819037;Priority 3;NA
L1;BWI;L1 ;INC;OK;INC000014819118;Priority 3;NA
CNC;BWI;L1 ;INC;OK;INC000014819355;Priority 3;NA
CNC;LAT;CNC;INC;OK;INC000014819475;Priority 3;NA
OPS;EMS;OPS;HK;OK;INC000014819911;Priority 3;NA
CNC;DXE;CNC;INC;OK;INC000014820236;Priority 2;NA
FUN;WS;FUN;INC;OK;INC000014820303;Priority 3;NA
OPS;EDS;OPS;HK;OK;INC000014820441;Priority 4;NA
SEC;EES;FUN;INC;OK;INC000014820514;Priority 3;NA
FUN;ETH;FUN;INC;OK;INC000014820686;Priority 4;NA
FUN;ETH;FUN;INC;OK;INC000014821008;Priority 4;NA
FUN;LAT;FUN;INC;OK;INC000014821041;Priority 4;NA
FUN;WS;FUN;INC;OK;INC000014821718;Priority 4;NA
OPS;EDS;OPS;HK;OK;INC000014821819;Priority 3;NA
L1;812;L1 ;SR;OK;INC000014822612;Priority 4;NA
FIN;812;FUN;INC;OK;INC000014823007;Priority 4;NA
OPS;EMS;OPS;HK;OK;INC000014823313;Priority 3;NA
FUN;812;FUN;INC;OK;INC000014823430;Priority 4;NA
FUN;812;FUN;INC;OK;INC000014823450;Priority 3;NA
FIN;DXE;FUN;SR;OK;INC000014823592;Priority 3;NA
FIN;812;FUN;INC;OK;INC000014823617;Priority 4;NA
FUN;812;FUN;INC;OK;INC000014823686;Priority 4;NA
FUN;DXE;FUN;INC;OK;INC000014823689;Priority 4;NA
FIN;812;FUN;INC;OK;INC000014823743;Priority 3;NA
FUN;LAT;FUN;INC;OK;INC000014823774;Priority 3;NA
L1;MNT;L1 ;SR;OK;INC000014823902;Priority 4;NA
FUN;BWI;FUN;INC;OK;INC000014824349;Priority 3;NA
FIN;DXE;FUN;SR;OK;INC000014824541;Priority 3;NA
FIN;812;FUN;INC;OK;INC000014824645;Priority 4;NA
FUN;812;FUN;INC;OK;INC000014824818;Priority 3;NA
FUN;ETH;FUN;INC;OK;INC000014825061;Priority 4;NA
OPS;WS;OPS;HK;OK;INC000014825094;Priority 3;NA
SCH;812;SCH;SR;OK;INC000014825123;Priority 3;NA
FUN;812;FUN;INC;OK;INC000014825193;Priority 3;NA
FUN;ETH;FUN;INC;OK;INC000014825268;Priority 3;NA
FUN;ETH;FUN;INC;OK;INC000014825293;Priority 3;NA
FUN;WS;FUN;SR;OK;INC000014825372;Priority 3;NA
CNC;DCF;CNC;INC;OK;INC000014825476;Priority 3;NA
L1;812;L1 ;SR;OK;INC000014825750;Priority 3;NA
L1;BWI;L1 ;INC;OK;INC000014826181;Priority 4;NA
L1;812;L1 ;SR;OK;INC000014826217;Priority 4;NA
FUN;LAT;FUN;INC;OK;INC000014826357;Priority 3;NA
FIN;LAT;FUN;INC;OK;INC000014826393;Priority 4;NA
FIN;DXE;FUN;INC;Defect;INC000014826523;Priority 4;NA
L1;BWI;L1 ;INC;OK;INC000014826810;Priority 4;NA
FUN;LAT;FUN;INC;OK;INC000014826882;Priority 4;NA
L1;EMS;OPS;SR;OK;INC000014826978;Priority 4;NA
L1;BWI;L1 ;INC;OK;INC000014826995;Priority 4;NA
L1;BWI;L1 ;INC;OK;INC000014827211;Priority 4;NA
FIN;812;FUN;INC;OK;INC000014827383;Priority 3;NA
L1;BWI;L1 ;INC;OK;INC000014827414;Priority 3;NA
FUN;BWI;FUN;SR;OK;INC000014827432;Priority 4;NA
FUN;BWI;FUN;INC;OK;INC000014827441;Priority 3;NA
FUN;BWI;FUN;SR;OK;INC000014827654;Priority 4;NA
FUN;ETH;FUN;INC;OK;INC000014827666;Priority 4;NA
FUN;MNT;FUN;INC;OK;INC000014827705;Priority 4;NA
FUN;BWI;FUN;INC;OK;INC000014827706;Priority 3;NA
FUN;BWI;FUN;SR;OK;INC000014827961;Priority 4;NA
OPS;EDS;OPS;HK;OK;INC000014828825;Priority 3;NA
L1;EMS;OPS;SR;OK;INC000014828874;Priority 4;NA
CNC;CAN;CNC;INC;OK;INC000014829056;Priority 4;NA
FIN;812;FUN;INC;OK;INC000014829454;Priority 4;NA
FIN;812;FUN;INC;OK;INC000014829887;Priority 3;NA
L1;MNT;L1 ;SR;OK;INC000014829944;Priority 4;NA
FUN;812;FUN;INC;OK;INC000014830136;Priority 3;NA
FUN;WS;FUN;INC;OK;INC000014830458;Priority 3;NA
FIN;812;FUN;INC;OK;INC000014830587;Priority 4;NA
L1;DXE;L1 ;SR;OK;INC000014830608;Priority 4;NA
L1;812;L1 ;SR;OK;INC000014830795;Priority 3;NA
FUN;812;FUN;SR;OK;INC000014831194;Priority 4;NA
FIN;812;FUN;INC;OK;INC000014831207;Priority 4;NA
CNC;ETH;L1 ;INC;OK;INC000014831351;Priority 4;NA
FUN;LAT;FUN;INC;OK;INC000014831378;Priority 4;NA
L1;BWI;L1 ;INC;OK;INC000014831485;Priority 4;NA
FUN;LAT;FUN;INC;OK;INC000014831609;Priority 3;NA
FUN;812;FUN;INC;Defect;INC000014831647;Priority 4;NA
SEC;DXE;SEC;INC;OK;INC000014831688;Priority 3;NA
CNC;EES;L1 ;INC;OK;INC000014831737;Priority 3;NA
L1;812;L1 ;INC;OK;INC000014832052;Priority 4;NA
L1;BWI;L1 ;INC;OK;INC000014832234;Priority 4;NA
FUN;BWI;FUN;INC;OK;INC000014832286;Priority 4;NA
CNC;MNT;CNC;INC;OK;INC000014832412;Priority 3;NA
FUN;LAT;FUN;INC;OK;INC000014832532;Priority 3;NA
L1;BWI;L1 ;INC;OK;INC000014832573;Priority 4;NA
FUN;LAT;FUN;INC;OK;INC000014832586;Priority 3;NA
CNC;CAN;CNC;INC;OK;INC000014833124;Priority 4;NA
FUN;LAT;FUN;INC;OK;INC000014833129;Priority 4;NA
L1;BWI;L1 ;INC;OK;INC000014833436;Priority 4;NA
FUN;ETH;FUN;INC;OK;INC000014833569;Priority 4;NA
FUN;BWI;FUN;INC;OK;INC000014833673;Priority 3;NA
FUN;812;FUN;INC;OK;INC000014833708;Priority 4;NA
CNC;MNT;CNC;INC;OK;INC000014833726;Priority 3;NA
FUN;BWI;FUN;INC;OK;INC000014833873;Priority 4;NA
L1;BWI;L1 ;INC;OK;INC000014834186;Priority 3;NA
L1;MNT;L1 ;SR;OK;INC000014834629;Priority 4;NA
L1;BWI;L1 ;INC;OK;INC000014835011;Priority 3;NA
FUN;812;FUN;INC;OK;INC000014835161;Priority 4;NA
FIN;812;FUN;INC;OK;INC000014835636;Priority 4;NA
FIN;812;FUN;INC;OK;INC000014836032;Priority 4;NA
FIN;812;FUN;INC;OK;INC000014836034;Priority 4;NA
FIN;812;FUN;INC;OK;INC000014836095;Priority 4;NA
FIN;812;FUN;INC;OK;INC000014836141;Priority 4;NA
FUN;LAT;FUN;INC;OK;INC000014836482;Priority 3;NA
FIN;DXE;FUN;INC;OK;INC000014836580;Priority 4;NA
FUN;812;FUN;INC;OK;INC000014836795;Priority 3;NA
FUN;ETH;FUN;INC;OK;INC000014836911;Priority 3;NA
FUN;LAT;FUN;INC;OK;INC000014836947;Priority 3;NA
FIN;LAT;FUN;INC;OK;INC000014837083;Priority 3;NA
FUN;LAT;FUN;INC;OK;INC000014837198;Priority 4;NA
FUN;EMS;FUN;INC;OK;INC000014837243;Priority 4;NA
FUN;MNT;FUN;INC;OK;INC000014837537;Priority 4;NA
FUN;DXE;FUN;INC;Defect;INC000014837639;Priority 4;NA
L1;812;L1 ;SR;OK;INC000014837703;Priority 4;NA
FUN;LAT;FUN;INC;OK;INC000014838085;Priority 3;NA
FUN;LAT;FUN;INC;OK;INC000014838197;Priority 3;NA
L1;MNT;L1 ;SR;OK;INC000014838271;Priority 4;NA
DBA;EES;FUN;INC;OK;INC000014838369;Priority 3;NA
L1;BWI;L1 ;INC;OK;INC000014838395;Priority 4;NA
FUN;BWI;FUN;INC;OK;INC000014838651;Priority 3;NA
L1;812;L1 ;SR;OK;INC000014838687;Priority 4;NA
FUN;ETH;FUN;INC;OK;INC000014838790;Priority 4;NA
FIN;812;FUN;INC;OK;INC000014838792;Priority 4;NA
FUN;ETH;FUN;INC;OK;INC000014838800;Priority 4;NA
L1;BWI;L1 ;INC;OK;INC000014838881;Priority 4;NA
FUN;BWI;FUN;INC;OK;INC000014838929;Priority 4;NA
FUN;812;FUN;INC;OK;INC000014839761;Priority 3;NA
FUN;BWI;FUN;INC;OK;INC000014840100;Priority 3;NA
OPS;EMS;OPS;HK;OK;INC000014840333;Priority 3;NA
APS;EES;APS;INC;OK;INC000014840451;Priority 3;NA
OPS;EDS;OPS;HK;OK;INC000014840717;Priority 4;NA
OPS;EMS;OPS;HK;OK;INC000014840858;Priority 4;NA
L1;812;L1 ;SR;OK;INC000014840980;Priority 4;NA
FIN;812;FUN;INC;OK;INC000014841254;Priority 4;NA
FUN;812;FUN;INC;OK;INC000014841555;Priority 4;NA
FIN;812;FUN;INC;OK;INC000014841562;Priority 4;NA
FUN;EDS;FUN;INC;OK;INC000014841563;Priority 4;NA
L1;DXE;L1 ;SR;OK;INC000014841618;Priority 4;NA
FIN;812;FUN;CHG;OK;INC000014841769;Priority 3;NA
FUN;812;FUN;INC;OK;INC000014841799;Priority 4;NA
FUN;812;FUN;INC;OK;INC000014841801;Priority 3;NA
FUN;812;FUN;INC;OK;INC000014841827;Priority 4;NA
DBA;EES;FUN;INC;OK;INC000014841921;Priority 3;NA
FUN;812;FUN;SR;OK;INC000014841952;Priority 4;NA
FIN;812;FUN;INC;OK;INC000014842003;Priority 4;NA
SCH;BWI;SCH;INC;OK;INC000014842139;Priority 4;NA
FUN;812;FUN;INC;OK;INC000014842232;Priority 4;NA
FIN;812;FUN;INC;OK;INC000014842382;Priority 4;NA
FUN;ETH;FUN;INC;OK;INC000014842550;Priority 3;NA
FIN;812;FUN;INC;OK;INC000014842705;Priority 4;NA
FUN;LAT;FUN;INC;OK;INC000014842816;Priority 4;NA
FIN;812;FUN;INC;OK;INC000014842857;Priority 4;NA
FUN;812;FUN;INC;OK;INC000014842887;Priority 4;NA
FIN;812;FUN;INC;OK;INC000014842925;Priority 4;NA
L1;812;L1 ;HK;OK;INC000014843046;Priority 4;NA
FIN;812;FUN;INC;OK;INC000014843481;Priority 4;NA
FIN;812;FUN;INC;Defect;INC000014843558;Priority 4;NA
L1;BWI;L1 ;INC;OK;INC000014843663;Priority 4;NA
CNC;812;CNC;INC;OK;INC000014843714;Priority 3;NA
FUN;LAT;FUN;INC;OK;INC000014843846;Priority 3;NA
L1;BWI;L1 ;INC;OK;INC000014843923;Priority 3;NA
FUN;812;FUN;INC;OK;INC000014843982;Priority 4;NA
FUN;LAT;FUN;INC;OK;INC000014844161;Priority 3;NA
L1;812;L1 ;SR;OK;INC000014844230;Priority 3;NA
FUN;LAT;FUN;INC;OK;INC000014844257;Priority 3;NA
CNC;812;CNC;INC;OK;INC000014844277;Priority 3;NA
L1;BWI;L1 ;INC;OK;INC000014844695;Priority 4;NA
TEC;EDS;OPS;HK;OK;INC000014845059;Priority 4;NA
FUN;812;FUN;INC;OK;INC000014845207;Priority 3;NA
FUN;BWI;FUN;INC;OK;INC000014845274;Priority 3;NA
L1;BWI;L1 ;INC;OK;INC000014845284;Priority 3;NA
L1;BWI;L1 ;INC;OK;INC000014845611;Priority 3;NA
L1;812;L1 ;SR;OK;INC000014846021;Priority 4;NA
FUN;ETH;FUN;INC;OK;INC000014846076;Priority 4;NA
OPS;EDS;OPS;HK;OK;INC000014846080;Priority 4;NA
L1;BWI;L1 ;INC;OK;INC000014846168;Priority 3;NA
CNC;BWI;SCH;INC;OK;INC000014846263;Priority 4;NA
CNC;812;CNC;INC;OK;INC000014846487;Priority 4;NA
L1;BWI;L1 ;INC;OK;INC000014846600;Priority 3;NA
FUN;812;FUN;INC;OK;INC000014846853;Priority 4;NA
FIN;812;FUN;INC;OK;INC000014846868;Priority 4;NA
CNC;BWI;CNC;INC;OK;INC000014846908;Priority 4;NA
FIN;812;FUN;INC;OK;INC000014846924;Priority 4;NA
TEC;EMS;OPS;HK;OK;INC000014847124;Priority 4;NA
CNC;812;CNC;INC;OK;INC000014847255;Priority 3;NA
FIN;812;FUN;INC;OK;INC000014847306;Priority 4;NA
FIN;812;FUN;INC;OK;INC000014847383;Priority 4;NA
FUN;BWI;FUN;INC;OK;INC000014848210;Priority 3;NA
L1;812;L1 ;SR;OK;INC000014848385;Priority 4;NA
FUN;812;FUN;INC;OK;INC000014848564;Priority 4;NA
L1;BWI;L1 ;INC;OK;INC000014848610;Priority 3;NA
FUN;COR;FUN;INC;Defect;INC000014848968;Priority 3;NA
APS;LAT;FUN;INC;OK;INC000014849012;Priority 3;NA
FUN;MNT;FUN;INC;OK;INC000014849578;Priority 4;NA
FUN;BWI;FUN;INC;OK;INC000014849579;Priority 3;NA
CNC;MNT;CNC;INC;OK;INC000014849718;Priority 3;NA
FUN;MNT;FUN;INC;OK;INC000014850002;Priority 4;NA
FUN;812;FUN;INC;OK;INC000014850371;Priority 4;NA
L1;BWI;L1 ;INC;OK;INC000014850678;Priority 4;NA
L1;BWI;L1 ;SR;OK;INC000014850960;Priority 4;NA
L1;BWI;L1 ;INC;OK;INC000014850977;Priority 3;NA
FUN;LAT;FUN;INC;OK;INC000014850995;Priority 3;NA
L1;BWI;L1 ;INC;OK;INC000014851162;Priority 3;NA
FUN;LAT;FUN;INC;OK;INC000014851961;Priority 3;NA
L1;812;L1 ;SR;OK;INC000014852110;Priority 4;NA
L1;BWI;L1 ;INC;OK;INC000014852753;Priority 4;NA
OPS;EMS;OPS;HK;OK;INC000014852955;Priority 4;NA
OPS;EMS;OPS;HK;OK;INC000014853162;Priority 3;NA
OPS;EDS;OPS;HK;OK;INC000014853578;Priority 3;NA
FUN;BWI;FUN;INC;OK;INC000014855456;Priority 4;NA
L1;EMS;L1 ;SR;OK;INC000014856639;Priority 3;NA
APS;ETH;APS;INC;OK;INC000014856750;Priority 3;NA
FUN;812;FUN;INC;OK;INC000014857006;Priority 4;NA
SCH;812;SCH;SR;OK;INC000014857122;Priority 3;NA
FIN;812;FUN;INC;OK;INC000014857295;Priority 4;NA
CNC;ETH;TEC;INC;OK;INC000014857333;Priority 3;NA
FUN;812;FUN;INC;OK;INC000014857606;Priority 3;NA
L1;BWI;L1 ;INC;OK;INC000014857731;Priority 3;NA
FUN;WS;FUN;INC;OK;INC000014857966;Priority 3;NA
FUN;WS;FUN;INC;OK;INC000014858007;Priority 3;NA
FUN;EES;FUN;INC;OK;INC000014858116;Priority 3;NA
FIN;812;FUN;INC;OK;INC000014858440;Priority 4;NA
L1;812;L1 ;SR;OK;INC000014858470;Priority 4;NA
FUN;812;FUN;INC;OK;INC000014858471;Priority 3;NA
FUN;BWI;FUN;INC;OK;INC000014858783;Priority 3;NA
SEC;DXE;SEC;INC;OK;INC000014859074;Priority 3;NA
FUN;812;FUN;INC;OK;INC000014859288;Priority 3;NA
SCH;BWI;SCH;INC;OK;INC000014859635;Priority 3;NA
FUN;812;FUN;INC;OK;INC000014859856;Priority 4;NA
FUN;812;FUN;INC;OK;INC000014859863;Priority 4;NA
FUN;DXE;FUN;INC;OK;INC000014859897;Priority 4;NA
L1;BWI;L1 ;INC;OK;INC000014859932;Priority 4;NA
L1;BWI;L1 ;INC;OK;INC000014860075;Priority 4;NA
FUN;ETH;FUN;INC;OK;INC000014860443;Priority 3;NA
L1;BWI;L1 ;INC;OK;INC000014860630;Priority 4;NA
FUN;BWI;FUN;INC;OK;INC000014860769;Priority 3;NA
SEC;WS;SEC;INC;OK;INC000014861098;Priority 4;NA
FUN;BWI;FUN;INC;OK;INC000014861114;Priority 4;NA
L1;BWI;L1 ;INC;OK;INC000014861143;Priority 3;NA
APS;LAT;FUN;SR;OK;INC000014861215;Priority 4;NA
SCH;BWI;SCH;INC;OK;INC000014861451;Priority 4;NA
OPS;EDS;OPS;HK;OK;INC000014861786;Priority 4;NA
CNC;BWI;CNC;INC;OK;INC000014861805;Priority 4;NA
L1;BWI;L1 ;INC;OK;INC000014861812;Priority 3;NA
CNC;812;CNC;INC;OK;INC000014862054;Priority 2;NA
L1;BWI;L1 ;SR;OK;INC000014862151;Priority 4;NA
FUN;812;FUN;INC;OK;INC000014862823;Priority 3;NA
FIN;812;FUN;INC;OK;INC000014863035;Priority 4;NA
FIN;812;FUN;INC;OK;INC000014863286;Priority 4;NA
L1;ETH;L1 ;INC;OK;INC000014863341;Priority 3;NA
L1;812;L1 ;SR;OK;INC000014863403;Priority 4;NA
FUN;812;FUN;SR;OK;INC000014863470;Priority 4;NA
FUN;EMS;FUN;INC;OK;INC000014863559;Priority 4;NA
FIN;DXE;FUN;SR;OK;INC000014863833;Priority 3;NA
FUN;DXE;FUN;INC;OK;INC000014863841;Priority 3;NA
SEC;812;SEC;INC;OK;INC000014863885;Priority 4;NA
SEC;812;SEC;INC;OK;INC000014864017;Priority 3;NA
FUN;BWI;FUN;INC;OK;INC000014864157;Priority 3;NA
L1;BWI;L1 ;INC;OK;INC000014864161;Priority 4;NA
L1;BWI;L1 ;INC;OK;INC000014864191;Priority 4;NA
FUN;LAT;FUN;INC;OK;INC000014864220;Priority 3;NA
CNC;812;CNC;INC;OK;INC000014864353;Priority 3;NA
FUN;EES;FUN;INC;OK;INC000014864430;Priority 3;NA
FUN;ETH;FUN;INC;OK;INC000014864463;Priority 3;NA
FUN;812;FUN;INC;OK;INC000014864477;Priority 3;NA
SEC;812;SEC;INC;OK;INC000014864485;Priority 3;NA
L1;BWI;L1 ;INC;OK;INC000014864979;Priority 4;NA
APS;LAT;FUN;SR;OK;INC000014865031;Priority 4;NA
CNC;ETH;CNC;INC;OK;INC000014865054;Priority 3;NA
FUN;BWI;FUN;INC;OK;INC000014865059;Priority 4;NA
L1;BWI;L1 ;INC;OK;INC000014865124;Priority 4;NA
FIN;812;FUN;INC;OK;INC000014865180;Priority 4;NA
L1;BWI;L1 ;INC;OK;INC000014865493;Priority 4;NA
L1;BWI;L1 ;INC;OK;INC000014865552;Priority 4;NA
FUN;LAT;FUN;INC;OK;INC000014865602;Priority 3;NA
FUN;BWI;FUN;INC;OK;INC000014865864;Priority 4;NA
L1;BWI;L1 ;INC;OK;INC000014866532;Priority 4;NA
DBA;812;DBA;INC;OK;INC000014866901;Priority 3;NA
CNC;BWI;L1 ;INC;OK;INC000014867079;Priority 3;NA
SEC;EES;FUN;INC;OK;INC000014867130;Priority 3;NA
FUN;812;FUN;INC;OK;INC000014867142;Priority 3;NA
FUN;BWI;FUN;SR;OK;INC000014867718;Priority 4;NA
CNC;812;CNC;INC;OK;INC000014868677;Priority 4;NA
FIN;812;FUN;INC;OK;INC000014868689;Priority 4;NA
CNC;DXE;CNC;INC;OK;INC000014868813;Priority 3;NA
L1;BWI;L1 ;SR;OK;INC000014869017;Priority 4;NA
FUN;812;FUN;INC;OK;INC000014869144;Priority 3;NA
FUN;812;FUN;INC;OK;INC000014869166;Priority 4;NA
FUN;812;FUN;INC;OK;INC000014869202;Priority 4;NA
FUN;812;FUN;INC;OK;INC000014869393;Priority 4;NA
FUN;812;FUN;INC;OK;INC000014869454;Priority 4;NA
FIN;812;FUN;INC;OK;INC000014869471;Priority 4;NA
SEC;DXE;SEC;INC;OK;INC000014869754;Priority 2;NA
L1;BWI;L1 ;SR;OK;INC000014869798;Priority 4;NA
FIN;812;FUN;INC;OK;INC000014869942;Priority 3;NA
L1;BWI;L1 ;SR;OK;INC000014869983;Priority 4;NA
L1;EDS;L1 ;SR;OK;INC000014869994;Priority 4;NA
SEC;EDS;SEC;INC;OK;INC000014870109;Priority 4;NA
SEC;EDS;SEC;INC;OK;INC000014870115;Priority 4;NA
FUN;BWI;FUN;INC;OK;INC000014870586;Priority 3;NA
FIN;MNT;FUN;INC;OK;INC000014870628;Priority 4;NA
L1;812;L1 ;SR;OK;INC000014870674;Priority 4;NA
L1;BWI;L1 ;INC;OK;INC000014871496;Priority 4;NA
L1;BWI;L1 ;INC;OK;INC000014871503;Priority 4;NA
CNC;BWI;CNC;INC;OK;INC000014871597;Priority 3;NA
L1;BWI;L1 ;INC;OK;INC000014871711;Priority 4;NA
FUN;ETH;FUN;INC;OK;INC000014871820;Priority 4;NA
L1;BWI;L1 ;INC;OK;INC000014871848;Priority 4;NA
FUN;BWI;FUN;INC;OK;INC000014872451;Priority 3;NA
L1;BWI;L1 ;INC;OK;INC000014872567;Priority 3;NA
L1;BWI;L1 ;INC;OK;INC000014872679;Priority 3;NA
FUN;BWI;FUN;INC;OK;INC000014872685;Priority 3;NA
L1;BWI;L1 ;INC;OK;INC000014872810;Priority 3;NA
FUN;BWI;FUN;INC;OK;INC000014873006;Priority 3;NA
SEC;EDS;SEC;INC;OK;INC000014874165;Priority 4;NA
SEC;EDS;SEC;INC;OK;INC000014874209;Priority 4;NA
L1;812;L1 ;SR;OK;INC000014874320;Priority 4;NA
FUN;812;FUN;INC;OK;INC000014874574;Priority 3;NA
L1;EMS;OPS;SR;OK;INC000014874672;Priority 4;NA
APS;EES;APS;INC;OK;INC000014874963;Priority 3;NA
L1;EDS;L1 ;SR;OK;INC000014874989;Priority 3;NA
FIN;812;FUN;INC;OK;INC000014875226;Priority 4;NA
FIN;812;FUN;INC;OK;INC000014875585;Priority 4;NA
FUN;LAT;FUN;INC;OK;INC000014875614;Priority 3;NA
TEC;EDS;OPS;INC;OK;INC000014875669;Priority 4;NA
FUN;WS;FUN;INC;OK;INC000014875711;Priority 3;NA
FUN;LAT;FUN;INC;OK;INC000014875760;Priority 3;NA
FUN;812;FUN;INC;OK;INC000014875908;Priority 4;NA
OPS;EDS;OPS;HK;OK;INC000014876683;Priority 4;NA
L1;BWI;L1 ;INC;OK;INC000014876733;Priority 4;NA
L1;BWI;L1 ;INC;OK;INC000014877024;Priority 4;NA
L1;BWI;L1 ;INC;OK;INC000014877094;Priority 4;NA
L1;BWI;L1 ;INC;OK;INC000014877206;Priority 4;NA
L1;BWI;L1 ;INC;OK;INC000014877992;Priority 3;NA
L1;BWI;L1 ;INC;OK;INC000014878002;Priority 3;NA
FUN;812;FUN;INC;OK;INC000014878043;Priority 3;NA
L1;BWI;L1 ;INC;OK;INC000014878124;Priority 3;NA
CNC;ETH;TEC;SR;OK;INC000014878303;Priority 4;NA
L1;BWI;L1 ;INC;OK;INC000014878379;Priority 4;NA
CNC;EMS;OPS;INC;OK;INC000014879062;Priority 4;NA
OPS;EDS;OPS;HK;OK;INC000014879091;Priority 4;NA
FUN;812;FUN;INC;OK;INC000014879218;Priority 3;NA
OPS;EMS;OPS;HK;OK;INC000014879741;Priority 4;NA
FUN;812;FUN;INC;OK;INC000014879940;Priority 4;NA
FUN;812;FUN;INC;OK;INC000014880326;Priority 3;NA
FIN;MNT;FUN;INC;OK;INC000014880370;Priority 4;NA
L1;BWI;L1 ;INC;OK;INC000014880622;Priority 3;NA
FIN;812;FUN;INC;OK;INC000014880641;Priority 4;NA
FUN;812;FUN;INC;OK;INC000014880900;Priority 3;NA
TEC;EDS;OPS;INC;OK;INC000014880906;Priority 4;NA
FUN;BWI;FUN;INC;OK;INC000014880923;Priority 4;NA
L1;812;L1 ;INC;OK;INC000014881056;Priority 4;NA
CNC;812;CNC;INC;OK;INC000014881349;Priority 4;NA
L1;BWI;L1 ;INC;OK;INC000014881477;Priority 4;NA
L1;BWI;L1 ;INC;OK;INC000014881511;Priority 4;NA
L1;BWI;L1 ;INC;OK;INC000014881826;Priority 4;NA
DBA;812;DBA;INC;OK;INC000014881892;Priority 3;NA
FUN;BWI;FUN;INC;OK;INC000014882256;Priority 4;NA
FUN;LAT;FUN;SR;OK;INC000014882344;Priority 3;NA
L1;ETH;L1 ;INC;OK;INC000014882772;Priority 4;NA
L1;ETH;L1 ;INC;OK;INC000014882773;Priority 4;NA
CNC;BWI;L1 ;INC;OK;INC000014882965;Priority 3;NA
CNC;BWI;L1 ;INC;OK;INC000014883050;Priority 3;NA
CNC;BWI;L1 ;INC;OK;INC000014883530;Priority 3;NA
OPS;EMS;OPS;HK;OK;INC000014883699;Priority 3;NA
L1;BWI;L1 ;SR;OK;INC000014884329;Priority 4;NA
L1;BWI;L1 ;INC;OK;INC000014884521;Priority 4;NA
TEC;EMS;OPS;HK;OK;INC000014885246;Priority 3;NA
TEC;EDS;OPS;HK;OK;INC000014885295;Priority 3;NA
FUN;BWI;FUN;INC;OK;INC000014886109;Priority 4;NA
OPS;EDS;OPS;HK;OK;INC000014887407;Priority 4;NA
OPS;EMS;OPS;HK;OK;INC000014887420;Priority 4;NA
CNC;812;L1 ;INC;OK;INC000014887521;Priority 2;NA
FUN;812;FUN;INC;OK;INC000014888001;Priority 3;NA
FIN;812;FUN;INC;OK;INC000014888336;Priority 4;NA
APS;EES;APS;INC;OK;INC000014888590;Priority 3;NA
OPS;EDS;OPS;HK;OK;INC000014888744;Priority 3;NA
FUN;812;FUN;INC;OK;INC000014889194;Priority 3;NA
OPS;WS;OPS;HK;OK;INC000014889333;Priority 3;NA
APS;EES;APS;INC;OK;INC000014889448;Priority 3;NA
CNC;BWI;SCH;INC;OK;INC000014890134;Priority 2;NA
CNC;812;CNC;INC;OK;INC000014890272;Priority 3;NA
OPS;WS;OPS;INC;OK;INC000014890316;Priority 3;NA
CNC;812;CNC;INC;OK;INC000014890320;Priority 3;NA
FUN;CAN;FUN;INC;OK;INC000014890618;Priority 4;NA
APS;EES;APS;INC;OK;INC000014891321;Priority 3;NA
FUN;LAT;FUN;INC;OK;INC000014891486;Priority 3;NA
L1;BWI;L1 ;INC;OK;INC000014891507;Priority 4;NA
FUN;LAT;FUN;INC;OK;INC000014891551;Priority 2;NA
L1;MNT;L1 ;SR;OK;INC000014891704;Priority 3;NA
L1;MNT;L1 ;SR;OK;INC000014891876;Priority 4;NA
L1;BWI;L1 ;SR;OK;INC000014892436;Priority 3;NA
FUN;ETH;FUN;INC;OK;INC000014892520;Priority 3;NA
FUN;BWI;FUN;INC;OK;INC000014892543;Priority 3;NA
FUN;812;FUN;INC;OK;INC000014892565;Priority 3;NA
FUN;BWI;FUN;INC;OK;INC000014892591;Priority 4;NA
L1;BWI;L1 ;INC;OK;INC000014892660;Priority 3;NA
L1;BWI;L1 ;INC;OK;INC000014892687;Priority 3;NA
FUN;ETH;FUN;INC;OK;INC000014892799;Priority 3;NA
OPS;EDS;OPS;HK;OK;INC000014893505;Priority 4;NA
OPS;EMS;OPS;HK;OK;INC000014893604;Priority 3;NA
OPS;EDS;OPS;HK;OK;INC000014893654;Priority 3;NA
OPS;EDS;OPS;INC;OK;INC000014894050;Priority 4;NA
L1;812;L1 ;SR;OK;INC000014894169;Priority 4;NA
FIN;812;FUN;INC;OK;INC000014894196;Priority 4;NA
FUN;WS;FUN;INC;OK;INC000014894292;Priority 3;NA
FIN;812;FUN;INC;OK;INC000014895046;Priority 4;NA
FUN;812;FUN;INC;OK;INC000014895175;Priority 3;NA
OPS;EDS;OPS;HK;OK;INC000014895261;Priority 3;NA
CNC;812;CNC;INC;OK;INC000014895413;Priority 3;NA
CNC;WS;CNC;INC;OK;INC000014895466;Priority 4;NA
L1;812;L1 ;INC;OK;INC000014895609;Priority 4;NA
FUN;812;FUN;INC;OK;INC000014895650;Priority 3;NA
L1;BWI;L1 ;INC;OK;INC000014895725;Priority 4;NA
FUN;CAN;FUN;INC;OK;INC000014895746;Priority 3;NA
FUN;BWI;FUN;INC;OK;INC000014895789;Priority 3;NA
FUN;BWI;FUN;INC;OK;INC000014895883;Priority 3;NA
FIN;812;FUN;INC;OK;INC000014896227;Priority 4;NA
L1;BWI;L1 ;INC;OK;INC000014896773;Priority 4;NA
OPS;EDS;OPS;HK;OK;INC000014896995;Priority 4;NA
L1;BWI;L1 ;INC;OK;INC000014897084;Priority 4;NA
FUN;DXE;FUN;SR;OK;INC000014897264;Priority 3;NA
APS;LAT;FUN;SR;OK;INC000014897357;Priority 4;NA
L1;BWI;L1 ;INC;OK;INC000014898004;Priority 4;NA
L1;BWI;L1 ;INC;OK;INC000014898046;Priority 4;NA
CNC;812;CNC;INC;OK;INC000014898459;Priority 4;NA
FUN;812;FUN;INC;OK;INC000014898460;Priority 3;NA
APS;LAT;FUN;SR;OK;INC000014898564;Priority 3;NA
CNC;EES;L1 ;INC;OK;INC000014898634;Priority 4;NA
FUN;LAT;FUN;INC;OK;INC000014899040;Priority 3;NA
FUN;BWI;FUN;INC;OK;INC000014899116;Priority 3;NA
CNC;BWI;L1 ;INC;OK;INC000014899227;Priority 3;NA
CNC;812;CNC;INC;OK;INC000014899682;Priority 4;NA
FIN;812;FUN;INC;OK;INC000014899690;Priority 3;NA
CNC;DXE;CNC;INC;OK;INC000014899859;Priority 3;NA
FUN;812;FUN;INC;OK;INC000014900227;Priority 3;NA
FUN;BWI;FUN;INC;OK;INC000014900275;Priority 4;NA
DBA;812;DBA;INC;OK;INC000014900518;Priority 3;NA
CNC;812;CNC;INC;OK;INC000014900585;Priority 4;NA
FUN;LAT;FUN;INC;OK;INC000014901016;Priority 3;NA
FUN;812;FUN;INC;OK;INC000014901202;Priority 3;NA
APS;ETH;APS;INC;OK;INC000014901694;Priority 3;NA
CNC;812;CNC;INC;OK;INC000014901717;Priority 3;NA
L1;MNT;L1 ;SR;OK;INC000014901903;Priority 4;NA
FIN;812;FUN;INC;OK;INC000014902378;Priority 4;NA
L1;BWI;L1 ;INC;OK;INC000014902495;Priority 4;NA
CNC;ETH;CNC;INC;OK;INC000014902548;Priority 4;NA
L1;BWI;L1 ;INC;OK;INC000014902710;Priority 4;NA
FUN;BWI;FUN;INC;OK;INC000014903002;Priority 3;NA
L1;BWI;L1 ;INC;OK;INC000014903729;Priority 4;NA
CNC;812;CNC;INC;OK;INC000014903867;Priority 3;NA
SEC;812;SEC;INC;OK;INC000014904156;Priority 3;NA
FUN;EDS;FUN;INC;OK;INC000014905180;Priority 3;NA
TEC;EDS;OPS;HK;OK;INC000014905454;Priority 4;NA
FUN;LAT;FUN;INC;OK;INC000014906454;Priority 3;NA
L1;MNT;L1 ;SR;OK;INC000014906644;Priority 4;NA
L1;BWI;L1 ;INC;OK;INC000014907089;Priority 4;NA
L1;BWI;L1 ;SR;OK;INC000014907294;Priority 4;NA
L1;812;L1 ;INC;OK;INC000014907341;Priority 4;NA
L1;BWI;L1 ;INC;OK;INC000014907676;Priority 4;NA
L1;BWI;L1 ;INC;OK;INC000014907773;Priority 4;NA
FUN;LAT;FUN;INC;OK;INC000014907820;Priority 3;NA
APS;LAT;FUN;INC;OK;INC000014908275;Priority 3;NA
APS;LAT;FUN;SR;OK;INC000014908291;Priority 3;NA
L1;BWI;L1 ;INC;OK;INC000014908893;Priority 4;NA
L1;BWI;L1 ;INC;OK;INC000014908923;Priority 3;NA
APS;LAT;FUN;SR;OK;INC000014908989;Priority 3;NA
L1;BWI;L1 ;INC;OK;INC000014909044;Priority 3;NA
DBA;DPY;CNC;INC;OK;INC000014909696;Priority 3;NA
FIN;812;FUN;INC;OK;INC000014910019;Priority 4;NA
FUN;812;FUN;INC;OK;INC000014910091;Priority 4;NA
L1;ETH;L1 ;INC;OK;INC000014910485;Priority 3;NA
FIN;812;FUN;INC;OK;INC000014910716;Priority 4;NA
FUN;812;FUN;SR;OK;INC000014910778;Priority 4;NA
DBA;812;DBA;INC;OK;INC000014910830;Priority 3;NA
FUN;812;FUN;INC;OK;INC000014910972;Priority 3;NA
CNC;MNT;L1 ;INC;OK;INC000014911132;Priority 4;NA
FIN;812;FUN;INC;OK;INC000014911351;Priority 4;NA
APS;EES;APS;INC;OK;INC000014911367;Priority 3;NA
CNC;812;CNC;INC;OK;INC000014911393;Priority 3;NA
FUN;812;FUN;INC;OK;INC000014911426;Priority 4;NA
FUN;BWI;FUN;INC;OK;INC000014911576;Priority 3;NA
L1;812;L1 ;SR;OK;INC000014911616;Priority 3;NA
L1;812;L1 ;INC;OK;INC000014911975;Priority 3;NA
FUN;812;FUN;INC;OK;INC000014912044;Priority 4;NA
FUN;BWI;FUN;INC;OK;INC000014912308;Priority 4;NA
FUN;BWI;FUN;INC;OK;INC000014912585;Priority 4;NA
OPS;EMS;OPS;HK;OK;INC000014912638;Priority 4;NA
FIN;812;FUN;INC;Defect;INC000014912811;Priority 4;NA
FUN;BWI;FUN;INC;OK;INC000014913069;Priority 4;NA
FUN;DXE;FUN;INC;Defect;INC000014913329;Priority 4;NA
FUN;BWI;FUN;INC;OK;INC000014913592;Priority 4;NA
FUN;BWI;FUN;INC;Defect;INC000014913611;Priority 4;NA
CNC;BWI;L1 ;INC;OK;INC000014913650;Priority 3;NA
L1;812;L1 ;SR;OK;INC000014913954;Priority 4;NA
L1;BWI;L1 ;INC;OK;INC000014914097;Priority 3;NA
L1;BWI;L1 ;INC;OK;INC000014914098;Priority 3;NA
SCH;LAT;SCH;INC;OK;INC000014914710;Priority 4;NA
L1;BWI;L1 ;INC;OK;INC000014914983;Priority 3;NA
OPS;EMS;OPS;HK;OK;INC000014915031;Priority 4;NA
OPS;EDS;OPS;HK;OK;INC000014915665;Priority 4;NA
SCH;LAT;SCH;INC;OK;INC000014915693;Priority 4;NA
FUN;812;FUN;INC;OK;INC000014916679;Priority 4;NA
SCH;LAT;SCH;INC;OK;INC000014917942;Priority 4;NA
SCH;LAT;SCH;INC;OK;INC000014917943;Priority 4;NA
SCH;LAT;SCH;INC;OK;INC000014917945;Priority 4;NA
SCH;LAT;SCH;INC;OK;INC000014917947;Priority 4;NA
SCH;LAT;SCH;INC;OK;INC000014917948;Priority 4;NA
SCH;LAT;SCH;INC;OK;INC000014917960;Priority 4;NA
SCH;LAT;SCH;INC;OK;INC000014917961;Priority 4;NA
SCH;LAT;SCH;INC;OK;INC000014917962;Priority 4;NA
SCH;LAT;SCH;INC;OK;INC000014918290;Priority 4;NA
SCH;LAT;SCH;INC;OK;INC000014918291;Priority 4;NA
SCH;LAT;SCH;INC;OK;INC000014918292;Priority 4;NA
SCH;LAT;SCH;INC;OK;INC000014918294;Priority 4;NA
SCH;LAT;SCH;INC;OK;INC000014918295;Priority 4;NA
SCH;LAT;SCH;INC;OK;INC000014918297;Priority 4;NA
SCH;LAT;SCH;INC;OK;INC000014918301;Priority 4;NA
FIN;812;FUN;INC;OK;INC000014918367;Priority 4;NA
FUN;DXE;FUN;INC;Defect;INC000014918602;Priority 4;NA
FUN;812;FUN;SR;OK;INC000014918878;Priority 4;NA
CNC;MNT;L1 ;INC;OK;INC000014919310;Priority 4;NA
FUN;812;FUN;SR;Defect;INC000014919522;Priority 4;NA
CNC;CAN;L1 ;INC;OK;INC000014919532;Priority 4;NA
FIN;812;FUN;INC;OK;INC000014919577;Priority 4;NA
FIN;812;FUN;INC;OK;INC000014919592;Priority 4;NA
FUN;812;FUN;INC;OK;INC000014920082;Priority 4;NA
FUN;812;FUN;SR;OK;INC000014920761;Priority 4;NA
CNC;MNT;L1 ;INC;OK;INC000014920769;Priority 4;NA
FIN;812;FUN;INC;OK;INC000014921543;Priority 4;NA
L1;BWI;L1 ;INC;OK;INC000014921816;Priority 4;NA
FUN;BWI;FUN;INC;OK;INC000014921941;Priority 4;NA
L1;MNT;L1 ;SR;OK;INC000014921955;Priority 4;NA
L1;BWI;L1 ;INC;OK;INC000014922040;Priority 4;NA
FUN;BWI;FUN;INC;Defect;INC000014922757;Priority 4;NA
FUN;812;FUN;INC;OK;INC000014924217;Priority 4;NA
FUN;WS;FUN;INC;OK;INC000014924624;Priority 4;NA
FIN;812;FUN;INC;OK;INC000014924967;Priority 4;NA
FUN;812;FUN;INC;OK;INC000014924981;Priority 4;NA
OPS;EMS;OPS;HK;OK;INC000014925233;Priority 4;NA
FIN;812;FUN;INC;OK;INC000014925285;Priority 4;NA
FIN;812;FUN;INC;Defect;INC000014925321;Priority 4;NA
FIN;812;FUN;INC;OK;INC000014925340;Priority 4;NA
TEC;OXE;CNC;HK;OK;INC000014925377;Priority 4;NA
FUN;LAT;FUN;INC;OK;INC000014926019;Priority 4;NA
TEC;EDS;OPS;HK;OK;INC000014926028;Priority 4;NA
FUN;812;FUN;INC;Defect;INC000014926671;Priority 4;NA
FUN;812;FUN;INC;Defect;INC000014926708;Priority 4;NA
FIN;812;FUN;INC;OK;INC000014926782;Priority 4;NA
FUN;BWI;FUN;INC;OK;INC000014927123;Priority 4;NA
FUN;812;FUN;INC;OK;INC000014927313;Priority 4;NA
FIN;DXE;FUN;INC;OK;INC000014927644;Priority 4;NA
L1;BWI;L1 ;INC;OK;INC000014927649;Priority 4;NA
L1;BWI;L1 ;INC;OK;INC000014927696;Priority 4;NA
L1;BWI;L1 ;INC;OK;INC000014927747;Priority 4;NA
L1;BWI;L1 ;INC;OK;INC000014927794;Priority 4;NA
FUN;BWI;FUN;INC;OK;INC000014927929;Priority 4;NA
L1;BWI;L1 ;INC;OK;INC000014927959;Priority 4;NA
FUN;812;FUN;INC;OK;INC000014929549;Priority 4;NA
FUN;812;FUN;INC;OK;INC000014929789;Priority 4;NA
FUN;812;FUN;INC;Defect;INC000014929840;Priority 4;NA
FIN;812;FUN;INC;OK;INC000014930231;Priority 4;NA
FUN;ETH;FUN;INC;OK;INC000014930831;Priority 4;NA
FUN;812;FUN;INC;OK;INC000014930877;Priority 4;NA
FUN;LAT;FUN;INC;Defect;INC000014930962;Priority 4;NA
FUN;812;FUN;INC;OK;INC000014931130;Priority 4;NA
L1;BWI;L1 ;INC;OK;INC000014931584;Priority 4;NA
FUN;812;FUN;INC;OK;INC000014931634;Priority 4;NA
FUN;BWI;FUN;INC;OK;INC000014931637;Priority 4;NA
L1;812;L1 ;SR;OK;INC000014931727;Priority 4;NA
L1;MNT;L1 ;SR;OK;INC000014931787;Priority 4;NA
FUN;812;FUN;INC;OK;INC000014931978;Priority 4;NA
FIN;812;FUN;INC;OK;INC000014932018;Priority 4;NA
FIN;812;FUN;INC;OK;INC000014932496;Priority 4;NA
L1;BWI;L1 ;SR;OK;INC000014932536;Priority 4;NA
L1;BWI;L1 ;INC;OK;INC000014933380;Priority 4;NA
L1;BWI;L1 ;INC;OK;INC000014933485;Priority 4;NA
FUN;EES;FUN;INC;OK;INC000014933489;Priority 4;NA
OPS;EMS;OPS;HK;OK;INC000014933619;Priority 4;NA
FUN;812;FUN;INC;OK;INC000014935201;Priority 4;NA
FUN;812;FUN;INC;Defect;INC000014935510;Priority 4;NA
FIN;812;FUN;INC;Defect;INC000014935525;Priority 4;NA
CNC;MNT;L1 ;INC;OK;INC000014935809;Priority 4;NA
CNC;MNT;L1 ;INC;OK;INC000014935818;Priority 4;NA
FUN;812;FUN;INC;Defect;INC000014935872;Priority 4;NA
FUN;812;FUN;INC;OK;INC000014936042;Priority 4;NA
FUN;LAT;FUN;INC;OK;INC000014936074;Priority 4;NA
OPS;OXE;CNC;HK;OK;INC000014936532;Priority 4;NA
L1;MNT;L1 ;SR;OK;INC000014936608;Priority 4;NA
L1;MNT;L1 ;SR;OK;INC000014936628;Priority 4;NA
L1;BWI;L1 ;SR;OK;INC000014937462;Priority 4;NA
L1;BWI;L1 ;INC;OK;INC000014937644;Priority 4;NA
L1;BWI;L1 ;INC;OK;INC000014937740;Priority 4;NA
CNC;MNT;L1 ;INC;OK;INC000014938280;Priority 4;NA
L1;MNT;L1 ;SR;OK;INC000014938290;Priority 4;NA
FUN;MNT;FUN;INC;Defect;INC000014938560;Priority 4;NA
FUN;ETH;FUN;INC;OK;INC000014939579;Priority 3;NA
FIN;812;FUN;INC;OK;INC000014939821;Priority 4;NA
FUN;DXE;FUN;SR;OK;INC000014939895;Priority 3;NA
CNC;OXE;CNC;SR;Defect;INC000014939907;Priority 4;NA
FUN;812;FUN;INC;OK;INC000014940219;Priority 3;NA
FUN;ETH;FUN;INC;OK;INC000014940559;Priority 4;NA
FUN;812;FUN;INC;OK;INC000014940575;Priority 4;NA
FUN;BWI;FUN;INC;OK;INC000014940898;Priority 4;NA
FUN;812;FUN;INC;OK;INC000014941061;Priority 4;NA
FUN;MNT;FUN;INC;OK;INC000014941251;Priority 4;NA
CNC;BWI;L1 ;INC;OK;INC000014941968;Priority 3;NA
DBA;MNT;L1 ;INC;OK;INC000014943495;Priority 4;NA
OPS;EDS;OPS;HK;OK;INC000014943518;Priority 3;NA
OPS;OXE;CNC;HK;OK;INC000014943575;Priority 3;NA
L1;MNT;L1 ;SR;OK;INC000014943847;Priority 4;NA
CNC;MNT;L1 ;INC;OK;INC000014943919;Priority 3;NA
DBA;MNT;L1 ;INC;OK;INC000014944641;Priority 4;NA
SCH;LAT;SCH;INC;OK;INC000014945266;Priority 3;NA
CNC;BWI;CNC;INC;OK;INC000014945273;Priority 3;NA
SCH;LAT;SCH;INC;OK;INC000014945275;Priority 3;NA
SCH;LAT;SCH;INC;OK;INC000014945276;Priority 3;NA
SCH;LAT;SCH;INC;OK;INC000014945278;Priority 3;NA
SCH;LAT;SCH;INC;OK;INC000014945279;Priority 3;NA
SCH;LAT;SCH;INC;OK;INC000014945280;Priority 3;NA
SCH;LAT;SCH;INC;OK;INC000014945281;Priority 3;NA
SCH;LAT;SCH;INC;OK;INC000014945282;Priority 3;NA
SCH;LAT;SCH;INC;OK;INC000014945283;Priority 3;NA
SCH;LAT;SCH;INC;OK;INC000014945284;Priority 3;NA
SCH;LAT;SCH;INC;OK;INC000014945285;Priority 3;NA
SCH;LAT;SCH;INC;OK;INC000014945286;Priority 3;NA
CNC;812;CNC;INC;OK;INC000014945434;Priority 4;NA
FUN;WS;FUN;INC;OK;INC000014946283;Priority 3;NA
DBA;MNT;L1 ;INC;OK;INC000014946337;Priority 4;NA
TEC;OXE;CNC;HK;OK;INC000014946700;Priority 3;NA
FUN;BWI;FUN;INC;OK;INC000014947114;Priority 3;NA
L1;812;L1 ;SR;OK;INC000014947495;Priority 4;NA
L1;BWI;L1 ;INC;OK;INC000014947706;Priority 4;NA
L1;812;L1 ;INC;OK;INC000014947738;Priority 4;NA
FUN;DXE;FUN;INC;OK;INC000014948016;Priority 4;NA
L1;BWI;L1 ;INC;OK;INC000014948174;Priority 4;NA
FUN;MNT;FUN;INC;OK;INC000014948387;Priority 4;NA
FIN;812;FUN;INC;OK;INC000014948505;Priority 4;NA
FUN;ETH;FUN;INC;OK;INC000014949077;Priority 3;NA
FIN;812;FUN;INC;OK;INC000014949081;Priority 4;NA
FUN;LAT;FUN;INC;OK;INC000014949412;Priority 3;NA
FUN;812;FUN;INC;Defect;INC000014949416;Priority 4;NA
L1;BWI;L1 ;INC;OK;INC000014949535;Priority 3;NA
L1;MNT;L1 ;SR;OK;INC000014950210;Priority 4;NA
OPS;EDS;OPS;HK;OK;INC000014950242;Priority 4;NA
FUN;812;FUN;INC;OK;INC000014951005;Priority 4;NA
FIN;812;FUN;INC;OK;INC000014951200;Priority 4;NA
FUN;812;FUN;INC;OK;INC000014951366;Priority 4;NA
FIN;812;FUN;INC;OK;INC000014951380;Priority 4;NA
FIN;812;FUN;INC;OK;INC000014951487;Priority 4;NA
FIN;812;FUN;INC;OK;INC000014951499;Priority 4;NA
CNC;812;CNC;INC;OK;INC000014951637;Priority 3;NA
FUN;812;FUN;INC;OK;INC000014951665;Priority 4;NA
FIN;812;FUN;INC;OK;INC000014951708;Priority 4;NA
FIN;812;FUN;INC;OK;INC000014951917;Priority 4;NA
FUN;LAT;FUN;INC;OK;INC000014952071;Priority 3;NA
FIN;812;FUN;INC;OK;INC000014952110;Priority 4;NA
FUN;812;FUN;INC;OK;INC000014952159;Priority 3;NA
FIN;812;FUN;INC;OK;INC000014952395;Priority 4;NA
FIN;812;FUN;INC;OK;INC000014952523;Priority 4;NA
FUN;BWI;FUN;INC;OK;INC000014952563;Priority 3;NA
FUN;LAT;FUN;INC;OK;INC000014952592;Priority 4;NA
L1;BWI;L1 ;INC;OK;INC000014952618;Priority 4;NA
SCH;812;SCH;INC;OK;INC000014952619;Priority 3;NA
L1;BWI;L1 ;INC;OK;INC000014952633;Priority 4;NA
L1;BWI;L1 ;INC;OK;INC000014952760;Priority 4;NA
FUN;LAT;FUN;INC;OK;INC000014952863;Priority 4;NA
FUN;BWI;FUN;INC;Defect;INC000014952942;Priority 4;NA
FIN;812;FUN;INC;OK;INC000014953151;Priority 4;NA
FIN;812;FUN;INC;OK;INC000014953159;Priority 4;NA
FUN;812;FUN;INC;OK;INC000014953270;Priority 4;NA
FIN;812;FUN;INC;OK;INC000014953278;Priority 4;NA
L1;812;L1 ;INC;OK;INC000014953335;Priority 4;NA
OPS;EDS;OPS;HK;OK;INC000014953425;Priority 4;NA
FIN;DXE;FUN;SR;OK;INC000014953483;Priority 4;NA
FUN;812;FUN;INC;OK;INC000014953549;Priority 3;NA
L1;BWI;L1 ;INC;OK;INC000014953585;Priority 4;NA
L1;BWI;L1 ;INC;OK;INC000014953768;Priority 4;NA
CNC;MNT;L1 ;INC;OK;INC000014953813;Priority 4;NA
FUN;DXE;FUN;INC;OK;INC000014953844;Priority 3;NA
L1;BWI;L1 ;INC;OK;INC000014953968;Priority 4;NA
L1;BWI;L1 ;INC;OK;INC000014954044;Priority 4;NA
FIN;LAT;FUN;INC;OK;INC000014954052;Priority 4;NA
FUN;ETH;FUN;INC;OK;INC000014954086;Priority 4;NA
FIN;812;FUN;INC;OK;INC000014954217;Priority 4;NA
L1;BWI;L1 ;INC;OK;INC000014954263;Priority 4;NA
L1;BWI;L1 ;INC;OK;INC000014954541;Priority 4;NA
L1;BWI;L1 ;INC;OK;INC000014954558;Priority 4;NA
L1;BWI;L1 ;INC;OK;INC000014954606;Priority 4;NA
L1;BWI;L1 ;INC;OK;INC000014954728;Priority 3;NA
L1;BWI;L1 ;INC;OK;INC000014954884;Priority 3;NA
CNC;812;CNC;INC;OK;INC000014955352;Priority 3;NA
CNC;BWI;L1 ;INC;Defect;INC000014955523;Priority 3;NA
SCH;LAT;SCH;INC;OK;INC000014955651;Priority 3;NA
FUN;812;FUN;INC;OK;INC000014956060;Priority 3;NA
FUN;812;FUN;INC;OK;INC000014956310;Priority 4;NA
SEC;DXE;SEC;INC;OK;INC000014956494;Priority 4;NA
FUN;812;FUN;INC;OK;INC000014956517;Priority 3;NA
FUN;812;FUN;INC;OK;INC000014956619;Priority 4;NA
FIN;812;FUN;INC;OK;INC000014956624;Priority 4;NA
L1;MNT;L1 ;INC;OK;INC000014956678;Priority 3;NA
FUN;812;FUN;INC;Defect;INC000014956730;Priority 3;NA
FUN;812;FUN;INC;Defect;INC000014956876;Priority 4;NA
FUN;812;FUN;INC;OK;INC000014957011;Priority 3;NA
FIN;812;FUN;INC;OK;INC000014957049;Priority 4;NA
L1;812;FUN;SR;OK;INC000014957114;Priority 4;NA
FUN;DXE;FUN;INC;OK;INC000014957140;Priority 4;NA
FUN;812;FUN;INC;OK;INC000014957201;Priority 3;NA
FUN;DXE;FUN;INC;OK;INC000014957214;Priority 3;NA
FIN;812;FUN;INC;OK;INC000014957301;Priority 4;NA
CNC;812;CNC;INC;OK;INC000014958030;Priority 3;NA
FUN;BWI;FUN;INC;OK;INC000014958247;Priority 3;NA
FIN;812;FUN;INC;Defect;INC000014958304;Priority 3;NA
FIN;812;FUN;INC;OK;INC000014958429;Priority 4;NA
FUN;LAT;FUN;INC;OK;INC000014959442;Priority 3;NA
FUN;LAT;FUN;INC;OK;INC000014959860;Priority 4;NA
CNC;MNT;CNC;INC;OK;INC000014959926;Priority 4;NA
CNC;MNT;L1 ;INC;OK;INC000014960004;Priority 4;NA
FUN;LAT;FUN;INC;OK;INC000014960268;Priority 3;NA
L1;BWI;L1 ;INC;OK;INC000014960488;Priority 4;NA
FUN;LAT;FUN;INC;Defect;INC000014960744;Priority 4;NA
DBA;MNT;L1 ;INC;OK;INC000014960908;Priority 4;NA
DBA;812;DBA;INC;OK;INC000014960911;Priority 4;NA
OPS;EMS;OPS;HK;OK;INC000014960953;Priority 3;NA
FUN;BWI;FUN;SR;OK;INC000014961258;Priority 4;NA
FUN;LAT;FUN;INC;Defect;INC000014961266;Priority 4;NA
DBA;MNT;L1 ;INC;OK;INC000014961566;Priority 3;NA
FUN;MNT;FUN;INC;OK;INC000014961678;Priority 4;NA
L1;BWI;L1 ;INC;OK;INC000014961857;Priority 4;NA
L1;BWI;L1 ;INC;OK;INC000014961868;Priority 4;NA
L1;BWI;L1 ;INC;OK;INC000014961898;Priority 4;NA
FUN;MNT;FUN;INC;OK;INC000014962234;Priority 3;NA
FUN;LAT;FUN;INC;OK;INC000014962283;Priority 4;NA
FUN;812;FUN;INC;OK;INC000014962348;Priority 4;NA
L1;BWI;L1 ;INC;OK;INC000014962497;Priority 3;NA
L1;BWI;L1 ;INC;OK;INC000014962513;Priority 3;NA
FUN;BWI;FUN;INC;OK;INC000014962588;Priority 4;NA
DBA;812;DBA;INC;OK;INC000014962590;Priority 2;NA
CNC;812;CNC;INC;OK;INC000014962907;Priority 3;NA
FUN;LAT;FUN;INC;OK;INC000014963181;Priority 3;NA
FUN;LAT;FUN;INC;OK;INC000014963192;Priority 3;NA
FUN;LAT;FUN;INC;OK;INC000014963201;Priority 3;NA
OPS;OXE;CNC;HK;OK;INC000014963290;Priority 3;NA
FUN;BWI;FUN;INC;OK;INC000014963361;Priority 4;NA
SEC;812;SEC;INC;OK;INC000014963523;Priority 3;NA
DBA;812;DBA;INC;OK;INC000014963585;Priority 3;NA
SEC;812;SEC;INC;OK;INC000014963834;Priority 3;NA
L1;MNT;L1 ;SR;OK;INC000014963923;Priority 4;NA
FUN;LAT;FUN;INC;OK;INC000014964030;Priority 3;NA
FUN;812;FUN;INC;OK;INC000014964127;Priority 4;NA
FUN;WS;FUN;INC;OK;INC000014964290;Priority 4;NA
OPS;EMS;OPS;HK;OK;INC000014964373;Priority 4;NA
OPS;WS;OPS;SR;OK;INC000014964700;Priority 3;NA
FIN;812;FUN;INC;OK;INC000014964997;Priority 4;NA
CNC;LAT;CNC;INC;OK;INC000014965114;Priority 3;NA
SEC;MNT;L1 ;INC;OK;INC000014965215;Priority 3;NA
FIN;812;FUN;INC;OK;INC000014965392;Priority 4;NA
FUN;LAT;FUN;INC;OK;INC000014965465;Priority 4;NA
L1;BWI;L1 ;INC;OK;INC000014965492;Priority 4;NA
FUN;BWI;FUN;INC;OK;INC000014965606;Priority 3;NA
FUN;EES;FUN;INC;OK;INC000014965624;Priority 3;NA
FIN;812;FUN;INC;OK;INC000014965689;Priority 4;NA
SEC;MNT;L1 ;INC;OK;INC000014965692;Priority 3;NA
OPS;WS;L1 ;HK;OK;INC000014965795;Priority 3;NA
FUN;DCF;FUN;INC;Defect;INC000014966109;Priority 4;NA
FUN;LAT;FUN;INC;OK;INC000014966199;Priority 3;NA
FUN;812;FUN;INC;OK;INC000014966226;Priority 4;NA
FUN;BWI;FUN;INC;Defect;INC000014966231;Priority 3;NA
FIN;DXE;FUN;INC;OK;INC000014966277;Priority 4;NA
FUN;LAT;FUN;INC;OK;INC000014966295;Priority 3;NA
FIN;812;FUN;INC;OK;INC000014966600;Priority 4;NA
L1;BWI;L1 ;INC;OK;INC000014966812;Priority 4;NA
L1;BWI;L1 ;INC;OK;INC000014966852;Priority 4;NA
FUN;ETH;FUN;INC;OK;INC000014966930;Priority 4;NA
FUN;BWI;FUN;INC;Defect;INC000014966976;Priority 4;NA
FUN;DXE;FUN;INC;OK;INC000014967105;Priority 3;NA
FUN;LAT;FUN;INC;OK;INC000014967208;Priority 3;NA
FUN;BWI;FUN;INC;OK;INC000014967276;Priority 3;NA
OPS;EDS;OPS;HK;OK;INC000014967307;Priority 3;NA
FUN;LAT;FUN;INC;OK;INC000014967388;Priority 4;NA
FUN;812;FUN;INC;OK;INC000014967397;Priority 3;NA
FUN;MNT;FUN;INC;OK;INC000014967483;Priority 3;NA
FUN;CAN;FUN;INC;OK;INC000014967562;Priority 3;NA
CNC;MNT;L1 ;INC;OK;INC000014967606;Priority 4;NA
L1;BWI;L1 ;INC;OK;INC000014967667;Priority 4;NA
L1;BWI;L1 ;INC;OK;INC000014967853;Priority 4;NA
FUN;812;FUN;INC;OK;INC000014967942;Priority 3;NA
FUN;EES;FUN;INC;OK;INC000014967989;Priority 4;NA
FUN;EES;FUN;INC;OK;INC000014968019;Priority 4;NA
CNC;MNT;L1 ;INC;OK;INC000014968037;Priority 4;NA
SEC;CAN;SEC;INC;OK;INC000014968122;Priority 3;NA
FUN;MNT;FUN;INC;Defect;INC000014968188;Priority 3;NA
L1;BWI;L1 ;INC;OK;INC000014968360;Priority 3;NA
FUN;LAT;FUN;INC;OK;INC000014968476;Priority 3;NA
FUN;MNT;FUN;INC;Defect;INC000014968517;Priority 3;NA
L1;BWI;L1 ;INC;OK;INC000014968626;Priority 3;NA
FUN;812;FUN;INC;OK;INC000014968761;Priority 4;NA
FUN;812;FUN;INC;OK;INC000014969123;Priority 3;NA
FUN;812;FUN;INC;OK;INC000014969200;Priority 3;NA
FUN;812;FUN;INC;OK;INC000014969293;Priority 3;NA
L1;MNT;L1 ;INC;OK;INC000014969294;Priority 4;NA
CNC;MNT;CNC;INC;OK;INC000014969313;Priority 3;NA
FUN;WS;FUN;INC;OK;INC000014969457;Priority 4;NA
FUN;WS;FUN;INC;OK;INC000014969530;Priority 4;NA
L1;BWI;L1 ;INC;OK;INC000014969630;Priority 4;NA
DBA;MNT;L1 ;INC;OK;INC000014969693;Priority 3;NA
CNC;812;CNC;INC;OK;INC000014969730;Priority 4;NA
CNC;MNT;L1 ;INC;OK;INC000014969746;Priority 4;NA
FIN;DXE;FUN;INC;OK;INC000014969764;Priority 3;NA
FIN;812;FUN;INC;OK;INC000014969919;Priority 4;NA
FIN;812;FUN;INC;OK;INC000014970059;Priority 3;NA
FIN;812;FUN;INC;OK;INC000014970063;Priority 3;NA
FUN;812;FUN;INC;OK;INC000014970095;Priority 3;NA
L1;812;L1 ;SR;OK;INC000014970107;Priority 4;NA
FUN;812;FUN;INC;OK;INC000014970129;Priority 4;NA
SEC;812;SEC;SR;OK;INC000014970165;Priority 3;NA
FUN;812;FUN;INC;OK;INC000014970184;Priority 4;NA
FIN;812;FUN;INC;OK;INC000014970252;Priority 4;NA
L1;BWI;L1 ;SR;OK;INC000014970601;Priority 4;NA
L1;812;L1 ;INC;OK;INC000014970772;Priority 4;NA
FIN;812;FUN;INC;OK;INC000014970780;Priority 4;NA
OPS;EDS;OPS;HK;OK;INC000014970783;Priority 3;NA
FIN;DXE;FUN;INC;OK;INC000014970801;Priority 4;NA
FUN;ETH;FUN;INC;OK;INC000014971080;Priority 3;NA
L1;BWI;L1 ;INC;OK;INC000014971241;Priority 4;NA
FIN;812;FUN;INC;OK;INC000014971280;Priority 4;NA
CNC;812;CNC;INC;OK;INC000014971388;Priority 4;NA
L1;BWI;L1 ;SR;OK;INC000014971477;Priority 4;NA
FUN;BWI;FUN;INC;OK;INC000014971611;Priority 4;NA
FUN;812;FUN;INC;OK;INC000014971655;Priority 4;NA
L1;BWI;L1 ;INC;OK;INC000014971762;Priority 4;NA
FIN;812;FUN;INC;OK;INC000014971783;Priority 4;NA
FUN;LAT;FUN;INC;OK;INC000014971816;Priority 3;NA
FUN;BWI;FUN;SR;OK;INC000014971862;Priority 4;NA
FIN;812;FUN;INC;OK;INC000014971869;Priority 4;NA
FUN;MNT;FUN;INC;OK;INC000014972021;Priority 4;NA
FIN;812;FUN;INC;OK;INC000014972217;Priority 4;NA
SCH;BWI;SCH;INC;OK;INC000014972248;Priority 4;NA
SCH;BWI;SCH;INC;OK;INC000014972260;Priority 4;NA
FUN;BWI;FUN;SR;OK;INC000014972451;Priority 4;NA
CNC;MNT;L1 ;INC;OK;INC000014972494;Priority 3;NA
FUN;BWI;FUN;INC;OK;INC000014972600;Priority 3;NA
CNC;MNT;L1 ;INC;OK;INC000014972733;Priority 3;NA
CNC;BWI;L1 ;INC;OK;INC000014972765;Priority 3;NA
CNC;BWI;L1 ;INC;OK;INC000014972776;Priority 3;NA
CNC;BWI;L1 ;INC;OK;INC000014972783;Priority 3;NA
CNC;BWI;L1 ;INC;OK;INC000014972791;Priority 3;NA
FUN;BWI;FUN;INC;OK;INC000014972815;Priority 3;NA
CNC;BWI;L1 ;INC;OK;INC000014972864;Priority 3;NA
OPS;EDS;OPS;HK;OK;INC000014973125;Priority 3;NA
OPS;EDS;OPS;HK;OK;INC000014973134;Priority 3;NA
FIN;812;FUN;INC;OK;INC000014973422;Priority 4;NA
DBA;MNT;L1 ;INC;OK;INC000014973444;Priority 3;NA
FIN;812;FUN;INC;OK;INC000014973483;Priority 4;NA
FIN;812;FUN;INC;OK;INC000014973489;Priority 4;NA
FIN;812;FUN;INC;OK;INC000014973505;Priority 4;NA
FIN;812;FUN;INC;OK;INC000014973525;Priority 4;NA
FIN;812;FUN;INC;OK;INC000014973544;Priority 4;NA
FIN;812;FUN;INC;OK;INC000014973548;Priority 4;NA
CNC;MNT;L1 ;INC;OK;INC000014973570;Priority 3;NA
FIN;812;FUN;INC;OK;INC000014973578;Priority 4;NA
FIN;812;FUN;INC;OK;INC000014973579;Priority 4;NA
FIN;812;FUN;INC;OK;INC000014973584;Priority 4;NA
FIN;812;FUN;INC;OK;INC000014973586;Priority 4;NA
FIN;812;FUN;INC;OK;INC000014973611;Priority 4;NA
FIN;812;FUN;INC;OK;INC000014973624;Priority 4;NA
CNC;MNT;L1 ;INC;OK;INC000014973808;Priority 3;NA
FIN;812;FUN;INC;OK;INC000014973905;Priority 4;NA
APS;EES;APS;INC;OK;INC000014974055;Priority 3;NA
OPS;EDS;OPS;HK;OK;INC000014974412;Priority 4;NA
DBA;812;DBA;INC;OK;INC000014974449;Priority 4;NA
OPS;EMS;OPS;HK;OK;INC000014974501;Priority 3;NA
OPS;EDS;OPS;HK;OK;INC000014974504;Priority 4;NA
FUN;LAT;FUN;INC;OK;INC000014975550;Priority 3;NA
APS;EES;APS;INC;OK;INC000014975710;Priority 4;NA
DBA;MNT;L1 ;INC;OK;INC000014975963;Priority 3;NA
OPS;EDS;OPS;HK;OK;INC000014976537;Priority 3;NA
OPS;EMS;OPS;HK;OK;INC000014976546;Priority 3;NA
SEC;812;SEC;INC;OK;INC000014976653;Priority 4;NA
FUN;812;FUN;INC;OK;INC000014976697;Priority 4;NA
FUN;812;FUN;INC;OK;INC000014976700;Priority 4;NA
OPS;OXE;CNC;HK;OK;INC000014977012;Priority 3;NA
FIN;812;FUN;INC;OK;INC000014977049;Priority 4;NA
FIN;812;FUN;INC;OK;INC000014977054;Priority 4;NA
FUN;WS;FUN;INC;OK;INC000014977126;Priority 3;NA
FIN;812;INS;INC;OK;INC000014977235;Priority 4;NA
FUN;812;FUN;INC;OK;INC000014977395;Priority 3;NA
FUN;DXE;FUN;INC;OK;INC000014977439;Priority 3;NA
SCH;LAT;SCH;INC;OK;INC000014977526;Priority 3;NA
FUN;812;FUN;INC;OK;INC000014977657;Priority 3;NA
FUN;812;FUN;INC;OK;INC000014977770;Priority 4;NA
FIN;812;FUN;INC;OK;INC000014977909;Priority 4;NA
FUN;812;FUN;INC;OK;INC000014977975;Priority 3;NA
OPS;EDS;OPS;HK;OK;INC000014978092;Priority 4;NA
FIN;812;FUN;INC;OK;INC000014978106;Priority 4;NA
FIN;DXE;FUN;SR;OK;INC000014978126;Priority 3;NA
L1;MNT;L1 ;SR;OK;INC000014978146;Priority 4;NA
FUN;ETH;FUN;INC;OK;INC000014978326;Priority 3;NA
FUN;WS;FUN;INC;OK;INC000014978381;Priority 4;NA
FIN;812;FUN;INC;OK;INC000014978483;Priority 4;NA
FUN;ETH;FUN;INC;OK;INC000014978721;Priority 3;NA
FUN;ETH;FUN;INC;OK;INC000014978755;Priority 3;NA
FUN;EES;FUN;INC;OK;INC000014978838;Priority 4;NA
FUN;MNT;FUN;INC;OK;INC000014979059;Priority 3;NA
FUN;BWI;FUN;INC;OK;INC000014979173;Priority 4;NA
L1;BWI;L1 ;INC;OK;INC000014979249;Priority 3;NA
FIN;812;FUN;INC;OK;INC000014979257;Priority 4;NA
FUN;812;FUN;INC;OK;INC000014979322;Priority 4;NA
FIN;DXE;FUN;SR;OK;INC000014979354;Priority 4;NA
SEC;812;SEC;INC;OK;INC000014979450;Priority 4;NA
FUN;DXE;FUN;INC;OK;INC000014979474;Priority 3;NA
FIN;812;FUN;INC;OK;INC000014979484;Priority 4;NA
L1;812;L1 ;SR;OK;INC000014979606;Priority 4;NA
FIN;812;FUN;INC;OK;INC000014979772;Priority 4;NA
FIN;812;FUN;INC;OK;INC000014979879;Priority 4;NA
L1;BWI;L1 ;INC;OK;INC000014979992;Priority 3;NA
FUN;812;FUN;INC;OK;INC000014980232;Priority 3;NA
FUN;MNT;FUN;INC;OK;INC000014980313;Priority 3;NA
FUN;WS;FUN;INC;Defect;INC000014980503;Priority 4;NA
L1;BWI;L1 ;INC;OK;INC000014980550;Priority 3;NA
FUN;BWI;FUN;INC;Defect;INC000014980568;Priority 3;NA
FUN;BWI;FUN;INC;OK;INC000014980813;Priority 3;NA
FUN;BWI;FUN;INC;OK;INC000014980858;Priority 3;NA
FUN;LAT;FUN;INC;OK;INC000014980907;Priority 3;NA
L1;BWI;L1 ;INC;OK;INC000014980936;Priority 3;NA
CNC;MNT;L1 ;INC;OK;INC000014981005;Priority 4;NA
CNC;MNT;L1 ;INC;OK;INC000014981173;Priority 4;NA
APS;ETH;APS;INC;OK;INC000014981185;Priority 3;NA
L1;BWI;L1 ;INC;OK;INC000014981490;Priority 3;NA
L1;MNT;L1 ;INC;OK;INC000014981700;Priority 3;NA
L1;BWI;L1 ;INC;OK;INC000014981774;Priority 4;NA
OPS;EDS;OPS;HK;OK;INC000014981816;Priority 4;NA
FUN;812;FUN;INC;OK;INC000014981821;Priority 3;NA
L1;BWI;L1 ;INC;OK;INC000014981834;Priority 4;NA
FUN;LAT;FUN;INC;OK;INC000014982016;Priority 3;NA
L1;BWI;L1 ;INC;OK;INC000014982165;Priority 4;NA
FUN;BWI;FUN;INC;OK;INC000014982813;Priority 4;NA
FUN;BWI;FUN;INC;OK;INC000014982959;Priority 4;NA
L1;812;L1 ;SR;OK;INC000014983157;Priority 4;NA
FUN;812;FUN;INC;OK;INC000014983490;Priority 3;NA
FUN;812;FUN;INC;OK;INC000014983558;Priority 4;NA
L1;812;L1 ;SR;OK;INC000014983574;Priority 4;NA
FUN;812;FUN;INC;OK;INC000014983811;Priority 4;NA
CNC;812;CNC;INC;OK;INC000014983895;Priority 4;NA
MNT;MNT;FUN;INC;OK;INC000014984085;Priority 4;NA
FUN;812;FUN;INC;OK;INC000014984196;Priority 4;NA
L1;BWI;L1 ;INC;OK;INC000014984639;Priority 4;NA
CNC;MNT;CNC;SR;OK;INC000014984746;Priority 3;NA
L1;MNT;L1 ;SR;OK;INC000014984956;Priority 4;NA
FIN;DXE;FUN;INC;OK;INC000014985229;Priority 3;NA
FIN;812;FUN;INC;OK;INC000014985230;Priority 4;NA
FUN;ETH;FUN;INC;OK;INC000014985258;Priority 4;NA
FIN;812;FUN;INC;OK;INC000014985295;Priority 4;NA
FUN;812;FUN;INC;OK;INC000014985458;Priority 3;NA
FIN;812;FUN;INC;OK;INC000014985528;Priority 4;NA
FUN;ETH;FUN;INC;OK;INC000014985807;Priority 4;NA
FIN;812;FUN;INC;OK;INC000014985976;Priority 4;NA
FUN;LAT;FUN;INC;OK;INC000014986233;Priority 4;NA
L1;BWI;L1 ;INC;OK;INC000014986500;Priority 3;NA
FUN;812;FUN;INC;OK;INC000014986542;Priority 4;NA
L1;BWI;L1 ;SR;OK;INC000014986580;Priority 3;NA
FUN;BWI;FUN;INC;OK;INC000014986839;Priority 3;NA
L1;MNT;L1 ;SR;OK;INC000014986932;Priority 4;NA
L1;BWI;L1 ;INC;OK;INC000014986965;Priority 3;NA
FUN;BWI;FUN;INC;OK;INC000014987079;Priority 4;NA
L1;MNT;L1 ;SR;OK;INC000014987140;Priority 4;NA
L1;BWI;L1 ;SR;OK;INC000014987517;Priority 3;NA
L1;BWI;L1 ;INC;OK;INC000014987536;Priority 4;NA
FUN;ETH;FUN;INC;OK;INC000014988370;Priority 4;NA
L1;BWI;L1 ;INC;OK;INC000014989139;Priority 4;NA
FIN;812;FUN;INC;OK;INC000014989620;Priority 4;NA
SEC;MNT;L1 ;INC;OK;INC000014989761;Priority 3;NA
FIN;812;FUN;INC;OK;INC000014989888;Priority 4;NA
FIN;812;FUN;INC;OK;INC000014989894;Priority 4;NA
L1;BWI;FUN;SR;OK;INC000014989929;Priority 4;NA
FIN;812;FUN;INC;OK;INC000014990253;Priority 4;NA
CNC;812;CNC;INC;OK;INC000014990327;Priority 4;NA
FIN;812;FUN;INC;OK;INC000014990536;Priority 4;NA
FUN;BWI;FUN;INC;OK;INC000014991206;Priority 3;NA
DBA;MNT;L1 ;INC;OK;INC000014991227;Priority 3;NA
L1;812;L1 ;SR;OK;INC000014991262;Priority 3;NA
FUN;812;FUN;INC;OK;INC000014991294;Priority 3;NA
FIN;812;FUN;INC;OK;INC000014991412;Priority 4;NA
L1;MNT;L1 ;SR;OK;INC000014991419;Priority 3;NA
L1;MNT;L1 ;SR;OK;INC000014991447;Priority 3;NA
SCH;812;SCH;INC;OK;INC000014991480;Priority 3;NA
FUN;812;FUN;INC;OK;INC000014991625;Priority 3;NA
L1;BWI;L1 ;INC;OK;INC000014991672;Priority 3;NA
FIN;812;FUN;INC;OK;INC000014992067;Priority 4;NA
FIN;812;FUN;INC;OK;INC000014992094;Priority 3;NA
FUN;BWI;FUN;INC;OK;INC000014992279;Priority 3;NA
CNC;MNT;CNC;INC;OK;INC000014992431;Priority 2;NA
FUN;MNT;FUN;INC;OK;INC000014992462;Priority 4;NA
CNC;MNT;CNC;INC;OK;INC000014992515;Priority 3;NA
FUN;BWI;FUN;INC;OK;INC000014992741;Priority 3;NA
SCH;812;SCH;INC;OK;INC000014992769;Priority 3;NA
CNC;MNT;L1 ;INC;OK;INC000014992991;Priority 3;NA
FUN;LAT;FUN;INC;OK;INC000014993054;Priority 3;NA
FUN;BWI;FUN;INC;OK;INC000014993361;Priority 3;NA
FUN;BWI;FUN;INC;OK;INC000014993472;Priority 4;NA
L1;BWI;L1 ;INC;OK;INC000014993541;Priority 3;NA
L1;BWI;L1 ;INC;OK;INC000014993563;Priority 4;NA
CNC;BWI;L1 ;INC;OK;INC000014993874;Priority 3;NA
FUN;812;FUN;INC;OK;INC000014993965;Priority 4;NA
FUN;ETH;FUN;INC;OK;INC000014994223;Priority 4;NA
CNC;BWI;L1 ;INC;OK;INC000014994260;Priority 3;NA
L1;812;L1 ;SR;OK;INC000014994313;Priority 4;NA
CNC;812;CNC;INC;OK;INC000014995036;Priority 4;NA
FUN;812;FUN;INC;OK;INC000014995416;Priority 3;NA
L1;BWI;FUN;INC;OK;INC000014995438;Priority 3;NA
L1;BWI;L1 ;INC;OK;INC000014995459;Priority 4;NA
L1;MNT;L1 ;SR;OK;INC000014995791;Priority 4;NA
CNC;MNT;L1 ;INC;OK;INC000014996054;Priority 4;NA
FIN;812;FUN;INC;OK;INC000014996204;Priority 4;NA
FUN;812;FUN;INC;OK;INC000014996335;Priority 3;NA
FUN;812;FUN;INC;OK;INC000014996690;Priority 4;NA
FUN;BWI;FUN;INC;OK;INC000014996753;Priority 3;NA
SEC;MNT;L1 ;INC;OK;INC000014996885;Priority 4;NA
FUN;MNT;FUN;INC;OK;INC000014997051;Priority 3;NA
FUN;BWI;FUN;INC;OK;INC000014997264;Priority 4;NA
FUN;BWI;FUN;INC;OK;INC000014997746;Priority 4;NA
CNC;812;CNC;SR;OK;INC000014997816;Priority 4;NA
FUN;812;FUN;INC;OK;INC000014997818;Priority 4;NA
CNC;MNT;L1 ;INC;OK;INC000014997832;Priority 4;NA
CNC;MNT;L1 ;INC;OK;INC000014998213;Priority 4;NA
FUN;LAT;FUN;INC;OK;INC000014998406;Priority 4;NA
FUN;ETH;FUN;INC;OK;INC000014998453;Priority 3;NA
CNC;MNT;L1 ;INC;OK;INC000014998605;Priority 3;NA
CNC;BWI;L1 ;INC;OK;INC000014999109;Priority 3;NA
FUN;LAT;FUN;INC;OK;INC000014999127;Priority 4;NA
L1;MNT;L1 ;INC;OK;INC000014999159;Priority 3;NA
FUN;BWI;FUN;INC;OK;INC000014999277;Priority 4;NA
FUN;BWI;FUN;INC;OK;INC000014999782;Priority 3;NA
OPS;EDS;OPS;INC;OK;INC000015000055;Priority 4;NA
FUN;812;FUN;INC;OK;INC000015000178;Priority 3;NA
FIN;MNT;FUN;INC;OK;INC000015000765;Priority 3;NA
FUN;812;FUN;INC;OK;INC000015000769;Priority 4;NA
FIN;MNT;FUN;INC;OK;INC000015000796;Priority 3;NA
FIN;MNT;FUN;INC;OK;INC000015000817;Priority 3;NA
FUN;WS;FUN;INC;OK;INC000015000828;Priority 4;NA
FIN;812;FUN;INC;OK;INC000015001029;Priority 4;NA
DBA;MNT;L1 ;INC;OK;INC000015001304;Priority 3;NA
FUN;812;FUN;INC;OK;INC000015001533;Priority 3;NA
FUN;LAT;FUN;INC;OK;INC000015001624;Priority 4;NA
CNC;812;CNC;INC;OK;INC000015001650;Priority 4;NA
L1;MNT;L1 ;SR;OK;INC000015001746;Priority 4;NA
FUN;812;FUN;INC;OK;INC000015001840;Priority 4;NA
FUN;BWI;FUN;INC;OK;INC000015001881;Priority 3;NA
L1;BWI;L1 ;INC;OK;INC000015002020;Priority 3;NA
FUN;ETH;FUN;INC;OK;INC000015002098;Priority 3;NA
SCH;812;SCH;INC;OK;INC000015002142;Priority 4;NA
L1;BWI;L1 ;INC;OK;INC000015002168;Priority 3;NA
FUN;BWI;FUN;INC;OK;INC000015002272;Priority 4;NA
FIN;812;FUN;INC;OK;INC000015002355;Priority 4;NA
FUN;BWI;FUN;INC;OK;INC000015002541;Priority 4;NA
L1;BWI;L1 ;INC;OK;INC000015002562;Priority 4;NA
FUN;ETH;FUN;INC;OK;INC000015002616;Priority 3;NA
SEC;EES;FUN;SR;OK;INC000015002624;Priority 4;NA
FIN;812;FUN;INC;Defect;INC000015002728;Priority 3;NA
L1;BWI;L1 ;INC;OK;INC000015002895;Priority 3;NA
L1;BWI;L1 ;INC;OK;INC000015002905;Priority 3;NA
FUN;812;FUN;INC;OK;INC000015002917;Priority 3;NA
L1;BWI;L1 ;INC;OK;INC000015003053;Priority 3;NA
FUN;BWI;FUN;INC;OK;INC000015003106;Priority 3;NA
FUN;BWI;FUN;INC;OK;INC000015003241;Priority 4;NA
FUN;LAT;FUN;INC;OK;INC000015003523;Priority 3;NA
FUN;BWI;FUN;INC;OK;INC000015004083;Priority 4;NA
CNC;BWI;L1 ;INC;OK;INC000015004144;Priority 4;NA
L1;BWI;L1 ;INC;OK;INC000015004155;Priority 4;NA
TEC;EMS;OPS;HK;OK;INC000015004263;Priority 4;NA
FUN;BWI;FUN;INC;OK;INC000015005261;Priority 3;NA
FUN;BWI;FUN;INC;OK;INC000015005263;Priority 4;NA
FUN;BWI;FUN;INC;OK;INC000015005397;Priority 4;NA
TEC;EMS;OPS;HK;OK;INC000015005479;Priority 3;NA
FUN;ETH;FUN;INC;OK;INC000015005652;Priority 3;NA
CNC;BWI;L1 ;INC;OK;INC000015005828;Priority 3;NA
CNC;MNT;L1 ;INC;OK;INC000015006962;Priority 3;NA
TEC;EMS;OPS;HK;OK;INC000015007257;Priority 3;NA
FUN;ETH;FUN;INC;OK;INC000015007368;Priority 3;NA
APS;EES;APS;INC;OK;INC000015007457;Priority 4;NA
DBA;812;DBA;INC;OK;INC000015007754;Priority 4;NA
L1;MNT;L1 ;SR;OK;INC000015007805;Priority 4;NA
L1;MNT;L1 ;SR;OK;INC000015007808;Priority 4;NA
TEC;DCF;TEC;INC;OK;INC000015008220;Priority 4;NA
SCH;LAT;SCH;INC;OK;INC000015008453;Priority 3;NA
SCH;LAT;SCH;INC;OK;INC000015008454;Priority 3;NA
SCH;LAT;SCH;INC;OK;INC000015008456;Priority 3;NA
SCH;LAT;SCH;INC;OK;INC000015008457;Priority 3;NA
SCH;LAT;SCH;INC;OK;INC000015008458;Priority 3;NA
SCH;LAT;SCH;INC;OK;INC000015008459;Priority 3;NA
SCH;LAT;SCH;INC;OK;INC000015008461;Priority 3;NA
SCH;LAT;SCH;INC;OK;INC000015008462;Priority 3;NA
FIN;812;FUN;INC;OK;INC000015008822;Priority 4;NA
FUN;812;FUN;INC;OK;INC000015009136;Priority 3;NA
FIN;DCF;FUN;INC;OK;INC000015009470;Priority 4;NA
FIN;812;FUN;INC;OK;INC000015009495;Priority 4;NA
FUN;812;FUN;INC;OK;INC000015009815;Priority 3;NA
FUN;812;FUN;INC;OK;INC000015010096;Priority 4;NA
FIN;DCF;FUN;INC;OK;INC000015010230;Priority 4;NA
FUN;BWI;FUN;INC;OK;INC000015010299;Priority 3;NA
FIN;812;FUN;INC;OK;INC000015010474;Priority 4;NA
L1 ;MNT;L1 ;INC;OK;INC000015010554;Priority 3;NA
FIN;812;FUN;INC;OK;INC000015010927;Priority 4;NA
DCF;DCF;FUN;INC;OK;INC000015011001;Priority 3;NA
FIN;812;FUN;INC;OK;INC000015011423;Priority 4;NA
FUN;DCF;FUN;INC;OK;INC000015011425;Priority 3;NA
CNC;MNT;L1 ;INC;OK;INC000015011499;Priority 3;NA
FUN;BWI;FUN;INC;OK;INC000015011574;Priority 4;NA
SEC;FUN;SEC;SR;OK;INC000015011656;Priority 3;NA
L1;BWI;L1 ;INC;OK;INC000015011900;Priority 3;NA
TEC;EMS;OPS;HK;OK;INC000015011930;Priority 3;NA
TEC;EMS;OPS;HK;OK;INC000015012161;Priority 4;NA
TEC;EDS;OPS;HK;OK;INC000015012292;Priority 3;NA
SEC;FUN;SEC;SR;OK;INC000015012411;Priority 4;NA
FUN;ETH;FUN;INC;OK;INC000015012453;Priority 3;NA
CNC;LFS;CNC;INC;OK;INC000015013257;Priority 4;NA
FUN;812;FUN;INC;OK;INC000015013348;Priority 3;NA
L1;BWI;L1 ;INC;OK;INC000015013355;Priority 4;NA
L1;MNT;L1 ;SR;OK;INC000015013547;Priority 4;NA
CNC;MNT;L1 ;INC;OK;INC000015013566;Priority 4;NA
DBA;812;DBA;INC;OK;INC000015013798;Priority 4;NA
FUN;LAT;FUN;INC;OK;INC000015013946;Priority 4;NA
SEC;FUN;SEC;SR;OK;INC000015013984;Priority 4;NA
L1;BWI;L1 ;INC;OK;INC000015014449;Priority 4;NA
APS;ETH;APS;INC;OK;INC000015014652;Priority 3;NA
FUN;812;FUN;INC;OK;INC000015014871;Priority 3;NA
CNC;812;CNC;INC;OK;INC000015015168;Priority 4;NA
CNC;812;CNC;INC;OK;INC000015015261;Priority 4;NA
FIN;DCF;FUN;INC;OK;INC000015015449;Priority 4;NA
L1;812;L1 ;INC;OK;INC000015015494;Priority 4;NA
SEC;FUN;SEC;SR;OK;INC000015015506;Priority 4;NA
OPS;EMS;OPS;HK;OK;INC000015015653;Priority 3;NA
FIN;DCF;FUN;INC;OK;INC000015015890;Priority 4;NA
L1;812;L1 ;SR;OK;INC000015015957;Priority 3;NA
SEC;MNT;L1 ;INC;OK;INC000015015964;Priority 3;NA
CNC;812;CNC;INC;OK;INC000015016122;Priority 4;NA
FUN;DXE;FUN;INC;OK;INC000015016159;Priority 3;NA
FUN;ETH;FUN;INC;OK;INC000015016489;Priority 3;NA
DCF;DCF;FUN;INC;OK;INC000015016640;Priority 3;NA
SEC;FUN;SEC;SR;OK;INC000015016764;Priority 4;NA
SEC;FUN;SEC;SR;OK;INC000015016844;Priority 4;NA
MNT;MNT;FUN;INC;OK;INC000015016925;Priority 3;NA
L1;812;L1 ;SR;OK;INC000015017024;Priority 3;NA
FUN;EES;FUN;INC;OK;INC000015017043;Priority 3;NA
APS;ETH;APS;INC;OK;INC000015017172;Priority 3;NA
CNC;MNT;L1 ;INC;OK;INC000015017368;Priority 4;NA
SEC;FUN;SEC;SR;OK;INC000015017376;Priority 4;NA
SCH;812;SCH;INC;OK;INC000015017642;Priority 3;NA
DBA;MNT;L1 ;INC;OK;INC000015017753;Priority 4;NA
FUN;DCF;FUN;INC;OK;INC000015017875;Priority 4;NA
CNC;MNT;L1 ;INC;OK;INC000015018042;Priority 4;NA
FIN;812;FUN;INC;OK;INC000015018044;Priority 4;NA
FUN;LAT;FUN;INC;OK;INC000015018439;Priority 4;NA
FUN;LAT;FUN;INC;OK;INC000015018748;Priority 3;NA
L1;BWI;L1 ;SR;OK;INC000015019016;Priority 4;NA
DCF;DCF;FUN;INC;OK;INC000015019323;Priority 3;NA
FUN;LAT;FUN;INC;OK;INC000015019448;Priority 3;NA
FUN;BWI;FUN;INC;OK;INC000015019467;Priority 3;NA
OPS;EDS;OPS;HK;OK;INC000015019920;Priority 3;NA
L1;BWI;L1 ;INC;OK;INC000015020201;Priority 4;NA
APS;ETH;APS;INC;OK;INC000015020294;Priority 3;NA
FIN;812;FUN;INC;OK;INC000015020334;Priority 4;NA
FIN;DCF;FUN;INC;OK;INC000015020574;Priority 4;NA
L1;MNT;L1 ;INC;OK;INC000015020898;Priority 4;NA
FIN;812;FUN;INC;OK;INC000015020914;Priority 4;NA
FIN;812;FUN;INC;OK;INC000015020929;Priority 4;NA
DCF;DCF;FUN;INC;OK;INC000015021070;Priority 3;NA
SEC;FUN;SEC;SR;OK;INC000015021487;Priority 3;NA
SEC;FUN;SEC;SR;OK;INC000015021550;Priority 4;NA
FIN;812;FUN;INC;OK;INC000015021590;Priority 4;NA
FUN;BWI;FUN;INC;OK;INC000015021614;Priority 3;NA
L1;812;L1 ;SR;OK;INC000015021664;Priority 3;NA
FUN;ETH;FUN;INC;OK;INC000015021878;Priority 4;NA
FIN;812;FUN;INC;OK;INC000015022322;Priority 4;NA
FUN;LAT;FUN;INC;OK;INC000015022394;Priority 3;NA
CNC;ETH;TEC;INC;OK;INC000015022416;Priority 3;NA
CNC;MNT;L1 ;INC;OK;INC000015022457;Priority 4;NA
CNC;812;CNC;INC;OK;INC000015022487;Priority 2;NA
FUN;LAT;FUN;SR;OK;INC000015022865;Priority 4;NA
FUN;LAT;FUN;INC;OK;INC000015023198;Priority 3;NA
L1;BWI;L1 ;SR;OK;INC000015023363;Priority 4;NA
OPS;OXE;CNC;HK;OK;INC000015023499;Priority 3;NA
SEC;FUN;SEC;SR;OK;INC000015023533;Priority 4;NA
APS;EES;APS;INC;OK;INC000015023541;Priority 3;NA
SEC;FUN;SEC;SR;OK;INC000015023625;Priority 4;NA
FUN;LAT;FUN;INC;OK;INC000015023638;Priority 3;NA
CNC;MNT;L1 ;INC;OK;INC000015023683;Priority 4;NA
L1;BWI;L1 ;INC;OK;INC000015023812;Priority 3;NA
FUN;LAT;FUN;INC;OK;INC000015024170;Priority 3;NA
FUN;LAT;FUN;INC;OK;INC000015024173;Priority 3;NA
FUN;LAT;FUN;INC;OK;INC000015024185;Priority 3;NA
DBA;MNT;L1 ;INC;OK;INC000015024544;Priority 3;NA
FUN;LAT;FUN;INC;OK;INC000015024919;Priority 3;NA
OPS;EDS;OPS;HK;OK;INC000015024968;Priority 4;NA
L1;BWI;L1 ;INC;OK;INC000015025187;Priority 4;NA
CNC;812;CNC;SR;OK;INC000015025278;Priority 4;NA
OPS;EDS;OPS;HK;OK;INC000015025617;Priority 3;NA
OPS;WS;L1 ;HK;OK;INC000015025768;Priority 4;NA
L1;MNT;L1 ;SR;OK;INC000015025882;Priority 3;NA
OPS;OXE;CNC;HK;OK;INC000015026103;Priority 4;NA
SEC;FUN;SEC;SR;OK;INC000015026158;Priority 4;NA
FUN;812;FUN;INC;OK;INC000015026207;Priority 3;NA
DBA;MNT;L1 ;INC;OK;INC000015026215;Priority 3;NA
FIN;812;FUN;INC;OK;INC000015026326;Priority 4;NA
FUN;BWI;FUN;INC;OK;INC000015026745;Priority 3;NA
L1;MNT;L1 ;SR;OK;INC000015026927;Priority 3;NA
DCF;DCF;FUN;INC;OK;INC000015027216;Priority 4;NA
FUN;BWI;FUN;INC;OK;INC000015027427;Priority 3;NA
DBA;MNT;L1 ;INC;OK;INC000015027919;Priority 3;NA
CNC;MNT;L1 ;INC;OK;INC000015027970;Priority 4;NA
CNC;LFS;CNC;INC;OK;INC000015028607;Priority 4;NA
FUN;812;FUN;INC;OK;INC000015029009;Priority 3;NA
L1;MNT;L1 ;INC;OK;INC000015029229;Priority 3;NA
CNC;MNT;L1 ;INC;OK;INC000015029494;Priority 3;NA
OPS;EMS;OPS;HK;OK;INC000015029860;Priority 3;NA
OPS;OXE;CNC;HK;OK;INC000015029885;Priority 3;NA
CNC;MNT;CNC;INC;OK;INC000015029935;Priority 4;NA
CNC;812;CNC;INC;OK;INC000015030361;Priority 3;NA
CNC;MNT;CNC;INC;OK;INC000015031022;Priority 3;NA
OPS;EDS;OPS;INC;OK;INC000015031029;Priority 4;NA
DCF;DCF;FUN;INC;OK;INC000015031920;Priority 4;NA
SEC;FUN;SEC;SR;OK;INC000015031982;Priority 4;NA
CNC;MNT;L1 ;INC;OK;INC000015032077;Priority 4;NA
SEC;FUN;SEC;SR;OK;INC000015032081;Priority 4;NA
SEC;812;SEC;SR;OK;INC000015032156;Priority 4;NA
L1;MNT;L1 ;SR;OK;INC000015032741;Priority 4;NA
FUN;BWI;FUN;INC;OK;INC000015032923;Priority 4;NA
CNC;MNT;CNC;INC;OK;INC000015032967;Priority 3;NA
TEC;DCF;TEC;INC;OK;INC000015033008;Priority 3;NA
FUN;FUN;SEC;SR;OK;INC000015033084;Priority 4;NA
FUN;BWI;FUN;INC;OK;INC000015033232;Priority 4;NA
FUN;BWI;FUN;INC;OK;INC000015033258;Priority 4;NA
FUN;BWI;FUN;INC;OK;INC000015033440;Priority 4;NA
SEC;FUN;SEC;SR;OK;INC000015033518;Priority 4;NA
L1;BWI;L1 ;INC;OK;INC000015033633;Priority 4;NA
CNC;BWI;L1 ;INC;OK;INC000015033707;Priority 4;NA
SCH;LAT;SCH;INC;OK;INC000015034114;Priority 3;NA
SCH;LAT;SCH;INC;OK;INC000015034116;Priority 3;NA
OPS;OXE;CNC;HK;OK;INC000015034186;Priority 3;NA
L1;812;L1 ;SR;OK;INC000015034456;Priority 4;NA
L1;BWI;L1 ;INC;OK;INC000015034471;Priority 4;NA
CNC;MNT;CNC;INC;OK;INC000015035093;Priority 3;NA
OPS;MNT;L1 ;HK;OK;INC000015035265;Priority 4;NA
OPS;OXE;CNC;HK;OK;INC000015035617;Priority 4;NA
FUN;DCF;FUN;INC;OK;INC000015036717;Priority 3;NA
FUN;812;FUN;INC;OK;INC000015037809;Priority 4;NA
FUN;MNT;FUN;INC;OK;INC000015037927;Priority 4;NA
FIN;DCF;FUN;INC;OK;INC000015038249;Priority 4;NA
L1;812;MON;INC;OK;INC000015038730;Priority 4;NA
FIN;812;INS;INC;OK;INC000015038873;Priority 4;NA
SEC;OXE;SEC;SR;OK;INC000015038923;Priority 4;NA
FUN;DXE;FUN;INC;OK;INC000015039226;Priority 4;NA
FUN;BWI;FUN;INC;OK;INC000015039381;Priority 4;NA
SEC;DXE;SEC;INC;OK;INC000015039458;Priority 4;NA
FIN;812;FUN;INC;Defect;INC000015039571;Priority 4;NA
OPS;EDS;OPS;HK;OK;INC000015039629;Priority 4;NA
FIN;812;FUN;INC;OK;INC000015039751;Priority 4;NA
FIN;812;FUN;INC;OK;INC000015039760;Priority 4;NA
L1;812;MON;SR;OK;INC000015039787;Priority 4;NA
FUN;812;FUN;INC;OK;INC000015039838;Priority 4;NA
OPS;EDS;OPS;HK;OK;INC000015039942;Priority 4;NA
FUN;LAT;FUN;INC;OK;INC000015040640;Priority 4;NA
FUN;LAT;FUN;INC;OK;INC000015040683;Priority 4;NA
FUN;LAT;FUN;INC;OK;INC000015040740;Priority 4;NA
FUN;812;FUN;INC;OK;INC000015040767;Priority 4;NA
SEC;812;SEC;INC;OK;INC000015040960;Priority 4;NA
FUN;BWI;FUN;INC;OK;INC000015041350;Priority 4;NA
FIN;812;FUN;INC;OK;INC000015041877;Priority 4;NA
FUN;BWI;FUN;INC;OK;INC000015041937;Priority 4;NA
APS;DCF;APS;INC;OK;INC000015042224;Priority 4;NA
FUN;ETH;FUN;INC;OK;INC000015042365;Priority 4;NA
FUN;ETH;FUN;INC;OK;INC000015042883;Priority 4;NA
L1;BWI;L1 ;INC;OK;INC000015043015;Priority 4;NA
L1;MNT;MON;SR;OK;INC000015043408;Priority 4;NA
FUN;812;FUN;INC;OK;INC000015043536;Priority 4;NA
FUN;812;FUN;INC;OK;INC000015043790;Priority 4;NA
FUN;DXE;FUN;INC;OK;INC000015043811;Priority 4;NA
OPS;EMS;OPS;HK;OK;INC000015043906;Priority 4;NA
FUN;812;FUN;INC;OK;INC000015044070;Priority 4;NA
FIN;DCF;FUN;INC;OK;INC000015044078;Priority 4;NA
FIN;812;FUN;INC;OK;INC000015044108;Priority 4;NA
FUN;WS;FUN;INC;OK;INC000015044176;Priority 4;NA
FUN;812;FUN;INC;OK;INC000015044263;Priority 4;NA
FUN;812;FUN;INC;OK;INC000015044327;Priority 4;NA
FIN;812;FUN;INC;OK;INC000015044399;Priority 4;NA
FIN;812;FUN;INC;OK;INC000015044495;Priority 4;NA
FIN;812;FUN;INC;OK;INC000015044710;Priority 4;NA
FIN;812;FUN;INC;Defect;INC000015044841;Priority 4;NA
FUN;812;FUN;INC;OK;INC000015044880;Priority 4;NA
FUN;812;FUN;INC;OK;INC000015045052;Priority 4;NA
FIN;812;FUN;INC;OK;INC000015045063;Priority 4;NA
FIN;DCF;FUN;SR;OK;INC000015045232;Priority 4;NA
APS;DCF;APS;INC;OK;INC000015045271;Priority 4;NA
FIN;812;FUN;INC;Defect;INC000015045524;Priority 4;NA
FIN;812;FUN;INC;OK;INC000015045738;Priority 4;NA
FUN;DCF;FUN;INC;OK;INC000015045874;Priority 4;NA
FUN;812;FUN;INC;OK;INC000015046222;Priority 4;NA
FIN;DCF;FUN;INC;OK;INC000015046489;Priority 4;NA
FUN;BWI;FUN;INC;OK;INC000015046673;Priority 4;NA
FUN;812;FUN;INC;OK;INC000015046713;Priority 4;NA
FUN;LAT;FUN;INC;Defect;INC000015047030;Priority 4;NA
FUN;EES;FUN;INC;OK;INC000015047702;Priority 4;NA
FUN;BWI;FUN;INC;OK;INC000015047752;Priority 4;NA
L1;BWI;L1 ;INC;OK;INC000015047765;Priority 4;NA
FUN;BWI;FUN;INC;OK;INC000015047794;Priority 4;NA
L1;DPY;MON;SR;OK;INC000015048200;Priority 4;NA
L1;BWI;L1 ;INC;OK;INC000015048651;Priority 4;NA
OPS;EDS;OPS;HK;OK;INC000015049000;Priority 4;NA
FIN;812;FUN;INC;OK;INC000015049376;Priority 4;NA
SEC;EMS;SEC;SR;OK;INC000015049466;Priority 4;NA
OPS;EMS;OPS;HK;OK;INC000015049497;Priority 4;NA
FUN;DXE;FUN;INC;OK;INC000015049533;Priority 4;NA
OPS;OXE;CNC;HK;OK;INC000015049658;Priority 4;NA
FIN;DXE;FUN;INC;OK;INC000015049673;Priority 4;NA
FUN;812;FUN;INC;OK;INC000015049677;Priority 4;NA
FIN;812;FUN;INC;OK;INC000015049812;Priority 4;NA
FIN;812;FUN;INC;OK;INC000015049948;Priority 4;NA
FIN;812;FUN;INC;OK;INC000015049950;Priority 4;NA
FUN;812;FUN;INC;OK;INC000015050054;Priority 4;NA
FUN;812;FUN;INC;OK;INC000015050080;Priority 4;NA
FUN;812;FUN;INC;OK;INC000015050226;Priority 4;NA
FIN;812;FUN;INC;OK;INC000015050276;Priority 4;NA
FIN;812;FUN;INC;OK;INC000015050564;Priority 4;NA
FUN;812;FUN;INC;OK;INC000015050654;Priority 4;NA
FIN;812;FUN;INC;OK;INC000015050712;Priority 4;NA
FUN;812;FUN;INC;OK;INC000015050762;Priority 4;NA
FUN;812;FUN;INC;OK;INC000015050895;Priority 4;NA
FUN;ETH;FUN;INC;OK;INC000015050917;Priority 4;NA
FUN;ETH;FUN;INC;OK;INC000015050931;Priority 4;NA
FIN;812;FUN;INC;OK;INC000015051094;Priority 4;NA
FIN;812;FUN;INC;OK;INC000015051135;Priority 4;NA
APS;LAT;FUN;INC;OK;INC000015052468;Priority 4;NA
SEC;DCF;SEC;SR;OK;INC000015053195;Priority 4;NA
FUN;DCF;SEC;SR;OK;INC000015053207;Priority 4;NA
OPS;EDS;OPS;HK;OK;INC000015053864;Priority 4;NA
L1;BWI;L1 ;INC;OK;INC000015053869;Priority 4;NA
L1;MNT;MON;SR;OK;INC000015053981;Priority 4;NA
APS;ETH;APS;INC;OK;INC000015054132;Priority 4;NA
FUN;812;FUN;INC;OK;INC000015054211;Priority 4;NA
FUN;812;FUN;INC;OK;INC000015054336;Priority 4;NA
FIN;DCF;FUN;INC;OK;INC000015054362;Priority 4;NA
FIN;812;FUN;INC;OK;INC000015054468;Priority 4;NA
FUN;812;FUN;INC;OK;INC000015054515;Priority 4;NA
FIN;812;FUN;INC;OK;INC000015054610;Priority 4;NA
FIN;812;FUN;INC;OK;INC000015054615;Priority 4;NA
FIN;DXE;FUN;INC;OK;INC000015054729;Priority 4;NA
FIN;DCF;FUN;INC;OK;INC000015054730;Priority 4;NA
FUN;WS;FUN;INC;OK;INC000015054800;Priority 4;NA
FIN;812;FUN;INC;OK;INC000015055129;Priority 4;NA
APS;DCF;APS;INC;OK;INC000015055395;Priority 4;NA
FUN;DCF;FUN;SR;OK;INC000015055607;Priority 4;NA
FUN;EDS;FUN;INC;OK;INC000015055890;Priority 4;NA
FUN;DCF;FUN;SR;OK;INC000015055995;Priority 4;NA
FUN;BWI;FUN;INC;OK;INC000015055997;Priority 4;NA
FIN;812;FUN;INC;OK;INC000015056109;Priority 4;NA
TEC;DCF;FUN;INC;OK;INC000015056263;Priority 4;NA
FUN;BWI;FUN;INC;OK;INC000015056639;Priority 4;NA
FUN;BWI;FUN;INC;OK;INC000015057088;Priority 4;NA
FIN;812;FUN;INC;OK;INC000015058629;Priority 4;NA
FUN;812;FUN;INC;OK;INC000015058692;Priority 4;NA
L1;812;MON;SR;OK;INC000015058714;Priority 4;NA
FIN;812;FUN;INC;OK;INC000015058851;Priority 4;NA
FIN;812;FUN;INC;OK;INC000015058903;Priority 4;NA
FUN;812;FUN;INC;OK;INC000015058911;Priority 4;NA
FIN;812;FUN;INC;OK;INC000015058964;Priority 4;NA
L1;BWI;L1 ;INC;OK;INC000015059018;Priority 4;NA
FUN;812;FUN;INC;OK;INC000015059173;Priority 4;NA
APS;ETH;APS;INC;OK;INC000015059405;Priority 4;NA
FUN;812;FUN;INC;OK;INC000015059574;Priority 4;NA
FIN;812;FUN;INC;OK;INC000015059679;Priority 4;NA
L1;812;MON;SR;OK;INC000015059749;Priority 4;NA
FUN;812;FUN;INC;OK;INC000015059824;Priority 4;NA
FUN;812;FUN;INC;OK;INC000015059933;Priority 4;NA
OPS;EDS;OPS;HK;OK;INC000015059953;Priority 4;NA
SCH;812;SCH;SR;OK;INC000015059970;Priority 4;NA
LAT;LAT;FUN;INC;OK;INC000015060192;Priority 4;NA
FIN;DCF;FUN;INC;OK;INC000015060199;Priority 4;NA
FUN;DXE;FUN;INC;OK;INC000015060228;Priority 4;NA
FUN;CAN;FUN;CHG;Defect;INC000015060362;Priority 4;NA
FIN;DCF;FUN;INC;OK;INC000015060430;Priority 4;NA
SEC;DCF;SEC;SR;OK;INC000015060682;Priority 4;NA
MNT;MNT;FUN;INC;OK;INC000015060799;Priority 4;NA
FUN;MNT;FUN;INC;OK;INC000015060802;Priority 4;NA
MNT;MNT;FUN;INC;OK;INC000015060961;Priority 4;NA
CNC;CAN;CNC;INC;OK;INC000015060971;Priority 4;NA
FUN;BWI;FUN;INC;OK;INC000015061036;Priority 4;NA
FUN;BWI;FUN;INC;OK;INC000015061141;Priority 4;NA
APS;DCF;APS;INC;OK;INC000015061218;Priority 4;NA
FUN;DCF;SEC;SR;OK;INC000015061559;Priority 4;NA
FUN;WS;FUN;INC;OK;INC000015061580;Priority 4;NA
FUN;MNT;FUN;INC;OK;INC000015061633;Priority 4;NA
FUN;BWI;FUN;INC;OK;INC000015061750;Priority 4;NA
CNC;DPY;CNC;INC;OK;INC000015061775;Priority 4;NA
SEC;ETH;SEC;INC;OK;INC000015061971;Priority 4;NA
SCH;LAT;SCH;INC;OK;INC000015062090;Priority 4;NA
L1;BWI;L1 ;INC;OK;INC000015062270;Priority 4;NA
OPS;EDS;OPS;HK;OK;INC000015063963;Priority 4;NA
FUN;812;FUN;INC;OK;INC000015064638;Priority 4;NA
L1;BWI;MON;INC;OK;INC000015066046;Priority 4;NA
FUN;812;FUN;INC;OK;INC000015066069;Priority 3;NA
CNC;OXE;CNC;INC;OK;INC000015066193;Priority 3;NA
L1;MNT;MON;SR;OK;INC000015066291;Priority 4;NA
OPS;OXE;CNC;INC;OK;INC000015066371;Priority 3;NA
FIN;DXE;FUN;INC;OK;INC000015066388;Priority 4;NA
DBA;812;DBA;INC;OK;INC000015066549;Priority 3;NA
SCH;LAT;SCH;INC;OK;INC000015066605;Priority 3;NA
SCH;LAT;SCH;INC;OK;INC000015066606;Priority 3;NA
SCH;LAT;SCH;INC;OK;INC000015066607;Priority 3;NA
SCH;LAT;SCH;INC;OK;INC000015066608;Priority 3;NA
SCH;LAT;SCH;INC;OK;INC000015066609;Priority 3;NA
OPS;EDS;OPS;HK;OK;INC000015066714;Priority 4;NA
L1;812;MON;SR;OK;INC000015066758;Priority 3;NA
FIN;812;FUN;INC;OK;INC000015066761;Priority 3;NA
APS;DCF;APS;INC;OK;INC000015066810;Priority 3;NA
FIN;812;FUN;INC;OK;INC000015066918;Priority 4;NA
FUN;812;FUN;INC;OK;INC000015067131;Priority 4;NA
FUN;DCF;FUN;INC;OK;INC000015067208;Priority 3;NA
FIN;DCF;FUN;INC;OK;INC000015067292;Priority 4;NA
FIN;812;FUN;INC;OK;INC000015067315;Priority 3;NA
FIN;DCF;FUN;INC;OK;INC000015067336;Priority 4;NA
FUN;812;FUN;INC;Defect;INC000015067385;Priority 4;NA
FUN;DCF;FUN;SR;Defect;INC000015067424;Priority 4;NA
FIN;812;FUN;INC;OK;INC000015067449;Priority 4;NA
FIN;812;FUN;INC;OK;INC000015067630;Priority 4;NA
APS;ETH;APS;INC;OK;INC000015067665;Priority 4;NA
TEC;EDS;OPS;HK;OK;INC000015067782;Priority 4;NA
FIN;812;FUN;INC;OK;INC000015067793;Priority 4;NA
TEC;DCF;FUN;INC;OK;INC000015067918;Priority 3;NA
FUN;812;FUN;INC;OK;INC000015068101;Priority 3;NA
FIN;812;FUN;INC;OK;INC000015068136;Priority 3;NA
FUN;BWI;FUN;INC;OK;INC000015068167;Priority 3;NA
FIN;812;FUN;INC;Defect;INC000015068169;Priority 4;NA
FUN;DCF;FUN;SR;OK;INC000015068206;Priority 4;NA
FIN;812;FUN;INC;OK;INC000015068379;Priority 4;NA
FUN;DCF;FUN;INC;OK;INC000015068426;Priority 4;NA
FIN;812;FUN;INC;OK;INC000015068537;Priority 4;NA
TEC;DCF;FUN;INC;OK;INC000015068898;Priority 3;NA
FUN;ETH;FUN;INC;OK;INC000015068961;Priority 3;NA
FUN;WS;FUN;INC;OK;INC000015069000;Priority 3;NA
FUN;DXE;FUN;INC;OK;INC000015069034;Priority 4;NA
FUN;LAT;FUN;INC;OK;INC000015069124;Priority 3;NA
FUN;ETH;FUN;INC;OK;INC000015069162;Priority 3;NA
FUN;LAT;FUN;INC;OK;INC000015069226;Priority 3;NA
FUN;ETH;FUN;INC;OK;INC000015069404;Priority 3;NA
FUN;LAT;FUN;INC;OK;INC000015069414;Priority 3;NA
FUN;BWI;FUN;INC;OK;INC000015069508;Priority 4;NA
L1;BWI;L1 ;INC;OK;INC000015069609;Priority 3;NA
FUN;BWI;FUN;INC;OK;INC000015069649;Priority 4;NA
FIN;812;FUN;INC;OK;INC000015069654;Priority 4;NA
TEC;DCF;FUN;INC;OK;INC000015069667;Priority 3;NA
FUN;LAT;FUN;INC;OK;INC000015069682;Priority 3;NA
FIN;LAT;FUN;INC;OK;INC000015069705;Priority 4;NA
FIN;812;FUN;INC;OK;INC000015069736;Priority 4;NA
TEC;DCF;FUN;INC;OK;INC000015069844;Priority 3;NA
DCF;DCF;FUN;INC;OK;INC000015069912;Priority 3;NA
L1;BWI;L1 ;INC;OK;INC000015069922;Priority 3;NA
L1;BWI;L1 ;INC;OK;INC000015069941;Priority 3;NA
FIN;812;INS;INC;OK;INC000015070016;Priority 4;NA
FIN;812;FUN;INC;OK;INC000015070218;Priority 4;NA
CNC;BWI;CNC;INC;OK;INC000015070321;Priority 3;NA
FUN;LAT;FUN;INC;OK;INC000015070436;Priority 3;NA
FIN;LAT;FUN;INC;OK;INC000015070529;Priority 4;NA
L1;BWI;L1 ;INC;OK;INC000015070633;Priority 3;NA
FUN;LAT;FUN;INC;OK;INC000015070877;Priority 3;NA
FUN;DCF;FUN;INC;OK;INC000015070963;Priority 4;NA
L1;BWI;L1 ;INC;OK;INC000015071206;Priority 4;NA
CNC;CAN;L1 ;INC;OK;INC000015071283;Priority 4;NA
FUN;MNT;FUN;INC;OK;INC000015071296;Priority 4;NA
TEC;DCF;FUN;INC;OK;INC000015071307;Priority 4;NA
L1;BWI;L1 ;INC;OK;INC000015071516;Priority 4;NA
L1;BWI;L1 ;INC;OK;INC000015071522;Priority 4;NA
FUN;BWI;FUN;INC;OK;INC000015071545;Priority 3;NA
FUN;BWI;FUN;INC;OK;INC000015071571;Priority 4;NA
APS;EES;APS;INC;OK;INC000015071768;Priority 4;NA
OPS;EDS;OPS;INC;OK;INC000015072949;Priority 3;NA
FUN;DCF;FUN;INC;OK;INC000015072958;Priority 4;NA
FIN;812;FUN;INC;OK;INC000015072969;Priority 4;NA
FIN;812;FUN;INC;OK;INC000015073061;Priority 4;NA
FIN;DCF;FUN;INC;OK;INC000015073137;Priority 4;NA
FUN;DCF;FUN;SR;OK;INC000015073144;Priority 4;NA
FUN;812;FUN;INC;OK;INC000015073354;Priority 4;NA
FUN;DCF;FUN;SR;OK;INC000015073360;Priority 4;NA
FIN;812;FUN;INC;OK;INC000015073458;Priority 4;NA
OPS;EDS;OPS;HK;OK;INC000015073498;Priority 3;NA
FUN;812;FUN;INC;OK;INC000015073508;Priority 4;NA
FIN;812;FUN;INC;OK;INC000015073556;Priority 4;NA
FIN;812;FUN;INC;OK;INC000015073622;Priority 4;NA
FUN;DXE;FUN;INC;OK;INC000015073739;Priority 3;NA
FIN;812;FUN;INC;OK;INC000015073814;Priority 4;NA
FIN;812;FUN;INC;OK;INC000015074140;Priority 4;NA
FUN;DCF;FUN;INC;OK;INC000015074161;Priority 4;NA
FUN;DCF;FUN;SR;OK;INC000015074301;Priority 3;NA
FUN;BWI;FUN;INC;OK;INC000015074367;Priority 3;NA
SEC;DCF;SEC;SR;OK;INC000015074506;Priority 3;NA
FIN;812;FUN;INC;OK;INC000015074554;Priority 4;NA
TEC;DCF;FUN;INC;OK;INC000015074576;Priority 3;NA
OPS;EDS;OPS;HK;OK;INC000015074582;Priority 4;NA
L1;BWI;L1 ;INC;OK;INC000015074663;Priority 4;NA
FIN;812;FUN;INC;OK;INC000015074669;Priority 3;NA
TEC;DCF;FUN;INC;OK;INC000015074681;Priority 3;NA
CNC;ETH;CNC;INC;OK;INC000015074726;Priority 4;NA
FIN;DCF;FUN;INC;OK;INC000015074785;Priority 3;NA
OPS;EDS;OPS;HK;OK;INC000015074924;Priority 4;NA
FUN;ETH;FUN;INC;OK;INC000015074991;Priority 4;NA
CNC;812;CNC;INC;OK;INC000015075157;Priority 3;NA
CNC;DCF;CNC;INC;OK;INC000015075221;Priority 4;NA
SEC;EES;FUN;SR;OK;INC000015075239;Priority 4;NA
SEC;ETH;SEC;INC;OK;INC000015075421;Priority 3;NA
CNC;DCF;CNC;INC;OK;INC000015075429;Priority 4;NA
FUN;LAT;FUN;INC;OK;INC000015075433;Priority 3;NA
FUN;LAT;FUN;INC;OK;INC000015075633;Priority 4;NA
FUN;LAT;FUN;INC;OK;INC000015075729;Priority 3;NA
FUN;LAT;FUN;INC;OK;INC000015075885;Priority 3;NA
FIN;812;FUN;INC;OK;INC000015075886;Priority 4;NA
L1;BWI;L1 ;INC;OK;INC000015076039;Priority 3;NA
FUN;LAT;FUN;INC;OK;INC000015076263;Priority 3;NA
FUN;BWI;FUN;INC;OK;INC000015076337;Priority 4;NA
FIN;DXE;FUN;INC;OK;INC000015076391;Priority 3;NA
FUN;LAT;FUN;INC;OK;INC000015076518;Priority 3;NA
FUN;LAT;FUN;INC;OK;INC000015076653;Priority 4;NA
APS;LAT;FUN;INC;OK;INC000015076673;Priority 3;NA
APS;EES;APS;INC;OK;INC000015076824;Priority 3;NA
L1;BWI;L1 ;INC;OK;INC000015076860;Priority 4;NA
DCF;DCF;FUN;INC;OK;INC000015076942;Priority 3;NA
FUN;LAT;FUN;INC;OK;INC000015076980;Priority 4;NA
L1;BWI;L1 ;INC;OK;INC000015077135;Priority 3;NA
FUN;BWI;FUN;INC;OK;INC000015077149;Priority 4;NA
CNC;BWI;CNC;INC;OK;INC000015077180;Priority 4;NA
SEC;DCF;SEC;SR;Defect;INC000015077220;Priority 4;NA
CNC;BWI;L1 ;INC;OK;INC000015077228;Priority 3;NA
FUN;BWI;FUN;INC;OK;INC000015077296;Priority 4;NA
FUN;BWI;FUN;INC;Defect;INC000015077324;Priority 4;NA
FUN;BWI;FUN;INC;OK;INC000015077553;Priority 3;NA
L1;BWI;MON;INC;OK;INC000015077710;Priority 3;NA
L1;MNT;MON;SR;OK;INC000015077765;Priority 3;NA
FUN;BWI;FUN;INC;OK;INC000015077999;Priority 4;NA
FUN;LAT;FUN;INC;OK;INC000015078154;Priority 3;NA
FUN;BWI;FUN;INC;OK;INC000015078200;Priority 4;NA
L1;BWI;L1 ;INC;OK;INC000015078318;Priority 4;NA
FIN;812;FUN;INC;OK;INC000015078370;Priority 4;NA
FUN;DCF;FUN;INC;OK;INC000015078406;Priority 4;NA
FUN;812;FUN;INC;OK;INC000015078461;Priority 4;NA
FUN;812;FUN;INC;Defect;INC000015078479;Priority 4;NA
FUN;812;FUN;INC;OK;INC000015078583;Priority 3;NA
FUN;812;FUN;INC;OK;INC000015078676;Priority 3;NA
FIN;DCF;FUN;INC;OK;INC000015078747;Priority 4;NA
FIN;812;FUN;INC;OK;INC000015078784;Priority 4;NA
OPS;EDS;OPS;HK;OK;INC000015078874;Priority 3;NA
FIN;812;FUN;INC;OK;INC000015079090;Priority 4;NA
FIN;812;FUN;INC;OK;INC000015079344;Priority 3;NA
FIN;DCF;FUN;INC;OK;INC000015079610;Priority 4;NA
FUN;EMS;FUN;INC;OK;INC000015079651;Priority 4;NA
FIN;DCF;FUN;INC;OK;INC000015079687;Priority 4;NA
FUN;DCF;FUN;INC;OK;INC000015079695;Priority 3;NA
FUN;ETH;FUN;INC;OK;INC000015079783;Priority 3;NA
FUN;812;FUN;INC;OK;INC000015079808;Priority 3;NA
FUN;BWI;FUN;INC;OK;INC000015080297;Priority 4;NA
CNC;812;CNC;INC;OK;INC000015080376;Priority 4;NA
FUN;BWI;FUN;INC;OK;INC000015080381;Priority 4;NA
L1;BWI;L1 ;SR;OK;INC000015080420;Priority 4;NA
OPS;EMS;OPS;HK;OK;INC000015080525;Priority 3;NA
SEC;DCF;SEC;SR;OK;INC000015080556;Priority 4;NA
FIN;812;FUN;INC;OK;INC000015080642;Priority 4;NA
FUN;DCF;SEC;SR;OK;INC000015080658;Priority 3;NA
L1;BWI;L1 ;INC;OK;INC000015080687;Priority 3;NA
FUN;DCF;FUN;INC;OK;INC000015080795;Priority 3;NA
FUN;BWI;FUN;INC;OK;INC000015080796;Priority 3;NA
FUN;LAT;FUN;INC;OK;INC000015081114;Priority 3;NA
FUN;ETH;FUN;INC;OK;INC000015081141;Priority 4;NA
FUN;LAT;FUN;INC;OK;INC000015081214;Priority 4;NA
LAT;LAT;FUN;INC;Defect;INC000015081351;Priority 3;NA
L1;BWI;L1 ;INC;OK;INC000015081354;Priority 3;NA
SEC;DCF;SEC;SR;OK;INC000015081355;Priority 4;NA
DCF;DCF;FUN;INC;OK;INC000015081549;Priority 3;NA
SEC;DCF;SEC;SR;OK;INC000015081555;Priority 4;NA
APS;EES;APS;INC;OK;INC000015081737;Priority 3;NA
FUN;WS;FUN;INC;OK;INC000015081822;Priority 4;NA
FUN;LAT;FUN;INC;OK;INC000015081872;Priority 4;NA
FIN;812;FUN;INC;OK;INC000015081929;Priority 4;NA
FUN;812;FUN;INC;OK;INC000015082011;Priority 3;NA
FUN;DCF;FUN;INC;OK;INC000015082183;Priority 3;NA
CNC;BWI;L1 ;INC;OK;INC000015082224;Priority 3;NA
FUN;ETH;FUN;INC;OK;INC000015082473;Priority 4;NA
FUN;LAT;FUN;INC;OK;INC000015082503;Priority 3;NA
FUN;LAT;FUN;INC;OK;INC000015082626;Priority 3;NA
FUN;DCF;FUN;INC;OK;INC000015082638;Priority 3;NA
FIN;LAT;FUN;INC;OK;INC000015082731;Priority 3;NA
FUN;LAT;FUN;INC;OK;INC000015082749;Priority 3;NA
FUN;LAT;FUN;INC;OK;INC000015082802;Priority 3;NA
L1;BWI;L1 ;INC;OK;INC000015083073;Priority 4;NA
OPS;EDS;OPS;HK;OK;INC000015083083;Priority 4;NA
DBA;812;DBA;INC;OK;INC000015083345;Priority 4;NA
FUN;DCF;FUN;INC;OK;INC000015083449;Priority 3;NA
FUN;DCF;FUN;INC;OK;INC000015083622;Priority 3;NA
OPS;EMS;OPS;HK;OK;INC000015083708;Priority 4;NA
FUN;812;FUN;INC;OK;INC000015083769;Priority 4;NA
FUN;812;FUN;INC;Defect;INC000015083974;Priority 4;NA
L1;812;MON;INC;OK;INC000015084379;Priority 4;NA
FIN;812;FUN;INC;OK;INC000015084525;Priority 4;NA
FIN;812;FUN;INC;OK;INC000015084529;Priority 4;NA
APS;LAT;FUN;INC;Defect;INC000015084550;Priority 4;NA
FUN;BWI;FUN;INC;OK;INC000015084717;Priority 3;NA
CNC;812;CNC;INC;OK;INC000015084854;Priority 3;NA
FUN;DCF;FUN;SR;OK;INC000015084882;Priority 4;NA
L1;BWI;MON;INC;OK;INC000015084938;Priority 4;NA
FUN;812;FUN;INC;OK;INC000015085031;Priority 4;NA
FUN;LAT;FUN;INC;OK;INC000015085150;Priority 4;NA
FIN;812;FUN;INC;Defect;INC000015085211;Priority 4;NA
FUN;BWI;FUN;INC;OK;INC000015085248;Priority 4;NA
SEC;BWI;SEC;INC;OK;INC000015085315;Priority 4;NA
FUN;LAT;FUN;SR;OK;INC000015085373;Priority 4;NA
FUN;812;FUN;INC;OK;INC000015085382;Priority 4;NA
FIN;812;FUN;INC;OK;INC000015085395;Priority 4;NA
FIN;812;INS;INC;OK;INC000015085686;Priority 4;NA
FUN;812;FUN;INC;OK;INC000015085708;Priority 4;NA
FIN;DXE;FUN;INC;OK;INC000015085790;Priority 3;NA
FUN;812;FUN;INC;OK;INC000015085824;Priority 3;NA
FIN;812;FUN;INC;OK;INC000015085842;Priority 4;NA
FUN;LAT;FUN;INC;OK;INC000015085898;Priority 4;NA
FUN;812;FUN;INC;OK;INC000015085922;Priority 4;NA
FIN;812;FUN;INC;OK;INC000015086093;Priority 4;NA
L1;BWI;L1 ;INC;OK;INC000015086161;Priority 4;NA
FUN;BWI;FUN;INC;OK;INC000015086182;Priority 4;NA
FUN;LAT;FUN;INC;OK;INC000015086184;Priority 4;NA
FIN;812;INS;INC;OK;INC000015086209;Priority 4;NA
FUN;CAN;FUN;CHG;Defect;INC000015086243;Priority 3;NA
FUN;812;FUN;INC;OK;INC000015086267;Priority 4;NA
LAT;LAT;FUN;INC;OK;INC000015086275;Priority 3;NA
FUN;BWI;FUN;INC;OK;INC000015086462;Priority 4;NA
FUN;ETH;FUN;INC;OK;INC000015086488;Priority 4;NA
L1;BWI;L1 ;INC;OK;INC000015086567;Priority 4;NA
L1;BWI;L1 ;INC;OK;INC000015086683;Priority 4;NA
L1;BWI;L1 ;INC;OK;INC000015086939;Priority 4;NA
L1;BWI;L1 ;INC;OK;INC000015087103;Priority 4;NA
APS;ETH;APS;INC;OK;INC000015087123;Priority 3;NA
FUN;BWI;FUN;INC;OK;INC000015087372;Priority 3;NA
FUN;BWI;FUN;INC;OK;INC000015087403;Priority 4;NA
L1;BWI;L1 ;INC;OK;INC000015087484;Priority 3;NA
FUN;LAT;FUN;INC;OK;INC000015087550;Priority 4;NA
FUN;EES;FUN;INC;OK;INC000015087565;Priority 4;NA
FIN;MNT;FUN;INC;OK;INC000015087778;Priority 3;NA
FUN;DXE;FUN;INC;OK;INC000015087960;Priority 4;NA
FUN;LAT;FUN;INC;OK;INC000015087971;Priority 3;NA
FIN;MNT;FUN;INC;OK;INC000015088247;Priority 3;NA
SEC;DCF;SEC;SR;Defect;INC000015088469;Priority 4;NA
FUN;812;FUN;INC;OK;INC000015088701;Priority 4;NA
FUN;812;FUN;INC;OK;INC000015088885;Priority 4;NA
FUN;812;FUN;INC;OK;INC000015089026;Priority 3;NA
L1;812;MON;SR;OK;INC000015089291;Priority 4;NA
FUN;ETH;FUN;INC;OK;INC000015089383;Priority 3;NA
SEC;EDS;SEC;SR;OK;INC000015089400;Priority 3;NA
TEC;DCF;FUN;INC;OK;INC000015089419;Priority 3;NA
FUN;812;FUN;INC;OK;INC000015089450;Priority 4;NA
APS;DCF;APS;INC;OK;INC000015089509;Priority 4;NA
FUN;BWI;FUN;INC;OK;INC000015089639;Priority 4;NA
FIN;812;FUN;INC;OK;INC000015089724;Priority 4;NA
FUN;DXE;FUN;INC;OK;INC000015089802;Priority 3;NA
FIN;812;FUN;INC;OK;INC000015089861;Priority 4;NA
FIN;MNT;FUN;INC;OK;INC000015089864;Priority 4;NA
L1;BWI;L1 ;INC;OK;INC000015089881;Priority 4;NA
FUN;812;FUN;INC;OK;INC000015089980;Priority 4;NA
TEC;DCF;FUN;INC;OK;INC000015090020;Priority 3;NA
L1;MNT;MON;SR;OK;INC000015090229;Priority 4;NA
APS;LAT;FUN;SR;OK;INC000015090426;Priority 3;NA
L1;BWI;L1 ;INC;OK;INC000015090524;Priority 3;NA
L1;BWI;L1 ;INC;OK;INC000015090699;Priority 4;NA
FIN;812;FUN;INC;OK;INC000015090720;Priority 4;NA
L1;BWI;L1 ;INC;OK;INC000015090798;Priority 4;NA
FIN;MNT;FUN;INC;OK;INC000015090854;Priority 3;NA
FUN;LAT;FUN;INC;OK;INC000015090913;Priority 3;NA
FUN;LAT;FUN;INC;OK;INC000015091026;Priority 4;NA
L1;BWI;L1 ;INC;OK;INC000015091098;Priority 4;NA
L1;BWI;L1 ;INC;OK;INC000015091405;Priority 4;NA
TEC;DCF;FUN;INC;OK;INC000015091451;Priority 3;NA
TEC;DCF;FUN;INC;OK;INC000015091654;Priority 3;NA
L1;BWI;L1 ;INC;OK;INC000015091893;Priority 4;NA
FUN;DXE;FUN;INC;OK;INC000015092030;Priority 4;NA
FUN;BWI;FUN;INC;OK;INC000015092175;Priority 4;NA
OPS;EMS;OPS;HK;OK;INC000015092298;Priority 3;NA
FIN;812;FUN;INC;OK;INC000015092549;Priority 4;NA
FIN;812;FUN;INC;OK;INC000015092662;Priority 4;NA
FIN;812;FUN;INC;OK;INC000015092672;Priority 4;NA
FIN;812;FUN;INC;OK;INC000015092716;Priority 4;NA
FUN;DCF;FUN;INC;Defect;INC000015092759;Priority 3;NA
FIN;812;FUN;INC;OK;INC000015092796;Priority 4;NA
FIN;812;FUN;INC;OK;INC000015092837;Priority 4;NA
SCH;LAT;SCH;INC;OK;INC000015092984;Priority 3;NA
FIN;812;FUN;INC;OK;INC000015093179;Priority 4;NA
FUN;BWI;FUN;INC;OK;INC000015093401;Priority 4;NA
L1;BWI;L1 ;INC;OK;INC000015093403;Priority 3;NA
OPS;EDS;OPS;HK;OK;INC000015093462;Priority 4;NA
FUN;ETH;FUN;INC;OK;INC000015093793;Priority 4;NA
OPS;EDS;OPS;HK;OK;INC000015093818;Priority 3;NA
OPS;EDS;OPS;HK;OK;INC000015094177;Priority 4;NA
OPS;EDS;OPS;HK;OK;INC000015094183;Priority 4;NA
CNC;DXE;CNC;INC;OK;INC000015094301;Priority 3;NA
APS;EES;APS;INC;OK;INC000015094992;Priority 3;NA
CNC;ETH;CNC;INC;OK;INC000015095158;Priority 4;NA
OPS;EDS;OPS;HK;OK;INC000015095193;Priority 3;NA
FIN;DCF;FUN;INC;OK;INC000015095761;Priority 4;NA
OPS;EDS;OPS;INC;OK;INC000015095774;Priority 4;NA
FUN;EDS;FUN;INC;OK;INC000015095927;Priority 4;NA
APS;EES;APS;INC;OK;INC000015095964;Priority 3;NA
APS;ETH;APS;INC;OK;INC000015096008;Priority 3;NA
FUN;812;FUN;INC;OK;INC000015096254;Priority 4;NA
FUN;DCF;FUN;INC;OK;INC000015096375;Priority 4;NA
OPS;EMS;OPS;HK;OK;INC000015096391;Priority 3;NA
FIN;DCF;FUN;INC;OK;INC000015096599;Priority 4;NA
FUN;DCF;FUN;INC;OK;INC000015096626;Priority 4;NA
FIN;812;FUN;INC;OK;INC000015096691;Priority 4;NA
APS;EES;APS;INC;OK;INC000015096707;Priority 3;NA
FUN;ETH;FUN;INC;OK;INC000015096771;Priority 3;NA
FUN;EMS;FUN;INC;OK;INC000015096801;Priority 4;NA
APS;EES;APS;INC;OK;INC000015096921;Priority 3;NA
APS;EES;APS;INC;OK;INC000015096939;Priority 3;NA
LEAD;DCF;FUN;INC;OK;INC000015096991;Priority 3;NA
FUN;BWI;FUN;INC;OK;INC000015097051;Priority 3;NA
FUN;EES;FUN;INC;OK;INC000015097310;Priority 4;NA
FIN;DCF;FUN;INC;OK;INC000015097312;Priority 4;NA
LAT;LAT;FUN;INC;OK;INC000015097513;Priority 3;NA
APS;DCF;APS;INC;OK;INC000015097536;Priority 3;NA
DCF;DCF;FUN;INC;OK;INC000015097692;Priority 3;NA
FIN;812;FUN;INC;OK;INC000015097834;Priority 4;NA
CNC;812;CNC;INC;OK;INC000015097840;Priority 4;NA
TEC;DCF;FUN;INC;OK;INC000015097888;Priority 4;NA
APS;EES;APS;INC;OK;INC000015097933;Priority 3;NA
FUN;LAT;FUN;INC;OK;INC000015098009;Priority 4;NA
FUN;ETH;FUN;INC;OK;INC000015098092;Priority 4;NA
SEC;DCF;SEC;SR;OK;INC000015098221;Priority 3;NA
TEC;DCF;FUN;INC;OK;INC000015098235;Priority 3;NA
DCF;DCF;FUN;INC;OK;INC000015098477;Priority 3;NA
MNT;MNT;FUN;INC;OK;INC000015098611;Priority 3;NA
FUN;BWI;FUN;INC;OK;INC000015098640;Priority 3;NA
FIN;812;FUN;INC;OK;INC000015098660;Priority 4;NA
FIN;812;FUN;INC;OK;INC000015098797;Priority 4;NA
FUN;LAT;FUN;INC;OK;INC000015098819;Priority 3;NA
MNT;MNT;FUN;SR;OK;INC000015098983;Priority 3;NA
DCF;DCF;FUN;INC;OK;INC000015099339;Priority 3;NA
FUN;812;FUN;INC;OK;INC000015099657;Priority 4;NA
FUN;MNT;FUN;INC;OK;INC000015099804;Priority 3;NA
CNC;MNT;CNC;INC;OK;INC000015099904;Priority 3;NA
CNC;MNT;CNC;INC;OK;INC000015099926;Priority 3;NA
FUN;LAT;FUN;INC;OK;INC000015100491;Priority 3;NA
OPS;EDS;OPS;HK;OK;INC000015100614;Priority 3;NA
OPS;EDS;OPS;HK;OK;INC000015100678;Priority 3;NA
OPS;EDS;OPS;HK;OK;INC000015100859;Priority 3;NA
CNC;MNT;CNC;INC;OK;INC000015101008;Priority 4;NA
FUN;DXE;FUN;INC;OK;INC000015101106;Priority 4;NA
FIN;DXE;FUN;INC;OK;INC000015101261;Priority 4;NA
FIN;DCF;FUN;INC;OK;INC000015101397;Priority 4;NA
FUN;DCF;FUN;SR;OK;INC000015101596;Priority 3;NA
FIN;812;FUN;INC;OK;INC000015101617;Priority 4;NA
FUN;DCF;FUN;INC;OK;INC000015101624;Priority 4;NA
APS;DCF;APS;INC;OK;INC000015101626;Priority 3;NA
FUN;812;FUN;INC;OK;INC000015101694;Priority 4;NA
FUN;DCF;FUN;SR;OK;INC000015101749;Priority 3;NA
FUN;812;FUN;INC;OK;INC000015102085;Priority 3;NA
FIN;812;FUN;INC;OK;INC000015102095;Priority 3;NA
FUN;EDS;FUN;INC;OK;INC000015102311;Priority 4;NA
FUN;DCF;FUN;INC;OK;INC000015102322;Priority 4;NA
FUN;BWI;FUN;INC;OK;INC000015102461;Priority 3;NA
FUN;DCF;FUN;SR;OK;INC000015102607;Priority 3;NA
FUN;812;FUN;INC;Defect;INC000015102634;Priority 4;NA
FUN;812;FUN;INC;OK;INC000015102700;Priority 4;NA
FIN;812;FUN;INC;OK;INC000015102719;Priority 4;NA
FUN;DXE;FUN;INC;OK;INC000015102866;Priority 4;NA
APS;ETH;APS;INC;OK;INC000015102897;Priority 4;NA
CNC;DXE;CNC;INC;OK;INC000015102911;Priority 4;NA
FUN;812;FUN;INC;OK;INC000015102931;Priority 4;NA
FUN;EDS;FUN;INC;OK;INC000015102935;Priority 4;NA
L1;BWI;L1 ;INC;OK;INC000015103089;Priority 4;NA
L1;BWI;L1 ;INC;OK;INC000015103313;Priority 3;NA
FUN;DCF;FUN;INC;OK;INC000015103377;Priority 3;NA
FUN;812;FUN;INC;OK;INC000015103397;Priority 4;NA
FIN;DCF;FUN;INC;OK;INC000015103422;Priority 4;NA
FUN;812;FUN;INC;OK;INC000015103466;Priority 4;NA
L1;BWI;L1 ;INC;OK;INC000015103884;Priority 3;NA
FUN;BWI;FUN;INC;OK;INC000015103911;Priority 4;NA
APS;ETH;APS;INC;OK;INC000015104051;Priority 4;NA
CNC;ETH;CNC;INC;OK;INC000015104054;Priority 4;NA
DCF;DCF;FUN;INC;OK;INC000015104061;Priority 4;NA
FUN;LAT;FUN;SR;OK;INC000015104070;Priority 3;NA
FUN;812;FUN;INC;OK;INC000015104461;Priority 4;NA
L1;BWI;L1 ;INC;OK;INC000015104573;Priority 4;NA
CNC;ETH;CNC;INC;OK;INC000015104638;Priority 3;NA
L1;812;MON;SR;OK;INC000015104796;Priority 3;NA
L1;BWI;L1 ;INC;OK;INC000015104797;Priority 3;NA
FUN;EDS;FUN;INC;OK;INC000015104891;Priority 4;NA
FUN;BWI;FUN;INC;OK;INC000015104926;Priority 3;NA
CNC;BWI;L1 ;INC;OK;INC000015104973;Priority 3;NA
MNT;MNT;FUN;INC;OK;INC000015105023;Priority 4;NA
FUN;812;FUN;INC;OK;INC000015105035;Priority 3;NA
FUN;DCF;FUN;INC;OK;INC000015105464;Priority 3;NA
TEC;EDS;OPS;HK;OK;INC000015105878;Priority 3;NA
FUN;BWI;FUN;INC;OK;INC000015105892;Priority 3;NA
L1;BWI;L1 ;INC;OK;INC000015105904;Priority 4;NA
FUN;BWI;FUN;INC;OK;INC000015105943;Priority 4;NA
FIN;812;FUN;INC;OK;INC000015106154;Priority 4;NA
FUN;DXE;FUN;INC;OK;INC000015106349;Priority 3;NA
FUN;DXE;FUN;INC;OK;INC000015106401;Priority 4;NA
FUN;DCF;FUN;INC;OK;INC000015106496;Priority 3;NA
OPS;OXE;CNC;HK;OK;INC000015106511;Priority 4;NA
FUN;DCF;FUN;INC;OK;INC000015107038;Priority 3;NA
FUN;EMS;FUN;INC;OK;INC000015107131;Priority 3;NA
FUN;812;FUN;INC;OK;INC000015107269;Priority 3;NA
FUN;EDS;FUN;INC;OK;INC000015107523;Priority 4;NA
APS;DCF;APS;INC;OK;INC000015107684;Priority 4;NA
SEC;DCF;SEC;SR;OK;INC000015107700;Priority 4;NA
FUN;DCF;SEC;SR;OK;INC000015107883;Priority 3;NA
FUN;BWI;FUN;INC;OK;INC000015107947;Priority 3;NA
FUN;DCF;FUN;SR;OK;INC000015107960;Priority 3;NA
FUN;812;FUN;INC;OK;INC000015108026;Priority 4;NA
FUN;ETH;FUN;INC;OK;INC000015108052;Priority 4;NA
FIN;DCF;FUN;INC;OK;INC000015108098;Priority 3;NA
FUN;812;FUN;INC;OK;INC000015108101;Priority 4;NA
FUN;LAT;FUN;INC;OK;INC000015108174;Priority 3;NA
CNC;812;CNC;INC;OK;INC000015108329;Priority 4;NA
FUN;DCF;FUN;INC;OK;INC000015108384;Priority 3;NA
FUN;DCF;SEC;SR;OK;INC000015108402;Priority 4;NA
FUN;LAT;FUN;SR;OK;INC000015108527;Priority 4;NA
FIN;812;FUN;INC;OK;INC000015108710;Priority 4;NA
FUN;ETH;FUN;INC;OK;INC000015108796;Priority 3;NA
FUN;WS;FUN;INC;OK;INC000015108831;Priority 3;NA
L1;BWI;L1 ;INC;OK;INC000015108916;Priority 3;NA
FUN;BWI;FUN;INC;OK;INC000015108950;Priority 4;NA
APS;LAT;FUN;SR;OK;INC000015108961;Priority 3;NA
FUN;ETH;FUN;INC;OK;INC000015109050;Priority 4;NA
FIN;812;FUN;INC;OK;INC000015109168;Priority 4;NA
FUN;DCF;SEC;SR;OK;INC000015109175;Priority 4;NA
L1;BWI;L1 ;INC;OK;INC000015109181;Priority 3;NA
MNT;MNT;FUN;INC;OK;INC000015109272;Priority 3;NA
FUN;ETH;FUN;INC;OK;INC000015109289;Priority 4;NA
FUN;BWI;FUN;INC;OK;INC000015109320;Priority 4;NA
CNC;MNT;CNC;INC;OK;INC000015109353;Priority 2;NA
L1;BWI;L1 ;INC;OK;INC000015109667;Priority 4;NA
L1;BWI;L1 ;INC;OK;INC000015109703;Priority 4;NA
FIN;812;FUN;INC;OK;INC000015109758;Priority 4;NA
FUN;LAT;FUN;INC;OK;INC000015109760;Priority 3;NA
TEC;DCF;FUN;INC;OK;INC000015109789;Priority 3;NA
FUN;BWI;FUN;INC;OK;INC000015110006;Priority 4;NA
L1;BWI;L1 ;INC;OK;INC000015110166;Priority 3;NA
CNC;BWI;L1 ;INC;OK;INC000015110209;Priority 3;NA
FUN;MNT;FUN;INC;OK;INC000015110218;Priority 4;NA
FUN;812;FUN;INC;OK;INC000015111299;Priority 4;NA
FIN;DCF;FUN;INC;OK;INC000015111502;Priority 4;NA
FIN;812;FUN;INC;OK;INC000015111687;Priority 4;NA
FUN;812;FUN;INC;OK;INC000015111753;Priority 4;NA
FUN;WS;FUN;INC;OK;INC000015111823;Priority 4;NA
FIN;812;FUN;INC;OK;INC000015111850;Priority 4;NA
FIN;812;FUN;INC;OK;INC000015111886;Priority 4;NA
FIN;812;FUN;INC;OK;INC000015112077;Priority 4;NA
FIN;812;FUN;INC;OK;INC000015112100;Priority 4;NA
FUN;BWI;FUN;INC;OK;INC000015112185;Priority 3;NA
FUN;LAT;FUN;INC;OK;INC000015112217;Priority 3;NA
FIN;812;FUN;INC;OK;INC000015112528;Priority 4;NA
FIN;DXE;FUN;INC;OK;INC000015112594;Priority 4;NA
FUN;812;FUN;INC;OK;INC000015112682;Priority 4;NA
FIN;812;FUN;INC;OK;INC000015112693;Priority 4;NA
L1;BWI;L1 ;INC;OK;INC000015112745;Priority 3;NA
FUN;BWI;FUN;INC;OK;INC000015112872;Priority 3;NA
FIN;812;FUN;INC;OK;INC000015112968;Priority 4;NA
FUN;DXE;FUN;INC;OK;INC000015113020;Priority 4;NA
FUN;DCF;FUN;INC;OK;INC000015113051;Priority 3;NA
FIN;812;FUN;INC;OK;INC000015113151;Priority 4;NA
FUN;DCF;SEC;SR;OK;INC000015113549;Priority 4;NA
APS;LAT;FUN;SR;OK;INC000015113649;Priority 3;NA
APS;LAT;FUN;SR;OK;INC000015113669;Priority 3;NA
FUN;LAT;FUN;INC;OK;INC000015113908;Priority 3;NA
SEC;ETH;SEC;INC;OK;INC000015114245;Priority 4;NA
APS;ETH;APS;INC;OK;INC000015114344;Priority 2;NA
MNT;MNT;FUN;SR;OK;INC000015114426;Priority 4;NA
DCF;DCF;FUN;INC;OK;INC000015114444;Priority 3;NA
CNC;BWI;L1 ;INC;OK;INC000015114480;Priority 3;NA
CNC;BWI;L1 ;INC;OK;INC000015114600;Priority 3;NA
FUN;BWI;FUN;INC;OK;INC000015114613;Priority 4;NA
APS;LAT;FUN;SR;OK;INC000015114682;Priority 3;NA
CNC;BWI;L1 ;INC;OK;INC000015114736;Priority 3;NA
FIN;DXE;FUN;INC;OK;INC000015114759;Priority 4;NA
L1;BWI;L1 ;INC;OK;INC000015115194;Priority 3;NA
OPS;OXE;CNC;HK;OK;INC000015115423;Priority 3;NA
OPS;EMS;OPS;HK;OK;INC000015115438;Priority 3;NA
FIN;DCF;FUN;INC;OK;INC000015115913;Priority 4;NA
OPS;OXE;CNC;HK;OK;INC000015116227;Priority 3;NA
FUN;WS;FUN;INC;OK;INC000015116431;Priority 4;NA
FIN;DXE;FUN;INC;OK;INC000015116665;Priority 2;NA
FIN;812;FUN;INC;OK;INC000015116834;Priority 4;NA
DBA;812;DBA;INC;OK;INC000015117046;Priority 3;NA
FUN;BWI;FUN;INC;OK;INC000015117252;Priority 4;NA
FUN;LAT;FUN;INC;OK;INC000015117322;Priority 3;NA
SEC;812;SEC;INC;OK;INC000015117368;Priority 3;NA
FUN;812;FUN;INC;OK;INC000015117387;Priority 4;NA
FUN;DCF;FUN;INC;OK;INC000015117415;Priority 3;NA
FIN;812;FUN;INC;OK;INC000015117503;Priority 4;NA
FIN;812;FUN;INC;OK;INC000015117521;Priority 4;NA
FIN;812;INS;INC;OK;INC000015117606;Priority 4;NA
APS;LAT;FUN;INC;OK;INC000015117937;Priority 3;NA
FUN;LAT;FUN;INC;OK;INC000015118038;Priority 3;NA
L1;812;MON;SR;OK;INC000015118152;Priority 4;NA
FUN;ETH;FUN;INC;OK;INC000015118312;Priority 4;NA
TEC;DCF;FUN;INC;OK;INC000015118353;Priority 3;NA
CNC;812;CNC;INC;OK;INC000015118392;Priority 3;NA
SCH;BWI;SCH;INC;OK;INC000015118745;Priority 4;NA
L1;BWI;L1 ;INC;OK;INC000015118833;Priority 3;NA
L1;BWI;L1 ;INC;OK;INC000015118956;Priority 3;NA
APS;LAT;FUN;SR;OK;INC000015118963;Priority 3;NA
OPS;EMS;OPS;HK;OK;INC000015119132;Priority 3;NA
FUN;BWI;FUN;INC;OK;INC000015119176;Priority 4;NA
L1;BWI;L1 ;INC;OK;INC000015119261;Priority 3;NA
FUN;ETH;FUN;INC;OK;INC000015119533;Priority 4;NA
FUN;BWI;FUN;INC;OK;INC000015119873;Priority 4;NA
L1;BWI;L1 ;INC;OK;INC000015119975;Priority 4;NA
FUN;BWI;FUN;INC;Defect;INC000015119987;Priority 3;NA
APS;EES;APS;INC;OK;INC000015121640;Priority 3;NA
APS;ETH;APS;INC;OK;INC000015121824;Priority 3;NA
APS;ETH;APS;INC;OK;INC000015121848;Priority 4;NA
APS;ETH;APS;INC;OK;INC000015121849;Priority 4;NA
L1;MNT;MON;SR;OK;INC000015122015;Priority 4;NA
FUN;MNT;FUN;INC;OK;INC000015122021;Priority 3;NA
L1;MNT;MON;SR;OK;INC000015122712;Priority 4;NA
L1;812;MON;SR;OK;INC000015122806;Priority 4;NA
FIN;812;FUN;INC;OK;INC000015122946;Priority 4;NA
FIN;812;FUN;INC;OK;INC000015123459;Priority 4;NA
FUN;EDS;FUN;INC;OK;INC000015123562;Priority 3;NA
FUN;EDS;FUN;INC;OK;INC000015123594;Priority 3;NA
FUN;DCF;FUN;INC;OK;INC000015123722;Priority 3;NA
APS;DCF;APS;INC;OK;INC000015123873;Priority 4;NA
FUN;812;FUN;INC;OK;INC000015124005;Priority 4;NA
FUN;DXE;FUN;INC;OK;INC000015124051;Priority 3;NA
APS;DCF;APS;INC;OK;INC000015124053;Priority 4;NA
FIN;812;FUN;INC;OK;INC000015124074;Priority 4;NA
DCF;DCF;FUN;INC;Defect;INC000015124181;Priority 3;NA
DCF;DCF;FUN;INC;OK;INC000015124230;Priority 3;NA
FUN;DCF;FUN;INC;OK;INC000015124356;Priority 3;NA
FUN;DCF;FUN;INC;OK;INC000015124422;Priority 3;NA
L1;812;MON;INC;OK;INC000015124497;Priority 4;NA
FIN;812;FUN;INC;OK;INC000015124586;Priority 4;NA
FIN;812;FUN;INC;OK;INC000015124670;Priority 4;NA
TEC;DCF;FUN;INC;OK;INC000015124737;Priority 3;NA
FIN;DXE;FUN;INC;OK;INC000015124964;Priority 4;NA
FUN;812;FUN;INC;OK;INC000015124975;Priority 4;NA
OPS;EDS;OPS;HK;OK;INC000015125046;Priority 4;NA
FUN;BWI;FUN;INC;OK;INC000015125114;Priority 4;NA
FIN;812;FUN;INC;OK;INC000015125160;Priority 3;NA
TEC;DCF;FUN;INC;OK;INC000015125224;Priority 3;NA
SEC;DCF;SEC;SR;OK;INC000015125285;Priority 4;NA
CNC;DCF;CNC;INC;OK;INC000015125299;Priority 3;NA
L1;812;MON;INC;OK;INC000015125449;Priority 4;NA
FIN;812;FUN;INC;OK;INC000015125517;Priority 4;NA
SEC;MNT;SEC;SR;OK;INC000015125653;Priority 3;NA
FUN;LAT;FUN;INC;OK;INC000015125717;Priority 4;NA
FUN;LAT;FUN;INC;OK;INC000015125852;Priority 4;NA
FUN;812;FUN;INC;OK;INC000015125896;Priority 4;NA
FUN;CAN;FUN;INC;OK;INC000015126280;Priority 4;NA
FUN;LAT;FUN;SR;OK;INC000015126420;Priority 4;NA
FUN;LAT;FUN;INC;OK;INC000015126507;Priority 3;NA
FUN;DCF;SEC;SR;OK;INC000015126567;Priority 4;NA
APS;ETH;APS;INC;OK;INC000015126668;Priority 3;NA
L1;BWI;L1 ;INC;OK;INC000015127040;Priority 4;NA
FUN;BWI;FUN;INC;OK;INC000015127056;Priority 4;NA
APS;ETH;APS;INC;OK;INC000015127065;Priority 3;NA
APS;ETH;APS;INC;OK;INC000015127082;Priority 4;NA
APS;ETH;APS;INC;OK;INC000015127240;Priority 4;NA
FUN;812;FUN;INC;OK;INC000015127505;Priority 3;NA
FUN;ETH;FUN;INC;OK;INC000015127796;Priority 4;NA
L1;BWI;L1 ;INC;OK;INC000015128436;Priority 4;NA
OPS;EDS;OPS;HK;OK;INC000015128731;Priority 4;NA
L1;MNT;MON;SR;OK;INC000015128922;Priority 4;NA
FUN;ETH;FUN;INC;OK;INC000015129052;Priority 4;NA
APS;ETH;APS;INC;OK;INC000015129137;Priority 3;NA
OPS;OXE;CNC;HK;OK;INC000015129346;Priority 4;NA
FUN;DCF;FUN;INC;OK;INC000015129355;Priority 3;NA
L1;MNT;MON;SR;OK;INC000015129569;Priority 4;NA
OPS;EMS;OPS;HK;OK;INC000015129615;Priority 3;NA
FIN;812;FUN;INC;OK;INC000015129745;Priority 4;NA
FUN;DXE;FUN;INC;OK;INC000015129871;Priority 3;NA
FUN;DCF;FUN;SR;OK;INC000015130226;Priority 4;NA
FIN;812;FUN;INC;OK;INC000015130439;Priority 4;NA
FUN;812;FUN;INC;OK;INC000015130503;Priority 4;NA
FUN;812;FUN;INC;OK;INC000015130512;Priority 3;NA
FIN;812;FUN;INC;OK;INC000015130680;Priority 4;NA
FIN;812;INS;INC;OK;INC000015130698;Priority 4;NA
FIN;812;INS;INC;OK;INC000015130720;Priority 4;NA
FUN;BWI;FUN;INC;OK;INC000015130791;Priority 3;NA
FUN;LAT;FUN;SR;OK;INC000015130803;Priority 4;NA
APS;DCF;APS;INC;Defect;INC000015130844;Priority 3;NA
FUN;BWI;FUN;INC;OK;INC000015130865;Priority 4;NA
FUN;LAT;FUN;INC;OK;INC000015130981;Priority 3;NA
FUN;LAT;FUN;INC;OK;INC000015131104;Priority 3;NA
MNT;MNT;FUN;SR;OK;INC000015131123;Priority 4;NA
FUN;ETH;FUN;INC;OK;INC000015131512;Priority 4;NA
TEC;DCF;FUN;INC;OK;INC000015131712;Priority 3;NA
FIN;812;FUN;INC;OK;INC000015131739;Priority 3;NA
APS;ETH;APS;INC;OK;INC000015134527;Priority 4;NA
FIN;812;FUN;INC;OK;INC000015134556;Priority 4;NA
CNC;EES;CNC;INC;OK;INC000015134559;Priority 3;NA
FUN;812;FUN;INC;OK;INC000015134579;Priority 3;NA
FUN;LAT;FUN;INC;OK;INC000015134871;Priority 3;NA
FUN;LAT;FUN;INC;OK;INC000015134895;Priority 3;NA
FIN;812;FUN;INC;OK;INC000015134899;Priority 4;NA
FUN;BWI;FUN;INC;OK;INC000015135151;Priority 3;NA
L1;BWI;L1 ;INC;OK;INC000015135214;Priority 3;NA
DCF;DCF;FUN;INC;OK;INC000015135306;Priority 4;NA
APS;ETH;APS;INC;OK;INC000015135426;Priority 4;NA
APS;ETH;APS;INC;OK;INC000015135427;Priority 4;NA
APS;ETH;APS;INC;OK;INC000015135428;Priority 4;NA
APS;ETH;APS;INC;OK;INC000015135429;Priority 4;NA
APS;ETH;APS;INC;OK;INC000015135431;Priority 4;NA
APS;ETH;APS;INC;OK;INC000015135435;Priority 4;NA
APS;ETH;APS;INC;OK;INC000015135452;Priority 4;NA
APS;ETH;APS;INC;OK;INC000015135928;Priority 4;NA
APS;ETH;APS;INC;OK;INC000015135929;Priority 4;NA
FUN;ETH;FUN;INC;OK;INC000015136088;Priority 4;NA
APS;ETH;APS;INC;OK;INC000015136142;Priority 4;NA
FIN;DCF;FUN;INC;OK;INC000015137774;Priority 4;NA
CNC;812;CNC;SR;OK;INC000015138030;Priority 4;NA
SEC;OXE;SEC;INC;OK;INC000015138044;Priority 4;NA
FUN;MNT;FUN;INC;OK;INC000015138079;Priority 3;NA
APS;ETH;APS;INC;OK;INC000015138149;Priority 4;NA
CNC;DXE;CNC;INC;OK;INC000015138494;Priority 4;NA
APS;ETH;APS;INC;OK;INC000015138514;Priority 3;NA
FIN;812;INS;INC;OK;INC000015138541;Priority 4;NA
APS;ETH;APS;INC;OK;INC000015138588;Priority 4;NA
FUN;BWI;FUN;INC;OK;INC000015138658;Priority 4;NA
FUN;DCF;SEC;SR;OK;INC000015138718;Priority 4;NA
LAT;LAT;FUN;INC;OK;INC000015138922;Priority 3;NA
FUN;DCF;FUN;INC;OK;INC000015139025;Priority 3;NA
L1;BWI;L1 ;INC;OK;INC000015139449;Priority 3;NA
SEC;DCF;SEC;SR;OK;INC000015139684;Priority 4;NA
FUN;812;FUN;INC;OK;INC000015140097;Priority 4;NA
FUN;812;FUN;INC;OK;INC000015140117;Priority 4;NA
FUN;LAT;FUN;INC;OK;INC000015140176;Priority 3;NA
APS;ETH;APS;INC;OK;INC000015140392;Priority 4;NA
L1;BWI;L1 ;INC;OK;INC000015140511;Priority 3;NA
SEC;BWI;SEC;INC;OK;INC000015140594;Priority 4;NA
FUN;LAT;FUN;INC;OK;INC000015140615;Priority 4;NA
CNC;ETH;CNC;INC;OK;INC000015140790;Priority 3;NA
FIN;812;FUN;INC;OK;INC000015140813;Priority 3;NA
L1;BWI;L1 ;SR;OK;INC000015141125;Priority 4;NA
APS;LAT;FUN;SR;OK;INC000015141252;Priority 4;NA
FUN;812;FUN;INC;OK;INC000015141277;Priority 3;NA
OPS;EMS;OPS;HK;OK;INC000015141665;Priority 3;NA
OPS;EMS;OPS;HK;OK;INC000015141756;Priority 3;NA
OPS;EMS;OPS;HK;OK;INC000015141758;Priority 3;NA
L1;BWI;L1 ;INC;OK;INC000015142279;Priority 3;NA
FIN;DCF;FUN;INC;OK;INC000015143084;Priority 4;NA
FIN;812;FUN;INC;OK;INC000015143635;Priority 3;NA
FUN;DXE;FUN;INC;OK;INC000015143651;Priority 4;NA
FIN;DCF;FUN;INC;OK;INC000015143661;Priority 4;NA
SEC;DXE;SEC;INC;OK;INC000015143757;Priority 3;NA
FIN;812;FUN;INC;OK;INC000015143781;Priority 3;NA
FIN;812;FUN;INC;OK;INC000015143789;Priority 4;NA
FUN;BWI;FUN;INC;OK;INC000015144051;Priority 4;NA
FUN;LAT;FUN;SR;OK;INC000015144499;Priority 4;NA
CNC;OXE;L1 ;INC;OK;INC000015144522;Priority 4;NA
TEC;DCF;FUN;INC;OK;INC000015144891;Priority 3;NA
FUN;LAT;FUN;INC;OK;INC000015145177;Priority 3;NA
L1;BWI;L1 ;INC;OK;INC000015145195;Priority 3;NA
L1;BWI;L1 ;INC;OK;INC000015145617;Priority 3;NA
FUN;LAT;FUN;INC;OK;INC000015145642;Priority 3;NA
FUN;BWI;FUN;INC;OK;INC000015145644;Priority 4;NA
FUN;BWI;FUN;INC;OK;INC000015145678;Priority 3;NA
FUN;LAT;FUN;INC;OK;INC000015145755;Priority 3;NA
L1;BWI;L1 ;INC;OK;INC000015146000;Priority 4;NA
L1;DPY;MON;SR;OK;INC000015146126;Priority 3;NA
APS;ETH;APS;INC;OK;INC000015146163;Priority 4;NA
APS;ETH;APS;INC;OK;INC000015146164;Priority 4;NA
APS;ETH;APS;INC;OK;INC000015146165;Priority 4;NA
APS;ETH;APS;INC;OK;INC000015146167;Priority 4;NA
TEC;DCF;FUN;INC;OK;INC000015146198;Priority 3;NA
FUN;ETH;FUN;INC;OK;INC000015146225;Priority 4;NA
FUN;812;FUN;INC;OK;INC000015146604;Priority 3;NA
APS;ETH;APS;INC;OK;INC000015146653;Priority 4;NA
APS;ETH;APS;INC;OK;INC000015146654;Priority 4;NA
APS;ETH;APS;INC;OK;INC000015146655;Priority 4;NA
CNC;BWI;L1 ;INC;OK;INC000015146793;Priority 3;NA
CNC;BWI;L1 ;SR;OK;INC000015146891;Priority 3;NA
CNC;812;CNC;INC;OK;INC000015147020;Priority 4;NA
CNC;BWI;L1 ;INC;OK;INC000015147309;Priority 3;NA
CNC;BWI;L1 ;INC;OK;INC000015147324;Priority 3;NA
CNC;BWI;L1 ;INC;OK;INC000015147330;Priority 3;NA
CNC;OXE;CNC;INC;OK;INC000015147711;Priority 3;NA
OPS;EMS;OPS;HK;OK;INC000015147746;Priority 3;NA
SEC;DCF;SEC;SR;OK;INC000015148026;Priority 4;NA
CNC;812;CNC;INC;OK;INC000015148136;Priority 3;NA
FUN;DXE;FUN;INC;OK;INC000015148179;Priority 3;NA
FIN;812;INS;INC;OK;INC000015148212;Priority 4;NA
FUN;812;FUN;INC;OK;INC000015148273;Priority 3;NA
CNC;OXE;CNC;INC;OK;INC000015148389;Priority 3;NA
FUN;812;FUN;INC;OK;INC000015148467;Priority 4;NA
OPS;EMS;OPS;HK;OK;INC000015148809;Priority 3;NA
FUN;812;FUN;INC;OK;INC000015148875;Priority 3;NA
FUN;BWI;FUN;INC;OK;INC000015148879;Priority 4;NA
CNC;812;CNC;SR;OK;INC000015149543;Priority 4;NA
L1;BWI;L1 ;INC;OK;INC000015149661;Priority 3;NA
FUN;DCF;FUN;INC;OK;INC000015149703;Priority 3;NA
APS;LAT;FUN;SR;OK;INC000015149780;Priority 3;NA
FUN;LAT;FUN;INC;OK;INC000015149843;Priority 3;NA
SEC;ETH;SEC;INC;OK;INC000015149919;Priority 4;NA
FUN;LAT;FUN;INC;OK;INC000015149978;Priority 3;NA
L1;BWI;L1 ;INC;OK;INC000015150043;Priority 4;NA
L1;BWI;L1 ;INC;OK;INC000015150213;Priority 3;NA
FUN;BWI;FUN;INC;OK;INC000015150249;Priority 3;NA
L1;BWI;L1 ;INC;OK;INC000015150452;Priority 3;NA
DCF;DCF;FUN;INC;OK;INC000015150462;Priority 3;NA
FUN;LAT;FUN;INC;OK;INC000015150498;Priority 3;NA
L1;BWI;L1 ;INC;OK;INC000015150598;Priority 4;NA
TEC;DCF;FUN;INC;OK;INC000015151096;Priority 3;NA
L1;BWI;L1 ;INC;OK;INC000015151169;Priority 3;NA
TEC;DCF;FUN;INC;OK;INC000015151236;Priority 3;NA
TEC;DCF;FUN;INC;OK;INC000015151263;Priority 3;NA
TEC;DCF;FUN;INC;OK;INC000015151332;Priority 4;NA
L1;BWI;L1 ;INC;OK;INC000015151424;Priority 4;NA
FUN;BWI;FUN;INC;OK;INC000015151558;Priority 4;NA
FUN;BWI;FUN;INC;OK;INC000015151716;Priority 4;NA
L1;BWI;L1 ;INC;OK;INC000015151780;Priority 4;NA
L1;BWI;L1 ;INC;OK;INC000015151784;Priority 4;NA
FUN;LAT;FUN;SR;OK;INC000015153099;Priority 3;NA
FUN;BWI;FUN;INC;OK;INC000015153397;Priority 4;NA
OPS;EMS;OPS;HK;OK;INC000015153460;Priority 3;NA
OPS;OXE;CNC;HK;OK;INC000015153842;Priority 3;NA
FUN;WS;FUN;INC;OK;INC000015154280;Priority 4;NA
FUN;DCF;FUN;INC;OK;INC000015154541;Priority 4;NA
OPS;OXE;CNC;HK;OK;INC000015154700;Priority 3;NA
APS;ETH;APS;INC;OK;INC000015154939;Priority 4;NA
OPS;EMS;OPS;HK;OK;INC000015155109;Priority 4;NA
OPS;EDS;OPS;HK;OK;INC000015155120;Priority 4;NA
OPS;EMS;OPS;HK;OK;INC000015155939;Priority 3;NA
CNC;DXE;CNC;INC;OK;INC000015156370;Priority 4;NA
FIN;DCF;FUN;INC;OK;INC000015156644;Priority 4;NA
CNC;812;CNC;INC;OK;INC000015156747;Priority 4;NA
SEC;812;SEC;INC;OK;INC000015156835;Priority 3;NA
TEC;DCF;FUN;INC;OK;INC000015157065;Priority 3;NA
TEC;DCF;FUN;INC;OK;INC000015157332;Priority 3;NA
L1;812;MON;SR;OK;INC000015157592;Priority 4;NA
FUN;BWI;FUN;INC;OK;INC000015158301;Priority 4;NA
FUN;EES;FUN;INC;OK;INC000015158322;Priority 3;NA
FUN;812;FUN;INC;OK;INC000015158407;Priority 3;NA
FUN;BWI;FUN;INC;OK;INC000015158780;Priority 3;NA
L1;BWI;L1 ;INC;OK;INC000015158804;Priority 4;NA
FUN;LAT;FUN;SR;OK;INC000015158812;Priority 4;NA
L1;BWI;L1 ;INC;OK;INC000015158838;Priority 4;NA
FUN;LAT;FUN;INC;OK;INC000015158973;Priority 3;NA
FUN;LAT;FUN;INC;OK;INC000015159026;Priority 3;NA
APS;LAT;FUN;SR;OK;INC000015159044;Priority 3;NA
APS;LAT;FUN;SR;OK;INC000015159061;Priority 3;NA
FUN;BWI;FUN;SR;Defect;INC000015159146;Priority 2;NA
L1;BWI;L1 ;INC;OK;INC000015159187;Priority 4;NA
L1;BWI;L1 ;INC;OK;INC000015159299;Priority 3;NA
APS;ETH;APS;INC;OK;INC000015160086;Priority 4;NA
OPS;EMS;OPS;HK;OK;INC000015160436;Priority 3;NA
FUN;ETH;FUN;INC;OK;INC000015160657;Priority 3;NA
OPS;EDS;OPS;HK;OK;INC000015161046;Priority 4;NA
OPS;EMS;OPS;HK;OK;INC000015161154;Priority 3;NA
FIN;DCF;FUN;INC;OK;INC000015161797;Priority 3;NA
CNC;812;CNC;INC;OK;INC000015161973;Priority 3;NA
FUN;DCF;FUN;INC;OK;INC000015162138;Priority 3;NA
FUN;DCF;FUN;SR;OK;INC000015162487;Priority 3;NA
FIN;812;FUN;INC;OK;INC000015162612;Priority 3;NA
TEC;EDS;OPS;HK;OK;INC000015162717;Priority 3;NA
FUN;BWI;FUN;INC;OK;INC000015163142;Priority 4;NA
CNC;812;CNC;INC;OK;INC000015163956;Priority 4;NA
FUN;EMS;FUN;INC;OK;INC000015163959;Priority 3;NA
L1;BWI;L1 ;INC;OK;INC000015164281;Priority 3;NA
FUN;812;FUN;INC;OK;INC000015164351;Priority 3;NA
L1;BWI;L1 ;INC;OK;INC000015164362;Priority 3;NA
L1;BWI;L1 ;INC;OK;INC000015164543;Priority 4;NA
FUN;LAT;FUN;INC;OK;INC000015164649;Priority 3;NA
FUN;LAT;FUN;INC;OK;INC000015164653;Priority 3;NA
FUN;BWI;FUN;INC;OK;INC000015164706;Priority 3;NA
FUN;LAT;FUN;INC;OK;INC000015164864;Priority 3;NA
L1;BWI;L1 ;INC;OK;INC000015165199;Priority 3;NA
CNC;LAT;CNC;INC;OK;INC000015165550;Priority 3;NA
L1;BWI;L1 ;INC;OK;INC000015165583;Priority 4;NA
L1;BWI;L1 ;INC;OK;INC000015165615;Priority 3;NA
CNC;ETH;TEC;INC;OK;INC000015165715;Priority 4;NA
FUN;812;FUN;INC;OK;INC000015165776;Priority 3;NA
FUN;BWI;FUN;INC;OK;INC000015165942;Priority 4;NA
FUN;LAT;FUN;INC;OK;INC000015166136;Priority 3;NA
DBA;812;DBA;INC;OK;INC000015166146;Priority 4;NA
OPS;EDS;OPS;HK;OK;INC000015166621;Priority 3;NA
FIN;812;FUN;INC;OK;INC000015167098;Priority 4;NA
FIN;812;FUN;INC;OK;INC000015167181;Priority 4;NA
FUN;812;FUN;INC;OK;INC000015167220;Priority 4;NA
FUN;812;FUN;INC;OK;INC000015167293;Priority 4;NA
FIN;DCF;FUN;INC;OK;INC000015167527;Priority 4;NA
APS;DCF;APS;INC;OK;INC000015167620;Priority 4;NA
FIN;812;INS;INC;OK;INC000015167747;Priority 4;NA
FIN;DCF;FUN;INC;OK;INC000015167812;Priority 4;NA
FUN;DCF;FUN;INC;OK;INC000015168402;Priority 3;NA
FIN;812;FUN;INC;OK;INC000015168668;Priority 4;NA
FUN;DCF;SEC;SR;OK;INC000015168699;Priority 3;NA
FUN;812;FUN;INC;OK;INC000015168772;Priority 4;NA
CNC;DCF;CNC;INC;OK;INC000015168781;Priority 3;NA
DCF;DCF;FUN;INC;OK;INC000015168932;Priority 4;NA
FIN;812;FUN;INC;OK;INC000015169264;Priority 4;NA
FIN;812;FUN;INC;OK;INC000015169338;Priority 4;NA
L1;BWI;L1 ;INC;OK;INC000015169650;Priority 3;NA
L1;BWI;L1 ;INC;OK;INC000015169659;Priority 3;NA
FUN;LAT;FUN;INC;OK;INC000015169726;Priority 3;NA
FUN;LAT;FUN;INC;OK;INC000015169916;Priority 3;NA
L1;812;MON;SR;OK;INC000015170040;Priority 3;NA
FUN;DCF;SEC;SR;OK;INC000015170216;Priority 3;NA
FUN;LAT;FUN;INC;OK;INC000015170257;Priority 3;NA
FUN;LAT;FUN;INC;OK;INC000015170281;Priority 3;NA
FUN;812;FUN;INC;OK;INC000015170959;Priority 3;NA
CNC;BWI;L1 ;INC;OK;INC000015171339;Priority 3;NA
FUN;LAT;FUN;INC;OK;INC000015171344;Priority 3;NA
FUN;LAT;FUN;INC;OK;INC000015171371;Priority 3;NA
FUN;LAT;FUN;INC;OK;INC000015171381;Priority 3;NA
OPS;EMS;OPS;HK;OK;INC000015171513;Priority 3;NA
DBA;812;DBA;INC;OK;INC000015171734;Priority 3;NA
OPS;WS;CNC;HK;OK;INC000015172042;Priority 4;NA
OPS;EDS;OPS;HK;OK;INC000015172057;Priority 4;NA
FUN;812;FUN;INC;OK;INC000015172838;Priority 4;NA
FUN;812;FUN;INC;OK;INC000015173001;Priority 4;NA
FIN;812;FUN;INC;OK;INC000015173035;Priority 4;NA
FUN;812;FUN;INC;Defect;INC000015173264;Priority 4;NA
FIN;DCF;FUN;INC;OK;INC000015173323;Priority 4;NA
FIN;812;FUN;INC;OK;INC000015173330;Priority 4;NA
CNC;ETH;CNC;INC;OK;INC000015173357;Priority 4;NA
FIN;DCF;FUN;INC;OK;INC000015173383;Priority 4;NA
FIN;812;FUN;INC;OK;INC000015173444;Priority 4;NA
FUN;BWI;FUN;INC;OK;INC000015173812;Priority 4;NA
FUN;BWI;FUN;INC;OK;INC000015173868;Priority 4;NA
FUN;DCF;FUN;SR;OK;INC000015173920;Priority 4;NA
FIN;812;FUN;INC;OK;INC000015174471;Priority 4;NA
L1;BWI;L1 ;SR;OK;INC000015174945;Priority 4;NA
FUN;DCF;SEC;SR;OK;INC000015174995;Priority 4;NA
FUN;LAT;FUN;SR;OK;INC000015175328;Priority 4;NA
FUN;BWI;FUN;INC;OK;INC000015175564;Priority 4;NA
L1;BWI;L1 ;SR;OK;INC000015175741;Priority 4;NA
FUN;DCF;SEC;SR;OK;INC000015175952;Priority 4;NA
FUN;BWI;FUN;INC;OK;INC000015176552;Priority 4;NA
DBA;812;DBA;INC;OK;INC000015176585;Priority 4;NA
CNC;LAT;CNC;INC;OK;INC000015176690;Priority 4;NA
OPS;EDS;OPS;HK;OK;INC000015177007;Priority 4;NA
OPS;EDS;OPS;INC;OK;INC000015177332;Priority 4;NA
FUN;DXE;FUN;INC;OK;INC000015177551;Priority 4;NA
APS;DCF;APS;INC;OK;INC000015177815;Priority 4;NA
OPS;EDS;OPS;SR;OK;INC000015177820;Priority 4;NA
FUN;DCF;FUN;SR;OK;INC000015177836;Priority 4;NA
FUN;812;FUN;INC;OK;INC000015178063;Priority 4;NA
FIN;812;FUN;INC;OK;INC000015178155;Priority 4;NA
FIN;812;FUN;INC;OK;INC000015178241;Priority 4;NA
CNC;812;CNC;INC;OK;INC000015178321;Priority 4;NA
FUN;812;FUN;INC;OK;INC000015178351;Priority 4;NA
L1;812;CNC;SR;OK;INC000015178635;Priority 4;NA
FUN;812;FUN;INC;OK;INC000015178876;Priority 4;NA
FUN;BWI;FUN;INC;OK;INC000015178915;Priority 4;NA
APS;ETH;APS;INC;OK;INC000015178959;Priority 4;NA
CNC;812;CNC;INC;OK;INC000015179289;Priority 4;NA
FIN;DCF;FUN;INC;OK;INC000015179426;Priority 4;NA
FUN;LAT;FUN;INC;OK;INC000015180265;Priority 4;NA
APS;ETH;APS;INC;OK;INC000015180489;Priority 4;NA
APS;ETH;APS;INC;OK;INC000015180490;Priority 4;NA
FUN;BWI;FUN;INC;OK;INC000015180811;Priority 4;NA
L1;ETH;CNC;INC;OK;INC000015181142;Priority 4;NA
FUN;BWI;FUN;INC;OK;INC000015181383;Priority 4;NA
SCH;BWI;SCH;INC;OK;INC000015181969;Priority 4;NA
L1;BWI;L1 ;INC;OK;INC000015182098;Priority 4;NA
L1;BWI;L1 ;INC;OK;INC000015182192;Priority 4;NA
APS;ETH;APS;INC;OK;INC000015182413;Priority 4;NA
APS;EES;APS;INC;OK;INC000015184246;Priority 4;NA
FUN;ETH;FUN;INC;OK;INC000015184359;Priority 4;NA
OPS;EMS;OPS;HK;OK;INC000015184629;Priority 4;NA
FIN;MNT;FUN;INC;OK;INC000015184631;Priority 4;NA
FIN;812;FUN;INC;OK;INC000015186001;Priority 4;NA
FUN;MNT;FUN;INC;OK;INC000015186211;Priority 4;NA
FUN;812;FUN;INC;OK;INC000015186240;Priority 4;NA
FIN;DCF;FUN;INC;OK;INC000015186345;Priority 4;NA
CNC;812;CNC;INC;OK;INC000015186383;Priority 4;NA
FIN;812;FUN;INC;OK;INC000015186463;Priority 4;NA
APS;DCF;APS;INC;OK;INC000015186850;Priority 4;NA
FIN;812;FUN;INC;OK;INC000015187014;Priority 4;NA
FIN;812;FUN;INC;OK;INC000015187161;Priority 4;NA
APS;DCF;APS;INC;OK;INC000015187371;Priority 4;NA
FUN;EDS;FUN;INC;OK;INC000015187436;Priority 4;NA
FUN;BWI;FUN;INC;OK;INC000015187530;Priority 4;NA
FIN;DXE;FUN;INC;OK;INC000015187574;Priority 4;NA
SEC;812;SEC;SR;OK;INC000015187819;Priority 4;NA
CNC;ETH;CNC;INC;OK;INC000015187869;Priority 4;NA
APS;ETH;APS;INC;OK;INC000015188189;Priority 4;NA
SEC;ETH;SEC;INC;OK;INC000015188324;Priority 4;NA
FIN;812;FUN;INC;OK;INC000015188558;Priority 4;NA
FUN;812;FUN;INC;OK;INC000015188573;Priority 4;NA
FUN;EES;FUN;INC;OK;INC000015188578;Priority 4;NA
FIN;812;FUN;INC;OK;INC000015188614;Priority 4;NA
FIN;812;FUN;INC;OK;INC000015188896;Priority 4;NA
MNT;MNT;FUN;INC;OK;INC000015188995;Priority 4;NA
L1;BWI;L1 ;INC;OK;INC000015189544;Priority 4;NA
MNT;MNT;FUN;INC;OK;INC000015189607;Priority 4;NA
APS;EES;APS;INC;OK;INC000015189744;Priority 4;NA
L1;BWI;L1 ;INC;OK;INC000015190380;Priority 4;NA
LAT;LAT;FUN;INC;OK;INC000015190389;Priority 4;NA
APS;LAT;FUN;SR;OK;INC000015190469;Priority 4;NA
FUN;MNT;FUN;INC;OK;INC000015190600;Priority 4;NA
CNC;EES;CNC;INC;OK;INC000015191622;Priority 4;NA
CNC;812;CNC;INC;OK;INC000015192243;Priority 4;NA
FIN;DCF;FUN;INC;OK;INC000015192318;Priority 4;NA
FUN;MNT;FUN;INC;OK;INC000015192332;Priority 4;NA
FIN;DXE;FUN;SR;OK;INC000015192460;Priority 4;NA
FUN;MNT;FUN;INC;OK;INC000015193111;Priority 4;NA
FIN;812;FUN;INC;OK;INC000015193112;Priority 4;NA
FUN;812;FUN;INC;OK;INC000015193265;Priority 4;NA
FIN;812;FUN;INC;OK;INC000015193664;Priority 4;NA
FUN;MNT;FUN;INC;OK;INC000015193889;Priority 4;NA
FUN;BWI;FUN;INC;OK;INC000015193899;Priority 4;NA
FIN;812;FUN;INC;OK;INC000015193925;Priority 4;NA
FIN;812;FUN;INC;OK;INC000015194023;Priority 4;NA
FUN;812;FUN;INC;OK;INC000015194615;Priority 4;NA
FUN;812;FUN;INC;OK;INC000015194627;Priority 4;NA
MNT;MNT;FUN;INC;OK;INC000015195078;Priority 4;NA
FUN;BWI;FUN;INC;OK;INC000015195159;Priority 4;NA
FUN;ETH;FUN;INC;OK;INC000015195877;Priority 4;NA
L1;BWI;L1 ;INC;OK;INC000015196528;Priority 4;NA
OPS;EDS;OPS;HK;OK;INC000015197415;Priority 3;NA
LAT;LAT;FUN;INC;OK;INC000015197471;Priority 4;NA
FUN;812;FUN;INC;OK;INC000015197707;Priority 4;NA
FUN;WS;FUN;INC;OK;INC000015197724;Priority 3;NA
L1;812;CNC;SR;OK;INC000015197880;Priority 4;NA
FIN;812;FUN;INC;OK;INC000015197898;Priority 4;NA
FIN;812;FUN;INC;OK;INC000015198073;Priority 4;NA
FIN;DCF;FUN;INC;OK;INC000015198126;Priority 4;NA
FIN;DCF;FUN;INC;OK;INC000015198131;Priority 3;NA
FIN;812;FUN;INC;OK;INC000015198277;Priority 3;NA
FIN;812;FUN;INC;OK;INC000015198303;Priority 3;NA
FUN;812;FUN;INC;OK;INC000015198347;Priority 4;NA
FUN;812;FUN;INC;OK;INC000015198389;Priority 4;NA
FIN;812;FUN;INC;OK;INC000015198391;Priority 4;NA
FUN;WS;FUN;INC;OK;INC000015198435;Priority 3;NA
FIN;812;FUN;INC;OK;INC000015198548;Priority 4;NA
SEC;BWI;SEC;INC;OK;INC000015198885;Priority 4;NA
FUN;BWI;FUN;INC;OK;INC000015199162;Priority 4;NA
FUN;812;FUN;INC;OK;INC000015199198;Priority 4;NA
CNC;812;CNC;INC;OK;INC000015199441;Priority 4;NA
FUN;812;FUN;INC;OK;INC000015199526;Priority 3;NA
APS;DCF;APS;INC;OK;INC000015199578;Priority 3;NA
FIN;812;FUN;INC;OK;INC000015199581;Priority 4;NA
FUN;ETH;FUN;INC;OK;INC000015199590;Priority 3;NA
MNT;MNT;FUN;INC;OK;INC000015199640;Priority 4;NA
TEC;EDS;OPS;HK;OK;INC000015199752;Priority 3;NA
APS;LAT;FUN;INC;OK;INC000015199929;Priority 4;NA
FIN;812;FUN;INC;OK;INC000015199966;Priority 4;NA
FUN;MNT;FUN;INC;OK;INC000015200074;Priority 3;NA
L1;812;CNC;INC;OK;INC000015200337;Priority 3;NA
FUN;BWI;FUN;INC;OK;INC000015200458;Priority 3;NA
L1;BWI;L1 ;INC;OK;INC000015200485;Priority 3;NA
FUN;812;FUN;INC;Defect;INC000015200539;Priority 4;NA
FUN;BWI;FUN;INC;OK;INC000015200562;Priority 4;NA
FIN;DCF;FUN;INC;OK;INC000015200583;Priority 4;NA
L1;BWI;L1 ;INC;OK;INC000015200744;Priority 3;NA
L1;BWI;L1 ;INC;OK;INC000015201095;Priority 3;NA
L1;BWI;L1 ;INC;OK;INC000015201200;Priority 3;NA
FUN;BWI;FUN;INC;OK;INC000015201213;Priority 4;NA
FUN;DCF;SEC;SR;Defect;INC000015201286;Priority 3;NA
APS;LAT;FUN;SR;OK;INC000015201492;Priority 4;NA
L1;BWI;L1 ;INC;OK;INC000015201507;Priority 3;NA
L1;BWI;L1 ;INC;OK;INC000015201528;Priority 3;NA
CNC;BWI;L1 ;INC;OK;INC000015201639;Priority 3;NA
L1;BWI;L1 ;INC;OK;INC000015201680;Priority 3;NA
L1;BWI;L1 ;INC;OK;INC000015201721;Priority 3;NA
APS;LAT;FUN;SR;OK;INC000015201849;Priority 3;NA
APS;DCF;APS;INC;OK;INC000015202015;Priority 3;NA
DBA;812;DBA;INC;OK;INC000015202047;Priority 3;NA
L1;EES;CNC;INC;OK;INC000015202256;Priority 4;NA
FUN;LAT;FUN;INC;OK;INC000015202271;Priority 3;NA
OPS;EDS;OPS;HK;OK;INC000015202845;Priority 3;NA
FIN;812;FUN;INC;OK;INC000015203169;Priority 4;NA
FIN;812;FUN;INC;OK;INC000015203297;Priority 4;NA
APS;ETH;APS;INC;OK;INC000015203298;Priority 3;NA
FIN;812;FUN;INC;OK;INC000015203331;Priority 4;NA
FIN;DCF;FUN;INC;OK;INC000015203441;Priority 4;NA
FUN;DCF;FUN;INC;OK;INC000015203504;Priority 3;NA
OPS;EDS;OPS;INC;OK;INC000015203528;Priority 3;NA
FIN;812;FUN;INC;OK;INC000015203575;Priority 4;NA
FIN;DXE;FUN;INC;OK;INC000015203754;Priority 4;NA
FIN;DXE;FUN;INC;OK;INC000015203785;Priority 4;NA
FIN;812;FUN;INC;OK;INC000015203822;Priority 4;NA
FUN;LAT;FUN;INC;OK;INC000015203934;Priority 3;NA
FUN;LAT;FUN;INC;OK;INC000015203956;Priority 3;NA
FIN;812;FUN;INC;Defect;INC000015203973;Priority 4;NA
L1;BWI;L1 ;INC;OK;INC000015204048;Priority 4;NA
FUN;LAT;FUN;INC;OK;INC000015204071;Priority 3;NA
SEC;DXE;SEC;INC;OK;INC000015204109;Priority 4;NA
DBA;812;DBA;INC;OK;INC000015204201;Priority 3;NA
APS;ETH;APS;INC;OK;INC000015204343;Priority 3;NA
FUN;BWI;FUN;INC;OK;INC000015204570;Priority 4;NA
TEC;DCF;TEC;INC;OK;INC000015204607;Priority 3;NA
CNC;DCF;TEC;INC;OK;INC000015204681;Priority 3;NA
FIN;812;FUN;INC;OK;INC000015204824;Priority 4;NA
TEC;DCF;TEC;INC;Defect;INC000015204964;Priority 4;NA
FUN;812;FUN;INC;OK;INC000015204977;Priority 4;NA
FUN;LAT;FUN;INC;OK;INC000015204979;Priority 3;NA
FIN;812;FUN;INC;OK;INC000015205032;Priority 4;NA
FIN;812;FUN;INC;OK;INC000015205095;Priority 4;NA
FUN;DXE;FUN;INC;OK;INC000015205160;Priority 3;NA
DBA;812;DBA;INC;OK;INC000015205163;Priority 4;NA
CNC;812;CNC;INC;OK;INC000015205188;Priority 4;NA
L1;BWI;L1 ;INC;OK;INC000015205224;Priority 3;NA
FIN;LAT;FUN;INC;OK;INC000015205234;Priority 3;NA
L1;BWI;L1 ;INC;OK;INC000015205336;Priority 3;NA
TEC;DCF;TEC;INC;OK;INC000015205408;Priority 3;NA
FIN;DXE;FUN;INC;OK;INC000015205439;Priority 4;NA
L1;BWI;L1 ;INC;OK;INC000015205698;Priority 3;NA
FUN;BWI;FUN;INC;OK;INC000015205754;Priority 3;NA
L1;BWI;L1 ;INC;OK;INC000015206078;Priority 3;NA
FUN;812;FUN;INC;OK;INC000015206392;Priority 4;NA
CNC;BWI;L1 ;INC;OK;INC000015206545;Priority 3;NA
L1;BWI;L1 ;INC;OK;INC000015206568;Priority 3;NA
L1;BWI;L1 ;INC;OK;INC000015206653;Priority 3;NA
FUN;812;FUN;INC;OK;INC000015206679;Priority 3;NA
FUN;BWI;FUN;INC;OK;INC000015206684;Priority 4;NA
L1;BWI;L1 ;INC;OK;INC000015206739;Priority 3;NA
DBA;812;DBA;INC;OK;INC000015207009;Priority 3;NA
OPS;EMS;OPS;HK;OK;INC000015207057;Priority 3;NA
L1;BWI;L1 ;INC;OK;INC000015207472;Priority 4;NA
OPS;EDS;OPS;HK;OK;INC000015207481;Priority 3;NA
OPS;EDS;OPS;HK;OK;INC000015207670;Priority 3;NA
L1;BWI;L1 ;INC;OK;INC000015207800;Priority 4;NA
FUN;812;FUN;INC;OK;INC000015207948;Priority 3;NA
FUN;812;FUN;INC;OK;INC000015208031;Priority 4;NA
FIN;DXE;FUN;INC;OK;INC000015208090;Priority 3;NA
FIN;812;FUN;INC;OK;INC000015208153;Priority 4;NA
FIN;812;FUN;INC;OK;INC000015208242;Priority 4;NA
OPS;EDS;OPS;HK;OK;INC000015208249;Priority 3;NA
FIN;812;FUN;INC;OK;INC000015208262;Priority 4;NA
L1;812;FUN;INC;OK;INC000015208283;Priority 4;NA
FIN;812;FUN;INC;OK;INC000015208396;Priority 4;NA
FUN;DXE;FUN;INC;OK;INC000015208407;Priority 4;NA
FUN;MNT;FUN;INC;OK;INC000015208424;Priority 4;NA
FIN;DXE;FUN;INC;OK;INC000015208442;Priority 4;NA
FIN;DCF;FUN;INC;OK;INC000015208549;Priority 4;NA
CNC;DCF;FUN;INC;OK;INC000015208691;Priority 4;NA
FIN;812;FUN;INC;OK;INC000015208704;Priority 4;NA
FUN;812;FUN;INC;OK;INC000015208807;Priority 4;NA
FIN;DXE;FUN;INC;OK;INC000015208916;Priority 4;NA
FUN;BWI;FUN;INC;OK;INC000015208970;Priority 4;NA
FIN;LAT;FUN;INC;OK;INC000015209076;Priority 3;NA
FIN;812;FUN;INC;OK;INC000015209083;Priority 4;NA
FUN;CAN;FUN;INC;OK;INC000015209085;Priority 4;NA
FIN;LAT;FUN;INC;OK;INC000015209134;Priority 3;NA
FIN;812;FUN;INC;OK;INC000015209219;Priority 4;NA
FIN;812;FUN;INC;OK;INC000015209386;Priority 4;NA
FIN;812;FUN;INC;OK;INC000015209559;Priority 4;NA
TEC;DCF;TEC;INC;OK;INC000015209609;Priority 3;NA
FUN;LAT;FUN;SR;OK;INC000015209790;Priority 4;NA
OPS;EDS;OPS;INC;OK;INC000015210058;Priority 4;NA
FIN;812;FUN;INC;OK;INC000015210077;Priority 4;NA
CNC;DXE;L1 ;INC;OK;INC000015210160;Priority 4;NA
MNT;MNT;FUN;INC;OK;INC000015210164;Priority 3;NA
FUN;812;FUN;INC;OK;INC000015210172;Priority 3;NA
SCH;LAT;SCH;INC;OK;INC000015210201;Priority 3;NA
FUN;BWI;FUN;INC;OK;INC000015210226;Priority 4;NA
L1;BWI;L1 ;INC;OK;INC000015210238;Priority 3;NA
FUN;ETH;FUN;INC;OK;INC000015210328;Priority 3;NA
L1;BWI;L1 ;INC;OK;INC000015210339;Priority 3;NA
FUN;ETH;FUN;INC;OK;INC000015210401;Priority 4;NA
TEC;DCF;TEC;INC;OK;INC000015210504;Priority 3;NA
FUN;ETH;FUN;INC;OK;INC000015210609;Priority 4;NA
L1;BWI;L1 ;INC;OK;INC000015210612;Priority 4;NA
FUN;BWI;FUN;INC;OK;INC000015210624;Priority 4;NA
FUN;ETH;FUN;INC;OK;INC000015210650;Priority 4;NA
FIN;812;FUN;INC;Defect;INC000015211718;Priority 4;NA
CNC;BWI;CNC;INC;OK;INC000015211732;Priority 3;NA
OPS;EMS;OPS;HK;OK;INC000015211743;Priority 3;NA
L1;BWI;L1 ;INC;OK;INC000015211876;Priority 4;NA
FIN;812;FUN;INC;OK;INC000015212065;Priority 3;NA
FIN;812;FUN;INC;OK;INC000015212067;Priority 3;NA
FIN;812;FUN;INC;OK;INC000015212085;Priority 3;NA
FIN;812;FUN;INC;OK;INC000015212138;Priority 3;NA
FIN;812;FUN;INC;OK;INC000015212150;Priority 3;NA
FIN;812;FUN;INC;OK;INC000015212178;Priority 3;NA
FIN;812;FUN;INC;OK;INC000015212180;Priority 3;NA
FIN;812;FUN;INC;OK;INC000015212191;Priority 3;NA
FIN;812;FUN;INC;OK;INC000015212192;Priority 3;NA
FUN;812;FUN;INC;OK;INC000015212197;Priority 3;NA
FIN;812;FUN;INC;OK;INC000015212217;Priority 3;NA
FIN;812;FUN;INC;OK;INC000015212291;Priority 4;NA
FIN;812;FUN;INC;OK;INC000015212325;Priority 3;NA
FIN;812;FUN;INC;OK;INC000015212330;Priority 4;NA
FIN;812;FUN;INC;OK;INC000015212331;Priority 3;NA
CNC;LAT;CNC;INC;OK;INC000015212339;Priority 3;NA
FIN;812;FUN;INC;OK;INC000015212463;Priority 3;NA
FUN;DCF;FUN;INC;OK;INC000015212465;Priority 3;NA
APS;EES;APS;INC;OK;INC000015212698;Priority 4;NA
TEC;DCF;TEC;INC;OK;INC000015213225;Priority 4;NA
OPS;EMS;OPS;HK;OK;INC000015213379;Priority 4;NA
SCH;LAT;SCH;INC;OK;INC000015213431;Priority 3;NA
APS;ETH;APS;INC;OK;INC000015213554;Priority 3;NA
FIN;LAT;FUN;INC;Defect;INC000015213994;Priority 4;NA
FIN;LAT;FUN;INC;Defect;INC000015214014;Priority 4;NA
CNC;ETH;CNC;INC;OK;INC000015214359;Priority 4;NA
OPS;EDS;OPS;HK;OK;INC000015214508;Priority 3;NA
CNC;BWI;L1 ;INC;OK;INC000015214588;Priority 3;NA
CNC;812;CNC;INC;OK;INC000015215140;Priority 2;NA
FUN;812;FUN;INC;OK;INC000015215205;Priority 4;NA
FIN;DXE;FUN;INC;OK;INC000015215347;Priority 4;NA
CNC;812;CNC;INC;OK;INC000015215358;Priority 2;NA
CNC;812;CNC;INC;OK;INC000015215620;Priority 4;NA
APS;ETH;APS;INC;OK;INC000015215672;Priority 4;NA
FIN;812;FUN;INC;OK;INC000015215747;Priority 4;NA
FUN;812;FUN;INC;OK;INC000015215785;Priority 4;NA
FIN;812;FUN;INC;OK;INC000015215811;Priority 3;NA
FUN;812;FUN;INC;OK;INC000015215902;Priority 4;NA
SEC;MNT;SEC;SR;OK;INC000015215992;Priority 4;NA
FUN;DCF;FUN;INC;OK;INC000015216013;Priority 3;NA
FUN;DCF;FUN;SR;OK;INC000015216207;Priority 3;NA
FUN;812;FUN;INC;OK;INC000015216267;Priority 4;NA
FUN;812;FUN;INC;Defect;INC000015216292;Priority 4;NA
FIN;812;FUN;INC;OK;INC000015216347;Priority 3;NA
FUN;812;FUN;INC;OK;INC000015216388;Priority 3;NA
FIN;812;FUN;INC;OK;INC000015216467;Priority 4;NA
CNC;812;CNC;INC;OK;INC000015216502;Priority 4;NA
CNC;812;CNC;INC;OK;INC000015216520;Priority 4;NA
APS;ETH;APS;INC;OK;INC000015216689;Priority 4;NA
FIN;DCF;FUN;INC;OK;INC000015216745;Priority 4;NA
FIN;812;FUN;INC;OK;INC000015216775;Priority 3;NA
FUN;WS;FUN;INC;OK;INC000015216878;Priority 3;NA
FUN;MNT;FUN;INC;OK;INC000015216977;Priority 3;NA
FUN;BWI;FUN;INC;OK;INC000015217026;Priority 3;NA
FUN;ETH;FUN;INC;OK;INC000015217081;Priority 4;NA
FUN;812;FUN;INC;Defect;INC000015217331;Priority 4;NA
L1;BWI;L1 ;INC;OK;INC000015217396;Priority 3;NA
FUN;DCF;SEC;SR;OK;INC000015217435;Priority 4;NA
TEC;DCF;TEC;INC;OK;INC000015217454;Priority 3;NA
TEC;DCF;TEC;INC;OK;INC000015217458;Priority 3;NA
APS;DCF;APS;INC;OK;INC000015217555;Priority 4;NA
FUN;EMS;FUN;INC;OK;INC000015217603;Priority 3;NA
FUN;ETH;FUN;INC;OK;INC000015217762;Priority 4;NA
L1;BWI;L1 ;INC;OK;INC000015217781;Priority 4;NA
FIN;DXE;FUN;INC;OK;INC000015217808;Priority 4;NA
OPS;EDS;OPS;HK;OK;INC000015218042;Priority 3;NA
FUN;BWI;FUN;INC;OK;INC000015218117;Priority 4;NA
FUN;BWI;FUN;INC;OK;INC000015218243;Priority 4;NA
L1;BWI;L1 ;INC;OK;INC000015218371;Priority 4;NA
FUN;ETH;FUN;INC;OK;INC000015218410;Priority 3;NA
FUN;EES;FUN;INC;OK;INC000015218500;Priority 4;NA
L1;BWI;L1 ;INC;OK;INC000015218509;Priority 4;NA
FIN;812;FUN;INC;OK;INC000015218599;Priority 4;NA
FUN;LAT;FUN;INC;OK;INC000015218799;Priority 4;NA
L1;BWI;L1 ;INC;OK;INC000015218836;Priority 3;NA
FUN;ETH;FUN;INC;OK;INC000015218914;Priority 4;NA
FUN;812;FUN;INC;Defect;INC000015219821;Priority 4;NA
FUN;DCF;FUN;INC;OK;INC000015219929;Priority 4;NA
FUN;DXE;FUN;INC;OK;INC000015219962;Priority 4;NA
FUN;DCF;FUN;INC;OK;INC000015220035;Priority 3;NA
FUN;DCF;FUN;SR;OK;INC000015220047;Priority 3;NA
FIN;812;FUN;INC;OK;INC000015220160;Priority 4;NA
FIN;DCF;FUN;INC;OK;INC000015220215;Priority 4;NA
FUN;812;FUN;SR;OK;INC000015220257;Priority 4;NA
FUN;MNT;FUN;INC;OK;INC000015220260;Priority 3;NA
TEC;DCF;TEC;INC;OK;INC000015220403;Priority 3;NA
FUN;812;FUN;INC;OK;INC000015220472;Priority 4;NA
FUN;ETH;FUN;INC;OK;INC000015220534;Priority 3;NA
CNC;ETH;CNC;INC;OK;INC000015220570;Priority 3;NA
FUN;812;FUN;INC;OK;INC000015220831;Priority 4;NA
APS;ETH;APS;INC;OK;INC000015220865;Priority 4;NA
MNT;MNT;FUN;SR;OK;INC000015221191;Priority 3;NA
FUN;ETH;FUN;INC;OK;INC000015221252;Priority 3;NA
FUN;ETH;FUN;INC;OK;INC000015221274;Priority 4;NA
FUN;ETH;FUN;INC;OK;INC000015221288;Priority 3;NA
FUN;ETH;FUN;INC;OK;INC000015221337;Priority 3;NA
OPS;WS;CNC;HK;OK;INC000015221508;Priority 3;NA
DCF;DCF;FUN;INC;OK;INC000015221711;Priority 4;NA
FIN;812;FUN;INC;OK;INC000015221854;Priority 4;NA
FUN;812;FUN;INC;OK;INC000015221873;Priority 3;NA
CNC;DCF;CNC;INC;OK;INC000015222447;Priority 3;NA
DBA;812;DBA;INC;OK;INC000015222671;Priority 3;NA
OPS;EDS;OPS;HK;OK;INC000015222679;Priority 4;NA
L1;BWI;L1 ;INC;OK;INC000015222739;Priority 3;NA
FUN;BWI;FUN;INC;OK;INC000015223218;Priority 4;NA
L1;BWI;L1 ;INC;OK;INC000015223822;Priority 4;NA
DCF;DCF;FUN;INC;OK;INC000015223883;Priority 4;NA
FIN;DXE;FUN;SR;OK;INC000015224028;Priority 4;NA
FUN;DCF;SEC;SR;Defect;INC000015224045;Priority 3;NA
CNC;BWI;L1 ;INC;OK;INC000015224199;Priority 3;NA
FUN;ETH;FUN;INC;OK;INC000015224217;Priority 4;NA
FUN;LAT;FUN;INC;OK;INC000015224262;Priority 3;NA
CNC;BWI;L1 ;INC;OK;INC000015224463;Priority 3;NA
APS;DCF;APS;INC;Defect;INC000015225471;Priority 3;NA
FUN;DXE;FUN;INC;OK;INC000015225593;Priority 4;NA
CNC;DCF;CNC;INC;OK;INC000015225825;Priority 3;NA
CNC;812;CNC;SR;OK;INC000015225833;Priority 4;NA
FIN;DCF;FUN;INC;OK;INC000015225865;Priority 4;NA
CNC;812;CNC;SR;OK;INC000015225892;Priority 4;NA
FUN;812;FUN;INC;OK;INC000015225927;Priority 4;NA
FIN;DCF;FUN;INC;OK;INC000015225982;Priority 4;NA
SEC;812;SEC;INC;OK;INC000015226030;Priority 3;NA
CNC;812;CNC;INC;OK;INC000015226044;Priority 4;NA
FUN;DCF;FUN;SR;OK;INC000015226074;Priority 3;NA
SEC;EDS;SEC;SR;OK;INC000015226207;Priority 3;NA
FUN;812;FUN;INC;OK;INC000015226425;Priority 4;NA
FUN;812;FUN;INC;OK;INC000015226437;Priority 4;NA
CNC;DPY;CNC;INC;OK;INC000015226526;Priority 3;NA
FUN;MNT;FUN;INC;OK;INC000015226612;Priority 3;NA
FUN;WS;FUN;INC;OK;INC000015226711;Priority 3;NA
FUN;BWI;FUN;INC;OK;INC000015226989;Priority 4;NA
FIN;BWI;FUN;INC;OK;INC000015227082;Priority 4;NA
FUN;MNT;FUN;INC;OK;INC000015227121;Priority 3;NA
FIN;DXE;FUN;INC;OK;INC000015227292;Priority 4;NA
FIN;812;FUN;INC;OK;INC000015227412;Priority 4;NA
FUN;BWI;FUN;INC;OK;INC000015227598;Priority 4;NA
APS;DCF;APS;INC;Defect;INC000015227743;Priority 3;NA
FUN;BWI;FUN;INC;OK;INC000015227782;Priority 4;NA
FUN;DCF;SEC;SR;OK;INC000015227877;Priority 4;NA
FUN;DCF;SEC;SR;OK;INC000015228003;Priority 3;NA
FUN;DCF;SEC;SR;Defect;INC000015228018;Priority 3;NA
FUN;BWI;FUN;INC;OK;INC000015228360;Priority 4;NA
FUN;BWI;FUN;INC;OK;INC000015228386;Priority 3;NA
FUN;BWI;FUN;INC;OK;INC000015228407;Priority 3;NA
DBA;812;DBA;INC;OK;INC000015228518;Priority 3;NA
FUN;LAT;FUN;INC;OK;INC000015228525;Priority 3;NA
FUN;ETH;FUN;INC;OK;INC000015228564;Priority 4;NA
L1;BWI;L1 ;INC;OK;INC000015228657;Priority 3;NA
DCF;DCF;FUN;INC;OK;INC000015228690;Priority 4;NA
FUN;812;FUN;INC;OK;INC000015228706;Priority 4;NA
FUN;BWI;FUN;INC;OK;INC000015228814;Priority 4;NA
FUN;LAT;FUN;INC;OK;INC000015228899;Priority 3;NA
FUN;DCF;SEC;SR;OK;INC000015228916;Priority 3;NA
SEC;LAT;SEC;INC;OK;INC000015229187;Priority 3;NA
L1;812;CNC;SR;OK;INC000015229402;Priority 3;NA
FUN;BWI;FUN;INC;OK;INC000015229813;Priority 4;NA
L1;BWI;L1 ;INC;OK;INC000015230017;Priority 3;NA
FUN;MNT;FUN;INC;OK;INC000015230086;Priority 3;NA
L1;BWI;L1 ;INC;OK;INC000015230264;Priority 3;NA
FIN;812;FUN;INC;OK;INC000015230476;Priority 4;NA
L1;BWI;L1 ;INC;OK;INC000015230567;Priority 3;NA
L1;BWI;L1 ;INC;OK;INC000015230597;Priority 3;NA
FUN;BWI;FUN;INC;OK;INC000015230639;Priority 4;NA
APS;LAT;FUN;INC;OK;INC000015230781;Priority 4;NA
FIN;LAT;FUN;INC;OK;INC000015230816;Priority 3;NA
L1;BWI;L1 ;INC;OK;INC000015230877;Priority 3;NA
L1;MNT;CNC;SR;OK;INC000015231005;Priority 3;NA
DBA;812;DBA;INC;OK;INC000015231058;Priority 3;NA
CNC;BWI;L1 ;INC;OK;INC000015231119;Priority 3;NA
L1;BWI;L1 ;INC;OK;INC000015231350;Priority 3;NA
TEC;DCF;TEC;INC;Defect;INC000015231949;Priority 3;NA
TEC;DCF;TEC;INC;OK;INC000015232022;Priority 4;NA
FUN;BWI;FUN;INC;OK;INC000015232124;Priority 3;NA
FUN;DCF;FUN;INC;OK;INC000015232202;Priority 4;NA
FIN;812;FUN;INC;OK;INC000015232285;Priority 4;NA
TEC;DCF;TEC;INC;OK;INC000015232322;Priority 3;NA
FUN;EDS;FUN;INC;OK;INC000015232442;Priority 4;NA
FUN;DCF;SEC;SR;OK;INC000015232488;Priority 4;NA
FUN;812;FUN;INC;OK;INC000015232512;Priority 4;NA
TEC;DCF;TEC;INC;OK;INC000015232520;Priority 3;NA
FIN;812;FUN;INC;OK;INC000015232607;Priority 4;NA
FUN;DCF;FUN;INC;OK;INC000015232729;Priority 3;NA
TEC;DCF;TEC;INC;OK;INC000015232731;Priority 4;NA
SEC;812;SEC;SR;OK;INC000015232750;Priority 3;NA
APS;DCF;APS;INC;OK;INC000015232847;Priority 3;NA
DBA;812;DBA;INC;OK;INC000015232883;Priority 3;NA
TEC;DCF;TEC;INC;OK;INC000015233140;Priority 3;NA
FUN;DCF;FUN;SR;OK;INC000015233230;Priority 3;NA
L1;BWI;L1 ;INC;OK;INC000015233276;Priority 3;NA
FUN;812;FUN;INC;OK;INC000015233291;Priority 4;NA
CNC;ETH;CNC;INC;OK;INC000015233306;Priority 4;NA
FUN;EDS;FUN;INC;OK;INC000015233369;Priority 4;NA
FUN;EDS;FUN;INC;OK;INC000015233419;Priority 4;NA
FUN;LAT;FUN;INC;OK;INC000015233606;Priority 3;NA
CNC;812;CNC;INC;Defect;INC000015233633;Priority 3;NA
APS;EES;APS;INC;OK;INC000015233697;Priority 4;NA
FUN;ETH;FUN;INC;OK;INC000015233713;Priority 3;NA
FUN;DXE;FUN;INC;OK;INC000015233834;Priority 3;NA
TEC;DCF;TEC;INC;OK;INC000015233884;Priority 3;NA
FUN;812;FUN;INC;OK;INC000015234070;Priority 4;NA
FUN;BWI;FUN;INC;OK;INC000015234083;Priority 4;NA
FUN;WS;FUN;INC;OK;INC000015234092;Priority 3;NA
CNC;CAN;CNC;INC;OK;INC000015234274;Priority 4;NA
CNC;MNT;L1 ;INC;OK;INC000015234357;Priority 4;NA
L1;812;CNC;SR;OK;INC000015234361;Priority 3;NA
APS;DCF;APS;INC;OK;INC000015234667;Priority 4;NA
FUN;MNT;FUN;INC;OK;INC000015234716;Priority 3;NA
CNC;812;CNC;INC;OK;INC000015234755;Priority 3;NA
FUN;812;FUN;INC;OK;INC000015234866;Priority 3;NA
FUN;LAT;FUN;INC;OK;INC000015234914;Priority 4;NA
L1;BWI;L1 ;INC;OK;INC000015235000;Priority 3;NA
L1;BWI;L1 ;SR;OK;INC000015235532;Priority 4;NA
L1;BWI;L1 ;INC;OK;INC000015235535;Priority 3;NA
L1;BWI;L1 ;INC;OK;INC000015235659;Priority 3;NA
FUN;ETH;FUN;INC;OK;INC000015235737;Priority 3;NA
TEC;DCF;TEC;INC;OK;INC000015236051;Priority 3;NA
CNC;BWI;L1 ;INC;OK;INC000015236325;Priority 3;NA
FUN;LAT;FUN;INC;OK;INC000015236583;Priority 3;NA
OPS;EMS;OPS;HK;OK;INC000015236657;Priority 3;NA
CNC;812;CNC;INC;OK;INC000015237465;Priority 3;NA
L1;EDS;CNC;SR;OK;INC000015237501;Priority 4;NA
L1;EDS;CNC;SR;OK;INC000015237744;Priority 4;NA
FIN;812;FUN;INC;OK;INC000015238254;Priority 3;NA
FUN;812;FUN;INC;OK;INC000015238260;Priority 4;NA
FUN;812;FUN;INC;OK;INC000015238452;Priority 3;NA
CNC;DCF;CNC;INC;OK;INC000015238706;Priority 3;NA
FUN;ETH;FUN;INC;OK;INC000015239127;Priority 4;NA
TEC;DCF;TEC;INC;OK;INC000015239148;Priority 4;NA
FUN;812;FUN;INC;OK;INC000015239212;Priority 4;NA
FUN;ETH;FUN;INC;OK;INC000015239219;Priority 4;NA
FUN;BWI;FUN;INC;OK;INC000015239271;Priority 4;NA
L1;812;CNC;SR;OK;INC000015239476;Priority 4;NA
FUN;812;FUN;INC;OK;INC000015239484;Priority 3;NA
CNC;812;CNC;INC;OK;INC000015239603;Priority 3;NA
FUN;DCF;SEC;SR;OK;INC000015239632;Priority 3;NA
FIN;DCF;FUN;INC;OK;INC000015239722;Priority 4;NA
CNC;ETH;CNC;INC;OK;INC000015239946;Priority 3;NA
L1;BWI;L1 ;INC;OK;INC000015239949;Priority 4;NA
FIN;812;FUN;INC;OK;INC000015240110;Priority 4;NA
FUN;812;FUN;INC;OK;INC000015240127;Priority 4;NA
FUN;BWI;FUN;INC;OK;INC000015240250;Priority 4;NA
DBA;812;DBA;INC;OK;INC000015240520;Priority 4;NA
L1;BWI;L1 ;INC;OK;INC000015240740;Priority 3;NA
FUN;BWI;FUN;INC;OK;INC000015240794;Priority 4;NA
FUN;ETH;FUN;INC;OK;INC000015240855;Priority 4;NA
FUN;BWI;FUN;INC;OK;INC000015240885;Priority 4;NA
APS;ETH;APS;INC;OK;INC000015240924;Priority 3;NA
L1;BWI;L1 ;INC;OK;INC000015241367;Priority 4;NA
FUN;ETH;FUN;INC;OK;INC000015241476;Priority 3;NA
L1;BWI;L1 ;INC;OK;INC000015241692;Priority 4;NA
FUN;812;FUN;INC;OK;INC000015241769;Priority 3;NA
FUN;BWI;FUN;INC;OK;INC000015241802;Priority 3;NA
L1;BWI;L1 ;INC;OK;INC000015241846;Priority 3;NA
APS;LAT;FUN;SR;OK;INC000015241852;Priority 4;NA
L1;BWI;L1 ;INC;OK;INC000015241891;Priority 4;NA
L1;BWI;L1 ;INC;OK;INC000015241904;Priority 4;NA
L1;BWI;L1 ;INC;OK;INC000015241906;Priority 3;NA
MNT;MNT;FUN;INC;Defect;INC000015242062;Priority 3;NA
FIN;LAT;FUN;INC;OK;INC000015242063;Priority 4;NA
APS;EES;APS;INC;OK;INC000015242074;Priority 4;NA
LEAD;DCF;FUN;INC;OK;INC000015242540;Priority 3;NA
DBA;812;DBA;INC;OK;INC000015242643;Priority 4;NA
L1;BWI;L1 ;INC;OK;INC000015242812;Priority 4;NA
OPS;EDS;OPS;HK;OK;INC000015243125;Priority 3;NA
OPS;EDS;OPS;HK;OK;INC000015243134;Priority 3;NA
L1;812;CNC;SR;OK;INC000015243158;Priority 4;NA
FUN;BWI;FUN;INC;OK;INC000015244237;Priority 3;NA
OPS;EDS;OPS;HK;OK;INC000015244479;Priority 3;NA
DBA;812;FUN;INC;OK;INC000015244488;Priority 4;NA
FUN;MNT;FUN;INC;OK;INC000015244608;Priority 4;NA
OPS;EMS;OPS;HK;OK;INC000015244609;Priority 4;NA
L1;MNT;CNC;SR;OK;INC000015245533;Priority 4;NA
FUN;DCF;SEC;SR;OK;INC000015245930;Priority 3;NA
FIN;812;FUN;INC;OK;INC000015246136;Priority 3;NA
L1;BWI;L1 ;SR;OK;INC000015246246;Priority 4;NA
APS;DCF;APS;INC;OK;INC000015246496;Priority 3;NA
FUN;812;FUN;INC;OK;INC000015246682;Priority 4;NA
OPS;EMS;OPS;SR;OK;INC000015246723;Priority 4;NA
DCF;DCF;FUN;INC;OK;INC000015246776;Priority 3;NA
FUN;DCF;FUN;INC;OK;INC000015246831;Priority 3;NA
FUN;DCF;SEC;SR;Defect;INC000015247206;Priority 3;NA
FUN;DCF;SEC;SR;OK;INC000015247226;Priority 3;NA
CNC;DCF;CNC;INC;OK;INC000015247300;Priority 4;NA
FIN;812;FUN;INC;OK;INC000015247371;Priority 4;NA
FIN;812;FUN;INC;OK;INC000015247386;Priority 4;NA
L1;BWI;L1 ;INC;OK;INC000015247445;Priority 3;NA
L1;812;CNC;SR;OK;INC000015247678;Priority 4;NA
FIN;812;FUN;INC;OK;INC000015247774;Priority 4;NA
APS;DCF;APS;INC;OK;INC000015248066;Priority 4;NA
FUN;BWI;FUN;INC;OK;INC000015248248;Priority 3;NA
APS;ETH;APS;INC;OK;INC000015248261;Priority 3;NA
FUN;DCF;SEC;SR;OK;INC000015248567;Priority 3;NA
APS;DCF;APS;INC;OK;INC000015248774;Priority 4;NA
FUN;LAT;FUN;SR;OK;INC000015248855;Priority 4;NA
FUN;BWI;FUN;INC;OK;INC000015248921;Priority 4;NA
FUN;LAT;FUN;INC;OK;INC000015248968;Priority 3;NA
FIN;812;FUN;INC;OK;INC000015249004;Priority 4;NA
FIN;812;FUN;INC;OK;INC000015249560;Priority 4;NA
FIN;LAT;FUN;INC;OK;INC000015249634;Priority 4;NA
FUN;BWI;FUN;INC;OK;INC000015249788;Priority 4;NA
L1;MNT;CNC;SR;OK;INC000015250035;Priority 4;NA
LAT;LAT;FUN;INC;OK;INC000015250892;Priority 4;NA
FUN;LAT;FUN;INC;OK;INC000015250925;Priority 3;NA
CNC;812;L1 ;INC;OK;INC000015251160;Priority 3;NA
APS;DCF;APS;INC;OK;INC000015251164;Priority 4;NA
SEC;EMS;SEC;SR;OK;INC000015251462;Priority 4;NA
FUN;DXE;FUN;INC;OK;INC000015252394;Priority 3;NA
TEC;DCF;TEC;INC;OK;INC000015252403;Priority 3;NA
L1;812;CNC;INC;OK;INC000015252440;Priority 4;NA
L1;812;CNC;SR;OK;INC000015252762;Priority 4;NA
CNC;812;CNC;INC;OK;INC000015252832;Priority 4;NA
CNC;812;CNC;INC;OK;INC000015252863;Priority 3;NA
FIN;DXE;FUN;INC;OK;INC000015252881;Priority 4;NA
L1;WS;SEC;SR;OK;INC000015253009;Priority 4;NA
FIN;DCF;FUN;INC;OK;INC000015253157;Priority 4;NA
FUN;ETH;FUN;INC;OK;INC000015253263;Priority 3;NA
FIN;DCF;FUN;INC;OK;INC000015253369;Priority 4;NA
FUN;812;FUN;INC;OK;INC000015253547;Priority 4;NA
FUN;812;FUN;INC;OK;INC000015253646;Priority 3;NA
FUN;EES;FUN;INC;OK;INC000015254205;Priority 4;NA
FUN;DCF;FUN;SR;OK;INC000015254435;Priority 3;NA
L1;BWI;L1 ;INC;OK;INC000015254559;Priority 4;NA
FUN;EMS;FUN;INC;OK;INC000015254630;Priority 3;NA
L1;BWI;L1 ;INC;OK;INC000015254815;Priority 4;NA
FUN;LAT;FUN;INC;OK;INC000015254927;Priority 4;NA
FUN;812;FUN;INC;OK;INC000015255020;Priority 4;NA
FUN;DCF;FUN;SR;OK;INC000015255036;Priority 4;NA
DCF;DCF;FUN;INC;OK;INC000015255053;Priority 4;NA
APS;LAT;FUN;SR;OK;INC000015255226;Priority 3;NA
FIN;812;FUN;INC;OK;INC000015255228;Priority 4;NA
FUN;BWI;FUN;INC;OK;INC000015255271;Priority 4;NA
FUN;DXE;FUN;INC;OK;INC000015255308;Priority 3;NA
FIN;DCF;FUN;INC;OK;INC000015255628;Priority 4;NA
FUN;ETH;FUN;INC;OK;INC000015255674;Priority 4;NA
APS;ETH;APS;INC;OK;INC000015255827;Priority 3;NA
FUN;BWI;FUN;INC;OK;INC000015256026;Priority 3;NA
FUN;DCF;FUN;INC;OK;INC000015256042;Priority 3;NA
APS;LAT;FUN;SR;OK;INC000015256130;Priority 4;NA
L1;BWI;L1 ;INC;OK;INC000015256147;Priority 3;NA
CNC;BWI;L1 ;INC;OK;INC000015256373;Priority 3;NA
FUN;812;FUN;INC;OK;INC000015256395;Priority 3;NA
DBA;812;DBA;INC;OK;INC000015256660;Priority 4;NA
FUN;LAT;FUN;INC;OK;INC000015257150;Priority 3;NA
L1;812;CNC;SR;OK;INC000015257381;Priority 4;NA
FUN;DCF;FUN;INC;OK;INC000015257483;Priority 3;NA
L1;812;CNC;SR;OK;INC000015257493;Priority 4;NA
FUN;DCF;FUN;INC;OK;INC000015257600;Priority 3;NA
L1;DXE;CNC;SR;OK;INC000015257748;Priority 4;NA
CNC;LAT;CNC;INC;OK;INC000015257854;Priority 4;NA
FUN;812;FUN;INC;OK;INC000015257896;Priority 4;NA
CNC;812;L1 ;INC;OK;INC000015258007;Priority 4;NA
FIN;812;FUN;INC;OK;INC000015258144;Priority 3;NA
FUN;DCF;FUN;SR;OK;INC000015258165;Priority 3;NA
FIN;DCF;FUN;INC;OK;INC000015258197;Priority 3;NA
CNC;812;L1 ;INC;OK;INC000015258231;Priority 4;NA
L1;812;CNC;SR;OK;INC000015258262;Priority 4;NA
FUN;LAT;FUN;INC;OK;INC000015258542;Priority 4;NA
FUN;MNT;FUN;INC;OK;INC000015258550;Priority 4;NA
FIN;812;FUN;INC;OK;INC000015258663;Priority 4;NA
FUN;DCF;FUN;INC;OK;INC000015258690;Priority 3;NA
CNC;812;CNC;INC;OK;INC000015259108;Priority 4;NA
FUN;812;FUN;INC;OK;INC000015259122;Priority 3;NA
FUN;812;FUN;INC;OK;INC000015259129;Priority 3;NA
APS;DCF;APS;INC;OK;INC000015259241;Priority 3;NA
FUN;EMS;FUN;INC;OK;INC000015259243;Priority 4;NA
FIN;812;FUN;INC;OK;INC000015259311;Priority 4;NA
FUN;ETH;FUN;INC;OK;INC000015259470;Priority 3;NA
TEC;DCF;TEC;INC;OK;INC000015259491;Priority 3;NA
FUN;EES;FUN;INC;OK;INC000015259553;Priority 3;NA
FUN;ETH;FUN;INC;OK;INC000015259590;Priority 3;NA
SEC;WS;SEC;INC;OK;INC000015259592;Priority 4;NA
FUN;BWI;FUN;INC;OK;INC000015259608;Priority 4;NA
FUN;MNT;FUN;INC;OK;INC000015259720;Priority 3;NA
L1;BWI;L1 ;INC;OK;INC000015259790;Priority 4;NA
APS;LAT;FUN;SR;OK;INC000015260040;Priority 3;NA
APS;LAT;FUN;SR;OK;INC000015260216;Priority 3;NA
FUN;LAT;FUN;SR;OK;INC000015260243;Priority 3;NA
CNC;MNT;CNC;INC;OK;INC000015260289;Priority 3;NA
L1;BWI;L1 ;INC;OK;INC000015260336;Priority 4;NA
CNC;MNT;CNC;INC;OK;INC000015260396;Priority 3;NA
SCH;LAT;SCH;INC;OK;INC000015260589;Priority 3;NA
L1;BWI;L1 ;INC;OK;INC000015260806;Priority 3;NA
L1;BWI;L1 ;INC;OK;INC000015260812;Priority 3;NA
DBA;812;DBA;INC;OK;INC000015260983;Priority 3;NA
FUN;EES;FUN;INC;OK;INC000015261250;Priority 4;NA
CNC;BWI;SCH;INC;OK;INC000015261325;Priority 4;NA
CNC;BWI;L1 ;INC;OK;INC000015261448;Priority 3;NA
FUN;BWI;FUN;INC;OK;INC000015261449;Priority 3;NA
CNC;BWI;L1 ;INC;OK;INC000015261579;Priority 3;NA
DBA;812;DBA;INC;OK;INC000015261687;Priority 4;NA
OPS;EMS;OPS;HK;OK;INC000015261721;Priority 3;NA
FUN;DCF;FUN;INC;OK;INC000015262242;Priority 4;NA
FIN;DCF;FUN;INC;OK;INC000015262688;Priority 4;NA
L1;812;CNC;INC;OK;INC000015262729;Priority 3;NA
FIN;812;FUN;INC;OK;INC000015262981;Priority 3;NA
FUN;812;FUN;INC;OK;INC000015263002;Priority 3;NA
L1;812;CNC;INC;OK;INC000015263547;Priority 4;NA
FUN;812;FUN;INC;OK;INC000015263553;Priority 3;NA
L1;812;CNC;INC;OK;INC000015263861;Priority 3;NA
FIN;812;FUN;INC;OK;INC000015263884;Priority 4;NA
L1;BWI;L1 ;INC;OK;INC000015264031;Priority 3;NA
FUN;BWI;FUN;INC;OK;INC000015264043;Priority 4;NA
DBA;812;DBA;INC;OK;INC000015264055;Priority 4;NA
FUN;BWI;FUN;INC;OK;INC000015264139;Priority 4;NA
LAT;LAT;FUN;INC;OK;INC000015264533;Priority 4;NA
FUN;BWI;FUN;INC;OK;INC000015264819;Priority 4;NA
CNC;812;L1 ;INC;OK;INC000015265118;Priority 3;NA
FUN;812;FUN;INC;OK;INC000015265146;Priority 4;NA
FUN;LAT;FUN;INC;OK;INC000015265493;Priority 3;NA
APS;ETH;APS;INC;OK;INC000015265661;Priority 4;NA
FUN;BWI;FUN;INC;OK;INC000015265770;Priority 4;NA
CNC;BWI;L1 ;INC;OK;INC000015266030;Priority 3;NA
FUN;812;FUN;INC;OK;INC000015266066;Priority 4;NA
CNC;BWI;L1 ;INC;OK;INC000015266080;Priority 3;NA
L1;BWI;L1 ;INC;OK;INC000015266215;Priority 3;NA
OPS;EMS;OPS;HK;OK;INC000015266741;Priority 3;NA
FUN;812;FUN;INC;OK;INC000015266940;Priority 4;NA
CNC;812;L1 ;INC;OK;INC000015266970;Priority 3;NA
FIN;812;FUN;INC;OK;INC000015267095;Priority 4;NA
OPS;WS;CNC;SR;OK;INC000015267379;Priority 4;NA
FUN;DCF;FUN;INC;OK;INC000015267441;Priority 3;NA
FUN;LAT;FUN;INC;OK;INC000015267971;Priority 3;NA
FUN;ETH;FUN;INC;OK;INC000015267997;Priority 4;NA
FUN;DCF;FUN;SR;OK;INC000015268008;Priority 4;NA
FUN;BWI;FUN;INC;OK;INC000015268250;Priority 4;NA
FUN;BWI;FUN;INC;OK;INC000015268519;Priority 3;NA
L1;BWI;L1 ;INC;OK;INC000015269098;Priority 3;NA
L1;BWI;L1 ;SR;OK;INC000015269162;Priority 3;NA
APS;ETH;APS;INC;OK;INC000015269163;Priority 4;NA
SCH;LAT;SCH;INC;OK;INC000015269179;Priority 3;NA
L1;BWI;L1 ;INC;OK;INC000015269248;Priority 3;NA
FUN;DCF;FUN;INC;OK;INC000015269301;Priority 3;NA
FUN;BWI;FUN;INC;OK;INC000015269305;Priority 3;NA
DCF;DCF;FUN;SR;OK;INC000015269346;Priority 3;NA
L1;BWI;L1 ;INC;OK;INC000015269376;Priority 3;NA
FUN;BWI;FUN;INC;OK;INC000015269516;Priority 4;NA
FUN;812;FUN;INC;OK;INC000015269936;Priority 3;NA
APS;LAT;FUN;SR;OK;INC000015270040;Priority 4;NA
FUN;LAT;FUN;INC;OK;INC000015270055;Priority 3;NA
L1;BWI;L1 ;INC;OK;INC000015270310;Priority 3;NA
OPS;EMS;OPS;HK;OK;INC000015270409;Priority 3;NA
CNC;BWI;L1 ;INC;OK;INC000015270448;Priority 3;NA
FUN;DCF;FUN;INC;OK;INC000015270486;Priority 4;NA
OPS;EDS;OPS;HK;OK;INC000015270713;Priority 4;NA
L1;MNT;CNC;SR;OK;INC000015271143;Priority 4;NA
L1;BWI;L1 ;INC;OK;INC000015271371;Priority 4;NA
OPS;WS;SEC;HK;OK;INC000015271621;Priority 4;NA
OPS;EDS;OPS;HK;OK;INC000015272147;Priority 3;NA
OPS;EDS;OPS;HK;OK;INC000015272150;Priority 3;NA
OPS;EDS;OPS;HK;OK;INC000015272154;Priority 3;NA
OPS;EDS;OPS;HK;OK;INC000015272157;Priority 3;NA
OPS;EDS;OPS;HK;OK;INC000015272264;Priority 3;NA
DBA;812;DBA;INC;OK;INC000015272579;Priority 4;NA
APS;ETH;APS;INC;OK;INC000015272688;Priority 4;NA
OPS;EDS;SEC;HK;OK;INC000015273290;Priority 4;NA
DBA;812;DBA;INC;OK;INC000015273297;Priority 4;NA
FUN;MNT;FUN;INC;OK;INC000015273333;Priority 4;NA
OPS;EMS;SEC;HK;OK;INC000015273365;Priority 4;NA
FUN;DCF;FUN;INC;OK;INC000015273676;Priority 4;NA
CNC;MNT;CNC;INC;OK;INC000015274399;Priority 4;NA
L1;WS;CNC;SR;OK;INC000015274508;Priority 4;NA
APS;ETH;APS;INC;OK;INC000015274595;Priority 3;NA
OPS;EMS;OPS;HK;OK;INC000015274753;Priority 3;NA
FUN;DCF;FUN;INC;OK;INC000015274808;Priority 3;NA
APS;ETH;APS;INC;OK;INC000015274867;Priority 3;NA
APS;DCF;APS;INC;OK;INC000015274874;Priority 4;NA
FIN;812;FUN;INC;OK;INC000015275074;Priority 4;NA
CNC;812;CNC;INC;OK;INC000015275236;Priority 3;NA
FIN;812;FUN;INC;OK;INC000015275271;Priority 4;NA
FUN;DCF;FUN;INC;OK;INC000015275677;Priority 3;NA
OPS;EDS;OPS;HK;OK;INC000015275777;Priority 3;NA
CNC;CAN;L1 ;INC;OK;INC000015275820;Priority 4;NA
CNC;DPY;CNC;INC;OK;INC000015276048;Priority 4;NA
FIN;812;FUN;INC;OK;INC000015276066;Priority 3;NA
CNC;812;CNC;INC;OK;INC000015276111;Priority 3;NA
FUN;BWI;FUN;INC;OK;INC000015276126;Priority 4;NA
FUN;DCF;FUN;INC;OK;INC000015276255;Priority 4;NA
FUN;DCF;FUN;INC;OK;INC000015276448;Priority 3;NA
L1;BWI;L1 ;INC;OK;INC000015276512;Priority 3;NA
L1;812;CNC;SR;OK;INC000015276748;Priority 4;NA
L1;BWI;L1 ;INC;OK;INC000015277598;Priority 3;NA
FUN;BWI;FUN;INC;OK;INC000015277743;Priority 3;NA
DCF;DCF;FUN;SR;OK;INC000015277854;Priority 3;NA
L1;BWI;L1 ;INC;OK;INC000015278259;Priority 3;NA
FUN;LAT;FUN;INC;OK;INC000015278478;Priority 4;NA
L1;BWI;L1 ;INC;OK;INC000015278971;Priority 4;NA
L1;BWI;L1 ;INC;OK;INC000015279312;Priority 4;NA
DBA;812;DBA;INC;OK;INC000015279315;Priority 4;NA
OPS;EMS;OPS;HK;OK;INC000015279839;Priority 3;NA
FUN;DCF;FUN;INC;OK;INC000015280308;Priority 3;NA
FUN;WS;FUN;INC;OK;INC000015280366;Priority 4;NA
L1;MNT;CNC;SR;OK;INC000015280502;Priority 4;NA
FIN;DCF;FUN;INC;OK;INC000015280788;Priority 4;NA
CNC;812;CNC;INC;OK;INC000015280968;Priority 3;NA
CNC;812;CNC;INC;OK;INC000015281080;Priority 2;NA
L1;812;CNC;INC;OK;INC000015281265;Priority 4;NA
CNC;812;CNC;INC;OK;INC000015281327;Priority 3;NA
FIN;812;FUN;INC;OK;INC000015281375;Priority 4;NA
CNC;812;CNC;INC;OK;INC000015281510;Priority 2;NA
CNC;812;CNC;INC;OK;INC000015281600;Priority 3;NA
FUN;DCF;FUN;SR;OK;INC000015281790;Priority 3;NA
CNC;812;CNC;INC;OK;INC000015281834;Priority 3;NA
FUN;812;FUN;INC;OK;INC000015281848;Priority 4;NA
FUN;DCF;SEC;SR;OK;INC000015281856;Priority 3;NA
FUN;BWI;FUN;INC;OK;INC000015281931;Priority 4;NA
CNC;ETH;CNC;INC;OK;INC000015282011;Priority 3;NA
FUN;DCF;FUN;INC;OK;INC000015282124;Priority 3;NA
APS;LAT;FUN;INC;OK;INC000015282326;Priority 3;NA
FUN;812;FUN;INC;OK;INC000015282467;Priority 4;NA
SEC;BWI;SEC;INC;OK;INC000015282558;Priority 4;NA
L1;EMS;CNC;SR;OK;INC000015283552;Priority 3;NA
FUN;LAT;FUN;INC;OK;INC000015283588;Priority 4;NA
L1;BWI;L1 ;INC;OK;INC000015283864;Priority 3;NA
L1;BWI;L1 ;INC;OK;INC000015283888;Priority 3;NA
FUN;LAT;FUN;INC;OK;INC000015283999;Priority 3;NA
CNC;ETH;TEC;INC;OK;INC000015284025;Priority 3;NA
CNC;BWI;L1 ;INC;OK;INC000015284716;Priority 3;NA
L1;BWI;CNC;INC;OK;INC000015284766;Priority 3;NA
FUN;812;FUN;INC;OK;INC000015284787;Priority 4;NA
OPS;EMS;OPS;HK;OK;INC000015285006;Priority 4;NA
OPS;EMS;OPS;HK;OK;INC000015285691;Priority 3;NA
SEC;DCF;SEC;SR;OK;INC000015286488;Priority 3;NA
FUN;DCF;FUN;INC;OK;INC000015286649;Priority 3;NA
FIN;812;FUN;INC;OK;INC000015286947;Priority 4;NA
OPS;EMS;OPS;HK;OK;INC000015287063;Priority 4;NA
FIN;812;FUN;INC;OK;INC000015287465;Priority 3;NA
CNC;DCF;FUN;INC;OK;INC000015287647;Priority 3;NA
FUN;DCF;FUN;INC;OK;INC000015288238;Priority 3;NA
L1;812;CNC;SR;OK;INC000015288613;Priority 4;NA
FUN;BWI;FUN;INC;OK;INC000015289120;Priority 4;NA
FUN;LAT;FUN;INC;OK;INC000015289496;Priority 3;NA
SEC;EES;FUN;INC;OK;INC000015290271;Priority 4;NA
FUN;BWI;FUN;INC;OK;INC000015290369;Priority 4;NA
CNC;BWI;L1 ;INC;OK;INC000015290422;Priority 3;NA
DBA;812;DBA;INC;OK;INC000015290503;Priority 4;NA
TEC;EMS;OPS;HK;OK;INC000015290550;Priority 3;NA
TEC;EMS;OPS;HK;OK;INC000015290565;Priority 3;NA
OPS;EMS;OPS;HK;OK;INC000015290957;Priority 3;NA
L1;BWI;L1 ;INC;OK;INC000015291755;Priority 4;NA
DBA;812;DBA;INC;OK;INC000015292777;Priority 4;NA
FUN;DCF;SEC;SR;OK;INC000015292865;Priority 3;NA
CNC;ETH;TEC;INC;OK;INC000015293109;Priority 3;NA
OPS;EDS;OPS;HK;OK;INC000015293238;Priority 3;NA
L1;812;CNC;INC;OK;INC000015293272;Priority 3;NA
L1;BWI;FUN;INC;OK;INC000015293467;Priority 3;NA
L1;BWI;FUN;INC;OK;INC000015293784;Priority 3;NA
L1;BWI;L1 ;INC;OK;INC000015294101;Priority 4;NA
FUN;812;FUN;INC;OK;INC000015295374;Priority 3;NA
L1;BWI;L1 ;INC;OK;INC000015295558;Priority 3;NA
CNC;BWI;L1 ;INC;OK;INC000015295833;Priority 3;NA
TEC;EMS;OPS;HK;OK;INC000015295994;Priority 3;NA
DBA;812;DBA;INC;OK;INC000015296790;Priority 3;NA
FUN;812;FUN;INC;OK;INC000015296846;Priority 4;NA
FIN;812;FUN;INC;Defect;INC000015297056;Priority 4;NA
FIN;812;FUN;INC;OK;INC000015297137;Priority 4;NA
FIN;812;FUN;INC;OK;INC000015297159;Priority 4;NA
FUN;DCF;SEC;SR;Defect;INC000015297300;Priority 4;NA
FUN;812;FUN;INC;Defect;INC000015297649;Priority 4;NA
FIN;812;FUN;INC;OK;INC000015297707;Priority 4;NA
FUN;ETH;FUN;INC;OK;INC000015297733;Priority 4;NA
FUN;LAT;FUN;INC;OK;INC000015297853;Priority 3;NA
FUN;DCF;FUN;SR;OK;INC000015297971;Priority 3;NA
FIN;812;FUN;INC;OK;INC000015298005;Priority 4;NA
FUN;812;FUN;INC;OK;INC000015298057;Priority 4;NA
FUN;812;FUN;INC;OK;INC000015298060;Priority 4;NA
FIN;812;FUN;INC;OK;INC000015298242;Priority 4;NA
FIN;812;FUN;INC;OK;INC000015298336;Priority 4;NA
FUN;BWI;FUN;INC;OK;INC000015298373;Priority 4;NA
FIN;812;FUN;INC;OK;INC000015298589;Priority 4;NA
L1;BWI;L1 ;INC;OK;INC000015298951;Priority 3;NA
FUN;BWI;FUN;INC;OK;INC000015299161;Priority 4;NA
FUN;812;FUN;INC;OK;INC000015299210;Priority 4;NA
TEC;DCF;TEC;INC;OK;INC000015299636;Priority 3;NA
TEC;DCF;TEC;INC;OK;INC000015299660;Priority 3;NA
CNC;BWI;L1 ;INC;OK;INC000015300122;Priority 3;NA
SEC;EES;FUN;INC;OK;INC000015300184;Priority 4;NA
L1;812;CNC;INC;OK;INC000015300234;Priority 4;NA
DBA;812;DBA;INC;OK;INC000015300392;Priority 3;NA
APS;DCF;APS;INC;OK;INC000015300597;Priority 3;NA
DBA;812;SCH;INC;OK;INC000015300656;Priority 4;NA
DBA;812;DBA;INC;OK;INC000015300698;Priority 4;NA
DBA;812;DBA;INC;OK;INC000015300700;Priority 4;NA
DBA;812;DBA;INC;OK;INC000015300746;Priority 4;NA
DBA;812;DBA;INC;OK;INC000015300788;Priority 4;NA
DBA;812;DBA;INC;OK;INC000015300793;Priority 4;NA
DBA;812;DBA;INC;OK;INC000015300800;Priority 4;NA
L1;812;MON;SR;OK;INC000015300833;Priority 4;NA
L1;MNT;MON;SR;OK;INC000015300863;Priority 4;NA
FUN;BWI;FUN;INC;OK;INC000015300985;Priority 4;NA
FUN;LAT;FUN;INC;OK;INC000015301200;Priority 4;NA
CNC;812;CNC;INC;OK;INC000015301484;Priority 4;NA
FUN;LAT;FUN;INC;OK;INC000015301519;Priority 4;NA
DCF;DCF;FUN;INC;OK;INC000015301523;Priority 4;NA
APS;DCF;APS;INC;OK;INC000015302099;Priority 3;NA
CNC;DCF;CNC;INC;OK;INC000015302428;Priority 3;NA
CNC;812;CNC;INC;OK;INC000015302749;Priority 4;NA
DBA;812;DBA;INC;OK;INC000015302984;Priority 4;NA
OPS;WS;TEC;HK;OK;INC000015303764;Priority 4;NA
FUN;MNT;FUN;INC;OK;INC000015303829;Priority 4;NA
FIN;812;FUN;INC;OK;INC000015304368;Priority 4;NA
FIN;DXE;FUN;INC;OK;INC000015304868;Priority 4;NA
FUN;812;FUN;INC;OK;INC000015304891;Priority 4;NA
L1;EDS;MON;SR;OK;INC000015305070;Priority 4;NA
FIN;812;FUN;INC;OK;INC000015305105;Priority 4;NA
FIN;812;FUN;INC;OK;INC000015305643;Priority 4;NA
TEC;DCF;TEC;INC;OK;INC000015305938;Priority 4;NA
FIN;812;FUN;INC;OK;INC000015306160;Priority 4;NA
FUN;BWI;FUN;INC;OK;INC000015306266;Priority 4;NA
L1;MNT;MON;SR;OK;INC000015306268;Priority 4;NA
FIN;812;FUN;CHG;OK;INC000015306297;Priority 4;NA
L1;MNT;MON;SR;OK;INC000015306366;Priority 4;NA
L1;812;MON;SR;OK;INC000015306435;Priority 4;NA
SCH;BWI;SCH;INC;OK;INC000015307331;Priority 4;NA
L1;BWI;L1 ;INC;OK;INC000015307454;Priority 4;NA
FUN;BWI;FUN;INC;OK;INC000015307524;Priority 4;NA
L1;BWI;L1 ;INC;OK;INC000015307821;Priority 4;NA
FIN;MNT;FUN;INC;Defect;INC000015308296;Priority 4;NA
FIN;812;FUN;INC;Defect;INC000015308334;Priority 4;NA
FUN;812;FUN;INC;OK;INC000015308524;Priority 4;NA
L1;BWI;L1 ;INC;OK;INC000015308723;Priority 4;NA
APS;EES;APS;INC;OK;INC000015308731;Priority 4;NA
L1;BWI;L1 ;INC;OK;INC000015308796;Priority 4;NA
DCF;DCF;FUN;INC;Defect;INC000015309094;Priority 4;NA
FUN;LAT;FUN;INC;OK;INC000015309149;Priority 4;NA
FUN;LAT;FUN;INC;OK;INC000015309204;Priority 4;NA
FUN;EDS;FUN;INC;OK;INC000015310969;Priority 4;NA
FIN;812;FUN;INC;OK;INC000015311031;Priority 4;NA
FUN;DXE;FUN;INC;OK;INC000015311160;Priority 4;NA
FIN;DCF;FUN;INC;OK;INC000015311419;Priority 4;NA
FIN;812;FUN;INC;OK;INC000015311672;Priority 4;NA
FUN;812;FUN;INC;OK;INC000015312176;Priority 4;NA
FUN;812;FUN;INC;OK;INC000015312571;Priority 4;NA
FUN;DXE;FUN;INC;Defect;INC000015312756;Priority 4;NA
CNC;812;CNC;INC;OK;INC000015312829;Priority 4;NA
FUN;812;FUN;INC;OK;INC000015312839;Priority 4;NA
FUN;LAT;FUN;INC;OK;INC000015313113;Priority 4;NA
FUN;812;FUN;INC;OK;INC000015313526;Priority 4;NA
FIN;812;FUN;INC;OK;INC000015313549;Priority 4;NA
FIN;LAT;FUN;INC;Defect;INC000015313939;Priority 4;NA
APS;EES;APS;INC;OK;INC000015314032;Priority 4;NA
FUN;LAT;FUN;INC;OK;INC000015314240;Priority 4;NA
FIN;812;FUN;INC;OK;INC000015314279;Priority 4;NA
L1;BWI;L1 ;INC;OK;INC000015314286;Priority 4;NA
APS;ETH;APS;INC;OK;INC000015314443;Priority 4;NA
FUN;812;FUN;INC;OK;INC000015314520;Priority 4;NA
FUN;BWI;FUN;INC;OK;INC000015314545;Priority 4;NA
FUN;ETH;FUN;INC;OK;INC000015314622;Priority 4;NA
FUN;BWI;FUN;INC;OK;INC000015314945;Priority 4;NA
FUN;DCF;SEC;SR;OK;INC000015315002;Priority 4;NA
FUN;BWI;FUN;INC;OK;INC000015315745;Priority 4;NA
L1;BWI;L1 ;INC;OK;INC000015315800;Priority 4;NA
L1;BWI;L1 ;INC;OK;INC000015316100;Priority 4;NA
APS;ETH;APS;INC;OK;INC000015316483;Priority 4;NA
FUN;812;FUN;INC;OK;INC000015316855;Priority 4;NA
L1;BWI;L1 ;INC;OK;INC000015316902;Priority 4;NA
FIN;812;FUN;INC;OK;INC000015317020;Priority 4;NA
L1;812;MON;SR;OK;INC000015317378;Priority 4;NA
FIN;812;FUN;INC;Defect;INC000015317576;Priority 4;NA
FUN;812;FUN;INC;OK;INC000015317583;Priority 4;NA
FIN;812;FUN;INC;OK;INC000015317909;Priority 4;NA
FIN;DCF;FUN;INC;OK;INC000015318303;Priority 4;NA
FUN;BWI;FUN;INC;OK;INC000015318453;Priority 4;NA
FUN;ETH;FUN;INC;OK;INC000015318468;Priority 4;NA
L1;MNT;MON;SR;OK;INC000015318539;Priority 4;NA
FUN;DXE;FUN;INC;OK;INC000015318836;Priority 4;NA
APS;EES;APS;INC;OK;INC000015319280;Priority 4;NA
CNC;EES;CNC;INC;OK;INC000015319652;Priority 4;NA
DBA;812;DBA;INC;OK;INC000015319701;Priority 4;NA
FIN;812;FUN;INC;OK;INC000015319987;Priority 4;NA
FUN;BWI;FUN;INC;OK;INC000015320029;Priority 4;NA
APS;ETH;APS;INC;OK;INC000015320316;Priority 4;NA
L1;BWI;L1 ;INC;OK;INC000015320484;Priority 4;NA
APS;ETH;APS;INC;OK;INC000015320555;Priority 4;NA
FUN;BWI;FUN;INC;OK;INC000015320841;Priority 4;NA
L1;BWI;L1 ;INC;OK;INC000015320917;Priority 4;NA
FUN;ETH;FUN;INC;OK;INC000015321132;Priority 4;NA
DCF;DCF;FUN;INC;OK;INC000015321261;Priority 4;NA
DBA;812;DBA;INC;OK;INC000015321690;Priority 4;NA
APS;ETH;APS;INC;OK;INC000015322143;Priority 4;NA
CNC;812;CNC;INC;OK;INC000015322785;Priority 4;NA
L1;812;MON;SR;OK;INC000015323105;Priority 4;NA
FUN;EDS;FUN;INC;OK;INC000015323363;Priority 4;NA
CNC;812;CNC;INC;OK;INC000015323845;Priority 4;NA
FUN;812;FUN;INC;OK;INC000015323971;Priority 4;NA
FUN;ETH;FUN;INC;OK;INC000015324534;Priority 4;NA
FUN;812;FUN;INC;OK;INC000015324610;Priority 4;NA
FUN;LAT;FUN;INC;OK;INC000015324881;Priority 4;NA
FUN;BWI;FUN;INC;OK;INC000015325024;Priority 4;NA
FUN;LAT;FUN;SR;OK;INC000015325102;Priority 4;NA
FIN;DXE;FUN;SR;OK;INC000015325244;Priority 4;NA
FIN;812;FUN;INC;OK;INC000015325329;Priority 4;NA
CNC;812;CNC;INC;OK;INC000015325865;Priority 4;NA
L1;BWI;L1 ;INC;OK;INC000015325873;Priority 4;NA
TEC;DCF;TEC;INC;OK;INC000015325919;Priority 4;NA
FIN;MNT;FUN;INC;OK;INC000015325978;Priority 4;NA
FUN;BWI;FUN;INC;OK;INC000015325996;Priority 4;NA
FIN;812;FUN;INC;OK;INC000015326000;Priority 4;NA
CNC;LAT;CNC;INC;OK;INC000015326053;Priority 4;NA
FUN;DXE;FUN;INC;OK;INC000015326060;Priority 4;NA
FUN;DCF;FUN;INC;OK;INC000015326633;Priority 4;NA
L1;BWI;L1 ;INC;OK;INC000015326757;Priority 4;NA
L1;MNT;MON;SR;OK;INC000015327054;Priority 4;NA
CNC;DCF;CNC;INC;OK;INC000015327514;Priority 4;NA
APS;DCF;APS;INC;OK;INC000015327802;Priority 4;NA
FUN;DCF;FUN;INC;OK;INC000015328661;Priority 3;NA
FUN;812;FUN;INC;OK;INC000015328701;Priority 3;NA
FIN;812;FUN;INC;OK;INC000015328720;Priority 4;NA
FUN;812;FUN;INC;OK;INC000015328731;Priority 3;NA
FIN;812;FUN;INC;OK;INC000015328785;Priority 4;NA
L1;BWI;L1 ;INC;OK;INC000015328789;Priority 4;NA
FIN;DCF;FUN;INC;OK;INC000015329006;Priority 3;NA
FUN;MNT;FUN;INC;OK;INC000015329203;Priority 3;NA
SEC;EMS;SEC;SR;OK;INC000015329332;Priority 3;NA
FUN;LAT;FUN;INC;OK;INC000015329689;Priority 3;NA
FUN;812;FUN;INC;OK;INC000015329844;Priority 3;NA
L1;812;MON;INC;OK;INC000015329896;Priority 4;NA
FUN;MNT;FUN;INC;OK;INC000015329906;Priority 3;NA
FUN;DCF;FUN;INC;OK;INC000015329926;Priority 4;NA
FUN;BWI;FUN;INC;OK;INC000015329937;Priority 4;NA
FIN;812;FUN;INC;OK;INC000015330131;Priority 3;NA
L1;BWI;SCH;INC;OK;INC000015330290;Priority 3;NA
FIN;812;FUN;INC;OK;INC000015330388;Priority 4;NA
FUN;DCF;SEC;SR;Defect;INC000015330558;Priority 3;NA
FIN;812;FUN;INC;OK;INC000015330609;Priority 4;NA
FIN;812;FUN;INC;OK;INC000015330697;Priority 4;NA
L1;BWI;L1 ;INC;OK;INC000015330890;Priority 3;NA
L1;BWI;L1 ;INC;OK;INC000015330897;Priority 3;NA
FUN;DXE;FUN;INC;OK;INC000015331018;Priority 4;NA
FUN;DCF;FUN;INC;OK;INC000015331125;Priority 4;NA
SCH;LAT;SCH;INC;OK;INC000015331210;Priority 4;NA
L1;MNT;MON;SR;OK;INC000015331227;Priority 4;NA
L1;BWI;L1 ;INC;OK;INC000015331514;Priority 3;NA
L1;BWI;L1 ;INC;OK;INC000015331782;Priority 3;NA
L1;BWI;L1 ;INC;OK;INC000015331879;Priority 3;NA
FUN;LAT;FUN;INC;OK;INC000015331880;Priority 3;NA
FUN;LAT;FUN;INC;OK;INC000015331982;Priority 4;NA
FUN;BWI;FUN;INC;OK;INC000015331999;Priority 4;NA
TEC;DCF;TEC;INC;OK;INC000015332005;Priority 3;NA
FIN;DCF;FUN;INC;OK;INC000015332315;Priority 4;NA
CNC;BWI;L1 ;INC;OK;INC000015332582;Priority 3;NA
FUN;BWI;FUN;INC;OK;INC000015332624;Priority 4;NA
CNC;BWI;L1 ;INC;OK;INC000015333050;Priority 3;NA
OPS;WS;MON;HK;OK;INC000015333086;Priority 3;NA
APS;DCF;APS;INC;OK;INC000015333182;Priority 4;NA
CNC;DCF;CNC;INC;OK;INC000015333516;Priority 4;NA
L1;BWI;L1 ;INC;OK;INC000015334085;Priority 3;NA
L1;BWI;L1 ;INC;OK;INC000015334090;Priority 3;NA
L1;BWI;L1 ;INC;OK;INC000015334224;Priority 3;NA
OPS;EDS;OPS;HK;OK;INC000015334263;Priority 3;NA
FUN;DCF;FUN;INC;OK;INC000015334381;Priority 3;NA
DBA;812;DBA;INC;OK;INC000015334436;Priority 4;NA
OPS;EDS;OPS;HK;OK;INC000015334716;Priority 3;NA
OPS;EDS;OPS;HK;OK;INC000015334720;Priority 3;NA
OPS;EDS;OPS;HK;OK;INC000015334879;Priority 3;NA
DBA;812;DBA;INC;OK;INC000015336376;Priority 4;NA
FUN;MNT;FUN;INC;OK;INC000015336445;Priority 4;NA
FUN;DCF;SEC;SR;Defect;INC000015336695;Priority 3;NA
CNC;DXE;CNC;INC;OK;INC000015337365;Priority 3;NA
FIN;812;FUN;SR;OK;INC000015337636;Priority 4;NA
CNC;812;CNC;INC;OK;INC000015337873;Priority 3;NA
FIN;DCF;FUN;INC;OK;INC000015338027;Priority 4;NA
FUN;DCF;FUN;INC;OK;INC000015338094;Priority 3;NA
FUN;812;FUN;INC;OK;INC000015338307;Priority 3;NA
FIN;812;FUN;INC;OK;INC000015338448;Priority 4;NA
FUN;812;FUN;INC;OK;INC000015338452;Priority 4;NA
FUN;DCF;FUN;INC;OK;INC000015338478;Priority 4;NA
FIN;812;FUN;INC;OK;INC000015338490;Priority 4;NA
FUN;812;FUN;INC;OK;INC000015338559;Priority 3;NA
FUN;812;FUN;INC;Defect;INC000015338574;Priority 4;NA
FUN;DXE;FUN;INC;OK;INC000015338752;Priority 4;NA
CNC;812;CNC;INC;OK;INC000015338770;Priority 4;NA
FUN;LAT;FUN;INC;OK;INC000015338945;Priority 3;NA
FUN;LAT;FUN;INC;OK;INC000015338987;Priority 4;NA
FUN;812;FUN;INC;OK;INC000015338992;Priority 3;NA
FUN;812;FUN;INC;OK;INC000015339063;Priority 4;NA
FUN;812;FUN;INC;OK;INC000015339275;Priority 4;NA
FIN;812;FUN;INC;OK;INC000015339300;Priority 4;NA
FUN;EDS;FUN;INC;OK;INC000015339304;Priority 4;NA
FUN;812;FUN;INC;OK;INC000015339309;Priority 4;NA
FUN;ETH;FUN;INC;OK;INC000015339447;Priority 3;NA
CNC;EES;CNC;INC;OK;INC000015339572;Priority 4;NA
DBA;812;DBA;INC;OK;INC000015339583;Priority 3;NA
FUN;LAT;FUN;INC;OK;INC000015339948;Priority 3;NA
FUN;BWI;FUN;INC;OK;INC000015339950;Priority 4;NA
FIN;812;FUN;INC;OK;INC000015339954;Priority 4;NA
FUN;812;FUN;INC;OK;INC000015340258;Priority 4;NA
FUN;DCF;FUN;INC;OK;INC000015340339;Priority 3;NA
FUN;LAT;FUN;INC;OK;INC000015340413;Priority 4;NA
FUN;LAT;FUN;INC;OK;INC000015340568;Priority 3;NA
FUN;812;FUN;INC;OK;INC000015340591;Priority 4;NA
FIN;812;FUN;INC;OK;INC000015340796;Priority 4;NA
FIN;LAT;FUN;INC;OK;INC000015341187;Priority 3;NA
TEC;DCF;TEC;INC;OK;INC000015341532;Priority 3;NA
CNC;EES;CNC;INC;OK;INC000015341689;Priority 4;NA
FUN;ETH;FUN;INC;OK;INC000015342717;Priority 4;NA
L1;BWI;L1 ;INC;OK;INC000015342734;Priority 3;NA
FUN;LAT;FUN;INC;OK;INC000015342986;Priority 3;NA
FUN;ETH;FUN;INC;OK;INC000015343107;Priority 3;NA
L1;BWI;L1 ;INC;OK;INC000015343179;Priority 4;NA
L1;BWI;L1 ;INC;OK;INC000015343194;Priority 4;NA
FUN;812;FUN;INC;OK;INC000015343223;Priority 3;NA
FUN;DCF;FUN;INC;OK;INC000015343268;Priority 3;NA
L1;BWI;L1 ;INC;OK;INC000015343369;Priority 3;NA
FUN;DCF;FUN;INC;OK;INC000015343528;Priority 3;NA
L1;BWI;L1 ;INC;OK;INC000015344003;Priority 4;NA
APS;DCF;APS;INC;OK;INC000015344175;Priority 4;NA
L1;DXE;MON;SR;OK;INC000015345260;Priority 4;NA
L1;BWI;L1 ;INC;OK;INC000015345402;Priority 4;NA
FIN;812;FUN;INC;OK;INC000015345453;Priority 4;NA
FUN;812;FUN;INC;OK;INC000015345502;Priority 4;NA
FIN;812;FUN;INC;Defect;INC000015345535;Priority 3;NA
FUN;DCF;FUN;INC;OK;INC000015345568;Priority 3;NA
FUN;812;FUN;INC;OK;INC000015345952;Priority 3;NA
FUN;ETH;FUN;INC;OK;INC000015345961;Priority 3;NA
CNC;812;CNC;INC;OK;INC000015345997;Priority 3;NA
TEC;WS;MON;INC;OK;INC000015346210;Priority 3;NA
TEC;DCF;TEC;INC;OK;INC000015346238;Priority 3;NA
APS;ETH;APS;INC;OK;INC000015346354;Priority 4;NA
FUN;ETH;FUN;INC;OK;INC000015346406;Priority 4;NA
FUN;812;FUN;INC;OK;INC000015346427;Priority 4;NA
FUN;DCF;FUN;INC;OK;INC000015346445;Priority 3;NA
FUN;BWI;FUN;INC;OK;INC000015346466;Priority 4;NA
FUN;ETH;FUN;INC;OK;INC000015346519;Priority 4;NA
FUN;DCF;FUN;INC;OK;INC000015346526;Priority 4;NA
FUN;EES;FUN;INC;OK;INC000015346770;Priority 4;NA
FUN;812;FUN;INC;OK;INC000015346962;Priority 4;NA
FIN;DCF;FUN;INC;OK;INC000015347075;Priority 4;NA
APS;LAT;FUN;SR;OK;INC000015347406;Priority 3;NA
L1;BWI;L1 ;INC;OK;INC000015347891;Priority 3;NA
FUN;EDS;FUN;INC;OK;INC000015347932;Priority 3;NA
FUN;LAT;FUN;INC;Defect;INC000015347952;Priority 3;NA
FUN;LAT;FUN;INC;OK;INC000015348324;Priority 3;NA
FUN;BWI;FUN;INC;OK;INC000015348325;Priority 3;NA
LEAD;DCF;FUN;SR;OK;INC000015348336;Priority 3;NA
L1;BWI;L1 ;INC;OK;INC000015348371;Priority 3;NA
FUN;BWI;FUN;INC;OK;INC000015349125;Priority 4;NA
L1;MNT;MON;SR;OK;INC000015349159;Priority 4;NA
FUN;BWI;FUN;INC;OK;INC000015349488;Priority 4;NA
FUN;812;FUN;INC;OK;INC000015349511;Priority 3;NA
FUN;MNT;FUN;INC;OK;INC000015349765;Priority 4;NA
FUN;MNT;FUN;INC;OK;INC000015349787;Priority 3;NA
FUN;MNT;FUN;INC;OK;INC000015349861;Priority 4;NA
DBA;812;DBA;INC;OK;INC000015349912;Priority 4;NA
FUN;MNT;FUN;INC;OK;INC000015349929;Priority 4;NA
OPS;EDS;OPS;HK;OK;INC000015350500;Priority 3;NA
APS;DCF;APS;INC;OK;INC000015350504;Priority 3;NA
FUN;812;FUN;INC;OK;INC000015351245;Priority 4;NA
OPS;EDS;OPS;HK;OK;INC000015351375;Priority 3;NA
FUN;WS;FUN;INC;OK;INC000015351553;Priority 3;NA
FUN;812;FUN;INC;OK;INC000015351880;Priority 4;NA
CNC;812;CNC;INC;OK;INC000015352225;Priority 4;NA
FIN;812;FUN;INC;OK;INC000015352407;Priority 4;NA
SEC;812;SEC;INC;OK;INC000015352503;Priority 3;NA
FIN;DXE;FUN;INC;OK;INC000015352544;Priority 4;NA
FUN;BWI;FUN;INC;OK;INC000015352843;Priority 4;NA
FIN;LAT;FUN;INC;OK;INC000015352888;Priority 4;NA
FIN;DCF;FUN;INC;OK;INC000015352983;Priority 4;NA
FUN;BWI;FUN;INC;OK;INC000015353255;Priority 3;NA
FUN;BWI;FUN;INC;OK;INC000015353289;Priority 4;NA
FIN;DCF;FUN;INC;OK;INC000015353443;Priority 3;NA
FUN;LAT;FUN;INC;OK;INC000015353592;Priority 3;NA
FUN;BWI;FUN;INC;OK;INC000015353623;Priority 4;NA
L1;812;MON;SR;OK;INC000015353712;Priority 3;NA
FIN;812;FUN;INC;OK;INC000015353899;Priority 4;NA
APS;LAT;FUN;SR;OK;INC000015353956;Priority 3;NA
APS;LAT;FUN;SR;OK;INC000015353980;Priority 3;NA
FIN;MNT;FUN;INC;OK;INC000015354065;Priority 4;NA
FUN;812;FUN;INC;OK;INC000015354217;Priority 3;NA
L1;MNT;MON;SR;OK;INC000015354327;Priority 4;NA
FIN;812;FUN;INC;OK;INC000015354352;Priority 3;NA
FUN;DCF;FUN;INC;OK;INC000015354415;Priority 3;NA
FUN;LAT;FUN;INC;OK;INC000015354599;Priority 4;NA
APS;EES;APS;INC;OK;INC000015355543;Priority 4;NA
FUN;812;FUN;INC;OK;INC000015355653;Priority 3;NA
L1;MNT;MON;SR;OK;INC000015355696;Priority 4;NA
LAT;LAT;FUN;INC;OK;INC000015355723;Priority 3;NA
FUN;LAT;FUN;INC;OK;INC000015355862;Priority 3;NA
FUN;MNT;FUN;INC;OK;INC000015355908;Priority 4;NA
FUN;LAT;FUN;INC;OK;INC000015355956;Priority 3;NA
DBA;812;DBA;INC;OK;INC000015355991;Priority 4;NA
FUN;ETH;FUN;INC;OK;INC000015356193;Priority 4;NA
L1;812;MON;SR;OK;INC000015357251;Priority 4;NA
FIN;812;FUN;INC;OK;INC000015357383;Priority 3;NA
FUN;DCF;FUN;INC;OK;INC000015357480;Priority 3;NA
APS;ETH;APS;INC;OK;INC000015357567;Priority 3;NA
FUN;WS;FUN;INC;OK;INC000015357698;Priority 4;NA
FUN;812;FUN;INC;OK;INC000015357828;Priority 3;NA
FUN;DCF;FUN;INC;OK;INC000015357833;Priority 3;NA
FIN;812;FUN;INC;OK;INC000015358095;Priority 4;NA
FIN;812;FUN;INC;OK;INC000015358541;Priority 4;NA
FUN;812;FUN;INC;OK;INC000015358785;Priority 4;NA
FIN;DXE;FUN;INC;OK;INC000015358850;Priority 4;NA
CNC;DCF;CNC;INC;OK;INC000015359086;Priority 2;NA
L1;812;MON;SR;OK;INC000015359112;Priority 3;NA
L1;812;MON;INC;OK;INC000015359165;Priority 4;NA
TEC;WS;TEC;HK;OK;INC000015359176;Priority 3;NA
CNC;BWI;CNC;INC;OK;INC000015359245;Priority 2;NA
FIN;812;FUN;INC;OK;INC000015359267;Priority 3;NA
FIN;812;FUN;INC;OK;INC000015359320;Priority 4;NA
FUN;BWI;FUN;INC;OK;INC000015359330;Priority 3;NA
FUN;DCF;FUN;INC;OK;INC000015359347;Priority 3;NA
APS;DCF;APS;INC;OK;INC000015359353;Priority 3;NA
FIN;812;FUN;INC;OK;INC000015359451;Priority 3;NA
FUN;LAT;FUN;INC;OK;INC000015359521;Priority 4;NA
CNC;BWI;CNC;INC;OK;INC000015359582;Priority 3;NA
FUN;DCF;FUN;SR;OK;INC000015359690;Priority 3;NA
FUN;812;FUN;INC;OK;INC000015359731;Priority 3;NA
FUN;812;FUN;INC;OK;INC000015359733;Priority 3;NA
FUN;812;FUN;INC;OK;INC000015359936;Priority 4;NA
TEC;DCF;TEC;INC;OK;INC000015360068;Priority 4;NA
FIN;812;FUN;INC;OK;INC000015360269;Priority 4;NA
SCH;BWI;SCH;INC;OK;INC000015360460;Priority 4;NA
FUN;BWI;FUN;INC;OK;INC000015360685;Priority 3;NA
FUN;LAT;FUN;INC;OK;INC000015360942;Priority 3;NA
L1;BWI;L1 ;INC;OK;INC000015361262;Priority 3;NA
L1;BWI;L1 ;INC;OK;INC000015361474;Priority 4;NA
APS;LAT;FUN;SR;OK;INC000015361539;Priority 4;NA
FIN;DXE;FUN;INC;OK;INC000015361636;Priority 4;NA
L1;BWI;L1 ;INC;OK;INC000015362040;Priority 3;NA
FUN;ETH;FUN;INC;OK;INC000015362064;Priority 4;NA
FUN;LAT;FUN;INC;OK;INC000015362217;Priority 4;NA
OPS;EDS;OPS;HK;OK;INC000015362627;Priority 3;NA
FUN;BWI;FUN;INC;OK;INC000015362642;Priority 4;NA
FIN;812;FUN;INC;OK;INC000015363087;Priority 4;NA
FUN;MNT;FUN;INC;OK;INC000015363352;Priority 3;NA
DCF;DCF;FUN;INC;OK;INC000015363406;Priority 3;NA
FUN;812;FUN;INC;OK;INC000015363418;Priority 4;NA
FIN;812;FUN;INC;OK;INC000015363432;Priority 4;NA
FIN;812;FUN;INC;OK;INC000015363495;Priority 4;NA
FIN;812;FUN;INC;OK;INC000015363643;Priority 4;NA
CNC;DPY;CNC;INC;OK;INC000015363860;Priority 4;NA
FIN;812;FUN;INC;Defect;INC000015363877;Priority 4;NA
FIN;DCF;FUN;INC;OK;INC000015363974;Priority 4;NA
FUN;812;FUN;INC;OK;INC000015364028;Priority 3;NA
FIN;DCF;FUN;INC;OK;INC000015364093;Priority 3;NA
SEC;MNT;SEC;INC;OK;INC000015364147;Priority 3;NA
FUN;812;FUN;INC;OK;INC000015364148;Priority 3;NA
FIN;812;FUN;INC;OK;INC000015364198;Priority 3;NA
FIN;812;FUN;INC;OK;INC000015364243;Priority 3;NA
FIN;DXE;FUN;SR;OK;INC000015364518;Priority 3;NA
FIN;812;FUN;INC;OK;INC000015364526;Priority 4;NA
FUN;ETH;FUN;INC;OK;INC000015364619;Priority 3;NA
FUN;812;FUN;INC;OK;INC000015364658;Priority 3;NA
CNC;812;CNC;INC;OK;INC000015364709;Priority 3;NA
FIN;812;FUN;INC;OK;INC000015364826;Priority 4;NA
FUN;BWI;FUN;INC;OK;INC000015364828;Priority 4;NA
FUN;LAT;FUN;INC;OK;INC000015364839;Priority 3;NA
FUN;812;FUN;INC;OK;INC000015364971;Priority 4;NA
FUN;ETH;FUN;INC;OK;INC000015365032;Priority 3;NA
FUN;DCF;FUN;SR;OK;INC000015365356;Priority 4;NA
FUN;ETH;FUN;INC;OK;INC000015365570;Priority 4;NA
FIN;812;FUN;INC;OK;INC000015365574;Priority 4;NA
FIN;812;FUN;INC;OK;INC000015365597;Priority 3;NA
FIN;DCF;FUN;INC;OK;INC000015365705;Priority 4;NA
FIN;DCF;FUN;INC;OK;INC000015365710;Priority 4;NA
FUN;812;FUN;INC;OK;INC000015365736;Priority 4;NA
L1;MNT;MON;SR;OK;INC000015365945;Priority 3;NA
FUN;ETH;FUN;INC;OK;INC000015365964;Priority 4;NA
FUN;812;FUN;INC;OK;INC000015365986;Priority 4;NA
DCF;DCF;FUN;SR;OK;INC000015366157;Priority 3;NA
FIN;DCF;FUN;INC;OK;INC000015366271;Priority 4;NA
FUN;812;FUN;INC;OK;INC000015366316;Priority 3;NA
FUN;BWI;FUN;INC;OK;INC000015366367;Priority 4;NA
TEC;DCF;TEC;INC;OK;INC000015366707;Priority 3;NA
FUN;BWI;FUN;INC;OK;INC000015366905;Priority 3;NA
LAT;LAT;FUN;INC;Defect;INC000015367631;Priority 3;NA
FUN;DCF;FUN;INC;OK;INC000015367841;Priority 4;NA
FIN;812;FUN;INC;OK;INC000015368037;Priority 4;NA
FUN;812;FUN;INC;OK;INC000015368042;Priority 4;NA
FIN;812;FUN;INC;OK;INC000015368084;Priority 3;NA
FIN;812;FUN;INC;OK;INC000015368107;Priority 3;NA
FIN;812;FUN;INC;OK;INC000015368134;Priority 3;NA
L1;BWI;L1 ;INC;OK;INC000015368159;Priority 4;NA
L1;BWI;L1 ;INC;OK;INC000015368166;Priority 4;NA
FIN;812;FUN;INC;OK;INC000015368170;Priority 3;NA
FIN;812;FUN;INC;OK;INC000015368246;Priority 3;NA
FIN;812;FUN;INC;OK;INC000015368269;Priority 3;NA
FIN;812;FUN;INC;OK;INC000015368309;Priority 3;NA
FIN;812;FUN;INC;OK;INC000015368331;Priority 4;NA
DBA;812;DBA;INC;OK;INC000015368715;Priority 4;NA
FUN;DCF;SEC;SR;OK;INC000015368803;Priority 4;NA
OPS;EDS;OPS;HK;OK;INC000015368956;Priority 4;NA
OPS;EDS;OPS;HK;OK;INC000015368960;Priority 4;NA
OPS;EDS;OPS;HK;OK;INC000015368966;Priority 4;NA
OPS;EMS;OPS;HK;OK;INC000015369028;Priority 4;NA
CNC;ETH;CNC;INC;OK;INC000015369439;Priority 4;NA
OPS;EMS;OPS;HK;OK;INC000015369513;Priority 3;NA
FUN;MNT;FUN;INC;OK;INC000015369538;Priority 3;NA
FUN;ETH;FUN;INC;OK;INC000015369572;Priority 4;NA
FUN;MNT;FUN;INC;OK;INC000015369606;Priority 4;NA
FUN;BWI;FUN;INC;OK;INC000015369710;Priority 4;NA
FUN;MNT;FUN;INC;OK;INC000015369729;Priority 4;NA
FUN;MNT;FUN;INC;OK;INC000015369772;Priority 4;NA
FUN;MNT;FUN;INC;OK;INC000015369793;Priority 4;NA
FUN;MNT;FUN;INC;OK;INC000015369813;Priority 4;NA
FUN;MNT;FUN;INC;OK;INC000015369828;Priority 4;NA
FUN;MNT;FUN;INC;OK;INC000015369870;Priority 4;NA
FUN;MNT;FUN;INC;OK;INC000015369894;Priority 4;NA
FUN;MNT;FUN;INC;OK;INC000015369924;Priority 4;NA
CNC;812;CNC;INC;OK;INC000015369966;Priority 4;NA
OPS;EDS;OPS;HK;OK;INC000015369986;Priority 3;NA
DBA;812;DBA;INC;OK;INC000015369992;Priority 4;NA
CNC;BWI;CNC;INC;OK;INC000015370067;Priority 4;NA
OPS;EMS;OPS;HK;OK;INC000015370096;Priority 3;NA
CNC;812;CNC;INC;OK;INC000015370181;Priority 4;NA
CNC;DPY;CNC;INC;OK;INC000015370238;Priority 4;NA
CNC;812;CNC;INC;OK;INC000015370650;Priority 4;NA
CNC;DCF;CNC;INC;OK;INC000015370688;Priority 4;NA
CNC;LAT;CNC;INC;OK;INC000015370723;Priority 4;NA
OPS;EDS;OPS;HK;OK;INC000015370729;Priority 4;NA
CNC;LAT;CNC;INC;OK;INC000015371002;Priority 4;NA
FUN;DCF;FUN;INC;OK;INC000015371208;Priority 3;NA
FUN;812;FUN;INC;OK;INC000015371387;Priority 4;NA
FUN;812;FUN;INC;OK;INC000015371580;Priority 4;NA
FUN;812;FUN;INC;OK;INC000015371767;Priority 4;NA
FIN;812;FUN;INC;OK;INC000015371850;Priority 4;NA
FUN;DCF;FUN;INC;OK;INC000015372270;Priority 4;NA
FUN;DCF;FUN;INC;OK;INC000015372277;Priority 3;NA
FIN;DXE;FUN;INC;OK;INC000015372324;Priority 3;NA
FUN;EDS;FUN;INC;OK;INC000015372457;Priority 3;NA
FUN;EMS;FUN;INC;OK;INC000015372528;Priority 3;NA
FUN;EMS;FUN;INC;OK;INC000015372562;Priority 4;NA
FIN;812;FUN;INC;OK;INC000015372618;Priority 4;NA
FUN;COR;FUN;INC;OK;INC000015372707;Priority 3;NA
FUN;EDS;FUN;INC;OK;INC000015372818;Priority 3;NA
FIN;812;FUN;INC;OK;INC000015372837;Priority 4;NA
FUN;812;FUN;INC;OK;INC000015372910;Priority 3;NA
APS;ETH;APS;INC;OK;INC000015372912;Priority 3;NA
FUN;DCF;FUN;INC;OK;INC000015372947;Priority 3;NA
L1;812;MON;SR;OK;INC000015372960;Priority 4;NA
CNC;BWI;CNC;INC;OK;INC000015372993;Priority 4;NA
FUN;BWI;FUN;INC;OK;INC000015373067;Priority 4;NA
FIN;812;FUN;INC;Defect;INC000015373134;Priority 4;NA
CNC;EES;CNC;INC;OK;INC000015373199;Priority 4;NA
SEC;WS;SEC;SR;OK;INC000015373249;Priority 3;NA
TEC;DCF;TEC;INC;OK;INC000015373252;Priority 3;NA
FUN;LAT;FUN;INC;OK;INC000015373347;Priority 4;NA
FUN;812;FUN;INC;OK;INC000015373358;Priority 4;NA
FUN;DCF;FUN;SR;OK;INC000015373377;Priority 3;NA
L1;BWI;L1 ;INC;OK;INC000015373468;Priority 3;NA
FUN;812;FUN;INC;OK;INC000015373626;Priority 4;NA
FUN;LAT;FUN;SR;OK;INC000015373654;Priority 3;NA
CNC;EES;CNC;INC;OK;INC000015373771;Priority 4;NA
L1;812;MON;SR;OK;INC000015373780;Priority 3;NA
FUN;812;FUN;INC;OK;INC000015373812;Priority 4;NA
FUN;EES;FUN;INC;OK;INC000015373875;Priority 4;NA
TEC;DCF;TEC;INC;OK;INC000015374115;Priority 4;NA
FUN;LAT;FUN;INC;OK;INC000015374234;Priority 3;NA
FIN;812;FUN;INC;OK;INC000015374247;Priority 4;NA
CNC;BWI;CNC;INC;OK;INC000015374365;Priority 4;NA
L1;BWI;L1 ;INC;OK;INC000015374496;Priority 3;NA
L1;BWI;L1 ;INC;OK;INC000015374510;Priority 3;NA
FUN;BWI;FUN;INC;OK;INC000015374582;Priority 4;NA
FUN;LAT;FUN;INC;OK;INC000015374625;Priority 3;NA
DCF;DCF;FUN;INC;OK;INC000015374676;Priority 3;NA
FUN;MNT;FUN;INC;OK;INC000015374721;Priority 4;NA
L1;BWI;L1 ;INC;OK;INC000015374724;Priority 3;NA
FUN;MNT;FUN;INC;OK;INC000015374737;Priority 4;NA
CNC;ETH;L1 ;INC;OK;INC000015374746;Priority 4;NA
FUN;MNT;FUN;INC;OK;INC000015374754;Priority 4;NA
DCF;DCF;FUN;INC;Defect;INC000015374813;Priority 3;NA
OPS;EMS;OPS;HK;OK;INC000015375092;Priority 3;NA
CNC;EES;CNC;INC;OK;INC000015375738;Priority 3;NA
FUN;812;FUN;INC;OK;INC000015376046;Priority 3;NA
FIN;812;FUN;INC;OK;INC000015376102;Priority 4;NA
FUN;812;FUN;INC;OK;INC000015376123;Priority 3;NA
L1;812;MON;SR;OK;INC000015376245;Priority 4;NA
FUN;812;FUN;INC;OK;INC000015376380;Priority 4;NA
FUN;DCF;FUN;INC;OK;INC000015376604;Priority 3;NA
CNC;ETH;CNC;INC;OK;INC000015376719;Priority 4;NA
FUN;DCF;FUN;INC;OK;INC000015376893;Priority 4;NA
FIN;812;FUN;INC;OK;INC000015377238;Priority 4;NA
CNC;812;CNC;INC;OK;INC000015377245;Priority 3;NA
FUN;812;FUN;INC;OK;INC000015377342;Priority 4;NA
TEC;DCF;TEC;INC;OK;INC000015377472;Priority 3;NA
FUN;DCF;FUN;INC;OK;INC000015377607;Priority 3;NA
TEC;DCF;TEC;INC;OK;INC000015377905;Priority 3;NA
FIN;DCF;FUN;SR;OK;INC000015377954;Priority 3;NA
FUN;812;FUN;INC;OK;INC000015378351;Priority 3;NA
FIN;BWI;FUN;INC;OK;INC000015378369;Priority 4;NA
TEC;DCF;TEC;INC;OK;INC000015378381;Priority 3;NA
FUN;812;FUN;INC;OK;INC000015378676;Priority 4;NA
DCF;DCF;FUN;INC;OK;INC000015378684;Priority 3;NA
FUN;DCF;FUN;INC;OK;INC000015379294;Priority 4;NA
CNC;812;CNC;INC;OK;INC000015380011;Priority 2;NA
L1;BWI;L1 ;INC;OK;INC000015380760;Priority 3;NA
APS;LAT;FUN;SR;OK;INC000015380936;Priority 4;NA
L1;BWI;L1 ;INC;OK;INC000015380948;Priority 3;NA
L1;BWI;L1 ;INC;OK;INC000015380970;Priority 3;NA
FUN;LAT;FUN;SR;OK;INC000015381214;Priority 4;NA
L1;BWI;L1 ;INC;OK;INC000015381226;Priority 3;NA
OPS;EMS;OPS;HK;OK;INC000015381316;Priority 4;NA
OPS;EDS;OPS;HK;OK;INC000015381811;Priority 3;NA
FUN;DCF;SEC;SR;OK;INC000015381872;Priority 3;NA
TEC;DCF;TEC;INC;OK;INC000015381889;Priority 3;NA
FUN;812;FUN;INC;OK;INC000015381974;Priority 4;NA
FUN;812;FUN;INC;OK;INC000015381975;Priority 4;NA
FIN;812;FUN;INC;OK;INC000015381990;Priority 4;NA
FUN;DCF;FUN;SR;OK;INC000015382204;Priority 3;NA
APS;DCF;APS;INC;OK;INC000015382764;Priority 4;NA
FUN;812;FUN;INC;OK;INC000015382853;Priority 4;NA
FUN;DCF;FUN;INC;OK;INC000015383107;Priority 3;NA
FIN;DCF;FUN;INC;OK;INC000015383125;Priority 4;NA
FIN;812;FUN;INC;OK;INC000015383181;Priority 4;NA
FUN;812;FUN;INC;OK;INC000015383184;Priority 3;NA
FUN;EDS;FUN;INC;OK;INC000015383228;Priority 4;NA
FUN;DXE;FUN;INC;OK;INC000015383283;Priority 4;NA
SEC;EES;FUN;INC;OK;INC000015383643;Priority 2;NA
FUN;BWI;FUN;INC;OK;INC000015383859;Priority 4;NA
FUN;BWI;FUN;INC;OK;INC000015384131;Priority 3;NA
APS;EES;APS;INC;OK;INC000015384148;Priority 4;NA
FIN;812;FUN;INC;OK;INC000015384247;Priority 4;NA
FIN;BWI;FUN;INC;OK;INC000015384332;Priority 4;NA
FIN;812;FUN;INC;OK;INC000015384403;Priority 3;NA
L1;BWI;L1 ;INC;OK;INC000015384656;Priority 3;NA
DBA;812;DBA;INC;OK;INC000015384797;Priority 4;NA
TEC;DCF;TEC;INC;OK;INC000015385184;Priority 4;NA
L1;BWI;L1 ;INC;OK;INC000015385422;Priority 3;NA
CNC;LAT;CNC;SR;OK;INC000015385447;Priority 3;NA
FUN;BWI;FUN;INC;OK;INC000015386185;Priority 3;NA
FUN;BWI;FUN;INC;OK;INC000015386212;Priority 3;NA
FUN;BWI;FUN;INC;OK;INC000015386486;Priority 3;NA
L1;BWI;L1 ;INC;OK;INC000015386595;Priority 4;NA
L1;BWI;L1 ;INC;OK;INC000015386664;Priority 3;NA
L1;BWI;L1 ;INC;OK;INC000015386805;Priority 3;NA
FUN;ETH;FUN;INC;OK;INC000015386921;Priority 2;NA
FIN;DCF;FUN;INC;OK;INC000015386930;Priority 4;NA
DCF;DCF;FUN;INC;OK;INC000015387068;Priority 3;NA
FUN;812;FUN;INC;OK;INC000015387143;Priority 4;NA
L1;BWI;L1 ;INC;OK;INC000015387151;Priority 3;NA
MNT;MNT;FUN;INC;OK;INC000015387197;Priority 4;NA
FUN;BWI;FUN;INC;OK;INC000015387234;Priority 3;NA
FUN;LAT;FUN;INC;OK;INC000015387346;Priority 3;NA
FUN;LAT;FUN;INC;OK;INC000015387412;Priority 3;NA
FUN;LAT;FUN;INC;OK;INC000015387422;Priority 4;NA
DCF;DCF;FUN;INC;OK;INC000015387549;Priority 4;NA
L1;BWI;L1 ;INC;OK;INC000015387658;Priority 3;NA
L1;BWI;L1 ;INC;OK;INC000015387817;Priority 3;NA
L1;LFS;CNC;INC;OK;INC000015388263;Priority 4;NA
FUN;EMS;FUN;INC;OK;INC000015388282;Priority 4;NA
FUN;812;FUN;INC;OK;INC000015388464;Priority 4;NA
CNC;LFS;CNC;INC;OK;INC000015388478;Priority 3;NA
FUN;812;FUN;INC;OK;INC000015388822;Priority 3;NA
DBA;812;DBA;INC;OK;INC000015388871;Priority 4;NA
CNC;ETH;CNC;INC;OK;INC000015389218;Priority 4;NA
FIN;DCF;FUN;INC;OK;INC000015389220;Priority 3;NA
APS;ETH;APS;INC;OK;INC000015389334;Priority 4;NA
FIN;812;FUN;INC;OK;INC000015389519;Priority 4;NA
CNC;BWI;L1 ;INC;OK;INC000015389543;Priority 3;NA
CNC;DCF;CNC;INC;OK;INC000015389683;Priority 3;NA
FIN;812;FUN;INC;OK;INC000015389798;Priority 4;NA
FIN;812;FUN;INC;OK;INC000015389835;Priority 4;NA
FUN;DCF;FUN;INC;OK;INC000015390156;Priority 3;NA
FUN;DCF;FUN;INC;OK;INC000015390212;Priority 3;NA
FUN;812;FUN;INC;OK;INC000015390343;Priority 4;NA
APS;ETH;APS;INC;OK;INC000015390346;Priority 3;NA
L1;812;MON;SR;OK;INC000015390448;Priority 3;NA
CNC;ETH;CNC;INC;OK;INC000015390484;Priority 3;NA
FIN;812;FUN;INC;OK;INC000015390519;Priority 4;NA
FIN;812;FUN;INC;OK;INC000015390564;Priority 4;NA
FIN;812;FUN;INC;OK;INC000015390627;Priority 4;NA
SCH;DXE;SCH;SR;OK;INC000015390633;Priority 3;NA
FIN;812;FUN;INC;OK;INC000015390692;Priority 3;NA
FUN;DCF;FUN;SR;OK;INC000015390872;Priority 4;NA
FIN;812;FUN;INC;OK;INC000015390879;Priority 3;NA
CNC;DCF;CNC;INC;OK;INC000015390894;Priority 3;NA
L1;BWI;L1 ;INC;OK;INC000015391411;Priority 4;NA
APS;LAT;FUN;SR;OK;INC000015391500;Priority 4;NA
FUN;ETH;FUN;INC;OK;INC000015391867;Priority 4;NA
APS;ETH;APS;INC;OK;INC000015391949;Priority 4;NA
L1;BWI;L1 ;INC;OK;INC000015392016;Priority 4;NA
APS;ETH;APS;INC;OK;INC000015392260;Priority 3;NA
FUN;BWI;FUN;SR;OK;INC000015392362;Priority 4;NA
L1;MNT;MON;SR;OK;INC000015393147;Priority 4;NA
OPS;EMS;OPS;HK;OK;INC000015393283;Priority 3;NA
L1;BWI;L1 ;INC;OK;INC000015393299;Priority 3;NA
L1;BWI;L1 ;INC;OK;INC000015393303;Priority 3;NA
FUN;LAT;FUN;INC;OK;INC000015393386;Priority 4;NA
APS;DCF;APS;INC;OK;INC000015393739;Priority 3;NA
OPS;EDS;OPS;HK;OK;INC000015393851;Priority 3;NA
OPS;EDS;OPS;HK;OK;INC000015393857;Priority 4;NA
CNC;DPY;CNC;INC;OK;INC000015394112;Priority 4;NA
FUN;812;FUN;INC;OK;INC000015394151;Priority 4;NA
FIN;812;FUN;INC;OK;INC000015394253;Priority 4;NA
L1;BWI;L1 ;INC;OK;INC000015394276;Priority 4;NA
L1;812;MON;SR;OK;INC000015394278;Priority 4;NA
FIN;DCF;FUN;INC;OK;INC000015394287;Priority 4;NA
FUN;EDS;FUN;INC;OK;INC000015394510;Priority 4;NA
FIN;DCF;FUN;INC;OK;INC000015394667;Priority 4;NA
FIN;812;FUN;INC;OK;INC000015394817;Priority 4;NA
FUN;812;FUN;INC;OK;INC000015395010;Priority 4;NA
FUN;EDS;FUN;INC;OK;INC000015395101;Priority 4;NA
FUN;812;FUN;INC;OK;INC000015395149;Priority 3;NA
FIN;812;FUN;INC;OK;INC000015395279;Priority 4;NA
FUN;812;FUN;INC;OK;INC000015395323;Priority 4;NA
FUN;BWI;FUN;INC;OK;INC000015395638;Priority 4;NA
SEC;SYN;SEC;INC;OK;INC000015396066;Priority 3;NA
FUN;812;FUN;INC;OK;INC000015396079;Priority 4;NA
L1;BWI;L1 ;INC;OK;INC000015396462;Priority 4;NA
L1;BWI;L1 ;INC;OK;INC000015396683;Priority 4;NA
CNC;ETH;CNC;INC;OK;INC000015397281;Priority 3;NA
L1;BWI;L1 ;INC;OK;INC000015397353;Priority 4;NA
L1;MNT;MON;SR;OK;INC000015397373;Priority 4;NA
L1;BWI;L1 ;INC;OK;INC000015397454;Priority 4;NA
L1;MNT;MON;SR;OK;INC000015397967;Priority 4;NA
FUN;EES;FUN;INC;OK;INC000015397999;Priority 4;NA
APS;LAT;FUN;SR;OK;INC000015398036;Priority 4;NA
CNC;BWI;CNC;INC;OK;INC000015398224;Priority 4;NA
APS;DCF;APS;INC;OK;INC000015398555;Priority 4;NA
L1;MNT;MON;SR;OK;INC000015398567;Priority 4;NA
OPS;EMS;OPS;HK;OK;INC000015398572;Priority 3;NA
FUN;DCF;FUN;INC;OK;INC000015399386;Priority 3;NA
OPS;EDS;OPS;HK;OK;INC000015399842;Priority 4;NA
OPS;EDS;OPS;HK;OK;INC000015399844;Priority 4;NA
OPS;EDS;OPS;HK;OK;INC000015399852;Priority 4;NA
OPS;EDS;OPS;HK;OK;INC000015399856;Priority 4;NA
FUN;DCF;FUN;INC;OK;INC000015399904;Priority 3;NA
OPS;EMS;OPS;HK;OK;INC000015399914;Priority 4;NA
SEC;EMS;SEC;INC;OK;INC000015400528;Priority 3;NA
CNC;812;CNC;INC;OK;INC000015400565;Priority 2;NA
CNC;LAT;CNC;INC;OK;INC000015400610;Priority 4;NA
CNC;DPY;CNC;INC;OK;INC000015400883;Priority 3;NA
OPS;EDS;OPS;HK;OK;INC000015400953;Priority 3;NA
FUN;MNT;FUN;INC;OK;INC000015400997;Priority 4;NA
FUN;ETH;FUN;INC;OK;INC000015401824;Priority 3;NA
APS;ETH;APS;INC;OK;INC000015402421;Priority 3;NA
FIN;DCF;FUN;INC;OK;INC000015402659;Priority 4;NA
FUN;812;FUN;INC;OK;INC000015402691;Priority 3;NA
DBA;812;DBA;INC;OK;INC000015402718;Priority 4;NA
FIN;812;FUN;INC;OK;INC000015403035;Priority 4;NA
FUN;DCF;FUN;SR;OK;INC000015403047;Priority 3;NA
FUN;DCF;FUN;INC;OK;INC000015403061;Priority 3;NA
SCH;LAT;SCH;INC;OK;INC000015403066;Priority 4;NA
SCH;LAT;SCH;INC;OK;INC000015403067;Priority 4;NA
FIN;812;FUN;INC;OK;INC000015403074;Priority 4;NA
FUN;DCF;FUN;INC;OK;INC000015403250;Priority 3;NA
FUN;812;FUN;INC;OK;INC000015403270;Priority 3;NA
FIN;812;FUN;INC;OK;INC000015403579;Priority 4;NA
CNC;BWI;L1 ;INC;OK;INC000015403581;Priority 4;NA
SEC;SYN;SEC;INC;OK;INC000015403886;Priority 3;NA
L1;812;MON;SR;OK;INC000015404021;Priority 4;NA
FIN;812;FUN;INC;OK;INC000015404049;Priority 4;NA
SEC;SYN;SEC;INC;OK;INC000015404103;Priority 4;NA
FUN;ETH;FUN;INC;OK;INC000015404111;Priority 4;NA
FUN;ETH;FUN;INC;OK;INC000015404137;Priority 4;NA
CNC;EMS;OPS;INC;OK;INC000015404328;Priority 3;NA
FUN;BWI;FUN;INC;OK;INC000015404351;Priority 4;NA
FUN;BWI;FUN;INC;OK;INC000015404380;Priority 4;NA
TEC;DCF;TEC;INC;OK;INC000015404485;Priority 3;NA
FUN;LAT;FUN;INC;OK;INC000015404628;Priority 3;NA
FUN;BWI;FUN;INC;OK;INC000015404820;Priority 3;NA
SEC;SYN;SEC;INC;OK;INC000015404852;Priority 4;NA
FUN;ETH;FUN;INC;OK;INC000015404878;Priority 3;NA
FIN;812;FUN;INC;OK;INC000015405030;Priority 4;NA
CNC;ETH;CNC;INC;OK;INC000015405156;Priority 3;NA
FIN;DXE;FUN;INC;OK;INC000015405241;Priority 4;NA
SEC;SYN;SEC;INC;OK;INC000015405511;Priority 4;NA
FUN;BWI;FUN;INC;OK;INC000015405515;Priority 4;NA
L1;BWI;L1 ;INC;OK;INC000015405588;Priority 3;NA
DCF;DCF;FUN;INC;OK;INC000015405955;Priority 3;NA
SEC;SYN;SEC;INC;OK;INC000015406001;Priority 4;NA
APS;LAT;FUN;SR;OK;INC000015406013;Priority 4;NA
L1;MNT;MON;SR;OK;INC000015406128;Priority 3;NA
FUN;LAT;FUN;INC;OK;INC000015406200;Priority 3;NA
FUN;BWI;FUN;INC;OK;INC000015406299;Priority 4;NA
SEC;SYN;SEC;INC;OK;INC000015406335;Priority 4;NA
FUN;LAT;FUN;INC;OK;INC000015406340;Priority 3;NA
L1;BWI;L1 ;INC;OK;INC000015406351;Priority 3;NA
FUN;LAT;FUN;INC;OK;INC000015406540;Priority 3;NA
L1;BWI;L1 ;INC;OK;INC000015407012;Priority 3;NA
CNC;ETH;CNC;INC;OK;INC000015407106;Priority 3;NA
L1;MNT;MON;SR;OK;INC000015407272;Priority 3;NA
L1;BWI;L1 ;INC;OK;INC000015407496;Priority 3;NA
CNC;OCD;CNC;INC;OK;INC000015407776;Priority 3;NA
L1;812;MON;SR;OK;INC000015407843;Priority 3;NA
FUN;BWI;FUN;INC;OK;INC000015408189;Priority 3;NA
L1;BWI;L1 ;INC;OK;INC000015408214;Priority 3;NA
L1;BWI;L1 ;INC;OK;INC000015408525;Priority 3;NA
FUN;DCF;FUN;INC;OK;INC000015409194;Priority 3;NA
FUN;DCF;FUN;INC;OK;INC000015409249;Priority 3;NA
SCH;812;SCH;INC;OK;INC000015409297;Priority 3;NA
CNC;LAT;CNC;INC;OK;INC000015409315;Priority 3;NA
FIN;DCF;FUN;INC;OK;INC000015409471;Priority 4;NA
FUN;DCF;FUN;SR;OK;INC000015409575;Priority 3;NA
FUN;DCF;FUN;INC;OK;INC000015409667;Priority 3;NA
FIN;812;FUN;INC;OK;INC000015409910;Priority 4;NA
OPS;EDS;OPS;HK;OK;INC000015410142;Priority 4;NA
L1;BWI;L1 ;INC;OK;INC000015410716;Priority 4;NA
FUN;DCF;FUN;INC;OK;INC000015410718;Priority 3;NA
FUN;DXE;FUN;INC;OK;INC000015411040;Priority 4;NA
SEC;SYN;SEC;INC;OK;INC000015411121;Priority 4;NA
FUN;DCF;FUN;INC;OK;INC000015411324;Priority 3;NA
OPS;EDS;OPS;HK;OK;INC000015411423;Priority 3;NA
L1;BWI;L1 ;INC;OK;INC000015411495;Priority 4;NA
SEC;SYN;SEC;INC;OK;INC000015411502;Priority 4;NA
SEC;CAN;SEC;INC;OK;INC000015411506;Priority 4;NA
L1;BWI;L1 ;INC;OK;INC000015411520;Priority 4;NA
FUN;BWI;FUN;INC;OK;INC000015411563;Priority 4;NA
L1;BWI;L1 ;INC;OK;INC000015411595;Priority 4;NA
L1;BWI;L1 ;INC;OK;INC000015411833;Priority 4;NA
L1;BWI;L1 ;INC;OK;INC000015412114;Priority 4;NA
L1;BWI;L1 ;INC;OK;INC000015412145;Priority 4;NA
FUN;BWI;FUN;INC;OK;INC000015412177;Priority 4;NA
TEC;DCF;TEC;INC;OK;INC000015412382;Priority 3;NA
L1;BWI;L1 ;INC;OK;INC000015412439;Priority 3;NA
SEC;SYN;SEC;INC;OK;INC000015412460;Priority 3;NA
L1;BWI;L1 ;INC;OK;INC000015412468;Priority 3;NA
L1;BWI;L1 ;INC;OK;INC000015412505;Priority 3;NA
L1;BWI;L1 ;INC;OK;INC000015412670;Priority 4;NA
L1;BWI;L1 ;INC;OK;INC000015413377;Priority 3;NA
CNC;EES;CNC;INC;OK;INC000015413523;Priority 3;NA
L1;BWI;L1 ;INC;OK;INC000015413638;Priority 3;NA
OPS;EMS;OPS;HK;OK;INC000015413908;Priority 3;NA
DBA;812;DBA;INC;OK;INC000015413945;Priority 4;NA
OPS;EDS;OPS;HK;OK;INC000015414460;Priority 4;NA
L1;BWI;L1 ;INC;OK;INC000015414463;Priority 3;NA
FUN;812;FUN;INC;OK;INC000015415171;Priority 4;NA
L1;BWI;L1 ;INC;OK;INC000015415225;Priority 3;NA
FUN;BWI;FUN;INC;OK;INC000015415328;Priority 3;NA
FUN;DCF;FUN;INC;OK;INC000015415512;Priority 3;NA
CNC;DPY;CNC;INC;OK;INC000015415673;Priority 3;NA
CNC;EES;CNC;INC;OK;INC000015415691;Priority 4;NA
CNC;BWI;CNC;INC;OK;INC000015415703;Priority 4;NA
CNC;BWI;CNC;INC;OK;INC000015415711;Priority 3;NA
L1;BWI;L1 ;INC;OK;INC000015415750;Priority 3;NA
FIN;812;FUN;INC;OK;INC000015415818;Priority 4;NA
CNC;812;CNC;INC;OK;INC000015416628;Priority 4;NA
FUN;ETH;FUN;INC;OK;INC000015416760;Priority 3;NA
SEC;SYN;SEC;INC;OK;INC000015416769;Priority 3;NA
FUN;LAT;FUN;SR;OK;INC000015416836;Priority 4;NA
FIN;DXE;FUN;INC;OK;INC000015416970;Priority 4;NA
FIN;812;FUN;INC;OK;INC000015417204;Priority 3;NA
L1;MNT;MON;SR;OK;INC000015417267;Priority 4;NA
FUN;812;FUN;INC;OK;INC000015417472;Priority 3;NA
SEC;SYN;SEC;INC;OK;INC000015417515;Priority 3;NA
SEC;SYN;SEC;INC;OK;INC000015417580;Priority 4;NA
FIN;MNT;FUN;INC;OK;INC000015417845;Priority 4;NA
FUN;ETH;FUN;INC;OK;INC000015418084;Priority 4;NA
FUN;EDS;FUN;INC;OK;INC000015418145;Priority 3;NA
FUN;ETH;FUN;INC;OK;INC000015418535;Priority 3;NA
L1;BWI;L1 ;INC;OK;INC000015418929;Priority 4;NA
APS;LAT;FUN;SR;OK;INC000015418945;Priority 4;NA
FUN;BWI;FUN;INC;OK;INC000015418974;Priority 4;NA
SEC;WS;SEC;SR;OK;INC000015418982;Priority 3;NA
L1;ETH;CNC;INC;OK;INC000015419026;Priority 3;NA
L1;BWI;L1 ;INC;OK;INC000015419500;Priority 3;NA
L1;BWI;L1 ;INC;OK;INC000015419505;Priority 3;NA
OPS;EDS;OPS;HK;OK;INC000015419683;Priority 3;NA
FUN;LAT;FUN;INC;OK;INC000015419685;Priority 3;NA
DBA;812;DBA;INC;OK;INC000015419821;Priority 4;NA
L1;BWI;L1 ;INC;OK;INC000015420456;Priority 3;NA
FIN;812;FUN;INC;OK;INC000015420496;Priority 4;NA
CNC;BWI;CNC;INC;OK;INC000015420524;Priority 4;NA
FUN;812;FUN;INC;OK;INC000015420894;Priority 4;NA
CNC;BWI;L1 ;INC;OK;INC000015420939;Priority 3;NA
FIN;DCF;FUN;INC;OK;INC000015421148;Priority 4;NA
FIN;812;FUN;INC;OK;INC000015421187;Priority 3;NA
FIN;DCF;FUN;INC;OK;INC000015421311;Priority 4;NA
CNC;EES;CNC;INC;OK;INC000015421378;Priority 4;NA
FIN;812;FUN;INC;OK;INC000015421542;Priority 4;NA
FIN;DCF;FUN;INC;OK;INC000015421786;Priority 3;NA
L1;MNT;MON;SR;OK;INC000015421991;Priority 4;NA
TEC;DCF;TEC;INC;OK;INC000015422039;Priority 3;NA
FUN;BWI;FUN;INC;OK;INC000015422263;Priority 4;NA
FIN;DCF;FUN;INC;OK;INC000015422637;Priority 4;NA
FIN;812;FUN;INC;OK;INC000015422647;Priority 4;NA
APS;LAT;FUN;SR;OK;INC000015422833;Priority 3;NA
FUN;DCF;FUN;INC;OK;INC000015422953;Priority 3;NA
L1;BWI;L1 ;INC;OK;INC000015423341;Priority 4;NA
FUN;ETH;FUN;INC;OK;INC000015423403;Priority 4;NA
L1;BWI;L1 ;INC;OK;INC000015423688;Priority 4;NA
FUN;DCF;FUN;INC;OK;INC000015423712;Priority 3;NA
L1;BWI;L1 ;INC;OK;INC000015423844;Priority 4;NA
L1;BWI;L1 ;INC;OK;INC000015423852;Priority 3;NA
L1;BWI;L1 ;INC;OK;INC000015423887;Priority 3;NA
FIN;DXE;FUN;INC;OK;INC000015423937;Priority 3;NA
APS;LAT;FUN;SR;OK;INC000015424003;Priority 3;NA
SEC;SYN;SEC;INC;OK;INC000015424007;Priority 3;NA
L1;BWI;L1 ;INC;OK;INC000015424145;Priority 3;NA
L1;812;MON;SR;OK;INC000015424162;Priority 4;NA
L1;BWI;L1 ;INC;OK;INC000015424289;Priority 4;NA
L1;BWI;L1 ;INC;OK;INC000015424553;Priority 3;NA
OPS;EMS;OPS;HK;OK;INC000015425215;Priority 3;NA
FUN;DCF;FUN;SR;OK;INC000015426607;Priority 4;NA
CNC;812;CNC;INC;OK;INC000015426641;Priority 3;NA
APS;ETH;APS;INC;OK;INC000015427258;Priority 4;NA
FUN;DCF;FUN;SR;OK;INC000015427858;Priority 3;NA
FUN;BWI;FUN;SR;OK;INC000015428001;Priority 4;NA
FUN;BWI;FUN;INC;OK;INC000015428091;Priority 4;NA
L1;MNT;MON;SR;OK;INC000015428980;Priority 4;NA
APS;ETH;APS;INC;OK;INC000015428984;Priority 3;NA
L1;BWI;L1 ;INC;OK;INC000015429018;Priority 4;NA
L1;BWI;L1 ;INC;OK;INC000015429111;Priority 4;NA
TEC;DCF;TEC;INC;OK;INC000015429628;Priority 3;NA
FUN;BWI;FUN;INC;OK;INC000015429962;Priority 4;NA
APS;LAT;FUN;SR;OK;INC000015430400;Priority 4;NA
L1;BWI;L1 ;INC;OK;INC000015430402;Priority 3;NA
L1;BWI;L1 ;INC;OK;INC000015430431;Priority 3;NA
L1;MNT;MON;SR;OK;INC000015430693;Priority 3;NA
OPS;EMS;OPS;HK;OK;INC000015430763;Priority 3;NA
SCH;LAT;SCH;INC;OK;INC000015431516;Priority 4;NA
L1;BWI;L1 ;INC;OK;INC000015431906;Priority 4;NA
L1;BWI;L1 ;INC;OK;INC000015431911;Priority 4;NA
FUN;BWI;FUN;INC;OK;INC000015432024;Priority 3;NA
L1;BWI;L1 ;INC;OK;INC000015432064;Priority 4;NA
CNC;812;CNC;INC;OK;INC000015432151;Priority 4;NA
CNC;BWI;L1 ;INC;OK;INC000015432372;Priority 3;NA
OPS;EDS;OPS;HK;OK;INC000015432717;Priority 3;NA
FIN;812;FUN;INC;OK;INC000015432762;Priority 4;NA
OPS;EMS;OPS;HK;OK;INC000015433453;Priority 3;NA
CNC;LAT;CNC;INC;OK;INC000015433802;Priority 2;NA
OPS;EDS;OPS;HK;OK;INC000015434807;Priority 4;NA
FUN;DCF;SEC;SR;OK;INC000015435074;Priority 4;NA
FUN;812;FUN;INC;OK;INC000015435179;Priority 4;NA
FIN;812;FUN;INC;OK;INC000015435427;Priority 4;NA
FIN;812;FUN;INC;Defect;INC000015435616;Priority 4;NA
FUN;DCF;FUN;INC;OK;INC000015435727;Priority 4;NA
FUN;812;FUN;INC;OK;INC000015436139;Priority 4;NA
FUN;BWI;FUN;INC;OK;INC000015437273;Priority 4;NA
FIN;812;FUN;SR;OK;INC000015437296;Priority 4;NA
FUN;BWI;FUN;INC;OK;INC000015437337;Priority 4;NA
FIN;DCF;FUN;INC;OK;INC000015437580;Priority 4;NA
FUN;812;FUN;INC;OK;INC000015437683;Priority 4;NA
FUN;WS;FUN;INC;OK;INC000015437713;Priority 4;NA
FUN;BWI;FUN;SR;OK;INC000015437921;Priority 4;NA
FIN;DCF;FUN;INC;OK;INC000015438360;Priority 4;NA
FIN;812;FUN;INC;OK;INC000015438464;Priority 4;NA
FIN;812;FUN;INC;OK;INC000015438577;Priority 4;NA
FUN;BWI;FUN;SR;OK;INC000015439017;Priority 4;NA
FIN;812;FUN;INC;OK;INC000015439886;Priority 4;NA
L1;BWI;L1 ;INC;OK;INC000015440641;Priority 4;NA
FUN;BWI;FUN;INC;OK;INC000015441178;Priority 4;NA
APS;DCF;APS;INC;OK;INC000015441207;Priority 4;NA
DBA;812;DBA;INC;OK;INC000015441316;Priority 4;NA
FUN;BWI;FUN;SR;OK;INC000015442297;Priority 4;NA
FIN;812;FUN;INC;OK;INC000015442858;Priority 4;NA
FIN;812;FUN;INC;OK;INC000015443032;Priority 4;NA
FUN;WS;FUN;INC;OK;INC000015443951;Priority 4;NA
CNC;812;L1 ;INC;OK;INC000015444051;Priority 4;NA
FIN;812;FUN;INC;OK;INC000015444477;Priority 4;NA
FUN;DCF;FUN;INC;OK;INC000015444509;Priority 4;NA
L1;BWI;L1 ;INC;OK;INC000015444733;Priority 4;NA
FIN;DXE;FUN;INC;OK;INC000015444840;Priority 4;NA
FIN;DCF;FUN;INC;OK;INC000015444946;Priority 4;NA
FUN;BWI;FUN;INC;OK;INC000015444957;Priority 4;NA
FUN;WS;FUN;INC;OK;INC000015445047;Priority 4;NA
FUN;812;FUN;INC;OK;INC000015445051;Priority 4;NA
L1;BWI;L1 ;INC;OK;INC000015445540;Priority 4;NA
FUN;BWI;FUN;INC;OK;INC000015445904;Priority 4;NA
FUN;812;FUN;INC;OK;INC000015446177;Priority 4;NA
FUN;812;FUN;INC;OK;INC000015446272;Priority 4;NA
FUN;BWI;FUN;SR;OK;INC000015446281;Priority 4;NA
FUN;ETH;FUN;INC;OK;INC000015446317;Priority 4;NA
FUN;BWI;FUN;SR;OK;INC000015446424;Priority 4;NA
SEC;MNT;SEC;INC;Defect;INC000015446948;Priority 4;NA
L1;BWI;L1 ;SR;OK;INC000015447089;Priority 4;NA
FUN;LAT;FUN;INC;OK;INC000015447115;Priority 4;NA
FUN;LAT;FUN;SR;OK;INC000015447859;Priority 4;NA
FUN;BWI;FUN;INC;OK;INC000015448725;Priority 4;NA
FIN;812;FUN;INC;OK;INC000015449060;Priority 4;NA
FIN;812;FUN;INC;OK;INC000015449161;Priority 4;NA
FUN;WS;FUN;INC;OK;INC000015449266;Priority 4;NA
FUN;812;FUN;INC;OK;INC000015450037;Priority 4;NA
FUN;WS;FUN;INC;OK;INC000015450102;Priority 4;NA
FUN;812;FUN;INC;OK;INC000015450249;Priority 4;NA
FUN;812;FUN;INC;OK;INC000015450566;Priority 4;NA
FIN;812;FUN;INC;OK;INC000015451386;Priority 4;NA
FUN;812;FUN;INC;OK;INC000015451710;Priority 4;NA
L1;BWI;L1 ;SR;OK;INC000015452034;Priority 4;NA
L1;BWI;L1 ;INC;OK;INC000015452090;Priority 4;NA
FUN;BWI;FUN;INC;OK;INC000015452103;Priority 4;NA
FIN;DCF;FUN;INC;OK;INC000015452165;Priority 4;NA
MNT;MNT;FUN;INC;OK;INC000015452221;Priority 4;NA
FUN;812;FUN;INC;OK;INC000015452248;Priority 4;NA
L1;BWI;L1 ;INC;OK;INC000015452328;Priority 4;NA
L1;BWI;L1 ;INC;OK;INC000015453224;Priority 4;NA
FIN;DCF;FUN;INC;OK;INC000015455101;Priority 4;NA
FIN;812;FUN;INC;OK;INC000015455186;Priority 4;NA
FUN;DCF;FUN;SR;OK;INC000015455361;Priority 4;NA
FIN;812;FUN;INC;OK;INC000015455369;Priority 4;NA
SEC;WS;SEC;INC;OK;INC000015456388;Priority 4;NA
L1;812;MON;SR;OK;INC000015456405;Priority 4;NA
CNC;DXE;L1 ;INC;OK;INC000015456749;Priority 4;NA
LAT;LAT;FUN;INC;Defect;INC000015457573;Priority 4;NA
FUN;WS;FUN;INC;OK;INC000015457676;Priority 4;NA
FUN;BWI;FUN;INC;OK;INC000015457696;Priority 4;NA
FUN;LAT;FUN;INC;OK;INC000015457806;Priority 4;NA
L1;BWI;L1 ;INC;OK;INC000015457965;Priority 4;NA
FUN;LAT;FUN;SR;OK;INC000015458277;Priority 4;NA
FUN;ETH;FUN;INC;OK;INC000015458365;Priority 4;NA
TEC;DCF;TEC;INC;OK;INC000015458434;Priority 4;NA
FUN;BWI;FUN;SR;OK;INC000015458921;Priority 4;NA
L1;BWI;L1 ;INC;OK;INC000015458983;Priority 4;NA
L1;BWI;L1 ;INC;OK;INC000015459826;Priority 4;NA
SEC;DCF;SEC;INC;OK;INC000015460095;Priority 4;NA
FUN;812;FUN;INC;OK;INC000015460174;Priority 4;NA
CNC;812;L1 ;INC;OK;INC000015460416;Priority 4;NA
FIN;812;FUN;INC;OK;INC000015460552;Priority 4;NA
FIN;812;FUN;INC;OK;INC000015460621;Priority 4;NA
FIN;812;FUN;INC;OK;INC000015461005;Priority 4;NA
FIN;812;FUN;INC;OK;INC000015461141;Priority 4;NA
APS;DCF;APS;INC;OK;INC000015461225;Priority 4;NA
FUN;DXE;FUN;INC;OK;INC000015462009;Priority 4;NA
FUN;EES;FUN;INC;OK;INC000015462054;Priority 4;NA
FUN;WS;FUN;INC;Defect;INC000015462085;Priority 4;NA
FUN;ETH;FUN;INC;OK;INC000015462349;Priority 4;NA
CNC;OCD;CNC;INC;OK;INC000015462374;Priority 4;NA
L1;BWI;L1 ;INC;OK;INC000015462773;Priority 4;NA
FUN;BWI;FUN;INC;OK;INC000015463320;Priority 4;NA
L1;MNT;MON;SR;OK;INC000015463504;Priority 4;NA
FUN;BWI;FUN;INC;OK;INC000015463691;Priority 4;NA
SCH;LAT;SCH;INC;OK;INC000015464455;Priority 4;NA
L1;BWI;L1 ;INC;OK;INC000015464611;Priority 4;NA
L1;BWI;L1 ;SR;OK;INC000015464972;Priority 4;NA
FUN;BWI;FUN;SR;OK;INC000015465278;Priority 4;NA
L1;BWI;L1 ;INC;OK;INC000015465303;Priority 4;NA
CNC;812;CNC;INC;OK;INC000015465328;Priority 4;NA
DBA;812;DBA;INC;OK;INC000015465595;Priority 4;NA
DBA;812;DBA;INC;OK;INC000015465826;Priority 4;NA
DBA;812;DBA;INC;OK;INC000015465839;Priority 4;NA
OPS;EDS;OPS;HK;OK;INC000015466038;Priority 4;NA
OPS;EDS;OPS;HK;OK;INC000015466077;Priority 4;NA
OPS;EDS;OPS;HK;OK;INC000015467293;Priority 4;NA
FUN;MNT;FUN;INC;OK;INC000015467355;Priority 4;NA
OPS;EDS;OPS;HK;OK;INC000015467406;Priority 4;NA
L1;MNT;MON;SR;OK;INC000015468320;Priority 4;NA
FUN;DCF;FUN;SR;OK;INC000015468646;Priority 3;NA
FIN;MNT;FUN;INC;OK;INC000015469217;Priority 3;NA
FIN;DCF;FUN;INC;OK;INC000015469227;Priority 3;NA
FIN;812;FUN;INC;OK;INC000015469229;Priority 4;NA
CNC;DXE;L1 ;INC;OK;INC000015469236;Priority 4;NA
FUN;812;FUN;INC;OK;INC000015469237;Priority 4;NA
OPS;EMS;OPS;INC;OK;INC000015469438;Priority 3;NA
FUN;DCF;FUN;INC;OK;INC000015469645;Priority 3;NA
FUN;812;FUN;INC;OK;INC000015469671;Priority 4;NA
FIN;812;FUN;INC;OK;INC000015469796;Priority 3;NA
TEC;DCF;TEC;INC;OK;INC000015469831;Priority 4;NA
FUN;LAT;FUN;INC;OK;INC000015469982;Priority 3;NA
APS;DCF;APS;INC;OK;INC000015470290;Priority 4;NA
FUN;ETH;FUN;INC;OK;INC000015470476;Priority 3;NA
FUN;EES;FUN;INC;OK;INC000015470544;Priority 4;NA
FUN;BWI;FUN;INC;OK;INC000015470573;Priority 4;NA
FIN;DCF;FUN;INC;OK;INC000015470596;Priority 4;NA
FIN;812;FUN;INC;OK;INC000015471348;Priority 3;NA
L1;MNT;MON;SR;OK;INC000015471379;Priority 4;NA
CNC;BWI;L1 ;INC;OK;INC000015471426;Priority 4;NA
FUN;DCF;FUN;INC;OK;INC000015471493;Priority 4;NA
FUN;812;FUN;INC;OK;INC000015471667;Priority 4;NA
CNC;BWI;CNC;INC;Defect;INC000015471714;Priority 3;NA
FIN;812;FUN;INC;OK;INC000015471798;Priority 4;NA
FUN;BWI;FUN;SR;OK;INC000015471831;Priority 4;NA
FUN;BWI;FUN;INC;OK;INC000015472356;Priority 3;NA
FIN;812;FUN;INC;OK;INC000015472379;Priority 4;NA
FUN;BWI;FUN;INC;OK;INC000015472547;Priority 4;NA
FUN;LAT;FUN;INC;OK;INC000015472687;Priority 4;NA
FUN;BWI;FUN;INC;OK;INC000015472792;Priority 3;NA
FUN;LAT;FUN;SR;OK;INC000015472954;Priority 3;NA
L1;BWI;L1 ;INC;OK;INC000015473099;Priority 3;NA
CNC;DXE;L1 ;INC;OK;INC000015473122;Priority 4;NA
L1;BWI;L1 ;INC;OK;INC000015473127;Priority 3;NA
FUN;ETH;FUN;INC;OK;INC000015473263;Priority 3;NA
L1;BWI;L1 ;INC;OK;INC000015473334;Priority 3;NA
L1;BWI;L1 ;SR;OK;INC000015473366;Priority 4;NA
FUN;LAT;FUN;INC;OK;INC000015473419;Priority 3;NA
FUN;ETH;FUN;INC;OK;INC000015473666;Priority 4;NA
FUN;LAT;FUN;INC;OK;INC000015473674;Priority 3;NA
DBA;812;DBA;INC;OK;INC000015473819;Priority 4;NA
OPS;EDS;OPS;HK;OK;INC000015473871;Priority 4;NA
CNC;DXE;CNC;INC;OK;INC000015473966;Priority 4;NA
L1;BWI;L1 ;INC;OK;INC000015474075;Priority 4;NA
OPS;EMS;OPS;HK;OK;INC000015474077;Priority 3;NA
L1;BWI;L1 ;INC;OK;INC000015474406;Priority 3;NA
SCH;LAT;SCH;INC;OK;INC000015474484;Priority 4;NA
SCH;LAT;SCH;INC;OK;INC000015474485;Priority 4;NA
FUN;DCF;FUN;INC;OK;INC000015474839;Priority 3;NA
FIN;812;FUN;INC;OK;INC000015474994;Priority 4;NA
FUN;DXE;FUN;INC;OK;INC000015475032;Priority 3;NA
FIN;812;FUN;INC;OK;INC000015475092;Priority 4;NA
FIN;812;FUN;INC;OK;INC000015475306;Priority 4;NA
FIN;DCF;FUN;INC;OK;INC000015475473;Priority 4;NA
SCH;812;SCH;SR;OK;INC000015475574;Priority 3;NA
FIN;DXE;FUN;INC;OK;INC000015475620;Priority 4;NA
FIN;812;FUN;INC;OK;INC000015475810;Priority 4;NA
CNC;812;MON;SR;OK;INC000015475856;Priority 3;NA
TEC;DCF;TEC;INC;OK;INC000015475888;Priority 3;NA
FUN;BWI;FUN;INC;OK;INC000015476225;Priority 3;NA
FIN;LAT;FUN;INC;Defect;INC000015476252;Priority 4;NA
FUN;MNT;FUN;INC;OK;INC000015476320;Priority 4;NA
FUN;812;FUN;INC;OK;INC000015476364;Priority 3;NA
FUN;ETH;FUN;INC;OK;INC000015476413;Priority 3;NA
FUN;DCF;FUN;INC;OK;INC000015476414;Priority 3;NA
FUN;812;FUN;INC;OK;INC000015476607;Priority 3;NA
L1;BWI;L1 ;INC;OK;INC000015476613;Priority 4;NA
FUN;812;FUN;INC;OK;INC000015476628;Priority 4;NA
FIN;812;FUN;INC;OK;INC000015476660;Priority 4;NA
FIN;812;FUN;INC;OK;INC000015476696;Priority 3;NA
FUN;DCF;FUN;INC;OK;INC000015476965;Priority 3;NA
FUN;ETH;FUN;INC;OK;INC000015477024;Priority 3;NA
FIN;812;FUN;INC;OK;INC000015477086;Priority 4;NA
FUN;WS;FUN;INC;OK;INC000015477717;Priority 3;NA
CNC;BWI;L1 ;INC;OK;INC000015477869;Priority 3;NA
FIN;LAT;FUN;INC;OK;INC000015477873;Priority 4;NA
FUN;LAT;FUN;SR;OK;INC000015477967;Priority 3;NA
FIN;DCF;FUN;INC;OK;INC000015478131;Priority 3;NA
FUN;BWI;FUN;INC;OK;INC000015478326;Priority 4;NA
FUN;LAT;FUN;INC;OK;INC000015479271;Priority 4;NA
L1;BWI;L1 ;SR;OK;INC000015479404;Priority 3;NA
L1;BWI;L1 ;INC;OK;INC000015479452;Priority 3;NA
L1;BWI;L1 ;INC;OK;INC000015479463;Priority 3;NA
FUN;BWI;FUN;SR;OK;INC000015479474;Priority 4;NA
L1;BWI;L1 ;INC;OK;INC000015479528;Priority 3;NA
SCH;BWI;SCH;INC;OK;INC000015479736;Priority 4;NA
FUN;BWI;FUN;SR;OK;INC000015479752;Priority 4;NA
DBA;812;DBA;INC;OK;INC000015479874;Priority 4;NA
FUN;BWI;FUN;INC;Defect;INC000015479904;Priority 4;NA
APS;DCF;APS;INC;OK;INC000015480363;Priority 3;NA
FUN;WS;FUN;INC;OK;INC000015480719;Priority 4;NA
FUN;812;FUN;INC;OK;INC000015480797;Priority 4;NA
FUN;DCF;FUN;INC;OK;INC000015480897;Priority 3;NA
FIN;812;FUN;INC;OK;INC000015480904;Priority 4;NA
FUN;WS;FUN;INC;OK;INC000015481000;Priority 3;NA
FIN;812;FUN;INC;OK;INC000015481249;Priority 4;NA
FIN;812;FUN;INC;OK;INC000015481304;Priority 4;NA
FIN;812;FUN;INC;OK;INC000015481660;Priority 4;NA
FUN;812;FUN;INC;OK;INC000015481733;Priority 3;NA
FIN;812;FUN;INC;OK;INC000015481781;Priority 4;NA
FUN;WS;FUN;INC;OK;INC000015481837;Priority 3;NA
DBA;812;DBA;INC;OK;INC000015481859;Priority 4;NA
FIN;812;FUN;INC;OK;INC000015481890;Priority 4;NA
FUN;DCF;FUN;INC;OK;INC000015482019;Priority 3;NA
DCF;DCF;FUN;SR;OK;INC000015482361;Priority 3;NA
FIN;812;FUN;INC;OK;INC000015482371;Priority 4;NA
FIN;812;FUN;INC;OK;INC000015482380;Priority 3;NA
FUN;812;FUN;INC;OK;INC000015482411;Priority 3;NA
FUN;812;FUN;INC;OK;INC000015482440;Priority 3;NA
FIN;DCF;FUN;INC;OK;INC000015482484;Priority 4;NA
FUN;BWI;FUN;SR;OK;INC000015482511;Priority 4;NA
L1;BWI;L1 ;INC;OK;INC000015482734;Priority 4;NA
FIN;812;FUN;INC;OK;INC000015482760;Priority 4;NA
FUN;812;FUN;INC;OK;INC000015482836;Priority 4;NA
FIN;812;FUN;INC;OK;INC000015482956;Priority 4;NA
FUN;BWI;FUN;INC;OK;INC000015483035;Priority 4;NA
FUN;812;FUN;INC;Defect;INC000015483058;Priority 4;NA
FIN;812;FUN;INC;OK;INC000015483116;Priority 4;NA
FUN;LAT;FUN;INC;OK;INC000015483163;Priority 4;NA
FUN;812;FUN;INC;OK;INC000015483405;Priority 4;NA
FIN;812;FUN;INC;OK;INC000015483452;Priority 4;NA
CNC;812;L1 ;INC;OK;INC000015483484;Priority 3;NA
L1;812;MON;SR;OK;INC000015483564;Priority 4;NA
FIN;812;FUN;INC;OK;INC000015483622;Priority 4;NA
L1;BWI;L1 ;INC;OK;INC000015483721;Priority 4;NA
FUN;DCF;FUN;SR;OK;INC000015483771;Priority 3;NA
FUN;812;FUN;INC;OK;INC000015484012;Priority 3;NA
FUN;DCF;FUN;SR;OK;INC000015484041;Priority 3;NA
FUN;LAT;FUN;SR;OK;INC000015484203;Priority 3;NA
L1;BWI;L1 ;INC;OK;INC000015484505;Priority 4;NA
FUN;BWI;FUN;INC;OK;INC000015484914;Priority 3;NA
FIN;BWI;FUN;INC;OK;INC000015484919;Priority 4;NA
FUN;DCF;FUN;INC;OK;INC000015485116;Priority 4;NA
L1;BWI;L1 ;INC;OK;INC000015485658;Priority 4;NA
L1;BWI;L1 ;INC;OK;INC000015485663;Priority 4;NA
FUN;EES;FUN;INC;OK;INC000015485733;Priority 4;NA
DCF;DCF;FUN;INC;OK;INC000015485839;Priority 3;NA
L1;BWI;L1 ;INC;OK;INC000015485848;Priority 3;NA
TEC;DCF;TEC;INC;OK;INC000015486245;Priority 3;NA
FUN;LAT;FUN;INC;OK;INC000015486279;Priority 3;NA
L1;BWI;L1 ;INC;OK;INC000015486464;Priority 3;NA
L1;BWI;L1 ;INC;OK;INC000015486974;Priority 3;NA
FUN;812;FUN;INC;OK;INC000015487397;Priority 3;NA
FUN;DCF;FUN;INC;OK;INC000015487411;Priority 3;NA
FUN;812;FUN;INC;OK;INC000015487420;Priority 4;NA
FIN;812;FUN;INC;OK;INC000015487447;Priority 4;NA
FIN;812;FUN;INC;OK;INC000015487483;Priority 4;NA
FUN;812;FUN;INC;OK;INC000015487586;Priority 3;NA
OPS;WS;OPS;INC;OK;INC000015487623;Priority 4;NA
FUN;DCF;FUN;INC;OK;INC000015487710;Priority 3;NA
FUN;ETH;FUN;INC;OK;INC000015487811;Priority 3;NA
FIN;812;FUN;INC;OK;INC000015487901;Priority 4;NA
FUN;ETH;FUN;INC;OK;INC000015488011;Priority 3;NA
FIN;812;FUN;INC;OK;INC000015488044;Priority 3;NA
FUN;812;FUN;INC;OK;INC000015488073;Priority 4;NA
L1;812;MON;SR;OK;INC000015488266;Priority 4;NA
FIN;812;FUN;INC;OK;INC000015488269;Priority 4;NA
FUN;WS;FUN;INC;OK;INC000015488468;Priority 3;NA
FUN;DXE;FUN;INC;OK;INC000015488522;Priority 4;NA
FUN;812;FUN;INC;OK;INC000015488550;Priority 4;NA
CNC;ETH;CNC;INC;OK;INC000015488602;Priority 4;NA
FUN;BWI;FUN;INC;OK;INC000015488832;Priority 4;NA
FIN;812;FUN;INC;OK;INC000015488919;Priority 3;NA
FIN;DCF;FUN;INC;OK;INC000015488987;Priority 3;NA
CNC;812;L1 ;INC;OK;INC000015489096;Priority 4;NA
FUN;BWI;FUN;INC;OK;INC000015489117;Priority 3;NA
APS;DCF;APS;INC;OK;INC000015489143;Priority 4;NA
CNC;812;L1 ;INC;OK;INC000015489145;Priority 4;NA
FUN;812;FUN;INC;OK;INC000015489184;Priority 4;NA
CNC;812;CNC;INC;OK;INC000015489436;Priority 3;NA
FUN;LAT;FUN;INC;OK;INC000015489471;Priority 4;NA
FUN;DXE;FUN;INC;OK;INC000015489485;Priority 4;NA
L1;812;MON;INC;OK;INC000015489532;Priority 4;NA
FUN;DXE;FUN;INC;OK;INC000015489816;Priority 4;NA
FIN;LAT;FUN;INC;OK;INC000015489896;Priority 4;NA
FIN;812;FUN;INC;OK;INC000015489922;Priority 4;NA
LAT;LAT;FUN;INC;Defect;INC000015489974;Priority 3;NA
FIN;LAT;FUN;INC;OK;INC000015490158;Priority 4;NA
L1;BWI;L1 ;INC;OK;INC000015490357;Priority 4;NA
L1;BWI;L1 ;INC;OK;INC000015490380;Priority 4;NA
FUN;BWI;FUN;INC;OK;INC000015490481;Priority 4;NA
FUN;EES;FUN;INC;OK;INC000015490598;Priority 4;NA
L1;BWI;L1 ;INC;OK;INC000015490616;Priority 4;NA
FUN;812;FUN;INC;OK;INC000015490757;Priority 4;NA
DCF;DCF;FUN;SR;OK;INC000015490762;Priority 4;NA
L1;BWI;L1 ;INC;OK;INC000015490895;Priority 4;NA
FUN;LAT;FUN;INC;OK;INC000015490936;Priority 3;NA
FUN;EES;FUN;INC;OK;INC000015491065;Priority 4;NA
FUN;812;FUN;INC;OK;INC000015491166;Priority 4;NA
L1;BWI;L1 ;INC;OK;INC000015491318;Priority 3;NA
L1;BWI;L1 ;INC;OK;INC000015491626;Priority 3;NA
L1;BWI;L1 ;INC;OK;INC000015491653;Priority 3;NA
FUN;LAT;FUN;INC;Defect;INC000015491728;Priority 4;NA
DBA;812;DBA;INC;OK;INC000015491729;Priority 4;NA
APS;DCF;APS;INC;OK;INC000015492283;Priority 3;NA
FIN;812;FUN;INC;OK;INC000015492643;Priority 4;NA
FUN;812;FUN;INC;OK;INC000015492770;Priority 3;NA
FUN;812;FUN;INC;OK;INC000015492783;Priority 4;NA
FUN;DXE;FUN;INC;OK;INC000015492876;Priority 4;NA
FIN;812;FUN;INC;OK;INC000015492898;Priority 4;NA
FIN;812;FUN;INC;OK;INC000015492899;Priority 4;NA
APS;EES;APS;INC;OK;INC000015493011;Priority 4;NA
FUN;812;FUN;INC;OK;INC000015493022;Priority 3;NA
DBA;812;DBA;INC;OK;INC000015493140;Priority 3;NA
FIN;812;FUN;INC;OK;INC000015493147;Priority 4;NA
FIN;812;FUN;INC;OK;INC000015493189;Priority 4;NA
FIN;812;FUN;INC;OK;INC000015493204;Priority 4;NA
APS;ETH;APS;INC;OK;INC000015493319;Priority 3;NA
OPS;EMS;OPS;HK;OK;INC000015493341;Priority 4;NA
DBA;812;DBA;INC;OK;INC000015493589;Priority 4;NA
FUN;812;FUN;INC;OK;INC000015493962;Priority 3;NA
FUN;BWI;FUN;INC;OK;INC000015493998;Priority 4;NA
L1;BWI;L1 ;INC;OK;INC000015494086;Priority 4;NA
FIN;812;FUN;INC;OK;INC000015494110;Priority 4;NA
FIN;812;FUN;INC;OK;INC000015494285;Priority 4;NA
FUN;EES;FUN;INC;OK;INC000015494315;Priority 3;NA
FUN;ETH;FUN;INC;OK;INC000015494386;Priority 3;NA
DCF;DCF;FUN;INC;OK;INC000015494549;Priority 4;NA
FUN;812;FUN;INC;OK;INC000015494562;Priority 4;NA
FIN;DXE;FUN;INC;OK;INC000015494623;Priority 4;NA
TEC;DCF;TEC;INC;OK;INC000015494651;Priority 4;NA
TEC;DCF;TEC;INC;OK;INC000015494704;Priority 3;NA
FIN;812;FUN;INC;OK;INC000015494832;Priority 4;NA
TEC;DCF;TEC;INC;OK;INC000015494981;Priority 2;NA
FUN;DXE;FUN;INC;OK;INC000015495085;Priority 4;NA
FUN;LAT;FUN;INC;OK;INC000015495190;Priority 3;NA
FUN;ETH;FUN;INC;OK;INC000015495219;Priority 3;NA
L1;BWI;L1 ;INC;OK;INC000015495430;Priority 4;NA
CNC;DPY;CNC;INC;OK;INC000015495573;Priority 3;NA
FUN;812;FUN;INC;OK;INC000015495669;Priority 3;NA
DCF;DCF;FUN;INC;Defect;INC000015495818;Priority 3;NA
L1;ETH;CNC;INC;OK;INC000015496025;Priority 4;NA
OPS;EDS;OPS;HK;OK;INC000015496056;Priority 4;NA
L1;MNT;MON;SR;OK;INC000015496142;Priority 4;NA
OPS;EDS;OPS;HK;OK;INC000015496201;Priority 4;NA
SCH;LAT;SCH;INC;OK;INC000015497030;Priority 4;NA
SCH;LAT;SCH;INC;OK;INC000015497031;Priority 4;NA
FIN;812;FUN;INC;OK;INC000015497165;Priority 4;NA
FIN;812;FUN;INC;OK;INC000015497177;Priority 4;NA
FIN;812;FUN;INC;OK;INC000015497181;Priority 4;NA
CNC;ETH;L1 ;INC;OK;INC000015497185;Priority 4;NA
FIN;812;FUN;INC;OK;INC000015497194;Priority 4;NA
FIN;812;FUN;INC;OK;INC000015497196;Priority 4;NA
FIN;812;FUN;INC;OK;INC000015497232;Priority 4;NA
FIN;812;FUN;INC;OK;INC000015497236;Priority 4;NA
FIN;812;FUN;INC;OK;INC000015497392;Priority 4;NA
OPS;EMS;OPS;HK;OK;INC000015497395;Priority 4;NA
L1;BWI;L1 ;INC;OK;INC000015497505;Priority 4;NA
L1;BWI;L1 ;INC;OK;INC000015497552;Priority 4;NA
FUN;DCF;FUN;INC;OK;INC000015497596;Priority 3;NA
OPS;EDS;OPS;HK;OK;INC000015497636;Priority 4;NA
L1;BWI;L1 ;INC;OK;INC000015497870;Priority 3;NA
FUN;DCF;FUN;INC;OK;INC000015498056;Priority 3;NA
OPS;EDS;OPS;HK;OK;INC000015498123;Priority 3;NA
OPS;EDS;OPS;HK;OK;INC000015498167;Priority 4;NA
OPS;EDS;OPS;HK;OK;INC000015498221;Priority 3;NA
FUN;DCF;FUN;INC;OK;INC000015498251;Priority 3;NA
FIN;812;INS;INC;OK;INC000015498259;Priority 4;NA
FUN;WS;FUN;INC;OK;INC000015498518;Priority 4;NA
APS;ETH;APS;INC;OK;INC000015498804;Priority 4;NA
APS;ETH;APS;INC;OK;INC000015498805;Priority 4;NA
APS;ETH;APS;INC;OK;INC000015498810;Priority 4;NA
OPS;EDS;OPS;HK;OK;INC000015498842;Priority 4;NA
OPS;EDS;OPS;HK;OK;INC000015498848;Priority 4;NA
OPS;EDS;OPS;HK;OK;INC000015498853;Priority 4;NA
OPS;EMS;OPS;INC;OK;INC000015498856;Priority 4;NA
DBA;812;DBA;INC;OK;INC000015499413;Priority 4;NA
OPS;EDS;OPS;HK;OK;INC000015499467;Priority 3;NA
CNC;MNT;CNC;INC;OK;INC000015499529;Priority 4;NA
FIN;812;FUN;INC;OK;INC000015500923;Priority 4;NA
FIN;812;FUN;INC;OK;INC000015501124;Priority 4;NA
FUN;812;FUN;INC;OK;INC000015501162;Priority 4;NA
DBA;812;DBA;INC;OK;INC000015501265;Priority 4;NA
CNC;812;L1 ;INC;OK;INC000015501286;Priority 4;NA
DBA;812;DBA;INC;OK;INC000015501781;Priority 3;NA
SEC;WS;SEC;SR;OK;INC000015502018;Priority 3;NA
FUN;812;FUN;INC;OK;INC000015502125;Priority 3;NA
FIN;812;FUN;INC;OK;INC000015502341;Priority 2;NA
FUN;BWI;FUN;SR;OK;INC000015502707;Priority 4;NA
FUN;ETH;FUN;INC;OK;INC000015502813;Priority 3;NA
FUN;ETH;FUN;INC;OK;INC000015502850;Priority 3;NA
FUN;ETH;FUN;INC;OK;INC000015502870;Priority 3;NA
FUN;ETH;FUN;INC;OK;INC000015502899;Priority 3;NA
OPS;EMS;OPS;INC;OK;INC000015502913;Priority 4;NA
TEC;DCF;TEC;INC;OK;INC000015503081;Priority 3;NA
FIN;DCF;FUN;INC;OK;INC000015503413;Priority 4;NA
L1;MNT;MON;SR;OK;INC000015503627;Priority 4;NA
FUN;BWI;FUN;INC;OK;INC000015503699;Priority 4;NA
FUN;ETH;FUN;INC;OK;INC000015503887;Priority 3;NA
APS;DCF;APS;INC;OK;INC000015504070;Priority 4;NA
DBA;812;DBA;INC;OK;INC000015504172;Priority 3;NA
FIN;DCF;FUN;INC;OK;INC000015504402;Priority 4;NA
FUN;ETH;FUN;INC;OK;INC000015504420;Priority 3;NA
FUN;BWI;FUN;INC;OK;INC000015504669;Priority 3;NA
L1;BWI;L1 ;INC;OK;INC000015504673;Priority 3;NA
FUN;ETH;FUN;INC;OK;INC000015505020;Priority 4;NA
FUN;DCF;FUN;INC;OK;INC000015505069;Priority 3;NA
FUN;ETH;FUN;INC;OK;INC000015505108;Priority 4;NA
L1;BWI;L1 ;INC;OK;INC000015505470;Priority 3;NA
APS;EES;APS;INC;OK;INC000015505541;Priority 4;NA
FUN;LAT;FUN;INC;Defect;INC000015505571;Priority 4;NA
FIN;LAT;FUN;INC;OK;INC000015505785;Priority 4;NA
L1;BWI;L1 ;INC;OK;INC000015506820;Priority 3;NA
L1;BWI;L1 ;INC;OK;INC000015507370;Priority 4;NA
FIN;DCF;FUN;INC;OK;INC000015507590;Priority 4;NA
FUN;812;FUN;INC;OK;INC000015507649;Priority 3;NA
FUN;DCF;FUN;INC;OK;INC000015507724;Priority 4;NA
FUN;DCF;FUN;INC;OK;INC000015508136;Priority 3;NA
FUN;812;FUN;INC;OK;INC000015508156;Priority 3;NA
FIN;DCF;FUN;INC;OK;INC000015508293;Priority 3;NA
DCF;DCF;FUN;INC;OK;INC000015508613;Priority 3;NA
FIN;812;FUN;INC;OK;INC000015508630;Priority 4;NA
FIN;DCF;FUN;INC;OK;INC000015508772;Priority 4;NA
FUN;812;FUN;INC;OK;INC000015509063;Priority 4;NA
FIN;DCF;FUN;INC;OK;INC000015509218;Priority 4;NA
APS;ETH;APS;INC;OK;INC000015509508;Priority 4;NA
FUN;DCF;FUN;SR;OK;INC000015509522;Priority 3;NA
FUN;DCF;FUN;INC;OK;INC000015509740;Priority 3;NA
FUN;DCF;FUN;INC;Defect;INC000015509966;Priority 3;NA
FUN;812;FUN;INC;OK;INC000015510066;Priority 4;NA
FUN;812;FUN;INC;OK;INC000015510086;Priority 4;NA
FIN;812;FUN;INC;Defect;INC000015510195;Priority 4;NA
FUN;DCF;FUN;SR;OK;INC000015510325;Priority 3;NA
FUN;BWI;FUN;SR;OK;INC000015510340;Priority 3;NA
FUN;ETH;FUN;INC;OK;INC000015510690;Priority 4;NA
FIN;DCF;FUN;SR;OK;INC000015510771;Priority 4;NA
FUN;BWI;FUN;INC;OK;INC000015510952;Priority 4;NA
L1;BWI;L1 ;INC;OK;INC000015510956;Priority 3;NA
L1;BWI;L1 ;INC;OK;INC000015511051;Priority 3;NA
FIN;BWI;FUN;INC;OK;INC000015511064;Priority 4;NA
FIN;BWI;FUN;INC;OK;INC000015511171;Priority 2;NA
FUN;LAT;FUN;INC;OK;INC000015511533;Priority 3;NA
L1;BWI;L1 ;SR;OK;INC000015511694;Priority 4;NA
L1;BWI;L1 ;SR;OK;INC000015511804;Priority 4;NA
MNT;MNT;FUN;INC;OK;INC000015511878;Priority 4;NA
FUN;ETH;FUN;INC;OK;INC000015511933;Priority 3;NA
FUN;812;FUN;INC;OK;INC000015511951;Priority 4;NA
L1;BWI;L1 ;INC;OK;INC000015512044;Priority 3;NA
FUN;LAT;FUN;INC;OK;INC000015512095;Priority 4;NA
L1;BWI;L1 ;INC;OK;INC000015512356;Priority 3;NA
CNC;812;L1 ;INC;OK;INC000015513005;Priority 2;NA
FUN;BWI;FUN;INC;OK;INC000015513094;Priority 4;NA
FUN;DXE;FUN;INC;OK;INC000015513385;Priority 4;NA
FUN;812;FUN;INC;OK;INC000015513565;Priority 3;NA
FIN;812;FUN;INC;OK;INC000015513575;Priority 4;NA
FUN;DCF;FUN;INC;OK;INC000015513711;Priority 3;NA
FUN;WS;FUN;INC;OK;INC000015513733;Priority 4;NA
CNC;MNT;CNC;INC;OK;INC000015513803;Priority 4;NA
L1;EMS;OPS;INC;OK;INC000015513804;Priority 4;NA
FIN;DCF;FUN;INC;OK;INC000015513815;Priority 4;NA
FIN;812;FUN;INC;OK;INC000015513828;Priority 4;NA
FIN;812;FUN;INC;OK;INC000015514016;Priority 3;NA
SEC;WS;SEC;SR;OK;INC000015514119;Priority 4;NA
DBA;812;DBA;INC;OK;INC000015514266;Priority 4;NA
FIN;812;FUN;INC;OK;INC000015514514;Priority 4;NA
FUN;DCF;FUN;SR;OK;INC000015514561;Priority 3;NA
FUN;DCF;FUN;INC;OK;INC000015514606;Priority 3;NA
FUN;812;FUN;INC;OK;INC000015514710;Priority 4;NA
FIN;DCF;FUN;INC;OK;INC000015515112;Priority 4;NA
FUN;DXE;FUN;INC;OK;INC000015515156;Priority 4;NA
FUN;DCF;FUN;INC;OK;INC000015515318;Priority 3;NA
DCF;DCF;FUN;INC;Defect;INC000015515346;Priority 3;NA
FUN;812;FUN;INC;OK;INC000015515399;Priority 4;NA
FUN;812;FUN;INC;OK;INC000015515428;Priority 4;NA
FUN;812;FUN;INC;OK;INC000015515481;Priority 4;NA
FUN;812;FUN;INC;OK;INC000015515575;Priority 3;NA
FUN;DCF;FUN;INC;OK;INC000015515614;Priority 3;NA
FUN;DXE;FUN;INC;OK;INC000015515678;Priority 3;NA
L1;BWI;L1 ;INC;OK;INC000015515765;Priority 4;NA
L1;812;MON;INC;OK;INC000015515860;Priority 3;NA
FUN;812;FUN;INC;OK;INC000015515960;Priority 4;NA
SEC;WS;SEC;INC;OK;INC000015516034;Priority 3;NA
L1;MNT;MON;SR;OK;INC000015516121;Priority 4;NA
FUN;812;FUN;INC;OK;INC000015516666;Priority 3;NA
FUN;BWI;FUN;INC;OK;INC000015516797;Priority 3;NA
L1;MNT;MON;SR;OK;INC000015516930;Priority 4;NA
DCF;DCF;FUN;SR;OK;INC000015517069;Priority 4;NA
FUN;LAT;FUN;SR;OK;INC000015517115;Priority 4;NA
APS;ETH;APS;INC;OK;INC000015517276;Priority 4;NA
APS;ETH;APS;INC;OK;INC000015517277;Priority 4;NA
APS;ETH;APS;INC;OK;INC000015517279;Priority 4;NA
APS;ETH;APS;INC;OK;INC000015517280;Priority 4;NA
APS;ETH;APS;INC;OK;INC000015517281;Priority 4;NA
APS;ETH;APS;INC;OK;INC000015517282;Priority 4;NA
APS;ETH;APS;INC;OK;INC000015517283;Priority 4;NA
L1;BWI;L1 ;INC;OK;INC000015517362;Priority 3;NA
L1;BWI;L1 ;INC;OK;INC000015517483;Priority 3;NA
L1;BWI;L1 ;INC;OK;INC000015517812;Priority 3;NA
L1;BWI;L1 ;INC;OK;INC000015517824;Priority 3;NA
FUN;MNT;FUN;INC;OK;INC000015517912;Priority 3;NA
FUN;BWI;FUN;SR;OK;INC000015518040;Priority 4;NA
L1;BWI;L1 ;INC;OK;INC000015518594;Priority 3;NA
OPS;EDS;OPS;HK;OK;INC000015518754;Priority 4;NA
L1;MNT;MON;SR;OK;INC000015518781;Priority 4;NA
L1;MNT;MON;SR;OK;INC000015518788;Priority 4;NA
L1;MNT;MON;SR;OK;INC000015518804;Priority 4;NA
L1;MNT;MON;SR;OK;INC000015518834;Priority 4;NA
L1;MNT;MON;SR;OK;INC000015519103;Priority 4;NA
FIN;812;FUN;INC;OK;INC000015519181;Priority 4;NA
CNC;812;L1 ;INC;OK;INC000015519418;Priority 3;NA
FIN;812;FUN;INC;OK;INC000015519434;Priority 4;NA
L1;MNT;MON;SR;OK;INC000015519587;Priority 4;NA
L1;812;MON;SR;OK;INC000015519597;Priority 4;NA
FUN;DCF;FUN;INC;OK;INC000015519684;Priority 3;NA
L1;812;MON;SR;OK;INC000015519722;Priority 4;NA
FUN;DCF;FUN;INC;OK;INC000015519852;Priority 3;NA
FUN;812;FUN;INC;OK;INC000015519876;Priority 3;NA
L1;DPY;MON;SR;OK;INC000015519889;Priority 4;NA
FUN;812;FUN;INC;OK;INC000015519927;Priority 4;NA
FUN;812;FUN;INC;OK;INC000015519942;Priority 3;NA
FIN;812;FUN;INC;OK;INC000015520062;Priority 4;NA
FIN;812;FUN;INC;OK;INC000015520151;Priority 3;NA
CNC;812;L1 ;INC;OK;INC000015520173;Priority 4;NA
FUN;DCF;SEC;SR;OK;INC000015520213;Priority 3;NA
FUN;LAT;FUN;INC;OK;INC000015520247;Priority 3;NA
FIN;812;FUN;INC;OK;INC000015520306;Priority 3;NA
FUN;DCF;SEC;SR;OK;INC000015520312;Priority 3;NA
FUN;812;FUN;INC;OK;INC000015520473;Priority 4;NA
FUN;DCF;FUN;SR;OK;INC000015520474;Priority 4;NA
DBA;812;DBA;INC;OK;INC000015520480;Priority 3;NA
L1;BWI;L1 ;INC;OK;INC000015520484;Priority 3;NA
FUN;BWI;FUN;INC;OK;INC000015520521;Priority 4;NA
FUN;LAT;FUN;INC;OK;INC000015520566;Priority 3;NA
FUN;BWI;FUN;INC;OK;INC000015520604;Priority 3;NA
FIN;812;FUN;INC;OK;INC000015520612;Priority 4;NA
TEC;DCF;TEC;INC;OK;INC000015520635;Priority 3;NA
FUN;LAT;FUN;INC;OK;INC000015520691;Priority 4;NA
FUN;BWI;FUN;INC;OK;INC000015520745;Priority 4;NA
FUN;ETH;FUN;INC;OK;INC000015520852;Priority 3;NA
FIN;LAT;FUN;INC;OK;INC000015520919;Priority 4;NA
FUN;812;FUN;INC;OK;INC000015521025;Priority 4;NA
FUN;DCF;FUN;SR;OK;INC000015521109;Priority 3;NA
LAT;LAT;FUN;INC;OK;INC000015521715;Priority 4;NA
L1;BWI;L1 ;INC;OK;INC000015521766;Priority 3;NA
CNC;EES;CNC;INC;OK;INC000015522088;Priority 3;NA
FUN;BWI;FUN;SR;OK;INC000015522412;Priority 4;NA
L1;BWI;L1 ;INC;OK;INC000015522429;Priority 3;NA
APS;ETH;APS;INC;OK;INC000015522439;Priority 4;NA
TEC;DCF;TEC;INC;OK;INC000015522475;Priority 4;NA
L1;BWI;L1 ;INC;OK;INC000015522485;Priority 4;NA
L1;BWI;L1 ;INC;OK;INC000015522505;Priority 4;NA
APS;ETH;APS;INC;OK;INC000015522544;Priority 4;NA
APS;ETH;APS;INC;OK;INC000015522545;Priority 4;NA
APS;ETH;APS;INC;OK;INC000015522547;Priority 4;NA
APS;ETH;APS;INC;OK;INC000015522548;Priority 4;NA
APS;ETH;APS;INC;OK;INC000015522549;Priority 4;NA
APS;ETH;APS;INC;OK;INC000015522550;Priority 4;NA
APS;ETH;APS;INC;OK;INC000015522551;Priority 4;NA
APS;ETH;APS;INC;OK;INC000015522552;Priority 4;NA
APS;ETH;APS;INC;OK;INC000015522554;Priority 4;NA
SCH;BWI;SCH;INC;OK;INC000015522648;Priority 4;NA
L1;BWI;L1 ;INC;OK;INC000015522690;Priority 4;NA
FUN;BWI;FUN;INC;OK;INC000015522745;Priority 4;NA
TEC;DCF;TEC;INC;OK;INC000015522847;Priority 4;NA
FUN;BWI;FUN;SR;OK;INC000015523021;Priority 4;NA
OPS;EDS;OPS;HK;OK;INC000015523211;Priority 3;NA
OPS;EMS;OPS;HK;OK;INC000015523637;Priority 3;NA
OPS;EMS;OPS;HK;OK;INC000015523651;Priority 3;NA
OPS;EDS;OPS;INC;OK;INC000015523818;Priority 3;NA
L1;MNT;MON;SR;OK;INC000015524003;Priority 4;NA
L1;MNT;MON;SR;OK;INC000015524038;Priority 4;NA
L1;BWI;L1 ;INC;OK;INC000015524075;Priority 4;NA
FUN;812;FUN;INC;OK;INC000015524268;Priority 4;NA
FUN;DXE;FUN;INC;OK;INC000015524303;Priority 3;NA
FIN;812;FUN;INC;OK;INC000015524468;Priority 4;NA
FIN;DCF;FUN;INC;OK;INC000015524616;Priority 4;NA
FUN;812;FUN;INC;OK;INC000015524858;Priority 3;NA
FUN;BWI;FUN;SR;OK;INC000015525152;Priority 4;NA
OPS;EDS;OPS;HK;OK;INC000015525163;Priority 4;NA
FUN;DCF;FUN;INC;OK;INC000015525213;Priority 3;NA
L1;BWI;L1 ;INC;OK;INC000015525247;Priority 4;NA
APS;ETH;APS;INC;OK;INC000015525378;Priority 4;NA
SEC;WS;SEC;SR;OK;INC000015525509;Priority 4;NA
CNC;812;L1 ;INC;OK;INC000015525535;Priority 3;NA
FUN;812;FUN;INC;OK;INC000015525547;Priority 4;NA
TEC;DCF;TEC;INC;OK;INC000015525579;Priority 3;NA
FUN;BWI;FUN;INC;OK;INC000015525625;Priority 4;NA
FUN;WS;FUN;INC;OK;INC000015525647;Priority 4;NA
TEC;DCF;TEC;INC;OK;INC000015525673;Priority 3;NA
DBA;812;DBA;INC;OK;INC000015525690;Priority 3;NA
FUN;812;FUN;INC;OK;INC000015525843;Priority 4;NA
FUN;BWI;FUN;INC;OK;INC000015526181;Priority 4;NA
FIN;812;FUN;INC;OK;INC000015526231;Priority 4;NA
FUN;812;FUN;INC;OK;INC000015526369;Priority 4;NA
FUN;BWI;FUN;INC;OK;INC000015526401;Priority 3;NA
FUN;BWI;FUN;INC;OK;INC000015526551;Priority 4;NA
FUN;BWI;FUN;INC;OK;INC000015526727;Priority 4;NA
L1;BWI;L1 ;INC;OK;INC000015527082;Priority 3;NA
APS;ETH;APS;INC;OK;INC000015527091;Priority 4;NA
APS;ETH;APS;INC;OK;INC000015527092;Priority 4;NA
APS;ETH;APS;INC;OK;INC000015527094;Priority 4;NA
APS;ETH;APS;INC;OK;INC000015527095;Priority 4;NA
APS;ETH;APS;INC;OK;INC000015527096;Priority 4;NA
APS;ETH;APS;INC;OK;INC000015527097;Priority 4;NA
APS;ETH;APS;INC;OK;INC000015527098;Priority 4;NA
APS;ETH;APS;INC;OK;INC000015527099;Priority 4;NA
L1;BWI;L1 ;INC;OK;INC000015527218;Priority 3;NA
SEC;WS;SEC;SR;OK;INC000015527346;Priority 4;NA
L1;BWI;L1 ;INC;OK;INC000015527358;Priority 4;NA
OPS;EDS;OPS;HK;OK;INC000015527446;Priority 4;NA
L1;BWI;L1 ;INC;OK;INC000015527541;Priority 4;NA
SEC;DPY;SEC;INC;OK;INC000015528111;Priority 4;NA
CNC;EMS;OPS;INC;OK;INC000015528882;Priority 4;NA
FUN;ETH;FUN;INC;OK;INC000015529069;Priority 4;NA
SCH;LAT;SCH;INC;OK;INC000015529224;Priority 3;NA
APS;EES;APS;INC;OK;INC000015529387;Priority 4;NA
OPS;EDS;OPS;HK;OK;INC000015529698;Priority 4;NA
DBA;812;DBA;INC;OK;INC000015529907;Priority 3;NA
FUN;BWI;FUN;INC;OK;INC000015530020;Priority 3;NA
OPS;EDS;OPS;HK;OK;INC000015530378;Priority 3;NA
FUN;WS;FUN;INC;OK;INC000015531057;Priority 3;NA
CNC;BWI;CNC;INC;OK;INC000015531542;Priority 2;NA
DBA;812;DBA;INC;OK;INC000015531653;Priority 3;NA
OPS;EDS;OPS;HK;OK;INC000015531863;Priority 4;NA
SCH;LAT;SCH;INC;OK;INC000015532289;Priority 3;NA
SCH;LAT;SCH;INC;OK;INC000015532290;Priority 3;NA
SCH;LAT;SCH;INC;OK;INC000015532292;Priority 3;NA
SCH;LAT;SCH;INC;OK;INC000015532293;Priority 3;NA
SCH;LAT;SCH;INC;OK;INC000015532294;Priority 3;NA
SCH;LAT;SCH;INC;OK;INC000015532295;Priority 3;NA
SCH;LAT;SCH;INC;OK;INC000015532296;Priority 3;NA
SCH;LAT;SCH;INC;OK;INC000015532301;Priority 3;NA
SCH;LAT;SCH;INC;OK;INC000015532302;Priority 3;NA
SCH;LAT;SCH;INC;OK;INC000015532303;Priority 3;NA
L1;MNT;MON;SR;OK;INC000015532455;Priority 4;NA
TEC;DCF;TEC;INC;OK;INC000015533024;Priority 3;NA
FUN;WS;FUN;INC;OK;INC000015533044;Priority 3;NA
APS;DCF;APS;INC;OK;INC000015533106;Priority 4;NA
FUN;812;FUN;INC;OK;INC000015533199;Priority 4;NA
FUN;812;FUN;INC;OK;INC000015533348;Priority 3;NA
FIN;812;FUN;INC;OK;INC000015533374;Priority 4;NA
FUN;DCF;FUN;INC;OK;INC000015533441;Priority 3;NA
L1;812;MON;INC;OK;INC000015533487;Priority 4;NA
OPS;EMS;OPS;HK;OK;INC000015533679;Priority 3;NA
L1;812;MON;SR;OK;INC000015533878;Priority 4;NA
FUN;812;FUN;INC;OK;INC000015534101;Priority 4;NA
FIN;812;FUN;INC;OK;INC000015534252;Priority 4;NA
FUN;812;FUN;INC;OK;INC000015534322;Priority 4;NA
FUN;812;FUN;INC;OK;INC000015534386;Priority 4;NA
FIN;812;FUN;INC;OK;INC000015534612;Priority 4;NA
FUN;BWI;FUN;SR;OK;INC000015534701;Priority 2;NA
FUN;BWI;FUN;SR;OK;INC000015534715;Priority 4;NA
FUN;BWI;FUN;SR;OK;INC000015534837;Priority 4;NA
L1;MNT;MON;SR;OK;INC000015534944;Priority 4;NA
FUN;812;FUN;INC;OK;INC000015535240;Priority 4;NA
L1;BWI;L1 ;INC;OK;INC000015535283;Priority 3;NA
L1;812;MON;INC;OK;INC000015535302;Priority 4;NA
FUN;812;FUN;INC;OK;INC000015535401;Priority 3;NA
APS;ETH;APS;INC;OK;INC000015535482;Priority 3;NA
TEC;DCF;TEC;INC;OK;INC000015535534;Priority 3;NA
CNC;812;L1 ;INC;OK;INC000015535713;Priority 3;NA
L1;MNT;MON;SR;OK;INC000015536251;Priority 4;NA
FUN;BWI;FUN;SR;OK;INC000015536666;Priority 4;NA
L1;BWI;L1 ;INC;OK;INC000015536711;Priority 3;NA
FUN;LAT;FUN;INC;Defect;INC000015537315;Priority 3;NA
FUN;LAT;FUN;SR;OK;INC000015537464;Priority 3;NA
FUN;LAT;FUN;SR;OK;INC000015537541;Priority 3;NA
FUN;LAT;FUN;SR;OK;INC000015537623;Priority 3;NA
SEC;ETH;SEC;INC;Defect;INC000015538162;Priority 3;NA
FUN;DCF;FUN;INC;OK;INC000015539209;Priority 3;NA
FUN;DCF;FUN;INC;OK;INC000015539646;Priority 3;NA
FUN;DCF;FUN;INC;OK;INC000015539654;Priority 3;NA
TEC;DCF;TEC;INC;OK;INC000015540062;Priority 3;NA
SEC;WS;SEC;SR;OK;INC000015540173;Priority 3;NA
FIN;DCF;FUN;INC;OK;INC000015540233;Priority 4;NA
FIN;DCF;FUN;INC;OK;INC000015540469;Priority 4;NA
FUN;ETH;FUN;INC;OK;INC000015540954;Priority 3;NA
FUN;812;FUN;INC;OK;INC000015541075;Priority 3;NA
FUN;ETH;FUN;INC;OK;INC000015541109;Priority 4;NA
FUN;812;FUN;INC;OK;INC000015541117;Priority 4;NA
DBA;812;DBA;INC;OK;INC000015541149;Priority 3;NA
FIN;812;FUN;INC;OK;INC000015541267;Priority 4;NA
FIN;812;FUN;INC;OK;INC000015541474;Priority 4;NA
APS;EES;APS;INC;OK;INC000015541966;Priority 4;NA
SEC;EMS;SEC;INC;OK;INC000015542444;Priority 3;NA
L1;BWI;L1 ;INC;OK;INC000015542564;Priority 3;NA
L1;BWI;L1 ;INC;OK;INC000015542635;Priority 4;NA
DCF;DCF;FUN;INC;OK;INC000015542649;Priority 3;NA
FIN;BWI;FUN;INC;OK;INC000015542787;Priority 4;NA
L1;BWI;L1 ;INC;OK;INC000015543247;Priority 4;NA
OPS;WS;OPS;INC;OK;INC000015543402;Priority 3;NA
CNC;ETH;CNC;INC;OK;INC000015543561;Priority 3;NA
CNC;ETH;CNC;INC;OK;INC000015543566;Priority 4;NA
FUN;LAT;FUN;SR;OK;INC000015543621;Priority 3;NA
FUN;LAT;FUN;SR;OK;INC000015543650;Priority 4;NA
L1;BWI;L1 ;INC;OK;INC000015543893;Priority 4;NA
L1;BWI;L1 ;INC;OK;INC000015544025;Priority 4;NA
FUN;BWI;FUN;INC;OK;INC000015544088;Priority 4;NA
OPS;EDS;OPS;HK;OK;INC000015544693;Priority 4;NA
L1;MNT;MON;SR;OK;INC000015544844;Priority 4;NA
FUN;DCF;FUN;SR;OK;INC000015545436;Priority 4;NA
FUN;812;FUN;INC;OK;INC000015545502;Priority 4;NA
CNC;812;L1 ;SR;OK;INC000015545645;Priority 4;NA
FUN;812;FUN;INC;OK;INC000015545992;Priority 3;NA
FUN;WS;FUN;INC;OK;INC000015546234;Priority 4;NA
FUN;812;FUN;INC;OK;INC000015546268;Priority 4;NA
FIN;812;FUN;INC;OK;INC000015546344;Priority 3;NA
L1;BWI;L1 ;INC;OK;INC000015546599;Priority 4;NA
FIN;812;FUN;INC;OK;INC000015546912;Priority 4;NA
L1;BWI;L1 ;INC;OK;INC000015546967;Priority 4;NA
FUN;BWI;FUN;INC;OK;INC000015546968;Priority 4;NA
L1;BWI;L1 ;INC;OK;INC000015546979;Priority 4;NA
FUN;DCF;FUN;INC;OK;INC000015546998;Priority 4;NA
TEC;DCF;TEC;INC;OK;INC000015547283;Priority 4;NA
FUN;LAT;FUN;INC;OK;INC000015547522;Priority 4;NA
FIN;812;FUN;INC;OK;INC000015547643;Priority 4;NA
CNC;ETH;CNC;INC;OK;INC000015547730;Priority 3;NA
APS;ETH;APS;INC;OK;INC000015547954;Priority 4;NA
FUN;812;FUN;INC;OK;INC000015547967;Priority 4;NA
FUN;WS;FUN;INC;OK;INC000015548082;Priority 3;NA
FUN;LAT;FUN;SR;OK;INC000015548230;Priority 3;NA
APS;ETH;APS;INC;OK;INC000015548914;Priority 4;NA
APS;ETH;APS;INC;OK;INC000015548915;Priority 4;NA
TEC;DCF;TEC;INC;OK;INC000015548973;Priority 3;NA
APS;EES;APS;INC;OK;INC000015549044;Priority 4;NA
DBA;812;DBA;INC;OK;INC000015549668;Priority 3;NA
SEC;WS;SEC;INC;OK;INC000015550078;Priority 3;NA
FUN;BWI;FUN;SR;OK;INC000015550617;Priority 3;NA
CNC;812;L1 ;INC;OK;INC000015550851;Priority 4;NA
CNC;MNT;CNC;INC;OK;INC000015551234;Priority 4;NA
FUN;DCF;FUN;INC;OK;INC000015551237;Priority 3;NA
FUN;DCF;FUN;SR;OK;INC000015551307;Priority 3;NA
FIN;812;FUN;INC;OK;INC000015551321;Priority 4;NA
FUN;DCF;FUN;INC;OK;INC000015551381;Priority 4;NA
CNC;MNT;CNC;INC;OK;INC000015551664;Priority 3;NA
FUN;812;FUN;INC;OK;INC000015551713;Priority 4;NA
APS;DCF;APS;INC;OK;INC000015552125;Priority 4;NA
FUN;BWI;FUN;INC;OK;INC000015552325;Priority 4;NA
FUN;DCF;FUN;SR;OK;INC000015552338;Priority 4;NA
DBA;812;DBA;INC;OK;INC000015552761;Priority 4;NA
FUN;EES;FUN;INC;OK;INC000015553039;Priority 4;NA
CNC;EMS;OPS;INC;OK;INC000015553476;Priority 4;NA
LEAD;DCF;FUN;INC;OK;INC000015554091;Priority 3;NA
L1;BWI;L1 ;INC;OK;INC000015554117;Priority 3;NA
TEC;DCF;TEC;INC;OK;INC000015554131;Priority 3;NA
L1;BWI;L1 ;INC;OK;INC000015554238;Priority 3;NA
FUN;LAT;FUN;INC;OK;INC000015554268;Priority 4;NA
TEC;EMS;OPS;HK;OK;INC000015554311;Priority 3;NA
SEC;WS;SEC;INC;OK;INC000015554540;Priority 3;NA
FUN;BWI;FUN;INC;OK;INC000015554562;Priority 4;NA
DCF;DCF;FUN;SR;OK;INC000015554648;Priority 3;NA
L1;BWI;L1 ;INC;OK;INC000015554712;Priority 4;NA
FUN;LAT;FUN;INC;OK;INC000015554819;Priority 3;NA
FUN;LAT;FUN;INC;OK;INC000015554826;Priority 3;NA
L1;BWI;L1 ;INC;OK;INC000015554843;Priority 4;NA
FUN;BWI;FUN;INC;OK;INC000015554951;Priority 4;NA
L1;BWI;L1 ;INC;OK;INC000015555014;Priority 4;NA
CNC;LAT;CNC;INC;OK;INC000015555332;Priority 3;NA
CNC;ETH;L1 ;INC;OK;INC000015555774;Priority 4;NA
L1;812;MON;SR;OK;INC000015556091;Priority 4;NA
CNC;EMS;OPS;INC;OK;INC000015556220;Priority 4;NA
FIN;DCF;FUN;INC;OK;INC000015556400;Priority 3;NA
DBA;812;DBA;INC;OK;INC000015556408;Priority 4;NA
FIN;812;FUN;INC;OK;INC000015556410;Priority 4;NA
FIN;812;FUN;INC;OK;INC000015556451;Priority 3;NA
FUN;MNT;FUN;INC;OK;INC000015556666;Priority 4;NA
FUN;LAT;FUN;INC;OK;INC000015557232;Priority 4;NA
FIN;812;FUN;INC;OK;INC000015557304;Priority 4;NA
TEC;DCF;TEC;INC;OK;INC000015557494;Priority 3;NA
L1;EMS;OPS;INC;OK;INC000015557631;Priority 4;NA
FUN;LAT;FUN;SR;OK;INC000015558106;Priority 3;NA
L1;BWI;L1 ;INC;OK;INC000015558138;Priority 3;NA
APS;ETH;APS;INC;OK;INC000015558518;Priority 3;NA
SEC;WS;SEC;INC;OK;INC000015559198;Priority 4;NA
TEC;DCF;TEC;INC;OK;INC000015559318;Priority 4;NA
FUN;BWI;FUN;INC;OK;INC000015559378;Priority 4;NA
FUN;LAT;FUN;INC;OK;INC000015559392;Priority 3;NA
FUN;LAT;FUN;INC;OK;INC000015559470;Priority 3;NA
DBA;812;DBA;INC;OK;INC000015559819;Priority 3;NA
L1;BWI;L1 ;INC;OK;INC000015559928;Priority 3;NA
LEAD;DCF;FUN;INC;OK;INC000015560941;Priority 3;NA
SEC;WS;SEC;INC;OK;INC000015561003;Priority 4;NA
OPS;EDS;OPS;HK;OK;INC000015561251;Priority 4;NA
CNC;DCF;CNC;INC;OK;INC000015561703;Priority 3;NA
APS;DCF;APS;INC;OK;INC000015561983;Priority 3;NA
OPS;EDS;OPS;HK;OK;INC000015562465;Priority 4;NA
OPS;EMS;OPS;INC;OK;INC000015563692;Priority 3;NA
FUN;812;FUN;INC;OK;INC000015563709;Priority 4;NA
CNC;812;L1 ;INC;OK;INC000015563787;Priority 4;NA
OPS;EMS;OPS;HK;OK;INC000015563979;Priority 4;NA
SEC;EMS;SEC;INC;OK;INC000015564163;Priority 3;NA
FIN;812;FUN;INC;OK;INC000015564224;Priority 4;NA
L1;812;MON;SR;OK;INC000015564526;Priority 4;NA
FIN;812;FUN;INC;OK;INC000015564600;Priority 3;NA
TEC;DCF;TEC;INC;OK;INC000015564667;Priority 3;NA
L1;MNT;MON;SR;OK;INC000015564797;Priority 4;NA
FUN;BWI;FUN;INC;OK;INC000015565102;Priority 4;NA
FUN;BWI;FUN;INC;OK;INC000015565172;Priority 3;NA
FUN;BWI;FUN;INC;OK;INC000015565609;Priority 3;NA
CNC;EMS;OPS;INC;OK;INC000015566327;Priority 4;NA
FUN;ETH;FUN;INC;OK;INC000015566344;Priority 3;NA
L1;MNT;MON;SR;OK;INC000015566987;Priority 4;NA
L1;BWI;L1 ;INC;OK;INC000015567620;Priority 4;NA
L1;BWI;L1 ;INC;OK;INC000015567868;Priority 4;NA
APS;ETH;APS;INC;OK;INC000015567899;Priority 3;NA
SEC;WS;SEC;INC;OK;INC000015568443;Priority 3;NA
FIN;812;FUN;INC;OK;INC000015570039;Priority 4;NA
FUN;WS;FUN;INC;OK;INC000015570045;Priority 3;NA
FUN;812;FUN;INC;OK;INC000015570155;Priority 3;NA
FIN;DXE;FUN;INC;OK;INC000015570219;Priority 3;NA
CNC;812;L1 ;INC;OK;INC000015570231;Priority 3;NA
FIN;DXE;FUN;INC;OK;INC000015570233;Priority 3;NA
CNC;812;L1 ;INC;OK;INC000015570321;Priority 4;NA
CNC;812;L1 ;INC;OK;INC000015570350;Priority 3;NA
CNC;812;L1 ;INC;OK;INC000015570369;Priority 3;NA
CNC;812;L1 ;INC;OK;INC000015570407;Priority 3;NA
CNC;812;L1 ;INC;OK;INC000015570514;Priority 4;NA
CNC;812;CNC;INC;OK;INC000015570519;Priority 4;NA
CNC;812;L1 ;INC;OK;INC000015570531;Priority 4;NA
FUN;812;FUN;INC;OK;INC000015571433;Priority 4;NA
FUN;BWI;FUN;INC;OK;INC000015571499;Priority 4;NA
SEC;812;SEC;INC;OK;INC000015571508;Priority 4;NA
FUN;DCF;FUN;INC;OK;INC000015571586;Priority 3;NA
TEC;DCF;TEC;INC;OK;INC000015571593;Priority 3;NA
APS;EES;APS;INC;OK;INC000015571673;Priority 4;NA
DBA;812;DBA;INC;OK;INC000015571784;Priority 4;NA
CNC;EMS;OPS;INC;OK;INC000015571939;Priority 4;NA
FIN;DCF;FUN;INC;OK;INC000015571965;Priority 4;NA
SEC;WS;SEC;INC;OK;INC000015572019;Priority 3;NA
TEC;DCF;TEC;INC;OK;INC000015572070;Priority 3;NA
FUN;WS;FUN;INC;OK;INC000015572162;Priority 4;NA
FUN;812;FUN;INC;OK;INC000015572531;Priority 4;NA
SEC;812;SEC;INC;OK;INC000015572633;Priority 4;NA
FUN;LAT;FUN;INC;OK;INC000015572847;Priority 3;NA
SEC;WS;SEC;INC;OK;INC000015572907;Priority 3;NA
SCH;BWI;SCH;INC;OK;INC000015572996;Priority 3;NA
FUN;DCF;FUN;INC;OK;INC000015572998;Priority 4;NA
FUN;LAT;FUN;INC;OK;INC000015573789;Priority 4;NA
FUN;LAT;FUN;INC;OK;INC000015573910;Priority 4;NA
L1;BWI;L1 ;INC;OK;INC000015574045;Priority 3;NA
L1;BWI;L1 ;INC;OK;INC000015574059;Priority 3;NA
L1;BWI;L1 ;INC;OK;INC000015574587;Priority 4;NA
L1;BWI;L1 ;INC;OK;INC000015574776;Priority 3;NA
FUN;BWI;FUN;SR;OK;INC000015574789;Priority 4;NA
L1;BWI;L1 ;INC;OK;INC000015574853;Priority 3;NA
FUN;812;FUN;INC;OK;INC000015574879;Priority 4;NA
OPS;EMS;OPS;HK;OK;INC000015574887;Priority 3;NA
L1;MNT;MON;SR;OK;INC000015574947;Priority 4;NA
FUN;LAT;FUN;INC;OK;INC000015574952;Priority 3;NA
L1;BWI;L1 ;SR;OK;INC000015575394;Priority 4;NA
FUN;DCF;FUN;INC;OK;INC000015576082;Priority 3;NA
OPS;EDS;OPS;HK;OK;INC000015576872;Priority 4;NA
CNC;812;L1 ;INC;OK;INC000015577377;Priority 3;NA
CNC;812;L1 ;INC;OK;INC000015577671;Priority 3;NA
CNC;812;L1 ;INC;OK;INC000015577811;Priority 3;NA
FUN;ETH;FUN;INC;OK;INC000015577888;Priority 3;NA
DBA;812;DBA;INC;OK;INC000015577956;Priority 3;NA
FUN;812;FUN;INC;OK;INC000015578018;Priority 3;NA
FUN;DCF;FUN;INC;OK;INC000015578190;Priority 3;NA
FUN;DCF;FUN;INC;OK;INC000015578735;Priority 3;NA
FUN;BWI;FUN;INC;OK;INC000015578893;Priority 4;NA
L1;BWI;L1 ;INC;OK;INC000015580044;Priority 3;NA
FUN;DCF;FUN;SR;OK;INC000015580094;Priority 4;NA
APS;EES;APS;INC;OK;INC000015580216;Priority 4;NA
CNC;812;CNC;INC;OK;INC000015580220;Priority 4;NA
L1;EMS;OPS;INC;OK;INC000015580384;Priority 4;NA
L1;MNT;MON;INC;OK;INC000015580395;Priority 4;NA
OPS;EMS;OPS;HK;OK;INC000015580826;Priority 3;NA
SEC;812;SEC;INC;OK;INC000015580849;Priority 3;NA
DCF;DCF;FUN;SR;OK;INC000015580853;Priority 3;NA
L1;BWI;L1 ;INC;OK;INC000015581068;Priority 3;NA
FUN;ETH;FUN;INC;OK;INC000015581484;Priority 3;NA
L1;BWI;L1 ;INC;OK;INC000015581697;Priority 3;NA
APS;ETH;APS;INC;OK;INC000015582020;Priority 4;NA
APS;ETH;APS;INC;OK;INC000015582021;Priority 4;NA
APS;ETH;APS;INC;OK;INC000015582022;Priority 4;NA
APS;ETH;APS;INC;OK;INC000015582023;Priority 4;NA
APS;ETH;APS;INC;OK;INC000015582024;Priority 4;NA
APS;ETH;APS;INC;OK;INC000015582025;Priority 4;NA
APS;ETH;APS;INC;OK;INC000015582026;Priority 4;NA
APS;ETH;APS;INC;OK;INC000015582027;Priority 4;NA
APS;ETH;APS;INC;OK;INC000015582028;Priority 4;NA
L1;BWI;L1 ;INC;OK;INC000015582039;Priority 3;NA
APS;ETH;APS;INC;OK;INC000015582059;Priority 4;NA
APS;ETH;APS;INC;OK;INC000015582060;Priority 4;NA
L1;BWI;L1 ;INC;OK;INC000015582251;Priority 4;NA
L1;BWI;L1 ;INC;OK;INC000015582771;Priority 4;NA
L1;BWI;L1 ;INC;OK;INC000015583640;Priority 4;NA
FUN;812;FUN;INC;OK;INC000015584803;Priority 4;NA
FUN;WS;FUN;INC;OK;INC000015585099;Priority 4;NA
CNC;812;CNC;INC;OK;INC000015585229;Priority 4;NA
FIN;812;FUN;INC;OK;INC000015585742;Priority 4;NA
FUN;DCF;FUN;SR;OK;INC000015586423;Priority 4;NA
SEC;812;SEC;INC;OK;INC000015586723;Priority 4;NA
L1;812;MON;INC;OK;INC000015586741;Priority 4;NA
FIN;812;FUN;INC;OK;INC000015586837;Priority 4;NA
FUN;812;FUN;INC;OK;INC000015587429;Priority 4;NA
FUN;BWI;FUN;INC;Defect;INC000015588084;Priority 4;NA
CNC;ETH;CNC;INC;OK;INC000015588426;Priority 4;NA
L1;BWI;FUN;INC;OK;INC000015588743;Priority 4;NA
APS;ETH;APS;INC;OK;INC000015589028;Priority 4;NA
APS;ETH;APS;INC;OK;INC000015589029;Priority 4;NA
APS;ETH;APS;INC;OK;INC000015589031;Priority 4;NA
APS;ETH;APS;INC;OK;INC000015589032;Priority 4;NA
APS;ETH;APS;INC;OK;INC000015589033;Priority 4;NA
APS;ETH;APS;INC;OK;INC000015589034;Priority 4;NA
APS;ETH;APS;INC;OK;INC000015589035;Priority 4;NA
APS;ETH;APS;INC;OK;INC000015589036;Priority 4;NA
APS;ETH;APS;INC;OK;INC000015589163;Priority 4;NA
APS;ETH;APS;INC;OK;INC000015589235;Priority 4;NA
FIN;LAT;FUN;INC;OK;INC000015589308;Priority 4;NA
L1;BWI;L1 ;INC;OK;INC000015589384;Priority 4;NA
L1;BWI;L1 ;INC;OK;INC000015589411;Priority 4;NA
OPS;EMS;OPS;HK;OK;INC000015590672;Priority 4;NA
OPS;WS;OPS;INC;OK;INC000015591450;Priority 4;NA
FIN;DCF;FUN;INC;OK;INC000015591591;Priority 4;NA
CNC;812;CNC;INC;OK;INC000015592087;Priority 4;NA
FUN;812;FUN;INC;OK;INC000015592100;Priority 4;NA
L1;812;MON;SR;OK;INC000015592371;Priority 4;NA
FIN;812;FUN;INC;OK;INC000015592671;Priority 4;NA
FUN;WS;FUN;INC;OK;INC000015592772;Priority 4;NA
FUN;812;FUN;INC;OK;INC000015592871;Priority 4;NA
L1;DPY;MON;SR;OK;INC000015592889;Priority 4;NA
FUN;BWI;FUN;INC;OK;INC000015592953;Priority 4;NA
FUN;BWI;FUN;INC;OK;INC000015592977;Priority 4;NA
L1;BWI;L1 ;INC;OK;INC000015593000;Priority 4;NA
FUN;ETH;FUN;INC;OK;INC000015593231;Priority 4;NA
FUN;812;FUN;INC;OK;INC000015593237;Priority 4;NA
CNC;DCF;CNC;INC;OK;INC000015593297;Priority 4;NA
FUN;812;FUN;INC;OK;INC000015595040;Priority 4;NA
APS;ETH;APS;INC;OK;INC000015595261;Priority 4;NA
APS;ETH;APS;INC;OK;INC000015595262;Priority 4;NA
APS;ETH;APS;INC;OK;INC000015595263;Priority 4;NA
APS;ETH;APS;INC;OK;INC000015595264;Priority 4;NA
APS;ETH;APS;INC;OK;INC000015595266;Priority 4;NA
APS;ETH;APS;INC;OK;INC000015595268;Priority 4;NA
APS;ETH;APS;INC;OK;INC000015595346;Priority 4;NA
FIN;BWI;FUN;INC;OK;INC000015595417;Priority 4;NA
L1;BWI;FUN;INC;OK;INC000015595789;Priority 4;NA
FUN;ETH;FUN;INC;OK;INC000015596415;Priority 4;NA
L1;MNT;MON;SR;OK;INC000015596791;Priority 4;NA
OPS;EMS;OPS;HK;OK;INC000015598087;Priority 4;NA
OPS;WS;OPS;INC;OK;INC000015598910;Priority 4;NA
L1;812;MON;SR;OK;INC000015601005;Priority 4;NA
FIN;812;FUN;INC;OK;INC000015601353;Priority 4;NA
CNC;DXE;CNC;INC;OK;INC000015601689;Priority 4;NA
FUN;DCF;FUN;INC;OK;INC000015601738;Priority 4;NA
FUN;DCF;FUN;INC;OK;INC000015601989;Priority 4;NA
APS;ETH;APS;INC;OK;INC000015602134;Priority 4;NA
CNC;812;CNC;INC;OK;INC000015602158;Priority 4;NA
FIN;DCF;FUN;INC;OK;INC000015602603;Priority 4;NA
FIN;812;FUN;INC;OK;INC000015603007;Priority 4;NA
FIN;812;FUN;INC;OK;INC000015603058;Priority 4;NA
FIN;812;FUN;INC;OK;INC000015603239;Priority 4;NA
L1;812;MON;SR;OK;INC000015603572;Priority 4;NA
FIN;812;FUN;INC;OK;INC000015603761;Priority 4;NA
FUN;DCF;FUN;INC;OK;INC000015604373;Priority 4;NA
OPS;EMS;OPS;INC;OK;INC000015604753;Priority 4;NA
FUN;BWI;FUN;INC;OK;INC000015604901;Priority 4;NA
CNC;BWI;CNC;INC;OK;INC000015605092;Priority 4;NA
FUN;BWI;FUN;SR;OK;INC000015605182;Priority 4;NA
FIN;DCF;FUN;INC;OK;INC000015605309;Priority 4;NA
FUN;812;FUN;INC;OK;INC000015605569;Priority 4;NA
FUN;LAT;FUN;INC;OK;INC000015606087;Priority 4;NA
FUN;BWI;FUN;INC;OK;INC000015607383;Priority 4;NA
FIN;812;FUN;INC;OK;INC000015608304;Priority 4;NA
FIN;812;FUN;INC;OK;INC000015608682;Priority 4;NA
FUN;812;FUN;INC;OK;INC000015608686;Priority 4;NA
CNC;DXE;CNC;INC;OK;INC000015608773;Priority 4;NA
FIN;812;FUN;INC;OK;INC000015608916;Priority 4;NA
FIN;812;FUN;INC;OK;INC000015609642;Priority 4;NA
FUN;MNT;FUN;INC;OK;INC000015609730;Priority 4;NA
FIN;DCF;FUN;INC;OK;INC000015610010;Priority 4;NA
MNT;MNT;FUN;INC;OK;INC000015610162;Priority 4;NA
FUN;ETH;FUN;INC;OK;INC000015610486;Priority 4;NA
FUN;DXE;FUN;INC;OK;INC000015610602;Priority 4;NA
FUN;BWI;FUN;INC;OK;INC000015610835;Priority 4;NA
FUN;812;FUN;INC;OK;INC000015610942;Priority 4;NA
OPS;WS;OPS;SR;OK;INC000015611237;Priority 4;NA
FIN;812;FUN;INC;OK;INC000015611834;Priority 4;NA
L1;MNT;MON;SR;OK;INC000015612002;Priority 4;NA
L1;BWI;L1 ;INC;OK;INC000015612335;Priority 4;NA
FUN;LAT;FUN;INC;OK;INC000015612419;Priority 4;NA
APS;DCF;APS;INC;OK;INC000015612870;Priority 4;NA
FUN;812;FUN;INC;OK;INC000015613389;Priority 4;NA
FIN;812;FUN;INC;OK;INC000015615249;Priority 4;NA
FUN;812;FUN;INC;OK;INC000015615490;Priority 4;NA
FUN;812;FUN;INC;OK;INC000015615986;Priority 4;NA
FUN;812;FUN;INC;OK;INC000015616065;Priority 4;NA
FUN;812;FUN;INC;OK;INC000015616570;Priority 4;NA
FUN;BWI;FUN;INC;OK;INC000015616627;Priority 4;NA
APS;ETH;APS;INC;OK;INC000015616743;Priority 4;NA
FIN;812;FUN;INC;OK;INC000015616905;Priority 4;NA
FUN;812;FUN;INC;OK;INC000015617112;Priority 4;NA
FIN;812;FUN;INC;OK;INC000015617220;Priority 4;NA
CNC;LAT;CNC;INC;OK;INC000015617260;Priority 4;NA
FIN;812;FUN;INC;OK;INC000015617376;Priority 4;NA
FIN;812;FUN;INC;OK;INC000015617636;Priority 4;NA
TEC;DCF;TEC;INC;OK;INC000015617655;Priority 4;NA
FUN;DXE;FUN;INC;OK;INC000015617738;Priority 4;NA
FIN;812;FUN;INC;OK;INC000015617873;Priority 4;NA
FIN;DCF;FUN;INC;OK;INC000015618034;Priority 4;NA
FIN;812;FUN;INC;OK;INC000015618320;Priority 4;NA
FUN;LAT;FUN;INC;OK;INC000015618475;Priority 4;NA
FUN;812;FUN;INC;OK;INC000015618705;Priority 4;NA
FUN;DCF;FUN;INC;OK;INC000015619107;Priority 4;NA
APS;ETH;APS;INC;OK;INC000015619179;Priority 4;NA
APS;ETH;APS;INC;OK;INC000015619180;Priority 4;NA
APS;ETH;APS;INC;OK;INC000015619182;Priority 4;NA
APS;ETH;APS;INC;OK;INC000015619184;Priority 4;NA
APS;ETH;APS;INC;OK;INC000015619185;Priority 4;NA
APS;ETH;APS;INC;OK;INC000015619186;Priority 4;NA
APS;ETH;APS;INC;OK;INC000015619187;Priority 4;NA
APS;ETH;APS;INC;OK;INC000015619189;Priority 4;NA
0;ETH;FUN;INC;OK;INC000015619324;Priority 4;NA
FUN;LAT;FUN;INC;OK;INC000015619732;Priority 4;NA
L1;BWI;L1 ;SR;OK;INC000015619930;Priority 4;NA
FIN;DCF;FUN;INC;OK;INC000015621483;Priority 4;NA
FUN;DCF;FUN;INC;OK;INC000015621865;Priority 4;NA
FIN;812;INS;INC;OK;INC000015621975;Priority 4;NA
FIN;812;FUN;INC;OK;INC000015622124;Priority 4;NA
SEC;EDS;SEC;INC;OK;INC000015622257;Priority 3;NA
L1;812;MON;SR;OK;INC000015622446;Priority 4;NA
FIN;812;FUN;INC;OK;INC000015622563;Priority 4;NA
FUN;COR;FUN;INC;OK;INC000015622567;Priority 4;NA
FUN;BWI;FUN;INC;OK;INC000015622679;Priority 4;NA
FIN;812;FUN;INC;OK;INC000015622844;Priority 4;NA
FIN;812;FUN;INC;OK;INC000015623009;Priority 4;NA
FIN;812;FUN;INC;OK;INC000015623192;Priority 4;NA
FIN;812;FUN;INC;OK;INC000015623229;Priority 3;NA
L1;812;MON;INC;OK;INC000015623564;Priority 3;NA
FIN;812;FUN;INC;OK;INC000015623628;Priority 3;NA
FUN;DCF;FUN;INC;OK;INC000015623697;Priority 3;NA
FUN;812;FUN;INC;OK;INC000015623802;Priority 3;NA
FUN;LAT;FUN;SR;OK;INC000015623861;Priority 4;NA
L1;MNT;MON;SR;OK;INC000015623981;Priority 3;NA
L1;BWI;L1 ;INC;OK;INC000015624400;Priority 3;NA
L1;BWI;L1 ;INC;OK;INC000015624520;Priority 3;NA
CNC;DCF;CNC;INC;OK;INC000015624677;Priority 4;NA
APS;ETH;APS;INC;OK;INC000015625005;Priority 4;NA
APS;ETH;APS;INC;OK;INC000015625007;Priority 4;NA
APS;ETH;APS;INC;OK;INC000015625008;Priority 4;NA
APS;ETH;APS;INC;OK;INC000015625009;Priority 4;NA
APS;ETH;APS;INC;OK;INC000015625010;Priority 4;NA
APS;ETH;APS;INC;OK;INC000015625013;Priority 4;NA
APS;ETH;APS;INC;OK;INC000015625014;Priority 4;NA
FUN;LAT;FUN;INC;OK;INC000015625022;Priority 3;NA
L1;BWI;L1 ;INC;OK;INC000015625077;Priority 4;NA
L1;BWI;L1 ;INC;OK;INC000015625371;Priority 3;NA
FUN;LAT;FUN;INC;OK;INC000015625666;Priority 3;NA
FUN;ETH;FUN;INC;OK;INC000015625911;Priority 3;NA
L1;BWI;L1 ;INC;OK;INC000015626005;Priority 4;NA
FUN;WS;FUN;INC;OK;INC000015626487;Priority 4;NA
FUN;DCF;FUN;INC;OK;INC000015626675;Priority 3;NA
FUN;DXE;FUN;INC;OK;INC000015626896;Priority 3;NA
CNC;DCF;CNC;INC;OK;INC000015626933;Priority 4;NA
FUN;DCF;FUN;SR;OK;INC000015627017;Priority 4;NA
FUN;812;FUN;INC;OK;INC000015627042;Priority 3;NA
L1;MNT;MON;SR;OK;INC000015627189;Priority 4;NA
FIN;812;FUN;INC;OK;INC000015627247;Priority 3;NA
FIN;812;FUN;INC;OK;INC000015627252;Priority 3;NA
L1;812;MON;SR;OK;INC000015627312;Priority 4;NA
FUN;DCF;FUN;SR;OK;INC000015627412;Priority 4;NA
FUN;812;FUN;INC;OK;INC000015627618;Priority 4;NA
FUN;812;FUN;INC;OK;INC000015627642;Priority 4;NA
APS;DCF;APS;INC;OK;INC000015627660;Priority 4;NA
L1;812;MON;INC;OK;INC000015627690;Priority 3;NA
FIN;812;FUN;INC;OK;INC000015627695;Priority 3;NA
FIN;812;FUN;INC;OK;INC000015627791;Priority 4;NA
FIN;812;FUN;INC;OK;INC000015628022;Priority 4;NA
0;ETH;FUN;INC;OK;INC000015628196;Priority 3;NA
FUN;BWI;FUN;INC;OK;INC000015628207;Priority 3;NA
FIN;812;FUN;INC;OK;INC000015628231;Priority 4;NA
L1;812;MON;SR;OK;INC000015628251;Priority 3;NA
FUN;812;FUN;INC;OK;INC000015628277;Priority 3;NA
FUN;812;FUN;INC;OK;INC000015628597;Priority 3;NA
L1;BWI;L1 ;INC;OK;INC000015628695;Priority 3;NA
L1;BWI;L1 ;INC;OK;INC000015628715;Priority 3;NA
FUN;BWI;FUN;SR;OK;INC000015628733;Priority 4;NA
FUN;BWI;FUN;INC;OK;INC000015628810;Priority 3;NA
FIN;812;FUN;INC;OK;INC000015629062;Priority 3;NA
L1;BWI;L1 ;INC;OK;INC000015629199;Priority 3;NA
FUN;812;FUN;INC;OK;INC000015629234;Priority 4;NA
FUN;EES;FUN;INC;OK;INC000015629400;Priority 4;NA
FUN;DCF;FUN;INC;OK;INC000015629643;Priority 3;NA
L1;BWI;L1 ;INC;OK;INC000015629653;Priority 3;NA
DCF;DCF;FUN;SR;OK;INC000015629673;Priority 4;NA
L1;BWI;L1 ;INC;OK;INC000015629773;Priority 3;NA
FUN;LAT;FUN;INC;OK;INC000015629870;Priority 3;NA
APS;ETH;APS;INC;OK;INC000015630007;Priority 4;NA
APS;ETH;APS;INC;OK;INC000015630008;Priority 4;NA
APS;ETH;APS;INC;OK;INC000015630012;Priority 4;NA
APS;ETH;APS;INC;OK;INC000015630015;Priority 4;NA
FUN;BWI;FUN;INC;OK;INC000015630605;Priority 4;NA
APS;DCF;APS;INC;OK;INC000015630929;Priority 4;NA
FUN;BWI;FUN;INC;OK;INC000015631087;Priority 3;NA
FIN;812;FUN;INC;OK;INC000015631251;Priority 3;NA
FIN;812;FUN;INC;OK;INC000015631253;Priority 4;NA
FIN;812;FUN;INC;OK;INC000015631308;Priority 4;NA
FIN;812;FUN;INC;OK;INC000015631310;Priority 4;NA
FIN;812;FUN;INC;OK;INC000015631394;Priority 3;NA
APS;DCF;APS;INC;OK;INC000015631603;Priority 4;NA
CNC;BWI;CNC;INC;OK;INC000015631953;Priority 3;NA
OPS;EMS;OPS;HK;OK;INC000015632319;Priority 3;NA
CNC;BWI;CNC;INC;OK;INC000015632364;Priority 3;NA
TEC;WS;OPS;HK;OK;INC000015632924;Priority 3;NA
TEC;WS;OPS;HK;OK;INC000015633492;Priority 4;NA
L1;MNT;MON;SR;OK;INC000015633710;Priority 4;NA
FUN;DCF;FUN;INC;OK;INC000015634530;Priority 3;NA
FUN;812;FUN;INC;OK;INC000015635066;Priority 4;NA
APS;DCF;APS;INC;OK;INC000015635297;Priority 3;NA
FUN;DCF;FUN;INC;OK;INC000015635410;Priority 3;NA
FUN;WS;FUN;INC;OK;INC000015635825;Priority 4;NA
FUN;812;FUN;INC;OK;INC000015636328;Priority 3;NA
FUN;BWI;FUN;SR;OK;INC000015636373;Priority 4;NA
FUN;BWI;FUN;INC;OK;INC000015636477;Priority 4;NA
FUN;ETH;FUN;INC;OK;INC000015636490;Priority 3;NA
TEC;DCF;TEC;INC;OK;INC000015636572;Priority 3;NA
CNC;ETH;CNC;INC;OK;INC000015636608;Priority 4;NA
FUN;BWI;FUN;SR;OK;INC000015637348;Priority 4;NA
FIN;DCF;FUN;INC;OK;INC000015637392;Priority 3;NA
0;ETH;FUN;INC;OK;INC000015637395;Priority 3;NA
FIN;DCF;FUN;INC;OK;INC000015637428;Priority 4;NA
FUN;DCF;FUN;INC;OK;INC000015637450;Priority 3;NA
L1;MNT;MON;SR;OK;INC000015637754;Priority 4;NA
FUN;LAT;FUN;INC;OK;INC000015637794;Priority 3;NA
FUN;LAT;FUN;INC;OK;INC000015637811;Priority 3;NA
APS;DCF;APS;INC;OK;INC000015637951;Priority 3;NA
FUN;LAT;FUN;INC;OK;INC000015637965;Priority 3;NA
FUN;LAT;FUN;INC;OK;INC000015637978;Priority 4;NA
APS;DCF;APS;INC;OK;INC000015638038;Priority 4;NA
FUN;LAT;FUN;INC;OK;INC000015638156;Priority 3;NA
DCF;DCF;FUN;INC;OK;INC000015638161;Priority 4;NA
FUN;LAT;FUN;INC;OK;INC000015638534;Priority 3;NA
FUN;LAT;FUN;INC;OK;INC000015638678;Priority 3;NA
FUN;LAT;FUN;INC;OK;INC000015638703;Priority 3;NA
FUN;BWI;FUN;SR;OK;INC000015638742;Priority 3;NA
L1;BWI;L1 ;SR;OK;INC000015638804;Priority 4;NA
L1;BWI;L1 ;INC;OK;INC000015638885;Priority 3;NA
APS;ETH;APS;INC;OK;INC000015639308;Priority 4;NA
L1;BWI;L1 ;INC;OK;INC000015639313;Priority 4;NA
CNC;LAT;CNC;INC;OK;INC000015639589;Priority 3;NA
CNC;LAT;CNC;INC;OK;INC000015639677;Priority 3;NA
L1;BWI;L1 ;INC;OK;INC000015639872;Priority 3;NA
FUN;LAT;FUN;INC;OK;INC000015640281;Priority 3;NA
OPS;EMS;OPS;HK;OK;INC000015640343;Priority 4;NA
OPS;EMS;OPS;HK;OK;INC000015640805;Priority 4;NA
FUN;BWI;FUN;INC;OK;INC000015641114;Priority 3;NA
DCF;DCF;FUN;INC;OK;INC000015641298;Priority 3;NA
L1;812;MON;SR;OK;INC000015641622;Priority 4;NA
CNC;812;CNC;INC;OK;INC000015641833;Priority 3;NA
FIN;DCF;FUN;INC;OK;INC000015642112;Priority 3;NA
FIN;812;INS;INC;OK;INC000015642180;Priority 4;NA
FIN;812;INS;INC;OK;INC000015642207;Priority 4;NA
FUN;DCF;FUN;INC;OK;INC000015642286;Priority 3;NA
TEC;DCF;TEC;INC;OK;INC000015642404;Priority 3;NA
FUN;812;FUN;INC;OK;INC000015642449;Priority 3;NA
SEC;812;SEC;INC;OK;INC000015642583;Priority 3;NA
FUN;DCF;FUN;SR;OK;INC000015642741;Priority 3;NA
FIN;DXE;FUN;SR;OK;INC000015642760;Priority 4;NA
FUN;WS;FUN;INC;OK;INC000015643190;Priority 4;NA
L1;BWI;L1 ;INC;OK;INC000015643296;Priority 4;NA
FIN;812;FUN;INC;OK;INC000015643376;Priority 4;NA
FIN;812;FUN;INC;OK;INC000015643381;Priority 4;NA
FUN;DCF;FUN;INC;OK;INC000015643449;Priority 3;NA
FIN;DCF;FUN;INC;OK;INC000015643937;Priority 4;NA
L1;BWI;L1 ;INC;OK;INC000015644116;Priority 3;NA
0;SYN;SEC;INC;OK;INC000015644791;Priority 4;NA
L1;BWI;L1 ;INC;OK;INC000015645031;Priority 3;NA
FUN;BWI;FUN;INC;OK;INC000015645036;Priority 3;NA
FUN;LAT;FUN;INC;OK;INC000015645615;Priority 4;NA
FUN;LAT;FUN;INC;OK;INC000015646055;Priority 3;NA
L1;BWI;L1 ;INC;OK;INC000015646094;Priority 4;NA
FUN;LAT;FUN;SR;OK;INC000015646175;Priority 3;NA
FUN;ETH;FUN;INC;OK;INC000015646231;Priority 3;NA
DCF;DCF;FUN;INC;OK;INC000015646272;Priority 2;NA
L1;BWI;L1 ;INC;OK;INC000015646359;Priority 4;NA
APS;DCF;APS;INC;OK;INC000015646433;Priority 3;NA
FUN;DCF;FUN;INC;OK;INC000015647126;Priority 3;NA
OPS;EMS;OPS;HK;OK;INC000015647219;Priority 3;NA
CNC;812;CNC;INC;OK;INC000015647661;Priority 4;NA
CNC;812;CNC;INC;OK;INC000015648157;Priority 3;NA
FUN;DCF;FUN;INC;OK;INC000015648314;Priority 3;NA
FUN;812;FUN;INC;OK;INC000015648355;Priority 3;NA
FUN;812;FUN;INC;OK;INC000015648465;Priority 3;NA
FIN;812;FUN;INC;OK;INC000015648832;Priority 4;NA
OPS;EMS;OPS;INC;OK;INC000015648870;Priority 3;NA
FUN;812;FUN;INC;OK;INC000015649069;Priority 3;NA
FUN;MNT;FUN;INC;OK;INC000015649143;Priority 4;NA
L1;812;MON;SR;OK;INC000015649211;Priority 4;NA
CNC;DCF;CNC;INC;OK;INC000015649220;Priority 3;NA
CNC;DXE;CNC;SR;OK;INC000015649255;Priority 4;NA
FUN;BWI;FUN;INC;OK;INC000015649507;Priority 4;NA
OPS;WS;OPS;HK;OK;INC000015649751;Priority 3;NA
FUN;812;FUN;INC;OK;INC000015649837;Priority 3;NA
FUN;WS;FUN;INC;OK;INC000015649849;Priority 3;NA
APS;DCF;APS;INC;OK;INC000015649883;Priority 4;NA
FUN;LAT;FUN;INC;OK;INC000015649944;Priority 4;NA
0;ETH;FUN;INC;OK;INC000015649989;Priority 4;NA
CNC;MNT;CNC;INC;OK;INC000015650013;Priority 3;NA
FUN;BWI;FUN;SR;OK;INC000015650306;Priority 4;NA
CNC;812;L1 ;INC;OK;INC000015650440;Priority 2;NA
FUN;ETH;FUN;INC;OK;INC000015650652;Priority 3;NA
FUN;LAT;FUN;INC;OK;INC000015650897;Priority 4;NA
FUN;BWI;FUN;INC;OK;INC000015650987;Priority 4;NA
FUN;ETH;FUN;INC;OK;INC000015651072;Priority 4;NA
TEC;DCF;TEC;INC;OK;INC000015651307;Priority 3;NA
FUN;LAT;FUN;INC;OK;INC000015651546;Priority 3;NA
APS;ETH;APS;INC;OK;INC000015651636;Priority 4;NA
APS;ETH;APS;INC;OK;INC000015651640;Priority 4;NA
APS;ETH;APS;INC;OK;INC000015651641;Priority 4;NA
APS;ETH;APS;INC;OK;INC000015651642;Priority 4;NA
APS;ETH;APS;INC;OK;INC000015651643;Priority 4;NA
APS;ETH;APS;INC;OK;INC000015651644;Priority 4;NA
APS;ETH;APS;INC;OK;INC000015651645;Priority 4;NA
APS;ETH;APS;INC;OK;INC000015651646;Priority 4;NA
APS;ETH;APS;INC;OK;INC000015651648;Priority 4;NA
FUN;LAT;FUN;INC;OK;INC000015651877;Priority 3;NA
L1;BWI;L1 ;INC;OK;INC000015652074;Priority 4;NA
0;SYN;SEC;INC;OK;INC000015652602;Priority 4;NA
OPS;WS;OPS;HK;OK;INC000015653114;Priority 3;NA
L1;MNT;MON;SR;OK;INC000015653322;Priority 4;NA
0;SYN;SEC;INC;OK;INC000015653363;Priority 4;NA
OPS;WS;OPS;HK;OK;INC000015653421;Priority 4;NA
APS;ETH;APS;INC;OK;INC000015653810;Priority 3;NA
OPS;WS;OPS;HK;OK;INC000015653979;Priority 3;NA
FIN;DCF;FUN;INC;OK;INC000015653984;Priority 4;NA
SEC;812;SEC;SR;OK;INC000015654012;Priority 4;NA
FIN;812;INS;INC;OK;INC000015654390;Priority 4;NA
DBA;812;DBA;SR;OK;INC000015654403;Priority 4;NA
L1;BWI;L1 ;INC;OK;INC000015654877;Priority 4;NA
FUN;LAT;FUN;INC;OK;INC000015654912;Priority 4;NA
FUN;DCF;FUN;INC;OK;INC000015655128;Priority 4;NA
SEC;DCF;SEC;SR;OK;INC000015655211;Priority 3;NA
FUN;ETH;FUN;INC;OK;INC000015655321;Priority 3;NA
OPS;WS;OPS;HK;OK;INC000015655497;Priority 3;NA
FIN;DCF;FUN;INC;OK;INC000015655633;Priority 4;NA
L1;BWI;L1 ;INC;OK;INC000015655693;Priority 3;NA
FUN;812;FUN;INC;OK;INC000015655851;Priority 3;NA
CNC;812;CNC;INC;OK;INC000015655893;Priority 4;NA
FUN;BWI;FUN;INC;OK;INC000015655975;Priority 3;NA
APS;DCF;APS;INC;OK;INC000015656192;Priority 4;NA
L1;BWI;L1 ;INC;OK;INC000015656255;Priority 3;NA
L1;812;MON;SR;OK;INC000015656323;Priority 4;NA
FUN;BWI;FUN;INC;OK;INC000015656476;Priority 4;NA
L1;812;MON;INC;OK;INC000015656718;Priority 4;NA
L1;BWI;L1 ;INC;OK;INC000015657106;Priority 3;NA
L1;BWI;L1 ;INC;OK;INC000015657902;Priority 3;NA
DBA;812;DBA;INC;OK;INC000015658087;Priority 3;NA
DBA;812;DBA;INC;OK;INC000015658090;Priority 3;NA
FUN;812;FUN;INC;OK;INC000015658195;Priority 3;NA
L1;BWI;L1 ;INC;OK;INC000015658224;Priority 4;NA
FUN;BWI;FUN;INC;OK;INC000015658250;Priority 3;NA
FUN;ETH;FUN;INC;OK;INC000015658342;Priority 4;NA
FUN;BWI;FUN;INC;OK;INC000015658366;Priority 3;NA
FUN;BWI;FUN;INC;OK;INC000015658761;Priority 3;NA
L1;812;MON;SR;OK;INC000015659122;Priority 4;NA
FIN;812;FUN;INC;OK;INC000015659130;Priority 4;NA
L1;BWI;L1 ;INC;OK;INC000015659166;Priority 3;NA
FUN;DCF;FUN;INC;OK;INC000015659291;Priority 3;NA
FIN;812;FUN;INC;OK;INC000015659382;Priority 4;NA
SEC;812;SEC;SR;OK;INC000015659414;Priority 3;NA
FUN;BWI;FUN;SR;OK;INC000015659606;Priority 4;NA
FIN;DCF;FUN;INC;OK;INC000015659659;Priority 4;NA
TEC;DCF;TEC;INC;OK;INC000015659778;Priority 3;NA
DBA;812;DBA;INC;OK;INC000015659900;Priority 4;NA
FUN;BWI;FUN;INC;OK;INC000015660474;Priority 3;NA
FUN;DCF;FUN;INC;OK;INC000015660509;Priority 3;NA
FUN;ETH;FUN;INC;OK;INC000015660747;Priority 3;NA
APS;DCF;APS;INC;OK;INC000015660815;Priority 3;NA
CNC;MNT;CNC;INC;OK;INC000015660858;Priority 3;NA
FUN;BWI;FUN;SR;OK;INC000015660963;Priority 4;NA
FUN;ETH;FUN;INC;OK;INC000015661106;Priority 3;NA
L1;BWI;L1 ;INC;OK;INC000015661210;Priority 3;NA
L1;812;MON;INC;OK;INC000015661483;Priority 3;NA
APS;DCF;APS;INC;OK;INC000015661662;Priority 4;NA
FUN;BWI;FUN;INC;OK;INC000015661739;Priority 3;NA
FUN;DCF;FUN;INC;OK;INC000015662073;Priority 3;NA
TEC;DCF;TEC;INC;OK;INC000015662287;Priority 3;NA
CNC;ETH;CNC;INC;OK;INC000015662515;Priority 4;NA
FUN;BWI;FUN;INC;OK;INC000015662532;Priority 4;NA
FUN;LAT;FUN;INC;OK;INC000015662535;Priority 3;NA
APS;DCF;APS;INC;OK;INC000015662898;Priority 4;NA
FUN;812;FUN;INC;OK;INC000015662917;Priority 3;NA
FUN;812;FUN;INC;OK;INC000015662975;Priority 4;NA
CNC;BWI;CNC;INC;OK;INC000015663144;Priority 3;NA
TEC;DCF;TEC;INC;OK;INC000015663208;Priority 3;NA
SCH;LAT;SCH;INC;OK;INC000015663383;Priority 3;NA
L1;BWI;L1 ;INC;OK;INC000015663799;Priority 3;NA
OPS;WS;OPS;HK;OK;INC000015664176;Priority 3;NA
OPS;WS;OPS;HK;OK;INC000015664195;Priority 3;NA
OPS;WS;OPS;HK;OK;INC000015664197;Priority 3;NA
CNC;812;CNC;INC;OK;INC000015664394;Priority 3;NA
OPS;EMS;OPS;INC;OK;INC000015664411;Priority 3;NA
APS;DCF;APS;INC;OK;INC000015664669;Priority 3;NA
OPS;EMS;OPS;HK;OK;INC000015664684;Priority 3;NA
L1;COE;MON;SR;OK;INC000015664726;Priority 4;NA
CNC;ETH;CNC;INC;OK;INC000015665341;Priority 3;NA
OPS;WS;OPS;HK;OK;INC000015665457;Priority 4;NA
L1;MNT;MON;SR;OK;INC000015665548;Priority 3;NA
APS;DCF;APS;INC;OK;INC000015666665;Priority 3;NA
FIN;812;FUN;INC;OK;INC000015666765;Priority 4;NA
CNC;812;CNC;INC;OK;INC000015666935;Priority 4;NA
FUN;WS;FUN;INC;OK;INC000015667201;Priority 3;NA
FUN;812;FUN;INC;OK;INC000015667478;Priority 3;NA
CNC;CAN;L1 ;INC;OK;INC000015667602;Priority 3;NA
FUN;812;FUN;INC;OK;INC000015667605;Priority 3;NA
TEC;WS;OPS;HK;OK;INC000015667711;Priority 3;NA
FUN;812;FUN;INC;OK;INC000015668174;Priority 3;NA
FUN;BWI;FUN;INC;OK;INC000015668421;Priority 4;NA
FUN;WS;FUN;INC;OK;INC000015668476;Priority 3;NA
L1;BWI;L1 ;SR;OK;INC000015668492;Priority 4;NA
TEC;WS;OPS;HK;OK;INC000015668606;Priority 4;NA
CNC;812;CNC;INC;OK;INC000015668745;Priority 4;NA
TEC;WS;OPS;HK;OK;INC000015669070;Priority 4;NA
CNC;CAN;CNC;INC;OK;INC000015669128;Priority 3;NA
FUN;LAT;FUN;INC;OK;INC000015669187;Priority 3;NA
TEC;DCF;TEC;INC;OK;INC000015669321;Priority 3;NA
TEC;WS;OPS;HK;OK;INC000015669442;Priority 4;NA
FUN;LAT;FUN;INC;OK;INC000015669482;Priority 3;NA
FUN;LAT;FUN;INC;OK;INC000015669501;Priority 3;NA
FUN;LAT;FUN;INC;OK;INC000015669511;Priority 3;NA
L1;BWI;L1 ;INC;OK;INC000015669702;Priority 3;NA
L1;BWI;L1 ;SR;OK;INC000015670083;Priority 3;NA
CNC;812;CNC;INC;OK;INC000015670821;Priority 3;NA
CNC;812;CNC;INC;OK;INC000015671113;Priority 4;NA
CNC;DCF;CNC;INC;OK;INC000015671433;Priority 4;NA
L1;812;MON;SR;OK;INC000015671855;Priority 4;NA
SEC;SYN;SEC;INC;OK;INC000015672148;Priority 3;NA
FUN;LAT;FUN;INC;OK;INC000015672534;Priority 4;NA
FUN;BWI;FUN;INC;OK;INC000015672615;Priority 4;NA
CNC;812;CNC;INC;OK;INC000015672869;Priority 4;NA
CNC;812;CNC;INC;OK;INC000015673076;Priority 3;NA
FUN;LAT;FUN;INC;OK;INC000015673485;Priority 3;NA
FUN;LAT;FUN;INC;OK;INC000015673569;Priority 3;NA
L1;BWI;L1 ;INC;OK;INC000015673657;Priority 4;NA
L1;BWI;L1 ;INC;OK;INC000015673849;Priority 4;NA
0;SYN;SEC;INC;OK;INC000015673995;Priority 3;NA
CNC;ETH;CNC;INC;OK;INC000015674300;Priority 3;NA
SCH;812;SCH;SR;OK;INC000015674823;Priority 3;NA
FUN;BWI;FUN;INC;OK;INC000015674827;Priority 4;NA
OPS;WS;OPS;HK;OK;INC000015674880;Priority 4;NA
L1;BWI;L1 ;SR;OK;INC000015674906;Priority 4;NA
0;SYN;SEC;INC;OK;INC000015674969;Priority 4;NA
0;SYN;SEC;INC;OK;INC000015675664;Priority 3;NA
L1;BWI;L1 ;INC;OK;INC000015675673;Priority 4;NA
L1;BWI;L1 ;INC;OK;INC000015675997;Priority 3;NA
0;SYN;SEC;INC;OK;INC000015676287;Priority 3;NA
DBA;812;DBA;INC;OK;INC000015676562;Priority 4;NA
L1;BWI;L1 ;INC;OK;INC000015677246;Priority 4;NA
DBA;812;DBA;INC;OK;INC000015678068;Priority 3;NA
FUN;DCF;FUN;INC;OK;INC000015678475;Priority 3;NA
FUN;ETH;FUN;INC;OK;INC000015678927;Priority 3;NA
L1;MNT;MON;SR;OK;INC000015679578;Priority 4;NA
SEC;DCF;SEC;SR;OK;INC000015680057;Priority 3;NA
0;SYN;SEC;INC;OK;INC000015680844;Priority 4;NA
SCH;LAT;SCH;INC;OK;INC000015681789;Priority 3;NA
L1;BWI;L1 ;INC;OK;INC000015682005;Priority 3;NA
L1;BWI;L1 ;INC;OK;INC000015682298;Priority 3;NA
FUN;812;FUN;INC;OK;INC000015727875;Priority 4;NA
FIN;812;FUN;INC;OK;INC000015727937;Priority 4;NA
L1;MNT;MON;SR;OK;INC000015727966;Priority 4;NA
SCH;LAT;SCH;INC;OK;INC000015728349;Priority 4;NA
FIN;812;FUN;INC;OK;INC000015728532;Priority 4;NA
FIN;812;FUN;INC;OK;INC000015728661;Priority 4;NA
FIN;812;FUN;INC;Defect;INC000015728707;Priority 4;NA
FUN;DCF;FUN;INC;OK;INC000015729007;Priority 4;NA
DBA;812;DBA;INC;OK;INC000015729088;Priority 4;NA
L1;ETH;CNC;INC;OK;INC000015729631;Priority 4;NA
FIN;812;FUN;INC;OK;INC000015729670;Priority 4;NA
FIN;812;FUN;INC;OK;INC000015729743;Priority 4;NA
L1;MNT;MON;SR;OK;INC000015730759;Priority 4;NA
FIN;DXE;FUN;INC;OK;INC000015730917;Priority 4;NA
FUN;BWI;FUN;INC;OK;INC000015730966;Priority 4;NA
FUN;ETH;FUN;INC;OK;INC000015731387;Priority 4;NA
OPS;EDS;OPS;HK;OK;INC000015731786;Priority 4;NA
SEC;ETH;SEC;INC;OK;INC000015732162;Priority 4;NA
FUN;BWI;FUN;INC;OK;INC000015732258;Priority 4;NA
APS;EES;APS;INC;OK;INC000015732310;Priority 4;NA
FIN;812;FUN;INC;OK;INC000015733981;Priority 4;NA
APS;DCF;APS;INC;OK;INC000015734251;Priority 4;NA
FIN;812;FUN;INC;OK;INC000015734418;Priority 4;NA
FIN;812;FUN;INC;OK;INC000015734564;Priority 4;NA
FIN;812;FUN;INC;OK;INC000015734582;Priority 4;NA
FIN;812;FUN;INC;OK;INC000015734589;Priority 4;NA
FIN;812;FUN;INC;OK;INC000015734602;Priority 4;NA
FIN;812;FUN;INC;OK;INC000015734641;Priority 4;NA
FUN;812;FUN;INC;OK;INC000015734729;Priority 4;NA
FUN;812;FUN;INC;OK;INC000015734856;Priority 4;NA
FIN;812;FUN;INC;OK;INC000015734982;Priority 4;NA
FIN;812;FUN;INC;OK;INC000015735005;Priority 4;NA
FUN;DCF;FUN;INC;OK;INC000015735046;Priority 4;NA
FUN;DCF;FUN;SR;OK;INC000015735074;Priority 4;NA
APS;ETH;APS;INC;OK;INC000015735175;Priority 4;NA
FIN;812;FUN;INC;OK;INC000015735181;Priority 4;NA
L1;MNT;MON;SR;OK;INC000015735384;Priority 4;NA
FIN;812;FUN;INC;OK;INC000015735883;Priority 4;NA
FIN;812;FUN;INC;OK;INC000015735891;Priority 4;NA
CNC;EES;CNC;INC;OK;INC000015735911;Priority 4;NA
FUN;BWI;FUN;INC;OK;INC000015736014;Priority 4;NA
FUN;DCF;FUN;INC;OK;INC000015736153;Priority 4;NA
OPS;EDS;OPS;HK;OK;INC000015736174;Priority 4;NA
FIN;812;FUN;INC;OK;INC000015736299;Priority 4;NA
FIN;DCF;FUN;INC;OK;INC000015736362;Priority 4;NA
FUN;812;FUN;INC;OK;INC000015736366;Priority 4;NA
FUN;812;FUN;INC;OK;INC000015736381;Priority 4;NA
FIN;812;FUN;INC;Defect;INC000015736399;Priority 4;NA
FUN;DXE;FUN;INC;OK;INC000015736543;Priority 4;NA
FUN;EES;FUN;INC;OK;INC000015736750;Priority 4;NA
FIN;812;FUN;INC;OK;INC000015736755;Priority 4;NA
FUN;812;FUN;INC;OK;INC000015736889;Priority 4;NA
FUN;ETH;FUN;INC;OK;INC000015736940;Priority 4;NA
CNC;812;CNC;INC;OK;INC000015737109;Priority 4;NA
FUN;WS;FUN;INC;OK;INC000015737140;Priority 4;NA
SEC;SYN;SEC;INC;OK;INC000015737146;Priority 4;NA
L1;LFS;CNC;INC;OK;INC000015737516;Priority 4;NA
FUN;ETH;FUN;INC;OK;INC000015737580;Priority 4;NA
FUN;812;FUN;INC;OK;INC000015737592;Priority 4;NA
FUN;DXE;FUN;INC;OK;INC000015738124;Priority 4;NA
FUN;EES;FUN;INC;OK;INC000015738462;Priority 4;NA
FUN;BWI;FUN;INC;OK;INC000015738708;Priority 4;NA
FUN;ETH;FUN;INC;OK;INC000015739516;Priority 4;NA
FUN;BWI;FUN;INC;OK;INC000015739620;Priority 4;NA
APS;DCF;APS;INC;OK;INC000015740614;Priority 4;NA
FUN;WS;FUN;INC;OK;INC000015740705;Priority 4;NA
FIN;812;FUN;INC;OK;INC000015740982;Priority 4;NA
FIN;812;FUN;INC;OK;INC000015741078;Priority 4;NA
CNC;812;CNC;INC;OK;INC000015741239;Priority 4;NA
SCH;812;SCH;INC;OK;INC000015741247;Priority 4;NA
CNC;812;CNC;INC;OK;INC000015741260;Priority 4;NA
CNC;812;CNC;INC;OK;INC000015741324;Priority 4;NA
CNC;812;CNC;INC;OK;INC000015741350;Priority 4;NA
FUN;812;FUN;INC;Defect;INC000015741632;Priority 4;NA
CNC;812;L1 ;SR;OK;INC000015741775;Priority 4;NA
FIN;DCF;FUN;INC;OK;INC000015742055;Priority 4;NA
SEC;SYN;SEC;INC;OK;INC000015742251;Priority 4;NA
FIN;DCF;FUN;INC;OK;INC000015742301;Priority 4;NA
FIN;812;FUN;INC;OK;INC000015742850;Priority 4;NA
CNC;DXE;CNC;INC;OK;INC000015743001;Priority 4;NA
FUN;812;FUN;INC;OK;INC000015743024;Priority 4;NA
L1;BWI;L1 ;INC;OK;INC000015743706;Priority 4;NA
MNT;MNT;FUN;INC;Defect;INC000015743741;Priority 4;NA
FIN;DCF;FUN;SR;OK;INC000015743743;Priority 4;NA
FIN;DXE;FUN;INC;OK;INC000015743803;Priority 4;NA
FUN;EES;FUN;INC;OK;INC000015743830;Priority 4;NA
FUN;BWI;FUN;INC;OK;INC000015744326;Priority 4;NA
SEC;SYN;SEC;INC;OK;INC000015744401;Priority 4;NA
FUN;812;FUN;INC;OK;INC000015744420;Priority 4;NA
FUN;812;FUN;INC;OK;INC000015744517;Priority 4;NA
FUN;812;FUN;INC;OK;INC000015744656;Priority 4;NA
FUN;812;FUN;INC;OK;INC000015744666;Priority 4;NA
FUN;LAT;FUN;INC;OK;INC000015744792;Priority 4;NA
SEC;SYN;SEC;INC;OK;INC000015744892;Priority 4;NA
FIN;BWI;FUN;INC;OK;INC000015744930;Priority 4;NA
SEC;SYN;SEC;INC;OK;INC000015744939;Priority 4;NA
SEC;SYN;SEC;INC;OK;INC000015744982;Priority 4;NA
FIN;BWI;FUN;INC;OK;INC000015745017;Priority 4;NA
APS;DCF;APS;INC;OK;INC000015745065;Priority 4;NA
APS;ETH;APS;INC;OK;INC000015745711;Priority 4;NA
FUN;DCF;FUN;INC;OK;INC000015746373;Priority 4;NA
FIN;812;FUN;INC;OK;INC000015746765;Priority 4;NA
FUN;812;FUN;INC;OK;INC000015746788;Priority 4;NA
FUN;812;FUN;INC;OK;INC000015746794;Priority 4;NA
APS;ETH;APS;INC;OK;INC000015746832;Priority 4;NA
FIN;812;FUN;INC;OK;INC000015746849;Priority 4;NA
FUN;WS;FUN;INC;OK;INC000015746948;Priority 4;NA
FIN;812;FUN;INC;OK;INC000015746977;Priority 4;NA
FIN;812;FUN;INC;OK;INC000015747094;Priority 4;NA
FUN;812;FUN;INC;OK;INC000015747437;Priority 4;NA
FIN;DXE;FUN;SR;OK;INC000015747469;Priority 4;NA
FIN;812;FUN;INC;OK;INC000015747613;Priority 4;NA
FUN;EDS;FUN;INC;OK;INC000015747666;Priority 4;NA
FIN;812;FUN;INC;OK;INC000015748056;Priority 4;NA
FUN;WS;FUN;INC;OK;INC000015748411;Priority 4;NA
FUN;812;FUN;INC;OK;INC000015748561;Priority 4;NA
FUN;812;FUN;INC;OK;INC000015748945;Priority 4;NA
L1;BWI;L1 ;INC;OK;INC000015749032;Priority 4;NA
SEC;SYN;SEC;INC;OK;INC000015749098;Priority 4;NA
FUN;812;FUN;INC;OK;INC000015749408;Priority 4;NA
FUN;ETH;FUN;INC;OK;INC000015749532;Priority 4;NA
L1;BWI;L1 ;INC;OK;INC000015749688;Priority 4;NA
FUN;BWI;FUN;INC;OK;INC000015750160;Priority 4;NA
FUN;812;FUN;INC;OK;INC000015750249;Priority 4;NA
FUN;BWI;FUN;INC;OK;INC000015750346;Priority 4;NA
APS;DCF;APS;INC;OK;INC000015750984;Priority 4;NA
FIN;812;FUN;INC;OK;INC000015751593;Priority 4;NA
APS;ETH;APS;INC;OK;INC000015751987;Priority 4;NA
FUN;DXE;FUN;INC;OK;INC000015752409;Priority 4;NA
FUN;812;FUN;INC;OK;INC000015752594;Priority 4;NA
FIN;812;FUN;INC;OK;INC000015752815;Priority 4;NA
FUN;BWI;FUN;INC;OK;INC000015752867;Priority 4;NA
FUN;812;FUN;INC;OK;INC000015752938;Priority 4;NA
FUN;BWI;FUN;INC;OK;INC000015753428;Priority 4;NA
SEC;SYN;SEC;INC;OK;INC000015753561;Priority 4;NA
FUN;MNT;FUN;INC;OK;INC000015753821;Priority 4;NA
FUN;ETH;FUN;INC;OK;INC000015754164;Priority 4;NA
FIN;812;FUN;INC;OK;INC000015754224;Priority 4;NA
FUN;812;FUN;INC;OK;INC000015754378;Priority 4;NA
SEC;SYN;SEC;INC;OK;INC000015754426;Priority 4;NA
SEC;SYN;SEC;INC;OK;INC000015754742;Priority 4;NA
FUN;BWI;FUN;INC;OK;INC000015754814;Priority 4;NA
SEC;SYN;SEC;INC;OK;INC000015754880;Priority 4;NA
FUN;BWI;FUN;INC;Defect;INC000015755017;Priority 4;NA
FUN;LAT;FUN;INC;OK;INC000015755046;Priority 4;NA
FUN;LAT;FUN;INC;OK;INC000015755062;Priority 4;NA
FUN;BWI;FUN;INC;OK;INC000015755097;Priority 4;NA
FUN;BWI;FUN;INC;OK;INC000015755134;Priority 4;NA
L1;BWI;L1 ;INC;OK;INC000015755458;Priority 4;NA
L1;BWI;L1 ;INC;OK;INC000015755856;Priority 4;NA
FIN;812;FUN;INC;OK;INC000015756514;Priority 4;NA
DBA;812;DBA;INC;OK;INC000015757021;Priority 4;NA
DBA;812;DBA;INC;OK;INC000015757104;Priority 4;NA
TEC;EMS;OPS;HK;OK;INC000015758098;Priority 4;NA
FUN;812;FUN;INC;OK;INC000015760001;Priority 4;NA
FUN;DCF;FUN;INC;OK;INC000015760082;Priority 3;NA
FIN;812;FUN;INC;OK;INC000015760111;Priority 4;NA
SEC;MNT;SEC;INC;OK;INC000015760164;Priority 4;NA
FUN;812;FUN;INC;OK;INC000015760174;Priority 3;NA
CNC;DCF;CNC;INC;OK;INC000015760304;Priority 3;NA
APS;ETH;APS;INC;OK;INC000015760363;Priority 3;NA
FUN;812;FUN;INC;OK;INC000015760369;Priority 4;NA
FIN;DCF;FUN;INC;OK;INC000015760538;Priority 4;NA
FIN;812;FUN;INC;OK;INC000015760619;Priority 4;NA
CNC;812;CNC;INC;OK;INC000015760632;Priority 4;NA
L1;DPY;MON;SR;OK;INC000015760656;Priority 4;NA
L1;MNT;MON;SR;OK;INC000015760828;Priority 3;NA
L1;DPY;MON;SR;OK;INC000015761034;Priority 4;NA
FIN;812;FUN;INC;Defect;INC000015761132;Priority 4;NA
L1;DPY;MON;SR;OK;INC000015761281;Priority 3;NA
FUN;812;FUN;INC;OK;INC000015761305;Priority 4;NA
FIN;812;INS;INC;OK;INC000015761394;Priority 4;NA
FUN;812;FUN;INC;OK;INC000015761525;Priority 3;NA
L1;MNT;MON;SR;OK;INC000015761730;Priority 3;NA
FUN;BWI;FUN;INC;OK;INC000015761961;Priority 4;NA
FUN;BWI;FUN;INC;OK;INC000015762003;Priority 3;NA
FUN;DCF;FUN;INC;OK;INC000015762076;Priority 4;NA
FUN;812;FUN;INC;OK;INC000015762157;Priority 3;NA
FUN;ETH;FUN;INC;OK;INC000015762159;Priority 3;NA
DCF;DCF;FUN;INC;OK;INC000015762224;Priority 4;NA
L1;BWI;L1 ;SR;OK;INC000015762230;Priority 3;NA
SEC;EMS;SEC;INC;OK;INC000015762271;Priority 4;NA
FUN;812;FUN;INC;OK;INC000015762297;Priority 4;NA
FUN;ETH;FUN;INC;OK;INC000015762337;Priority 3;NA
L1;BWI;L1 ;INC;OK;INC000015762458;Priority 3;NA
FUN;DCF;FUN;INC;OK;INC000015762462;Priority 4;NA
FUN;DXE;FUN;INC;OK;INC000015762636;Priority 4;NA
FUN;812;FUN;INC;OK;INC000015762781;Priority 4;NA
FIN;812;FUN;INC;OK;INC000015762812;Priority 3;NA
DCF;DCF;FUN;SR;Defect;INC000015762813;Priority 4;NA
FUN;812;FUN;INC;OK;INC000015762823;Priority 3;NA
L1;BWI;L1 ;INC;OK;INC000015762938;Priority 4;NA
SEC;SYN;SEC;INC;OK;INC000015763054;Priority 4;NA
SEC;EDS;SEC;INC;OK;INC000015763058;Priority 3;NA
L1;BWI;L1 ;INC;OK;INC000015763131;Priority 3;NA
SCH;812;SCH;INC;OK;INC000015763140;Priority 4;NA
SEC;SYN;SEC;INC;Defect;INC000015763238;Priority 4;NA
L1;BWI;L1 ;INC;OK;INC000015763252;Priority 3;NA
BWI;BWI;FUN;INC;Defect;INC000015763279;Priority 3;NA
FUN;DXE;FUN;INC;OK;INC000015763391;Priority 3;NA
FIN;812;FUN;INC;OK;INC000015763486;Priority 4;NA
CNC;LAT;CNC;INC;OK;INC000015763778;Priority 4;NA
FUN;LAT;FUN;INC;OK;INC000015763966;Priority 3;NA
SEC;SYN;SEC;INC;OK;INC000015763982;Priority 3;NA
SEC;SYN;SEC;INC;OK;INC000015764056;Priority 4;NA
FUN;LAT;FUN;INC;OK;INC000015764101;Priority 3;NA
FUN;LAT;FUN;INC;OK;INC000015764150;Priority 4;NA
FIN;LAT;FUN;INC;OK;INC000015764206;Priority 3;NA
FUN;BWI;FUN;INC;OK;INC000015764749;Priority 4;NA
L1;BWI;L1 ;INC;OK;INC000015764784;Priority 3;NA
L1;BWI;L1 ;INC;OK;INC000015764904;Priority 3;NA
L1;BWI;L1 ;INC;OK;INC000015765009;Priority 3;NA
SEC;SYN;SEC;INC;OK;INC000015765093;Priority 4;NA
FUN;BWI;FUN;INC;OK;INC000015765197;Priority 3;NA
FUN;BWI;FUN;INC;Defect;INC000015765222;Priority 4;NA
APS;ETH;APS;INC;OK;INC000015765821;Priority 4;NA
L1;LFS;CNC;INC;OK;INC000015765824;Priority 4;NA
APS;DCF;APS;INC;OK;INC000015766432;Priority 4;NA
FUN;812;FUN;INC;OK;INC000015766441;Priority 4;NA
FUN;812;FUN;INC;OK;INC000015766795;Priority 4;NA
FIN;812;FUN;INC;OK;INC000015767027;Priority 4;NA
FIN;DCF;FUN;INC;OK;INC000015767058;Priority 4;NA
FUN;EDS;FUN;INC;OK;INC000015767062;Priority 4;NA
FUN;DXE;FUN;INC;OK;INC000015767080;Priority 4;NA
FUN;812;FUN;INC;OK;INC000015767191;Priority 3;NA
FUN;MNT;FUN;INC;OK;INC000015767209;Priority 4;NA
FIN;812;FUN;INC;OK;INC000015767287;Priority 4;NA
FIN;812;FUN;INC;OK;INC000015767363;Priority 3;NA
FUN;812;FUN;INC;OK;INC000015767424;Priority 3;NA
FUN;LAT;FUN;INC;OK;INC000015767604;Priority 3;NA
APS;ETH;APS;INC;OK;INC000015767740;Priority 4;NA
DCF;DCF;FUN;INC;OK;INC000015768054;Priority 3;NA
CNC;812;CNC;INC;OK;INC000015768149;Priority 4;NA
FIN;DCF;FUN;INC;OK;INC000015768222;Priority 4;NA
FUN;EES;FUN;INC;OK;INC000015768333;Priority 4;NA
SEC;EDS;SEC;INC;OK;INC000015768580;Priority 4;NA
FUN;812;FUN;INC;OK;INC000015768810;Priority 4;NA
FIN;812;FUN;INC;OK;INC000015768835;Priority 4;NA
SEC;SYN;SEC;INC;OK;INC000015769107;Priority 4;NA
FUN;LAT;FUN;SR;OK;INC000015769331;Priority 4;NA
FUN;ETH;FUN;INC;OK;INC000015769334;Priority 4;NA
DCF;DCF;FUN;INC;OK;INC000015769386;Priority 3;NA
FUN;812;FUN;INC;OK;INC000015769433;Priority 3;NA
FUN;LAT;FUN;INC;OK;INC000015769568;Priority 3;NA
FUN;DCF;FUN;INC;OK;INC000015769655;Priority 3;NA
FIN;812;FUN;INC;OK;INC000015769661;Priority 4;NA
SEC;SYN;SEC;INC;OK;INC000015769714;Priority 4;NA
SEC;SYN;SEC;INC;OK;INC000015769959;Priority 3;NA
FUN;DXE;FUN;INC;OK;INC000015769970;Priority 3;NA
FUN;ETH;FUN;INC;OK;INC000015769998;Priority 4;NA
SEC;SYN;SEC;INC;OK;INC000015770070;Priority 4;NA
APS;DCF;APS;INC;OK;INC000015770327;Priority 4;NA
FUN;LAT;FUN;SR;OK;INC000015770523;Priority 4;NA
L1;BWI;L1 ;INC;OK;INC000015770781;Priority 3;NA
L1;BWI;L1 ;INC;OK;INC000015770809;Priority 3;NA
FUN;BWI;FUN;INC;OK;INC000015770822;Priority 3;NA
L1;BWI;L1 ;INC;OK;INC000015770954;Priority 3;NA
FUN;812;FUN;INC;OK;INC000015772238;Priority 4;NA
FUN;DCF;FUN;INC;OK;INC000015772448;Priority 3;NA
FIN;812;FUN;INC;OK;INC000015772543;Priority 4;NA
FIN;DCF;FUN;INC;OK;INC000015772598;Priority 4;NA
FUN;EDS;FUN;INC;OK;INC000015772796;Priority 3;NA
FUN;DCF;SEC;SR;Defect;INC000015772843;Priority 3;NA
FIN;812;FUN;INC;OK;INC000015772859;Priority 4;NA
FUN;812;FUN;INC;OK;INC000015772924;Priority 3;NA
FIN;DXE;FUN;INC;OK;INC000015773161;Priority 4;NA
FIN;812;FUN;INC;OK;INC000015773301;Priority 4;NA
LAT;LAT;FUN;INC;OK;INC000015773304;Priority 3;NA
FUN;LAT;FUN;INC;OK;INC000015773381;Priority 3;NA
FUN;812;FUN;INC;OK;INC000015773419;Priority 3;NA
FUN;EES;FUN;INC;OK;INC000015773596;Priority 4;NA
FUN;DCF;FUN;INC;OK;INC000015773661;Priority 3;NA
FUN;BWI;FUN;INC;OK;INC000015773672;Priority 4;NA
CNC;812;CNC;INC;OK;INC000015773687;Priority 4;NA
FUN;ETH;FUN;INC;Defect;INC000015773747;Priority 4;NA
APS;ETH;APS;INC;OK;INC000015773813;Priority 4;NA
FUN;DXE;FUN;INC;OK;INC000015773937;Priority 4;NA
FIN;812;FUN;INC;OK;INC000015773953;Priority 3;NA
FUN;812;FUN;INC;OK;INC000015773962;Priority 3;NA
L1;MNT;MON;SR;OK;INC000015773964;Priority 4;NA
FUN;812;FUN;INC;OK;INC000015774230;Priority 4;NA
FUN;812;FUN;INC;OK;INC000015774241;Priority 4;NA
FIN;812;FUN;INC;OK;INC000015774258;Priority 4;NA
FIN;812;FUN;INC;OK;INC000015774279;Priority 3;NA
APS;DCF;APS;INC;OK;INC000015774364;Priority 4;NA
FUN;EDS;FUN;INC;OK;INC000015774389;Priority 4;NA
FUN;ETH;FUN;INC;OK;INC000015774991;Priority 3;NA
FIN;812;FUN;INC;OK;INC000015775019;Priority 4;NA
L1;BWI;L1 ;INC;OK;INC000015775131;Priority 4;NA
FIN;812;FUN;INC;OK;INC000015775172;Priority 4;NA
FUN;BWI;FUN;INC;Defect;INC000015775227;Priority 4;NA
APS;DCF;APS;INC;OK;INC000015775295;Priority 3;NA
SEC;SYN;SEC;INC;OK;INC000015775331;Priority 3;NA
FIN;812;FUN;INC;OK;INC000015775348;Priority 4;NA
FIN;DXE;FUN;INC;OK;INC000015775360;Priority 3;NA
TEC;DCF;FUN;INC;OK;INC000015775406;Priority 3;NA
FIN;DXE;FUN;INC;OK;INC000015775435;Priority 4;NA
FUN;LAT;FUN;INC;OK;INC000015775583;Priority 3;NA
FIN;LAT;FUN;INC;OK;INC000015775617;Priority 3;NA
FUN;812;FUN;INC;OK;INC000015775652;Priority 4;NA
L1;MNT;MON;SR;OK;INC000015775884;Priority 4;NA
L1;BWI;L1 ;INC;OK;INC000015775921;Priority 3;NA
FUN;ETH;FUN;INC;OK;INC000015776015;Priority 4;NA
FUN;BWI;FUN;INC;OK;INC000015776187;Priority 4;NA
L1;BWI;L1 ;INC;OK;INC000015776343;Priority 4;NA
L1;BWI;L1 ;INC;OK;INC000015776365;Priority 3;NA
L1;BWI;L1 ;INC;OK;INC000015776465;Priority 3;NA
FUN;LAT;FUN;INC;OK;INC000015776481;Priority 3;NA
SEC;SYN;SEC;INC;OK;INC000015776573;Priority 3;NA
FUN;LAT;FUN;INC;OK;INC000015776656;Priority 3;NA
APS;DCF;APS;INC;OK;INC000015776782;Priority 4;NA
FUN;MNT;FUN;INC;OK;INC000015777192;Priority 3;NA
SEC;SYN;SEC;INC;OK;INC000015777196;Priority 4;NA
FUN;MNT;FUN;INC;OK;INC000015777380;Priority 3;NA
OPS;EDS;OPS;HK;OK;INC000015777554;Priority 3;NA
APS;DCF;APS;INC;OK;INC000015777643;Priority 4;NA
L1;MNT;MON;SR;OK;INC000015777663;Priority 3;NA
FUN;812;FUN;INC;OK;INC000015778003;Priority 4;NA
FUN;DCF;FUN;INC;OK;INC000015778007;Priority 3;NA
FUN;812;FUN;INC;OK;INC000015778211;Priority 3;NA
FIN;DCF;FUN;INC;OK;INC000015778293;Priority 4;NA
CNC;812;CNC;INC;OK;INC000015778295;Priority 3;NA
FUN;DCF;FUN;INC;OK;INC000015778355;Priority 3;NA
FUN;812;FUN;INC;OK;INC000015778480;Priority 4;NA
FIN;812;FUN;INC;OK;INC000015778499;Priority 4;NA
SEC;DCF;SEC;SR;OK;INC000015778857;Priority 4;NA
FIN;812;FUN;INC;OK;INC000015778896;Priority 4;NA
FIN;812;FUN;INC;OK;INC000015779008;Priority 4;NA
FIN;812;FUN;INC;OK;INC000015779081;Priority 4;NA
FUN;812;FUN;INC;OK;INC000015779224;Priority 4;NA
FUN;ETH;FUN;INC;OK;INC000015779242;Priority 3;NA
FUN;EDS;FUN;INC;OK;INC000015779251;Priority 4;NA
FIN;812;FUN;INC;OK;INC000015779267;Priority 4;NA
FIN;DCF;FUN;INC;OK;INC000015779281;Priority 4;NA
CNC;DCF;CNC;INC;OK;INC000015779467;Priority 3;NA
FIN;812;FUN;INC;OK;INC000015779469;Priority 4;NA
FUN;LAT;FUN;INC;OK;INC000015779514;Priority 3;NA
FUN;812;FUN;INC;Defect;INC000015779517;Priority 4;NA
FUN;WS;FUN;INC;OK;INC000015779538;Priority 3;NA
FUN;812;FUN;INC;OK;INC000015779604;Priority 4;NA
FIN;812;FUN;INC;OK;INC000015779611;Priority 4;NA
SEC;SYN;SEC;INC;OK;INC000015780001;Priority 4;NA
FIN;812;INS;INC;OK;INC000015780016;Priority 4;NA
FIN;812;INS;INC;OK;INC000015780063;Priority 4;NA
L1;BWI;L1 ;INC;OK;INC000015780101;Priority 4;NA
OPS;WS;OPS;INC;OK;INC000015780194;Priority 4;NA
APS;DCF;APS;INC;OK;INC000015780196;Priority 4;NA
FIN;812;FUN;INC;OK;INC000015780334;Priority 3;NA
SEC;SYN;SEC;INC;OK;INC000015780355;Priority 4;NA
FUN;LAT;FUN;INC;OK;INC000015780509;Priority 3;NA
FUN;MNT;FUN;INC;OK;INC000015780635;Priority 4;NA
L1;BWI;L1 ;INC;OK;INC000015780720;Priority 3;NA
FUN;LAT;FUN;INC;OK;INC000015780894;Priority 3;NA
FIN;812;INS;INC;OK;INC000015780954;Priority 4;NA
FUN;LAT;FUN;INC;OK;INC000015780955;Priority 3;NA
FUN;LAT;FUN;INC;OK;INC000015781023;Priority 4;NA
FUN;812;FUN;INC;OK;INC000015781039;Priority 4;NA
FIN;LAT;FUN;INC;OK;INC000015781253;Priority 4;NA
L1;BWI;L1 ;INC;OK;INC000015781279;Priority 3;NA
TEC;DCF;FUN;INC;OK;INC000015781459;Priority 3;NA
FUN;LAT;FUN;INC;OK;INC000015781738;Priority 2;NA
SEC;SYN;SEC;INC;OK;INC000015781776;Priority 3;NA
L1;DCF;CNC;INC;OK;INC000015781882;Priority 4;NA
FIN;DCF;FUN;INC;OK;INC000015781939;Priority 4;NA
L1;ETH;CNC;INC;OK;INC000015781984;Priority 4;NA
SEC;DCF;SEC;SR;Defect;INC000015782216;Priority 4;NA
SEC;DCF;SEC;SR;OK;INC000015782223;Priority 4;NA
CNC;812;CNC;INC;OK;INC000015782459;Priority 4;NA
CNC;812;CNC;INC;OK;INC000015783130;Priority 2;NA
APS;ETH;APS;INC;OK;INC000015783131;Priority 4;NA
L1;BWI;L1 ;INC;OK;INC000015783258;Priority 3;NA
FUN;812;FUN;INC;OK;INC000015783377;Priority 3;NA
TEC;DCF;FUN;INC;OK;INC000015783503;Priority 3;NA
FIN;812;FUN;INC;OK;INC000015783542;Priority 4;NA
FUN;DCF;FUN;INC;OK;INC000015783583;Priority 3;NA
FUN;812;FUN;INC;OK;INC000015783607;Priority 3;NA
FUN;EMS;FUN;INC;OK;INC000015783708;Priority 3;NA
FUN;812;FUN;INC;OK;INC000015783758;Priority 3;NA
CNC;MNT;CNC;INC;OK;INC000015783944;Priority 3;NA
L1;812;CNC;INC;OK;INC000015784063;Priority 3;NA
DCF;DCF;FUN;INC;OK;INC000015784120;Priority 3;NA
CNC;812;CNC;INC;OK;INC000015784540;Priority 3;NA
FUN;EES;FUN;INC;OK;INC000015784849;Priority 4;NA
FUN;DCF;FUN;SR;OK;INC000015784888;Priority 4;NA
SEC;812;SEC;INC;OK;INC000015785208;Priority 3;NA
FUN;812;FUN;INC;OK;INC000015785242;Priority 4;NA
OPS;WS;OPS;HK;OK;INC000015785246;Priority 3;NA
FUN;BWI;FUN;INC;OK;INC000015785374;Priority 4;NA
FIN;812;FUN;INC;OK;INC000015785514;Priority 4;NA
L1;812;MON;INC;OK;INC000015785564;Priority 3;NA
CNC;BWI;CNC;INC;OK;INC000015785565;Priority 4;NA
FUN;BWI;FUN;INC;OK;INC000015785610;Priority 4;NA
FUN;812;FUN;INC;OK;INC000015785733;Priority 4;NA
L1;BWI;L1 ;INC;OK;INC000015786218;Priority 4;NA
L1;BWI;L1 ;INC;OK;INC000015786278;Priority 3;NA
FIN;812;FUN;INC;OK;INC000015786324;Priority 3;NA
FIN;MNT;FUN;INC;OK;INC000015786326;Priority 4;NA
CNC;LAT;CNC;INC;OK;INC000015786407;Priority 4;NA
CNC;812;CNC;INC;OK;INC000015786433;Priority 3;NA
FUN;ETH;FUN;INC;OK;INC000015786488;Priority 3;NA
CNC;812;CNC;INC;OK;INC000015786532;Priority 4;NA
L1;BWI;L1 ;INC;OK;INC000015786735;Priority 4;NA
FUN;DXE;FUN;INC;OK;INC000015786762;Priority 3;NA
L1;BWI;L1 ;INC;OK;INC000015786972;Priority 3;NA
FUN;BWI;FUN;INC;OK;INC000015786983;Priority 4;NA
L1;BWI;L1 ;INC;OK;INC000015787120;Priority 3;NA
L1;BWI;L1 ;INC;OK;INC000015787122;Priority 3;NA
FUN;LAT;FUN;INC;OK;INC000015787283;Priority 3;NA
FUN;LAT;FUN;INC;OK;INC000015787371;Priority 3;NA
FUN;MNT;FUN;INC;OK;INC000015787381;Priority 3;NA
FIN;LAT;FUN;INC;OK;INC000015787382;Priority 4;NA
OPS;EMS;OPS;HK;OK;INC000015787619;Priority 3;NA
FIN;812;FUN;INC;OK;INC000015787894;Priority 3;NA
FIN;812;FUN;INC;OK;INC000015787898;Priority 4;NA
FIN;812;FUN;INC;OK;INC000015787912;Priority 4;NA
FIN;812;FUN;INC;OK;INC000015787958;Priority 4;NA
FIN;812;FUN;INC;OK;INC000015787970;Priority 3;NA
FIN;812;FUN;INC;OK;INC000015787977;Priority 3;NA
FIN;812;FUN;INC;OK;INC000015788032;Priority 4;NA
FIN;812;FUN;INC;OK;INC000015788078;Priority 4;NA
FIN;812;FUN;INC;OK;INC000015788091;Priority 4;NA
FIN;812;FUN;INC;OK;INC000015788158;Priority 3;NA
FIN;812;FUN;INC;OK;INC000015788181;Priority 3;NA
SEC;SYN;SEC;INC;OK;INC000015788327;Priority 4;NA
FUN;MNT;FUN;INC;OK;INC000015788366;Priority 3;NA
L1;BWI;L1 ;INC;OK;INC000015788495;Priority 3;NA
OPS;WS;OPS;HK;OK;INC000015788829;Priority 3;NA
OPS;EDS;OPS;HK;OK;INC000015788837;Priority 3;NA
APS;DCF;APS;INC;OK;INC000015788845;Priority 4;NA
OPS;EDS;OPS;HK;OK;INC000015788984;Priority 4;NA
OPS;EMS;OPS;HK;OK;INC000015789004;Priority 3;NA
OPS;EMS;OPS;HK;OK;INC000015789006;Priority 3;NA
APS;ETH;APS;INC;OK;INC000015789257;Priority 4;NA
APS;ETH;APS;INC;OK;INC000015789258;Priority 4;NA
FUN;ETH;FUN;INC;OK;INC000015789658;Priority 3;NA
L1;ETH;CNC;INC;OK;INC000015790044;Priority 4;NA
FIN;812;FUN;INC;OK;INC000015790594;Priority 3;NA
FUN;812;FUN;INC;OK;INC000015790770;Priority 4;NA
CNC;812;CNC;INC;OK;INC000015790774;Priority 4;NA
FIN;812;FUN;INC;OK;INC000015790861;Priority 4;NA
FIN;DCF;FUN;INC;OK;INC000015790866;Priority 3;NA
L1;812;MON;SR;OK;INC000015790889;Priority 4;NA
FUN;DCF;FUN;INC;OK;INC000015790997;Priority 3;NA
TEC;DCF;FUN;INC;OK;INC000015791157;Priority 3;NA
CNC;812;CNC;INC;OK;INC000015791198;Priority 3;NA
FUN;812;FUN;INC;OK;INC000015791271;Priority 4;NA
FUN;812;FUN;INC;OK;INC000015791283;Priority 3;NA
SEC;EMS;SEC;INC;OK;INC000015791449;Priority 3;NA
FIN;DXE;FUN;SR;OK;INC000015791517;Priority 3;NA
CNC;812;L1 ;INC;OK;INC000015791531;Priority 4;NA
L1;812;MON;INC;OK;INC000015791532;Priority 4;NA
FIN;812;FUN;INC;OK;INC000015791571;Priority 4;NA
FUN;DCF;FUN;INC;OK;INC000015791736;Priority 3;NA
FUN;812;FUN;INC;OK;INC000015791855;Priority 4;NA
FUN;812;FUN;INC;OK;INC000015791857;Priority 3;NA
DCF;DCF;FUN;SR;OK;INC000015792043;Priority 3;NA
CNC;812;CNC;INC;OK;INC000015792072;Priority 4;NA
FUN;BWI;FUN;INC;OK;INC000015792097;Priority 4;NA
FUN;DXE;FUN;INC;OK;INC000015792172;Priority 3;NA
FUN;812;FUN;INC;OK;INC000015792408;Priority 4;NA
FIN;DCF;FUN;INC;OK;INC000015792418;Priority 3;NA
CNC;812;CNC;INC;OK;INC000015792487;Priority 4;NA
FIN;DXE;FUN;INC;OK;INC000015792694;Priority 4;NA
TEC;DCF;FUN;INC;OK;INC000015792755;Priority 3;NA
TEC;DCF;FUN;INC;OK;INC000015792801;Priority 3;NA
TEC;DCF;FUN;INC;OK;INC000015792843;Priority 3;NA
FIN;DXE;FUN;INC;OK;INC000015792894;Priority 4;NA
TEC;DCF;FUN;INC;OK;INC000015792911;Priority 3;NA
SEC;SYN;SEC;INC;OK;INC000015792956;Priority 4;NA
TEC;DCF;FUN;INC;OK;INC000015792989;Priority 3;NA
TEC;DCF;FUN;INC;OK;INC000015793049;Priority 3;NA
TEC;DCF;FUN;INC;OK;INC000015793118;Priority 3;NA
TEC;DCF;FUN;INC;OK;INC000015793140;Priority 3;NA
TEC;DCF;FUN;INC;OK;INC000015793160;Priority 4;NA
CNC;DCF;CNC;INC;OK;INC000015793187;Priority 3;NA
FUN;EES;FUN;INC;OK;INC000015793431;Priority 4;NA
TEC;DCF;FUN;INC;OK;INC000015793432;Priority 3;NA
L1;BWI;L1 ;INC;OK;INC000015793605;Priority 3;NA
TEC;DCF;FUN;INC;OK;INC000015793699;Priority 3;NA
L1;BWI;L1 ;INC;OK;INC000015793749;Priority 3;NA
APS;DCF;APS;INC;OK;INC000015793816;Priority 4;NA
TEC;DCF;FUN;INC;OK;INC000015793875;Priority 4;NA
FUN;LAT;FUN;INC;OK;INC000015794049;Priority 4;NA
SEC;SYN;SEC;INC;OK;INC000015794077;Priority 4;NA
SEC;SYN;SEC;INC;OK;INC000015794114;Priority 3;NA
L1;BWI;L1 ;INC;OK;INC000015794216;Priority 4;NA
FUN;LAT;FUN;INC;OK;INC000015794283;Priority 3;NA
APS;ETH;APS;INC;OK;INC000015794306;Priority 3;NA
SEC;SYN;SEC;INC;OK;INC000015794496;Priority 3;NA
FUN;ETH;FUN;INC;OK;INC000015794668;Priority 4;NA
FUN;EES;FUN;INC;OK;INC000015794821;Priority 4;NA
FUN;ETH;FUN;INC;OK;INC000015794847;Priority 4;NA
L1;MNT;CNC;INC;OK;INC000015794951;Priority 4;NA
FIN;MNT;FUN;INC;OK;INC000015795447;Priority 4;NA
CNC;ETH;L1 ;INC;OK;INC000015795646;Priority 3;NA
FUN;MNT;FUN;INC;OK;INC000015795735;Priority 3;NA
L1;BWI;L1 ;INC;OK;INC000015795952;Priority 4;NA
L1;MNT;MON;SR;OK;INC000015796053;Priority 4;NA
FUN;DCF;FUN;INC;OK;INC000015796543;Priority 3;NA
FUN;DCF;FUN;INC;OK;INC000015796589;Priority 4;NA
TEC;DCF;FUN;INC;OK;INC000015796652;Priority 3;NA
FUN;812;FUN;INC;OK;INC000015796876;Priority 4;NA
FIN;DXE;FUN;SR;OK;INC000015796932;Priority 3;NA
FUN;DXE;FUN;INC;OK;INC000015796988;Priority 3;NA
FIN;DXE;FUN;INC;OK;INC000015797027;Priority 4;NA
FUN;812;FUN;INC;OK;INC000015797414;Priority 4;NA
APS;ETH;APS;INC;OK;INC000015797424;Priority 3;NA
FIN;812;FUN;INC;OK;INC000015797496;Priority 3;NA
SEC;SYN;SEC;INC;OK;INC000015797529;Priority 4;NA
FIN;812;FUN;INC;OK;INC000015797561;Priority 4;NA
SEC;SYN;SEC;INC;OK;INC000015797646;Priority 3;NA
FUN;BWI;FUN;INC;OK;INC000015797694;Priority 4;NA
TEC;DCF;FUN;INC;OK;INC000015797730;Priority 3;NA
FUN;812;FUN;INC;OK;INC000015797735;Priority 3;NA
FUN;EES;FUN;INC;OK;INC000015797739;Priority 4;NA
OPS;EMS;OPS;INC;OK;INC000015797848;Priority 3;NA
FIN;812;FUN;INC;OK;INC000015798041;Priority 4;NA
FUN;812;FUN;INC;OK;INC000015798122;Priority 4;NA
FIN;DXE;FUN;SR;OK;INC000015798218;Priority 3;NA
FUN;WS;FUN;INC;OK;INC000015798467;Priority 4;NA
FUN;DCF;FUN;INC;OK;INC000015798612;Priority 4;NA
SEC;SYN;SEC;INC;OK;INC000015798627;Priority 4;NA
FUN;812;FUN;INC;OK;INC000015798708;Priority 4;NA
SEC;SYN;SEC;INC;OK;INC000015798874;Priority 3;NA
APS;ETH;APS;INC;OK;INC000015798969;Priority 4;NA
SEC;BWI;SEC;INC;OK;INC000015799067;Priority 4;NA
FIN;812;FUN;INC;Defect;INC000015799132;Priority 4;NA
L1;LAT;CNC;INC;OK;INC000015799489;Priority 4;NA
L1;BWI;L1 ;INC;OK;INC000015799617;Priority 3;NA
SEC;SYN;SEC;INC;OK;INC000015799805;Priority 4;NA
SEC;SYN;SEC;INC;OK;INC000015799862;Priority 4;NA
L1;BWI;L1 ;INC;OK;INC000015799977;Priority 3;NA
DCF;DCF;FUN;INC;OK;INC000015800048;Priority 4;NA
L1;BWI;L1 ;INC;OK;INC000015800162;Priority 3;NA
L1;BWI;L1 ;INC;OK;INC000015800285;Priority 3;NA
FUN;BWI;FUN;INC;OK;INC000015800399;Priority 4;NA
TEC;DCF;FUN;INC;OK;INC000015800779;Priority 3;NA
CNC;BWI;CNC;INC;OK;INC000015800952;Priority 4;NA
FUN;DCF;FUN;INC;OK;INC000015800984;Priority 3;NA
APS;DCF;APS;INC;OK;INC000015801654;Priority 4;NA
L1;ETH;CNC;INC;OK;INC000015801663;Priority 4;NA
FUN;DXE;FUN;INC;OK;INC000015801817;Priority 4;NA
FUN;DCF;FUN;INC;OK;INC000015801927;Priority 3;NA
FUN;812;FUN;INC;OK;INC000015802052;Priority 3;NA
FUN;DCF;FUN;INC;OK;INC000015802100;Priority 4;NA
L1;812;MON;SR;OK;INC000015802371;Priority 3;NA
FIN;812;FUN;INC;OK;INC000015802570;Priority 4;NA
FIN;DXE;FUN;SR;OK;INC000015802662;Priority 3;NA
SEC;WS;SEC;INC;OK;INC000015803019;Priority 3;NA
LAT;LAT;FUN;INC;OK;INC000015803068;Priority 3;NA
FUN;812;FUN;INC;OK;INC000015803160;Priority 3;NA
FUN;812;FUN;INC;OK;INC000015803173;Priority 4;NA
CNC;812;CNC;INC;OK;INC000015803343;Priority 3;NA
L1;DPY;MON;SR;OK;INC000015803399;Priority 4;NA
FUN;812;FUN;INC;OK;INC000015803423;Priority 3;NA
SEC;812;SEC;INC;OK;INC000015803527;Priority 4;NA
FIN;812;FUN;INC;OK;INC000015803754;Priority 4;NA
FIN;DCF;FUN;SR;OK;INC000015804131;Priority 4;NA
FUN;DXE;FUN;INC;OK;INC000015804218;Priority 3;NA
FUN;DXE;FUN;INC;OK;INC000015804229;Priority 4;NA
APS;DCF;APS;INC;OK;INC000015804306;Priority 3;NA
CNC;812;CNC;INC;OK;INC000015804505;Priority 3;NA
SEC;SYN;SEC;INC;OK;INC000015804648;Priority 3;NA
CNC;ETH;CNC;INC;OK;INC000015804996;Priority 4;NA
L1;BWI;L1 ;INC;OK;INC000015805108;Priority 4;NA
SEC;DCF;SEC;SR;OK;INC000015805177;Priority 3;NA
FUN;BWI;FUN;INC;OK;INC000015805299;Priority 4;NA
L1;BWI;L1 ;INC;OK;INC000015805317;Priority 3;NA
FUN;LAT;FUN;SR;OK;INC000015805471;Priority 3;NA
FUN;812;FUN;INC;OK;INC000015805521;Priority 4;NA
FUN;ETH;FUN;INC;OK;INC000015805538;Priority 4;NA
LAT;LAT;FUN;INC;OK;INC000015805540;Priority 4;NA
FUN;EES;FUN;INC;OK;INC000015805575;Priority 4;NA
APS;ETH;APS;INC;OK;INC000015805821;Priority 4;NA
L1;MNT;MON;SR;OK;INC000015805939;Priority 4;NA
FUN;BWI;FUN;INC;OK;INC000015805988;Priority 4;NA
SEC;SYN;SEC;INC;OK;INC000015806255;Priority 4;NA
DBA;812;DBA;INC;OK;INC000015806391;Priority 3;NA
DCF;DCF;FUN;SR;OK;INC000015807013;Priority 3;NA
SEC;ETH;SEC;INC;OK;INC000015807064;Priority 4;NA
APS;DCF;APS;INC;OK;INC000015807162;Priority 4;NA
FUN;DXE;FUN;INC;OK;INC000015807368;Priority 4;NA
FIN;812;FUN;INC;OK;INC000015807664;Priority 4;NA
FUN;812;FUN;INC;OK;INC000015807725;Priority 4;NA
FUN;DCF;FUN;INC;OK;INC000015807746;Priority 3;NA
OPS;EMS;OPS;INC;OK;INC000015807755;Priority 4;NA
FIN;DCF;FUN;INC;OK;INC000015807798;Priority 4;NA
FUN;812;FUN;INC;OK;INC000015807825;Priority 4;NA
TEC;DCF;FUN;INC;OK;INC000015807849;Priority 3;NA
CNC;812;CNC;INC;OK;INC000015807870;Priority 3;NA
APS;ETH;APS;INC;OK;INC000015808076;Priority 4;NA
TEC;DCF;FUN;INC;OK;INC000015808100;Priority 3;NA
FUN;812;FUN;INC;OK;INC000015808142;Priority 3;NA
FUN;DXE;FUN;INC;OK;INC000015808329;Priority 4;NA
FUN;ETH;FUN;INC;OK;INC000015808501;Priority 3;NA
FUN;ETH;FUN;INC;OK;INC000015808751;Priority 3;NA
FUN;BWI;FUN;INC;OK;INC000015808789;Priority 4;NA
FUN;812;FUN;INC;OK;INC000015808951;Priority 4;NA
FIN;812;FUN;INC;OK;INC000015809067;Priority 4;NA
FUN;812;FUN;INC;OK;INC000015809082;Priority 4;NA
FUN;812;FUN;INC;OK;INC000015809110;Priority 3;NA
FIN;812;FUN;INC;OK;INC000015809216;Priority 4;NA
SEC;SYN;SEC;INC;OK;INC000015809388;Priority 3;NA
APS;DCF;APS;INC;OK;INC000015809447;Priority 3;NA
SEC;SYN;SEC;INC;OK;INC000015809453;Priority 3;NA
FIN;812;FUN;INC;OK;INC000015809457;Priority 4;NA
SEC;SYN;SEC;INC;OK;INC000015809521;Priority 4;NA
SEC;EDS;SEC;INC;OK;INC000015809589;Priority 3;NA
FUN;812;FUN;INC;OK;INC000015809845;Priority 4;NA
FUN;DCF;FUN;INC;OK;INC000015809967;Priority 3;NA
FUN;ETH;FUN;INC;OK;INC000015810012;Priority 3;NA
CNC;ETH;TEC;INC;OK;INC000015810336;Priority 4;NA
SEC;SYN;SEC;INC;OK;INC000015810344;Priority 3;NA
CNC;BWI;CNC;INC;OK;INC000015810624;Priority 4;NA
FUN;ETH;FUN;INC;OK;INC000015811090;Priority 4;NA
L1;BWI;L1 ;INC;OK;INC000015811323;Priority 4;NA
FUN;812;FUN;INC;OK;INC000015811353;Priority 4;NA
L1;BWI;L1 ;INC;OK;INC000015811536;Priority 3;NA
FUN;DCF;FUN;INC;OK;INC000015811604;Priority 4;NA
FIN;BWI;FUN;INC;OK;INC000015811654;Priority 4;NA
TEC;DCF;FUN;INC;OK;INC000015811775;Priority 3;NA
FUN;BWI;FUN;INC;OK;INC000015811778;Priority 4;NA
FUN;LAT;FUN;INC;OK;INC000015811786;Priority 3;NA
CNC;BWI;CNC;INC;OK;INC000015812188;Priority 4;NA
OPS;EMS;OPS;HK;OK;INC000015812527;Priority 3;NA
L1;BWI;L1 ;INC;OK;INC000015812744;Priority 4;NA
DBA;812;DBA;INC;OK;INC000015812793;Priority 4;NA
FUN;DCF;SEC;SR;OK;INC000015812864;Priority 3;NA
FUN;DCF;FUN;INC;OK;INC000015812897;Priority 3;NA
FUN;ETH;FUN;INC;OK;INC000015813320;Priority 4;NA
FUN;812;FUN;INC;OK;INC000015813330;Priority 4;NA
FUN;WS;FUN;INC;OK;INC000015813584;Priority 4;NA
FUN;812;FUN;INC;OK;INC000015813659;Priority 4;NA
FIN;812;FUN;INC;OK;INC000015813717;Priority 4;NA
FUN;BWI;FUN;INC;OK;INC000015813738;Priority 4;NA
FUN;812;FUN;INC;OK;INC000015813982;Priority 4;NA
DCF;DCF;FUN;INC;OK;INC000015813991;Priority 3;NA
FUN;812;FUN;INC;OK;INC000015813999;Priority 4;NA
FUN;ETH;FUN;INC;OK;INC000015814305;Priority 3;NA
SEC;EMS;SEC;INC;OK;INC000015814340;Priority 4;NA
FUN;DCF;FUN;INC;OK;INC000015814409;Priority 4;NA
SCH;BWI;SCH;INC;OK;INC000015814585;Priority 3;NA
FUN;812;FUN;INC;OK;INC000015814623;Priority 3;NA
L1;BWI;L1 ;INC;OK;INC000015814856;Priority 3;NA
FUN;LAT;FUN;SR;OK;INC000015814923;Priority 3;NA
FIN;812;FUN;INC;OK;INC000015814951;Priority 4;NA
APS;EES;APS;INC;OK;INC000015815294;Priority 3;NA
TEC;DCF;FUN;INC;OK;INC000015815488;Priority 3;NA
TEC;DCF;FUN;INC;OK;INC000015815554;Priority 3;NA
FUN;ETH;FUN;INC;OK;INC000015815582;Priority 4;NA
L1;BWI;L1 ;INC;OK;INC000015816204;Priority 4;NA
L1;BWI;L1 ;INC;OK;INC000015816215;Priority 4;NA
APS;DCF;APS;INC;OK;INC000015816588;Priority 4;NA
FUN;MNT;FUN;INC;OK;INC000015816702;Priority 3;NA
APS;DCF;APS;INC;OK;INC000015816976;Priority 3;NA
FUN;DCF;FUN;INC;OK;INC000015818556;Priority 3;NA
APS;DCF;APS;INC;OK;INC000015818672;Priority 4;NA
OPS;EMS;OPS;HK;OK;INC000015818971;Priority 3;NA
FUN;ETH;FUN;INC;OK;INC000015819304;Priority 4;NA
CNC;ETH;CNC;INC;OK;INC000015819664;Priority 4;NA
APS;DCF;APS;INC;OK;INC000015820877;Priority 4;NA
SEC;SYN;SEC;INC;OK;INC000015821384;Priority 3;NA
CNC;812;CNC;INC;OK;INC000015821534;Priority 4;NA
FUN;812;FUN;INC;OK;INC000015821907;Priority 4;NA
SEC;EMS;SEC;INC;OK;INC000015822014;Priority 4;NA
CNC;DCF;CNC;INC;OK;INC000015822082;Priority 4;NA
CNC;812;CNC;INC;OK;INC000015822108;Priority 3;NA
CNC;812;CNC;INC;OK;INC000015822128;Priority 3;NA
FUN;BWI;FUN;INC;OK;INC000015822163;Priority 3;NA
CNC;812;CNC;INC;OK;INC000015822187;Priority 4;NA
FUN;DCF;FUN;SR;OK;INC000015822205;Priority 3;NA
OPS;EMS;OPS;HK;OK;INC000015822206;Priority 4;NA
CNC;812;CNC;INC;OK;INC000015822224;Priority 4;NA
CNC;812;CNC;INC;OK;INC000015822226;Priority 3;NA
FIN;812;FUN;INC;OK;INC000015822325;Priority 4;NA
FUN;DCF;FUN;INC;OK;INC000015822373;Priority 3;NA
FUN;DCF;FUN;INC;OK;INC000015822783;Priority 3;NA
FUN;LAT;FUN;INC;OK;INC000015822902;Priority 3;NA
APS;DCF;APS;INC;OK;INC000015822925;Priority 4;NA
SEC;SYN;SEC;INC;OK;INC000015823091;Priority 4;NA
CNC;DCF;FUN;INC;OK;INC000015823120;Priority 3;NA
FUN;BWI;FUN;INC;OK;INC000015823221;Priority 4;NA
FUN;BWI;FUN;INC;OK;INC000015823246;Priority 4;NA
SEC;SYN;SEC;INC;OK;INC000015823597;Priority 4;NA
SEC;SYN;SEC;INC;OK;INC000015823857;Priority 4;NA
SCH;BWI;SCH;INC;OK;INC000015823972;Priority 3;NA
FIN;DCF;FUN;INC;OK;INC000015824013;Priority 4;NA
LAT;LAT;FUN;SR;OK;INC000015824487;Priority 4;NA
MNT;MNT;FUN;INC;OK;INC000015824664;Priority 4;NA
L1;BWI;L1 ;INC;OK;INC000015824747;Priority 3;NA
SEC;SYN;SEC;INC;OK;INC000015824848;Priority 3;NA
L1;BWI;L1 ;INC;OK;INC000015825035;Priority 3;NA
APS;EES;APS;INC;OK;INC000015825444;Priority 3;NA
SEC;SYN;SEC;INC;OK;INC000015825618;Priority 4;NA
DCF;DCF;FUN;INC;OK;INC000015825850;Priority 3;NA
FUN;LAT;FUN;SR;OK;INC000015825959;Priority 4;NA
L1;MNT;MON;SR;OK;INC000015825991;Priority 4;NA
FUN;LAT;FUN;SR;OK;INC000015826027;Priority 4;NA
FUN;LAT;FUN;SR;OK;INC000015826111;Priority 4;NA
SEC;SYN;SEC;INC;OK;INC000015826157;Priority 3;NA
L1;BWI;L1 ;INC;OK;INC000015826199;Priority 3;NA
FUN;MNT;FUN;INC;OK;INC000015826493;Priority 3;NA
FUN;MNT;FUN;INC;OK;INC000015826857;Priority 3;NA
FIN;MNT;FUN;INC;OK;INC000015827671;Priority 4;NA
L1;812;MON;INC;OK;INC000015827831;Priority 3;NA
FIN;812;FUN;INC;OK;INC000015828161;Priority 4;NA
APS;DCF;APS;INC;OK;INC000015828163;Priority 3;NA
FUN;DCF;FUN;INC;OK;INC000015828480;Priority 4;NA
FUN;812;FUN;INC;OK;INC000015828497;Priority 4;NA
FIN;812;FUN;INC;OK;INC000015828652;Priority 4;NA
SEC;SYN;SEC;INC;OK;INC000015828976;Priority 3;NA
FUN;LAT;FUN;INC;Defect;INC000015829009;Priority 3;NA
FUN;BWI;FUN;INC;OK;INC000015829100;Priority 4;NA
FUN;DCF;FUN;INC;OK;INC000015829117;Priority 3;NA
FUN;DCF;FUN;INC;OK;INC000015829380;Priority 3;NA
FUN;DCF;FUN;INC;OK;INC000015829413;Priority 4;NA
SEC;SYN;SEC;INC;OK;INC000015829527;Priority 4;NA
L1;812;MON;INC;OK;INC000015829641;Priority 4;NA
FUN;LAT;FUN;INC;OK;INC000015829669;Priority 3;NA
FUN;ETH;FUN;INC;OK;INC000015829691;Priority 3;NA
FUN;DCF;SEC;SR;OK;INC000015829711;Priority 4;NA
L1;812;MON;INC;OK;INC000015829714;Priority 3;NA
FUN;WS;FUN;INC;OK;INC000015829724;Priority 3;NA
FUN;DCF;SEC;SR;OK;INC000015829738;Priority 3;NA
FIN;LAT;FUN;INC;OK;INC000015830235;Priority 4;NA
TEC;DCF;FUN;INC;OK;INC000015830573;Priority 3;NA
L1;MNT;MON;SR;OK;INC000015831134;Priority 3;NA
FUN;EES;FUN;INC;OK;INC000015831400;Priority 4;NA
FUN;EES;FUN;INC;OK;INC000015831559;Priority 4;NA
FUN;ETH;FUN;INC;OK;INC000015831577;Priority 3;NA
SEC;SYN;SEC;INC;OK;INC000015831618;Priority 3;NA
FUN;LAT;FUN;SR;OK;INC000015831690;Priority 4;NA
SCH;LAT;SCH;INC;OK;INC000015831779;Priority 3;NA
SCH;LAT;SCH;INC;OK;INC000015831783;Priority 3;NA
FUN;ETH;FUN;INC;OK;INC000015831873;Priority 4;NA
FUN;ETH;FUN;INC;OK;INC000015831980;Priority 3;NA
FUN;LAT;FUN;INC;OK;INC000015832169;Priority 3;NA
APS;DCF;APS;INC;OK;INC000015832737;Priority 4;NA
L1;MNT;MON;SR;OK;INC000015832751;Priority 4;NA
SCH;LAT;SCH;INC;OK;INC000015832822;Priority 3;NA
SCH;LAT;SCH;INC;OK;INC000015832892;Priority 3;NA
OPS;EMS;OPS;INC;OK;INC000015832919;Priority 3;NA
SCH;LAT;SCH;INC;OK;INC000015832945;Priority 3;NA
SCH;LAT;SCH;INC;OK;INC000015832977;Priority 3;NA
SCH;LAT;SCH;INC;OK;INC000015833060;Priority 3;NA
SCH;LAT;SCH;INC;OK;INC000015833061;Priority 3;NA
SCH;LAT;SCH;INC;OK;INC000015833062;Priority 3;NA
SCH;LAT;SCH;INC;OK;INC000015833063;Priority 3;NA
L1;BWI;L1 ;INC;OK;INC000015833370;Priority 3;NA
FUN;DCF;FUN;INC;OK;INC000015833453;Priority 4;NA
FUN;812;FUN;INC;OK;INC000015833462;Priority 4;NA
SEC;EMS;SEC;INC;OK;INC000015833492;Priority 3;NA
SCH;LAT;SCH;INC;OK;INC000015833565;Priority 3;NA
SCH;LAT;SCH;INC;OK;INC000015833566;Priority 3;NA
FIN;812;FUN;INC;OK;INC000015834057;Priority 4;NA
FUN;WS;FUN;INC;OK;INC000015834182;Priority 3;NA
FUN;DCF;FUN;INC;OK;INC000015834184;Priority 3;NA
L1;812;MON;INC;OK;INC000015834575;Priority 3;NA
FUN;ETH;FUN;INC;OK;INC000015834708;Priority 3;NA
FUN;BWI;FUN;INC;OK;INC000015834940;Priority 4;NA
TEC;DCF;FUN;INC;OK;INC000015834970;Priority 3;NA
FIN;812;FUN;INC;OK;INC000015835038;Priority 4;NA
FUN;812;FUN;INC;OK;INC000015835057;Priority 4;NA
CNC;812;CNC;INC;OK;INC000015835688;Priority 4;NA
FUN;812;FUN;INC;OK;INC000015835700;Priority 3;NA
FUN;812;FUN;INC;OK;INC000015835753;Priority 4;NA
FIN;DCF;FUN;INC;OK;INC000015835760;Priority 3;NA
CNC;812;CNC;INC;OK;INC000015835765;Priority 4;NA
FUN;812;FUN;INC;OK;INC000015836001;Priority 4;NA
APS;DCF;APS;INC;OK;INC000015836155;Priority 4;NA
FUN;LAT;FUN;INC;OK;INC000015836472;Priority 3;NA
L1;BWI;L1 ;INC;OK;INC000015836520;Priority 4;NA
FUN;LAT;FUN;INC;OK;INC000015836677;Priority 3;NA
SEC;SYN;SEC;INC;OK;INC000015836759;Priority 4;NA
L1;BWI;L1 ;INC;OK;INC000015837177;Priority 4;NA
L1;BWI;L1 ;INC;OK;INC000015837262;Priority 4;NA
DCF;DCF;FUN;INC;OK;INC000015837379;Priority 3;NA
DBA;812;DBA;INC;OK;INC000015837541;Priority 3;NA
DBA;812;DBA;INC;OK;INC000015837548;Priority 3;NA
L1;BWI;L1 ;INC;OK;INC000015837601;Priority 3;NA
SEC;DCF;SEC;SR;OK;INC000015837624;Priority 3;NA
DBA;812;DBA;INC;OK;INC000015837848;Priority 4;NA
FUN;BWI;FUN;INC;OK;INC000015837974;Priority 3;NA
L1;BWI;L1 ;INC;OK;INC000015838078;Priority 3;NA
SCH;LAT;SCH;INC;OK;INC000015838723;Priority 3;NA
SCH;LAT;SCH;INC;OK;INC000015838725;Priority 3;NA
SCH;LAT;SCH;INC;OK;INC000015838726;Priority 3;NA
SCH;LAT;SCH;INC;OK;INC000015838727;Priority 3;NA
SCH;LAT;SCH;INC;OK;INC000015838728;Priority 3;NA
FUN;DCF;FUN;INC;OK;INC000015838962;Priority 4;NA
FIN;DCF;FUN;INC;OK;INC000015839264;Priority 3;NA
TEC;DCF;FUN;INC;OK;INC000015839351;Priority 3;NA
FUN;DXE;FUN;INC;OK;INC000015839468;Priority 3;NA
TEC;DCF;FUN;INC;OK;INC000015839558;Priority 3;NA
FUN;WS;FUN;INC;OK;INC000015839743;Priority 4;NA
L1;DCF;CNC;INC;OK;INC000015839762;Priority 3;NA
DCF;DCF;FUN;INC;OK;INC000015839827;Priority 3;NA
FUN;WS;FUN;INC;OK;INC000015839836;Priority 3;NA
APS;ETH;APS;INC;OK;INC000015839993;Priority 4;NA
FIN;812;FUN;INC;OK;INC000015840055;Priority 4;NA
FUN;BWI;FUN;INC;OK;INC000015840822;Priority 4;NA
APS;DCF;APS;INC;OK;INC000015841020;Priority 4;NA
FUN;ETH;FUN;INC;OK;INC000015841069;Priority 3;NA
SEC;SYN;SEC;INC;OK;INC000015841181;Priority 3;NA
SEC;SYN;SEC;INC;OK;INC000015841428;Priority 3;NA
SCH;BWI;SCH;INC;OK;INC000015841758;Priority 3;NA
L1;BWI;L1 ;INC;OK;INC000015841841;Priority 4;NA
DCF;DCF;FUN;INC;OK;INC000015841851;Priority 3;NA
SEC;BWI;SEC;INC;OK;INC000015841903;Priority 3;NA
L1;BWI;L1 ;INC;OK;INC000015841938;Priority 4;NA
SEC;SYN;SEC;INC;OK;INC000015841967;Priority 4;NA
FUN;812;FUN;INC;OK;INC000015842117;Priority 3;NA
CNC;LAT;CNC;INC;OK;INC000015842218;Priority 4;NA
FUN;BWI;FUN;INC;OK;INC000015842239;Priority 4;NA
FUN;BWI;FUN;INC;OK;INC000015842449;Priority 3;NA
SEC;SYN;SEC;INC;OK;INC000015842462;Priority 3;NA
SEC;SYN;SEC;INC;OK;INC000015842894;Priority 3;NA
L1;BWI;L1 ;INC;OK;INC000015842971;Priority 4;NA
DCF;DCF;FUN;INC;OK;INC000015843067;Priority 4;NA
FUN;DCF;FUN;INC;OK;INC000015843192;Priority 4;NA
DBA;812;DBA;INC;OK;INC000015844249;Priority 3;NA
L1;DPY;MON;SR;OK;INC000015844452;Priority 3;NA
L1;BWI;L1 ;INC;OK;INC000015845316;Priority 4;NA
APS;DCF;APS;INC;OK;INC000015845464;Priority 4;NA
FUN;DXE;FUN;INC;OK;INC000015845589;Priority 3;NA
FIN;812;FUN;INC;OK;INC000015845655;Priority 4;NA
FUN;ETH;FUN;INC;OK;INC000015845900;Priority 3;NA
FUN;BWI;FUN;INC;OK;INC000015846139;Priority 4;NA
OPS;EMS;OPS;INC;OK;INC000015846242;Priority 3;NA
CNC;LAT;CNC;INC;OK;INC000015846538;Priority 4;NA
L1;MNT;MON;SR;OK;INC000015846550;Priority 4;NA
FUN;LAT;FUN;INC;OK;INC000015846960;Priority 3;NA
L1;BWI;L1 ;INC;OK;INC000015847505;Priority 4;NA
FUN;BWI;FUN;INC;OK;INC000015847723;Priority 3;NA
TEC;DCF;FUN;INC;OK;INC000015848015;Priority 3;NA
SEC;SYN;SEC;INC;OK;INC000015848428;Priority 3;NA
FUN;BWI;FUN;INC;OK;INC000015848467;Priority 3;NA
CNC;812;CNC;INC;OK;INC000015848551;Priority 3;NA
CNC;812;CNC;INC;OK;INC000015848705;Priority 4;NA
FUN;MNT;FUN;INC;OK;INC000015849057;Priority 3;NA
FUN;MNT;FUN;INC;OK;INC000015849168;Priority 3;NA
L1;BWI;L1 ;INC;OK;INC000015849288;Priority 4;NA
APS;DCF;APS;INC;OK;INC000015849338;Priority 4;NA
FUN;MNT;FUN;INC;OK;INC000015849982;Priority 3;NA
FUN;MNT;FUN;INC;OK;INC000015850115;Priority 3;NA
FUN;MNT;FUN;INC;OK;INC000015850397;Priority 3;NA
FUN;BWI;FUN;INC;OK;INC000015850664;Priority 3;NA
FUN;MNT;FUN;INC;OK;INC000015851092;Priority 3;NA
FUN;MNT;FUN;INC;OK;INC000015851098;Priority 3;NA
APS;DCF;APS;INC;OK;INC000015851355;Priority 4;NA
SCH;BWI;SCH;INC;OK;INC000015851462;Priority 4;NA
SCH;LAT;SCH;INC;OK;INC000015851527;Priority 3;NA
SCH;LAT;SCH;INC;OK;INC000015851528;Priority 3;NA
SCH;LAT;SCH;INC;OK;INC000015851529;Priority 3;NA
SCH;LAT;SCH;INC;OK;INC000015851530;Priority 3;NA
SCH;LAT;SCH;INC;OK;INC000015851532;Priority 3;NA
SCH;LAT;SCH;INC;OK;INC000015851533;Priority 3;NA
SCH;LAT;SCH;INC;OK;INC000015851534;Priority 3;NA
SCH;LAT;SCH;INC;OK;INC000015851535;Priority 3;NA
SCH;LAT;SCH;INC;OK;INC000015851536;Priority 3;NA
FUN;MNT;FUN;INC;OK;INC000015851635;Priority 3;NA
FUN;MNT;FUN;INC;OK;INC000015851642;Priority 3;NA
OPS;EMS;OPS;HK;OK;INC000015851826;Priority 3;NA
L1;WS;CNC;INC;OK;INC000015853298;Priority 3;NA
APS;ETH;APS;INC;OK;INC000015854099;Priority 3;NA
APS;ETH;APS;INC;OK;INC000015854265;Priority 4;NA
L1;812;MON;SR;OK;INC000015854421;Priority 4;NA
FUN;812;FUN;INC;OK;INC000015855105;Priority 4;NA
APS;DCF;APS;INC;OK;INC000015855185;Priority 4;NA
CNC;812;CNC;INC;OK;INC000015855263;Priority 4;NA
FIN;812;FUN;INC;OK;INC000015855445;Priority 4;NA
CNC;812;CNC;INC;OK;INC000015855558;Priority 3;NA
FUN;DCF;FUN;INC;OK;INC000015855993;Priority 3;NA
SEC;SYN;SEC;INC;OK;INC000015856085;Priority 3;NA
SEC;812;SEC;INC;OK;INC000015856131;Priority 3;NA
LAT;LAT;FUN;SR;OK;INC000015856376;Priority 4;NA
FUN;812;FUN;INC;OK;INC000015856520;Priority 3;NA
SEC;SYN;SEC;INC;OK;INC000015856889;Priority 3;NA
L1;DPY;MON;SR;OK;INC000015857367;Priority 4;NA
TEC;DCF;FUN;INC;OK;INC000015857410;Priority 3;NA
APS;DCF;APS;INC;OK;INC000015858222;Priority 4;NA
FUN;LAT;FUN;INC;OK;INC000015858703;Priority 3;NA
CNC;ETH;L1 ;INC;OK;INC000015859006;Priority 2;NA
SEC;SYN;SEC;INC;OK;INC000015859140;Priority 3;NA
L1;MNT;CNC;INC;OK;INC000015859688;Priority 4;NA
APS;DCF;APS;INC;OK;INC000015860440;Priority 3;NA
L1;LAT;CNC;INC;OK;INC000015860537;Priority 4;NA
APS;DCF;APS;INC;OK;INC000015861130;Priority 4;NA
FIN;812;FUN;INC;OK;INC000015861963;Priority 4;NA
FUN;812;FUN;INC;OK;INC000015862185;Priority 4;NA
FUN;LAT;FUN;INC;OK;INC000015862529;Priority 4;NA
TEC;ETH;TEC;INC;OK;INC000015862530;Priority 4;NA
APS;DCF;APS;INC;OK;INC000015862604;Priority 4;NA
FUN;812;FUN;INC;OK;INC000015862749;Priority 4;NA
APS;ETH;APS;INC;OK;INC000015862904;Priority 4;NA
SEC;SYN;SEC;INC;OK;INC000015862999;Priority 4;NA
FUN;DCF;FUN;INC;OK;INC000015863041;Priority 4;NA
FUN;812;FUN;INC;OK;INC000015863085;Priority 4;NA
FIN;812;FUN;INC;OK;INC000015863089;Priority 4;NA
CNC;812;CNC;INC;OK;INC000015863922;Priority 4;NA
FIN;DXE;FUN;INC;OK;INC000015864022;Priority 4;NA
CNC;EMS;CNC;INC;OK;INC000015864148;Priority 4;NA
FIN;812;INS;INC;OK;INC000015864327;Priority 4;NA
FUN;812;FUN;INC;OK;INC000015864565;Priority 4;NA
FUN;ETH;FUN;INC;OK;INC000015864827;Priority 4;NA
CNC;BWI;CNC;INC;OK;INC000015865093;Priority 4;NA
FUN;DCF;FUN;INC;Defect;INC000015865439;Priority 4;NA
FUN;LAT;FUN;SR;OK;INC000015865968;Priority 4;NA
FUN;LAT;FUN;SR;OK;INC000015866074;Priority 4;NA
APS;DCF;APS;INC;OK;INC000015867360;Priority 4;NA
CNC;812;CNC;INC;OK;INC000015867963;Priority 4;NA
APS;DCF;APS;INC;OK;INC000015868465;Priority 4;NA
FUN;812;FUN;INC;OK;INC000015868563;Priority 4;NA
FUN;812;FUN;INC;OK;INC000015868573;Priority 4;NA
L1;MNT;MON;SR;OK;INC000015868638;Priority 4;NA
FUN;812;FUN;INC;OK;INC000015868910;Priority 4;NA
FUN;812;FUN;INC;OK;INC000015868978;Priority 4;NA
FUN;BWI;FUN;INC;OK;INC000015869160;Priority 4;NA
FIN;812;FUN;INC;OK;INC000015869548;Priority 4;NA
FUN;WS;FUN;INC;OK;INC000015869592;Priority 4;NA
FUN;812;FUN;INC;OK;INC000015869768;Priority 4;NA
FUN;812;FUN;INC;OK;INC000015870100;Priority 4;NA
FUN;EMS;FUN;INC;OK;INC000015870211;Priority 4;NA
SEC;812;SEC;SR;OK;INC000015870752;Priority 4;NA
CNC;BWI;CNC;INC;OK;INC000015871038;Priority 4;NA
APS;DCF;APS;INC;OK;INC000015872316;Priority 4;NA
APS;DCF;APS;INC;OK;INC000015873254;Priority 4;NA
FIN;DCF;FUN;INC;OK;INC000015873820;Priority 4;NA
FUN;812;FUN;INC;OK;INC000015874036;Priority 4;NA
DBA;812;DBA;INC;OK;INC000015874191;Priority 4;NA
OPS;EMS;OPS;SR;OK;INC000015874282;Priority 4;NA
L1;812;MON;SR;OK;INC000015874328;Priority 4;NA
SEC;SYN;SEC;INC;OK;INC000015875033;Priority 4;NA
SEC;SYN;SEC;INC;Defect;INC000015875071;Priority 4;NA
FUN;BWI;FUN;INC;OK;INC000015875073;Priority 4;NA
FUN;MNT;FUN;INC;OK;INC000015875108;Priority 4;NA
FUN;DXE;FUN;INC;OK;INC000015875350;Priority 4;NA
FUN;LAT;FUN;INC;OK;INC000015875664;Priority 4;NA
FIN;812;FUN;INC;OK;INC000015875949;Priority 4;NA
FIN;DCF;FUN;INC;OK;INC000015875952;Priority 4;NA
CNC;BWI;CNC;INC;OK;INC000015876038;Priority 4;NA
FUN;BWI;FUN;INC;OK;INC000015876048;Priority 4;NA
FUN;812;FUN;INC;OK;INC000015876463;Priority 4;NA
APS;DCF;APS;INC;OK;INC000015878148;Priority 4;NA
L1;812;MON;SR;OK;INC000015879165;Priority 4;NA
CNC;812;CNC;INC;OK;INC000015879403;Priority 4;NA
FUN;812;FUN;INC;OK;INC000015879418;Priority 4;NA
FUN;EMS;FUN;INC;OK;INC000015879467;Priority 4;NA
FUN;ETH;FUN;INC;OK;INC000015879529;Priority 4;NA
FUN;812;FUN;INC;OK;INC000015879743;Priority 4;NA
FIN;812;FUN;INC;OK;INC000015879774;Priority 4;NA
FIN;812;FUN;INC;OK;INC000015879871;Priority 4;NA
FUN;812;FUN;INC;OK;INC000015880353;Priority 4;NA
FIN;LAT;FUN;INC;OK;INC000015880611;Priority 4;NA
DBA;812;DBA;INC;OK;INC000015880633;Priority 4;NA
FUN;WS;FUN;INC;OK;INC000015880696;Priority 4;NA
FUN;812;FUN;INC;OK;INC000015880796;Priority 4;NA
FUN;ETH;FUN;INC;OK;INC000015880875;Priority 4;NA
FUN;812;FUN;INC;OK;INC000015881000;Priority 4;NA
FIN;812;FUN;INC;OK;INC000015881027;Priority 4;NA
FUN;ETH;FUN;INC;OK;INC000015881063;Priority 4;NA
SEC;SYN;SEC;INC;OK;INC000015881324;Priority 4;NA
SEC;SYN;SEC;INC;OK;INC000015881435;Priority 4;NA
FIN;812;FUN;INC;OK;INC000015881598;Priority 4;NA
FUN;ETH;FUN;INC;Defect;INC000015882036;Priority 4;NA
L1;COE;MON;SR;OK;INC000015882206;Priority 4;NA
FUN;812;FUN;INC;OK;INC000015882458;Priority 4;NA
FUN;LAT;FUN;SR;OK;INC000015882761;Priority 4;NA
L1;MNT;MON;SR;OK;INC000015883395;Priority 4;NA
FUN;DCF;FUN;INC;OK;INC000015884622;Priority 4;NA
FUN;WS;FUN;INC;OK;INC000015885382;Priority 4;NA
OPS;EDS;OPS;HK;OK;INC000015886564;Priority 4;NA
APS;DCF;APS;INC;OK;INC000015886716;Priority 4;NA
FIN;812;FUN;INC;OK;INC000015886939;Priority 4;NA
L1;MNT;MON;SR;OK;INC000015886977;Priority 4;NA
MNT;MNT;FUN;INC;OK;INC000015887892;Priority 4;NA
APS;DCF;APS;INC;OK;INC000015888100;Priority 4;NA
FUN;812;FUN;INC;OK;INC000015889125;Priority 4;NA
FIN;812;FUN;INC;OK;INC000015889307;Priority 4;NA
APS;ETH;APS;INC;OK;INC000015889357;Priority 4;NA
FIN;812;FUN;INC;OK;INC000015889481;Priority 4;NA
FIN;812;FUN;INC;OK;INC000015889579;Priority 4;NA
FIN;812;FUN;INC;OK;INC000015889899;Priority 4;NA
FIN;DCF;FUN;INC;OK;INC000015890010;Priority 4;NA
CNC;812;CNC;INC;OK;INC000015890185;Priority 4;NA
FUN;812;FUN;INC;OK;INC000015890286;Priority 4;NA
FIN;812;FUN;INC;OK;INC000015890548;Priority 4;NA
FUN;812;FUN;INC;OK;INC000015891136;Priority 4;NA
L1;MNT;MON;SR;OK;INC000015891234;Priority 4;NA
FIN;812;FUN;INC;OK;INC000015891603;Priority 4;NA
FIN;DXE;FUN;SR;OK;INC000015892005;Priority 4;NA
FUN;MNT;FUN;INC;OK;INC000015892028;Priority 4;NA
FUN;ETH;FUN;INC;OK;INC000015892205;Priority 4;NA
APS;DCF;APS;INC;OK;INC000015892323;Priority 4;NA
FIN;812;FUN;INC;OK;INC000015892538;Priority 4;NA
FIN;812;FUN;INC;OK;INC000015892555;Priority 4;NA
FIN;812;FUN;INC;OK;INC000015892585;Priority 4;NA
FUN;LAT;FUN;SR;OK;INC000015893010;Priority 4;NA
FUN;LAT;FUN;SR;OK;INC000015893026;Priority 4;NA
SEC;DCF;SEC;SR;Defect;INC000015893141;Priority 4;NA
MNT;MNT;FUN;INC;OK;INC000015893539;Priority 4;NA
APS;DCF;APS;INC;OK;INC000015893794;Priority 4;NA
FUN;LAT;FUN;SR;OK;INC000015894370;Priority 4;NA
FUN;DCF;FUN;INC;OK;INC000015895858;Priority 4;NA
FUN;DXE;FUN;INC;OK;INC000015895904;Priority 4;NA
FIN;812;FUN;INC;OK;INC000015895928;Priority 4;NA
FUN;812;FUN;INC;OK;INC000015895989;Priority 4;NA
FUN;812;FUN;INC;OK;INC000015896192;Priority 4;NA
FUN;812;FUN;INC;OK;INC000015896419;Priority 3;NA
L1;812;L1 ;INC;OK;INC000015896430;Priority 4;NA
FUN;DCF;FUN;INC;OK;INC000015896437;Priority 3;NA
FUN;812;FUN;INC;OK;INC000015896484;Priority 4;NA
APS;DCF;APS;INC;OK;INC000015896619;Priority 4;NA
SEC;EMS;SEC;INC;OK;INC000015896739;Priority 4;NA
L1;MNT;MON;SR;OK;INC000015897033;Priority 4;NA
FIN;812;FUN;INC;OK;INC000015897048;Priority 3;NA
FIN;812;FUN;INC;Defect;INC000015897468;Priority 4;NA
FUN;BWI;FUN;INC;OK;INC000015897598;Priority 4;NA
FIN;812;FUN;INC;OK;INC000015897622;Priority 4;NA
FUN;DCF;FUN;INC;OK;INC000015898427;Priority 4;NA
DBA;812;DBA;INC;OK;INC000015898598;Priority 4;NA
APS;ETH;APS;INC;OK;INC000015898840;Priority 3;NA
MNT;MNT;FUN;INC;Defect;INC000015899034;Priority 4;NA
FUN;LAT;FUN;SR;OK;INC000015899221;Priority 4;NA
APS;DCF;APS;INC;OK;INC000015899239;Priority 4;NA
CNC;812;CNC;INC;OK;INC000015899283;Priority 3;NA
SEC;DCF;SEC;SR;Defect;INC000015899429;Priority 3;NA
FUN;812;FUN;INC;OK;INC000015899442;Priority 4;NA
TEC;ETH;FUN;INC;OK;INC000015899448;Priority 3;NA
FUN;BWI;FUN;INC;OK;INC000015899538;Priority 4;NA
FUN;ETH;FUN;INC;OK;INC000015899820;Priority 3;NA
SEC;SYN;SEC;INC;OK;INC000015900343;Priority 4;NA
APS;EES;APS;INC;OK;INC000015900475;Priority 4;NA
FUN;BWI;FUN;INC;OK;INC000015900529;Priority 3;NA
FUN;BWI;FUN;INC;OK;INC000015900539;Priority 3;NA
CNC;LAT;CNC;INC;OK;INC000015900576;Priority 4;NA
L1;MNT;MON;SR;OK;INC000015900947;Priority 4;NA
L1;BWI;L1 ;SR;OK;INC000015901372;Priority 3;NA
L1;812;MON;INC;OK;INC000015901841;Priority 3;NA
FUN;812;FUN;INC;OK;INC000015901896;Priority 4;NA
FIN;812;INS;INC;OK;INC000015902045;Priority 4;NA
FUN;812;FUN;INC;OK;INC000015902241;Priority 4;NA
FIN;DCF;FUN;INC;OK;INC000015902339;Priority 4;NA
APS;DCF;APS;INC;OK;INC000015902597;Priority 4;NA
FUN;812;FUN;INC;OK;INC000015902686;Priority 4;NA
FUN;DCF;FUN;INC;OK;INC000015903004;Priority 3;NA
L1;CAN;L1 ;INC;OK;INC000015903099;Priority 3;NA
FIN;812;FUN;INC;OK;INC000015903113;Priority 4;NA
FIN;812;FUN;INC;Defect;INC000015903134;Priority 4;NA
FUN;812;FUN;INC;OK;INC000015903235;Priority 3;NA
FUN;ETH;FUN;INC;OK;INC000015903276;Priority 4;NA
L1;812;L1 ;INC;OK;INC000015903300;Priority 3;NA
FUN;812;FUN;INC;OK;INC000015903347;Priority 4;NA
SEC;DCF;SEC;SR;Defect;INC000015903368;Priority 3;NA
FIN;812;FUN;INC;OK;INC000015903693;Priority 4;NA
FUN;ETH;FUN;INC;OK;INC000015903696;Priority 4;NA
FIN;812;FUN;INC;OK;INC000015903782;Priority 4;NA
SEC;SYN;SEC;INC;OK;INC000015903999;Priority 4;NA
FUN;ETH;FUN;INC;OK;INC000015904088;Priority 4;NA
FIN;LAT;FUN;INC;OK;INC000015904209;Priority 3;NA
FUN;812;FUN;INC;OK;INC000015904241;Priority 4;NA
FUN;WS;FUN;INC;OK;INC000015904469;Priority 4;NA
APS;ETH;APS;INC;OK;INC000015904651;Priority 4;NA
FUN;LAT;FUN;INC;OK;INC000015905159;Priority 3;NA
FUN;BWI;FUN;INC;OK;INC000015905590;Priority 3;NA
FUN;ETH;FUN;INC;OK;INC000015905845;Priority 4;NA
TEC;DCF;TEC;INC;OK;INC000015906027;Priority 3;NA
SEC;DCF;SEC;SR;OK;INC000015906287;Priority 4;NA
FUN;ETH;FUN;INC;OK;INC000015906467;Priority 4;NA
FUN;ETH;FUN;INC;OK;INC000015906478;Priority 4;NA
FUN;BWI;FUN;INC;OK;INC000015907114;Priority 3;NA
SCH;LAT;SCH;INC;OK;INC000015907536;Priority 3;NA
FIN;DCF;FUN;INC;OK;INC000015907985;Priority 4;NA
FUN;DCF;FUN;INC;OK;INC000015908016;Priority 3;NA
FUN;812;FUN;INC;OK;INC000015908161;Priority 3;NA
FUN;812;FUN;INC;OK;INC000015908243;Priority 4;NA
APS;DCF;APS;INC;OK;INC000015908371;Priority 4;NA
L1;812;L1 ;INC;OK;INC000015908589;Priority 4;NA
FUN;812;FUN;INC;OK;INC000015908624;Priority 4;NA
L1;812;MON;INC;OK;INC000015908845;Priority 3;NA
FUN;812;FUN;INC;OK;INC000015908910;Priority 4;NA
L1;812;MON;INC;OK;INC000015909106;Priority 3;NA
FIN;812;FUN;INC;OK;INC000015909238;Priority 4;NA
TEC;DCF;TEC;INC;OK;INC000015909270;Priority 3;NA
FIN;812;FUN;INC;OK;INC000015909340;Priority 4;NA
FUN;BWI;FUN;INC;OK;INC000015909343;Priority 4;NA
CNC;DXE;CNC;INC;OK;INC000015909420;Priority 3;NA
FIN;812;FUN;INC;OK;INC000015909466;Priority 4;NA
SEC;812;SEC;SR;OK;INC000015909534;Priority 4;NA
FUN;ETH;FUN;INC;OK;INC000015910360;Priority 4;NA
FUN;EMS;FUN;INC;OK;INC000015910387;Priority 3;NA
FIN;812;FUN;INC;OK;INC000015910416;Priority 4;NA
FUN;812;FUN;INC;OK;INC000015910662;Priority 4;NA
FUN;LAT;FUN;INC;OK;INC000015910778;Priority 4;NA
FIN;LAT;FUN;INC;OK;INC000015910897;Priority 4;NA
L1;BWI;L1 ;INC;OK;INC000015911042;Priority 3;NA
DBA;812;DBA;INC;OK;INC000015911893;Priority 3;NA
DBA;812;DBA;INC;OK;INC000015911894;Priority 3;NA
FIN;812;FUN;INC;OK;INC000015913465;Priority 4;NA
FUN;812;FUN;INC;OK;INC000015913882;Priority 4;NA
FIN;812;FUN;INC;OK;INC000015913936;Priority 3;NA
FUN;WS;FUN;INC;OK;INC000015913960;Priority 3;NA
TEC;DCF;TEC;INC;OK;INC000015914295;Priority 3;NA
FUN;LAT;FUN;INC;OK;INC000015914328;Priority 3;NA
FIN;LAT;FUN;INC;OK;INC000015914363;Priority 3;NA
SEC;EMS;SEC;INC;OK;INC000015914408;Priority 3;NA
FIN;812;FUN;INC;OK;INC000015914551;Priority 4;NA
FUN;DCF;FUN;SR;OK;INC000015914673;Priority 3;NA
FUN;812;FUN;INC;OK;INC000015914813;Priority 4;NA
FUN;LAT;FUN;INC;OK;INC000015915066;Priority 4;NA
DCF;DCF;FUN;INC;OK;INC000015915088;Priority 3;NA
SEC;SYN;SEC;INC;OK;INC000015915176;Priority 3;NA
FIN;812;FUN;INC;OK;INC000015915177;Priority 4;NA
FIN;812;FUN;INC;OK;INC000015915194;Priority 3;NA
FUN;812;FUN;INC;OK;INC000015915238;Priority 4;NA
TEC;DCF;TEC;INC;OK;INC000015915364;Priority 3;NA
FUN;BWI;FUN;INC;OK;INC000015915398;Priority 4;NA
DCF;DCF;FUN;INC;OK;INC000015915679;Priority 3;NA
DCF;DCF;FUN;INC;OK;INC000015915694;Priority 3;NA
FIN;812;FUN;INC;OK;INC000015915749;Priority 4;NA
FUN;LAT;FUN;INC;Defect;INC000015916381;Priority 3;NA
FUN;DXE;FUN;INC;OK;INC000015916544;Priority 3;NA
CNC;ETH;CNC;INC;OK;INC000015916620;Priority 4;NA
L1;BWI;L1 ;INC;OK;INC000015916785;Priority 3;NA
FUN;ETH;FUN;INC;OK;INC000015917023;Priority 4;NA
SCH;LAT;SCH;INC;OK;INC000015917308;Priority 3;NA
L1;BWI;L1 ;INC;OK;INC000015917605;Priority 3;NA
SCH;LAT;SCH;INC;OK;INC000015917625;Priority 3;NA
FUN;812;FUN;INC;OK;INC000015917651;Priority 3;NA
FIN;812;FUN;INC;OK;INC000015917669;Priority 4;NA
FIN;812;FUN;INC;OK;INC000015917678;Priority 4;NA
CNC;BWI;CNC;INC;OK;INC000015917815;Priority 3;NA
FIN;812;FUN;INC;OK;INC000015917853;Priority 4;NA
FIN;812;FUN;INC;OK;INC000015917854;Priority 4;NA
FUN;ETH;FUN;INC;OK;INC000015918144;Priority 3;NA
TEC;ETH;FUN;INC;OK;INC000015918148;Priority 3;NA
FUN;ETH;FUN;INC;OK;INC000015918154;Priority 3;NA
APS;ETH;FUN;INC;OK;INC000015918330;Priority 4;NA
CNC;BWI;CNC;INC;OK;INC000015918336;Priority 2;NA
FUN;DCF;FUN;INC;OK;INC000015918622;Priority 3;NA
OPS;WS;OPS;HK;OK;INC000015918968;Priority 3;NA
FIN;BWI;FUN;INC;Defect;INC000015919003;Priority 4;NA
FUN;MNT;FUN;INC;OK;INC000015919034;Priority 3;NA
FUN;MNT;FUN;INC;OK;INC000015919048;Priority 3;NA
SEC;DCF;SEC;SR;Defect;INC000015919177;Priority 3;NA
CNC;812;CNC;INC;OK;INC000015919232;Priority 3;NA
APS;DCF;APS;INC;OK;INC000015919605;Priority 4;NA
APS;ETH;APS;INC;OK;INC000015919677;Priority 4;NA
APS;ETH;APS;INC;OK;INC000015919678;Priority 4;NA
APS;ETH;APS;INC;OK;INC000015919680;Priority 4;NA
APS;ETH;APS;INC;OK;INC000015919681;Priority 4;NA
APS;ETH;APS;INC;OK;INC000015919683;Priority 4;NA
APS;ETH;APS;INC;OK;INC000015919684;Priority 4;NA
APS;ETH;APS;INC;OK;INC000015919686;Priority 4;NA
APS;ETH;APS;INC;OK;INC000015919688;Priority 4;NA
FUN;MNT;FUN;INC;OK;INC000015919702;Priority 3;NA
FUN;ETH;FUN;INC;OK;INC000015919967;Priority 3;NA
L1;BWI;L1 ;INC;OK;INC000015921012;Priority 3;NA
FIN;812;FUN;INC;OK;INC000015921323;Priority 4;NA
CNC;812;CNC;INC;OK;INC000015921579;Priority 4;NA
L1;812;MON;SR;OK;INC000015921744;Priority 3;NA
FIN;812;FUN;INC;OK;INC000015921752;Priority 4;NA
SEC;EDS;SEC;INC;OK;INC000015921772;Priority 3;NA
OPS;EMS;OPS;INC;OK;INC000015921780;Priority 3;NA
APS;ETH;APS;INC;OK;INC000015921825;Priority 3;NA
L1;812;CNC;INC;OK;INC000015921955;Priority 3;NA
FUN;812;FUN;INC;OK;INC000015921995;Priority 4;NA
FUN;812;FUN;INC;OK;INC000015922020;Priority 4;NA
DCF;DCF;FUN;INC;OK;INC000015922083;Priority 3;NA
TEC;DCF;TEC;INC;OK;INC000015922142;Priority 4;NA
TEC;DCF;TEC;INC;OK;INC000015922213;Priority 4;NA
FUN;812;FUN;INC;OK;INC000015922329;Priority 4;NA
DBA;812;DBA;INC;OK;INC000015922489;Priority 4;NA
FUN;812;FUN;INC;OK;INC000015922752;Priority 4;NA
FUN;BWI;FUN;INC;OK;INC000015922822;Priority 3;NA
SEC;EMS;SEC;INC;OK;INC000015922968;Priority 3;NA
SEC;DXE;SEC;SR;OK;INC000015923373;Priority 3;NA
FUN;BWI;FUN;INC;OK;INC000015923439;Priority 4;NA
FUN;DCF;FUN;INC;OK;INC000015923541;Priority 3;NA
SEC;SYN;SEC;INC;OK;INC000015923627;Priority 3;NA
FUN;812;FUN;INC;OK;INC000015923670;Priority 4;NA
APS;DCF;APS;INC;OK;INC000015923731;Priority 3;NA
L1;DPY;CNC;INC;OK;INC000015923801;Priority 4;NA
FUN;812;FUN;INC;OK;INC000015923918;Priority 4;NA
OPS;WS;OPS;HK;OK;INC000015924138;Priority 3;NA
L1;EDS;L1 ;INC;OK;INC000015924177;Priority 3;NA
FUN;DCF;FUN;INC;OK;INC000015924431;Priority 4;NA
DCF;DCF;FUN;INC;Defect;INC000015924633;Priority 3;NA
FUN;LAT;FUN;INC;OK;INC000015925059;Priority 3;NA
DCF;DCF;FUN;INC;Defect;INC000015925211;Priority 3;NA
OPS;EMS;OPS;HK;OK;INC000015925616;Priority 3;NA
FUN;ETH;FUN;INC;OK;INC000015926378;Priority 3;NA
L1;812;MON;SR;OK;INC000015927154;Priority 4;NA
FUN;DCF;FUN;INC;OK;INC000015927400;Priority 3;NA
SEC;SYN;SEC;INC;OK;INC000015927803;Priority 3;NA
APS;DCF;APS;INC;OK;INC000015927863;Priority 4;NA
FUN;DXE;FUN;INC;OK;INC000015927960;Priority 4;NA
DBA;812;DBA;INC;OK;INC000015928621;Priority 3;NA
DBA;812;DBA;INC;OK;INC000015928622;Priority 4;NA
DBA;812;DBA;INC;OK;INC000015928708;Priority 4;NA
FIN;812;FUN;INC;OK;INC000015929072;Priority 4;NA
FUN;BWI;FUN;INC;OK;INC000015929243;Priority 4;NA
FUN;DCF;FUN;INC;OK;INC000015929304;Priority 3;NA
FUN;812;FUN;INC;OK;INC000015929453;Priority 4;NA
SEC;SYN;SEC;INC;OK;INC000015929565;Priority 4;NA
FUN;BWI;FUN;INC;OK;INC000015929576;Priority 4;NA
SEC;SYN;SEC;INC;OK;INC000015930136;Priority 3;NA
FUN;812;FUN;INC;OK;INC000015930239;Priority 3;NA
FUN;EMS;FUN;INC;OK;INC000015930353;Priority 4;NA
FUN;ETH;FUN;INC;OK;INC000015930461;Priority 4;NA
FUN;ETH;FUN;INC;OK;INC000015930546;Priority 4;NA
CNC;812;CNC;INC;OK;INC000015930826;Priority 4;NA
SEC;SYN;SEC;INC;OK;INC000015930922;Priority 3;NA
FIN;DCF;FUN;INC;OK;INC000015930953;Priority 4;NA
FUN;ETH;FUN;INC;OK;INC000015930954;Priority 4;NA
FIN;DCF;FUN;INC;OK;INC000015930960;Priority 4;NA
SEC;SYN;SEC;INC;OK;INC000015930974;Priority 3;NA
FUN;LAT;FUN;INC;OK;INC000015931379;Priority 4;NA
FUN;ETH;FUN;INC;OK;INC000015931433;Priority 3;NA
TEC;DCF;TEC;INC;Defect;INC000015931470;Priority 3;NA
FUN;ETH;FUN;INC;OK;INC000015932156;Priority 3;NA
TEC;ETH;FUN;INC;OK;INC000015932173;Priority 4;NA
FUN;812;FUN;INC;OK;INC000015933020;Priority 4;NA
L1;MNT;MON;SR;OK;INC000015933073;Priority 4;NA
L1;812;MON;SR;OK;INC000015933282;Priority 4;NA
L1;MNT;MON;SR;OK;INC000015933427;Priority 4;NA
TEC;DCF;TEC;INC;OK;INC000015933619;Priority 3;NA
TEC;DCF;TEC;INC;OK;INC000015933650;Priority 3;NA
APS;DCF;APS;INC;OK;INC000015933741;Priority 4;NA
FIN;812;FUN;INC;OK;INC000015933851;Priority 4;NA
FIN;812;FUN;INC;OK;INC000015934961;Priority 4;NA
DBA;812;DBA;INC;OK;INC000015934985;Priority 3;NA
FUN;812;FUN;INC;OK;INC000015935044;Priority 4;NA
FIN;812;FUN;INC;OK;INC000015935757;Priority 4;NA
OPS;EMS;OPS;SR;OK;INC000015935903;Priority 3;NA
APS;ETH;APS;INC;OK;INC000015936248;Priority 3;NA
FUN;812;FUN;INC;OK;INC000015936300;Priority 3;NA
FIN;812;FUN;INC;OK;INC000015936482;Priority 3;NA
SEC;SYN;SEC;INC;OK;INC000015936552;Priority 4;NA
FUN;ETH;FUN;INC;OK;INC000015936643;Priority 3;NA
APS;ETH;APS;INC;OK;INC000015936872;Priority 4;NA
FUN;DCF;FUN;INC;OK;INC000015936998;Priority 4;NA
CNC;812;CNC;INC;OK;INC000015937117;Priority 3;NA
FUN;812;FUN;INC;OK;INC000015937287;Priority 3;NA
FIN;812;FUN;INC;OK;INC000015937304;Priority 4;NA
FUN;LAT;FUN;INC;OK;INC000015937362;Priority 4;NA
FUN;812;FUN;INC;OK;INC000015937377;Priority 4;NA
L1;BWI;L1 ;SR;OK;INC000015937441;Priority 3;NA
FUN;ETH;FUN;INC;OK;INC000015937487;Priority 3;NA
SEC;SYN;SEC;INC;OK;INC000015937611;Priority 4;NA
FUN;EES;FUN;INC;OK;INC000015937632;Priority 4;NA
FUN;BWI;FUN;INC;OK;INC000015938703;Priority 4;NA
APS;ETH;APS;INC;OK;INC000015938924;Priority 4;NA
CNC;DCF;CNC;INC;OK;INC000015938970;Priority 3;NA
DBA;812;DBA;INC;OK;INC000015939034;Priority 3;NA
FUN;ETH;FUN;INC;OK;INC000015939965;Priority 4;NA
DBA;812;DBA;INC;OK;INC000015940398;Priority 3;NA
FUN;DCF;FUN;INC;OK;INC000015940481;Priority 3;NA
SEC;DCF;SEC;SR;OK;INC000015940504;Priority 3;NA
FUN;DCF;FUN;INC;OK;INC000015940518;Priority 3;NA
FIN;812;FUN;INC;OK;INC000015940556;Priority 4;NA
FUN;812;FUN;INC;OK;INC000015940615;Priority 3;NA
FIN;DCF;FUN;INC;OK;INC000015940787;Priority 4;NA
FUN;812;FUN;INC;OK;INC000015940803;Priority 4;NA
FUN;812;FUN;INC;OK;INC000015940884;Priority 3;NA
FUN;812;FUN;INC;OK;INC000015940935;Priority 4;NA
FUN;812;FUN;INC;OK;INC000015941017;Priority 3;NA
FUN;812;FUN;INC;OK;INC000015941093;Priority 3;NA
FUN;DCF;FUN;INC;OK;INC000015941256;Priority 3;NA
FIN;812;FUN;INC;OK;INC000015941336;Priority 4;NA
DBA;812;DBA;INC;OK;INC000015941392;Priority 4;NA
FIN;DCF;FUN;INC;OK;INC000015941433;Priority 4;NA
DBA;812;DBA;INC;OK;INC000015941484;Priority 4;NA
FUN;812;FUN;INC;OK;INC000015941531;Priority 3;NA
L1;MNT;MON;INC;Defect;INC000015941590;Priority 4;NA
FUN;LAT;FUN;INC;OK;INC000015941655;Priority 3;NA
SEC;SYN;SEC;INC;OK;INC000015941813;Priority 3;NA
DCF;DCF;FUN;INC;OK;INC000015941895;Priority 4;NA
FIN;DXE;FUN;INC;OK;INC000015942034;Priority 4;NA
FUN;WS;FUN;INC;OK;INC000015942055;Priority 3;NA
FUN;BWI;FUN;INC;OK;INC000015942186;Priority 4;NA
FUN;BWI;FUN;INC;OK;INC000015942201;Priority 4;NA
L1;BWI;L1 ;INC;OK;INC000015942460;Priority 3;NA
FUN;LAT;FUN;INC;OK;INC000015942492;Priority 3;NA
APS;ETH;APS;INC;OK;INC000015942537;Priority 4;NA
FUN;DCF;FUN;INC;OK;INC000015942805;Priority 3;NA
FIN;DCF;FUN;INC;OK;INC000015943278;Priority 4;NA
CNC;812;CNC;INC;OK;INC000015943470;Priority 3;NA
FUN;BWI;FUN;INC;OK;INC000015943582;Priority 3;NA
SEC;SYN;SEC;INC;OK;INC000015943588;Priority 3;NA
TEC;DCF;TEC;INC;OK;INC000015943719;Priority 3;NA
TEC;DCF;TEC;INC;OK;INC000015944998;Priority 3;NA
TEC;DCF;TEC;INC;OK;INC000015945344;Priority 3;NA
FUN;DCF;FUN;INC;OK;INC000015946326;Priority 3;NA
OPS;EDS;OPS;HK;OK;INC000015946457;Priority 3;NA
SEC;SYN;SEC;INC;OK;INC000015946759;Priority 3;NA
FUN;812;FUN;INC;OK;INC000015946775;Priority 4;NA
DBA;812;DBA;INC;OK;INC000015946848;Priority 4;NA
FUN;WS;FUN;INC;OK;INC000015946897;Priority 4;NA
FUN;WS;FUN;INC;OK;INC000015947002;Priority 3;NA
FIN;812;FUN;INC;OK;INC000015947064;Priority 4;NA
FIN;812;FUN;INC;OK;INC000015947237;Priority 4;NA
FUN;BWI;FUN;INC;OK;INC000015947276;Priority 4;NA
DBA;812;DBA;INC;OK;INC000015947319;Priority 4;NA
FUN;DCF;FUN;SR;OK;INC000015947353;Priority 3;NA
FUN;812;FUN;INC;OK;INC000015947415;Priority 4;NA
FUN;812;FUN;INC;OK;INC000015947445;Priority 4;NA
FUN;ETH;FUN;INC;OK;INC000015947488;Priority 4;NA
FUN;LAT;FUN;INC;OK;INC000015947516;Priority 3;NA
FUN;ETH;FUN;INC;OK;INC000015947518;Priority 4;NA
FIN;812;FUN;INC;OK;INC000015947792;Priority 4;NA
FIN;812;FUN;INC;OK;INC000015948147;Priority 4;NA
FUN;ETH;FUN;INC;OK;INC000015948247;Priority 3;NA
OPS;EDS;OPS;HK;OK;INC000015948266;Priority 3;NA
FIN;DCF;FUN;INC;OK;INC000015948354;Priority 4;NA
L1;BWI;L1 ;SR;OK;INC000015948542;Priority 4;NA
SEC;812;SEC;INC;OK;INC000015948668;Priority 4;NA
SEC;SYN;SEC;INC;OK;INC000015948767;Priority 3;NA
FUN;BWI;FUN;INC;OK;INC000015948781;Priority 3;NA
FUN;DCF;FUN;INC;OK;INC000015948834;Priority 4;NA
CNC;BWI;CNC;INC;OK;INC000015948967;Priority 3;NA
FUN;ETH;FUN;INC;OK;INC000015949357;Priority 4;NA
SCH;LAT;SCH;INC;OK;INC000015950538;Priority 3;NA
APS;DCF;APS;INC;OK;INC000015950697;Priority 4;NA
CNC;812;CNC;INC;OK;INC000015951262;Priority 3;NA
FUN;BWI;FUN;INC;OK;INC000015951373;Priority 4;NA
FUN;DCF;FUN;INC;OK;INC000015951958;Priority 3;NA
OPS;EMS;OPS;HK;OK;INC000015951994;Priority 4;NA
LEAD;DCF;FUN;INC;OK;INC000015952070;Priority 3;NA
APS;DCF;APS;INC;OK;INC000015952092;Priority 4;NA
OPS;EDS;OPS;HK;OK;INC000015952404;Priority 4;NA
FUN;DCF;FUN;INC;OK;INC000015953128;Priority 3;NA
DBA;812;DBA;INC;OK;INC000015953633;Priority 4;NA
DBA;812;DBA;INC;OK;INC000015953636;Priority 3;NA
L1;812;CNC;INC;OK;INC000015953688;Priority 4;NA
FIN;812;FUN;INC;OK;INC000015954738;Priority 4;NA
APS;ETH;APS;INC;OK;INC000015954836;Priority 4;NA
SCH;812;SCH;SR;OK;INC000015954933;Priority 4;NA
FIN;812;FUN;INC;OK;INC000015955033;Priority 4;NA
FIN;812;FUN;INC;OK;INC000015955060;Priority 4;NA
FIN;812;FUN;INC;OK;INC000015955152;Priority 4;NA
FIN;DCF;FUN;INC;OK;INC000015955164;Priority 4;NA
OPS;EMS;OPS;HK;OK;INC000015955306;Priority 3;NA
TEC;DCF;TEC;INC;OK;INC000015955468;Priority 3;NA
APS;ETH;APS;INC;OK;INC000015955602;Priority 4;NA
FIN;DCF;FUN;INC;OK;INC000015955922;Priority 4;NA
FUN;812;FUN;INC;OK;INC000015955957;Priority 3;NA
CNC;DCF;CNC;INC;OK;INC000015956034;Priority 3;NA
TEC;DCF;TEC;INC;OK;INC000015956144;Priority 3;NA
SCH;LAT;SCH;INC;OK;INC000015956272;Priority 3;NA
FUN;EMS;FUN;INC;OK;INC000015956496;Priority 4;NA
FUN;MNT;FUN;INC;OK;INC000015956588;Priority 2;NA
FUN;ETH;FUN;INC;OK;INC000015956841;Priority 3;NA
FUN;BWI;FUN;INC;OK;INC000015956932;Priority 4;NA
TEC;DCF;TEC;INC;OK;INC000015957077;Priority 3;NA
FUN;DCF;FUN;INC;OK;INC000015957080;Priority 4;NA
APS;ETH;FUN;INC;OK;INC000015957252;Priority 3;NA
L1;BWI;L1 ;INC;OK;INC000015957271;Priority 4;NA
FUN;MNT;FUN;INC;OK;INC000015957395;Priority 3;NA
SCH;BWI;SCH;INC;OK;INC000015957446;Priority 4;NA
APS;ETH;APS;INC;OK;INC000015957874;Priority 3;NA
FUN;ETH;FUN;INC;OK;INC000015958080;Priority 3;NA
TEC;DCF;TEC;INC;Defect;INC000015958137;Priority 3;NA
L1;BWI;L1 ;INC;OK;INC000015958162;Priority 4;NA
TEC;DCF;TEC;INC;Defect;INC000015958477;Priority 3;NA
DCF;DCF;FUN;SR;OK;INC000015959000;Priority 3;NA
FUN;ETH;FUN;INC;OK;INC000015959037;Priority 3;NA
FUN;BWI;FUN;INC;OK;INC000015959324;Priority 3;NA
SCH;812;SCH;INC;OK;INC000015959406;Priority 4;NA
SEC;SYN;SEC;INC;OK;INC000015959438;Priority 3;NA
FUN;LAT;FUN;SR;OK;INC000015959484;Priority 4;NA
FUN;DCF;FUN;INC;OK;INC000015959870;Priority 4;NA
APS;ETH;APS;INC;OK;INC000015959887;Priority 3;NA
APS;ETH;FUN;INC;OK;INC000015959895;Priority 3;NA
CNC;812;CNC;INC;OK;INC000015961368;Priority 3;NA
FUN;DCF;FUN;INC;OK;INC000015961612;Priority 4;NA
L1;812;MON;SR;OK;INC000015961748;Priority 4;NA
DBA;812;DBA;INC;OK;INC000015961880;Priority 4;NA
CNC;812;CNC;INC;OK;INC000015962394;Priority 4;NA
FIN;812;FUN;INC;OK;INC000015962397;Priority 4;NA
FUN;LAT;FUN;INC;OK;INC000015962544;Priority 3;NA
DCF;DCF;FUN;INC;OK;INC000015962582;Priority 3;NA
FUN;MNT;FUN;INC;OK;INC000015962697;Priority 3;NA
APS;ETH;APS;INC;OK;INC000015962742;Priority 3;NA
FUN;EMS;FUN;INC;OK;INC000015962941;Priority 4;NA
CNC;LAT;CNC;INC;OK;INC000015963122;Priority 3;NA
FUN;BWI;FUN;INC;OK;INC000015963208;Priority 4;NA
SEC;SYN;SEC;INC;OK;INC000015963246;Priority 3;NA
FUN;DXE;FUN;INC;OK;INC000015963576;Priority 3;NA
DCF;DCF;FUN;INC;OK;INC000015963652;Priority 3;NA
L1;LAT;L1 ;INC;OK;INC000015963717;Priority 4;NA
FIN;DCF;FUN;INC;OK;INC000015963791;Priority 4;NA
L1;BWI;L1 ;INC;OK;INC000015963808;Priority 3;NA
CNC;812;CNC;INC;OK;INC000015963832;Priority 4;NA
SEC;SYN;SEC;INC;OK;INC000015963844;Priority 3;NA
SEC;SYN;SEC;INC;OK;INC000015963899;Priority 4;NA
FUN;812;FUN;INC;OK;INC000015963908;Priority 4;NA
TEC;ETH;FUN;INC;OK;INC000015963969;Priority 4;NA
APS;DCF;APS;INC;OK;INC000015964068;Priority 4;NA
FUN;LAT;FUN;INC;OK;INC000015964328;Priority 4;NA
FUN;812;FUN;INC;OK;INC000015964367;Priority 3;NA
L1;812;MON;INC;OK;INC000015964549;Priority 3;NA
FUN;DCF;FUN;INC;OK;INC000015964741;Priority 3;NA
SEC;SYN;SEC;INC;OK;INC000015964760;Priority 3;NA
MNT;MNT;FUN;INC;OK;INC000015964789;Priority 3;NA
SEC;DCF;SEC;SR;Defect;INC000015964835;Priority 3;NA
FUN;LAT;FUN;INC;OK;INC000015964886;Priority 3;NA
FUN;LAT;FUN;INC;OK;INC000015965107;Priority 3;NA
APS;DCF;APS;INC;OK;INC000015965109;Priority 4;NA
OPS;EMS;OPS;HK;OK;INC000015965338;Priority 3;NA
FUN;LAT;FUN;INC;OK;INC000015965368;Priority 3;NA
FUN;LAT;FUN;INC;OK;INC000015965409;Priority 3;NA
SEC;SYN;SEC;INC;OK;INC000015965483;Priority 3;NA
FUN;BWI;FUN;INC;OK;INC000015965488;Priority 4;NA
TEC;DCF;TEC;INC;OK;INC000015965538;Priority 3;NA
FUN;LAT;FUN;INC;OK;INC000015965593;Priority 2;NA
SEC;SYN;SEC;INC;OK;INC000015965692;Priority 3;NA
L1;MNT;MON;SR;OK;INC000015965980;Priority 4;NA
SEC;SYN;SEC;INC;OK;INC000015966199;Priority 3;NA
CNC;EES;CNC;INC;OK;INC000015966252;Priority 3;NA
L1;BWI;L1 ;INC;OK;INC000015966415;Priority 4;NA
FUN;DXE;FUN;INC;OK;INC000015967825;Priority 3;NA
DBA;812;DBA;INC;OK;INC000015967934;Priority 3;NA
FIN;DXE;FUN;INC;OK;INC000015968176;Priority 3;NA
TEC;DCF;TEC;INC;OK;INC000015968268;Priority 3;NA
FUN;LAT;FUN;INC;OK;INC000015968637;Priority 3;NA
DCF;DCF;FUN;INC;OK;INC000015968754;Priority 3;NA
FIN;812;FUN;INC;OK;INC000015969122;Priority 3;NA
SEC;WS;SEC;INC;OK;INC000015969484;Priority 4;NA
L1;BWI;L1 ;SR;OK;INC000015969610;Priority 4;NA
FIN;812;FUN;INC;OK;INC000015969906;Priority 4;NA
FUN;LAT;FUN;INC;OK;INC000015970066;Priority 3;NA
SEC;SYN;SEC;INC;OK;INC000015970269;Priority 3;NA
FIN;DCF;FUN;INC;OK;INC000015970504;Priority 4;NA
DCF;DCF;FUN;INC;OK;INC000015970754;Priority 4;NA
FUN;812;FUN;INC;OK;INC000015970851;Priority 4;NA
L1;BWI;L1 ;SR;OK;INC000015970858;Priority 3;NA
FUN;812;FUN;INC;OK;INC000015970928;Priority 3;NA
FUN;DCF;FUN;INC;OK;INC000015970940;Priority 3;NA
FUN;LAT;FUN;INC;OK;INC000015971268;Priority 3;NA
FUN;LAT;FUN;INC;OK;INC000015971374;Priority 3;NA
SEC;SYN;SEC;INC;Defect;INC000015971435;Priority 3;NA
L1;MNT;MON;SR;OK;INC000015971823;Priority 4;NA
FUN;BWI;FUN;INC;OK;INC000015971943;Priority 3;NA
CNC;ETH;CNC;INC;OK;INC000015972011;Priority 3;NA
L1;BWI;L1 ;SR;OK;INC000015972311;Priority 3;NA
L1;BWI;L1 ;INC;OK;INC000015972342;Priority 3;NA
FUN;812;FUN;INC;OK;INC000015973413;Priority 4;NA
FIN;DCF;FUN;INC;OK;INC000015973946;Priority 4;NA
APS;DCF;APS;INC;OK;INC000015974206;Priority 4;NA
TEC;DCF;TEC;INC;OK;INC000015974217;Priority 3;NA
SEC;812;SEC;SR;OK;INC000015974279;Priority 3;NA
FIN;812;FUN;INC;OK;INC000015974398;Priority 4;NA
FIN;812;FUN;INC;OK;INC000015974621;Priority 4;NA
L1;812;MON;INC;OK;INC000015975655;Priority 4;NA
FUN;812;FUN;INC;OK;INC000015975950;Priority 3;NA
FUN;DCF;FUN;INC;OK;INC000015976052;Priority 3;NA
FUN;DCF;FUN;INC;OK;INC000015976064;Priority 3;NA
APS;DCF;APS;INC;OK;INC000015976179;Priority 4;NA
SEC;SYN;SEC;INC;OK;INC000015976238;Priority 3;NA
FIN;812;FUN;INC;OK;INC000015976245;Priority 4;NA
FIN;812;FUN;INC;OK;INC000015976484;Priority 4;NA
OPS;EMS;OPS;HK;OK;INC000015976694;Priority 3;NA
SEC;SYN;SEC;INC;OK;INC000015976770;Priority 4;NA
L1;MNT;MON;SR;OK;INC000015976874;Priority 4;NA
DBA;812;DBA;INC;OK;INC000015977339;Priority 4;NA
FUN;LAT;FUN;SR;OK;INC000015977419;Priority 3;NA
CNC;LAT;CNC;INC;OK;INC000015978068;Priority 3;NA
FUN;812;FUN;INC;OK;INC000015979956;Priority 4;NA
CNC;812;CNC;INC;OK;INC000015980287;Priority 3;NA
OPS;EDS;OPS;HK;OK;INC000015980310;Priority 4;NA
FIN;812;FUN;INC;OK;INC000015980392;Priority 3;NA
CNC;812;CNC;INC;OK;INC000015980463;Priority 4;NA
FIN;812;FUN;INC;OK;INC000015980493;Priority 4;NA
FIN;DCF;FUN;INC;OK;INC000015980548;Priority 4;NA
OPS;WS;OPS;HK;OK;INC000015981081;Priority 3;NA
FUN;812;FUN;INC;OK;INC000015981345;Priority 3;NA
FUN;BWI;FUN;SR;OK;INC000015981348;Priority 4;NA
APS;ETH;FUN;INC;OK;INC000015981499;Priority 3;NA
FUN;812;FUN;INC;OK;INC000015981600;Priority 3;NA
FUN;LAT;FUN;INC;OK;INC000015981721;Priority 4;NA
FUN;BWI;FUN;INC;OK;INC000015981747;Priority 3;NA
L1;812;MON;SR;OK;INC000015981804;Priority 4;NA
FUN;LAT;FUN;INC;OK;INC000015982026;Priority 4;NA
FUN;BWI;FUN;INC;OK;INC000015982063;Priority 3;NA
CNC;812;CNC;INC;OK;INC000015982363;Priority 3;NA
SEC;SYN;SEC;INC;OK;INC000015982483;Priority 3;NA
TEC;DCF;TEC;INC;OK;INC000015982711;Priority 3;NA
OPS;WS;OPS;SR;OK;INC000015982789;Priority 3;NA
L1;MNT;MON;INC;OK;INC000015982807;Priority 4;NA
OPS;EMS;OPS;HK;OK;INC000015983491;Priority 3;NA
SEC;EMS;SEC;INC;OK;INC000015984227;Priority 3;NA
CNC;812;CNC;INC;OK;INC000015984591;Priority 4;NA
APS;DCF;APS;INC;OK;INC000015985240;Priority 3;NA
FUN;MNT;FUN;INC;OK;INC000015985285;Priority 3;NA
SCH;812;SCH;INC;OK;INC000015985354;Priority 4;NA
FUN;DCF;FUN;INC;OK;INC000015985355;Priority 3;NA
OPS;EDS;OPS;HK;OK;INC000015985381;Priority 4;NA
FUN;MNT;FUN;INC;OK;INC000015985410;Priority 3;NA
OPS;EMS;OPS;HK;OK;INC000015985433;Priority 4;NA
FUN;MNT;FUN;INC;OK;INC000015985686;Priority 3;NA
APS;DCF;APS;INC;OK;INC000015986175;Priority 3;NA
FIN;MNT;FUN;INC;OK;INC000015986331;Priority 3;NA
CNC;MNT;CNC;INC;OK;INC000015986565;Priority 4;NA
FIN;MNT;FUN;INC;OK;INC000015986593;Priority 3;NA
FIN;MNT;FUN;INC;OK;INC000015986706;Priority 3;NA
APS;DCF;APS;INC;OK;INC000015986935;Priority 3;NA
APS;DCF;APS;INC;OK;INC000015987637;Priority 3;NA
DBA;812;DBA;INC;OK;INC000015988578;Priority 3;NA
SEC;ETH;SEC;INC;OK;INC000015988627;Priority 4;NA
FUN;812;FUN;INC;OK;INC000015988630;Priority 4;NA
APS;ETH;APS;INC;OK;INC000015988741;Priority 3;NA
OPS;EMS;OPS;HK;OK;INC000015989265;Priority 4;NA
OPS;EMS;OPS;HK;OK;INC000015989310;Priority 3;NA
FUN;812;FUN;INC;OK;INC000015989799;Priority 3;NA
SCH;LAT;SCH;INC;OK;INC000015989916;Priority 3;NA
SEC;SYN;SEC;INC;OK;INC000015990848;Priority 4;NA
FUN;LAT;FUN;SR;OK;INC000015990856;Priority 3;NA
FIN;DCF;FUN;INC;OK;INC000015991392;Priority 3;NA
SEC;SYN;SEC;INC;OK;INC000015991447;Priority 3;NA
L1;812;MON;SR;OK;INC000015991469;Priority 4;NA
FUN;DXE;FUN;INC;OK;INC000015992049;Priority 3;NA
SEC;SYN;SEC;INC;OK;INC000015992263;Priority 4;NA
FUN;LAT;FUN;INC;OK;INC000015992457;Priority 3;NA
SEC;SYN;SEC;INC;OK;INC000015992474;Priority 4;NA
L1;BWI;L1 ;INC;OK;INC000015992675;Priority 4;NA
FUN;BWI;FUN;INC;OK;INC000015992847;Priority 3;NA
FUN;BWI;FUN;INC;OK;INC000015992857;Priority 3;NA
SEC;SYN;SEC;INC;OK;INC000015992932;Priority 3;NA
FUN;BWI;FUN;INC;OK;INC000015992948;Priority 3;NA
APS;ETH;APS;INC;OK;INC000015994742;Priority 4;NA
L1;MNT;MON;SR;OK;INC000015995216;Priority 4;NA
FUN;MNT;FUN;INC;OK;INC000015995933;Priority 3;NA
FUN;DCF;FUN;INC;OK;INC000015995936;Priority 3;NA
SEC;EMS;SEC;INC;OK;INC000015996463;Priority 3;NA
CNC;DCF;CNC;INC;OK;INC000015996729;Priority 4;NA
L1;812;MON;INC;OK;INC000015997375;Priority 3;NA
CNC;812;CNC;INC;OK;INC000015997428;Priority 3;NA
L1;BWI;L1 ;INC;OK;INC000015997640;Priority 3;NA
SEC;SYN;SEC;INC;OK;INC000015998036;Priority 4;NA
FUN;LAT;FUN;INC;OK;INC000015998071;Priority 3;NA
APS;ETH;APS;INC;OK;INC000015998112;Priority 3;NA
SEC;SYN;SEC;INC;OK;INC000015998330;Priority 4;NA
L1;BWI;L1 ;INC;OK;INC000015998341;Priority 3;NA
DCF;DCF;FUN;INC;OK;INC000015998722;Priority 4;NA
DCF;DCF;FUN;SR;OK;INC000015998955;Priority 3;NA
APS;DCF;APS;INC;OK;INC000015999807;Priority 3;NA
FIN;812;FUN;INC;OK;INC000016001203;Priority 4;NA
FUN;EMS;FUN;INC;OK;INC000016001641;Priority 3;NA
TEC;DCF;TEC;INC;OK;INC000016001667;Priority 3;NA
FUN;BWI;FUN;INC;OK;INC000016001936;Priority 4;NA
FUN;LAT;FUN;INC;OK;INC000016002254;Priority 3;NA
SEC;SYN;SEC;INC;OK;INC000016002346;Priority 4;NA
DBA;812;DBA;INC;OK;INC000016002364;Priority 3;NA
DBA;812;DBA;INC;OK;INC000016002576;Priority 3;NA
APS;DCF;APS;INC;OK;INC000016003171;Priority 4;NA
APS;EES;APS;INC;OK;INC000016003714;Priority 4;NA
FUN;LAT;FUN;INC;OK;INC000016003924;Priority 3;NA
FUN;DCF;FUN;INC;OK;INC000016003945;Priority 3;NA
TEC;DCF;TEC;INC;OK;INC000016004036;Priority 4;NA
FUN;812;FUN;INC;OK;INC000016006587;Priority 4;NA
FIN;DCF;FUN;INC;OK;INC000016006678;Priority 4;NA
FUN;BWI;FUN;INC;OK;INC000016007518;Priority 4;NA
FUN;812;FUN;INC;OK;INC000016008071;Priority 4;NA
FUN;LAT;FUN;INC;OK;INC000016008165;Priority 4;NA
L1;812;MON;INC;OK;INC000016008198;Priority 4;NA
FUN;LAT;FUN;INC;OK;INC000016008206;Priority 4;NA
CNC;CAN;L1 ;INC;OK;INC000016008548;Priority 4;NA
FUN;812;FUN;INC;OK;INC000016008565;Priority 4;NA
FIN;LAT;FUN;INC;OK;INC000016008752;Priority 4;NA
SEC;SYN;SEC;INC;OK;INC000016009748;Priority 4;NA
FUN;BWI;FUN;INC;OK;INC000016010857;Priority 4;NA
FIN;812;FUN;INC;OK;INC000016011041;Priority 4;NA
FUN;812;FUN;INC;OK;INC000016011443;Priority 4;NA
FUN;812;FUN;INC;OK;INC000016011609;Priority 4;NA
FIN;DCF;FUN;INC;OK;INC000016011711;Priority 4;NA
FIN;DCF;FUN;INC;OK;INC000016011866;Priority 4;NA
FIN;812;FUN;INC;OK;INC000016011895;Priority 4;NA
OPS;EMS;OPS;HK;OK;INC000016012019;Priority 4;NA
FIN;812;FUN;INC;OK;INC000016012703;Priority 4;NA
FIN;812;FUN;INC;OK;INC000016013283;Priority 4;NA
FUN;812;FUN;INC;OK;INC000016013884;Priority 4;NA
FUN;LAT;FUN;SR;OK;INC000016014304;Priority 4;NA
DCF;DCF;FUN;SR;OK;INC000016015348;Priority 4;NA
SCH;LAT;SCH;INC;OK;INC000016018555;Priority 4;NA
SCH;LAT;SCH;INC;OK;INC000016018557;Priority 4;NA
SCH;LAT;SCH;INC;OK;INC000016018560;Priority 4;NA
SCH;LAT;SCH;INC;OK;INC000016018563;Priority 4;NA
SCH;LAT;SCH;INC;OK;INC000016018564;Priority 4;NA
SCH;LAT;SCH;INC;OK;INC000016018565;Priority 4;NA
SCH;LAT;SCH;INC;OK;INC000016018567;Priority 4;NA
SCH;LAT;SCH;INC;OK;INC000016018568;Priority 4;NA
SCH;LAT;SCH;INC;OK;INC000016018569;Priority 4;NA
SCH;LAT;SCH;INC;OK;INC000016018570;Priority 4;NA
SCH;LAT;SCH;INC;OK;INC000016018572;Priority 4;NA
FUN;DCF;FUN;INC;OK;INC000016018684;Priority 4;NA
SCH;LAT;SCH;INC;OK;INC000016018732;Priority 4;NA
SCH;LAT;SCH;INC;OK;INC000016018733;Priority 4;NA
SCH;LAT;SCH;INC;OK;INC000016018734;Priority 4;NA
SCH;LAT;SCH;INC;OK;INC000016018735;Priority 4;NA
SCH;LAT;SCH;INC;OK;INC000016018736;Priority 4;NA
SCH;LAT;SCH;INC;OK;INC000016018737;Priority 4;NA
OPS;EDS;OPS;HK;OK;INC000016020239;Priority 4;NA
SCH;LAT;SCH;INC;OK;INC000016020250;Priority 4;NA
SCH;LAT;SCH;INC;OK;INC000016020251;Priority 4;NA
SCH;LAT;SCH;INC;OK;INC000016020751;Priority 4;NA
SCH;LAT;SCH;INC;OK;INC000016020752;Priority 4;NA
SCH;LAT;SCH;INC;OK;INC000016020753;Priority 4;NA
SCH;LAT;SCH;INC;OK;INC000016020754;Priority 4;NA
SCH;LAT;SCH;INC;OK;INC000016020755;Priority 4;NA
SCH;LAT;SCH;INC;OK;INC000016020756;Priority 4;NA
SCH;LAT;SCH;INC;OK;INC000016020757;Priority 4;NA
SCH;LAT;SCH;INC;OK;INC000016020760;Priority 4;NA
SCH;LAT;SCH;INC;OK;INC000016020761;Priority 4;NA
SCH;LAT;SCH;INC;OK;INC000016020762;Priority 4;NA
SCH;LAT;SCH;INC;OK;INC000016020764;Priority 4;NA
SCH;LAT;SCH;INC;OK;INC000016020765;Priority 4;NA
SCH;LAT;SCH;INC;OK;INC000016020766;Priority 4;NA
SCH;LAT;SCH;INC;OK;INC000016020767;Priority 4;NA
SCH;LAT;SCH;INC;OK;INC000016020768;Priority 4;NA
SCH;LAT;SCH;INC;OK;INC000016020770;Priority 4;NA
FIN;DCF;FUN;INC;OK;INC000016022748;Priority 4;NA
FUN;DCF;FUN;INC;OK;INC000016023301;Priority 4;NA
OPS;WS;OPS;INC;OK;INC000016023456;Priority 4;NA
FIN;812;FUN;INC;OK;INC000016024119;Priority 4;NA
OPS;EDS;OPS;HK;OK;INC000016024127;Priority 4;NA
FUN;812;FUN;INC;OK;INC000016024269;Priority 4;NA
FUN;812;FUN;INC;OK;INC000016024349;Priority 4;NA
SEC;SYN;SEC;INC;OK;INC000016024406;Priority 4;NA
FIN;812;FUN;INC;Defect;INC000016024880;Priority 4;NA
FUN;812;FUN;INC;OK;INC000016025167;Priority 4;NA
FIN;BWI;FUN;INC;Defect;INC000016025344;Priority 4;NA
APS;DCF;APS;INC;OK;INC000016025349;Priority 4;NA
FUN;BWI;FUN;INC;Defect;INC000016025364;Priority 4;NA
FUN;DCF;FUN;INC;OK;INC000016025381;Priority 4;NA
L1;MNT;MON;SR;OK;INC000016025767;Priority 4;NA
FUN;ETH;FUN;INC;OK;INC000016026900;Priority 4;NA
APS;DCF;APS;INC;OK;INC000016028866;Priority 4;NA
DBA;812;DBA;INC;OK;INC000016029035;Priority 4;NA
OPS;WS;OPS;INC;OK;INC000016029222;Priority 4;NA
FUN;EMS;FUN;INC;OK;INC000016029502;Priority 4;NA
L1;MNT;MON;SR;OK;INC000016029603;Priority 4;NA
FIN;812;FUN;INC;OK;INC000016029610;Priority 4;NA
FUN;BWI;FUN;INC;OK;INC000016030838;Priority 4;NA
FIN;DCF;FUN;INC;OK;INC000016030852;Priority 4;NA
L1;BWI;L1 ;INC;OK;INC000016030889;Priority 4;NA
FIN;DCF;FUN;INC;OK;INC000016031159;Priority 4;NA
FIN;812;FUN;INC;OK;INC000016031227;Priority 4;NA
FUN;LAT;FUN;INC;OK;INC000016031310;Priority 4;NA
FIN;DCF;FUN;INC;OK;INC000016031487;Priority 4;NA
FUN;812;FUN;INC;OK;INC000016031512;Priority 4;NA
FUN;BWI;FUN;SR;OK;INC000016031813;Priority 4;NA
FUN;812;FUN;INC;OK;INC000016031899;Priority 4;NA
SEC;SYN;SEC;INC;OK;INC000016031972;Priority 4;NA
L1;MNT;MON;SR;OK;INC000016031991;Priority 4;NA
FUN;812;FUN;INC;OK;INC000016032147;Priority 4;NA
FIN;LAT;FUN;INC;OK;INC000016032528;Priority 4;NA
APS;DCF;APS;INC;OK;INC000016034767;Priority 4;NA
FUN;812;FUN;INC;OK;INC000016035042;Priority 4;NA
FIN;DCF;FUN;INC;OK;INC000016035721;Priority 4;NA
FUN;WS;FUN;INC;OK;INC000016035785;Priority 4;NA
FUN;812;FUN;INC;OK;INC000016036045;Priority 4;NA
FIN;812;FUN;INC;OK;INC000016036230;Priority 4;NA
FUN;BWI;FUN;INC;OK;INC000016036273;Priority 4;NA
FIN;DXE;FUN;INC;OK;INC000016036294;Priority 4;NA
FIN;812;FUN;INC;OK;INC000016036507;Priority 4;NA
FIN;812;FUN;INC;OK;INC000016036515;Priority 4;NA
FUN;ETH;FUN;INC;OK;INC000016036568;Priority 4;NA
DCF;DCF;FUN;INC;OK;INC000016036732;Priority 4;NA
FUN;812;FUN;INC;OK;INC000016036899;Priority 4;NA
SEC;SYN;SEC;INC;OK;INC000016036907;Priority 4;NA
L1;MNT;MON;SR;OK;INC000016037307;Priority 4;NA
APS;DCF;APS;INC;OK;INC000016037664;Priority 4;NA
TEC;ETH;TEC;INC;OK;INC000016037917;Priority 4;NA
FUN;BWI;FUN;INC;OK;INC000016037957;Priority 4;NA
L1;BWI;L1 ;INC;OK;INC000016038023;Priority 4;NA
FUN;LAT;FUN;INC;Defect;INC000016038193;Priority 4;NA
FUN;LAT;FUN;INC;OK;INC000016038222;Priority 4;NA
SEC;SYN;SEC;INC;OK;INC000016038276;Priority 4;NA
FUN;ETH;FUN;INC;OK;INC000016038330;Priority 4;NA
APS;EES;APS;INC;OK;INC000016039125;Priority 4;NA
L1;812;MON;INC;OK;INC000016039794;Priority 3;NA
DBA;812;DBA;INC;OK;INC000016039940;Priority 3;NA
FUN;812;FUN;INC;OK;INC000016040053;Priority 4;NA
FUN;812;FUN;INC;OK;INC000016040388;Priority 3;NA
FUN;812;FUN;INC;OK;INC000016040509;Priority 3;NA
FUN;ETH;FUN;INC;OK;INC000016040580;Priority 3;NA
FIN;812;FUN;INC;Defect;INC000016040810;Priority 4;NA
FUN;812;FUN;INC;OK;INC000016041135;Priority 3;NA
OPS;EMS;OPS;HK;OK;INC000016041242;Priority 3;NA
FIN;812;FUN;INC;OK;INC000016041338;Priority 4;NA
FUN;812;FUN;INC;OK;INC000016041341;Priority 3;NA
FUN;812;FUN;INC;OK;INC000016041480;Priority 4;NA
FUN;LAT;FUN;INC;OK;INC000016041549;Priority 3;NA
FIN;DCF;FUN;INC;OK;INC000016041587;Priority 4;NA
FUN;BWI;FUN;INC;OK;INC000016041591;Priority 4;NA
FUN;812;FUN;SR;OK;INC000016041635;Priority 3;NA
FUN;LAT;FUN;INC;OK;INC000016041693;Priority 3;NA
SEC;DCF;SEC;SR;Defect;INC000016041718;Priority 3;NA
FIN;LAT;FUN;INC;OK;INC000016041846;Priority 4;NA
FUN;LAT;FUN;INC;OK;INC000016041906;Priority 4;NA
FIN;812;FUN;INC;OK;INC000016041916;Priority 3;NA
FUN;EMS;FUN;INC;OK;INC000016041921;Priority 3;NA
LAT;LAT;FUN;INC;OK;INC000016042059;Priority 4;NA
TEC;DCF;TEC;INC;OK;INC000016042942;Priority 3;NA
FUN;812;FUN;INC;OK;INC000016043616;Priority 4;NA
DCF;DCF;FUN;SR;OK;INC000016044137;Priority 3;NA
FUN;LAT;FUN;INC;OK;INC000016044248;Priority 4;NA
L1;812;MON;SR;OK;INC000016044284;Priority 4;NA
FIN;812;FUN;INC;OK;INC000016044289;Priority 4;NA
FIN;812;FUN;INC;OK;INC000016044353;Priority 4;NA
FUN;812;FUN;INC;OK;INC000016044554;Priority 4;NA
FIN;812;FUN;INC;OK;INC000016044616;Priority 4;NA
DCF;DCF;FUN;SR;OK;INC000016044701;Priority 4;NA
FUN;812;FUN;INC;OK;INC000016044703;Priority 4;NA
FIN;812;FUN;INC;Defect;INC000016044775;Priority 4;NA
CNC;812;CNC;SR;OK;INC000016044821;Priority 3;NA
FUN;EES;FUN;INC;OK;INC000016044833;Priority 4;NA
APS;DCF;APS;INC;OK;INC000016045021;Priority 4;NA
SEC;DCF;SEC;SR;OK;INC000016045231;Priority 4;NA
FUN;LAT;FUN;INC;OK;INC000016045304;Priority 3;NA
TEC;DCF;TEC;INC;OK;INC000016045307;Priority 3;NA
APS;ETH;FUN;INC;OK;INC000016045498;Priority 4;NA
FIN;812;FUN;INC;OK;INC000016046317;Priority 4;NA
FIN;812;FUN;INC;OK;INC000016046325;Priority 4;NA
FIN;812;FUN;INC;OK;INC000016046340;Priority 4;NA
FIN;812;FUN;INC;OK;INC000016046378;Priority 4;NA
FUN;ETH;FUN;INC;OK;INC000016046449;Priority 3;NA
FIN;812;FUN;INC;OK;INC000016046485;Priority 4;NA
FIN;812;FUN;INC;OK;INC000016046713;Priority 4;NA
SCH;LAT;SCH;INC;OK;INC000016048045;Priority 3;NA
CNC;EES;CNC;INC;OK;INC000016049088;Priority 4;NA
APS;DCF;APS;INC;OK;INC000016049957;Priority 3;NA
APS;DCF;APS;INC;OK;INC000016049965;Priority 3;NA
FIN;812;FUN;INC;OK;INC000016050845;Priority 4;NA
APS;ETH;APS;INC;OK;INC000016050880;Priority 3;NA
FUN;812;FUN;INC;OK;INC000016050937;Priority 4;NA
FUN;MNT;FUN;INC;OK;INC000016051108;Priority 3;NA
FIN;DCF;FUN;INC;OK;INC000016051165;Priority 3;NA
FIN;812;FUN;INC;OK;INC000016051594;Priority 4;NA
FUN;WS;FUN;INC;OK;INC000016051721;Priority 3;NA
FUN;EDS;FUN;INC;OK;INC000016052369;Priority 4;NA
FUN;EDS;FUN;INC;OK;INC000016052399;Priority 4;NA
SEC;EMS;SEC;INC;OK;INC000016052779;Priority 3;NA
FUN;WS;FUN;INC;OK;INC000016053050;Priority 3;NA
FUN;DCF;FUN;INC;OK;INC000016053119;Priority 4;NA
FUN;EDS;FUN;INC;OK;INC000016053229;Priority 4;NA
FUN;EDS;FUN;INC;OK;INC000016053287;Priority 4;NA
FUN;EDS;FUN;INC;OK;INC000016053374;Priority 4;NA
FUN;BWI;FUN;INC;OK;INC000016053538;Priority 3;NA
SEC;EES;SEC;INC;OK;INC000016054783;Priority 4;NA
LEAD;DCF;FUN;INC;OK;INC000016054960;Priority 3;NA
TEC;DCF;TEC;INC;OK;INC000016055022;Priority 4;NA
FUN;BWI;FUN;INC;OK;INC000016055053;Priority 4;NA
SEC;SYN;SEC;INC;OK;INC000016055152;Priority 4;NA
SEC;SYN;SEC;INC;OK;INC000016055187;Priority 4;NA
FUN;BWI;FUN;INC;OK;INC000016055191;Priority 4;NA
FUN;ETH;FUN;INC;OK;INC000016055225;Priority 3;NA
LEAD;DCF;FUN;INC;OK;INC000016055551;Priority 4;NA
LEAD;DCF;FUN;INC;OK;INC000016055866;Priority 3;NA
FIN;812;FUN;INC;OK;INC000016056005;Priority 4;NA
DCF;DCF;FUN;INC;OK;INC000016056016;Priority 3;NA
FUN;LAT;FUN;SR;OK;INC000016056018;Priority 4;NA
FUN;ETH;FUN;INC;OK;INC000016056516;Priority 4;NA
DBA;812;DBA;INC;OK;INC000016056533;Priority 3;NA
DBA;812;DBA;INC;OK;INC000016056539;Priority 3;NA
LEAD;DCF;FUN;INC;OK;INC000016056657;Priority 3;NA
TEC;DCF;TEC;INC;OK;INC000016056703;Priority 3;NA
APS;DCF;APS;INC;OK;INC000016056744;Priority 3;NA
FUN;BWI;FUN;INC;OK;INC000016056780;Priority 3;NA
FUN;EMS;FUN;INC;OK;INC000016057679;Priority 4;NA
DCF;DCF;FUN;SR;OK;INC000016057791;Priority 3;NA
FIN;MNT;FUN;INC;OK;INC000016057819;Priority 4;NA
OPS;EMS;OPS;INC;OK;INC000016057884;Priority 4;NA
SEC;DCF;SEC;SR;OK;INC000016057914;Priority 3;NA
LEAD;DCF;FUN;INC;OK;INC000016058206;Priority 3;NA
LEAD;DCF;FUN;INC;OK;INC000016058220;Priority 3;NA
TEC;DCF;TEC;INC;OK;INC000016058252;Priority 3;NA
LEAD;DCF;FUN;INC;OK;INC000016058279;Priority 3;NA
LEAD;DCF;FUN;INC;OK;INC000016058306;Priority 3;NA
FUN;812;FUN;INC;OK;INC000016058317;Priority 4;NA
LEAD;DCF;FUN;INC;OK;INC000016058344;Priority 3;NA
TEC;DCF;TEC;INC;OK;INC000016058424;Priority 3;NA
LEAD;DCF;FUN;INC;OK;INC000016058597;Priority 3;NA
FUN;DCF;FUN;INC;OK;INC000016058812;Priority 3;NA
SEC;SYN;SEC;INC;OK;INC000016059301;Priority 3;NA
FUN;812;FUN;INC;OK;INC000016059347;Priority 3;NA
FUN;EDS;FUN;INC;OK;INC000016059597;Priority 4;NA
FUN;WS;FUN;INC;OK;INC000016059928;Priority 3;NA
DCF;DCF;FUN;INC;OK;INC000016060025;Priority 4;NA
FUN;LAT;FUN;SR;OK;INC000016060243;Priority 4;NA
L1;BWI;L1 ;INC;OK;INC000016060321;Priority 4;NA
DCF;DCF;FUN;SR;Defect;INC000016060337;Priority 3;NA
L1;BWI;L1 ;INC;OK;INC000016060362;Priority 3;NA
FUN;ETH;FUN;INC;OK;INC000016060416;Priority 4;NA
FIN;812;FUN;INC;OK;INC000016060439;Priority 4;NA
FUN;ETH;FUN;INC;OK;INC000016060532;Priority 3;NA
FUN;DCF;FUN;INC;OK;INC000016060567;Priority 4;NA
DCF;DCF;FUN;INC;OK;INC000016060662;Priority 3;NA
SEC;SYN;SEC;INC;OK;INC000016060741;Priority 4;NA
FUN;LAT;FUN;SR;OK;INC000016060874;Priority 4;NA
FUN;DCF;FUN;INC;OK;INC000016061116;Priority 3;NA
OPS;EMS;OPS;HK;OK;INC000016061413;Priority 3;NA
TEC;ETH;TEC;INC;OK;INC000016061670;Priority 3;NA
FUN;ETH;FUN;INC;OK;INC000016061782;Priority 4;NA
DBA;812;DBA;INC;OK;INC000016062033;Priority 3;NA
L1;BWI;L1 ;INC;OK;INC000016062097;Priority 4;NA
APS;DCF;APS;INC;OK;INC000016062839;Priority 3;NA
DBA;812;DBA;INC;OK;INC000016062861;Priority 4;NA
DBA;812;DBA;INC;OK;INC000016062862;Priority 3;NA
L1;BWI;L1 ;INC;OK;INC000016063659;Priority 4;NA
CNC;812;CNC;INC;OK;INC000016063753;Priority 3;NA
TEC;DCF;TEC;INC;OK;INC000016063757;Priority 3;NA
FUN;EMS;FUN;INC;OK;INC000016064054;Priority 4;NA
FUN;812;FUN;INC;OK;INC000016064175;Priority 4;NA
FIN;DCF;FUN;INC;OK;INC000016064313;Priority 3;NA
FIN;812;FUN;INC;OK;INC000016064423;Priority 4;NA
FUN;LAT;FUN;INC;Defect;INC000016064606;Priority 4;NA
FUN;DCF;FUN;INC;OK;INC000016064656;Priority 3;NA
FUN;LAT;FUN;SR;OK;INC000016064669;Priority 3;NA
FIN;812;FUN;INC;OK;INC000016064716;Priority 4;NA
FIN;812;FUN;INC;OK;INC000016064997;Priority 4;NA
FUN;DCF;FUN;INC;OK;INC000016065052;Priority 4;NA
FUN;BWI;FUN;INC;OK;INC000016065184;Priority 4;NA
SEC;SYN;SEC;INC;OK;INC000016065227;Priority 4;NA
DBA;812;DBA;SR;OK;INC000016065501;Priority 4;NA
SEC;EMS;SEC;INC;OK;INC000016065623;Priority 3;NA
SEC;EMS;SEC;INC;OK;INC000016065694;Priority 3;NA
FUN;LAT;FUN;INC;OK;INC000016065713;Priority 3;NA
FIN;DCF;FUN;INC;OK;INC000016065763;Priority 4;NA
SEC;SYN;SEC;INC;OK;INC000016066136;Priority 4;NA
FUN;DCF;FUN;SR;OK;INC000016066379;Priority 3;NA
FIN;DCF;FUN;INC;Defect;INC000016066750;Priority 4;NA
FUN;LAT;FUN;INC;OK;INC000016067068;Priority 3;NA
SEC;SYN;SEC;INC;OK;INC000016067150;Priority 4;NA
SEC;SYN;SEC;INC;OK;INC000016067612;Priority 3;NA
FUN;ETH;FUN;INC;OK;INC000016067613;Priority 3;NA
FUN;ETH;FUN;INC;OK;INC000016067648;Priority 3;NA
L1;MNT;MON;SR;OK;INC000016067932;Priority 4;NA
APS;DCF;APS;INC;OK;INC000016068796;Priority 3;NA
SEC;EMS;SEC;INC;OK;INC000016069407;Priority 3;NA
FUN;DCF;FUN;INC;OK;INC000016070284;Priority 3;NA
FIN;DCF;FUN;INC;OK;INC000016070447;Priority 4;NA
FUN;812;FUN;INC;OK;INC000016070535;Priority 3;NA
DBA;812;DBA;INC;OK;INC000016070637;Priority 4;NA
FUN;EMS;FUN;INC;OK;INC000016070686;Priority 3;NA
FUN;EMS;FUN;INC;OK;INC000016070846;Priority 3;NA
CNC;812;CNC;INC;OK;INC000016071377;Priority 4;NA
FUN;LAT;FUN;INC;OK;INC000016071773;Priority 3;NA
FUN;812;FUN;INC;OK;INC000016071877;Priority 4;NA
FUN;812;FUN;INC;OK;INC000016072249;Priority 4;NA
OPS;EDS;OPS;INC;OK;INC000016072326;Priority 3;NA
FUN;LAT;FUN;INC;OK;INC000016072434;Priority 3;NA
FUN;BWI;FUN;INC;OK;INC000016072455;Priority 3;NA
FUN;EES;FUN;INC;OK;INC000016072633;Priority 4;NA
FIN;DCF;FUN;INC;OK;INC000016072753;Priority 4;NA
SEC;SYN;SEC;INC;OK;INC000016072804;Priority 3;NA
SEC;SYN;SEC;INC;Defect;INC000016073624;Priority 3;NA
SEC;SYN;SEC;INC;OK;INC000016073654;Priority 4;NA
APS;ETH;FUN;INC;OK;INC000016073851;Priority 3;NA
APS;ETH;FUN;INC;OK;INC000016073915;Priority 4;NA
FUN;BWI;FUN;INC;OK;INC000016074343;Priority 4;NA
FUN;BWI;FUN;INC;OK;INC000016074353;Priority 3;NA
812;812;FUN;INC;OK;INC000016074442;Priority 4;NA
L1;MNT;MON;SR;OK;INC000016075451;Priority 4;NA
DBA;812;DBA;INC;OK;INC000016075501;Priority 3;NA
FUN;812;FUN;INC;OK;INC000016075690;Priority 4;NA
FUN;812;FUN;INC;OK;INC000016075884;Priority 4;NA
FIN;DCF;FUN;INC;OK;INC000016075893;Priority 3;NA
FUN;812;FUN;INC;OK;INC000016076019;Priority 4;NA
FUN;EMS;FUN;INC;OK;INC000016076369;Priority 4;NA
FUN;DCF;FUN;SR;OK;INC000016076372;Priority 3;NA
TEC;DCF;TEC;INC;OK;INC000016076941;Priority 3;NA
DCF;DCF;FUN;INC;OK;INC000016077133;Priority 4;NA
SEC;SYN;SEC;INC;OK;INC000016077523;Priority 3;NA
L1;812;MON;INC;OK;INC000016077664;Priority 4;NA
FUN;EES;FUN;INC;OK;INC000016077766;Priority 4;NA
SEC;SYN;SEC;INC;OK;INC000016077790;Priority 4;NA
SEC;SYN;SEC;INC;OK;INC000016077825;Priority 4;NA
FUN;ETH;FUN;INC;OK;INC000016078356;Priority 4;NA
TEC;DCF;TEC;INC;OK;INC000016078534;Priority 3;NA
FUN;LAT;FUN;SR;OK;INC000016078587;Priority 4;NA
FUN;BWI;FUN;INC;OK;INC000016078597;Priority 3;NA
TEC;DCF;TEC;INC;OK;INC000016078759;Priority 3;NA
FUN;BWI;FUN;INC;OK;INC000016078778;Priority 3;NA
DCF;DCF;FUN;INC;OK;INC000016079073;Priority 3;NA
FUN;DCF;FUN;INC;OK;INC000016079076;Priority 3;NA
FUN;ETH;FUN;INC;OK;INC000016079440;Priority 3;NA
APS;DCF;APS;INC;OK;INC000016080047;Priority 3;NA
FUN;DCF;FUN;INC;OK;INC000016080083;Priority 3;NA
TEC;DCF;TEC;INC;OK;INC000016080611;Priority 3;NA
APS;DCF;APS;INC;OK;INC000016081258;Priority 3;NA
DCF;DCF;FUN;INC;OK;INC000016081339;Priority 4;NA
OPS;EDS;OPS;HK;OK;INC000016081406;Priority 3;NA
OPS;EDS;OPS;HK;OK;INC000016081411;Priority 3;NA
OPS;EDS;OPS;HK;OK;INC000016081549;Priority 3;NA
SEC;SYN;SEC;INC;OK;INC000016081785;Priority 4;NA
SEC;SYN;SEC;INC;OK;INC000016082421;Priority 3;NA
CNC;EES;CNC;INC;OK;INC000016082488;Priority 3;NA
FUN;DCF;FUN;INC;OK;INC000016083943;Priority 3;NA
APS;ETH;APS;INC;OK;INC000016083997;Priority 4;NA
APS;ETH;APS;INC;OK;INC000016084022;Priority 4;NA
TEC;DCF;TEC;INC;OK;INC000016084397;Priority 3;NA
CNC;DCF;CNC;INC;OK;INC000016084508;Priority 3;NA
FUN;812;FUN;INC;OK;INC000016084866;Priority 4;NA
TEC;DCF;TEC;INC;OK;INC000016084908;Priority 3;NA
DBA;812;DBA;INC;OK;INC000016084928;Priority 4;NA
TEC;DCF;TEC;INC;OK;INC000016085706;Priority 3;NA
CNC;812;L1 ;INC;OK;INC000016085928;Priority 4;NA
OPS;EMS;OPS;HK;OK;INC000016085967;Priority 3;NA
APS;EES;APS;INC;OK;INC000016086306;Priority 4;NA
FUN;LAT;FUN;INC;OK;INC000016086439;Priority 3;NA
FUN;BWI;FUN;INC;OK;INC000016086545;Priority 4;NA
FUN;ETH;FUN;INC;OK;INC000016086822;Priority 3;NA
FUN;LAT;FUN;INC;OK;INC000016087212;Priority 3;NA
FUN;812;FUN;INC;OK;INC000016087248;Priority 4;NA
L1;MNT;MON;SR;OK;INC000016087339;Priority 4;NA
DCF;DCF;FUN;INC;OK;INC000016087492;Priority 3;NA
APS;EES;APS;INC;OK;INC000016087553;Priority 4;NA
FUN;LAT;FUN;INC;OK;INC000016087787;Priority 3;NA
FUN;LAT;FUN;INC;OK;INC000016087813;Priority 3;NA
SEC;SYN;SEC;INC;OK;INC000016088022;Priority 4;NA
FIN;BWI;FUN;INC;OK;INC000016088155;Priority 4;NA
DCF;DCF;FUN;SR;Defect;INC000016088250;Priority 3;NA
FUN;BWI;FUN;INC;OK;INC000016088500;Priority 4;NA
L1;BWI;L1 ;SR;OK;INC000016088531;Priority 4;NA
APS;DCF;APS;INC;OK;INC000016089766;Priority 3;NA
L1;BWI;L1 ;INC;OK;INC000016090122;Priority 4;NA
FIN;MNT;FUN;INC;OK;INC000016090298;Priority 4;NA
DBA;812;DBA;INC;OK;INC000016090346;Priority 3;NA
FIN;812;FUN;INC;OK;INC000016091153;Priority 4;NA
APS;DCF;APS;INC;OK;INC000016091184;Priority 4;NA
FIN;812;FUN;INC;OK;INC000016091522;Priority 4;NA
FUN;DXE;FUN;INC;OK;INC000016092080;Priority 4;NA
FUN;MNT;FUN;INC;OK;INC000016092100;Priority 4;NA
L1;BWI;L1 ;INC;OK;INC000016092453;Priority 3;NA
FUN;BWI;FUN;INC;OK;INC000016092507;Priority 4;NA
FUN;LAT;FUN;INC;OK;INC000016092545;Priority 3;NA
DCF;DCF;FUN;INC;OK;INC000016092796;Priority 4;NA
FUN;LAT;FUN;INC;OK;INC000016092945;Priority 3;NA
FUN;812;FUN;INC;OK;INC000016093050;Priority 4;NA
L1;812;MON;SR;OK;INC000016093251;Priority 4;NA
FUN;DCF;FUN;INC;OK;INC000016093524;Priority 4;NA
FUN;ETH;FUN;INC;OK;INC000016093550;Priority 3;NA
FIN;812;FUN;INC;OK;INC000016093613;Priority 4;NA
FIN;812;FUN;INC;OK;INC000016093687;Priority 4;NA
FIN;LAT;FUN;INC;OK;INC000016093823;Priority 4;NA
FUN;EMS;FUN;INC;OK;INC000016094182;Priority 4;NA
FUN;LAT;FUN;INC;OK;INC000016094196;Priority 3;NA
FUN;LAT;FUN;INC;OK;INC000016094255;Priority 3;NA
FUN;DCF;FUN;INC;OK;INC000016094260;Priority 4;NA
L1;BWI;L1 ;INC;OK;INC000016094350;Priority 4;NA
FUN;LAT;FUN;INC;OK;INC000016094501;Priority 4;NA
FUN;LAT;FUN;INC;OK;INC000016094543;Priority 3;NA
FUN;LAT;FUN;INC;OK;INC000016094665;Priority 3;NA
FUN;LAT;FUN;SR;OK;INC000016094672;Priority 4;NA
FUN;LAT;FUN;SR;OK;INC000016094685;Priority 4;NA
DCF;DCF;FUN;SR;OK;INC000016094729;Priority 4;NA
MNT;MNT;FUN;INC;OK;INC000016094962;Priority 4;NA
SEC;SYN;SEC;INC;OK;INC000016095140;Priority 4;NA
APS;EES;APS;INC;OK;INC000016095432;Priority 4;NA
L1;MNT;MON;SR;OK;INC000016095726;Priority 3;NA
FUN;DCF;FUN;INC;OK;INC000016095829;Priority 3;NA
FUN;BWI;FUN;INC;OK;INC000016095909;Priority 4;NA
APS;DCF;APS;INC;OK;INC000016095947;Priority 3;NA
FUN;BWI;FUN;INC;OK;INC000016096040;Priority 4;NA
FUN;DCF;FUN;INC;OK;INC000016096491;Priority 3;NA
SEC;WS;SEC;INC;OK;INC000016096713;Priority 4;NA
FUN;WS;FUN;INC;OK;INC000016096781;Priority 4;NA
FUN;DCF;FUN;INC;OK;INC000016097367;Priority 3;NA
FUN;812;FUN;INC;OK;INC000016097922;Priority 4;NA
SEC;DCF;SEC;SR;Defect;INC000016098004;Priority 3;NA
OPS;EMS;OPS;HK;OK;INC000016098037;Priority 3;NA
DCF;DCF;FUN;INC;OK;INC000016098095;Priority 3;NA
FIN;812;FUN;INC;OK;INC000016098126;Priority 4;NA
FUN;812;FUN;INC;OK;INC000016098195;Priority 3;NA
FUN;WS;FUN;INC;OK;INC000016098198;Priority 4;NA
FUN;812;FUN;INC;OK;INC000016098256;Priority 4;NA
FUN;812;FUN;INC;OK;INC000016098406;Priority 3;NA
LAT;LAT;FUN;INC;OK;INC000016098428;Priority 3;NA
FIN;DCF;FUN;INC;OK;INC000016098544;Priority 4;NA
FUN;BWI;FUN;INC;OK;INC000016098741;Priority 4;NA
FUN;812;FUN;INC;OK;INC000016098992;Priority 4;NA
DBA;812;DBA;INC;OK;INC000016099116;Priority 4;NA
FIN;812;FUN;INC;OK;INC000016099255;Priority 4;NA
FIN;MNT;FUN;INC;OK;INC000016099287;Priority 4;NA
APS;ETH;APS;INC;OK;INC000016099290;Priority 4;NA
CNC;812;CNC;INC;OK;INC000016099625;Priority 3;NA
SEC;SYN;SEC;INC;OK;INC000016099750;Priority 3;NA
FUN;DCF;FUN;INC;OK;INC000016099969;Priority 4;NA
L1;BWI;L1 ;INC;OK;INC000016100289;Priority 3;NA
SEC;SYN;SEC;INC;OK;INC000016101042;Priority 4;NA
L1;BWI;L1 ;INC;OK;INC000016101177;Priority 3;NA
APS;DCF;APS;INC;OK;INC000016102038;Priority 3;NA
APS;ETH;APS;INC;OK;INC000016102939;Priority 4;NA
FIN;DCF;FUN;INC;OK;INC000016102993;Priority 3;NA
L1;812;MON;SR;OK;INC000016103127;Priority 4;NA
FUN;DCF;FUN;INC;OK;INC000016103238;Priority 3;NA
APS;ETH;APS;INC;OK;INC000016103330;Priority 4;NA
FUN;ETH;FUN;INC;OK;INC000016104554;Priority 3;NA
FUN;LAT;FUN;INC;OK;INC000016104763;Priority 3;NA
CNC;812;CNC;INC;OK;INC000016104773;Priority 3;NA
FUN;ETH;FUN;INC;OK;INC000016105085;Priority 4;NA
FUN;DCF;FUN;INC;OK;INC000016105089;Priority 4;NA
FUN;BWI;FUN;INC;OK;INC000016105197;Priority 4;NA
OPS;EMS;OPS;INC;OK;INC000016105325;Priority 4;NA
APS;ETH;APS;INC;OK;INC000016105383;Priority 3;NA
FIN;DCF;FUN;INC;OK;INC000016105783;Priority 4;NA
FUN;EES;FUN;INC;OK;INC000016106026;Priority 4;NA
FUN;EES;FUN;INC;OK;INC000016106103;Priority 4;NA
FUN;ETH;FUN;INC;OK;INC000016106388;Priority 3;NA
FUN;LAT;FUN;SR;OK;INC000016106484;Priority 4;NA
FUN;LAT;FUN;SR;OK;INC000016106515;Priority 4;NA
FUN;LAT;FUN;SR;OK;INC000016106525;Priority 4;NA
SEC;SYN;SEC;INC;OK;INC000016106528;Priority 4;NA
FUN;LAT;FUN;SR;OK;INC000016106535;Priority 4;NA
FUN;EES;FUN;INC;OK;INC000016106629;Priority 4;NA
FUN;BWI;FUN;SR;OK;INC000016107139;Priority 4;NA
DCF;DCF;FUN;SR;OK;INC000016107267;Priority 4;NA
FUN;ETH;FUN;INC;OK;INC000016107343;Priority 4;NA
FUN;LAT;FUN;SR;OK;INC000016107362;Priority 4;NA
FUN;ETH;FUN;INC;OK;INC000016107429;Priority 3;NA
FUN;ETH;FUN;INC;OK;INC000016107443;Priority 4;NA
APS;DCF;APS;INC;OK;INC000016109710;Priority 4;NA
FUN;LAT;FUN;INC;OK;INC000016109744;Priority 3;NA
FIN;DXE;FUN;INC;OK;INC000016110341;Priority 4;NA
FUN;DCF;FUN;INC;OK;INC000016110543;Priority 3;NA
SEC;SYN;SEC;INC;OK;INC000016111587;Priority 3;NA
FUN;BWI;FUN;INC;OK;INC000016111621;Priority 4;NA
DCF;DCF;FUN;SR;OK;INC000016111996;Priority 3;NA
FUN;ETH;FUN;INC;OK;INC000016112473;Priority 4;NA
L1;BWI;L1 ;INC;OK;INC000016112533;Priority 3;NA
FUN;ETH;FUN;INC;OK;INC000016112700;Priority 4;NA
APS;DCF;APS;INC;OK;INC000016113180;Priority 3;NA
FUN;DCF;FUN;INC;OK;INC000016113655;Priority 4;NA
APS;DCF;APS;INC;OK;INC000016115380;Priority 3;NA
OPS;EDS;OPS;HK;OK;INC000016115514;Priority 4;NA
OPS;EMS;OPS;HK;OK;INC000016115571;Priority 3;NA
CNC;812;CNC;INC;OK;INC000016115679;Priority 3;NA
FUN;DCF;FUN;INC;OK;INC000016115705;Priority 3;NA
L1;BWI;L1 ;SR;OK;INC000016118451;Priority 3;NA
APS;ETH;APS;INC;OK;INC000016118608;Priority 3;NA
CNC;812;CNC;INC;OK;INC000016119514;Priority 3;NA
FUN;WS;FUN;INC;OK;INC000016119699;Priority 4;NA
CNC;812;CNC;INC;OK;INC000016119809;Priority 4;NA
APS;DCF;APS;INC;OK;INC000016120354;Priority 4;NA
FUN;DCF;FUN;INC;OK;INC000016120482;Priority 3;NA
SEC;SYN;SEC;INC;OK;INC000016120518;Priority 3;NA
SEC;EMS;SEC;INC;OK;INC000016120742;Priority 3;NA
FUN;LAT;FUN;INC;OK;INC000016120790;Priority 3;NA
L1;MNT;MON;SR;OK;INC000016120881;Priority 4;NA
FUN;LAT;FUN;INC;OK;INC000016121463;Priority 3;NA
FIN;812;FUN;INC;OK;INC000016121600;Priority 4;NA
APS;ETH;APS;INC;OK;INC000016122053;Priority 3;NA
SEC;SYN;SEC;INC;OK;INC000016122057;Priority 3;NA
TEC;DCF;TEC;INC;OK;INC000016122611;Priority 3;NA
CNC;812;CNC;INC;OK;INC000016123539;Priority 3;NA
APS;ETH;FUN;INC;OK;INC000016123789;Priority 3;NA
APS;ETH;FUN;INC;OK;INC000016123790;Priority 3;NA
FUN;BWI;FUN;INC;OK;INC000016123888;Priority 4;NA
APS;DCF;APS;INC;OK;INC000016124473;Priority 3;NA
CNC;812;CNC;INC;OK;INC000016124480;Priority 3;NA
FUN;812;FUN;INC;OK;INC000016125593;Priority 3;NA
FUN;812;FUN;INC;OK;INC000016126122;Priority 3;NA
TEC;DCF;TEC;INC;OK;INC000016127242;Priority 3;NA
SEC;SYN;SEC;INC;OK;INC000016127405;Priority 3;NA
FUN;LAT;FUN;SR;OK;INC000016127477;Priority 3;NA
L1;MNT;MON;SR;OK;INC000016127534;Priority 4;NA
FUN;BWI;FUN;INC;OK;INC000016127559;Priority 4;NA
SEC;SYN;SEC;INC;OK;INC000016128226;Priority 3;NA
FUN;DCF;FUN;INC;OK;INC000016128947;Priority 4;NA
CNC;ETH;TEC;INC;OK;INC000016129026;Priority 2;NA
FUN;ETH;FUN;INC;OK;INC000016129073;Priority 3;NA
SEC;SYN;SEC;INC;OK;INC000016129091;Priority 4;NA
FUN;LAT;FUN;INC;OK;INC000016129120;Priority 3;NA
FUN;ETH;FUN;INC;OK;INC000016129197;Priority 3;NA
FUN;ETH;FUN;INC;OK;INC000016129205;Priority 3;NA
FUN;ETH;FUN;INC;OK;INC000016129232;Priority 3;NA
DCF;DCF;FUN;SR;OK;INC000016129244;Priority 3;NA
SEC;SYN;SEC;INC;OK;INC000016129255;Priority 3;NA
FUN;BWI;FUN;INC;OK;INC000016129290;Priority 3;NA
CNC;ETH;TEC;INC;OK;INC000016129418;Priority 3;NA
APS;DCF;APS;INC;OK;INC000016130700;Priority 3;NA
FUN;812;FUN;INC;OK;INC000016132740;Priority 3;NA
SEC;SYN;SEC;INC;OK;INC000016133486;Priority 3;NA
FUN;ETH;FUN;INC;OK;INC000016133715;Priority 3;NA
FIN;812;FUN;INC;OK;INC000016133764;Priority 4;NA
FIN;812;FUN;INC;OK;INC000016133967;Priority 3;NA
SEC;SYN;SEC;INC;OK;INC000016134019;Priority 3;NA
FIN;812;FUN;INC;OK;INC000016134152;Priority 4;NA
FUN;BWI;FUN;INC;OK;INC000016134227;Priority 4;NA
L1;BWI;L1 ;INC;OK;INC000016134377;Priority 3;NA
FUN;LAT;FUN;INC;OK;INC000016134393;Priority 3;NA
DCF;DCF;FUN;SR;OK;INC000016134424;Priority 3;NA
SEC;BWI;SEC;INC;OK;INC000016134481;Priority 4;NA
SEC;SYN;SEC;INC;OK;INC000016134630;Priority 3;NA
L1;BWI;L1 ;INC;OK;INC000016135044;Priority 4;NA
L1;BWI;L1 ;INC;OK;INC000016135553;Priority 4;NA
FUN;ETH;FUN;INC;OK;INC000016135609;Priority 4;NA
APS;DCF;APS;INC;OK;INC000016136681;Priority 3;NA
APS;ETH;APS;INC;OK;INC000016137891;Priority 4;NA
FUN;812;FUN;INC;OK;INC000016137969;Priority 3;NA
FIN;DCF;FUN;INC;OK;INC000016138713;Priority 3;NA
FUN;BWI;FUN;INC;OK;INC000016139362;Priority 4;NA
FUN;BWI;FUN;INC;OK;INC000016139634;Priority 4;NA
SEC;SYN;SEC;INC;OK;INC000016139827;Priority 3;NA
FUN;LAT;FUN;INC;OK;INC000016140344;Priority 3;NA
FUN;812;FUN;INC;OK;INC000016140385;Priority 3;NA
CNC;812;CNC;INC;OK;INC000016140898;Priority 3;NA
FUN;LAT;FUN;INC;OK;INC000016141358;Priority 3;NA
FUN;ETH;FUN;INC;OK;INC000016141547;Priority 3;NA
FUN;ETH;FUN;INC;OK;INC000016141586;Priority 3;NA
APS;DCF;APS;INC;OK;INC000016142078;Priority 3;NA
FIN;812;FUN;INC;OK;INC000016143376;Priority 4;NA
FUN;DCF;FUN;INC;OK;INC000016143464;Priority 4;NA
OPS;EMS;OPS;HK;OK;INC000016143651;Priority 4;NA
SEC;DCF;SEC;SR;OK;INC000016143854;Priority 4;NA
FUN;LAT;FUN;INC;OK;INC000016143907;Priority 3;NA
FUN;DCF;FUN;INC;OK;INC000016144631;Priority 4;NA
FUN;812;FUN;INC;OK;INC000016144727;Priority 4;NA
FUN;BWI;FUN;SR;OK;INC000016145425;Priority 4;NA
SEC;SYN;SEC;INC;OK;INC000016145869;Priority 4;NA
CNC;812;CNC;INC;OK;INC000016146152;Priority 4;NA
APS;DCF;APS;INC;OK;INC000016146552;Priority 3;NA
FUN;MNT;FUN;INC;OK;INC000016146652;Priority 3;NA
LEAD;DCF;FUN;INC;OK;INC000016148037;Priority 3;NA
OPS;EDS;OPS;HK;OK;INC000016148497;Priority 4;NA
FUN;WS;FUN;INC;OK;INC000016148529;Priority 4;NA
LEAD;DCF;FUN;INC;OK;INC000016148711;Priority 3;NA
APS;DCF;APS;INC;OK;INC000016150625;Priority 3;NA
FIN;812;FUN;INC;OK;INC000016151397;Priority 4;NA
FIN;812;FUN;INC;OK;INC000016151569;Priority 4;NA
FUN;812;FUN;INC;OK;INC000016151600;Priority 4;NA
OPS;EMS;OPS;HK;OK;INC000016151645;Priority 4;NA
FIN;812;FUN;INC;OK;INC000016151717;Priority 4;NA
FUN;812;FUN;INC;OK;INC000016152179;Priority 4;NA
FIN;812;FUN;INC;OK;INC000016152335;Priority 4;NA
FUN;812;FUN;INC;OK;INC000016152597;Priority 4;NA
FUN;812;FUN;INC;OK;INC000016152647;Priority 4;NA
SEC;812;SEC;SR;OK;INC000016152810;Priority 4;NA
FIN;DXE;FUN;INC;OK;INC000016152891;Priority 4;NA
TEC;ETH;FUN;INC;OK;INC000016153332;Priority 4;NA
FUN;EMS;FUN;INC;OK;INC000016153356;Priority 4;NA
FUN;EES;FUN;INC;OK;INC000016153416;Priority 4;NA
FUN;DCF;FUN;INC;OK;INC000016153623;Priority 4;NA
FUN;DXE;FUN;INC;OK;INC000016153764;Priority 4;NA
FIN;LAT;FUN;INC;OK;INC000016153813;Priority 4;NA
FUN;812;FUN;INC;OK;INC000016153874;Priority 4;NA
CNC;812;CNC;INC;OK;INC000016153912;Priority 4;NA
FIN;DXE;FUN;INC;OK;INC000016154305;Priority 4;NA
FUN;LAT;FUN;INC;OK;INC000016154496;Priority 4;NA
FUN;LAT;FUN;INC;OK;INC000016154675;Priority 4;NA
CNC;812;CNC;INC;OK;INC000016155313;Priority 4;NA
CNC;ETH;CNC;INC;OK;INC000016156846;Priority 4;NA
SEC;812;SEC;INC;OK;INC000016156996;Priority 4;NA
FUN;812;FUN;INC;OK;INC000016157384;Priority 4;NA
FIN;812;FUN;INC;OK;INC000016157448;Priority 4;NA
FUN;812;FUN;INC;OK;INC000016157855;Priority 4;NA
FIN;812;FUN;INC;OK;INC000016157862;Priority 4;NA
FUN;812;FUN;INC;OK;INC000016157887;Priority 4;NA
FUN;DCF;FUN;SR;OK;INC000016157966;Priority 4;NA
FUN;812;FUN;INC;OK;INC000016158004;Priority 4;NA
FUN;WS;FUN;INC;OK;INC000016158433;Priority 4;NA
APS;DCF;APS;INC;OK;INC000016158449;Priority 4;NA
FIN;812;FUN;INC;OK;INC000016158455;Priority 4;NA
FUN;WS;FUN;INC;OK;INC000016158467;Priority 4;NA
APS;ETH;APS;INC;OK;INC000016158643;Priority 4;NA
FIN;DXE;FUN;INC;OK;INC000016158712;Priority 4;NA
FUN;BWI;FUN;INC;OK;INC000016159801;Priority 4;NA
MNT;MNT;FUN;INC;OK;INC000016159947;Priority 4;NA
FUN;812;FUN;INC;OK;INC000016160312;Priority 4;NA
FUN;BWI;FUN;INC;OK;INC000016160403;Priority 4;NA
FUN;812;FUN;INC;OK;INC000016160465;Priority 4;NA
TEC;ETH;FUN;INC;OK;INC000016160555;Priority 4;NA
FUN;LAT;FUN;INC;OK;INC000016160594;Priority 4;NA
FUN;812;FUN;INC;OK;INC000016161224;Priority 4;NA
SEC;SYN;SEC;INC;OK;INC000016161405;Priority 4;NA
FUN;LAT;FUN;INC;OK;INC000016161483;Priority 4;NA
TEC;ETH;FUN;INC;Defect;INC000016161608;Priority 4;NA
SEC;SYN;SEC;INC;OK;INC000016161832;Priority 4;NA
FIN;812;FUN;INC;OK;INC000016163066;Priority 4;NA
FUN;812;FUN;INC;OK;INC000016163189;Priority 4;NA
FUN;WS;FUN;INC;OK;INC000016163396;Priority 4;NA
FUN;EMS;FUN;INC;OK;INC000016163764;Priority 4;NA
FUN;812;FUN;INC;OK;INC000016163903;Priority 4;NA
FUN;BWI;FUN;INC;OK;INC000016164511;Priority 4;NA
FUN;DXE;FUN;INC;OK;INC000016164545;Priority 4;NA
FUN;EES;FUN;INC;OK;INC000016164560;Priority 4;NA
FIN;812;FUN;INC;OK;INC000016164680;Priority 4;NA
FUN;812;FUN;INC;OK;INC000016164825;Priority 4;NA
FIN;812;FUN;INC;OK;INC000016164982;Priority 4;NA
TEC;DCF;FUN;INC;OK;INC000016165062;Priority 4;NA
FIN;812;FUN;INC;OK;INC000016165078;Priority 4;NA
FUN;812;FUN;INC;OK;INC000016165462;Priority 4;NA
FUN;EES;FUN;INC;OK;INC000016165799;Priority 4;NA
L1;MNT;MON;SR;OK;INC000016166044;Priority 4;NA
FIN;812;FUN;INC;OK;INC000016166067;Priority 4;NA
FUN;812;FUN;INC;OK;INC000016166184;Priority 4;NA
TEC;ETH;FUN;INC;OK;INC000016166933;Priority 4;NA
FUN;812;FUN;INC;OK;INC000016167937;Priority 4;NA
L1;MNT;MON;SR;OK;INC000016168093;Priority 4;NA
DBA;812;DBA;INC;OK;INC000016168269;Priority 4;NA
L1;812;MON;INC;OK;INC000016168494;Priority 4;NA
FIN;812;FUN;INC;OK;INC000016168615;Priority 4;NA
FIN;DCF;FUN;INC;OK;INC000016168670;Priority 4;NA
FUN;EMS;FUN;INC;OK;INC000016168789;Priority 4;NA
FIN;812;FUN;INC;OK;INC000016168808;Priority 4;NA
FUN;812;FUN;INC;OK;INC000016169830;Priority 4;NA
FIN;812;FUN;INC;OK;INC000016170124;Priority 4;NA
FIN;812;FUN;INC;OK;INC000016170234;Priority 4;NA
FIN;812;FUN;INC;Defect;INC000016170346;Priority 4;NA
FUN;LAT;FUN;SR;OK;INC000016170668;Priority 4;NA
FUN;LAT;FUN;SR;OK;INC000016170688;Priority 4;NA
FUN;EES;FUN;INC;OK;INC000016170768;Priority 4;NA
FUN;WS;FUN;INC;OK;INC000016170789;Priority 4;NA
FUN;LAT;FUN;SR;OK;INC000016170936;Priority 4;NA
FIN;EES;FUN;INC;OK;INC000016170970;Priority 4;NA
L1;MNT;MON;SR;OK;INC000016171038;Priority 4;NA
FUN;DCF;FUN;INC;OK;INC000016171360;Priority 4;NA
FIN;812;FUN;INC;OK;INC000016172744;Priority 4;NA
SEC;812;SEC;SR;OK;INC000016172788;Priority 4;NA
FIN;DCF;FUN;INC;OK;INC000016172957;Priority 4;NA
FIN;DXE;FUN;INC;OK;INC000016173051;Priority 4;NA
DCF;DCF;FUN;INC;OK;INC000016173105;Priority 4;NA
FUN;812;FUN;INC;OK;INC000016173462;Priority 4;NA
FIN;812;FUN;INC;OK;INC000016173476;Priority 4;NA
FUN;LAT;FUN;SR;OK;INC000016173520;Priority 4;NA
FIN;BWI;FUN;INC;OK;INC000016175757;Priority 4;NA
SEC;SYN;SEC;INC;OK;INC000016176827;Priority 4;NA
FIN;DCF;FUN;INC;OK;INC000016177359;Priority 4;NA
APS;ETH;APS;INC;OK;INC000016177484;Priority 3;NA
SEC;BWI;SEC;INC;OK;INC000016177659;Priority 3;NA
FIN;812;FUN;INC;OK;INC000016177668;Priority 3;NA
FIN;812;FUN;INC;OK;INC000016177689;Priority 4;NA
TEC;ETH;FUN;INC;OK;INC000016177819;Priority 4;NA
FUN;LAT;FUN;INC;OK;INC000016177986;Priority 4;NA
FIN;DXE;FUN;INC;OK;INC000016178118;Priority 4;NA
L1;BWI;L1 ;SR;Defect;INC000016178290;Priority 4;NA
TEC;DCF;FUN;INC;OK;INC000016178293;Priority 3;NA
SCH;LAT;SCH;INC;OK;INC000016178298;Priority 3;NA
FUN;LAT;FUN;INC;OK;INC000016178302;Priority 3;NA
FUN;ETH;FUN;INC;OK;INC000016178370;Priority 3;NA
FUN;ETH;FUN;INC;OK;INC000016178384;Priority 4;NA
FUN;LAT;FUN;INC;OK;INC000016178396;Priority 4;NA
FUN;LAT;FUN;INC;OK;INC000016178539;Priority 4;NA
FUN;LAT;FUN;INC;OK;INC000016178548;Priority 3;NA
FUN;LAT;FUN;INC;OK;INC000016178551;Priority 3;NA
FUN;LAT;FUN;INC;OK;INC000016178556;Priority 3;NA
APS;DCF;APS;INC;OK;INC000016179038;Priority 3;NA
CNC;812;CNC;INC;OK;INC000016179662;Priority 4;NA
FIN;812;FUN;INC;OK;INC000016179682;Priority 4;NA
FUN;812;FUN;INC;OK;INC000016179829;Priority 4;NA
FUN;812;FUN;INC;OK;INC000016180000;Priority 4;NA
FUN;812;FUN;INC;OK;INC000016180054;Priority 4;NA
FIN;812;FUN;INC;OK;INC000016180066;Priority 4;NA
FIN;812;FUN;INC;OK;INC000016180136;Priority 4;NA
FIN;812;FUN;INC;OK;INC000016180183;Priority 4;NA
FIN;812;FUN;INC;OK;INC000016180222;Priority 3;NA
DBA;812;DBA;SR;OK;INC000016180499;Priority 4;NA
FIN;812;FUN;INC;OK;INC000016180515;Priority 3;NA
DCF;DCF;FUN;INC;OK;INC000016180520;Priority 4;NA
FUN;LAT;FUN;INC;OK;INC000016180816;Priority 3;NA
FUN;LAT;FUN;SR;OK;INC000016180833;Priority 3;NA
FIN;812;FUN;INC;OK;INC000016180998;Priority 4;NA
FIN;812;FUN;INC;OK;INC000016181372;Priority 4;NA
SEC;SYN;SEC;INC;OK;INC000016181517;Priority 3;NA
SEC;SYN;SEC;INC;OK;INC000016181591;Priority 4;NA
DCF;DCF;FUN;INC;Defect;INC000016181819;Priority 3;NA
SEC;SYN;SEC;INC;OK;INC000016181903;Priority 3;NA
APS;ETH;APS;INC;OK;INC000016181950;Priority 3;NA
FUN;ETH;FUN;INC;OK;INC000016182001;Priority 4;NA
TEC;ETH;FUN;INC;OK;INC000016182355;Priority 4;NA
APS;DCF;APS;INC;OK;INC000016182784;Priority 3;NA
FIN;812;FUN;INC;OK;INC000016183504;Priority 4;NA
FIN;DCF;FUN;INC;OK;INC000016183522;Priority 4;NA
FUN;812;FUN;INC;OK;INC000016183525;Priority 4;NA
FUN;812;FUN;INC;OK;INC000016183626;Priority 4;NA
FUN;812;FUN;INC;OK;INC000016183694;Priority 4;NA
FIN;812;FUN;INC;OK;INC000016183715;Priority 4;NA
FUN;812;FUN;INC;OK;INC000016183781;Priority 3;NA
FIN;LAT;FUN;INC;OK;INC000016183800;Priority 4;NA
FUN;812;FUN;INC;OK;INC000016183814;Priority 4;NA
FUN;812;FUN;INC;OK;INC000016183920;Priority 4;NA
FUN;EES;FUN;INC;OK;INC000016184016;Priority 3;NA
FIN;812;FUN;INC;OK;INC000016184447;Priority 4;NA
FIN;812;FUN;INC;OK;INC000016184664;Priority 4;NA
FUN;BWI;FUN;INC;OK;INC000016184871;Priority 4;NA
FIN;812;FUN;INC;OK;INC000016184957;Priority 4;NA
FUN;BWI;FUN;INC;OK;INC000016185247;Priority 4;NA
LEAD;DCF;FUN;INC;OK;INC000016185374;Priority 3;NA
FUN;ETH;FUN;INC;OK;INC000016185707;Priority 4;NA
FUN;DCF;FUN;INC;OK;INC000016185733;Priority 3;NA
FUN;BWI;FUN;INC;OK;INC000016186330;Priority 4;NA
APS;DCF;APS;INC;OK;INC000016186443;Priority 3;NA
FIN;DCF;FUN;INC;OK;INC000016186817;Priority 4;NA
SEC;WS;SEC;INC;OK;INC000016186850;Priority 4;NA
FIN;812;FUN;INC;OK;INC000016187114;Priority 4;NA
FIN;812;FUN;INC;OK;INC000016187290;Priority 4;NA
FIN;812;FUN;INC;OK;INC000016187313;Priority 4;NA
LEAD;DCF;FUN;INC;OK;INC000016187412;Priority 4;NA
FIN;812;FUN;INC;OK;INC000016187440;Priority 4;NA
FIN;812;FUN;INC;OK;INC000016187725;Priority 3;NA
FUN;ETH;FUN;INC;OK;INC000016187841;Priority 3;NA
FIN;812;FUN;INC;OK;INC000016187886;Priority 3;NA
FIN;812;FUN;INC;Defect;INC000016187916;Priority 4;NA
TEC;DCF;FUN;INC;OK;INC000016187941;Priority 3;NA
TEC;DCF;FUN;INC;OK;INC000016187970;Priority 3;NA
FIN;812;FUN;INC;OK;INC000016187971;Priority 4;NA
FIN;812;FUN;INC;OK;INC000016188015;Priority 4;NA
FUN;ETH;FUN;INC;OK;INC000016188016;Priority 3;NA
FIN;LAT;FUN;INC;OK;INC000016188114;Priority 4;NA
FIN;812;FUN;INC;OK;INC000016188156;Priority 4;NA
FIN;812;FUN;INC;OK;INC000016188159;Priority 4;NA
FIN;DXE;FUN;INC;OK;INC000016188213;Priority 4;NA
FIN;812;FUN;INC;OK;INC000016188235;Priority 4;NA
FIN;DXE;FUN;INC;OK;INC000016188538;Priority 4;NA
FIN;DXE;FUN;INC;Defect;INC000016188745;Priority 4;NA
SEC;SYN;SEC;INC;OK;INC000016188809;Priority 3;NA
APS;ETH;APS;INC;OK;INC000016188963;Priority 4;NA
FIN;812;FUN;INC;OK;INC000016188964;Priority 4;NA
DCF;DCF;FUN;INC;OK;INC000016189213;Priority 3;NA
FUN;LAT;FUN;INC;OK;INC000016189349;Priority 3;NA
FUN;LAT;FUN;INC;OK;INC000016189380;Priority 3;NA
APS;DCF;APS;INC;OK;INC000016189807;Priority 3;NA
FUN;BWI;FUN;SR;OK;INC000016189844;Priority 4;NA
OPS;EDS;OPS;HK;OK;INC000016190298;Priority 3;NA
CNC;DXE;CNC;INC;OK;INC000016190312;Priority 3;NA
FUN;812;FUN;INC;OK;INC000016190341;Priority 4;NA
FIN;DXE;FUN;INC;OK;INC000016190587;Priority 4;NA
FIN;812;FUN;INC;OK;INC000016190701;Priority 4;NA
FUN;DCF;FUN;SR;OK;INC000016191006;Priority 3;NA
FUN;LAT;FUN;INC;OK;INC000016191022;Priority 4;NA
FUN;WS;FUN;INC;OK;INC000016191103;Priority 3;NA
FIN;812;FUN;INC;OK;INC000016191275;Priority 4;NA
FUN;BWI;FUN;INC;OK;INC000016191368;Priority 4;NA
FIN;LAT;FUN;INC;OK;INC000016191508;Priority 4;NA
FIN;812;FUN;INC;OK;INC000016191586;Priority 4;NA
SEC;SYN;SEC;INC;OK;INC000016191648;Priority 3;NA
FIN;LAT;FUN;INC;OK;INC000016191681;Priority 4;NA
CNC;812;CNC;INC;OK;INC000016191716;Priority 4;NA
DCF;DCF;FUN;SR;OK;INC000016191722;Priority 3;NA
FUN;MNT;FUN;INC;OK;INC000016191934;Priority 3;NA
APS;DCF;APS;INC;OK;INC000016191965;Priority 3;NA
FIN;812;FUN;INC;OK;INC000016192447;Priority 3;NA
FUN;MNT;FUN;INC;OK;INC000016192545;Priority 3;NA
APS;DCF;APS;INC;OK;INC000016193030;Priority 3;NA
APS;DCF;APS;INC;OK;INC000016194107;Priority 3;NA
FUN;WS;FUN;INC;OK;INC000016194225;Priority 3;NA
APS;ETH;APS;INC;OK;INC000016194389;Priority 4;NA
SEC;WS;SEC;INC;OK;INC000016194422;Priority 4;NA
FIN;812;FUN;INC;OK;INC000016194499;Priority 4;NA
FIN;812;FUN;INC;OK;INC000016194505;Priority 3;NA
FIN;812;FUN;INC;OK;INC000016194742;Priority 4;NA
OPS;EMS;OPS;HK;OK;INC000016194754;Priority 4;NA
FIN;DCF;FUN;INC;OK;INC000016194801;Priority 4;NA
FIN;812;FUN;INC;OK;INC000016194882;Priority 4;NA
FIN;BWI;FUN;INC;OK;INC000016195361;Priority 4;NA
TEC;ETH;FUN;INC;OK;INC000016195419;Priority 4;NA
FIN;DCF;FUN;INC;OK;INC000016195435;Priority 4;NA
FUN;BWI;FUN;INC;OK;INC000016195507;Priority 4;NA
FUN;DXE;FUN;INC;OK;INC000016195516;Priority 3;NA
FIN;DCF;FUN;INC;OK;INC000016195652;Priority 4;NA
FUN;812;FUN;INC;OK;INC000016195666;Priority 4;NA
FIN;DCF;FUN;INC;OK;INC000016195678;Priority 3;NA
FUN;BWI;FUN;INC;OK;INC000016195914;Priority 3;NA
OPS;WS;OPS;HK;OK;INC000016195955;Priority 3;NA
FUN;WS;FUN;INC;OK;INC000016196023;Priority 4;NA
FIN;812;FUN;INC;OK;INC000016196027;Priority 4;NA
FUN;LAT;FUN;INC;OK;INC000016196054;Priority 3;NA
FUN;LAT;FUN;INC;OK;INC000016196095;Priority 3;NA
APS;ETH;APS;INC;OK;INC000016196255;Priority 4;NA
FUN;LAT;FUN;INC;OK;INC000016196345;Priority 4;NA
TEC;DCF;FUN;INC;OK;INC000016196398;Priority 3;NA
FUN;MNT;FUN;INC;OK;INC000016196418;Priority 4;NA
FUN;812;FUN;INC;OK;INC000016197577;Priority 3;NA
SEC;812;SEC;SR;OK;INC000016197941;Priority 4;NA
FIN;DXE;FUN;INC;OK;INC000016198736;Priority 3;NA
FIN;812;FUN;INC;OK;INC000016198791;Priority 4;NA
FUN;812;FUN;INC;OK;INC000016199016;Priority 3;NA
FUN;WS;FUN;INC;OK;INC000016199395;Priority 4;NA
FUN;812;FUN;INC;OK;INC000016199497;Priority 3;NA
SEC;SYN;SEC;INC;OK;INC000016199628;Priority 4;NA
FUN;812;FUN;INC;OK;INC000016199655;Priority 3;NA
L1;812;MON;INC;OK;INC000016199843;Priority 4;NA
FUN;812;FUN;INC;OK;INC000016200166;Priority 4;NA
SEC;SYN;SEC;INC;OK;INC000016200178;Priority 4;NA
FUN;DCF;FUN;INC;OK;INC000016200256;Priority 4;NA
FIN;DCF;FUN;SR;OK;INC000016200378;Priority 3;NA
SEC;DXE;SEC;SR;OK;INC000016200462;Priority 4;NA
FIN;812;FUN;INC;OK;INC000016200569;Priority 4;NA
SEC;SYN;SEC;INC;OK;INC000016200598;Priority 3;NA
FIN;812;FUN;INC;OK;INC000016200905;Priority 4;NA
SEC;SYN;SEC;INC;OK;INC000016200934;Priority 4;NA
SEC;SYN;SEC;INC;OK;INC000016200991;Priority 4;NA
SEC;MNT;SEC;INC;OK;INC000016201113;Priority 4;NA
TEC;DCF;FUN;INC;OK;INC000016201160;Priority 3;NA
FIN;DCF;FUN;INC;OK;INC000016201186;Priority 3;NA
FUN;812;FUN;INC;OK;INC000016201284;Priority 3;NA
FUN;BWI;FUN;INC;OK;INC000016201348;Priority 4;NA
FUN;EES;FUN;INC;OK;INC000016201406;Priority 4;NA
CNC;812;CNC;INC;OK;INC000016201410;Priority 4;NA
FIN;812;FUN;INC;OK;INC000016201540;Priority 4;NA
CNC;812;CNC;INC;OK;INC000016201678;Priority 3;NA
FUN;DCF;FUN;INC;OK;INC000016202013;Priority 3;NA
FUN;ETH;FUN;INC;OK;INC000016202270;Priority 3;NA
FIN;LAT;FUN;INC;OK;INC000016202283;Priority 4;NA
DCF;DCF;FUN;INC;Defect;INC000016202364;Priority 3;NA
FUN;BWI;FUN;INC;OK;INC000016202820;Priority 3;NA
SEC;SYN;SEC;INC;OK;INC000016203431;Priority 4;NA
FIN;DCF;FUN;INC;OK;INC000016203446;Priority 4;NA
FUN;EES;FUN;INC;OK;INC000016203580;Priority 4;NA
SEC;SYN;SEC;INC;OK;INC000016203597;Priority 4;NA
FUN;BWI;FUN;INC;OK;INC000016203839;Priority 4;NA
FUN;LAT;FUN;INC;OK;INC000016203956;Priority 3;NA
SEC;SYN;SEC;INC;OK;INC000016203960;Priority 4;NA
L1;MNT;MON;SR;OK;INC000016205237;Priority 4;NA
FUN;812;FUN;INC;OK;INC000016205407;Priority 4;NA
FIN;812;FUN;INC;OK;INC000016205764;Priority 4;NA
CNC;812;CNC;SR;OK;INC000016206010;Priority 4;NA
FIN;DCF;FUN;INC;OK;INC000016206118;Priority 4;NA
FUN;DCF;FUN;INC;OK;INC000016206174;Priority 3;NA
FUN;DCF;FUN;INC;OK;INC000016206338;Priority 3;NA
CNC;812;L1 ;INC;OK;INC000016206615;Priority 4;NA
FUN;LAT;FUN;SR;OK;INC000016206633;Priority 4;NA
FUN;812;FUN;INC;OK;INC000016207014;Priority 3;NA
CNC;812;CNC;SR;OK;INC000016207017;Priority 4;NA
FUN;LAT;FUN;INC;OK;INC000016207256;Priority 3;NA
FUN;BWI;FUN;INC;OK;INC000016207407;Priority 4;NA
FIN;812;FUN;INC;OK;INC000016207846;Priority 4;NA
DCF;DCF;FUN;INC;OK;INC000016207861;Priority 3;NA
TEC;DCF;FUN;INC;OK;INC000016207888;Priority 3;NA
FUN;EES;FUN;INC;OK;INC000016207914;Priority 3;NA
DCF;DCF;FUN;INC;OK;INC000016207929;Priority 3;NA
SEC;SYN;SEC;INC;OK;INC000016208079;Priority 4;NA
SEC;SYN;SEC;INC;Defect;INC000016208228;Priority 3;NA
FUN;ETH;FUN;INC;OK;INC000016208369;Priority 3;NA
FUN;DXE;FUN;INC;OK;INC000016208554;Priority 3;NA
L1;MNT;MON;SR;OK;INC000016208581;Priority 4;NA
L1;MNT;MON;SR;OK;INC000016208601;Priority 4;NA
L1;MNT;MON;SR;OK;INC000016208617;Priority 4;NA
DCF;DCF;FUN;INC;OK;INC000016208725;Priority 3;NA
SEC;ETH;SEC;INC;OK;INC000016208830;Priority 3;NA
FIN;DXE;FUN;INC;OK;INC000016208848;Priority 3;NA
SEC;SYN;SEC;INC;OK;INC000016208873;Priority 3;NA
L1;BWI;L1 ;SR;OK;INC000016208996;Priority 4;NA
FUN;LAT;FUN;INC;OK;INC000016209068;Priority 3;NA
SEC;SYN;SEC;INC;OK;INC000016209093;Priority 3;NA
SEC;SYN;SEC;INC;OK;INC000016209319;Priority 3;NA
L1;MNT;MON;SR;OK;INC000016209412;Priority 4;NA
FUN;MNT;FUN;INC;OK;INC000016209446;Priority 4;NA
FUN;DCF;FUN;INC;OK;INC000016209546;Priority 4;NA
SEC;SYN;SEC;INC;OK;INC000016209582;Priority 4;NA
DCF;DCF;FUN;INC;Defect;INC000016209849;Priority 3;NA
DCF;DCF;FUN;INC;OK;INC000016209996;Priority 4;NA
FUN;ETH;FUN;INC;OK;INC000016209998;Priority 3;NA
FUN;ETH;FUN;INC;OK;INC000016210031;Priority 3;NA
DBA;812;DBA;INC;OK;INC000016210140;Priority 4;NA
FUN;LAT;FUN;INC;OK;INC000016210163;Priority 3;NA
FUN;LAT;FUN;INC;OK;INC000016210184;Priority 3;NA
FUN;LAT;FUN;INC;Defect;INC000016210207;Priority 3;NA
OPS;WS;OPS;HK;OK;INC000016211391;Priority 3;NA
FUN;812;FUN;INC;OK;INC000016211414;Priority 4;NA
FUN;812;FUN;INC;OK;INC000016211753;Priority 4;NA
APS;ETH;APS;INC;OK;INC000016211850;Priority 4;NA
FUN;DXE;FUN;INC;OK;INC000016212057;Priority 4;NA
L1;812;MON;SR;OK;INC000016212258;Priority 4;NA
FUN;BWI;FUN;INC;OK;INC000016212615;Priority 4;NA
DBA;812;DBA;INC;OK;INC000016212807;Priority 4;NA
DCF;DCF;FUN;INC;OK;INC000016213095;Priority 3;NA
FUN;WS;FUN;INC;OK;INC000016213432;Priority 4;NA
FUN;LAT;FUN;INC;OK;INC000016213481;Priority 4;NA
OPS;WS;OPS;HK;OK;INC000016213604;Priority 3;NA
SEC;SYN;SEC;INC;OK;INC000016213621;Priority 4;NA
FUN;DCF;FUN;INC;OK;INC000016213641;Priority 3;NA
SEC;SYN;SEC;INC;OK;INC000016213927;Priority 3;NA
FUN;EES;FUN;INC;OK;INC000016214357;Priority 4;NA
L1;BWI;L1 ;INC;OK;INC000016214413;Priority 4;NA
FIN;EES;FUN;INC;OK;INC000016214416;Priority 4;NA
FUN;DXE;FUN;INC;OK;INC000016214591;Priority 4;NA
FUN;DXE;FUN;INC;OK;INC000016214603;Priority 4;NA
FUN;BWI;FUN;INC;OK;INC000016214979;Priority 4;NA
FUN;ETH;FUN;INC;OK;INC000016215267;Priority 4;NA
FUN;ETH;FUN;INC;OK;INC000016215364;Priority 4;NA
FUN;BWI;FUN;INC;OK;INC000016215728;Priority 4;NA
DCF;DCF;FUN;INC;OK;INC000016215864;Priority 3;NA
FUN;ETH;FUN;INC;OK;INC000016216088;Priority 3;NA
DBA;812;DBA;INC;OK;INC000016216391;Priority 4;NA
FIN;812;FUN;INC;OK;INC000016217114;Priority 4;NA
FUN;DCF;FUN;INC;OK;INC000016217362;Priority 3;NA
FIN;812;FUN;INC;OK;INC000016217696;Priority 4;NA
FIN;812;FUN;INC;OK;INC000016217737;Priority 4;NA
FUN;812;FUN;INC;OK;INC000016217743;Priority 4;NA
FIN;DCF;FUN;INC;OK;INC000016217773;Priority 3;NA
FIN;812;FUN;INC;OK;INC000016218103;Priority 4;NA
OPS;EDS;OPS;HK;OK;INC000016218192;Priority 4;NA
SEC;EES;SEC;INC;OK;INC000016218451;Priority 3;NA
FUN;ETH;FUN;INC;OK;INC000016218514;Priority 3;NA
FUN;812;FUN;INC;OK;INC000016218650;Priority 4;NA
FUN;BWI;FUN;INC;OK;INC000016218717;Priority 4;NA
SEC;SYN;SEC;INC;OK;INC000016218821;Priority 3;NA
DCF;DCF;FUN;INC;OK;INC000016218923;Priority 3;NA
CNC;BWI;L1 ;INC;OK;INC000016219006;Priority 4;NA
FUN;EES;FUN;INC;OK;INC000016219195;Priority 4;NA
OPS;EMS;OPS;HK;OK;INC000016219386;Priority 3;NA
OPS;EDS;OPS;HK;OK;INC000016219408;Priority 3;NA
FUN;ETH;FUN;INC;OK;INC000016219448;Priority 4;NA
OPS;EMS;OPS;HK;OK;INC000016219466;Priority 3;NA
FUN;812;FUN;INC;OK;INC000016219575;Priority 4;NA
SEC;SYN;SEC;INC;OK;INC000016219835;Priority 3;NA
SEC;EES;SEC;INC;OK;INC000016220035;Priority 3;NA
SEC;SYN;SEC;INC;OK;INC000016220063;Priority 3;NA
L1;BWI;L1 ;SR;OK;INC000016220087;Priority 4;NA
SEC;SYN;SEC;INC;OK;INC000016220240;Priority 3;NA
SEC;SYN;SEC;INC;OK;INC000016220651;Priority 4;NA
FUN;EES;FUN;INC;OK;INC000016220774;Priority 3;NA
FUN;ETH;FUN;INC;OK;INC000016220856;Priority 4;NA
FUN;ETH;FUN;INC;OK;INC000016221599;Priority 4;NA
OPS;EDS;OPS;HK;OK;INC000016222110;Priority 4;NA
FUN;ETH;FUN;INC;OK;INC000016223167;Priority 3;NA
OPS;EMS;OPS;HK;OK;INC000016223731;Priority 3;NA
SEC;SYN;SEC;INC;OK;INC000016224920;Priority 4;NA
SCH;LAT;SCH;INC;OK;INC000016225633;Priority 3;NA
FIN;DCF;FUN;INC;OK;INC000016226027;Priority 4;NA
OPS;EMS;OPS;HK;OK;INC000016226541;Priority 4;NA
APS;DCF;APS;INC;OK;INC000016226615;Priority 3;NA
FUN;LAT;FUN;INC;OK;INC000016226714;Priority 4;NA
TEC;DCF;FUN;INC;OK;INC000016226794;Priority 3;NA
FIN;812;FUN;INC;OK;INC000016226795;Priority 4;NA
FUN;812;FUN;INC;OK;INC000016226851;Priority 4;NA
L1;MNT;MON;SR;OK;INC000016226986;Priority 4;NA
FUN;LAT;FUN;INC;OK;INC000016227001;Priority 3;NA
SEC;WS;SEC;INC;OK;INC000016227008;Priority 3;NA
FUN;WS;FUN;INC;OK;INC000016227085;Priority 3;NA
TEC;DCF;FUN;INC;OK;INC000016227227;Priority 3;NA
FIN;812;FUN;INC;OK;INC000016227492;Priority 4;NA
CNC;DCF;CNC;INC;OK;INC000016227526;Priority 4;NA
FUN;MNT;FUN;INC;OK;INC000016227875;Priority 3;NA
FUN;812;FUN;INC;OK;INC000016227943;Priority 4;NA
SEC;SYN;SEC;INC;OK;INC000016228134;Priority 4;NA
TEC;DCF;FUN;INC;OK;INC000016228223;Priority 3;NA
FUN;LAT;FUN;INC;OK;INC000016228350;Priority 3;NA
FUN;DXE;FUN;INC;OK;INC000016228562;Priority 4;NA
FIN;DXE;FUN;INC;OK;INC000016228615;Priority 4;NA
L1;BWI;L1 ;SR;OK;INC000016228822;Priority 4;NA
SEC;MNT;SEC;INC;OK;INC000016228861;Priority 4;NA
FUN;BWI;FUN;INC;OK;INC000016229003;Priority 3;NA
FUN;BWI;FUN;INC;OK;INC000016229483;Priority 4;NA
L1;BWI;CNC;INC;OK;INC000016229909;Priority 3;NA
FUN;812;FUN;INC;OK;INC000016230059;Priority 3;NA
SEC;SYN;SEC;INC;OK;INC000016230315;Priority 3;NA
FUN;BWI;FUN;INC;OK;INC000016230623;Priority 3;NA
FUN;WS;FUN;INC;OK;INC000016231674;Priority 4;NA
SEC;EES;SEC;INC;OK;INC000016231744;Priority 3;NA
FIN;812;FUN;INC;OK;INC000016232286;Priority 4;NA
FUN;DXE;FUN;INC;OK;INC000016232355;Priority 3;NA
FIN;812;FUN;INC;OK;INC000016232751;Priority 4;NA
FUN;812;FUN;INC;OK;INC000016232828;Priority 3;NA
OPS;EMS;OPS;HK;OK;INC000016233035;Priority 4;NA
DBA;812;DBA;INC;OK;INC000016233198;Priority 3;NA
SEC;LAT;SEC;INC;OK;INC000016233282;Priority 4;NA
FUN;812;FUN;INC;OK;INC000016233403;Priority 4;NA
FUN;LAT;FUN;INC;OK;INC000016233663;Priority 3;NA
FUN;ETH;FUN;INC;OK;INC000016233748;Priority 3;NA
SEC;SYN;SEC;INC;OK;INC000016233845;Priority 3;NA
TEC;ETH;FUN;INC;OK;INC000016233883;Priority 4;NA
FUN;EES;FUN;INC;OK;INC000016233996;Priority 4;NA
FUN;DCF;FUN;INC;OK;INC000016234044;Priority 3;NA
SEC;SYN;SEC;INC;OK;INC000016234246;Priority 3;NA
FUN;BWI;FUN;INC;OK;INC000016234263;Priority 4;NA
FUN;812;FUN;INC;OK;INC000016234329;Priority 4;NA
FUN;DXE;FUN;INC;OK;INC000016234379;Priority 4;NA
FIN;812;FUN;INC;OK;INC000016235010;Priority 4;NA
DCF;DCF;FUN;INC;OK;INC000016235215;Priority 3;NA
SEC;MNT;SEC;INC;OK;INC000016235416;Priority 4;NA
FUN;LAT;FUN;INC;OK;INC000016235423;Priority 3;NA
FUN;LAT;FUN;SR;OK;INC000016235678;Priority 4;NA
L1;MNT;MON;SR;OK;INC000016236480;Priority 4;NA
L1;812;MON;SR;OK;INC000016237443;Priority 4;NA
FUN;WS;FUN;INC;OK;INC000016237482;Priority 3;NA
FIN;812;FUN;INC;OK;INC000016237973;Priority 4;NA
FUN;DCF;FUN;INC;OK;INC000016238011;Priority 4;NA
FUN;WS;FUN;INC;OK;INC000016238183;Priority 3;NA
FUN;DCF;FUN;INC;OK;INC000016238376;Priority 4;NA
FUN;812;FUN;INC;OK;INC000016238471;Priority 4;NA
FUN;LAT;FUN;INC;OK;INC000016238515;Priority 3;NA
FIN;812;FUN;INC;OK;INC000016238645;Priority 4;NA
FIN;DCF;FUN;INC;OK;INC000016238746;Priority 4;NA
APS;EES;APS;INC;OK;INC000016238748;Priority 3;NA
OPS;WS;OPS;HK;OK;INC000016239014;Priority 3;NA
FUN;812;FUN;INC;OK;INC000016239094;Priority 4;NA
FUN;EES;FUN;INC;OK;INC000016239409;Priority 4;NA
FUN;ETH;FUN;INC;OK;INC000016239470;Priority 4;NA
SEC;SYN;SEC;INC;OK;INC000016239693;Priority 3;NA
SEC;SYN;SEC;INC;OK;INC000016239812;Priority 3;NA
SEC;SYN;SEC;INC;OK;INC000016240107;Priority 3;NA
FUN;LAT;FUN;INC;OK;INC000016240165;Priority 3;NA
OPS;WS;OPS;HK;OK;INC000016240218;Priority 3;NA
SEC;SYN;SEC;INC;OK;INC000016240347;Priority 3;NA
SEC;SYN;SEC;INC;OK;INC000016240450;Priority 3;NA
L1;BWI;L1 ;INC;OK;INC000016240526;Priority 3;NA
SEC;SYN;SEC;INC;OK;INC000016240599;Priority 3;NA
SEC;SYN;SEC;INC;OK;INC000016240636;Priority 3;NA
FUN;MNT;FUN;INC;OK;INC000016240718;Priority 4;NA
FUN;LAT;FUN;INC;OK;INC000016241023;Priority 3;NA
APS;EES;APS;INC;OK;INC000016241338;Priority 3;NA
SEC;SYN;SEC;INC;OK;INC000016241430;Priority 4;NA
FUN;ETH;FUN;INC;OK;INC000016241979;Priority 3;NA
FUN;ETH;FUN;INC;OK;INC000016241993;Priority 3;NA
APS;EES;APS;INC;OK;INC000016242031;Priority 3;NA
APS;DCF;APS;INC;OK;INC000016242735;Priority 3;NA
FUN;BWI;FUN;INC;OK;INC000016242909;Priority 3;NA
FIN;812;FUN;INC;OK;INC000016243165;Priority 3;NA
CNC;812;CNC;INC;OK;INC000016243191;Priority 4;NA
FUN;812;FUN;INC;OK;INC000016243224;Priority 3;NA
FUN;812;FUN;INC;OK;INC000016243302;Priority 3;NA
APS;DCF;APS;INC;OK;INC000016243347;Priority 3;NA
OPS;EMS;OPS;HK;OK;INC000016243652;Priority 3;NA
FIN;812;FUN;INC;OK;INC000016243932;Priority 3;NA
SEC;DXE;SEC;INC;OK;INC000016243956;Priority 4;NA
FUN;812;FUN;INC;OK;INC000016244262;Priority 4;NA
FUN;WS;FUN;INC;OK;INC000016244355;Priority 4;NA
FUN;812;FUN;INC;OK;INC000016244386;Priority 4;NA
L1;BWI;L1 ;INC;OK;INC000016244726;Priority 4;NA
FUN;LAT;FUN;INC;OK;INC000016244811;Priority 3;NA
DCF;DCF;FUN;INC;OK;INC000016245005;Priority 3;NA
FUN;ETH;FUN;INC;OK;INC000016245028;Priority 4;NA
SEC;SYN;SEC;INC;OK;INC000016245207;Priority 3;NA
MNT;MNT;FUN;INC;OK;INC000016245428;Priority 3;NA
FUN;BWI;FUN;INC;OK;INC000016245583;Priority 4;NA
FUN;ETH;FUN;INC;OK;INC000016245869;Priority 3;NA
FUN;812;FUN;INC;OK;INC000016246150;Priority 4;NA
FUN;812;FUN;INC;OK;INC000016246297;Priority 3;NA
CNC;MNT;CNC;INC;OK;INC000016246530;Priority 3;NA
FUN;BWI;FUN;INC;OK;INC000016246601;Priority 3;NA
CNC;MNT;CNC;INC;OK;INC000016246685;Priority 3;NA
SEC;SYN;SEC;INC;OK;INC000016246719;Priority 4;NA
APS;ETH;APS;INC;OK;INC000016246972;Priority 3;NA
L1;ETH;CNC;INC;OK;INC000016247436;Priority 4;NA
APS;DCF;APS;INC;OK;INC000016248049;Priority 3;NA
L1;812;MON;SR;OK;INC000016248514;Priority 4;NA
L1;MNT;MON;SR;OK;INC000016248524;Priority 3;NA
L1;MNT;MON;SR;OK;INC000016248705;Priority 4;NA
FUN;DCF;FUN;INC;OK;INC000016248873;Priority 3;NA
FUN;812;FUN;INC;OK;INC000016248986;Priority 3;NA
FUN;DCF;FUN;SR;OK;INC000016249033;Priority 3;NA
FUN;812;FUN;INC;OK;INC000016249160;Priority 4;NA
SEC;SYN;SEC;INC;OK;INC000016249682;Priority 3;NA
TEC;DCF;FUN;INC;OK;INC000016249736;Priority 4;NA
FUN;DCF;FUN;INC;OK;INC000016249806;Priority 3;NA
L1;MNT;MON;INC;OK;INC000016249864;Priority 4;NA
SEC;SYN;SEC;INC;OK;INC000016249905;Priority 3;NA
FUN;LAT;FUN;INC;OK;INC000016250180;Priority 3;NA
FUN;BWI;FUN;INC;OK;INC000016250192;Priority 4;NA
L1;MNT;MON;SR;OK;INC000016250297;Priority 4;NA
OPS;EMS;OPS;HK;OK;INC000016250564;Priority 3;NA
FUN;812;FUN;INC;OK;INC000016250681;Priority 4;NA
FUN;LAT;FUN;INC;OK;INC000016250722;Priority 4;NA
FUN;MNT;FUN;INC;OK;INC000016250869;Priority 3;NA
FUN;LAT;FUN;SR;OK;INC000016250902;Priority 3;NA
TEC;DCF;FUN;INC;OK;INC000016251357;Priority 3;NA
CNC;812;CNC;INC;OK;INC000016252506;Priority 2;NA
APS;DCF;APS;INC;OK;INC000016252761;Priority 3;NA
L1;MNT;MON;SR;OK;INC000016252876;Priority 4;NA
LEAD;DCF;FUN;INC;OK;INC000016253128;Priority 3;NA
CNC;812;CNC;INC;OK;INC000016253564;Priority 3;NA
CNC;812;CNC;INC;OK;INC000016253668;Priority 3;NA
FUN;ETH;FUN;INC;OK;INC000016253901;Priority 3;NA
OPS;EMS;OPS;HK;OK;INC000016254096;Priority 4;NA
FUN;BWI;SCH;INC;OK;INC000016254287;Priority 3;NA
FUN;812;FUN;INC;OK;INC000016268470;Priority 4;NA
FIN;812;FUN;INC;OK;INC000016268781;Priority 4;NA
L1;812;MON;SR;OK;INC000016269095;Priority 4;NA
FUN;WS;FUN;INC;OK;INC000016269310;Priority 4;NA
FIN;812;FUN;INC;OK;INC000016269473;Priority 4;NA
FUN;BWI;FUN;INC;OK;INC000016269744;Priority 4;NA
FUN;EES;FUN;INC;OK;INC000016269864;Priority 4;NA
FIN;DCF;FUN;INC;OK;INC000016269880;Priority 4;NA
FUN;BWI;FUN;INC;OK;INC000016269954;Priority 4;NA
FUN;812;FUN;INC;OK;INC000016270038;Priority 4;NA
FIN;812;FUN;INC;OK;INC000016270300;Priority 4;NA
FUN;812;FUN;INC;OK;INC000016270444;Priority 4;NA
FIN;812;FUN;INC;OK;INC000016270460;Priority 4;NA
CNC;DPY;CNC;INC;OK;INC000016271346;Priority 4;NA
FUN;EES;FUN;INC;OK;INC000016272094;Priority 4;NA
FIN;DXE;FUN;INC;OK;INC000016272148;Priority 4;NA
APS;EES;APS;INC;OK;INC000016272314;Priority 4;NA
FUN;ETH;FUN;INC;OK;INC000016272590;Priority 4;NA
FIN;812;FUN;INC;OK;INC000016273686;Priority 4;NA
FUN;812;FUN;INC;OK;INC000016273697;Priority 4;NA
FUN;812;FUN;INC;OK;INC000016274048;Priority 4;NA
FIN;DCF;FUN;INC;OK;INC000016274252;Priority 4;NA
L1;MNT;MON;SR;OK;INC000016274265;Priority 4;NA
FUN;812;FUN;INC;OK;INC000016274289;Priority 4;NA
FUN;BWI;FUN;INC;OK;INC000016275401;Priority 4;NA
FIN;812;FUN;INC;OK;INC000016275553;Priority 4;NA
FUN;MNT;FUN;INC;OK;INC000016275686;Priority 4;NA
FUN;MNT;FUN;INC;OK;INC000016275722;Priority 4;NA
SEC;SYN;SEC;INC;OK;INC000016275890;Priority 4;NA
SEC;SYN;SEC;INC;OK;INC000016275936;Priority 4;NA
FIN;812;FUN;INC;OK;INC000016276021;Priority 4;NA
FIN;812;FUN;INC;OK;INC000016276285;Priority 4;NA
FUN;EES;FUN;INC;OK;INC000016277523;Priority 4;NA
L1;BWI;L1 ;SR;OK;INC000016278134;Priority 4;NA
FUN;BWI;FUN;INC;OK;INC000016278140;Priority 4;NA
FIN;DCF;FUN;INC;OK;INC000016279230;Priority 4;NA
FUN;DCF;FUN;INC;OK;INC000016279233;Priority 4;NA
FIN;812;FUN;INC;OK;INC000016279378;Priority 4;NA
FIN;812;FUN;INC;OK;INC000016279543;Priority 4;NA
FUN;812;FUN;INC;OK;INC000016279682;Priority 4;NA
FUN;812;FUN;INC;OK;INC000016279705;Priority 4;NA
CNC;812;CNC;INC;OK;INC000016279856;Priority 4;NA
FIN;812;FUN;INC;OK;INC000016280003;Priority 4;NA
FIN;812;FUN;INC;OK;INC000016280124;Priority 4;NA
FUN;BWI;FUN;INC;OK;INC000016280505;Priority 4;NA
SEC;SYN;SEC;INC;OK;INC000016281038;Priority 4;NA
FUN;BWI;FUN;INC;OK;INC000016281782;Priority 4;NA
FUN;ETH;FUN;INC;OK;INC000016281949;Priority 4;NA
FUN;BWI;FUN;INC;OK;INC000016282161;Priority 4;NA
FUN;DCF;FUN;INC;OK;INC000016283160;Priority 4;NA
OPS;EMS;OPS;HK;OK;INC000016284369;Priority 4;NA
FUN;812;FUN;INC;OK;INC000016288013;Priority 4;NA
FUN;812;FUN;INC;OK;INC000016288437;Priority 4;NA
SEC;WS;SEC;INC;OK;INC000016288806;Priority 4;NA
FUN;812;FUN;INC;OK;INC000016288950;Priority 4;NA
FUN;DCF;FUN;INC;OK;INC000016288970;Priority 4;NA
FIN;812;FUN;INC;OK;INC000016289004;Priority 4;NA
APS;ETH;APS;INC;OK;INC000016289278;Priority 4;NA
FUN;DCF;FUN;INC;OK;INC000016289578;Priority 4;NA
FUN;WS;FUN;INC;OK;INC000016289636;Priority 4;NA
FUN;812;FUN;INC;OK;INC000016290006;Priority 4;NA
CNC;DPY;CNC;INC;OK;INC000016290062;Priority 4;NA
FUN;812;FUN;INC;OK;INC000016290068;Priority 4;NA
FUN;DCF;FUN;INC;OK;INC000016290235;Priority 4;NA
MNT;MNT;FUN;INC;OK;INC000016290258;Priority 4;NA
FUN;812;FUN;INC;OK;INC000016290542;Priority 4;NA
FIN;812;FUN;INC;OK;INC000016290737;Priority 4;NA
FUN;LAT;FUN;INC;OK;INC000016291255;Priority 4;NA
FIN;DCF;FUN;INC;OK;INC000016291485;Priority 4;NA
FUN;EES;FUN;INC;OK;INC000016291663;Priority 4;NA
FUN;BWI;FUN;INC;OK;INC000016292011;Priority 4;NA
SEC;SYN;SEC;INC;OK;INC000016292289;Priority 4;NA
L1;LAT;CNC;INC;OK;INC000016292528;Priority 4;NA
MNT;MNT;FUN;INC;OK;INC000016293043;Priority 4;NA
FIN;DXE;FUN;INC;OK;INC000016295179;Priority 4;NA
SEC;WS;SEC;INC;OK;INC000016295366;Priority 4;NA
FUN;WS;FUN;INC;OK;INC000016295625;Priority 4;NA
FUN;812;FUN;INC;Defect;INC000016295672;Priority 4;NA
APS;ETH;APS;INC;OK;INC000016295737;Priority 4;NA
FUN;812;FUN;INC;OK;INC000016295776;Priority 4;NA
FUN;BWI;FUN;INC;OK;INC000016296149;Priority 4;NA
FUN;DCF;FUN;INC;OK;INC000016296488;Priority 4;NA
FIN;812;FUN;INC;OK;INC000016296690;Priority 4;NA
FUN;812;FUN;INC;OK;INC000016297241;Priority 4;NA
DBA;812;DBA;INC;OK;INC000016297245;Priority 4;NA
MNT;MNT;FUN;INC;OK;INC000016297496;Priority 4;NA
FUN;BWI;FUN;INC;OK;INC000016298343;Priority 4;NA
SEC;DCF;SEC;SR;OK;INC000016298473;Priority 4;NA
SEC;SYN;SEC;INC;OK;INC000016298598;Priority 4;NA
CNC;812;CNC;INC;OK;INC000016298623;Priority 4;NA
FUN;ETH;FUN;INC;OK;INC000016298831;Priority 4;NA
FIN;812;FUN;INC;OK;INC000016299866;Priority 3;NA
FUN;812;FUN;INC;OK;INC000016300282;Priority 4;NA
APS;ETH;APS;INC;OK;INC000016300286;Priority 3;NA
FIN;DXE;FUN;INC;Defect;INC000016300339;Priority 4;NA
OPS;WS;OPS;INC;OK;INC000016300349;Priority 3;NA
FIN;DCF;FUN;INC;OK;INC000016300460;Priority 4;NA
FUN;812;FUN;INC;OK;INC000016300504;Priority 4;NA
FUN;812;FUN;INC;OK;INC000016300536;Priority 3;NA
FUN;812;FUN;INC;OK;INC000016300576;Priority 4;NA
FIN;812;FUN;INC;OK;INC000016300587;Priority 4;NA
FIN;DXE;FUN;INC;OK;INC000016300645;Priority 4;NA
SEC;812;SEC;INC;OK;INC000016300693;Priority 3;NA
FUN;812;FUN;INC;OK;INC000016300710;Priority 4;NA
FIN;812;FUN;INC;OK;INC000016300718;Priority 4;NA
FUN;812;FUN;INC;OK;INC000016300950;Priority 4;NA
CNC;ETH;TEC;INC;OK;INC000016300971;Priority 4;NA
FUN;WS;FUN;INC;OK;INC000016301094;Priority 4;NA
CNC;ETH;CNC;INC;OK;INC000016301179;Priority 4;NA
CNC;ETH;TEC;INC;OK;INC000016301206;Priority 3;NA
CNC;ETH;TEC;INC;OK;INC000016301245;Priority 3;NA
FUN;812;FUN;INC;OK;INC000016301255;Priority 4;NA
FIN;812;FUN;INC;OK;INC000016301316;Priority 4;NA
SEC;SYN;SEC;INC;OK;INC000016301515;Priority 3;NA
DCF;DCF;FUN;INC;OK;INC000016301516;Priority 3;NA
SEC;SYN;SEC;INC;OK;INC000016301592;Priority 3;NA
FUN;812;FUN;INC;OK;INC000016301598;Priority 4;NA
L1;ETH;CNC;INC;OK;INC000016301609;Priority 3;NA
FUN;ETH;FUN;INC;OK;INC000016301628;Priority 3;NA
FUN;LAT;FUN;INC;OK;INC000016301678;Priority 3;NA
SEC;SYN;SEC;INC;OK;INC000016301721;Priority 4;NA
FIN;812;FUN;INC;OK;INC000016301779;Priority 3;NA
FUN;BWI;FUN;INC;OK;INC000016302002;Priority 3;NA
FUN;812;FUN;INC;OK;INC000016302102;Priority 4;NA
CNC;812;CNC;INC;OK;INC000016302145;Priority 3;NA
FIN;812;FUN;INC;OK;INC000016302152;Priority 4;NA
FUN;812;FUN;INC;OK;INC000016302194;Priority 4;NA
DCF;DCF;FUN;INC;OK;INC000016302323;Priority 3;NA
FIN;812;FUN;INC;OK;INC000016302417;Priority 3;NA
FUN;812;FUN;INC;OK;INC000016302601;Priority 4;NA
L1;BWI;L1 ;INC;OK;INC000016302785;Priority 4;NA
FUN;ETH;FUN;INC;OK;INC000016302842;Priority 3;NA
FUN;LAT;FUN;INC;OK;INC000016303057;Priority 3;NA
L1;LAT;CNC;INC;OK;INC000016303156;Priority 3;NA
FUN;LAT;FUN;INC;OK;INC000016303191;Priority 3;NA
TEC;DCF;FUN;INC;OK;INC000016303236;Priority 3;NA
FUN;ETH;FUN;INC;OK;INC000016303277;Priority 3;NA
SEC;DCF;SEC;SR;OK;INC000016303356;Priority 3;NA
SEC;SYN;SEC;INC;OK;INC000016303412;Priority 3;NA
FUN;LAT;FUN;INC;OK;INC000016303486;Priority 3;NA
APS;ETH;APS;INC;OK;INC000016303535;Priority 3;NA
CNC;BWI;CNC;INC;OK;INC000016304217;Priority 4;NA
FUN;LAT;FUN;INC;Defect;INC000016304295;Priority 3;NA
FUN;LAT;FUN;INC;OK;INC000016304313;Priority 4;NA
FUN;812;FUN;INC;OK;INC000016304858;Priority 4;NA
FUN;WS;FUN;INC;OK;INC000016304998;Priority 4;NA
APS;ETH;APS;INC;OK;INC000016305037;Priority 4;NA
FIN;812;FUN;INC;OK;INC000016305045;Priority 4;NA
FUN;DCF;FUN;INC;OK;INC000016305093;Priority 3;NA
FIN;812;FUN;INC;OK;INC000016305097;Priority 4;NA
FUN;812;FUN;INC;OK;INC000016305264;Priority 3;NA
SEC;812;SEC;INC;OK;INC000016305300;Priority 3;NA
APS;ETH;APS;INC;OK;INC000016305320;Priority 4;NA
SEC;DCF;SEC;SR;OK;INC000016305348;Priority 3;NA
FIN;DCF;FUN;INC;OK;INC000016305420;Priority 4;NA
APS;ETH;APS;INC;OK;INC000016305441;Priority 3;NA
FUN;812;FUN;INC;OK;INC000016305491;Priority 4;NA
L1;MNT;MON;SR;OK;INC000016305585;Priority 3;NA
DBA;812;DBA;INC;OK;INC000016305587;Priority 4;NA
SEC;812;SEC;INC;OK;INC000016305648;Priority 3;NA
FIN;812;FUN;INC;OK;INC000016305654;Priority 4;NA
OPS;EMS;OPS;HK;OK;INC000016305657;Priority 3;NA
TEC;DCF;FUN;INC;OK;INC000016305690;Priority 4;NA
L1;812;MON;SR;OK;INC000016305927;Priority 3;NA
TEC;DCF;FUN;INC;OK;INC000016305946;Priority 3;NA
FIN;812;FUN;INC;OK;INC000016305968;Priority 4;NA
FUN;812;FUN;INC;OK;INC000016306070;Priority 4;NA
FUN;DCF;FUN;INC;OK;INC000016306117;Priority 3;NA
FIN;812;FUN;INC;OK;INC000016306475;Priority 4;NA
SEC;812;SEC;INC;OK;INC000016306497;Priority 4;NA
FIN;812;FUN;INC;OK;INC000016306551;Priority 4;NA
FUN;ETH;FUN;INC;OK;INC000016306787;Priority 4;NA
CNC;812;CNC;INC;OK;INC000016306920;Priority 3;NA
FUN;BWI;FUN;INC;OK;INC000016306947;Priority 4;NA
FUN;812;FUN;INC;OK;INC000016307258;Priority 3;NA
APS;ETH;APS;INC;OK;INC000016307304;Priority 4;NA
L1;BWI;L1 ;INC;OK;INC000016307307;Priority 4;NA
FUN;WS;FUN;INC;OK;INC000016307351;Priority 4;NA
FUN;ETH;FUN;INC;OK;INC000016307375;Priority 3;NA
FUN;LAT;FUN;INC;OK;INC000016307517;Priority 4;NA
FIN;812;FUN;INC;OK;INC000016307594;Priority 4;NA
APS;EES;APS;INC;OK;INC000016307911;Priority 3;NA
APS;EES;APS;INC;OK;INC000016308159;Priority 3;NA
FUN;DCF;FUN;INC;Defect;INC000016308246;Priority 4;NA
L1;LAT;CNC;INC;OK;INC000016308752;Priority 4;NA
FIN;LAT;FUN;INC;OK;INC000016308765;Priority 4;NA
FUN;LAT;FUN;SR;OK;INC000016308799;Priority 3;NA
MNT;MNT;FUN;INC;OK;INC000016308859;Priority 3;NA
FUN;BWI;FUN;INC;OK;INC000016308922;Priority 4;NA
FUN;BWI;FUN;INC;Defect;INC000016309186;Priority 3;NA
CNC;LAT;CNC;INC;Defect;INC000016309451;Priority 3;NA
CNC;CRD;MON;INC;OK;INC000016309914;Priority 4;NA
CNC;EES;CNC;INC;Defect;INC000016309955;Priority 4;NA
FIN;812;FUN;INC;OK;INC000016310034;Priority 3;NA
FIN;DXE;FUN;INC;OK;INC000016310228;Priority 4;NA
FUN;812;FUN;INC;OK;INC000016310574;Priority 3;NA
FIN;DXE;FUN;INC;OK;INC000016310707;Priority 4;NA
FIN;812;FUN;INC;OK;INC000016310837;Priority 4;NA
SEC;DCF;SEC;SR;OK;INC000016310903;Priority 3;NA
FIN;DCF;FUN;INC;OK;INC000016310976;Priority 4;NA
CNC;812;CNC;INC;OK;INC000016311156;Priority 4;NA
FUN;DCF;FUN;INC;OK;INC000016311177;Priority 4;NA
DCF;DCF;FUN;INC;OK;INC000016311225;Priority 3;NA
FUN;812;FUN;INC;OK;INC000016311288;Priority 3;NA
L1;MNT;MON;SR;OK;INC000016311376;Priority 3;NA
CNC;812;CNC;INC;OK;INC000016311382;Priority 3;NA
FUN;DCF;FUN;INC;OK;INC000016311390;Priority 4;NA
FIN;812;FUN;INC;OK;INC000016311408;Priority 3;NA
FUN;812;FUN;INC;OK;INC000016311435;Priority 3;NA
FUN;BWI;FUN;INC;OK;INC000016311504;Priority 4;NA
FUN;812;FUN;INC;OK;INC000016311657;Priority 4;NA
FIN;812;FUN;INC;OK;INC000016311688;Priority 3;NA
FIN;DXE;FUN;SR;OK;INC000016311893;Priority 3;NA
FUN;WS;FUN;INC;OK;INC000016311941;Priority 3;NA
DCF;DCF;FUN;INC;OK;INC000016312190;Priority 4;NA
FIN;BWI;FUN;INC;OK;INC000016312444;Priority 3;NA
FUN;MNT;FUN;INC;OK;INC000016313199;Priority 3;NA
FUN;LAT;FUN;INC;OK;INC000016313253;Priority 3;NA
FUN;DCF;FUN;INC;OK;INC000016313254;Priority 3;NA
FUN;LAT;FUN;INC;OK;INC000016313284;Priority 3;NA
CNC;812;CNC;INC;OK;INC000016313287;Priority 3;NA
APS;ETH;APS;INC;OK;INC000016313463;Priority 3;NA
SEC;SYN;SEC;INC;OK;INC000016313475;Priority 4;NA
APS;ETH;APS;INC;OK;INC000016313614;Priority 3;NA
CNC;812;CNC;INC;OK;INC000016314224;Priority 3;NA
FUN;DCF;FUN;INC;OK;INC000016314487;Priority 3;NA
L1;MNT;MON;SR;OK;INC000016314629;Priority 3;NA
FIN;812;FUN;INC;OK;INC000016314672;Priority 4;NA
FIN;812;FUN;INC;OK;INC000016314768;Priority 4;NA
FIN;812;FUN;INC;OK;INC000016314811;Priority 4;NA
FIN;812;FUN;INC;OK;INC000016314852;Priority 4;NA
FIN;812;FUN;INC;OK;INC000016314930;Priority 4;NA
MNT;MNT;FUN;INC;OK;INC000016314955;Priority 3;NA
TEC;DCF;FUN;INC;OK;INC000016315254;Priority 4;NA
SCH;LAT;SCH;INC;OK;INC000016315385;Priority 3;NA
SCH;LAT;SCH;INC;OK;INC000016315839;Priority 4;NA
SCH;LAT;SCH;INC;OK;INC000016315840;Priority 3;NA
SCH;LAT;SCH;INC;OK;INC000016315841;Priority 3;NA
SCH;LAT;SCH;INC;OK;INC000016315842;Priority 3;NA
OPS;WS;OPS;INC;OK;INC000016316086;Priority 3;NA
CNC;DCF;CNC;INC;OK;INC000016316115;Priority 4;NA
SCH;LAT;SCH;INC;OK;INC000016316119;Priority 3;NA
SCH;LAT;SCH;INC;OK;INC000016316121;Priority 3;NA
SCH;LAT;SCH;INC;OK;INC000016316127;Priority 3;NA
SCH;LAT;SCH;INC;OK;INC000016316131;Priority 3;NA
FUN;WS;FUN;INC;OK;INC000016316132;Priority 3;NA
SCH;LAT;SCH;INC;OK;INC000016316137;Priority 4;NA
OPS;WS;OPS;HK;OK;INC000016316214;Priority 3;NA
TEC;DCF;FUN;INC;OK;INC000016316853;Priority 3;NA
SEC;DCF;SEC;SR;OK;INC000016317005;Priority 3;NA
APS;ETH;FUN;INC;OK;INC000016317810;Priority 3;NA
APS;ETH;FUN;INC;OK;INC000016317811;Priority 3;NA
APS;ETH;FUN;INC;OK;INC000016317812;Priority 3;NA
APS;ETH;FUN;INC;OK;INC000016317813;Priority 3;NA
APS;ETH;FUN;INC;OK;INC000016317814;Priority 3;NA
APS;ETH;FUN;INC;OK;INC000016317815;Priority 3;NA
APS;ETH;FUN;INC;OK;INC000016317816;Priority 3;NA
DBA;812;DBA;INC;OK;INC000016318079;Priority 3;NA
L1;MNT;MON;SR;Defect;INC000016318086;Priority 3;NA
SCH;LAT;SCH;INC;OK;INC000016318140;Priority 4;NA
SCH;LAT;SCH;INC;OK;INC000016318142;Priority 4;NA
SCH;LAT;SCH;INC;OK;INC000016318143;Priority 3;NA
SCH;LAT;SCH;INC;OK;INC000016318147;Priority 4;NA
SCH;LAT;SCH;INC;OK;INC000016318148;Priority 4;NA
SCH;LAT;SCH;INC;OK;INC000016318149;Priority 4;NA
SCH;LAT;SCH;INC;OK;INC000016318150;Priority 4;NA
SCH;LAT;SCH;INC;OK;INC000016318152;Priority 4;NA
SCH;LAT;SCH;INC;OK;INC000016318153;Priority 3;NA
SCH;LAT;SCH;INC;OK;INC000016318154;Priority 3;NA
SCH;LAT;SCH;INC;OK;INC000016318155;Priority 4;NA
SCH;LAT;SCH;INC;OK;INC000016318156;Priority 4;NA
SCH;LAT;SCH;INC;OK;INC000016318179;Priority 4;NA
DBA;812;DBA;INC;OK;INC000016318340;Priority 3;NA
SEC;812;SEC;INC;OK;INC000016318471;Priority 4;NA
CNC;DCF;CNC;INC;OK;INC000016318560;Priority 3;NA
FUN;DCF;FUN;INC;OK;INC000016318640;Priority 3;NA
FUN;DXE;FUN;INC;OK;INC000016318766;Priority 4;NA
SEC;812;SEC;INC;OK;INC000016319212;Priority 4;NA
SCH;LAT;SCH;INC;OK;INC000016319304;Priority 3;NA
FIN;812;FUN;INC;OK;INC000016319318;Priority 4;NA
SEC;SYN;SEC;INC;OK;INC000016319459;Priority 4;NA
CNC;812;CNC;INC;OK;INC000016319610;Priority 3;NA
DCF;DCF;FUN;INC;OK;INC000016319647;Priority 4;NA
SEC;SYN;SEC;INC;OK;INC000016319715;Priority 3;NA
DCF;DCF;FUN;INC;Defect;INC000016319869;Priority 3;NA
FUN;BWI;FUN;INC;OK;INC000016320007;Priority 4;NA
CNC;812;CNC;INC;OK;INC000016320044;Priority 3;NA
FUN;EES;FUN;INC;OK;INC000016320154;Priority 4;NA
L1;812;MON;SR;Defect;INC000016320187;Priority 3;NA
FUN;812;FUN;INC;OK;INC000016320354;Priority 4;NA
FUN;EES;FUN;INC;OK;INC000016320412;Priority 4;NA
FUN;ETH;FUN;INC;OK;INC000016320422;Priority 3;NA
TEC;DCF;FUN;INC;OK;INC000016320652;Priority 3;NA
FIN;812;FUN;INC;OK;INC000016320780;Priority 4;NA
FUN;812;FUN;INC;OK;INC000016320894;Priority 4;NA
FUN;812;FUN;INC;OK;INC000016320921;Priority 3;NA
FUN;DCF;FUN;INC;OK;INC000016320926;Priority 3;NA
FIN;812;FUN;INC;OK;INC000016320938;Priority 4;NA
FUN;WS;FUN;INC;OK;INC000016320952;Priority 4;NA
SEC;SYN;SEC;INC;OK;INC000016321044;Priority 4;NA
FIN;812;FUN;INC;OK;INC000016321258;Priority 4;NA
FIN;BWI;FUN;INC;OK;INC000016321298;Priority 4;NA
FUN;BWI;FUN;INC;Defect;INC000016321590;Priority 4;NA
CNC;812;CNC;SR;OK;INC000016321611;Priority 4;NA
FUN;WS;FUN;INC;OK;INC000016321852;Priority 4;NA
L1;BWI;L1 ;INC;OK;INC000016322201;Priority 3;NA
FIN;812;FUN;INC;OK;INC000016322605;Priority 3;NA
SEC;DCF;SEC;SR;OK;INC000016322737;Priority 3;NA
TEC;DCF;FUN;INC;OK;INC000016322746;Priority 4;NA
FUN;812;FUN;INC;OK;INC000016324138;Priority 4;NA
FUN;812;FUN;INC;OK;INC000016324192;Priority 4;NA
FUN;COR;FUN;INC;OK;INC000016324212;Priority 3;NA
SCH;LAT;SCH;INC;OK;INC000016324242;Priority 4;NA
FUN;812;FUN;INC;OK;INC000016324353;Priority 3;NA
CNC;812;CNC;INC;OK;INC000016324375;Priority 3;NA
FUN;812;FUN;INC;OK;INC000016324409;Priority 4;NA
FIN;DCF;FUN;INC;OK;INC000016324498;Priority 4;NA
FIN;812;FUN;INC;OK;INC000016324549;Priority 4;NA
SEC;DCF;SEC;SR;OK;INC000016324585;Priority 3;NA
FUN;812;FUN;INC;OK;INC000016324599;Priority 4;NA
FUN;812;FUN;INC;OK;INC000016324674;Priority 4;NA
FUN;812;FUN;INC;OK;INC000016324746;Priority 4;NA
FIN;812;FUN;INC;OK;INC000016324781;Priority 4;NA
FUN;DXE;FUN;INC;OK;INC000016324884;Priority 4;NA
FIN;812;FUN;INC;OK;INC000016324919;Priority 4;NA
FUN;812;FUN;INC;OK;INC000016325162;Priority 4;NA
FUN;812;FUN;INC;OK;INC000016325365;Priority 4;NA
TEC;DCF;FUN;INC;OK;INC000016325428;Priority 3;NA
FIN;812;FUN;INC;OK;INC000016325666;Priority 4;NA
FUN;EES;FUN;INC;OK;INC000016325797;Priority 4;NA
SEC;SYN;SEC;INC;OK;INC000016325809;Priority 3;NA
FUN;812;FUN;INC;OK;INC000016326079;Priority 4;NA
FUN;BWI;FUN;INC;OK;INC000016326127;Priority 4;NA
FUN;ETH;FUN;INC;OK;INC000016326135;Priority 3;NA
FIN;812;FUN;INC;OK;INC000016326611;Priority 4;NA
FUN;LAT;FUN;INC;OK;INC000016327070;Priority 4;NA
FUN;812;FUN;INC;OK;INC000016327099;Priority 3;NA
DCF;DCF;FUN;INC;OK;INC000016327207;Priority 4;NA
FIN;812;FUN;INC;OK;INC000016327216;Priority 4;NA
FUN;ETH;FUN;INC;OK;INC000016327300;Priority 4;NA
CNC;DCF;CNC;INC;OK;INC000016327332;Priority 3;NA
APS;ETH;APS;INC;OK;INC000016327762;Priority 4;NA
CNC;DCF;CNC;INC;OK;INC000016327769;Priority 3;NA
APS;ETH;APS;INC;OK;INC000016327817;Priority 4;NA
FUN;BWI;FUN;INC;OK;INC000016327939;Priority 4;NA
L1;MNT;MON;SR;OK;INC000016327940;Priority 3;NA
SEC;SYN;SEC;INC;OK;INC000016329031;Priority 4;NA
L1;BWI;L1 ;INC;OK;INC000016329147;Priority 3;NA
CNC;812;CNC;INC;OK;INC000016329512;Priority 3;NA
SCH;LAT;SCH;INC;OK;INC000016329564;Priority 3;NA
FUN;812;FUN;INC;OK;INC000016330371;Priority 4;NA
FUN;812;FUN;INC;OK;INC000016330608;Priority 4;NA
FUN;MNT;FUN;INC;OK;INC000016330633;Priority 3;NA
FUN;812;FUN;INC;OK;INC000016330682;Priority 4;NA
FUN;812;FUN;INC;OK;INC000016330742;Priority 4;NA
FIN;812;FUN;INC;OK;INC000016330778;Priority 4;NA
FUN;LAT;FUN;INC;OK;INC000016330927;Priority 3;NA
OPS;WS;OPS;HK;OK;INC000016330942;Priority 3;NA
TEC;DCF;FUN;INC;OK;INC000016330967;Priority 3;NA
FUN;BWI;FUN;INC;OK;INC000016331339;Priority 4;NA
FUN;BWI;FUN;INC;OK;INC000016331396;Priority 4;NA
FUN;EES;FUN;INC;OK;INC000016331403;Priority 4;NA
SEC;EDS;SEC;INC;OK;INC000016331448;Priority 3;NA
OPS;EDS;OPS;HK;OK;INC000016331497;Priority 3;NA
FUN;BWI;FUN;INC;OK;INC000016331535;Priority 4;NA
FIN;DXE;FUN;INC;OK;INC000016331725;Priority 4;NA
FIN;812;FUN;INC;OK;INC000016332045;Priority 4;NA
FIN;812;FUN;INC;OK;INC000016332128;Priority 4;NA
MNT;MNT;FUN;INC;OK;INC000016332168;Priority 3;NA
FUN;LAT;FUN;INC;OK;INC000016332196;Priority 3;NA
FUN;ETH;FUN;INC;OK;INC000016332387;Priority 4;NA
FUN;ETH;FUN;INC;OK;INC000016332658;Priority 3;NA
DCF;DCF;FUN;INC;OK;INC000016332799;Priority 3;NA
FUN;812;FUN;INC;OK;INC000016333013;Priority 4;NA
FUN;EES;FUN;INC;OK;INC000016333070;Priority 4;NA
FUN;DXE;FUN;INC;OK;INC000016333140;Priority 4;NA
FUN;BWI;FUN;INC;OK;INC000016333549;Priority 4;NA
DCF;DCF;FUN;INC;OK;INC000016333794;Priority 3;NA
SEC;SYN;SEC;INC;OK;INC000016333940;Priority 4;NA
LEAD;DCF;FUN;INC;OK;INC000016334730;Priority 3;NA
SEC;EMS;SEC;INC;OK;INC000016334939;Priority 3;NA
FUN;EES;FUN;INC;OK;INC000016335002;Priority 4;NA
FUN;DCF;FUN;SR;OK;INC000016335401;Priority 3;NA
FUN;812;FUN;INC;OK;INC000016335615;Priority 4;NA
FIN;DCF;FUN;INC;OK;INC000016335709;Priority 3;NA
FUN;WS;FUN;INC;OK;INC000016335758;Priority 4;NA
FIN;812;FUN;INC;OK;INC000016336102;Priority 4;NA
DBA;812;DBA;INC;OK;INC000016336279;Priority 4;NA
FUN;812;FUN;INC;OK;INC000016336308;Priority 4;NA
FUN;812;FUN;INC;OK;INC000016336377;Priority 4;NA
SEC;DCF;SEC;SR;OK;INC000016336507;Priority 4;NA
FIN;812;FUN;INC;OK;INC000016336511;Priority 4;NA
FUN;DCF;FUN;SR;OK;INC000016336751;Priority 3;NA
CNC;812;CNC;INC;OK;INC000016336861;Priority 3;NA
SEC;SYN;SEC;INC;OK;INC000016336880;Priority 3;NA
L1;DCF;CNC;INC;OK;INC000016336900;Priority 3;NA
FUN;DCF;FUN;INC;OK;INC000016336912;Priority 3;NA
FUN;812;FUN;INC;OK;INC000016336946;Priority 4;NA
FUN;DXE;FUN;INC;OK;INC000016337051;Priority 4;NA
FUN;812;FUN;INC;OK;INC000016337092;Priority 4;NA
FIN;812;FUN;INC;OK;INC000016337144;Priority 3;NA
FIN;DCF;FUN;INC;OK;INC000016337176;Priority 4;NA
FUN;LAT;FUN;INC;OK;INC000016337233;Priority 4;NA
OPS;WS;OPS;INC;OK;INC000016337315;Priority 4;NA
FIN;DCF;FUN;INC;OK;INC000016337384;Priority 4;NA
APS;EES;APS;INC;OK;INC000016337420;Priority 4;NA
MNT;MNT;FUN;INC;OK;INC000016337885;Priority 3;NA
DCF;DCF;FUN;INC;OK;INC000016337957;Priority 3;NA
FUN;812;FUN;INC;OK;INC000016337999;Priority 4;NA
FUN;LAT;FUN;INC;OK;INC000016338113;Priority 4;NA
SEC;SYN;SEC;INC;OK;INC000016338421;Priority 4;NA
FUN;ETH;FUN;INC;OK;INC000016338876;Priority 4;NA
SEC;BWI;SEC;INC;OK;INC000016338978;Priority 4;NA
FUN;ETH;FUN;INC;OK;INC000016339106;Priority 3;NA
FUN;BWI;FUN;INC;OK;INC000016339197;Priority 4;NA
DCF;DCF;FUN;INC;OK;INC000016339205;Priority 3;NA
FUN;BWI;FUN;INC;OK;INC000016339691;Priority 3;NA
SEC;EMS;SEC;SR;OK;INC000016340520;Priority 3;NA
FIN;812;FUN;INC;OK;INC000016340775;Priority 4;NA
FUN;WS;FUN;INC;OK;INC000016341074;Priority 4;NA
FIN;812;FUN;INC;OK;INC000016341354;Priority 4;NA
OPS;WS;OPS;HK;OK;INC000016341585;Priority 3;NA
FIN;812;FUN;INC;OK;INC000016341686;Priority 3;NA
FUN;DCF;FUN;INC;OK;INC000016341709;Priority 4;NA
FUN;812;FUN;INC;OK;INC000016341809;Priority 4;NA
FIN;LAT;FUN;INC;OK;INC000016341932;Priority 4;NA
FIN;LAT;FUN;INC;OK;INC000016341952;Priority 4;NA
FUN;DCF;FUN;INC;OK;INC000016342459;Priority 3;NA
SEC;SYN;SEC;INC;OK;INC000016342532;Priority 3;NA
FUN;DCF;FUN;INC;OK;INC000016342582;Priority 3;NA
SEC;SYN;SEC;INC;OK;INC000016342607;Priority 4;NA
DCF;DCF;FUN;INC;OK;INC000016342626;Priority 3;NA
FUN;ETH;FUN;INC;OK;INC000016342944;Priority 3;NA
FUN;ETH;FUN;INC;OK;INC000016342968;Priority 4;NA
DCF;DCF;FUN;INC;OK;INC000016343063;Priority 3;NA
FUN;LAT;FUN;INC;OK;INC000016343418;Priority 4;NA
DCF;DCF;FUN;INC;OK;INC000016343432;Priority 3;NA
FUN;BWI;FUN;INC;OK;INC000016343494;Priority 3;NA
DCF;DCF;FUN;INC;OK;INC000016343511;Priority 3;NA
FUN;BWI;FUN;INC;OK;INC000016343608;Priority 4;NA
MNT;MNT;FUN;INC;OK;INC000016344318;Priority 4;NA
FUN;DXE;FUN;INC;OK;INC000016344432;Priority 4;NA
OPS;EMS;OPS;HK;OK;INC000016344853;Priority 3;NA
SCH;LAT;SCH;INC;OK;INC000016345110;Priority 3;NA
MNT;MNT;FUN;INC;OK;INC000016345141;Priority 3;NA
CNC;ETH;CNC;INC;OK;INC000016345344;Priority 3;NA
LEAD;DCF;FUN;INC;OK;INC000016346295;Priority 3;NA
L1;ETH;CNC;INC;OK;INC000016346403;Priority 4;NA
SCH;LAT;SCH;INC;OK;INC000016346722;Priority 4;NA
OPS;WS;OPS;HK;OK;INC000016346809;Priority 4;NA
L1;LAT;CNC;INC;OK;INC000016348296;Priority 4;NA
SCH;LAT;SCH;INC;OK;INC000016349091;Priority 4;NA
SCH;LAT;SCH;INC;OK;INC000016349092;Priority 4;NA
SCH;LAT;SCH;INC;OK;INC000016349093;Priority 3;NA
SCH;LAT;SCH;INC;OK;INC000016349094;Priority 4;NA
SCH;LAT;SCH;INC;OK;INC000016349095;Priority 4;NA
SCH;LAT;SCH;INC;OK;INC000016349096;Priority 3;NA
SCH;LAT;SCH;INC;OK;INC000016349097;Priority 4;NA
SCH;LAT;SCH;INC;OK;INC000016349099;Priority 4;NA
SCH;LAT;SCH;INC;OK;INC000016349100;Priority 4;NA
SCH;LAT;SCH;INC;OK;INC000016349101;Priority 3;NA
SCH;LAT;SCH;INC;OK;INC000016349102;Priority 4;NA
SCH;LAT;SCH;INC;OK;INC000016349103;Priority 4;NA
SCH;LAT;SCH;INC;OK;INC000016349104;Priority 3;NA
SCH;LAT;SCH;INC;OK;INC000016349105;Priority 4;NA
APS;ETH;APS;INC;OK;INC000016349296;Priority 4;NA
L1;BWI;L1 ;SR;OK;INC000016349501;Priority 4;NA
SEC;EMS;SEC;INC;OK;INC000016349511;Priority 4;NA
FIN;DCF;FUN;INC;OK;INC000016349697;Priority 3;NA
FIN;DCF;FUN;INC;OK;INC000016349712;Priority 4;NA
FIN;812;FUN;INC;OK;INC000016350054;Priority 4;NA
TEC;DCF;FUN;INC;OK;INC000016350281;Priority 3;NA
OPS;EMS;OPS;HK;OK;INC000016350288;Priority 3;NA
FIN;812;FUN;INC;OK;INC000016350346;Priority 4;NA
DBA;812;DBA;INC;OK;INC000016350920;Priority 3;NA
FUN;812;FUN;INC;OK;INC000016350927;Priority 3;NA
SEC;SYN;SEC;INC;OK;INC000016351314;Priority 4;NA
FUN;812;FUN;INC;OK;INC000016351394;Priority 4;NA
FIN;812;FUN;INC;OK;INC000016351415;Priority 4;NA
FUN;LAT;FUN;SR;OK;INC000016351689;Priority 3;NA
SEC;SYN;SEC;INC;OK;INC000016351748;Priority 4;NA
MNT;MNT;FUN;INC;OK;INC000016351793;Priority 4;NA
FUN;ETH;FUN;INC;OK;INC000016351953;Priority 4;NA
FUN;LAT;FUN;INC;OK;INC000016352028;Priority 3;NA
SEC;SYN;SEC;INC;OK;INC000016352032;Priority 4;NA
FUN;LAT;FUN;INC;OK;INC000016352041;Priority 4;NA
FUN;DCF;FUN;INC;OK;INC000016352152;Priority 3;NA
FIN;DCF;FUN;INC;OK;INC000016352182;Priority 4;NA
DCF;DCF;FUN;INC;OK;INC000016352219;Priority 3;NA
FUN;DXE;FUN;INC;OK;INC000016352301;Priority 4;NA
APS;DCF;APS;INC;OK;INC000016352570;Priority 3;NA
SEC;SYN;SEC;INC;OK;INC000016352808;Priority 3;NA
SEC;SYN;SEC;INC;OK;INC000016352934;Priority 3;NA
SEC;SYN;SEC;INC;OK;INC000016353048;Priority 4;NA
DCF;DCF;FUN;INC;OK;INC000016353049;Priority 3;NA
FUN;ETH;FUN;INC;OK;INC000016353243;Priority 4;NA
APS;ETH;FUN;INC;OK;INC000016353275;Priority 4;NA
APS;ETH;APS;INC;OK;INC000016353430;Priority 4;NA
FUN;ETH;FUN;INC;OK;INC000016353748;Priority 3;NA
FUN;DCF;FUN;INC;OK;INC000016354169;Priority 4;NA
CNC;812;CNC;INC;OK;INC000016354243;Priority 4;NA
FUN;812;FUN;INC;OK;INC000016355365;Priority 4;NA
SEC;EMS;SEC;INC;OK;INC000016355414;Priority 4;NA
DBA;812;DBA;INC;OK;INC000016355920;Priority 4;NA
CNC;812;FUN;INC;OK;INC000016356642;Priority 3;NA
FUN;812;FUN;INC;OK;INC000016356753;Priority 4;NA
FUN;DCF;FUN;INC;OK;INC000016356862;Priority 4;NA
FUN;DXE;FUN;INC;OK;INC000016356930;Priority 4;NA
TEC;DCF;FUN;INC;OK;INC000016356948;Priority 3;NA
FUN;LAT;FUN;INC;OK;INC000016357013;Priority 3;NA
CNC;ETH;L1 ;INC;OK;INC000016357517;Priority 4;NA
FUN;EMS;FUN;INC;OK;INC000016357667;Priority 4;NA
APS;EES;APS;INC;Defect;INC000016358480;Priority 3;NA
FUN;LAT;FUN;INC;OK;INC000016358833;Priority 4;NA
SEC;SYN;SEC;INC;OK;INC000016358849;Priority 4;NA
FUN;DXE;FUN;INC;OK;INC000016358901;Priority 4;NA
FUN;BWI;FUN;INC;OK;INC000016359032;Priority 3;NA
APS;ETH;APS;INC;OK;INC000016360105;Priority 3;NA
SCH;LAT;SCH;INC;OK;INC000016362098;Priority 4;NA
L1;812;MON;SR;OK;INC000016362592;Priority 4;NA
FIN;812;FUN;INC;OK;INC000016362853;Priority 3;NA
FUN;812;FUN;INC;OK;INC000016362938;Priority 4;NA
FUN;812;FUN;INC;OK;INC000016363764;Priority 3;NA
FUN;LAT;FUN;INC;OK;INC000016364417;Priority 3;NA
FUN;BWI;FUN;INC;OK;INC000016364484;Priority 4;NA
FUN;812;FUN;INC;OK;INC000016364577;Priority 4;NA
FUN;812;FUN;INC;OK;INC000016365024;Priority 4;NA
FUN;LAT;FUN;SR;OK;INC000016365029;Priority 3;NA
APS;ETH;APS;INC;OK;INC000016365358;Priority 3;NA
MNT;MNT;FUN;INC;OK;INC000016365675;Priority 3;NA
FIN;812;FUN;INC;OK;INC000016365738;Priority 4;NA
DCF;DCF;FUN;INC;OK;INC000016365756;Priority 3;NA
SEC;SYN;SEC;INC;OK;INC000016365959;Priority 4;NA
FUN;ETH;FUN;INC;OK;INC000016365963;Priority 4;NA
FUN;812;FUN;INC;OK;INC000016366042;Priority 4;NA
L1;BWI;L1 ;INC;OK;INC000016366165;Priority 3;NA
SEC;SYN;SEC;INC;OK;INC000016366169;Priority 4;NA
SEC;BWI;SEC;INC;OK;INC000016366288;Priority 4;NA
FUN;ETH;FUN;INC;OK;INC000016366326;Priority 4;NA
FUN;DCF;FUN;INC;OK;INC000016366439;Priority 3;NA
FUN;BWI;FUN;INC;OK;INC000016366477;Priority 3;NA
FUN;BWI;FUN;INC;OK;INC000016366538;Priority 4;NA
FUN;LAT;FUN;INC;OK;INC000016366877;Priority 3;NA
FIN;812;FUN;INC;OK;INC000016369166;Priority 3;NA
L1;EMS;OPS;HK;OK;INC000016369222;Priority 3;NA
FIN;812;FUN;INC;OK;INC000016369500;Priority 4;NA
TEC;DCF;FUN;INC;OK;INC000016369901;Priority 3;NA
APS;ETH;APS;INC;OK;INC000016370221;Priority 4;NA
TEC;DCF;TEC;INC;OK;INC000016370409;Priority 3;NA
FUN;LAT;FUN;INC;OK;INC000016370564;Priority 4;NA
LAT;LAT;FUN;INC;OK;INC000016370598;Priority 4;NA
LAT;LAT;FUN;INC;OK;INC000016370603;Priority 3;NA
FUN;BWI;FUN;INC;OK;INC000016370641;Priority 4;NA
APS;EES;APS;INC;OK;INC000016370997;Priority 3;NA
SEC;SYN;SEC;INC;OK;INC000016371113;Priority 3;NA
FUN;812;FUN;INC;OK;INC000016371121;Priority 3;NA
APS;EES;APS;INC;OK;INC000016371126;Priority 4;NA
L1;812;MON;INC;OK;INC000016371395;Priority 3;NA
FUN;LAT;FUN;INC;OK;INC000016371583;Priority 3;NA
APS;EES;APS;INC;OK;INC000016371621;Priority 3;NA
FUN;DCF;FUN;INC;OK;INC000016371677;Priority 3;NA
TEC;DCF;FUN;INC;OK;INC000016371685;Priority 4;NA
CNC;ETH;CNC;INC;OK;INC000016371737;Priority 4;NA
CNC;MNT;CNC;INC;OK;INC000016371937;Priority 3;NA
FUN;ETH;FUN;INC;OK;INC000016372062;Priority 3;NA
FUN;BWI;FUN;INC;OK;INC000016372557;Priority 4;NA
CNC;BWI;L1 ;INC;OK;INC000016372645;Priority 4;NA
APS;EES;APS;INC;OK;INC000016372956;Priority 3;NA
L1;BWI;L1 ;SR;OK;INC000016373341;Priority 4;NA
L1;BWI;L1 ;INC;OK;INC000016373512;Priority 3;NA
SCH;LAT;SCH;INC;OK;INC000016373667;Priority 4;NA
FUN;BWI;FUN;INC;OK;INC000016373697;Priority 4;NA
FIN;DCF;FUN;INC;OK;INC000016374115;Priority 4;NA
FIN;812;FUN;INC;OK;INC000016374201;Priority 4;NA
OPS;WS;OPS;HK;OK;INC000016374239;Priority 3;NA
FUN;812;FUN;INC;OK;INC000016374801;Priority 4;NA
OPS;WS;OPS;HK;OK;INC000016375047;Priority 3;NA
FUN;LAT;FUN;INC;OK;INC000016375110;Priority 4;NA
SCH;812;SCH;INC;OK;INC000016375611;Priority 3;NA
CNC;812;CNC;INC;OK;INC000016375771;Priority 4;NA
FUN;DCF;FUN;INC;OK;INC000016376058;Priority 3;NA
FUN;ETH;FUN;INC;OK;INC000016376127;Priority 3;NA
TEC;DCF;TEC;INC;OK;INC000016376483;Priority 3;NA
DCF;DCF;FUN;INC;OK;INC000016376818;Priority 3;NA
FUN;LAT;FUN;INC;OK;INC000016376833;Priority 3;NA
FUN;ETH;FUN;INC;OK;INC000016376937;Priority 3;NA
FUN;BWI;FUN;INC;OK;INC000016376985;Priority 3;NA
FUN;BWI;FUN;INC;OK;INC000016377754;Priority 4;NA
FUN;DCF;FUN;INC;OK;INC000016379663;Priority 3;NA
FUN;DCF;FUN;INC;OK;INC000016379879;Priority 3;NA
FUN;DCF;FUN;INC;OK;INC000016380070;Priority 3;NA
FUN;WS;FUN;INC;OK;INC000016380164;Priority 4;NA
OPS;EMS;OPS;HK;OK;INC000016380236;Priority 4;NA
L1;WS;OPS;INC;OK;INC000016380249;Priority 4;NA
FUN;DCF;FUN;INC;OK;INC000016380541;Priority 3;NA
FUN;ETH;FUN;INC;OK;INC000016381283;Priority 3;NA
FUN;DCF;FUN;INC;OK;INC000016383277;Priority 4;NA
FIN;812;FUN;INC;OK;INC000016383289;Priority 4;NA
SEC;812;SEC;INC;OK;INC000016383377;Priority 4;NA
FIN;812;FUN;INC;OK;INC000016383625;Priority 4;NA
DBA;812;DBA;INC;OK;INC000016383722;Priority 3;NA
FIN;812;FUN;INC;OK;INC000016383912;Priority 3;NA
FUN;LAT;FUN;INC;OK;INC000016384335;Priority 3;NA
FIN;812;FUN;INC;OK;INC000016384492;Priority 4;NA
SEC;SYN;SEC;INC;OK;INC000016384793;Priority 3;NA
FUN;812;FUN;INC;OK;INC000016384794;Priority 3;NA
CNC;812;CNC;INC;OK;INC000016384870;Priority 4;NA
TEC;DCF;FUN;INC;OK;INC000016385883;Priority 3;NA
FUN;812;FUN;INC;OK;INC000016386227;Priority 4;NA
FIN;DCF;FUN;INC;OK;INC000016387259;Priority 3;NA
FUN;LAT;FUN;INC;OK;INC000016387957;Priority 4;NA
SEC;DXE;SEC;SR;OK;INC000016388133;Priority 3;NA
FUN;WS;FUN;INC;OK;INC000016390313;Priority 3;NA
FIN;DCF;FUN;INC;OK;INC000016391052;Priority 4;NA
TEC;DCF;TEC;INC;OK;INC000016391450;Priority 3;NA
FUN;LAT;FUN;INC;OK;INC000016391560;Priority 3;NA
FIN;812;FUN;INC;OK;INC000016391571;Priority 3;NA
L1;MNT;MON;SR;OK;INC000016391600;Priority 4;NA
TEC;ETH;FUN;INC;OK;INC000016391981;Priority 4;NA
FUN;LAT;FUN;INC;OK;INC000016392162;Priority 4;NA
SEC;SYN;SEC;INC;OK;INC000016392204;Priority 4;NA
L1;812;MON;SR;OK;INC000016392263;Priority 3;NA
FUN;LAT;FUN;INC;OK;INC000016392301;Priority 4;NA
FUN;BWI;FUN;INC;OK;INC000016393027;Priority 4;NA
SEC;SYN;SEC;INC;OK;INC000016393247;Priority 3;NA
FUN;DCF;FUN;INC;OK;INC000016393254;Priority 4;NA
FUN;EES;FUN;INC;OK;INC000016393301;Priority 4;NA
SEC;812;SEC;SR;OK;INC000016393486;Priority 3;NA
FUN;ETH;FUN;INC;OK;INC000016393654;Priority 3;NA
FUN;BWI;FUN;INC;OK;INC000016393724;Priority 4;NA
FUN;BWI;FUN;INC;OK;INC000016393862;Priority 4;NA
FUN;BWI;FUN;INC;OK;INC000016394284;Priority 3;NA
CNC;DPY;CNC;INC;OK;INC000016394333;Priority 3;NA
APS;EES;APS;INC;OK;INC000016394551;Priority 4;NA
FUN;ETH;FUN;INC;OK;INC000016395035;Priority 4;NA
CNC;EES;CNC;INC;OK;INC000016395037;Priority 3;NA
L1;BWI;L1 ;INC;OK;INC000016395041;Priority 3;NA
L1;BWI;L1 ;INC;OK;INC000016395094;Priority 3;NA
L1;BWI;L1 ;SR;OK;INC000016395849;Priority 4;NA
FUN;DXE;FUN;INC;OK;INC000016396771;Priority 4;NA
FUN;DCF;FUN;INC;OK;INC000016397204;Priority 4;NA
FUN;EES;FUN;INC;OK;INC000016397571;Priority 4;NA
FIN;812;FUN;INC;OK;INC000016397580;Priority 4;NA
FIN;DXE;FUN;INC;OK;INC000016398027;Priority 4;NA
FUN;812;FUN;INC;OK;INC000016398073;Priority 4;NA
FUN;812;FUN;INC;OK;INC000016398143;Priority 4;NA
FIN;812;FUN;INC;OK;INC000016398183;Priority 4;NA
FIN;812;FUN;INC;OK;INC000016398200;Priority 4;NA
FUN;BWI;FUN;INC;OK;INC000016398766;Priority 4;NA
FUN;812;FUN;INC;OK;INC000016398854;Priority 4;NA
FUN;BWI;FUN;INC;OK;INC000016399241;Priority 4;NA
SEC;SYN;SEC;INC;OK;INC000016399729;Priority 4;NA
SEC;SYN;SEC;INC;OK;INC000016400230;Priority 4;NA
SEC;SYN;SEC;INC;OK;INC000016400485;Priority 4;NA
L1;812;MON;SR;OK;INC000016402005;Priority 4;NA
FUN;BWI;FUN;INC;OK;INC000016402572;Priority 4;NA
FIN;812;FUN;INC;OK;INC000016402619;Priority 4;NA
FIN;812;FUN;INC;Defect;INC000016402667;Priority 4;NA
SEC;812;SEC;SR;OK;INC000016402671;Priority 4;NA
FUN;812;FUN;INC;OK;INC000016402891;Priority 4;NA
CNC;812;L1 ;INC;OK;INC000016403101;Priority 4;NA
OPS;EMS;OPS;HK;OK;INC000016403142;Priority 4;NA
FIN;812;FUN;INC;OK;INC000016403192;Priority 4;NA
FIN;812;FUN;INC;OK;INC000016403361;Priority 4;NA
FUN;812;FUN;INC;OK;INC000016403614;Priority 4;NA
FUN;812;FUN;INC;OK;INC000016403642;Priority 4;NA
FIN;812;FUN;INC;OK;INC000016403876;Priority 4;NA
FUN;812;FUN;INC;OK;INC000016404008;Priority 4;NA
FUN;BWI;FUN;INC;OK;INC000016404077;Priority 4;NA
TEC;ETH;FUN;INC;OK;INC000016404442;Priority 4;NA
FUN;812;FUN;INC;Defect;INC000016404594;Priority 4;NA
FIN;LAT;FUN;INC;OK;INC000016404972;Priority 4;NA
FUN;MNT;FUN;SR;OK;INC000016405234;Priority 4;NA
FUN;812;FUN;INC;OK;INC000016405385;Priority 4;NA
FIN;BWI;FUN;INC;OK;INC000016405403;Priority 4;NA
CNC;BWI;L1 ;INC;OK;INC000016405948;Priority 4;NA
CNC;812;CNC;INC;OK;INC000016406059;Priority 4;NA
FUN;BWI;FUN;INC;Defect;INC000016406951;Priority 4;NA
SEC;WS;SEC;INC;OK;INC000016407712;Priority 4;NA
FIN;DCF;FUN;INC;OK;INC000016408020;Priority 4;NA
FUN;DCF;FUN;INC;OK;INC000016408113;Priority 4;NA
FIN;812;FUN;INC;OK;INC000016408131;Priority 4;NA
CNC;MNT;MON;SR;OK;INC000016408756;Priority 4;NA
FUN;BWI;FUN;INC;OK;INC000016409070;Priority 4;NA
SEC;SYN;SEC;INC;OK;INC000016409139;Priority 4;NA
FUN;812;FUN;INC;OK;INC000016409177;Priority 4;NA
OPS;EMS;OPS;HK;OK;INC000016409935;Priority 4;NA
CNC;MNT;MON;SR;OK;INC000016410651;Priority 4;NA
CNC;MNT;FUN;SR;OK;INC000016410763;Priority 4;NA
SEC;SYN;SEC;INC;OK;INC000016411040;Priority 4;NA
FUN;BWI;FUN;INC;Defect;INC000016411361;Priority 4;NA
SCH;LAT;SCH;INC;OK;INC000016411985;Priority 4;NA
SCH;LAT;SCH;INC;OK;INC000016411986;Priority 4;NA
FUN;DCF;FUN;INC;OK;INC000016412573;Priority 4;NA
TEC;ETH;FUN;INC;OK;INC000016412937;Priority 4;NA
SCH;LAT;SCH;INC;OK;INC000016413106;Priority 4;NA
SCH;LAT;SCH;INC;OK;INC000016414808;Priority 4;NA
SCH;LAT;SCH;INC;OK;INC000016414809;Priority 4;NA
SCH;LAT;SCH;INC;OK;INC000016414865;Priority 4;NA
SCH;LAT;SCH;INC;OK;INC000016414866;Priority 4;NA
SCH;LAT;SCH;INC;OK;INC000016414867;Priority 4;NA
SCH;LAT;SCH;INC;OK;INC000016414869;Priority 4;NA
SCH;LAT;SCH;INC;OK;INC000016414876;Priority 4;NA
SCH;LAT;SCH;INC;OK;INC000016414878;Priority 4;NA
SCH;LAT;SCH;INC;OK;INC000016414879;Priority 4;NA
SCH;LAT;SCH;INC;OK;INC000016414880;Priority 4;NA
SCH;LAT;SCH;INC;OK;INC000016414881;Priority 4;NA
SCH;LAT;SCH;INC;OK;INC000016415329;Priority 4;NA
SCH;LAT;SCH;INC;OK;INC000016415330;Priority 4;NA
SEC;CAN;SEC;INC;OK;INC000016415470;Priority 4;NA
FIN;812;FUN;INC;OK;INC000016415849;Priority 4;NA
FIN;812;FUN;INC;OK;INC000016416284;Priority 4;NA
FIN;812;FUN;INC;OK;INC000016416476;Priority 4;NA
APS;DCF;APS;INC;OK;INC000016416526;Priority 4;NA
FIN;812;FUN;INC;OK;INC000016416560;Priority 4;NA
FIN;812;FUN;INC;OK;INC000016416671;Priority 4;NA
APS;ETH;APS;INC;OK;INC000016416914;Priority 4;NA
FIN;812;FUN;INC;OK;INC000016417178;Priority 4;NA
FUN;BWI;FUN;INC;OK;INC000016417185;Priority 4;NA
FIN;812;FUN;INC;OK;INC000016417213;Priority 4;NA
APS;ETH;APS;INC;OK;INC000016417355;Priority 4;NA
FIN;812;FUN;INC;OK;INC000016418475;Priority 4;NA
FUN;BWI;FUN;INC;OK;INC000016418537;Priority 4;NA
FUN;BWI;FUN;INC;OK;INC000016419256;Priority 4;NA
SCH;LAT;SCH;INC;OK;INC000016420917;Priority 4;NA
FUN;812;FUN;INC;OK;INC000016421276;Priority 4;NA
SEC;812;SEC;SR;OK;INC000016421639;Priority 4;NA
FUN;812;FUN;INC;OK;INC000016421920;Priority 4;NA
FUN;812;FUN;INC;OK;INC000016421977;Priority 4;NA
FUN;812;FUN;INC;OK;INC000016422167;Priority 4;NA
CNC;812;MON;INC;OK;INC000016422340;Priority 4;NA
FUN;812;FUN;INC;Defect;INC000016422378;Priority 4;NA
FIN;812;FUN;INC;OK;INC000016422417;Priority 4;NA
FUN;812;FUN;INC;OK;INC000016422760;Priority 4;NA
FIN;812;FUN;INC;OK;INC000016423314;Priority 4;NA
FUN;812;FUN;INC;OK;INC000016423594;Priority 4;NA
SEC;SYN;SEC;INC;OK;INC000016423617;Priority 4;NA
FIN;DCF;FUN;INC;OK;INC000016423975;Priority 4;NA
FIN;812;FUN;INC;OK;INC000016424019;Priority 4;NA
FUN;DCF;FUN;INC;OK;INC000016424521;Priority 4;NA
FIN;BWI;FUN;INC;OK;INC000016424924;Priority 4;NA
L1;MNT;MON;SR;OK;INC000016425476;Priority 4;NA
SEC;SYN;SEC;INC;OK;INC000016425837;Priority 4;NA
SEC;SYN;SEC;INC;OK;INC000016426165;Priority 4;NA
FUN;812;FUN;INC;OK;INC000016426385;Priority 4;NA
FUN;BWI;FUN;INC;OK;INC000016426744;Priority 4;NA
SEC;SYN;SEC;INC;OK;INC000016427231;Priority 3;NA
SCH;LAT;SCH;INC;OK;INC000016427927;Priority 4;NA
TEC;ETH;FUN;INC;OK;INC000016428157;Priority 4;NA
FUN;DXE;FUN;INC;OK;INC000016428195;Priority 4;NA
OPS;EDS;OPS;HK;OK;INC000016428212;Priority 3;NA
FUN;DCF;FUN;INC;OK;INC000016428546;Priority 4;NA
FIN;DCF;FUN;INC;OK;INC000016428679;Priority 4;NA
FUN;812;FUN;INC;OK;INC000016428706;Priority 4;NA
APS;ETH;APS;INC;OK;INC000016428862;Priority 4;NA
FIN;812;FUN;INC;OK;INC000016428876;Priority 4;NA
FIN;DCF;FUN;INC;OK;INC000016428959;Priority 4;NA
DBA;812;DBA;INC;OK;INC000016429069;Priority 3;NA
FIN;812;FUN;INC;OK;INC000016429301;Priority 4;NA
FUN;DCF;FUN;INC;OK;INC000016429488;Priority 3;NA
FUN;812;FUN;INC;OK;INC000016429504;Priority 4;NA
FIN;812;FUN;INC;OK;INC000016429668;Priority 4;NA
FIN;812;FUN;INC;OK;INC000016429779;Priority 4;NA
FUN;812;FUN;INC;OK;INC000016429859;Priority 4;NA
SEC;EES;FUN;INC;OK;INC000016429883;Priority 4;NA
FUN;BWI;FUN;INC;OK;INC000016429918;Priority 4;NA
L1;812;MON;SR;OK;INC000016429923;Priority 4;NA
FUN;812;FUN;INC;OK;INC000016429926;Priority 3;NA
FUN;812;FUN;INC;OK;INC000016429927;Priority 4;NA
FIN;812;FUN;INC;OK;INC000016430140;Priority 3;NA
FIN;812;FUN;INC;OK;INC000016430299;Priority 4;NA
FIN;LAT;FUN;INC;OK;INC000016430449;Priority 4;NA
CNC;MNT;MON;SR;OK;INC000016430471;Priority 4;NA
FUN;DCF;FUN;INC;OK;INC000016430508;Priority 3;NA
FIN;812;FUN;INC;OK;INC000016430512;Priority 4;NA
FUN;812;FUN;INC;OK;INC000016430536;Priority 4;NA
FUN;812;FUN;INC;OK;INC000016430831;Priority 4;NA
FUN;812;FUN;INC;OK;INC000016430869;Priority 4;NA
FUN;DCF;FUN;INC;OK;INC000016431015;Priority 3;NA
FUN;DCF;FUN;INC;OK;INC000016431243;Priority 4;NA
FUN;BWI;FUN;INC;OK;INC000016431320;Priority 4;NA
FUN;BWI;FUN;INC;OK;INC000016431654;Priority 4;NA
FUN;LAT;FUN;INC;OK;INC000016431851;Priority 4;NA
FUN;LAT;FUN;INC;OK;INC000016431937;Priority 3;NA
FUN;812;FUN;INC;OK;INC000016432094;Priority 4;NA
FUN;BWI;FUN;INC;Defect;INC000016432312;Priority 4;NA
L1;BWI;L1 ;INC;OK;INC000016432825;Priority 4;NA
FUN;BWI;FUN;INC;OK;INC000016432953;Priority 3;NA
SEC;ETH;SEC;INC;OK;INC000016432963;Priority 3;NA
FUN;DCF;FUN;INC;OK;INC000016434093;Priority 3;NA
SCH;LAT;SCH;INC;OK;INC000016434110;Priority 4;NA
FUN;DXE;FUN;INC;OK;INC000016434438;Priority 4;NA
FIN;812;FUN;INC;OK;INC000016434447;Priority 3;NA
FIN;812;FUN;INC;OK;INC000016434750;Priority 4;NA
FIN;812;FUN;INC;OK;INC000016434795;Priority 4;NA
FIN;DCF;FUN;INC;OK;INC000016434805;Priority 4;NA
FUN;812;FUN;INC;OK;INC000016434909;Priority 4;NA
FIN;812;FUN;INC;OK;INC000016434922;Priority 4;NA
FIN;812;FUN;INC;OK;INC000016434944;Priority 4;NA
FUN;812;FUN;INC;OK;INC000016434977;Priority 3;NA
CNC;DXE;L1 ;INC;OK;INC000016435176;Priority 4;NA
FUN;LAT;FUN;INC;OK;INC000016435575;Priority 4;NA
FUN;812;FUN;INC;OK;INC000016435750;Priority 3;NA
FUN;LAT;FUN;INC;OK;INC000016435992;Priority 4;NA
SEC;812;SEC;SR;OK;INC000016436074;Priority 4;NA
FUN;LAT;FUN;INC;OK;INC000016436257;Priority 4;NA
FIN;DCF;FUN;INC;OK;INC000016436382;Priority 3;NA
FIN;DXE;FUN;INC;Defect;INC000016436428;Priority 4;NA
FUN;812;FUN;INC;OK;INC000016436434;Priority 4;NA
FIN;812;FUN;INC;OK;INC000016436548;Priority 3;NA
FIN;812;FUN;INC;OK;INC000016436565;Priority 4;NA
SEC;SYN;SEC;INC;OK;INC000016436637;Priority 4;NA
FUN;DCF;FUN;INC;OK;INC000016436676;Priority 4;NA
FUN;812;FUN;INC;OK;INC000016436948;Priority 4;NA
FUN;BWI;FUN;INC;OK;INC000016437005;Priority 4;NA
FUN;LAT;FUN;INC;OK;INC000016437345;Priority 4;NA
FUN;BWI;FUN;INC;OK;INC000016437369;Priority 4;NA
FUN;WS;FUN;INC;Defect;INC000016437435;Priority 4;NA
FUN;BWI;FUN;INC;OK;INC000016437546;Priority 3;NA
FUN;LAT;FUN;INC;OK;INC000016437972;Priority 3;NA
CNC;ETH;CNC;INC;OK;INC000016438307;Priority 3;NA
SEC;SYN;SEC;INC;OK;INC000016438341;Priority 3;NA
FUN;LAT;FUN;INC;OK;INC000016438710;Priority 3;NA
FUN;LAT;FUN;INC;OK;INC000016438717;Priority 4;NA
SEC;SYN;SEC;INC;OK;INC000016439681;Priority 4;NA
FUN;812;FUN;INC;Defect;INC000016440028;Priority 3;NA
FUN;WS;FUN;INC;OK;INC000016440231;Priority 4;NA
FIN;DCF;FUN;INC;OK;INC000016440236;Priority 4;NA
L1;812;MON;SR;OK;INC000016440465;Priority 3;NA
FUN;812;FUN;INC;OK;INC000016440475;Priority 3;NA
FIN;812;FUN;INC;OK;INC000016440865;Priority 4;NA
FUN;LAT;FUN;INC;OK;INC000016441161;Priority 3;NA
FUN;812;FUN;INC;OK;INC000016441165;Priority 3;NA
FIN;812;FUN;INC;OK;INC000016441284;Priority 4;NA
FIN;812;FUN;INC;OK;INC000016441319;Priority 4;NA
FIN;812;FUN;INC;OK;INC000016441361;Priority 3;NA
FIN;812;FUN;INC;OK;INC000016441412;Priority 4;NA
FUN;EES;FUN;INC;OK;INC000016441451;Priority 4;NA
FUN;DCF;FUN;INC;OK;INC000016441621;Priority 4;NA
FUN;LAT;FUN;INC;OK;INC000016441792;Priority 4;NA
FUN;DCF;FUN;INC;OK;INC000016441908;Priority 3;NA
FIN;812;FUN;INC;OK;INC000016441934;Priority 4;NA
SEC;SYN;SEC;INC;OK;INC000016441950;Priority 4;NA
FUN;812;FUN;INC;OK;INC000016441988;Priority 4;NA
FUN;812;FUN;INC;OK;INC000016441991;Priority 4;NA
FIN;812;FUN;INC;OK;INC000016442337;Priority 3;NA
FIN;812;FUN;INC;OK;INC000016442473;Priority 3;NA
FUN;BWI;FUN;INC;OK;INC000016442628;Priority 3;NA
SEC;SYN;SEC;INC;OK;INC000016442714;Priority 3;NA
FUN;BWI;FUN;INC;OK;INC000016442939;Priority 3;NA
TEC;DCF;FUN;INC;OK;INC000016442997;Priority 3;NA
FIN;812;FUN;INC;OK;INC000016443139;Priority 4;NA
L1;MNT;MON;SR;OK;INC000016443445;Priority 3;NA
FIN;812;FUN;INC;OK;INC000016443525;Priority 4;NA
CNC;DPY;CNC;INC;OK;INC000016443633;Priority 3;NA
L1;DCF;CNC;INC;OK;INC000016443757;Priority 4;NA
SCH;LAT;SCH;INC;OK;INC000016444064;Priority 4;NA
FUN;MNT;FUN;INC;OK;INC000016444075;Priority 3;NA
FIN;812;FUN;INC;OK;INC000016444347;Priority 4;NA
FIN;812;FUN;INC;OK;INC000016444356;Priority 4;NA
FIN;812;FUN;INC;OK;INC000016444464;Priority 4;NA
FUN;WS;FUN;INC;OK;INC000016444643;Priority 3;NA
FUN;BWI;FUN;INC;OK;INC000016444788;Priority 3;NA
SEC;BWI;SCH;INC;OK;INC000016444972;Priority 4;NA
L1;LAT;CNC;INC;OK;INC000016445161;Priority 4;NA
FUN;WS;FUN;INC;OK;INC000016445466;Priority 4;NA
FUN;MNT;FUN;INC;OK;INC000016445628;Priority 3;NA
FUN;MNT;FUN;INC;OK;INC000016445655;Priority 3;NA
FUN;MNT;FUN;INC;OK;INC000016445678;Priority 3;NA
OPS;EMS;OPS;HK;OK;INC000016445712;Priority 4;NA
OPS;WS;OPS;HK;OK;INC000016445714;Priority 4;NA
FUN;MNT;FUN;INC;OK;INC000016445738;Priority 3;NA
CNC;MNT;CNC;INC;OK;INC000016445739;Priority 3;NA
FUN;MNT;FUN;INC;OK;INC000016445779;Priority 3;NA
TEC;ETH;FUN;INC;OK;INC000016446003;Priority 4;NA
TEC;ETH;FUN;INC;OK;INC000016446004;Priority 4;NA
TEC;ETH;FUN;INC;OK;INC000016446005;Priority 4;NA
TEC;ETH;FUN;INC;OK;INC000016446232;Priority 4;NA
TEC;ETH;FUN;INC;OK;INC000016446319;Priority 4;NA
SEC;ETH;SEC;INC;OK;INC000016446377;Priority 3;NA
APS;DCF;APS;INC;OK;INC000016447167;Priority 3;NA
SEC;812;SEC;SR;OK;INC000016447332;Priority 4;NA
TEC;DCF;FUN;INC;OK;INC000016448028;Priority 4;NA
L1;MNT;MON;SR;OK;INC000016448093;Priority 4;NA
FUN;812;FUN;INC;OK;INC000016448525;Priority 4;NA
APS;ETH;APS;INC;OK;INC000016448545;Priority 4;NA
FIN;812;INS;INC;OK;INC000016448602;Priority 4;NA
FUN;812;FUN;INC;OK;INC000016448647;Priority 4;NA
FUN;DCF;FUN;INC;OK;INC000016448682;Priority 3;NA
SCH;LAT;SCH;INC;OK;INC000016448920;Priority 4;NA
CNC;812;CNC;INC;OK;INC000016449369;Priority 3;NA
TEC;ETH;FUN;INC;OK;INC000016449456;Priority 4;NA
FUN;EES;FUN;INC;OK;INC000016449508;Priority 3;NA
FUN;BWI;FUN;INC;OK;INC000016449620;Priority 4;NA
L1;812;MON;SR;OK;INC000016449749;Priority 4;NA
FUN;EES;FUN;INC;OK;INC000016449772;Priority 4;NA
FUN;EES;FUN;INC;OK;INC000016449847;Priority 4;NA
FUN;ETH;FUN;INC;OK;INC000016449853;Priority 4;NA
FUN;DCF;FUN;INC;OK;INC000016449859;Priority 3;NA
FUN;812;FUN;INC;OK;INC000016449893;Priority 4;NA
FUN;MNT;FUN;INC;OK;INC000016450045;Priority 3;NA
TEC;ETH;FUN;INC;OK;INC000016450058;Priority 4;NA
TEC;ETH;FUN;INC;OK;INC000016450065;Priority 4;NA
TEC;ETH;FUN;INC;OK;INC000016450067;Priority 4;NA
TEC;ETH;FUN;INC;OK;INC000016450068;Priority 4;NA
TEC;ETH;FUN;INC;OK;INC000016450069;Priority 4;NA
SEC;SYN;SEC;INC;Defect;INC000016450109;Priority 3;NA
SEC;DXE;SEC;SR;OK;INC000016450163;Priority 3;NA
FUN;EES;FUN;INC;OK;INC000016450534;Priority 3;NA
FIN;812;INS;INC;OK;INC000016450591;Priority 4;NA
FUN;ETH;FUN;INC;OK;INC000016450943;Priority 4;NA
FIN;DXE;FUN;INC;OK;INC000016451102;Priority 4;NA
FUN;DCF;FUN;INC;OK;INC000016451314;Priority 3;NA
FUN;MNT;FUN;INC;OK;INC000016451386;Priority 3;NA
FIN;812;FUN;INC;OK;INC000016451419;Priority 3;NA
FUN;812;FUN;INC;OK;INC000016451855;Priority 4;NA
FUN;EES;FUN;INC;OK;INC000016451920;Priority 4;NA
SEC;SYN;SEC;INC;OK;INC000016451948;Priority 4;NA
FUN;DCF;FUN;INC;OK;INC000016452066;Priority 4;NA
APS;ETH;APS;INC;OK;INC000016452068;Priority 4;NA
SEC;SYN;SEC;INC;OK;INC000016452226;Priority 4;NA
FUN;ETH;FUN;INC;OK;INC000016452467;Priority 3;NA
FUN;BWI;FUN;INC;OK;INC000016452686;Priority 3;NA
FIN;LAT;FUN;INC;OK;INC000016452823;Priority 4;NA
FUN;BWI;FUN;INC;OK;INC000016452887;Priority 4;NA
TEC;ETH;FUN;INC;OK;INC000016453163;Priority 4;NA
FIN;812;FUN;INC;OK;INC000016454170;Priority 4;NA
FIN;812;FUN;INC;OK;INC000016454573;Priority 3;NA
FIN;DXE;FUN;INC;OK;INC000016455044;Priority 4;NA
SEC;SYN;SEC;INC;OK;INC000016455116;Priority 3;NA
FIN;812;FUN;INC;OK;INC000016455315;Priority 4;NA
TEC;DCF;FUN;INC;OK;INC000016455324;Priority 3;NA
TEC;DCF;FUN;INC;OK;INC000016455352;Priority 3;NA
FUN;DCF;FUN;SR;OK;INC000016455405;Priority 3;NA
FIN;DCF;FUN;INC;OK;INC000016455619;Priority 4;NA
FUN;812;FUN;INC;OK;INC000016455668;Priority 4;NA
FUN;812;FUN;INC;OK;INC000016455800;Priority 4;NA
FIN;BWI;FUN;INC;OK;INC000016455805;Priority 4;NA
FIN;812;FUN;INC;OK;INC000016455998;Priority 4;NA
FUN;812;FUN;INC;OK;INC000016456049;Priority 4;NA
SEC;SYN;SEC;INC;OK;INC000016456268;Priority 4;NA
SEC;SYN;SEC;INC;OK;INC000016456279;Priority 4;NA
TEC;DCF;FUN;INC;OK;INC000016456431;Priority 3;NA
FUN;812;FUN;INC;Defect;INC000016456480;Priority 4;NA
FUN;812;FUN;INC;OK;INC000016456508;Priority 4;NA
FUN;LAT;FUN;INC;OK;INC000016456626;Priority 3;NA
APS;DCF;APS;INC;OK;INC000016456674;Priority 4;NA
TEC;ETH;FUN;INC;OK;INC000016456705;Priority 4;NA
CNC;MNT;MON;SR;OK;INC000016456728;Priority 4;NA
FUN;812;FUN;INC;OK;INC000016456729;Priority 4;NA
FUN;MNT;FUN;SR;OK;INC000016457048;Priority 3;NA
FUN;ETH;FUN;INC;OK;INC000016457129;Priority 4;NA
FIN;DCF;FUN;INC;OK;INC000016457461;Priority 4;NA
FUN;LAT;FUN;INC;OK;INC000016457575;Priority 4;NA
FUN;BWI;FUN;INC;OK;INC000016457617;Priority 4;NA
FIN;LAT;FUN;INC;OK;INC000016457748;Priority 3;NA
TEC;ETH;FUN;INC;OK;INC000016458377;Priority 4;NA
FUN;LAT;FUN;INC;OK;INC000016458403;Priority 4;NA
TEC;BWI;TEC;INC;Defect;INC000016458899;Priority 3;NA
FIN;812;FUN;INC;OK;INC000016459720;Priority 4;NA
FUN;812;FUN;INC;OK;INC000016459990;Priority 3;NA
FUN;812;FUN;INC;OK;INC000016460045;Priority 3;NA
FUN;812;FUN;INC;OK;INC000016460239;Priority 4;NA
FIN;DCF;FUN;INC;OK;INC000016460463;Priority 3;NA
SEC;812;SEC;SR;OK;INC000016460512;Priority 4;NA
FIN;812;FUN;INC;OK;INC000016460562;Priority 4;NA
FUN;DCF;FUN;INC;OK;INC000016460611;Priority 3;NA
FIN;812;FUN;INC;OK;INC000016460692;Priority 4;NA
FUN;812;FUN;INC;OK;INC000016460718;Priority 3;NA
FIN;812;FUN;INC;OK;INC000016460909;Priority 4;NA
FUN;BWI;FUN;INC;OK;INC000016461587;Priority 4;NA
FUN;812;FUN;INC;OK;INC000016461643;Priority 4;NA
FUN;DCF;FUN;INC;OK;INC000016461735;Priority 4;NA
TEC;DCF;FUN;INC;OK;INC000016461738;Priority 3;NA
FIN;DCF;FUN;INC;OK;INC000016461974;Priority 4;NA
FIN;DCF;FUN;INC;OK;INC000016461997;Priority 3;NA
FUN;BWI;FUN;INC;OK;INC000016462036;Priority 3;NA
FUN;812;FUN;INC;OK;INC000016462053;Priority 3;NA
APS;EES;APS;INC;OK;INC000016462208;Priority 3;NA
SEC;SYN;SEC;INC;OK;INC000016462330;Priority 3;NA
FUN;812;FUN;INC;OK;INC000016462420;Priority 4;NA
FIN;812;FUN;INC;OK;INC000016462426;Priority 4;NA
TEC;DCF;FUN;INC;OK;INC000016462601;Priority 3;NA
FUN;812;FUN;INC;OK;INC000016462640;Priority 3;NA
FIN;LAT;FUN;INC;OK;INC000016462708;Priority 3;NA
CNC;BWI;FUN;INC;OK;INC000016462949;Priority 4;NA
FUN;BWI;FUN;SR;OK;INC000016462972;Priority 4;NA
FUN;LAT;FUN;INC;OK;INC000016463168;Priority 3;NA
FIN;DCF;FUN;INC;OK;INC000016463242;Priority 4;NA
FIN;DCF;FUN;INC;OK;INC000016463276;Priority 4;NA
FUN;LAT;FUN;INC;OK;INC000016463287;Priority 3;NA
FUN;LAT;FUN;INC;OK;INC000016463295;Priority 3;NA
APS;ETH;APS;INC;OK;INC000016463571;Priority 4;NA
SEC;EMS;SEC;SR;OK;INC000016463669;Priority 4;NA
CNC;MNT;MON;SR;OK;INC000016463713;Priority 4;NA
FUN;DCF;FUN;INC;OK;INC000016463761;Priority 2;NA
FUN;MNT;FUN;INC;OK;INC000016463910;Priority 3;NA
TEC;BWI;TEC;INC;Defect;INC000016464169;Priority 3;NA
FUN;DCF;FUN;INC;OK;INC000016465495;Priority 3;NA
L1;812;L1 ;INC;OK;INC000016465768;Priority 3;NA
SEC;812;SEC;SR;OK;INC000016465800;Priority 3;NA
FIN;812;FUN;INC;OK;INC000016465845;Priority 4;NA
DBA;812;DBA;INC;OK;INC000016465904;Priority 3;NA
FIN;DCF;FUN;INC;OK;INC000016465956;Priority 3;NA
FUN;DXE;FUN;INC;OK;INC000016466313;Priority 3;NA
SEC;DCF;SEC;SR;OK;INC000016466393;Priority 3;NA
APS;ETH;APS;INC;OK;INC000016466696;Priority 4;NA
FUN;812;FUN;INC;OK;INC000016467088;Priority 3;NA
FUN;BWI;FUN;INC;OK;INC000016467437;Priority 4;NA
CNC;812;CNC;INC;OK;INC000016467488;Priority 4;NA
L1;812;MON;SR;OK;INC000016467523;Priority 4;NA
TEC;DCF;FUN;INC;OK;INC000016467535;Priority 3;NA
FUN;DCF;FUN;INC;OK;INC000016467811;Priority 3;NA
FUN;DCF;FUN;INC;OK;INC000016467995;Priority 3;NA
SEC;SYN;SEC;INC;OK;INC000016468031;Priority 3;NA
FUN;ETH;FUN;INC;OK;INC000016468139;Priority 3;NA
SEC;SYN;SEC;INC;OK;INC000016468524;Priority 4;NA
FUN;MNT;FUN;INC;OK;INC000016468642;Priority 4;NA
FUN;MNT;FUN;INC;OK;INC000016468658;Priority 3;NA
FUN;DCF;FUN;INC;OK;INC000016468705;Priority 4;NA
FUN;LAT;FUN;INC;OK;INC000016468762;Priority 4;NA
APS;DCF;APS;INC;OK;INC000016468871;Priority 3;NA
FUN;MNT;FUN;INC;OK;INC000016469001;Priority 4;NA
L1;BWI;L1 ;INC;OK;INC000016469351;Priority 3;NA
FUN;DCF;FUN;INC;OK;INC000016470632;Priority 4;NA
FIN;DCF;FUN;INC;OK;INC000016471493;Priority 3;NA
FUN;812;FUN;INC;OK;INC000016471604;Priority 4;NA
FUN;812;FUN;INC;OK;INC000016471644;Priority 4;NA
FIN;812;FUN;INC;OK;INC000016472032;Priority 3;NA
FIN;812;FUN;INC;OK;INC000016472311;Priority 4;NA
FUN;812;FUN;INC;OK;INC000016472527;Priority 4;NA
FUN;812;FUN;INC;OK;INC000016472553;Priority 3;NA
FUN;DCF;FUN;INC;OK;INC000016472729;Priority 3;NA
FIN;812;FUN;INC;OK;INC000016472848;Priority 3;NA
FUN;LAT;FUN;INC;OK;INC000016472914;Priority 4;NA
TEC;DCF;FUN;INC;OK;INC000016472953;Priority 3;NA
FUN;ETH;FUN;INC;OK;INC000016473101;Priority 4;NA
FUN;BWI;FUN;INC;OK;INC000016473109;Priority 4;NA
FUN;EES;FUN;INC;OK;INC000016473165;Priority 4;NA
FUN;BWI;FUN;SR;OK;INC000016473493;Priority 4;NA
FUN;LAT;FUN;INC;OK;INC000016473615;Priority 3;NA
FUN;EES;FUN;INC;OK;INC000016473648;Priority 4;NA
TEC;DCF;FUN;INC;OK;INC000016473664;Priority 3;NA
TEC;DCF;FUN;INC;OK;INC000016473840;Priority 3;NA
FIN;LAT;FUN;INC;OK;INC000016473858;Priority 3;NA
TEC;DCF;FUN;INC;OK;INC000016474070;Priority 3;NA
SEC;SYN;SEC;INC;OK;INC000016474670;Priority 3;NA
CNC;EES;CNC;INC;OK;INC000016475326;Priority 3;NA
SCH;LAT;SCH;INC;OK;INC000016475479;Priority 3;NA
SCH;LAT;SCH;INC;OK;INC000016475480;Priority 3;NA
SCH;LAT;SCH;INC;OK;INC000016475482;Priority 3;NA
SCH;LAT;SCH;INC;OK;INC000016475483;Priority 3;NA
SCH;LAT;SCH;INC;OK;INC000016475484;Priority 3;NA
SCH;LAT;SCH;INC;OK;INC000016475485;Priority 3;NA
SCH;LAT;SCH;INC;OK;INC000016475487;Priority 3;NA
SCH;LAT;SCH;INC;OK;INC000016475488;Priority 3;NA
SEC;BWI;SCH;INC;OK;INC000016476008;Priority 4;NA
L1;EMS;OPS;INC;OK;INC000016476613;Priority 4;NA
SCH;LAT;SCH;INC;OK;INC000016476746;Priority 4;NA
CNC;ETH;CNC;INC;OK;INC000016477573;Priority 4;NA
TEC;ETH;FUN;INC;OK;INC000016477778;Priority 3;NA
TEC;ETH;FUN;INC;OK;INC000016477782;Priority 3;NA
CNC;812;CNC;INC;OK;INC000016478650;Priority 4;NA
FUN;DCF;FUN;INC;OK;INC000016479044;Priority 4;NA
FIN;812;FUN;INC;OK;INC000016479639;Priority 4;NA
SEC;812;SEC;SR;OK;INC000016479681;Priority 3;NA
FIN;DCF;FUN;INC;OK;INC000016479933;Priority 4;NA
FIN;812;FUN;INC;OK;INC000016479964;Priority 4;NA
APS;ETH;APS;INC;OK;INC000016480110;Priority 3;NA
FIN;DCF;FUN;INC;OK;INC000016480198;Priority 3;NA
FUN;812;FUN;INC;OK;INC000016480343;Priority 4;NA
FUN;812;FUN;INC;OK;INC000016480368;Priority 4;NA
FIN;812;FUN;INC;OK;INC000016480697;Priority 4;NA
FIN;812;FUN;INC;OK;INC000016480771;Priority 4;NA
FUN;812;FUN;INC;OK;INC000016480780;Priority 3;NA
FIN;812;FUN;SR;OK;INC000016480860;Priority 4;NA
FUN;WS;FUN;INC;OK;INC000016480875;Priority 4;NA
FIN;812;FUN;INC;OK;INC000016480898;Priority 4;NA
FUN;812;FUN;INC;OK;INC000016480945;Priority 4;NA
CNC;812;CNC;INC;OK;INC000016481001;Priority 3;NA
TEC;DCF;FUN;INC;OK;INC000016481086;Priority 3;NA
FIN;LAT;FUN;INC;OK;INC000016481181;Priority 3;NA
FUN;LAT;FUN;INC;OK;INC000016481266;Priority 3;NA
FUN;DCF;FUN;INC;OK;INC000016481657;Priority 4;NA
FIN;812;FUN;INC;OK;INC000016481667;Priority 4;NA
CNC;812;CNC;INC;OK;INC000016481784;Priority 3;NA
SEC;SYN;SEC;INC;OK;INC000016481801;Priority 4;NA
LEAD;DCF;FUN;INC;OK;INC000016481848;Priority 3;NA
APS;ETH;APS;INC;OK;INC000016481887;Priority 4;NA
TEC;ETH;FUN;INC;OK;INC000016482149;Priority 3;NA
FUN;812;FUN;INC;OK;INC000016482265;Priority 4;NA
SCH;LAT;SCH;INC;OK;INC000016482542;Priority 4;NA
SCH;LAT;SCH;INC;OK;INC000016482543;Priority 3;NA
SCH;LAT;SCH;INC;OK;INC000016482544;Priority 4;NA
SCH;LAT;SCH;INC;OK;INC000016482545;Priority 4;NA
SEC;BWI;SCH;INC;OK;INC000016482644;Priority 3;NA
FIN;DCF;FUN;INC;OK;INC000016482929;Priority 4;NA
FUN;BWI;FUN;INC;OK;INC000016483267;Priority 4;NA
APS;EES;APS;INC;OK;INC000016483371;Priority 4;NA
APS;DCF;APS;INC;OK;INC000016483421;Priority 4;NA
FUN;BWI;FUN;INC;OK;INC000016483746;Priority 3;NA
FUN;BWI;FUN;INC;OK;INC000016483998;Priority 4;NA
FIN;812;FUN;INC;OK;INC000016484059;Priority 4;NA
FUN;ETH;FUN;INC;OK;INC000016484112;Priority 4;NA
L1;BWI;MON;INC;OK;INC000016484223;Priority 4;NA
FUN;812;FUN;INC;OK;INC000016485432;Priority 3;NA
FIN;812;FUN;INC;OK;INC000016485992;Priority 4;NA
FIN;DCF;FUN;INC;OK;INC000016486105;Priority 4;NA
FIN;812;FUN;INC;OK;INC000016486325;Priority 4;NA
FIN;812;FUN;INC;OK;INC000016486410;Priority 3;NA
TEC;DCF;FUN;INC;OK;INC000016486624;Priority 3;NA
FIN;812;FUN;SR;OK;INC000016486880;Priority 4;NA
FIN;LAT;FUN;INC;OK;INC000016487028;Priority 3;NA
FIN;812;FUN;INC;OK;INC000016487094;Priority 4;NA
FUN;DCF;FUN;INC;OK;INC000016487221;Priority 3;NA
FUN;812;FUN;INC;OK;INC000016487389;Priority 4;NA
FUN;DCF;FUN;INC;OK;INC000016487573;Priority 3;NA
CNC;LAT;CNC;INC;OK;INC000016487668;Priority 4;NA
FUN;DXE;FUN;INC;OK;INC000016487725;Priority 3;NA
FUN;BWI;FUN;INC;OK;INC000016487880;Priority 4;NA
SEC;812;SEC;SR;OK;INC000016488087;Priority 4;NA
FUN;DCF;FUN;INC;OK;INC000016488105;Priority 4;NA
FUN;812;FUN;INC;OK;INC000016488426;Priority 3;NA
FUN;812;FUN;INC;OK;INC000016488435;Priority 3;NA
FUN;812;FUN;INC;OK;INC000016488635;Priority 4;NA
SEC;SYN;SEC;INC;OK;INC000016488712;Priority 4;NA
FIN;LAT;FUN;INC;OK;INC000016488893;Priority 4;NA
FUN;812;FUN;INC;OK;INC000016490079;Priority 4;NA
OPS;EMS;OPS;HK;OK;INC000016490142;Priority 3;NA
OPS;EMS;OPS;HK;OK;INC000016491020;Priority 3;NA
FIN;812;FUN;INC;OK;INC000016491777;Priority 4;NA
DBA;812;DBA;INC;OK;INC000016491887;Priority 4;NA
FIN;812;FUN;INC;OK;INC000016491995;Priority 4;NA
FUN;812;FUN;INC;OK;INC000016492251;Priority 4;NA
FUN;812;FUN;INC;OK;INC000016492345;Priority 3;NA
FUN;MNT;FUN;INC;OK;INC000016492484;Priority 3;NA
L1;812;MON;SR;OK;INC000016492514;Priority 4;NA
CNC;812;CNC;INC;OK;INC000016492523;Priority 3;NA
FUN;812;MON;SR;OK;INC000016492555;Priority 4;NA
CNC;BWI;CNC;INC;OK;INC000016492619;Priority 3;NA
TEC;LAT;TEC;INC;OK;INC000016492679;Priority 3;NA
FIN;812;FUN;INC;OK;INC000016493111;Priority 3;NA
FUN;LAT;FUN;INC;OK;INC000016493269;Priority 3;NA
FUN;EES;FUN;INC;OK;INC000016493350;Priority 4;NA
FUN;EES;FUN;INC;OK;INC000016493558;Priority 3;NA
FUN;LAT;FUN;INC;OK;INC000016493696;Priority 4;NA
FUN;BWI;FUN;INC;OK;INC000016493731;Priority 4;NA
FUN;DCF;FUN;INC;OK;INC000016493831;Priority 3;NA
FUN;DCF;FUN;INC;OK;INC000016494114;Priority 3;NA
FUN;WS;FUN;INC;OK;INC000016494297;Priority 3;NA
FUN;BWI;FUN;INC;OK;INC000016494435;Priority 3;NA
FUN;DCF;FUN;INC;OK;INC000016494546;Priority 3;NA
FUN;812;FUN;INC;OK;INC000016494551;Priority 4;NA
CNC;812;L1 ;INC;OK;INC000016494553;Priority 3;NA
FUN;BWI;FUN;INC;OK;INC000016494640;Priority 3;NA
FIN;BWI;FUN;INC;OK;INC000016494740;Priority 4;NA
L1;812;MON;INC;OK;INC000016494858;Priority 3;NA
FUN;BWI;FUN;SR;OK;INC000016495302;Priority 4;NA
FUN;DCF;FUN;INC;OK;INC000016495565;Priority 3;NA
FUN;BWI;FUN;INC;OK;INC000016496499;Priority 3;NA
SEC;DCF;SEC;SR;OK;INC000016496943;Priority 3;NA
FUN;812;FUN;INC;OK;INC000016497222;Priority 4;NA
FUN;DCF;FUN;INC;OK;INC000016498722;Priority 3;NA
FUN;DCF;FUN;INC;OK;INC000016498825;Priority 4;NA
L1;MNT;MON;SR;OK;INC000016498828;Priority 4;NA
SEC;812;SEC;SR;OK;INC000016499067;Priority 3;NA
FIN;812;FUN;INC;OK;INC000016499377;Priority 4;NA
FUN;812;FUN;INC;OK;INC000016499535;Priority 3;NA
FUN;BWI;FUN;INC;OK;INC000016499538;Priority 4;NA
FIN;812;FUN;INC;OK;INC000016499882;Priority 4;NA
FUN;DCF;FUN;INC;OK;INC000016499924;Priority 4;NA
SEC;DCF;SEC;SR;OK;INC000016500088;Priority 4;NA
FIN;812;FUN;INC;OK;INC000016500132;Priority 4;NA
FUN;LAT;FUN;INC;OK;INC000016500197;Priority 3;NA
FUN;LAT;FUN;INC;OK;INC000016500409;Priority 3;NA
SEC;SYN;SEC;INC;OK;INC000016500423;Priority 4;NA
SEC;SYN;SEC;INC;OK;INC000016500445;Priority 4;NA
CNC;812;MON;SR;OK;INC000016500649;Priority 4;NA
FUN;LAT;FUN;INC;OK;INC000016501008;Priority 3;NA
FIN;DXE;FUN;INC;OK;INC000016501370;Priority 3;NA
TEC;ETH;FUN;INC;OK;INC000016501434;Priority 3;NA
SEC;SYN;SEC;INC;OK;INC000016501563;Priority 4;NA
CNC;ETH;CNC;INC;OK;INC000016501600;Priority 3;NA
FUN;EES;FUN;INC;OK;INC000016502006;Priority 4;NA
SEC;SYN;SEC;INC;OK;INC000016502417;Priority 3;NA
FIN;812;FUN;INC;OK;INC000016503145;Priority 4;NA
FIN;812;FUN;INC;OK;INC000016503247;Priority 4;NA
APS;DCF;APS;INC;OK;INC000016503309;Priority 3;NA
FIN;812;FUN;INC;OK;INC000016503492;Priority 3;NA
TEC;DCF;FUN;INC;OK;INC000016503647;Priority 3;NA
FIN;812;FUN;INC;OK;INC000016503766;Priority 3;NA
FUN;LAT;FUN;INC;OK;INC000016503945;Priority 3;NA
SEC;SYN;SEC;INC;OK;INC000016504062;Priority 3;NA
FUN;812;FUN;INC;OK;INC000016504190;Priority 4;NA
FUN;812;FUN;INC;OK;INC000016504252;Priority 4;NA
FUN;BWI;FUN;INC;OK;INC000016504605;Priority 4;NA
FIN;812;FUN;INC;OK;INC000016504965;Priority 4;NA
FUN;BWI;FUN;INC;OK;INC000016504986;Priority 3;NA
FUN;BWI;FUN;INC;OK;INC000016505158;Priority 3;NA
FUN;812;FUN;INC;OK;INC000016505487;Priority 3;NA
TEC;DCF;FUN;INC;OK;INC000016505734;Priority 3;NA
FIN;812;FUN;INC;OK;INC000016505830;Priority 3;NA
FUN;BWI;FUN;INC;OK;INC000016506186;Priority 3;NA
APS;ETH;APS;INC;OK;INC000016506228;Priority 3;NA
APS;ETH;APS;INC;OK;INC000016506229;Priority 3;NA
APS;ETH;APS;INC;OK;INC000016506230;Priority 3;NA
APS;ETH;APS;INC;OK;INC000016506232;Priority 3;NA
APS;ETH;APS;INC;OK;INC000016506233;Priority 3;NA
APS;ETH;APS;INC;OK;INC000016506236;Priority 3;NA
APS;ETH;APS;INC;OK;INC000016506237;Priority 3;NA
FUN;BWI;FUN;INC;OK;INC000016506490;Priority 4;NA
CNC;MNT;MON;SR;OK;INC000016506878;Priority 4;NA
SCH;LAT;SCH;INC;OK;INC000016508201;Priority 3;NA
SCH;LAT;SCH;INC;OK;INC000016508203;Priority 3;NA
SCH;LAT;SCH;INC;OK;INC000016508204;Priority 3;NA
SCH;LAT;SCH;INC;OK;INC000016508208;Priority 3;NA
SCH;LAT;SCH;INC;OK;INC000016508209;Priority 3;NA
SCH;LAT;SCH;INC;OK;INC000016508210;Priority 3;NA
APS;ETH;APS;INC;OK;INC000016508362;Priority 3;NA
APS;ETH;APS;INC;OK;INC000016508438;Priority 3;NA
APS;ETH;APS;INC;OK;INC000016508439;Priority 3;NA
APS;ETH;APS;INC;OK;INC000016508440;Priority 3;NA
FUN;DCF;FUN;INC;OK;INC000016508555;Priority 3;NA
FUN;DCF;FUN;INC;OK;INC000016508587;Priority 3;NA
APS;ETH;APS;INC;OK;INC000016508655;Priority 3;NA
APS;ETH;APS;INC;OK;INC000016508656;Priority 3;NA
FUN;BWI;FUN;INC;OK;INC000016508674;Priority 4;NA
OPS;EMS;OPS;HK;OK;INC000016509327;Priority 4;NA
APS;ETH;APS;INC;OK;INC000016510108;Priority 3;NA
OPS;EDS;OPS;HK;OK;INC000016511810;Priority 3;NA
OPS;EMS;OPS;HK;OK;INC000016511976;Priority 4;NA
OPS;EMS;OPS;HK;OK;INC000016512184;Priority 4;NA
SEC;DCF;SEC;SR;OK;INC000016512408;Priority 3;NA
FIN;DCF;FUN;INC;OK;INC000016512419;Priority 4;NA
SEC;DCF;SEC;SR;OK;INC000016512559;Priority 3;NA
FUN;812;FUN;INC;OK;INC000016512561;Priority 3;NA
L1;DPY;MON;SR;OK;INC000016512564;Priority 4;NA
CNC;812;CNC;INC;OK;INC000016512917;Priority 4;NA
FIN;812;FUN;INC;OK;INC000016512970;Priority 3;NA
FUN;ETH;FUN;INC;OK;INC000016513072;Priority 3;NA
FUN;DCF;FUN;INC;OK;INC000016513115;Priority 4;NA
FUN;DCF;FUN;INC;OK;INC000016513122;Priority 4;NA
CNC;MNT;MON;SR;OK;INC000016513552;Priority 4;NA
FUN;DCF;FUN;INC;OK;INC000016513743;Priority 4;NA
FIN;LAT;FUN;INC;OK;INC000016513872;Priority 3;NA
SEC;SYN;SEC;INC;OK;INC000016514073;Priority 4;NA
SEC;SYN;SEC;INC;OK;INC000016514084;Priority 3;NA
SEC;SYN;SEC;INC;OK;INC000016514100;Priority 3;NA
FUN;ETH;FUN;INC;OK;INC000016514514;Priority 3;NA
FUN;EES;FUN;INC;OK;INC000016514697;Priority 4;NA
APS;EES;APS;INC;OK;INC000016515620;Priority 3;NA
APS;EES;APS;INC;OK;INC000016515644;Priority 3;NA
APS;EES;APS;INC;OK;INC000016515654;Priority 3;NA
SEC;SYN;SEC;INC;OK;INC000016515845;Priority 4;NA
L1;BWI;L1 ;INC;OK;INC000016515849;Priority 3;NA
APS;ETH;APS;INC;OK;INC000016515945;Priority 3;NA
APS;ETH;APS;INC;OK;INC000016515946;Priority 3;NA
APS;ETH;APS;INC;OK;INC000016515948;Priority 3;NA
APS;ETH;APS;INC;OK;INC000016515949;Priority 3;NA
APS;812;APS;INC;OK;INC000016515951;Priority 3;NA
APS;ETH;APS;INC;OK;INC000016515952;Priority 3;NA
APS;ETH;APS;INC;OK;INC000016515953;Priority 3;NA
APS;ETH;APS;INC;OK;INC000016515954;Priority 3;NA
APS;ETH;APS;INC;OK;INC000016515955;Priority 3;NA
APS;ETH;APS;INC;OK;INC000016515956;Priority 3;NA
APS;ETH;APS;INC;OK;INC000016515957;Priority 3;NA
SEC;SYN;SEC;INC;OK;INC000016516582;Priority 3;NA
FUN;BWI;FUN;INC;OK;INC000016516892;Priority 3;NA
FUN;DCF;FUN;INC;OK;INC000016517592;Priority 3;NA
FUN;DCF;FUN;INC;OK;INC000016518515;Priority 4;NA
FUN;DXE;FUN;INC;OK;INC000016518975;Priority 3;NA
L1;ETH;CNC;INC;OK;INC000016519109;Priority 4;NA
FIN;812;FUN;INC;OK;INC000016519252;Priority 4;NA
CNC;MNT;MON;SR;OK;INC000016519491;Priority 4;NA
TEC;DCF;FUN;INC;OK;INC000016519512;Priority 3;NA
FIN;812;FUN;SR;OK;INC000016519562;Priority 3;NA
OPS;EMS;OPS;HK;OK;INC000016520054;Priority 3;NA
FUN;BWI;FUN;INC;OK;INC000016520120;Priority 3;NA
FIN;DXE;FUN;INC;OK;INC000016520337;Priority 3;NA
FUN;EES;FUN;INC;OK;INC000016520579;Priority 4;NA
OPS;WS;OPS;SR;OK;INC000016520672;Priority 3;NA
FUN;DCF;FUN;SR;OK;INC000016521134;Priority 3;NA
FUN;BWI;FUN;INC;OK;INC000016521221;Priority 3;NA
CNC;MNT;MON;SR;OK;INC000016521254;Priority 4;NA
FUN;DCF;FUN;INC;OK;INC000016521381;Priority 3;NA
TEC;ETH;FUN;INC;OK;INC000016521432;Priority 3;NA
FUN;MNT;MON;SR;OK;INC000016521655;Priority 3;NA
FUN;MNT;FUN;INC;OK;INC000016521789;Priority 3;NA
FUN;BWI;FUN;SR;OK;INC000016521848;Priority 3;NA
FUN;MNT;FUN;INC;OK;INC000016521904;Priority 3;NA
CNC;DPY;CNC;INC;OK;INC000016521951;Priority 3;NA
FUN;MNT;FUN;INC;OK;INC000016521995;Priority 3;NA
FUN;MNT;FUN;INC;OK;INC000016522010;Priority 4;NA
APS;ETH;APS;INC;OK;INC000016522662;Priority 4;NA
APS;ETH;APS;INC;OK;INC000016522665;Priority 3;NA
APS;ETH;APS;INC;OK;INC000016522666;Priority 3;NA
APS;ETH;APS;INC;OK;INC000016522668;Priority 3;NA
APS;ETH;APS;INC;OK;INC000016522669;Priority 3;NA
APS;ETH;APS;INC;OK;INC000016522671;Priority 3;NA
CNC;BWI;L1 ;INC;OK;INC000016522885;Priority 4;NA
FUN;ETH;FUN;INC;OK;INC000016523194;Priority 3;NA
SEC;SYN;SEC;INC;OK;INC000016523996;Priority 4;NA
CNC;812;CNC;INC;OK;INC000016524605;Priority 4;NA
CNC;812;CNC;INC;OK;INC000016525216;Priority 3;NA
FIN;DCF;FUN;INC;OK;INC000016525252;Priority 4;NA
FIN;812;FUN;INC;OK;INC000016526244;Priority 4;NA
FUN;DCF;FUN;INC;OK;INC000016526332;Priority 4;NA
TEC;LAT;TEC;INC;OK;INC000016526540;Priority 3;NA
FUN;BWI;FUN;INC;OK;INC000016526600;Priority 4;NA
SEC;SYN;SEC;INC;OK;INC000016526841;Priority 4;NA
FUN;LAT;FUN;INC;OK;INC000016526849;Priority 3;NA
FUN;DCF;FUN;SR;OK;INC000016527146;Priority 3;NA
TEC;DCF;FUN;INC;OK;INC000016527300;Priority 3;NA
FUN;BWI;FUN;INC;OK;INC000016528115;Priority 3;NA
TEC;DCF;FUN;INC;OK;INC000016528163;Priority 3;NA
SEC;SYN;SEC;INC;OK;INC000016528294;Priority 3;NA
APS;ETH;APS;INC;OK;INC000016528474;Priority 4;NA
APS;ETH;APS;INC;OK;INC000016528475;Priority 4;NA
FIN;DXE;FUN;INC;OK;INC000016528482;Priority 4;NA
APS;ETH;APS;INC;OK;INC000016528493;Priority 3;NA
APS;ETH;APS;INC;OK;INC000016528494;Priority 3;NA
APS;ETH;APS;INC;OK;INC000016528495;Priority 3;NA
APS;ETH;APS;INC;OK;INC000016528496;Priority 3;NA
SEC;SYN;SEC;INC;OK;INC000016528771;Priority 4;NA
FUN;ETH;FUN;INC;OK;INC000016528802;Priority 3;NA
CNC;DPY;CNC;INC;OK;INC000016528931;Priority 3;NA
FUN;BWI;FUN;INC;OK;INC000016529025;Priority 3;NA
APS;ETH;APS;INC;OK;INC000016529088;Priority 3;NA
CNC;812;CNC;INC;OK;INC000016530570;Priority 4;NA
DBA;812;DBA;INC;OK;INC000016530915;Priority 3;NA
SEC;DCF;SEC;SR;OK;INC000016531182;Priority 3;NA
SEC;SYN;SEC;INC;OK;INC000016531530;Priority 4;NA
SEC;SYN;SEC;INC;OK;INC000016531578;Priority 4;NA
FUN;812;FUN;INC;OK;INC000016532209;Priority 3;NA
FUN;BWI;FUN;INC;OK;INC000016532690;Priority 4;NA
FIN;812;FUN;INC;OK;INC000016532852;Priority 4;NA
APS;ETH;APS;INC;OK;INC000016534110;Priority 3;NA
APS;ETH;APS;INC;OK;INC000016534111;Priority 3;NA
APS;ETH;APS;INC;OK;INC000016534113;Priority 3;NA
APS;ETH;APS;INC;OK;INC000016534116;Priority 3;NA
APS;ETH;APS;INC;OK;INC000016534119;Priority 3;NA
APS;ETH;APS;INC;OK;INC000016534122;Priority 3;NA
APS;ETH;APS;INC;OK;INC000016534123;Priority 3;NA
APS;ETH;APS;INC;OK;INC000016534125;Priority 3;NA
APS;ETH;APS;INC;OK;INC000016534408;Priority 3;NA
L1;MNT;MON;SR;OK;INC000016534444;Priority 3;NA
CNC;MNT;MON;INC;OK;INC000016535509;Priority 4;NA
FUN;812;FUN;INC;OK;INC000016536010;Priority 4;NA
L1;812;MON;SR;OK;INC000016536019;Priority 4;NA
L1;812;MON;SR;OK;INC000016536034;Priority 4;NA
FUN;DCF;FUN;INC;OK;INC000016536037;Priority 3;NA
APS;ETH;APS;INC;OK;INC000016536212;Priority 4;NA
FUN;EES;FUN;INC;OK;INC000016537162;Priority 4;NA
SEC;SYN;SEC;INC;OK;INC000016537446;Priority 3;NA
L1;BWI;L1 ;SR;OK;INC000016537655;Priority 3;NA
L1;BWI;L1 ;SR;OK;INC000016537898;Priority 3;NA
FUN;LAT;FUN;INC;OK;INC000016538169;Priority 3;NA
L1;BWI;L1 ;SR;OK;INC000016538510;Priority 3;NA
FUN;LAT;FUN;INC;OK;INC000016538648;Priority 3;NA
L1;WS;OPS;INC;OK;INC000016538708;Priority 4;NA
FUN;LAT;FUN;INC;OK;INC000016538763;Priority 3;NA
L1;BWI;L1 ;SR;OK;INC000016538938;Priority 3;NA
APS;812;APS;INC;OK;INC000016539602;Priority 3;NA
APS;812;APS;INC;OK;INC000016539603;Priority 3;NA
APS;812;APS;INC;OK;INC000016539604;Priority 3;NA
CNC;812;CNC;INC;OK;INC000016540550;Priority 3;NA
APS;ETH;APS;INC;OK;INC000016540576;Priority 3;NA
SCH;LAT;SCH;INC;OK;INC000016541200;Priority 4;NA
TEC;ETH;FUN;INC;OK;INC000016541469;Priority 3;NA
TEC;ETH;FUN;INC;OK;INC000016541849;Priority 3;NA
APS;ETH;APS;INC;OK;INC000016542280;Priority 3;NA
APS;ETH;APS;INC;OK;INC000016542281;Priority 3;NA
FIN;812;FUN;INC;OK;INC000016543606;Priority 4;NA
SCH;LAT;SCH;INC;OK;INC000016543618;Priority 4;NA
SCH;LAT;SCH;INC;OK;INC000016543619;Priority 4;NA
SCH;LAT;SCH;INC;OK;INC000016543620;Priority 4;NA
SCH;LAT;SCH;INC;OK;INC000016543621;Priority 4;NA
SCH;LAT;SCH;INC;OK;INC000016543623;Priority 4;NA
SCH;LAT;SCH;INC;OK;INC000016543624;Priority 4;NA
SCH;LAT;SCH;INC;OK;INC000016543625;Priority 4;NA
SCH;LAT;SCH;INC;OK;INC000016543629;Priority 4;NA
FUN;812;FUN;INC;OK;INC000016543808;Priority 4;NA
L1;812;MON;SR;OK;INC000016543964;Priority 4;NA
FUN;812;FUN;INC;OK;INC000016544097;Priority 4;NA
FIN;DCF;FUN;INC;OK;INC000016544258;Priority 4;NA
FIN;812;FUN;INC;OK;INC000016544281;Priority 4;NA
FIN;812;FUN;INC;OK;INC000016544291;Priority 4;NA
FIN;DCF;FUN;INC;OK;INC000016544515;Priority 4;NA
FUN;DXE;FUN;INC;OK;INC000016544765;Priority 4;NA
FUN;DXE;FUN;INC;OK;INC000016544809;Priority 4;NA
FIN;812;FUN;INC;OK;INC000016545211;Priority 4;NA
FIN;812;FUN;INC;OK;INC000016545442;Priority 4;NA
FUN;812;FUN;INC;Defect;INC000016545678;Priority 4;NA
FIN;812;FUN;INC;OK;INC000016545798;Priority 4;NA
FIN;812;FUN;INC;OK;INC000016545844;Priority 4;NA
FIN;DXE;FUN;INC;OK;INC000016545936;Priority 4;NA
0;ETH;FUN;INC;OK;INC000016546338;Priority 4;NA
FUN;DCF;FUN;INC;OK;INC000016546375;Priority 4;NA
FUN;DCF;FUN;INC;OK;INC000016546434;Priority 4;NA
FIN;812;FUN;INC;OK;INC000016546681;Priority 4;NA
SEC;SYN;SEC;INC;OK;INC000016547030;Priority 4;NA
FUN;DXE;FUN;INC;OK;INC000016547053;Priority 4;NA
SEC;DCF;SEC;INC;OK;INC000016547062;Priority 4;NA
SEC;SYN;SEC;INC;OK;INC000016547234;Priority 4;NA
None;ETH;FUN;INC;OK;INC000016547460;Priority 4;NA
FUN;LAT;FUN;INC;OK;INC000016547569;Priority 4;NA
CNC;DPY;CNC;INC;OK;INC000016549531;Priority 4;NA
FUN;DCF;FUN;INC;OK;INC000016549910;Priority 4;NA
FIN;DXE;FUN;INC;OK;INC000016550087;Priority 4;NA
FIN;DXE;FUN;INC;OK;INC000016550143;Priority 4;NA
FUN;812;FUN;INC;Defect;INC000016550325;Priority 4;NA
FIN;812;FUN;INC;OK;INC000016550329;Priority 4;NA
FIN;812;FUN;INC;OK;INC000016550375;Priority 4;NA
APS;DCF;APS;INC;OK;INC000016550856;Priority 4;NA
OPS;WS;OPS;INC;OK;INC000016550966;Priority 4;NA
OPS;EMS;OPS;INC;OK;INC000016550993;Priority 4;NA
FUN;DCF;FUN;INC;OK;INC000016551028;Priority 4;NA
FUN;EES;FUN;INC;OK;INC000016551096;Priority 4;NA
CNC;812;CNC;INC;OK;INC000016551168;Priority 4;NA
DCF;DCF;FUN;SR;OK;INC000016551262;Priority 4;NA
L1;MNT;MON;SR;OK;INC000016551358;Priority 4;NA
FUN;BWI;FUN;INC;OK;INC000016551485;Priority 4;NA
FUN;BWI;FUN;INC;OK;INC000016551500;Priority 4;NA
FUN;EES;FUN;INC;OK;INC000016551788;Priority 4;NA
TEC;ETH;FUN;INC;OK;INC000016551890;Priority 4;NA
FUN;812;FUN;INC;OK;INC000016552304;Priority 4;NA
FUN;812;FUN;INC;OK;INC000016552519;Priority 4;NA
FUN;EMS;FUN;INC;OK;INC000016552610;Priority 4;NA
CNC;812;CNC;INC;OK;INC000016552844;Priority 4;NA
MNT;MNT;FUN;INC;OK;INC000016553552;Priority 4;NA
TEC;ETH;FUN;INC;OK;INC000016555254;Priority 4;NA
FUN;DCF;FUN;INC;OK;INC000016555372;Priority 4;NA
FUN;812;FUN;INC;OK;INC000016555447;Priority 4;NA
FIN;DCF;FUN;INC;OK;INC000016555600;Priority 4;NA
SEC;SYN;SEC;INC;OK;INC000016555960;Priority 4;NA
FIN;812;FUN;INC;OK;INC000016555969;Priority 4;NA
FIN;812;FUN;INC;OK;INC000016556337;Priority 4;NA
FUN;EES;FUN;INC;OK;INC000016556647;Priority 4;NA
FUN;812;FUN;INC;OK;INC000016556929;Priority 4;NA
SEC;SYN;SEC;INC;OK;INC000016557125;Priority 4;NA
TEC;DCF;TEC;INC;OK;INC000016557138;Priority 4;NA
SEC;SYN;SEC;INC;OK;INC000016557171;Priority 4;NA
TEC;ETH;FUN;INC;OK;INC000016557284;Priority 4;NA
FIN;812;FUN;INC;OK;INC000016557439;Priority 4;NA
FUN;DCF;FUN;INC;OK;INC000016557819;Priority 4;NA
FUN;812;FUN;INC;OK;INC000016558177;Priority 4;NA
FUN;BWI;FUN;INC;OK;INC000016558490;Priority 4;NA
APS;ETH;APS;INC;OK;INC000016558684;Priority 4;NA
FUN;BWI;FUN;INC;OK;INC000016558827;Priority 4;NA
FUN;LAT;FUN;INC;OK;INC000016558852;Priority 4;NA
OPS;EMS;OPS;HK;OK;INC000016560126;Priority 4;NA
CNC;812;L1 ;INC;OK;INC000016560225;Priority 4;NA
L1;MNT;MON;SR;OK;INC000016560231;Priority 4;NA
FIN;812;FUN;INC;OK;INC000016560308;Priority 4;NA
FUN;COR;FUN;INC;OK;INC000016560826;Priority 4;NA
FUN;812;FUN;INC;OK;INC000016560827;Priority 4;NA
FIN;DCF;FUN;INC;OK;INC000016560859;Priority 4;NA
SEC;812;SEC;SR;OK;INC000016560864;Priority 4;NA
FIN;812;FUN;INC;OK;INC000016560890;Priority 4;NA
FIN;DCF;FUN;INC;OK;INC000016560983;Priority 4;NA
FIN;812;FUN;INC;OK;INC000016561065;Priority 4;NA
CNC;DPY;CNC;INC;OK;INC000016561076;Priority 4;NA
FUN;WS;FUN;INC;OK;INC000016561220;Priority 4;NA
FUN;WS;FUN;INC;OK;INC000016561225;Priority 4;NA
FIN;812;FUN;INC;OK;INC000016561362;Priority 4;NA
FIN;812;FUN;INC;OK;INC000016561709;Priority 4;NA
FIN;812;FUN;INC;OK;INC000016561921;Priority 4;NA
FIN;812;FUN;INC;OK;INC000016562052;Priority 4;NA
0;ETH;FUN;INC;OK;INC000016562110;Priority 4;NA
FUN;BWI;FUN;INC;OK;INC000016562172;Priority 4;NA
FUN;812;FUN;INC;OK;INC000016562245;Priority 4;NA
FUN;LAT;FUN;INC;OK;INC000016562366;Priority 4;NA
CNC;DXE;CNC;INC;OK;INC000016562369;Priority 4;NA
FIN;812;FUN;INC;Defect;INC000016562429;Priority 4;NA
FIN;812;FUN;INC;OK;INC000016562546;Priority 4;NA
FUN;ETH;FUN;INC;OK;INC000016562916;Priority 4;NA
L1;BWI;L1 ;INC;OK;INC000016562978;Priority 4;NA
FIN;812;FUN;INC;OK;INC000016563010;Priority 4;NA
APS;ETH;APS;INC;OK;INC000016563317;Priority 4;NA
FUN;BWI;FUN;INC;OK;INC000016563934;Priority 4;NA
FUN;ETH;FUN;INC;OK;INC000016563990;Priority 4;NA
FUN;BWI;FUN;INC;OK;INC000016564681;Priority 4;NA
FIN;812;FUN;INC;OK;INC000016565374;Priority 4;NA
FUN;812;FUN;INC;OK;INC000016565601;Priority 4;NA
FUN;812;FUN;INC;OK;INC000016566224;Priority 4;NA
FUN;812;FUN;INC;OK;INC000016566388;Priority 4;NA
CNC;812;CNC;INC;OK;INC000016566491;Priority 4;NA
TEC;ETH;FUN;INC;OK;INC000016566594;Priority 4;NA
FUN;ETH;FUN;INC;OK;INC000016566622;Priority 4;NA
FUN;EES;FUN;INC;OK;INC000016566840;Priority 4;NA
FUN;DCF;FUN;INC;OK;INC000016567020;Priority 4;NA
FUN;BWI;FUN;INC;OK;INC000016567083;Priority 4;NA
CNC;812;CNC;SR;OK;INC000016567238;Priority 4;NA
CNC;EMS;CNC;INC;OK;INC000016567349;Priority 4;NA
DBA;812;DBA;INC;OK;INC000016567753;Priority 4;NA
L1;BWI;L1 ;INC;OK;INC000016568339;Priority 4;NA
SCH;LAT;SCH;INC;OK;INC000016569957;Priority 4;NA
SCH;LAT;SCH;INC;OK;INC000016570241;Priority 4;NA
FUN;812;FUN;INC;Defect;INC000016571376;Priority 4;NA
FUN;LAT;FUN;INC;OK;INC000016572517;Priority 4;NA
TEC;ETH;FUN;INC;OK;INC000016572886;Priority 4;NA
DCF;DCF;FUN;INC;OK;INC000016573252;Priority 3;NA
CNC;812;CNC;INC;OK;INC000016573410;Priority 4;NA
FUN;DXE;FUN;INC;OK;INC000016573479;Priority 4;NA
FUN;DCF;FUN;INC;OK;INC000016573801;Priority 4;NA
SEC;DXE;SEC;SR;OK;INC000016573914;Priority 3;NA
FIN;812;FUN;INC;OK;INC000016574017;Priority 4;NA
FIN;DCF;FUN;INC;OK;INC000016574186;Priority 3;NA
FIN;812;FUN;INC;OK;INC000016574549;Priority 4;NA
CNC;812;CNC;INC;OK;INC000016574553;Priority 3;NA
CNC;812;CNC;INC;OK;INC000016574559;Priority 3;NA
CNC;812;CNC;INC;OK;INC000016574618;Priority 3;NA
CNC;812;CNC;INC;OK;INC000016574715;Priority 4;NA
TEC;DCF;TEC;INC;OK;INC000016574764;Priority 3;NA
FIN;812;FUN;INC;OK;INC000016574816;Priority 3;NA
FIN;812;FUN;INC;OK;INC000016574970;Priority 4;NA
FUN;812;FUN;INC;OK;INC000016575353;Priority 4;NA
FIN;812;FUN;INC;OK;INC000016575448;Priority 4;NA
0;812;FUN;INC;OK;INC000016575852;Priority 4;NA
L1;BWI;L1 ;INC;OK;INC000016575946;Priority 4;NA
CNC;ETH;CNC;INC;OK;INC000016576316;Priority 3;NA
APS;DCF;APS;INC;OK;INC000016576514;Priority 4;NA
FUN;MNT;FUN;INC;OK;INC000016576671;Priority 4;NA
FUN;BWI;FUN;INC;OK;INC000016576740;Priority 4;NA
FIN;812;FUN;INC;OK;INC000016576798;Priority 3;NA
FUN;812;FUN;INC;OK;INC000016576806;Priority 4;NA
FIN;812;FUN;INC;OK;INC000016576858;Priority 3;NA
FUN;812;FUN;SR;OK;INC000016576892;Priority 4;NA
FUN;LAT;FUN;INC;OK;INC000016576976;Priority 3;NA
FUN;BWI;FUN;INC;OK;INC000016577125;Priority 4;NA
APS;ETH;APS;INC;OK;INC000016577340;Priority 4;NA
FUN;BWI;FUN;INC;OK;INC000016578123;Priority 3;NA
FUN;DXE;FUN;INC;OK;INC000016578125;Priority 3;NA
FUN;BWI;FUN;INC;OK;INC000016578912;Priority 3;NA
MNT;MNT;FUN;INC;OK;INC000016579625;Priority 3;NA
MNT;MNT;FUN;INC;OK;INC000016579790;Priority 3;NA
MNT;MNT;FUN;INC;OK;INC000016579901;Priority 3;NA
CNC;MNT;CNC;INC;OK;INC000016579909;Priority 3;NA
MNT;MNT;FUN;INC;OK;INC000016579922;Priority 3;NA
FUN;DXE;FUN;INC;OK;INC000016579968;Priority 4;NA
FUN;DXE;FUN;INC;OK;INC000016579981;Priority 3;NA
MNT;MNT;FUN;INC;OK;INC000016580037;Priority 3;NA
FUN;812;FUN;INC;OK;INC000016580063;Priority 4;NA
MNT;MNT;FUN;INC;OK;INC000016580064;Priority 3;NA
CNC;MNT;CNC;INC;OK;INC000016580311;Priority 3;NA
MNT;MNT;FUN;INC;OK;INC000016580535;Priority 3;NA
FIN;DCF;FUN;INC;OK;INC000016580540;Priority 3;NA
FUN;812;FUN;INC;OK;INC000016580684;Priority 4;NA
MNT;MNT;FUN;INC;OK;INC000016580699;Priority 3;NA
FUN;ETH;FUN;INC;OK;INC000016580851;Priority 4;NA
DBA;812;DBA;INC;OK;INC000016581048;Priority 4;NA
FUN;WS;FUN;INC;OK;INC000016581100;Priority 4;NA
FUN;812;FUN;INC;OK;INC000016581153;Priority 3;NA
FIN;812;FUN;INC;OK;INC000016581633;Priority 4;NA
FUN;BWI;FUN;INC;OK;INC000016582330;Priority 4;NA
FUN;812;FUN;INC;OK;INC000016582389;Priority 4;NA
FUN;LAT;FUN;INC;OK;INC000016582426;Priority 4;NA
CNC;812;CNC;SR;OK;INC000016582461;Priority 3;NA
FIN;812;FUN;INC;OK;INC000016582498;Priority 4;NA
SEC;SYN;SEC;INC;OK;INC000016582528;Priority 3;NA
FIN;812;FUN;INC;OK;INC000016582542;Priority 4;NA
FIN;812;FUN;INC;OK;INC000016582713;Priority 4;NA
FUN;DCF;FUN;INC;OK;INC000016582718;Priority 3;NA
FUN;DCF;FUN;INC;OK;INC000016582905;Priority 3;NA
FIN;812;FUN;INC;OK;INC000016582957;Priority 4;NA
L1;BWI;L1 ;INC;OK;INC000016583409;Priority 4;NA
DCF;DCF;FUN;INC;OK;INC000016583547;Priority 3;NA
FUN;LAT;FUN;INC;OK;INC000016583686;Priority 4;NA
SEC;SYN;SEC;INC;OK;INC000016583701;Priority 3;NA
None;ETH;FUN;INC;OK;INC000016583713;Priority 3;NA
TEC;DCF;TEC;INC;OK;INC000016583810;Priority 3;NA
0;ETH;FUN;INC;OK;INC000016583961;Priority 4;NA
SEC;ETH;SEC;INC;OK;INC000016584285;Priority 4;NA
MNT;MNT;FUN;INC;OK;INC000016584379;Priority 3;NA
None;ETH;FUN;INC;OK;INC000016584485;Priority 3;NA
L1;CRD;MON;INC;OK;INC000016584575;Priority 4;NA
CNC;812;CNC;INC;OK;INC000016585454;Priority 3;NA
DBA;812;DBA;INC;OK;INC000016585831;Priority 4;NA
FIN;812;FUN;INC;OK;INC000016585937;Priority 4;NA
TEC;ETH;FUN;INC;OK;INC000016586016;Priority 4;NA
FUN;812;FUN;INC;OK;INC000016586051;Priority 3;NA
FUN;812;FUN;INC;OK;INC000016586057;Priority 3;NA
L1;812;CNC;SR;OK;INC000016586280;Priority 4;NA
FIN;812;FUN;INC;OK;INC000016586357;Priority 4;NA
CNC;812;CNC;INC;OK;INC000016586492;Priority 3;NA
FIN;812;FUN;INC;OK;INC000016586557;Priority 4;NA
FIN;812;FUN;INC;OK;INC000016586622;Priority 4;NA
FIN;812;FUN;INC;OK;INC000016586667;Priority 4;NA
TEC;DCF;TEC;INC;OK;INC000016586881;Priority 3;NA
FIN;812;FUN;INC;OK;INC000016586970;Priority 4;NA
FIN;812;FUN;INC;OK;INC000016586979;Priority 3;NA
FUN;812;FUN;INC;OK;INC000016586987;Priority 3;NA
FUN;DCF;FUN;INC;OK;INC000016587006;Priority 4;NA
TEC;LAT;TEC;INC;OK;INC000016587041;Priority 3;NA
FUN;812;FUN;INC;OK;INC000016587061;Priority 4;NA
FIN;812;FUN;INC;OK;INC000016587073;Priority 3;NA
CNC;EMS;OPS;INC;OK;INC000016587135;Priority 4;NA
TEC;LAT;TEC;INC;OK;INC000016587366;Priority 3;NA
FIN;812;FUN;INC;OK;INC000016587411;Priority 4;NA
FIN;812;FUN;INC;OK;INC000016587423;Priority 4;NA
CNC;812;CNC;INC;OK;INC000016587441;Priority 4;NA
FUN;812;FUN;INC;OK;INC000016587515;Priority 3;NA
0;812;FUN;INC;OK;INC000016587642;Priority 4;NA
TEC;DCF;TEC;INC;OK;INC000016587755;Priority 4;NA
TEC;DCF;TEC;INC;OK;INC000016588211;Priority 3;NA
FIN;LAT;FUN;INC;OK;INC000016588253;Priority 4;NA
FIN;LAT;FUN;INC;OK;INC000016588271;Priority 4;NA
DCF;DCF;FUN;INC;OK;INC000016588276;Priority 3;NA
L1;BWI;L1 ;INC;OK;INC000016588347;Priority 4;NA
FUN;812;FUN;INC;OK;INC000016588364;Priority 4;NA
TEC;DCF;TEC;INC;OK;INC000016588375;Priority 4;NA
FIN;812;FUN;INC;OK;INC000016588425;Priority 4;NA
SEC;EMS;SEC;INC;OK;INC000016588566;Priority 3;NA
DCF;DCF;FUN;SR;OK;INC000016588586;Priority 3;NA
SEC;EMS;SEC;SR;OK;INC000016588595;Priority 3;NA
TEC;LAT;TEC;INC;OK;INC000016589244;Priority 3;NA
TEC;LAT;TEC;INC;OK;INC000016589269;Priority 4;NA
TEC;ETH;FUN;INC;OK;INC000016589289;Priority 4;NA
TEC;ETH;FUN;INC;OK;INC000016589326;Priority 4;NA
FUN;DCF;FUN;INC;OK;INC000016589718;Priority 3;NA
FUN;BWI;FUN;INC;OK;INC000016589817;Priority 4;NA
DCF;DCF;FUN;INC;OK;INC000016589842;Priority 4;NA
L1;BWI;L1 ;INC;OK;INC000016590966;Priority 3;NA
SEC;812;SEC;SR;OK;INC000016591389;Priority 3;NA
FUN;DCF;FUN;INC;OK;INC000016591943;Priority 3;NA
FIN;DCF;FUN;INC;OK;INC000016592157;Priority 3;NA
FUN;812;FUN;INC;OK;INC000016592239;Priority 3;NA
SEC;DCF;SEC;SR;OK;INC000016592414;Priority 3;NA
FUN;812;FUN;INC;OK;INC000016592479;Priority 3;NA
FIN;DCF;FUN;INC;OK;INC000016592481;Priority 4;NA
SEC;SYN;SEC;INC;OK;INC000016592588;Priority 3;NA
FIN;812;FUN;INC;OK;INC000016592630;Priority 4;NA
L1;MNT;MON;INC;OK;INC000016592728;Priority 3;NA
OPS;WS;OPS;HK;OK;INC000016592802;Priority 3;NA
FUN;DCF;FUN;INC;OK;INC000016593090;Priority 4;NA
FUN;812;FUN;INC;OK;INC000016593161;Priority 4;NA
CNC;812;CNC;INC;OK;INC000016593456;Priority 2;NA
FUN;DCF;FUN;INC;OK;INC000016593581;Priority 3;NA
FUN;LAT;FUN;INC;OK;INC000016593784;Priority 4;NA
FUN;812;FUN;INC;OK;INC000016593823;Priority 3;NA
FUN;812;FUN;INC;OK;INC000016593961;Priority 4;NA
FIN;812;FUN;INC;OK;INC000016594108;Priority 3;NA
FIN;LAT;FUN;INC;OK;INC000016594294;Priority 4;NA
SEC;SYN;SEC;INC;OK;INC000016594585;Priority 3;NA
TEC;ETH;FUN;INC;OK;INC000016594620;Priority 4;NA
FUN;ETH;FUN;INC;OK;INC000016595121;Priority 3;NA
DCF;DCF;FUN;INC;OK;INC000016595237;Priority 3;NA
FUN;ETH;FUN;INC;Defect;INC000016595303;Priority 4;NA
FUN;LAT;FUN;INC;OK;INC000016595433;Priority 3;NA
APS;ETH;APS;INC;OK;INC000016595506;Priority 3;NA
APS;ETH;APS;INC;OK;INC000016595508;Priority 3;NA
APS;ETH;APS;INC;OK;INC000016595510;Priority 3;NA
APS;ETH;APS;INC;OK;INC000016595511;Priority 3;NA
APS;ETH;APS;INC;OK;INC000016595513;Priority 3;NA
APS;ETH;APS;INC;OK;INC000016595514;Priority 3;NA
APS;ETH;APS;INC;OK;INC000016595515;Priority 3;NA
APS;ETH;APS;INC;OK;INC000016595516;Priority 3;NA
FUN;BWI;FUN;INC;OK;INC000016595534;Priority 3;NA
CNC;EES;CNC;INC;OK;INC000016595575;Priority 3;NA
FUN;BWI;FUN;INC;OK;INC000016595793;Priority 3;NA
FUN;DCF;FUN;INC;OK;INC000016596980;Priority 4;NA
FUN;DCF;FUN;INC;OK;INC000016597000;Priority 4;NA
FIN;812;FUN;INC;OK;INC000016597090;Priority 4;NA
L1;812;MON;SR;OK;INC000016597104;Priority 3;NA
FUN;812;FUN;INC;OK;INC000016597161;Priority 3;NA
FUN;812;FUN;INC;OK;INC000016597204;Priority 3;NA
CNC;812;CNC;INC;OK;INC000016597452;Priority 3;NA
CNC;ETH;CNC;INC;OK;INC000016597462;Priority 4;NA
0;812;FUN;INC;OK;INC000016597537;Priority 4;NA
FUN;812;FUN;INC;OK;INC000016597731;Priority 4;NA
FIN;812;FUN;INC;OK;INC000016597747;Priority 4;NA
FUN;812;FUN;INC;OK;INC000016597916;Priority 4;NA
FUN;812;FUN;INC;OK;INC000016597956;Priority 3;NA
FIN;812;FUN;INC;OK;INC000016598032;Priority 4;NA
FUN;812;FUN;INC;OK;INC000016598211;Priority 3;NA
FIN;812;FUN;INC;OK;INC000016598339;Priority 3;NA
CNC;BWI;CNC;SR;OK;INC000016598392;Priority 3;NA
FUN;812;FUN;INC;Defect;INC000016598443;Priority 4;NA
FUN;LAT;FUN;INC;OK;INC000016598475;Priority 2;NA
FIN;812;FUN;INC;OK;INC000016598498;Priority 4;NA
FUN;MNT;FUN;INC;OK;INC000016598513;Priority 3;NA
SEC;DCF;SEC;SR;Defect;INC000016598567;Priority 3;NA
FUN;LAT;FUN;INC;OK;INC000016598636;Priority 4;NA
DCF;DCF;FUN;INC;OK;INC000016598841;Priority 3;NA
FUN;LAT;FUN;INC;OK;INC000016598904;Priority 3;NA
FIN;812;FUN;INC;OK;INC000016598940;Priority 3;NA
FUN;LAT;FUN;INC;OK;INC000016598952;Priority 3;NA
FUN;DCF;FUN;INC;OK;INC000016598967;Priority 4;NA
FUN;DCF;FUN;INC;OK;INC000016599042;Priority 3;NA
0;812;FUN;INC;OK;INC000016599103;Priority 4;NA
DCF;DCF;FUN;INC;OK;INC000016599212;Priority 3;NA
FIN;LAT;FUN;INC;OK;INC000016599317;Priority 4;NA
FUN;LAT;FUN;INC;OK;INC000016599442;Priority 4;NA
FIN;812;FUN;INC;OK;INC000016599505;Priority 4;NA
FIN;812;FUN;INC;OK;INC000016599517;Priority 4;NA
FUN;812;FUN;SR;OK;INC000016599599;Priority 4;NA
APS;EES;APS;INC;OK;INC000016599669;Priority 4;NA
0;812;FUN;INC;OK;INC000016599795;Priority 4;NA
SEC;DXE;SEC;SR;OK;INC000016599818;Priority 3;NA
CNC;LAT;CNC;INC;OK;INC000016599874;Priority 3;NA
FUN;LAT;FUN;INC;OK;INC000016600059;Priority 3;NA
SEC;DXE;SEC;SR;OK;INC000016600081;Priority 3;NA
DCF;DCF;FUN;INC;OK;INC000016600090;Priority 3;NA
FUN;812;FUN;INC;OK;INC000016600343;Priority 4;NA
L1;BWI;L1 ;INC;OK;INC000016600552;Priority 3;NA
SEC;SYN;SEC;INC;OK;INC000016600653;Priority 4;NA
FUN;LAT;FUN;INC;OK;INC000016600961;Priority 3;NA
FIN;812;FUN;INC;OK;INC000016601601;Priority 4;NA
FIN;812;FUN;INC;OK;INC000016601672;Priority 3;NA
FIN;812;FUN;INC;OK;INC000016601729;Priority 4;NA
SCH;LAT;SCH;INC;OK;INC000016601815;Priority 3;NA
SCH;LAT;SCH;INC;OK;INC000016601816;Priority 3;NA
SCH;LAT;SCH;INC;OK;INC000016601817;Priority 3;NA
SCH;LAT;SCH;INC;OK;INC000016601819;Priority 3;NA
SCH;LAT;SCH;INC;OK;INC000016601820;Priority 3;NA
SCH;LAT;SCH;INC;OK;INC000016601822;Priority 3;NA
SCH;LAT;SCH;INC;OK;INC000016601823;Priority 3;NA
SCH;LAT;SCH;INC;OK;INC000016601824;Priority 3;NA
FUN;ETH;FUN;INC;OK;INC000016601860;Priority 3;NA
FIN;812;FUN;INC;OK;INC000016601951;Priority 3;NA
FIN;812;FUN;INC;OK;INC000016602002;Priority 4;NA
CNC;ETH;CNC;INC;OK;INC000016602042;Priority 3;NA
APS;ETH;APS;INC;OK;INC000016602225;Priority 3;NA
FUN;DCF;FUN;INC;OK;INC000016602317;Priority 3;NA
L1;ETH;CNC;INC;OK;INC000016602382;Priority 4;NA
BWI;BWI;FUN;INC;OK;INC000016602525;Priority 3;NA
OPS;EDS;OPS;HK;OK;INC000016602699;Priority 3;NA
OPS;EMS;OPS;HK;OK;INC000016602703;Priority 3;NA
FIN;812;FUN;INC;OK;INC000016602761;Priority 4;NA
FUN;DCF;FUN;INC;OK;INC000016602828;Priority 3;NA
TEC;ETH;FUN;INC;OK;INC000016602963;Priority 4;NA
TEC;ETH;FUN;INC;OK;INC000016602965;Priority 4;NA
FUN;812;FUN;INC;OK;INC000016603114;Priority 4;NA
FUN;DCF;FUN;INC;OK;INC000016603329;Priority 3;NA
BWI;BWI;FUN;INC;OK;INC000016603603;Priority 4;NA
SEC;812;SEC;SR;OK;INC000016604766;Priority 3;NA
DBA;812;DBA;INC;OK;INC000016604772;Priority 3;NA
SEC;812;SEC;SR;OK;INC000016604906;Priority 3;NA
OPS;EMS;OPS;HK;OK;INC000016605043;Priority 3;NA
SEC;MNT;SEC;SR;OK;INC000016605079;Priority 4;NA
FIN;812;FUN;INC;OK;INC000016605084;Priority 4;NA
L1;DCF;CNC;INC;OK;INC000016605175;Priority 3;NA
FIN;812;FUN;INC;OK;INC000016605252;Priority 4;NA
SEC;812;SEC;SR;OK;INC000016605256;Priority 3;NA
SEC;812;SEC;SR;OK;INC000016605510;Priority 3;NA
FUN;EDS;FUN;INC;OK;INC000016605748;Priority 3;NA
DBA;812;DBA;INC;OK;INC000016605779;Priority 3;NA
FUN;DCF;FUN;INC;OK;INC000016605796;Priority 3;NA
FUN;ETH;FUN;INC;OK;INC000016605836;Priority 3;NA
DCF;DCF;FUN;INC;OK;INC000016605905;Priority 3;NA
FUN;LAT;FUN;INC;OK;INC000016606158;Priority 3;NA
CNC;812;CNC;INC;OK;INC000016606325;Priority 3;NA
DCF;DCF;FUN;INC;OK;INC000016606328;Priority 3;NA
FUN;LAT;FUN;INC;OK;INC000016606356;Priority 3;NA
FUN;BWI;FUN;INC;OK;INC000016606412;Priority 4;NA
SEC;812;SEC;SR;OK;INC000016606447;Priority 3;NA
TEC;LAT;TEC;INC;OK;INC000016606488;Priority 3;NA
FUN;DCF;FUN;INC;OK;INC000016606610;Priority 3;NA
SEC;812;SEC;SR;OK;INC000016607468;Priority 4;NA
FUN;LAT;FUN;SR;OK;INC000016607706;Priority 3;NA
FIN;812;FUN;INC;OK;INC000016607770;Priority 3;NA
APS;EES;APS;INC;OK;INC000016607779;Priority 3;NA
CNC;BWI;CNC;INC;OK;INC000016607813;Priority 2;NA
FIN;812;FUN;INC;OK;INC000016607820;Priority 4;NA
LAT;LAT;FUN;INC;OK;INC000016607870;Priority 4;NA
FUN;ETH;FUN;INC;OK;INC000016607990;Priority 3;NA
SEC;SYN;SEC;INC;OK;INC000016608124;Priority 3;NA
TEC;ETH;FUN;INC;OK;INC000016608320;Priority 3;NA
FUN;EES;FUN;INC;OK;INC000016608848;Priority 4;NA
FIN;DCF;FUN;INC;OK;INC000016608957;Priority 3;NA
MNT;MNT;FUN;INC;OK;INC000016609208;Priority 3;NA
CNC;812;CNC;INC;OK;INC000016609570;Priority 3;NA
MNT;MNT;FUN;INC;OK;INC000016609603;Priority 4;NA
TEC;ETH;FUN;INC;OK;INC000016609900;Priority 3;NA
TEC;ETH;FUN;INC;OK;INC000016609901;Priority 3;NA
L1;MNT;MON;SR;OK;INC000016610235;Priority 3;NA
FUN;DXE;FUN;INC;OK;INC000016610318;Priority 4;NA
FIN;812;FUN;INC;OK;INC000016610392;Priority 4;NA
FIN;812;FUN;INC;OK;INC000016610569;Priority 4;NA
FUN;DCF;FUN;INC;OK;INC000016610623;Priority 3;NA
APS;ETH;APS;INC;OK;INC000016610930;Priority 4;NA
CNC;812;L1 ;SR;OK;INC000016610991;Priority 3;NA
FUN;WS;FUN;INC;OK;INC000016611053;Priority 3;NA
FIN;812;FUN;INC;OK;INC000016611104;Priority 3;NA
FIN;812;FUN;INC;OK;INC000016611123;Priority 4;NA
FUN;812;FUN;INC;OK;INC000016611155;Priority 4;NA
FIN;812;FUN;INC;OK;INC000016611251;Priority 4;NA
FIN;812;FUN;INC;OK;INC000016611371;Priority 3;NA
FIN;MNT;FUN;INC;OK;INC000016611447;Priority 3;NA
FUN;812;FUN;INC;OK;INC000016611753;Priority 4;NA
FUN;812;FUN;INC;OK;INC000016612089;Priority 4;NA
FUN;LAT;FUN;INC;OK;INC000016612279;Priority 3;NA
FUN;ETH;FUN;INC;OK;INC000016612383;Priority 4;NA
CNC;ETH;CNC;INC;OK;INC000016612395;Priority 4;NA
FIN;812;FUN;INC;OK;INC000016612551;Priority 4;NA
None;ETH;FUN;INC;OK;INC000016612675;Priority 4;NA
FUN;812;FUN;INC;Defect;INC000016612707;Priority 3;NA
CNC;DCF;CNC;INC;OK;INC000016612718;Priority 4;NA
FIN;812;FUN;INC;OK;INC000016612791;Priority 4;NA
FUN;LAT;FUN;INC;OK;INC000016612826;Priority 4;NA
CNC;ETH;CNC;INC;OK;INC000016612942;Priority 4;NA
FUN;DCF;FUN;INC;OK;INC000016612958;Priority 3;NA
FUN;LAT;FUN;INC;OK;INC000016613186;Priority 4;NA
FUN;LAT;FUN;INC;OK;INC000016613251;Priority 3;NA
FUN;DCF;FUN;INC;OK;INC000016613268;Priority 4;NA
FUN;DCF;FUN;INC;OK;INC000016613300;Priority 3;NA
FUN;812;FUN;INC;OK;INC000016613312;Priority 3;NA
FUN;ETH;FUN;INC;OK;INC000016613396;Priority 3;NA
SEC;SYN;SEC;INC;OK;INC000016613448;Priority 3;NA
CNC;ETH;CNC;SR;OK;INC000016613511;Priority 3;NA
FUN;LAT;FUN;INC;OK;INC000016613604;Priority 4;NA
FUN;ETH;FUN;INC;OK;INC000016613659;Priority 3;NA
FUN;BWI;FUN;INC;OK;INC000016613676;Priority 4;NA
DCF;DCF;FUN;INC;OK;INC000016613684;Priority 3;NA
FUN;BWI;FUN;INC;OK;INC000016613740;Priority 4;NA
L1;BWI;L1 ;SR;OK;INC000016613855;Priority 4;NA
L1;BWI;L1 ;SR;OK;INC000016613907;Priority 4;NA
BWI;BWI;FUN;INC;OK;INC000016613917;Priority 3;NA
FIN;DCF;FUN;SR;OK;INC000016613965;Priority 4;NA
L1;812;MON;SR;OK;INC000016614277;Priority 4;NA
MNT;MNT;FUN;INC;OK;INC000016614497;Priority 3;NA
LEAD;DCF;FUN;INC;OK;INC000016614515;Priority 3;NA
APS;EES;APS;INC;OK;INC000016614759;Priority 3;NA
SCH;LAT;SCH;INC;OK;INC000016615890;Priority 3;NA
None;ETH;FUN;INC;OK;INC000016615897;Priority 3;NA
0;ETH;FUN;INC;OK;INC000016615940;Priority 3;NA
FUN;DXE;FUN;INC;OK;INC000016616229;Priority 4;NA
FUN;812;FUN;INC;OK;INC000016616266;Priority 4;NA
FIN;812;FUN;INC;OK;INC000016616611;Priority 4;NA
CNC;812;CNC;INC;OK;INC000016616612;Priority 4;NA
TEC;DCF;TEC;INC;OK;INC000016617123;Priority 3;NA
CNC;MNT;CNC;INC;OK;INC000016617432;Priority 3;NA
FIN;DCF;FUN;INC;OK;INC000016617592;Priority 4;NA
FUN;BWI;FUN;INC;OK;INC000016617787;Priority 4;NA
FUN;812;FUN;INC;OK;INC000016617822;Priority 4;NA
FUN;BWI;FUN;INC;OK;INC000016617825;Priority 4;NA
None;ETH;FUN;INC;OK;INC000016617921;Priority 4;NA
FUN;812;FUN;INC;OK;INC000016617926;Priority 4;NA
FUN;BWI;FUN;INC;OK;INC000016617991;Priority 4;NA
FUN;DCF;FUN;INC;OK;INC000016618074;Priority 3;NA
FUN;812;FUN;INC;OK;INC000016618161;Priority 4;NA
TEC;ETH;FUN;INC;OK;INC000016618560;Priority 4;NA
MNT;MNT;FUN;INC;OK;INC000016618590;Priority 3;NA
FUN;812;FUN;INC;OK;INC000016618610;Priority 4;NA
APS;ETH;APS;INC;OK;INC000016618716;Priority 4;NA
SEC;SYN;SEC;INC;OK;INC000016618891;Priority 3;NA
FUN;DXE;FUN;INC;OK;INC000016618969;Priority 4;NA
FIN;812;FUN;INC;OK;INC000016618984;Priority 3;NA
FIN;DCF;FUN;INC;OK;INC000016619040;Priority 3;NA
None;ETH;FUN;INC;OK;INC000016619071;Priority 4;NA
DCF;DCF;FUN;INC;OK;INC000016619189;Priority 4;NA
SCH;LAT;SCH;INC;OK;INC000016619190;Priority 4;NA
0;ETH;FUN;INC;OK;INC000016619329;Priority 4;NA
None;ETH;FUN;INC;OK;INC000016619379;Priority 4;NA
TEC;DCF;TEC;INC;OK;INC000016619589;Priority 3;NA
CNC;ETH;CNC;INC;OK;INC000016619644;Priority 4;NA
TEC;ETH;FUN;INC;OK;INC000016619924;Priority 4;NA
DCF;DCF;FUN;INC;OK;INC000016620217;Priority 3;NA
0;ETH;FUN;INC;OK;INC000016620260;Priority 3;NA
DCF;DCF;FUN;INC;OK;INC000016620270;Priority 3;NA
FUN;ETH;FUN;INC;OK;INC000016620428;Priority 4;NA
0;ETH;FUN;INC;OK;INC000016620454;Priority 4;NA
L1;EES;CNC;INC;OK;INC000016621407;Priority 4;NA
MNT;MNT;FUN;INC;OK;INC000016621497;Priority 4;NA
FUN;812;FUN;INC;OK;INC000016622397;Priority 4;NA
FIN;DXE;FUN;INC;OK;INC000016622860;Priority 3;NA
SEC;EMS;SEC;INC;OK;INC000016622871;Priority 4;NA
SCH;LAT;SCH;INC;OK;INC000016623272;Priority 4;NA
SEC;SYN;SEC;INC;OK;INC000016623350;Priority 4;NA
FUN;812;FUN;INC;OK;INC000016623538;Priority 4;NA
FUN;BWI;FUN;INC;OK;INC000016623791;Priority 3;NA
APS;EES;APS;INC;OK;INC000016623857;Priority 3;NA
L1;BWI;L1 ;INC;OK;INC000016624138;Priority 3;NA
FUN;LAT;FUN;INC;OK;INC000016624198;Priority 3;NA
FIN;DCF;FUN;INC;OK;INC000016624550;Priority 3;NA
SEC;812;SEC;SR;OK;INC000016625117;Priority 3;NA
SEC;MNT;SEC;INC;OK;INC000016625503;Priority 4;NA
None;ETH;FUN;INC;OK;INC000016625635;Priority 3;NA
TEC;ETH;FUN;INC;OK;INC000016625698;Priority 4;NA
TEC;DCF;TEC;INC;OK;INC000016625752;Priority 3;NA
FUN;DCF;FUN;INC;OK;INC000016625885;Priority 3;NA
FUN;BWI;FUN;INC;OK;INC000016625935;Priority 3;NA
FUN;EES;FUN;INC;OK;INC000016626228;Priority 4;NA
CNC;BWI;L1 ;INC;OK;INC000016627170;Priority 3;NA
FIN;DCF;FUN;INC;OK;INC000016628254;Priority 3;NA
FUN;ETH;FUN;INC;OK;INC000016628601;Priority 3;NA
FUN;DCF;FUN;INC;OK;INC000016628609;Priority 4;NA
FIN;812;FUN;INC;OK;INC000016628846;Priority 3;NA
FUN;BWI;FUN;INC;OK;INC000016629005;Priority 4;NA
FUN;DCF;FUN;INC;OK;INC000016629059;Priority 3;NA
FUN;812;FUN;INC;OK;INC000016629220;Priority 3;NA
SEC;SYN;SEC;INC;OK;INC000016629296;Priority 3;NA
FUN;BWI;FUN;INC;OK;INC000016629393;Priority 3;NA
None;ETH;FUN;INC;OK;INC000016629473;Priority 3;NA
APS;ETH;APS;INC;OK;INC000016629503;Priority 3;NA
CNC;DCF;CNC;INC;OK;INC000016629516;Priority 3;NA
DCF;DCF;FUN;INC;OK;INC000016629522;Priority 3;NA
FUN;812;FUN;INC;OK;INC000016629576;Priority 3;NA
FIN;812;FUN;INC;OK;INC000016629702;Priority 4;NA
FUN;LAT;FUN;INC;OK;INC000016629828;Priority 3;NA
TEC;LAT;TEC;INC;OK;INC000016629954;Priority 3;NA
FUN;ETH;FUN;INC;OK;INC000016630501;Priority 4;NA
FUN;BWI;FUN;INC;OK;INC000016630584;Priority 4;NA
MNT;MNT;FUN;INC;OK;INC000016630694;Priority 3;NA
FUN;DXE;FUN;INC;OK;INC000016630830;Priority 3;NA
FUN;LAT;FUN;INC;OK;INC000016630885;Priority 3;NA
SEC;SYN;SEC;INC;OK;INC000016631033;Priority 4;NA
FUN;LAT;FUN;INC;OK;INC000016631120;Priority 4;NA
FUN;DCF;FUN;INC;OK;INC000016631140;Priority 3;NA
FUN;ETH;FUN;INC;OK;INC000016631284;Priority 3;NA
DCF;DCF;FUN;INC;OK;INC000016631561;Priority 3;NA
SCH;LAT;SCH;INC;OK;INC000016631989;Priority 3;NA
SCH;LAT;SCH;INC;OK;INC000016631991;Priority 3;NA
CNC;BWI;CNC;INC;OK;INC000016632627;Priority 2;NA
FUN;DCF;FUN;INC;OK;INC000016632670;Priority 3;NA
OPS;WS;OPS;HK;OK;INC000016632797;Priority 3;NA
OPS;WS;OPS;HK;OK;INC000016632807;Priority 3;NA
OPS;WS;OPS;HK;OK;INC000016632808;Priority 3;NA
OPS;EMS;OPS;HK;OK;INC000016633076;Priority 3;NA
APS;ETH;APS;INC;OK;INC000016633132;Priority 3;NA
OPS;EDS;OPS;HK;OK;INC000016633587;Priority 4;NA
FUN;DCF;FUN;INC;OK;INC000016633841;Priority 3;NA
DCF;DCF;FUN;INC;OK;INC000016633887;Priority 3;NA
FUN;BWI;FUN;INC;OK;INC000016634373;Priority 4;NA
0;812;FUN;INC;OK;INC000016634988;Priority 4;NA
CNC;812;CNC;INC;OK;INC000016635091;Priority 3;NA
CNC;812;CNC;INC;OK;INC000016635371;Priority 3;NA
FUN;812;FUN;INC;OK;INC000016635491;Priority 3;NA
FIN;DCF;FUN;INC;OK;INC000016635708;Priority 3;NA
CNC;812;L1 ;INC;OK;INC000016635805;Priority 3;NA
FUN;DXE;FUN;INC;OK;INC000016635991;Priority 4;NA
CNC;812;CNC;INC;OK;INC000016636132;Priority 3;NA
FUN;DCF;FUN;INC;OK;INC000016636190;Priority 3;NA
FIN;DXE;FUN;INC;OK;INC000016636425;Priority 4;NA
TEC;DCF;TEC;INC;OK;INC000016636454;Priority 3;NA
SCH;LAT;SCH;INC;OK;INC000016636486;Priority 4;NA
FUN;DCF;FUN;INC;OK;INC000016636726;Priority 4;NA
SEC;WS;SEC;INC;OK;INC000016636895;Priority 4;NA
FUN;BWI;FUN;INC;OK;INC000016636968;Priority 4;NA
TEC;DCF;TEC;INC;OK;INC000016637145;Priority 4;NA
FUN;DCF;FUN;INC;OK;INC000016637244;Priority 3;NA
FIN;812;FUN;INC;OK;INC000016637347;Priority 3;NA
MNT;MNT;FUN;INC;OK;INC000016637496;Priority 4;NA
SEC;SYN;SEC;INC;OK;INC000016638728;Priority 3;NA
SEC;SYN;SEC;INC;OK;INC000016638734;Priority 3;NA
SEC;SYN;SEC;INC;OK;INC000016639138;Priority 3;NA
CNC;ETH;CNC;INC;OK;INC000016639224;Priority 3;NA
FUN;LAT;FUN;INC;OK;INC000016639465;Priority 4;NA
TEC;ETH;FUN;INC;OK;INC000016639616;Priority 4;NA
FUN;DCF;FUN;INC;OK;INC000016639755;Priority 3;NA
SCH;LAT;SCH;INC;OK;INC000016639763;Priority 4;NA
FUN;LAT;FUN;INC;OK;INC000016639904;Priority 3;NA
FIN;812;FUN;INC;OK;INC000016641346;Priority 4;NA
FUN;DCF;FUN;INC;OK;INC000016641611;Priority 3;NA
FUN;DCF;FUN;INC;OK;INC000016642008;Priority 3;NA
FIN;DCF;FUN;INC;OK;INC000016642695;Priority 4;NA
TEC;DCF;TEC;INC;OK;INC000016642741;Priority 3;NA
FUN;BWI;FUN;INC;OK;INC000016642855;Priority 4;NA
FUN;LAT;FUN;INC;OK;INC000016642893;Priority 4;NA
FUN;BWI;FUN;INC;OK;INC000016642947;Priority 3;NA
FUN;812;FUN;INC;OK;INC000016643212;Priority 3;NA
FUN;EMS;FUN;INC;OK;INC000016643409;Priority 3;NA
FUN;WS;FUN;INC;OK;INC000016643480;Priority 4;NA
OPS;EDS;OPS;HK;OK;INC000016643579;Priority 4;NA
SEC;SYN;SEC;INC;OK;INC000016644299;Priority 3;NA
SEC;SYN;SEC;INC;OK;INC000016644968;Priority 3;NA
FUN;BWI;FUN;INC;OK;INC000016645078;Priority 4;NA
SCH;LAT;SCH;INC;OK;INC000016645317;Priority 4;NA
OPS;EMS;OPS;HK;OK;INC000016645458;Priority 3;NA
FUN;BWI;FUN;INC;OK;INC000016645580;Priority 3;NA
FUN;BWI;FUN;INC;OK;INC000016645701;Priority 4;NA
CNC;BWI;CNC;INC;OK;INC000016646436;Priority 3;NA
TEC;BWI;TEC;INC;OK;INC000016646656;Priority 4;NA
CNC;ETH;CNC;INC;OK;INC000016647141;Priority 4;NA
CNC;812;CNC;INC;OK;INC000016647235;Priority 4;NA
TEC;DCF;TEC;INC;OK;INC000016647733;Priority 3;NA
FUN;812;FUN;INC;OK;INC000016648521;Priority 3;NA
SEC;SYN;SEC;INC;OK;INC000016648850;Priority 4;NA
FUN;LAT;FUN;INC;OK;INC000016649128;Priority 4;NA
L1;BWI;L1 ;INC;OK;INC000016649558;Priority 4;NA
FUN;ETH;FUN;INC;OK;INC000016650240;Priority 3;NA
FUN;DCF;FUN;INC;OK;INC000016650593;Priority 3;NA
CNC;BWI;CNC;INC;OK;INC000016651225;Priority 4;NA
DBA;812;DBA;INC;OK;INC000016651251;Priority 4;NA
DBA;812;DBA;INC;OK;INC000016652466;Priority 4;NA
SEC;DXE;SEC;SR;OK;INC000016652566;Priority 4;NA
FUN;DCF;FUN;INC;OK;INC000016652660;Priority 3;NA
FUN;DCF;FUN;INC;OK;INC000016652943;Priority 3;NA
L1;MNT;MON;SR;OK;INC000016653174;Priority 4;NA
SEC;812;SEC;SR;OK;INC000016653453;Priority 4;NA
L1;MNT;MON;SR;OK;INC000016653771;Priority 4;NA
FUN;812;FUN;INC;OK;INC000016654089;Priority 4;NA
DCF;DCF;FUN;INC;OK;INC000016654237;Priority 3;NA
SEC;SYN;SEC;INC;OK;INC000016654382;Priority 3;NA
FUN;DCF;FUN;INC;OK;INC000016654489;Priority 3;NA
TEC;DCF;TEC;INC;OK;INC000016654521;Priority 3;NA
FUN;812;FUN;INC;OK;INC000016654546;Priority 3;NA
None;ETH;FUN;INC;OK;INC000016654814;Priority 3;NA
SEC;SYN;SEC;INC;OK;INC000016654932;Priority 3;NA
SCH;BWI;SCH;INC;OK;INC000016654947;Priority 4;NA
FUN;BWI;FUN;INC;OK;INC000016655909;Priority 3;NA
CNC;812;CNC;INC;OK;INC000016656271;Priority 3;NA
SEC;812;SEC;SR;OK;INC000016657297;Priority 3;NA
SCH;LAT;SCH;INC;OK;INC000016657461;Priority 4;NA
MNT;MNT;FUN;INC;OK;INC000016657934;Priority 3;NA
SEC;DCF;SEC;INC;OK;INC000016657965;Priority 4;NA
OPS;EMS;OPS;HK;OK;INC000016657987;Priority 3;NA
DCF;DCF;FUN;INC;OK;INC000016658195;Priority 3;NA
FUN;BWI;FUN;INC;OK;INC000016658940;Priority 3;NA
L1;MNT;MON;SR;OK;INC000016659454;Priority 4;NA
SCH;LAT;SCH;INC;OK;INC000016660156;Priority 3;NA
SCH;LAT;SCH;INC;OK;INC000016660157;Priority 4;NA
TEC;DCF;TEC;INC;OK;INC000016660524;Priority 3;NA
L1;ETH;CNC;INC;OK;INC000016660879;Priority 4;NA
SCH;LAT;SCH;INC;OK;INC000016661570;Priority 4;NA
SCH;LAT;SCH;INC;OK;INC000016661571;Priority 4;NA
CNC;BWI;CNC;INC;OK;INC000016661829;Priority 2;NA
L1;MNT;MON;SR;OK;INC000016662096;Priority 4;NA
L1;MNT;MON;INC;OK;INC000016664028;Priority 4;NA
FUN;EES;FUN;INC;OK;INC000016664280;Priority 4;NA
FUN;EES;FUN;INC;OK;INC000016664483;Priority 4;NA
FUN;LAT;FUN;INC;OK;INC000016664795;Priority 4;NA
L1;MNT;MON;SR;OK;INC000016665064;Priority 4;NA
FUN;BWI;FUN;INC;OK;INC000016665387;Priority 4;NA
FUN;LAT;FUN;INC;OK;INC000016665704;Priority 4;NA
MNT;MNT;FUN;INC;OK;INC000016665831;Priority 4;NA
SCH;LAT;SCH;INC;OK;INC000016666120;Priority 4;NA
MNT;MNT;FUN;INC;OK;INC000016666472;Priority 4;NA
FIN;812;FUN;INC;OK;INC000016667996;Priority 4;NA
DXE;DXE;FUN;INC;OK;INC000016668258;Priority 4;NA
FIN;812;FUN;INC;OK;INC000016668275;Priority 4;NA
FUN;BWI;FUN;INC;OK;INC000016668520;Priority 4;NA
CNC;812;CNC;INC;OK;INC000016668535;Priority 4;NA
DXE;DXE;FUN;INC;OK;INC000016669752;Priority 4;NA
FUN;BWI;FUN;INC;OK;INC000016669799;Priority 4;NA
CNC;BWI;L1 ;INC;OK;INC000016669953;Priority 4;NA
FUN;DXE;FUN;INC;OK;INC000016670103;Priority 4;NA
CNC;812;CNC;INC;OK;INC000016670631;Priority 4;NA
DXE;DXE;FUN;INC;OK;INC000016670888;Priority 4;NA
TEC;ETH;FUN;INC;OK;INC000016671102;Priority 4;NA
FUN;LAT;FUN;INC;OK;INC000016671316;Priority 4;NA
FUN;LAT;FUN;INC;OK;INC000016671746;Priority 4;NA
FUN;812;FUN;INC;OK;INC000016672384;Priority 4;NA
SEC;SYN;SEC;INC;OK;INC000016672776;Priority 4;NA
FIN;MNT;FUN;INC;OK;INC000016673984;Priority 4;NA
FUN;812;FUN;INC;OK;INC000016674195;Priority 4;NA
FUN;812;FUN;INC;OK;INC000016674403;Priority 4;NA
DCF;DCF;FUN;INC;OK;INC000016674498;Priority 4;NA
FIN;812;FUN;INC;OK;INC000016674541;Priority 4;NA
DCF;DCF;FUN;INC;OK;INC000016674788;Priority 4;NA
FUN;812;FUN;INC;OK;INC000016675042;Priority 4;NA
FUN;812;FUN;INC;OK;INC000016675109;Priority 4;NA
FIN;812;FUN;INC;OK;INC000016675319;Priority 4;NA
FUN;812;FUN;INC;OK;INC000016675323;Priority 4;NA
FUN;812;FUN;INC;OK;INC000016675568;Priority 4;NA
FUN;812;FUN;INC;OK;INC000016675581;Priority 4;NA
FIN;812;FUN;INC;OK;INC000016675781;Priority 4;NA
FIN;812;FUN;INC;OK;INC000016675831;Priority 4;NA
FIN;812;FUN;INC;OK;INC000016675865;Priority 4;NA
FUN;812;FUN;INC;OK;INC000016676103;Priority 4;NA
CNC;BWI;L1 ;INC;OK;INC000016676458;Priority 4;NA
DBA;812;DBA;INC;OK;INC000016676737;Priority 4;NA
APS;ETH;APS;INC;OK;INC000016677091;Priority 4;NA
FIN;812;FUN;INC;Defect;INC000016677531;Priority 4;NA
L1;MNT;MON;SR;OK;INC000016677722;Priority 4;NA
FUN;ETH;FUN;INC;OK;INC000016678195;Priority 4;NA
L1;ETH;CNC;INC;OK;INC000016678243;Priority 4;NA
FUN;ETH;FUN;INC;OK;INC000016678448;Priority 4;NA
FUN;ETH;FUN;INC;OK;INC000016679401;Priority 4;NA
FUN;812;FUN;INC;OK;INC000016679704;Priority 4;NA
DBA;812;DBA;INC;OK;INC000016679884;Priority 4;NA
SCH;LAT;SCH;INC;OK;INC000016680194;Priority 4;NA
FUN;812;FUN;INC;OK;INC000016680560;Priority 4;NA
SEC;812;SEC;SR;OK;INC000016680956;Priority 4;NA
DCF;DCF;FUN;INC;OK;INC000016681266;Priority 4;NA
L1;812;CNC;INC;OK;INC000016681604;Priority 4;NA
FIN;DXE;FUN;INC;OK;INC000016681853;Priority 4;NA
L1;812;MON;SR;OK;INC000016682144;Priority 4;NA
L1;812;MON;SR;OK;INC000016682887;Priority 4;NA
FUN;LAT;FUN;INC;OK;INC000016683024;Priority 4;NA
FUN;BWI;FUN;INC;Defect;INC000016683437;Priority 4;NA
FUN;812;FUN;INC;OK;INC000016683546;Priority 4;NA
FUN;ETH;FUN;INC;OK;INC000016684864;Priority 4;NA
TEC;ETH;FUN;INC;OK;INC000016684871;Priority 4;NA
FIN;DCF;FUN;INC;OK;INC000016685288;Priority 4;NA
FIN;812;FUN;INC;OK;INC000016685326;Priority 4;NA
FUN;812;FUN;INC;OK;INC000016685516;Priority 4;NA
CNC;812;CNC;INC;OK;INC000016685588;Priority 4;NA
FIN;812;FUN;INC;OK;INC000016685815;Priority 4;NA
FIN;812;FUN;INC;OK;INC000016685908;Priority 4;NA
FUN;812;FUN;INC;OK;INC000016686416;Priority 4;NA
FIN;812;FUN;INC;OK;INC000016686493;Priority 4;NA
CNC;812;CNC;INC;OK;INC000016686496;Priority 4;NA
APS;ETH;APS;INC;OK;INC000016686615;Priority 4;NA
FIN;812;FUN;INC;OK;INC000016686806;Priority 4;NA
FUN;812;FUN;INC;OK;INC000016686862;Priority 4;NA
FUN;812;FUN;INC;OK;INC000016686930;Priority 4;NA
FUN;ETH;FUN;INC;OK;INC000016687147;Priority 4;NA
FIN;812;FUN;INC;OK;INC000016687315;Priority 4;NA
FIN;812;FUN;INC;OK;INC000016687356;Priority 4;NA
FIN;812;FUN;INC;OK;INC000016687395;Priority 4;NA
FUN;812;FUN;INC;OK;INC000016687476;Priority 4;NA
FUN;BWI;FUN;INC;OK;INC000016687736;Priority 4;NA
FUN;BWI;FUN;INC;OK;INC000016688587;Priority 4;NA
SEC;SYN;SEC;INC;OK;INC000016688824;Priority 4;NA
SCH;LAT;SCH;INC;OK;INC000016689368;Priority 4;NA
TEC;DCF;TEC;INC;OK;INC000016689450;Priority 4;NA
SCH;LAT;SCH;INC;OK;INC000016690842;Priority 4;NA
MNT;MNT;FUN;INC;OK;INC000016692400;Priority 3;NA
MNT;MNT;FUN;INC;OK;INC000016692420;Priority 3;NA
MNT;MNT;FUN;INC;OK;INC000016692471;Priority 3;NA
FIN;DCF;FUN;INC;OK;INC000016692508;Priority 4;NA
MNT;MNT;FUN;INC;OK;INC000016692677;Priority 3;NA
FUN;MNT;FUN;INC;OK;INC000016692875;Priority 4;NA
MNT;MNT;FUN;INC;OK;INC000016692885;Priority 3;NA
MNT;MNT;FUN;INC;OK;INC000016692931;Priority 3;NA
L1;BWI;MON;INC;OK;INC000016693069;Priority 4;NA
DCF;DCF;FUN;INC;OK;INC000016693553;Priority 3;NA
DCF;DCF;FUN;INC;OK;INC000016693566;Priority 4;NA
TEC;DCF;TEC;INC;OK;INC000016693588;Priority 3;NA
FUN;812;FUN;INC;OK;INC000016693589;Priority 3;NA
SEC;DXE;SEC;SR;OK;INC000016693594;Priority 3;NA
TEC;DCF;TEC;INC;OK;INC000016693723;Priority 3;NA
DCF;DCF;FUN;INC;OK;INC000016693875;Priority 4;NA
DXE;DXE;FUN;INC;OK;INC000016693897;Priority 4;NA
FIN;DXE;FUN;INC;OK;INC000016694042;Priority 4;NA
APS;ETH;APS;INC;OK;INC000016694130;Priority 4;NA
FIN;812;FUN;INC;OK;INC000016694380;Priority 3;NA
FUN;BWI;FUN;INC;OK;INC000016694556;Priority 3;NA
FUN;BWI;FUN;INC;OK;INC000016694591;Priority 3;NA
FIN;DXE;FUN;INC;OK;INC000016694624;Priority 4;NA
APS;ETH;APS;INC;OK;INC000016694827;Priority 4;NA
FUN;BWI;FUN;INC;OK;INC000016695119;Priority 3;NA
FUN;LAT;FUN;INC;OK;INC000016695200;Priority 3;NA
DCF;DCF;FUN;INC;OK;INC000016695287;Priority 3;NA
CNC;MNT;MON;SR;OK;INC000016695331;Priority 4;NA
CNC;MNT;MON;SR;OK;INC000016695418;Priority 4;NA
FUN;812;FUN;INC;Defect;INC000016695434;Priority 4;NA
FUN;BWI;FUN;INC;OK;INC000016695658;Priority 3;NA
FUN;DXE;FUN;INC;OK;INC000016695858;Priority 3;NA
FUN;LAT;FUN;INC;OK;INC000016696218;Priority 3;NA
FUN;ETH;FUN;INC;OK;INC000016696872;Priority 3;NA
SEC;SYN;SEC;INC;OK;INC000016696977;Priority 3;NA
FUN;812;FUN;INC;OK;INC000016697562;Priority 4;NA
SEC;SYN;SEC;INC;OK;INC000016698076;Priority 3;NA
DBA;812;DBA;INC;OK;INC000016699158;Priority 3;NA
FUN;812;FUN;INC;Defect;INC000016699273;Priority 4;NA
CNC;812;CNC;INC;OK;INC000016699303;Priority 4;NA
FIN;812;FUN;INC;OK;INC000016699504;Priority 4;NA
DCF;DCF;FUN;INC;OK;INC000016699597;Priority 3;NA
DCF;DCF;FUN;INC;OK;INC000016699638;Priority 4;NA
DCF;DCF;FUN;INC;OK;INC000016699737;Priority 3;NA
FUN;812;FUN;INC;OK;INC000016699776;Priority 4;NA
DCF;DCF;FUN;INC;OK;INC000016699795;Priority 4;NA
DCF;DCF;FUN;INC;OK;INC000016699818;Priority 4;NA
FUN;812;FUN;INC;OK;INC000016700082;Priority 4;NA
FIN;812;FUN;INC;OK;INC000016700277;Priority 3;NA
FUN;812;FUN;INC;OK;INC000016700289;Priority 4;NA
FIN;812;FUN;INC;OK;INC000016700302;Priority 4;NA
FUN;LAT;FUN;SR;OK;INC000016700328;Priority 3;NA
FIN;812;FUN;INC;OK;INC000016700349;Priority 3;NA
FUN;812;FUN;INC;OK;INC000016700437;Priority 4;NA
FUN;MNT;FUN;INC;OK;INC000016700663;Priority 3;NA
FUN;812;FUN;INC;OK;INC000016701050;Priority 3;NA
FIN;812;FUN;INC;OK;INC000016701087;Priority 4;NA
FUN;812;FUN;INC;Defect;INC000016701151;Priority 3;NA
CNC;BWI;L1 ;SR;OK;INC000016701402;Priority 4;NA
FUN;MNT;FUN;INC;OK;INC000016701419;Priority 3;NA
FIN;812;FUN;INC;OK;INC000016701447;Priority 3;NA
DCF;DCF;FUN;INC;OK;INC000016701517;Priority 4;NA
FUN;DXE;FUN;INC;OK;INC000016701602;Priority 3;NA
FUN;BWI;FUN;INC;OK;INC000016701769;Priority 3;NA
FUN;812;FUN;INC;OK;INC000016701925;Priority 3;NA
L1;MNT;MON;SR;OK;INC000016702210;Priority 4;NA
L1;812;MON;SR;OK;INC000016702373;Priority 4;NA
FUN;BWI;FUN;INC;OK;INC000016702638;Priority 4;NA
FUN;ETH;FUN;INC;OK;INC000016702972;Priority 4;NA
SEC;SYN;SEC;INC;OK;INC000016703377;Priority 4;NA
FUN;EES;FUN;INC;OK;INC000016703431;Priority 4;NA
CNC;812;CNC;INC;OK;INC000016704366;Priority 3;NA
SEC;EMS;SEC;INC;OK;INC000016704924;Priority 3;NA
FUN;812;FUN;INC;OK;INC000016705007;Priority 3;NA
CNC;812;CNC;INC;OK;INC000016705136;Priority 3;NA
FUN;812;FUN;INC;OK;INC000016705160;Priority 4;NA
CNC;812;CNC;INC;OK;INC000016705200;Priority 3;NA
FIN;812;FUN;INC;OK;INC000016705374;Priority 4;NA
DCF;DCF;FUN;INC;OK;INC000016705444;Priority 4;NA
FIN;812;FUN;INC;OK;INC000016705630;Priority 4;NA
FUN;812;FUN;INC;OK;INC000016705659;Priority 3;NA
TEC;DCF;TEC;INC;OK;INC000016705684;Priority 4;NA
DCF;DCF;FUN;INC;OK;INC000016705702;Priority 4;NA
FIN;812;FUN;INC;OK;INC000016705817;Priority 4;NA
DCF;DCF;FUN;INC;OK;INC000016705826;Priority 3;NA
DCF;DCF;FUN;INC;OK;INC000016705885;Priority 3;NA
SEC;DXE;SEC;SR;OK;INC000016705991;Priority 3;NA
FUN;DXE;FUN;INC;OK;INC000016706238;Priority 4;NA
FUN;812;FUN;INC;OK;INC000016706375;Priority 3;NA
BWI;BWI;FUN;INC;OK;INC000016706564;Priority 4;NA
FUN;BWI;FUN;INC;OK;INC000016706805;Priority 4;NA
TEC;DCF;TEC;INC;OK;INC000016706897;Priority 3;NA
DCF;DCF;FUN;INC;OK;INC000016706969;Priority 4;NA
FIN;DXE;FUN;INC;OK;INC000016706972;Priority 4;NA
OPS;EMS;OPS;HK;OK;INC000016706979;Priority 4;NA
FUN;812;FUN;INC;OK;INC000016707053;Priority 4;NA
FUN;812;FUN;INC;OK;INC000016707229;Priority 3;NA
FUN;812;FUN;INC;OK;INC000016707319;Priority 4;NA
FUN;MNT;FUN;INC;OK;INC000016707404;Priority 4;NA
SEC;SYN;SEC;INC;OK;INC000016707545;Priority 4;NA
TEC;ETH;FUN;INC;OK;INC000016707569;Priority 3;NA
FUN;BWI;FUN;INC;OK;INC000016707587;Priority 3;NA
FIN;812;FUN;INC;OK;INC000016707606;Priority 3;NA
FUN;EMS;FUN;INC;OK;INC000016707618;Priority 3;NA
FIN;LAT;FUN;INC;OK;INC000016708057;Priority 3;NA
TEC;ETH;FUN;INC;OK;INC000016708348;Priority 3;NA
FIN;812;FUN;INC;OK;INC000016708389;Priority 3;NA
FIN;LAT;FUN;INC;OK;INC000016708750;Priority 4;NA
TEC;LAT;TEC;INC;OK;INC000016708841;Priority 4;NA
SEC;SYN;SEC;INC;OK;INC000016708847;Priority 3;NA
FUN;LAT;FUN;INC;OK;INC000016708886;Priority 4;NA
FUN;EES;FUN;INC;OK;INC000016708913;Priority 4;NA
FIN;BWI;FUN;INC;OK;INC000016709262;Priority 4;NA
FUN;LAT;FUN;INC;OK;INC000016709362;Priority 3;NA
FIN;LAT;FUN;INC;OK;INC000016709634;Priority 4;NA
FIN;812;FUN;INC;OK;INC000016710787;Priority 4;NA
FIN;812;FUN;INC;OK;INC000016710905;Priority 4;NA
FUN;DXE;FUN;INC;OK;INC000016711052;Priority 4;NA
FUN;812;FUN;INC;OK;INC000016711085;Priority 3;NA
FUN;812;FUN;INC;Defect;INC000016711114;Priority 4;NA
SEC;DXE;SEC;SR;OK;INC000016711402;Priority 4;NA
FUN;812;FUN;INC;OK;INC000016711617;Priority 4;NA
FUN;812;FUN;INC;OK;INC000016711648;Priority 4;NA
FIN;812;FUN;INC;OK;INC000016711749;Priority 3;NA
FIN;812;FUN;INC;OK;INC000016711885;Priority 3;NA
FIN;812;FUN;INC;OK;INC000016711952;Priority 4;NA
FUN;812;FUN;INC;OK;INC000016712037;Priority 4;NA
FUN;DXE;FUN;INC;OK;INC000016712075;Priority 4;NA
FUN;BWI;FUN;INC;OK;INC000016712268;Priority 4;NA
FUN;MNT;FUN;INC;OK;INC000016712280;Priority 3;NA
TEC;DCF;TEC;INC;OK;INC000016712471;Priority 3;NA
FUN;LAT;FUN;INC;OK;INC000016712481;Priority 4;NA
DCF;DCF;FUN;INC;OK;INC000016712501;Priority 4;NA
FUN;812;FUN;INC;Defect;INC000016712503;Priority 4;NA
FUN;812;FUN;INC;Defect;INC000016712561;Priority 4;NA
FUN;812;FUN;INC;OK;INC000016712598;Priority 4;NA
DXE;DXE;FUN;INC;OK;INC000016712629;Priority 4;NA
FUN;EES;FUN;INC;OK;INC000016712837;Priority 4;NA
SEC;812;SEC;SR;OK;INC000016712934;Priority 4;NA
FUN;LAT;FUN;INC;OK;INC000016712975;Priority 3;NA
FIN;812;FUN;INC;OK;INC000016712979;Priority 4;NA
FIN;812;FUN;INC;OK;INC000016713012;Priority 4;NA
FUN;LAT;FUN;INC;OK;INC000016713021;Priority 3;NA
FUN;812;FUN;INC;OK;INC000016713095;Priority 4;NA
L1;DPY;CNC;INC;OK;INC000016713255;Priority 4;NA
FUN;MNT;FUN;INC;OK;INC000016713343;Priority 3;NA
CNC;LAT;CNC;INC;OK;INC000016714531;Priority 3;NA
FUN;MNT;FUN;INC;OK;INC000016714541;Priority 4;NA
FUN;MNT;FUN;INC;OK;INC000016714588;Priority 4;NA
CNC;812;CNC;INC;OK;INC000016715021;Priority 3;NA
BWI;BWI;FUN;INC;OK;INC000016715097;Priority 3;NA
DXE;DXE;FUN;INC;OK;INC000016716209;Priority 4;NA
FIN;812;FUN;INC;OK;INC000016716458;Priority 4;NA
FIN;812;FUN;INC;OK;INC000016716595;Priority 4;NA
DCF;DCF;FUN;INC;OK;INC000016716608;Priority 3;NA
FUN;812;FUN;INC;OK;INC000016716683;Priority 3;NA
APS;EES;APS;INC;OK;INC000016716790;Priority 4;NA
FUN;812;FUN;INC;OK;INC000016716917;Priority 4;NA
FUN;812;FUN;INC;OK;INC000016716937;Priority 3;NA
FUN;812;FUN;INC;OK;INC000016717399;Priority 4;NA
FIN;BWI;FUN;INC;OK;INC000016717592;Priority 4;NA
FUN;BWI;FUN;INC;OK;INC000016717723;Priority 4;NA
FIN;812;FUN;INC;OK;INC000016717840;Priority 4;NA
TEC;ETH;FUN;INC;OK;INC000016718315;Priority 4;NA
CNC;812;CNC;INC;OK;INC000016718364;Priority 4;NA
FUN;BWI;FUN;INC;Defect;INC000016718628;Priority 4;NA
DCF;DCF;FUN;INC;OK;INC000016718743;Priority 3;NA
CNC;MNT;CNC;INC;OK;INC000016718775;Priority 3;NA
FUN;MNT;FUN;INC;OK;INC000016718823;Priority 3;NA
FUN;MNT;FUN;INC;OK;INC000016718832;Priority 3;NA
FUN;812;FUN;INC;OK;INC000016718900;Priority 4;NA
FIN;812;FUN;INC;OK;INC000016718925;Priority 4;NA
SEC;SYN;SEC;INC;OK;INC000016719019;Priority 3;NA
TEC;ETH;FUN;INC;OK;INC000016719212;Priority 3;NA
SEC;SYN;SEC;INC;OK;INC000016719223;Priority 4;NA
FIN;812;FUN;INC;OK;INC000016719309;Priority 4;NA
SEC;SYN;SEC;INC;OK;INC000016719472;Priority 3;NA
SEC;SYN;SEC;INC;OK;INC000016719600;Priority 3;NA
DCF;DCF;FUN;INC;OK;INC000016719675;Priority 3;NA
FUN;BWI;FUN;INC;OK;INC000016719944;Priority 4;NA
TEC;BWI;TEC;INC;OK;INC000016720112;Priority 4;NA
FUN;LAT;FUN;INC;OK;INC000016720649;Priority 3;NA
FIN;812;FUN;INC;OK;INC000016720787;Priority 4;NA
FIN;812;FUN;INC;OK;INC000016720818;Priority 4;NA
FIN;812;FUN;INC;OK;INC000016720828;Priority 4;NA
L1;MNT;MON;SR;OK;INC000016720935;Priority 4;NA
FIN;812;FUN;INC;OK;INC000016721022;Priority 4;NA
CNC;BWI;L1 ;INC;OK;INC000016721345;Priority 4;NA
CNC;BWI;L1 ;INC;OK;INC000016721424;Priority 4;NA
APS;EES;APS;INC;OK;INC000016721725;Priority 3;NA
APS;ETH;APS;INC;OK;INC000016721772;Priority 3;NA
FUN;BWI;FUN;INC;OK;INC000016722260;Priority 4;NA
TEC;ETH;FUN;INC;OK;INC000016722354;Priority 4;NA
TEC;ETH;FUN;INC;OK;INC000016722408;Priority 4;NA
TEC;ETH;FUN;INC;OK;INC000016722409;Priority 4;NA
APS;ETH;APS;INC;OK;INC000016722487;Priority 3;NA
TEC;ETH;FUN;INC;OK;INC000016722547;Priority 4;NA
TEC;ETH;FUN;INC;OK;INC000016722548;Priority 4;NA
APS;ETH;APS;INC;OK;INC000016722662;Priority 3;NA
BWI;BWI;FUN;INC;OK;INC000016722677;Priority 3;NA
OPS;EMS;OPS;HK;OK;INC000016722722;Priority 3;NA
FUN;EMS;FUN;INC;OK;INC000016723406;Priority 4;NA
DCF;DCF;FUN;INC;OK;INC000016723801;Priority 3;NA
SEC;SYN;SEC;INC;OK;INC000016724091;Priority 3;NA
TEC;ETH;FUN;INC;OK;INC000016724218;Priority 3;NA
TEC;ETH;FUN;INC;OK;INC000016724219;Priority 3;NA
TEC;ETH;FUN;INC;OK;INC000016724227;Priority 3;NA
APS;ETH;APS;INC;OK;INC000016724635;Priority 3;NA
SEC;SYN;SEC;INC;OK;INC000016724729;Priority 3;NA
APS;ETH;APS;INC;OK;INC000016724784;Priority 3;NA
CNC;812;CNC;INC;OK;INC000016724801;Priority 4;NA
SEC;SYN;SEC;INC;Defect;INC000016725218;Priority 3;NA
TEC;DCF;TEC;INC;OK;INC000016725563;Priority 3;NA
SEC;SYN;SEC;SR;OK;INC000016725740;Priority 3;NA
DCF;DCF;FUN;INC;OK;INC000016725997;Priority 4;NA
BWI;BWI;FUN;INC;OK;INC000016726381;Priority 3;NA
SEC;SYN;SEC;INC;OK;INC000016726746;Priority 3;NA
FUN;812;FUN;INC;Defect;INC000016727701;Priority 3;NA
DBA;812;DBA;INC;OK;INC000016727778;Priority 4;NA
FIN;812;FUN;INC;OK;INC000016727847;Priority 4;NA
DCF;DCF;FUN;INC;OK;INC000016728278;Priority 3;NA
DCF;DCF;FUN;INC;OK;INC000016728398;Priority 4;NA
APS;ETH;APS;INC;OK;INC000016728668;Priority 4;NA
APS;ETH;APS;INC;OK;INC000016728740;Priority 3;NA
FUN;812;FUN;INC;OK;INC000016729056;Priority 3;NA
DCF;DCF;FUN;INC;OK;INC000016729144;Priority 3;NA
MNT;MNT;FUN;INC;OK;INC000016729213;Priority 3;NA
FUN;812;FUN;INC;OK;INC000016729325;Priority 3;NA
FUN;812;FUN;INC;OK;INC000016729416;Priority 3;NA
FUN;812;FUN;INC;Defect;INC000016729474;Priority 3;NA
TEC;DCF;TEC;INC;OK;INC000016729673;Priority 3;NA
FUN;BWI;FUN;INC;OK;INC000016729707;Priority 4;NA
FUN;BWI;FUN;INC;OK;INC000016729732;Priority 4;NA
SEC;SYN;SEC;INC;OK;INC000016729774;Priority 4;NA
FIN;812;FUN;INC;Defect;INC000016729782;Priority 4;NA
FUN;812;FUN;INC;OK;INC000016729935;Priority 4;NA
FUN;EES;FUN;INC;OK;INC000016730017;Priority 4;NA
DCF;DCF;FUN;INC;OK;INC000016730268;Priority 4;NA
FUN;812;FUN;INC;OK;INC000016730323;Priority 4;NA
FUN;MNT;FUN;INC;OK;INC000016730327;Priority 4;NA
FIN;812;FUN;INC;OK;INC000016730700;Priority 4;NA
SEC;SYN;SEC;INC;OK;INC000016730931;Priority 3;NA
FUN;BWI;FUN;INC;OK;INC000016731222;Priority 3;NA
FUN;MNT;FUN;INC;OK;INC000016731303;Priority 3;NA
SEC;SYN;SEC;SR;OK;INC000016731354;Priority 3;NA
FUN;LAT;FUN;INC;OK;INC000016731514;Priority 3;NA
FUN;ETH;FUN;INC;OK;INC000016731573;Priority 4;NA
DCF;DCF;FUN;INC;OK;INC000016731822;Priority 3;NA
APS;ETH;APS;INC;OK;INC000016731978;Priority 4;NA
DCF;DCF;FUN;INC;OK;INC000016732103;Priority 3;NA
FUN;EES;FUN;INC;OK;INC000016732635;Priority 4;NA
SEC;SYN;SEC;INC;OK;INC000016732694;Priority 4;NA
DCF;DCF;FUN;INC;OK;INC000016732836;Priority 3;NA
DBA;812;DBA;INC;OK;INC000016733553;Priority 3;NA
DCF;DCF;FUN;INC;OK;INC000016733875;Priority 3;NA
FIN;812;FUN;INC;OK;INC000016734152;Priority 4;NA
DCF;DCF;FUN;INC;OK;INC000016734312;Priority 3;NA
FUN;812;FUN;INC;OK;INC000016734891;Priority 3;NA
FUN;812;FUN;INC;Defect;INC000016735233;Priority 3;NA
SEC;SYN;SEC;INC;OK;INC000016735365;Priority 3;NA
L1;ETH;CNC;INC;OK;INC000016735379;Priority 4;NA
FUN;WS;FUN;INC;OK;INC000016735384;Priority 3;NA
L1;812;MON;SR;OK;INC000016735412;Priority 4;NA
FUN;BWI;FUN;INC;OK;INC000016736322;Priority 4;NA
FUN;BWI;FUN;INC;OK;INC000016736426;Priority 4;NA
FIN;DCF;FUN;INC;OK;INC000016736502;Priority 4;NA
FIN;812;FUN;INC;OK;INC000016736506;Priority 4;NA
FIN;812;FUN;INC;OK;INC000016736613;Priority 3;NA
APS;DCF;APS;INC;OK;INC000016736839;Priority 3;NA
TEC;ETH;FUN;INC;OK;INC000016737153;Priority 3;NA
FUN;LAT;FUN;INC;OK;INC000016737426;Priority 3;NA
FUN;BWI;FUN;INC;OK;INC000016737739;Priority 4;NA
FUN;ETH;FUN;INC;OK;INC000016737747;Priority 3;NA
L1;MNT;MON;SR;OK;INC000016737839;Priority 4;NA
L1;MNT;MON;SR;OK;INC000016737912;Priority 4;NA
TEC;ETH;FUN;INC;OK;INC000016738012;Priority 3;NA
FUN;LAT;FUN;INC;OK;INC000016738093;Priority 4;NA
FUN;MNT;FUN;INC;OK;INC000016738380;Priority 3;NA
FUN;BWI;FUN;INC;OK;INC000016738825;Priority 3;NA
FUN;LAT;FUN;INC;OK;INC000016739190;Priority 3;NA
CNC;BWI;L1 ;INC;OK;INC000016739351;Priority 4;NA
FUN;ETH;FUN;INC;OK;INC000016740047;Priority 3;NA
SEC;BWI;SEC;INC;OK;INC000016740261;Priority 3;NA
CNC;812;MON;SR;OK;INC000016740675;Priority 4;NA
DCF;DCF;FUN;INC;OK;INC000016741369;Priority 3;NA
OPS;EMS;OPS;HK;OK;INC000016741444;Priority 4;NA
FUN;812;FUN;INC;OK;INC000016741486;Priority 4;NA
FUN;812;FUN;INC;OK;INC000016741551;Priority 3;NA
TEC;DCF;TEC;INC;OK;INC000016741761;Priority 3;NA
FUN;812;FUN;INC;OK;INC000016742173;Priority 3;NA
DCF;DCF;FUN;INC;OK;INC000016742341;Priority 4;NA
FIN;812;FUN;INC;OK;INC000016742544;Priority 4;NA
FUN;BWI;FUN;INC;OK;INC000016742795;Priority 3;NA
FUN;EES;FUN;INC;OK;INC000016742849;Priority 4;NA
FIN;812;FUN;INC;OK;INC000016742945;Priority 4;NA
APS;DCF;APS;INC;OK;INC000016742976;Priority 3;NA
FIN;DCF;FUN;INC;OK;INC000016743007;Priority 4;NA
DCF;DCF;FUN;INC;OK;INC000016743057;Priority 3;NA
CNC;812;CNC;INC;OK;INC000016743115;Priority 3;NA
DBA;812;DBA;INC;OK;INC000016743134;Priority 4;NA
FIN;812;FUN;INC;OK;INC000016743148;Priority 4;NA
FUN;812;FUN;INC;OK;INC000016743155;Priority 3;NA
FUN;MNT;FUN;INC;OK;INC000016743225;Priority 4;NA
DCF;DCF;FUN;INC;OK;INC000016743364;Priority 3;NA
BWI;BWI;FUN;INC;OK;INC000016743401;Priority 4;NA
FUN;LAT;FUN;SR;OK;INC000016743995;Priority 4;NA
L1;812;MON;SR;OK;INC000016744102;Priority 4;NA
DBA;812;CNC;INC;OK;INC000016744413;Priority 3;NA
FIN;812;FUN;INC;OK;INC000016744521;Priority 4;NA
FIN;BWI;FUN;INC;OK;INC000016744523;Priority 4;NA
DCF;DCF;FUN;INC;OK;INC000016744617;Priority 3;NA
L1;MNT;MON;SR;OK;INC000016744908;Priority 4;NA
FIN;LAT;FUN;INC;OK;INC000016745610;Priority 3;NA
FUN;ETH;FUN;INC;OK;INC000016745912;Priority 4;NA
DCF;DCF;FUN;INC;OK;INC000016746096;Priority 4;NA
DCF;DCF;FUN;INC;OK;INC000016746224;Priority 3;NA
FUN;BWI;FUN;INC;OK;INC000016746316;Priority 3;NA
DCF;DCF;FUN;INC;OK;INC000016746538;Priority 3;NA
DCF;DCF;FUN;INC;OK;INC000016747186;Priority 3;NA
FUN;812;FUN;INC;OK;INC000016747848;Priority 3;NA
DCF;DCF;FUN;INC;OK;INC000016748024;Priority 4;NA
DCF;DCF;FUN;INC;OK;INC000016748407;Priority 3;NA
FIN;812;FUN;INC;OK;INC000016748629;Priority 4;NA
FUN;MNT;FUN;INC;OK;INC000016748660;Priority 3;NA
L1;MNT;MON;SR;OK;INC000016748675;Priority 4;NA
FUN;812;FUN;INC;OK;INC000016748852;Priority 3;NA
FUN;DXE;FUN;INC;OK;INC000016749019;Priority 4;NA
DCF;DCF;FUN;INC;OK;INC000016749800;Priority 4;NA
FUN;MNT;FUN;INC;OK;INC000016750049;Priority 4;NA
FUN;MNT;FUN;INC;OK;INC000016750190;Priority 3;NA
SEC;SYN;SEC;INC;OK;INC000016750266;Priority 4;NA
FIN;812;FUN;INC;OK;INC000016750317;Priority 4;NA
L1;812;MON;INC;OK;INC000016750552;Priority 4;NA
FIN;LAT;FUN;INC;OK;INC000016751078;Priority 4;NA
DCF;DCF;FUN;INC;OK;INC000016751193;Priority 4;NA
FUN;ETH;FUN;INC;OK;INC000016751251;Priority 3;NA
FUN;ETH;FUN;INC;OK;INC000016751266;Priority 4;NA
DCF;DCF;FUN;INC;OK;INC000016751316;Priority 3;NA
DCF;DCF;FUN;INC;OK;INC000016751436;Priority 3;NA
DCF;DCF;FUN;INC;OK;INC000016751612;Priority 3;NA
FUN;ETH;FUN;INC;OK;INC000016752290;Priority 3;NA
FUN;ETH;FUN;INC;OK;INC000016752354;Priority 3;NA
DCF;DCF;FUN;INC;OK;INC000016752465;Priority 3;NA
DCF;DCF;FUN;INC;OK;INC000016752696;Priority 3;NA
MNT;MNT;FUN;INC;OK;INC000016752785;Priority 3;NA
DCF;DCF;FUN;INC;OK;INC000016752910;Priority 3;NA
DCF;DCF;FUN;INC;OK;INC000016754420;Priority 3;NA
OPS;EDS;OPS;HK;OK;INC000016755231;Priority 4;NA
FUN;ETH;FUN;INC;OK;INC000016755371;Priority 3;NA
DCF;DCF;FUN;INC;OK;INC000016755513;Priority 2;NA
APS;ETH;APS;INC;OK;INC000016755570;Priority 3;NA
FUN;BWI;FUN;INC;OK;INC000016758382;Priority 3;NA
FUN;ETH;FUN;INC;OK;INC000016758513;Priority 3;NA
APS;ETH;APS;INC;OK;INC000016758687;Priority 3;NA
TEC;DCF;TEC;INC;OK;INC000016759426;Priority 3;NA
FUN;MNT;FUN;INC;OK;INC000016760254;Priority 4;NA
MNT;MNT;FUN;INC;OK;INC000016760259;Priority 3;NA
TEC;DCF;TEC;INC;OK;INC000016760373;Priority 3;NA
MNT;MNT;FUN;INC;OK;INC000016760525;Priority 3;NA
FUN;MNT;FUN;INC;OK;INC000016760825;Priority 4;NA
FUN;MNT;FUN;INC;OK;INC000016761005;Priority 3;NA
L1;MNT;MON;SR;OK;INC000016761756;Priority 4;NA
SEC;812;SEC;SR;OK;INC000016761817;Priority 4;NA
FUN;812;FUN;INC;OK;INC000016762048;Priority 4;NA
DCF;DCF;FUN;INC;OK;INC000016762060;Priority 3;NA
L1;MNT;MON;SR;OK;INC000016762603;Priority 3;NA
DCF;DCF;FUN;INC;OK;INC000016762743;Priority 3;NA
SEC;SYN;SEC;INC;OK;INC000016762968;Priority 3;NA
APS;DCF;APS;INC;OK;INC000016762970;Priority 3;NA
FUN;BWI;FUN;INC;OK;INC000016763393;Priority 4;NA
TEC;DCF;TEC;INC;OK;INC000016763647;Priority 3;NA
L1;812;CNC;INC;OK;INC000016763710;Priority 4;NA
APS;ETH;APS;INC;OK;INC000016763743;Priority 4;NA
TEC;DCF;TEC;INC;OK;INC000016763779;Priority 3;NA
SEC;SYN;SEC;INC;OK;INC000016763865;Priority 3;NA
DCF;DCF;FUN;INC;OK;INC000016763964;Priority 3;NA
FUN;MNT;FUN;INC;OK;INC000016764232;Priority 3;NA
FIN;DXE;FUN;INC;OK;INC000016764468;Priority 4;NA
SEC;SYN;SEC;INC;OK;INC000016764653;Priority 3;NA
FUN;BWI;FUN;INC;OK;INC000016764845;Priority 4;NA
SEC;SYN;SEC;INC;OK;INC000016764861;Priority 3;NA
SEC;SYN;SEC;INC;OK;INC000016764956;Priority 3;NA
MNT;MNT;FUN;INC;OK;INC000016765447;Priority 4;NA
FUN;812;FUN;INC;OK;INC000016765885;Priority 3;NA
FUN;EES;FUN;INC;OK;INC000016765887;Priority 4;NA
L1;BWI;L1 ;SR;OK;INC000016766291;Priority 4;NA
FUN;BWI;FUN;SR;OK;INC000016767296;Priority 3;NA
FIN;812;FUN;INC;OK;INC000016768980;Priority 4;NA
L1;812;MON;SR;OK;INC000016769028;Priority 4;NA
DCF;DCF;FUN;INC;OK;INC000016769197;Priority 4;NA
DCF;DCF;FUN;INC;OK;INC000016769221;Priority 4;NA
CNC;812;CNC;INC;OK;INC000016769375;Priority 4;NA
CNC;812;CNC;INC;OK;INC000016769435;Priority 3;NA
FIN;812;FUN;INC;OK;INC000016769839;Priority 3;NA
OPS;EMS;OPS;HK;OK;INC000016769904;Priority 3;NA
CNC;812;CNC;INC;OK;INC000016769942;Priority 3;NA
FUN;812;FUN;INC;OK;INC000016770403;Priority 4;NA
TEC;DCF;TEC;INC;OK;INC000016770660;Priority 3;NA
FUN;EES;FUN;INC;OK;INC000016770754;Priority 4;NA
FIN;812;FUN;INC;OK;INC000016770765;Priority 4;NA
FUN;EES;FUN;INC;OK;INC000016770843;Priority 4;NA
FIN;812;FUN;INC;OK;INC000016771239;Priority 4;NA
FUN;BWI;FUN;INC;OK;INC000016771453;Priority 4;NA
FUN;LAT;FUN;INC;OK;INC000016771720;Priority 3;NA
APS;DCF;APS;INC;OK;INC000016772193;Priority 4;NA
TEC;BWI;TEC;INC;OK;INC000016772200;Priority 3;NA
CNC;BWI;L1 ;INC;OK;INC000016772474;Priority 4;NA
SEC;SYN;SEC;INC;OK;INC000016772885;Priority 3;NA
TEC;ETH;FUN;INC;OK;INC000016773464;Priority 3;NA
SCH;LAT;SCH;INC;OK;INC000016773913;Priority 3;NA
L1;LAT;CNC;INC;OK;INC000016774064;Priority 3;NA
DCF;DCF;FUN;INC;OK;INC000016775166;Priority 4;NA
CNC;812;CNC;INC;OK;INC000016775387;Priority 4;NA
DCF;DCF;FUN;INC;OK;INC000016775774;Priority 3;NA
FIN;812;FUN;INC;OK;INC000016775941;Priority 4;NA
FUN;812;FUN;INC;OK;INC000016776016;Priority 3;NA
FUN;812;FUN;INC;OK;INC000016776252;Priority 4;NA
OPS;EMS;OPS;HK;OK;INC000016776278;Priority 4;NA
OPS;EMS;OPS;HK;OK;INC000016776398;Priority 3;NA
L1;812;MON;SR;OK;INC000016776466;Priority 4;NA
L1;MNT;MON;SR;OK;INC000016776522;Priority 3;NA
CNC;812;CNC;INC;OK;INC000016776557;Priority 4;NA
DCF;DCF;FUN;INC;OK;INC000016776720;Priority 3;NA
TEC;DCF;TEC;INC;OK;INC000016776956;Priority 3;NA
FIN;812;FUN;INC;OK;INC000016777068;Priority 4;NA
CNC;812;MON;SR;OK;INC000016777496;Priority 4;NA
CNC;MNT;MON;SR;OK;INC000016777748;Priority 4;NA
L1;MNT;MON;SR;OK;INC000016778244;Priority 4;NA
FUN;BWI;FUN;INC;OK;INC000016778660;Priority 4;NA
DCF;DCF;FUN;INC;OK;INC000016778830;Priority 3;NA
SEC;SYN;SEC;INC;OK;INC000016778975;Priority 4;NA
SEC;SYN;SEC;INC;OK;INC000016779128;Priority 4;NA
FUN;BWI;FUN;INC;OK;INC000016780964;Priority 4;NA
FIN;812;FUN;INC;OK;INC000016781792;Priority 3;NA
CNC;812;CNC;INC;OK;INC000016781820;Priority 3;NA
FUN;812;FUN;INC;OK;INC000016782454;Priority 3;NA
FIN;812;FUN;INC;OK;INC000016782993;Priority 3;NA
L1;ETH;CNC;INC;OK;INC000016782995;Priority 3;NA
DCF;DCF;FUN;INC;OK;INC000016783046;Priority 4;NA
FUN;BWI;FUN;INC;OK;INC000016783360;Priority 4;NA
FUN;EES;FUN;INC;OK;INC000016783435;Priority 4;NA
CNC;OXE;CNC;INC;OK;INC000016783579;Priority 3;NA
CNC;MNT;CNC;INC;OK;INC000016783662;Priority 4;NA
FIN;812;FUN;INC;OK;INC000016783691;Priority 4;NA
CNC;812;CNC;INC;OK;INC000016784461;Priority 3;NA
CNC;BWI;CNC;INC;OK;INC000016784697;Priority 3;NA
CNC;BWI;L1 ;INC;OK;INC000016784726;Priority 4;NA
CNC;812;CNC;INC;OK;INC000016784777;Priority 4;NA
APS;EES;APS;INC;OK;INC000016784818;Priority 4;NA
FUN;812;FUN;INC;OK;INC000016785537;Priority 3;NA
CNC;LAT;L1 ;INC;OK;INC000016785636;Priority 4;NA
FUN;BWI;FUN;INC;OK;INC000016786058;Priority 3;NA
CNC;812;CNC;INC;OK;INC000016786202;Priority 3;NA
L1;MNT;MON;INC;OK;INC000016786275;Priority 3;NA
DBA;812;CNC;INC;OK;INC000016786898;Priority 3;NA
SEC;SYN;SEC;INC;OK;INC000016787268;Priority 4;NA
CNC;812;CNC;INC;OK;INC000016788392;Priority 4;NA
SEC;812;SEC;SR;OK;INC000016788499;Priority 3;NA
SEC;EMS;SEC;INC;OK;INC000016788507;Priority 3;NA
APS;ETH;APS;INC;OK;INC000016788651;Priority 4;NA
FUN;812;FUN;INC;OK;INC000016788695;Priority 4;NA
FUN;WS;FUN;INC;OK;INC000016789031;Priority 3;NA
FUN;BWI;FUN;INC;OK;INC000016789105;Priority 3;NA
FUN;LAT;FUN;INC;OK;INC000016789339;Priority 4;NA
CNC;MNT;MON;SR;OK;INC000016789444;Priority 4;NA
DCF;DCF;FUN;INC;OK;INC000016789645;Priority 3;NA
FUN;BWI;FUN;INC;OK;INC000016790209;Priority 3;NA
FUN;MNT;FUN;INC;OK;INC000016790524;Priority 4;NA
FUN;BWI;FUN;INC;OK;INC000016791164;Priority 3;NA
DCF;DCF;FUN;INC;OK;INC000016791237;Priority 3;NA
CNC;812;CNC;INC;OK;INC000016792027;Priority 4;NA
APS;ETH;APS;INC;OK;INC000016792987;Priority 3;NA
FUN;ETH;FUN;INC;OK;INC000016793237;Priority 3;NA
CNC;812;CNC;INC;OK;INC000016793342;Priority 3;NA
FUN;ETH;FUN;INC;OK;INC000016793610;Priority 3;NA
FUN;ETH;FUN;INC;OK;INC000016793612;Priority 3;NA
FUN;ETH;FUN;INC;OK;INC000016793614;Priority 3;NA
FUN;ETH;FUN;INC;OK;INC000016793615;Priority 3;NA
FUN;ETH;FUN;INC;OK;INC000016793616;Priority 3;NA
CNC;DCF;CNC;INC;OK;INC000016794196;Priority 3;NA
DBA;812;DBA;INC;OK;INC000016794217;Priority 3;NA
CNC;812;CNC;INC;OK;INC000016794415;Priority 3;NA
APS;ETH;APS;INC;OK;INC000016794419;Priority 3;NA
CNC;812;CNC;INC;OK;INC000016794608;Priority 3;NA
CNC;OXE;CNC;INC;OK;INC000016795013;Priority 3;NA
SCH;LAT;SCH;INC;OK;INC000016795779;Priority 3;NA
SCH;LAT;SCH;INC;OK;INC000016795780;Priority 3;NA
SCH;LAT;SCH;INC;OK;INC000016795781;Priority 3;NA
SCH;LAT;SCH;INC;OK;INC000016795782;Priority 3;NA
SCH;LAT;SCH;INC;OK;INC000016795783;Priority 3;NA
SCH;LAT;SCH;INC;OK;INC000016795784;Priority 3;NA
SCH;LAT;SCH;INC;OK;INC000016795785;Priority 3;NA
SCH;LAT;SCH;INC;OK;INC000016795786;Priority 3;NA
SCH;LAT;SCH;INC;OK;INC000016795813;Priority 3;NA
FUN;ETH;FUN;INC;OK;INC000016795856;Priority 3;NA
DBA;812;DBA;INC;OK;INC000016796517;Priority 4;NA
APS;ETH;APS;INC;OK;INC000016796699;Priority 3;NA
DXE;DXE;FUN;INC;OK;INC000016796730;Priority 3;NA
L1;MNT;MON;SR;OK;INC000016796746;Priority 4;NA
FIN;812;FUN;INC;OK;INC000016796925;Priority 3;NA
TEC;DCF;TEC;INC;OK;INC000016797028;Priority 3;NA
OPS;EMS;OPS;HK;OK;INC000016797758;Priority 3;NA
L1;MNT;MON;SR;OK;INC000016797941;Priority 4;NA
SEC;SYN;SEC;INC;OK;INC000016798374;Priority 3;NA
TEC;DCF;TEC;INC;OK;INC000016798431;Priority 3;NA
APS;ETH;APS;INC;OK;INC000016799120;Priority 3;NA
L1;MNT;MON;SR;OK;INC000016799122;Priority 4;NA
TEC;BWI;TEC;INC;OK;INC000016799241;Priority 3;NA
TEC;DCF;TEC;INC;OK;INC000016799506;Priority 3;NA
SEC;EMS;SEC;INC;OK;INC000016800206;Priority 3;NA
SEC;SYN;SEC;INC;OK;INC000016800619;Priority 4;NA
FUN;BWI;FUN;INC;OK;INC000016802312;Priority 3;NA
FUN;BWI;FUN;SR;OK;INC000016802853;Priority 3;NA
SCH;812;SCH;INC;OK;INC000016803405;Priority 3;NA
DCF;DCF;FUN;INC;OK;INC000016803683;Priority 3;NA
DCF;DCF;FUN;INC;OK;INC000016803752;Priority 4;NA
FUN;812;FUN;INC;OK;INC000016804064;Priority 3;NA
BWI;BWI;FUN;INC;OK;INC000016805146;Priority 3;NA
SEC;SYN;SEC;INC;OK;INC000016805165;Priority 3;NA
SEC;812;SEC;SR;OK;INC000016805653;Priority 4;NA
L1;MNT;MON;SR;OK;INC000016806085;Priority 4;NA
FUN;BWI;FUN;INC;OK;INC000016806152;Priority 3;NA
L1;BWI;L1 ;SR;OK;INC000016806272;Priority 4;NA
FUN;BWI;FUN;INC;OK;INC000016806341;Priority 4;NA
SEC;ETH;SEC;INC;OK;INC000016808986;Priority 3;NA
CNC;812;MON;INC;OK;INC000016812374;Priority 4;NA
FUN;BWI;FUN;INC;OK;INC000016812721;Priority 3;NA
L1;MNT;MON;SR;OK;INC000016813728;Priority 4;NA
CNC;MNT;MON;SR;OK;INC000016814585;Priority 4;NA
FUN;812;FUN;INC;OK;INC000016815899;Priority 4;NA
DBA;812;DBA;INC;OK;INC000016816268;Priority 4;NA
FUN;ETH;FUN;INC;OK;INC000016816272;Priority 4;NA
CNC;MNT;CNC;INC;OK;INC000016816468;Priority 4;NA
FUN;812;FUN;INC;OK;INC000016816771;Priority 4;NA
TEC;DCF;FUN;INC;OK;INC000016817390;Priority 4;NA
FUN;812;FUN;INC;OK;INC000016817564;Priority 4;NA
CNC;812;MON;INC;OK;INC000016818644;Priority 4;NA
FUN;ETH;FUN;INC;OK;INC000016818794;Priority 4;NA
FIN;DXE;FUN;INC;OK;INC000016819007;Priority 4;NA
FUN;LAT;FUN;INC;OK;INC000016819570;Priority 4;NA
FUN;BWI;FUN;INC;OK;INC000016821062;Priority 4;NA
FUN;BWI;FUN;INC;OK;INC000016821076;Priority 4;NA
FUN;LAT;FUN;INC;OK;INC000016821204;Priority 4;NA
CNC;BWI;L1 ;SR;OK;INC000016821661;Priority 4;NA
None;WS;OPS;INC;OK;INC000016823196;Priority 4;NA
OPS;EMS;OPS;HK;OK;INC000016823216;Priority 4;NA
FUN;812;FUN;INC;OK;INC000016823222;Priority 4;NA
CNC;812;CNC;INC;OK;INC000016823292;Priority 4;NA
FIN;812;FUN;INC;OK;INC000016823401;Priority 4;NA
FUN;BWI;FUN;INC;Defect;INC000016823906;Priority 4;NA
L1;812;MON;SR;OK;INC000016824381;Priority 4;NA
CNC;812;CNC;SR;OK;INC000016824456;Priority 4;NA
CNC;MNT;MON;SR;OK;INC000016824812;Priority 4;NA
APS;ETH;APS;INC;OK;INC000016825944;Priority 4;NA
FUN;ETH;FUN;INC;OK;INC000016825959;Priority 4;NA
FUN;BWI;FUN;INC;OK;INC000016826414;Priority 4;NA
FUN;BWI;FUN;INC;OK;INC000016827191;Priority 4;NA
FUN;WS;FUN;INC;OK;INC000016830585;Priority 4;NA
FUN;EMS;FUN;INC;OK;INC000016830687;Priority 4;NA
FUN;812;FUN;INC;OK;INC000016830965;Priority 4;NA
FIN;812;FUN;INC;OK;INC000016831048;Priority 4;NA
FUN;812;FUN;INC;OK;INC000016831204;Priority 4;NA
FIN;812;FUN;INC;OK;INC000016831511;Priority 4;NA
CNC;DCF;CNC;INC;OK;INC000016831512;Priority 4;NA
FIN;812;FUN;INC;OK;INC000016831538;Priority 4;NA
DCF;DCF;FUN;INC;OK;INC000016831837;Priority 4;NA
FUN;812;FUN;INC;Defect;INC000016831903;Priority 4;NA
FIN;812;FUN;INC;OK;INC000016832050;Priority 4;NA
FIN;812;FUN;INC;OK;INC000016832051;Priority 4;NA
DCF;DCF;FUN;INC;OK;INC000016832098;Priority 4;NA
FUN;812;FUN;INC;OK;INC000016832121;Priority 4;NA
FIN;812;FUN;INC;OK;INC000016832183;Priority 4;NA
FUN;LAT;FUN;INC;OK;INC000016832373;Priority 4;NA
SEC;812;SEC;INC;OK;INC000016832378;Priority 4;NA
FIN;812;FUN;INC;OK;INC000016832451;Priority 4;NA
FIN;812;FUN;INC;OK;INC000016832583;Priority 4;NA
FIN;812;FUN;INC;OK;INC000016832628;Priority 4;NA
APS;ETH;APS;INC;OK;INC000016833079;Priority 4;NA
SEC;SYN;SEC;INC;OK;INC000016833097;Priority 4;NA
FIN;812;FUN;INC;OK;INC000016833120;Priority 4;NA
FIN;812;FUN;INC;OK;INC000016833213;Priority 4;NA
FIN;812;FUN;INC;OK;INC000016833304;Priority 4;NA
FUN;MNT;FUN;INC;OK;INC000016833456;Priority 4;NA
FUN;EES;FUN;INC;OK;INC000016833597;Priority 4;NA
FUN;BWI;FUN;INC;OK;INC000016833599;Priority 4;NA
FUN;EMS;FUN;INC;OK;INC000016833659;Priority 4;NA
FIN;812;FUN;INC;OK;INC000016833697;Priority 4;NA
APS;DCF;APS;INC;OK;INC000016833778;Priority 4;NA
L1;BWI;L1 ;INC;OK;INC000016833786;Priority 4;NA
FUN;812;FUN;INC;OK;INC000016834377;Priority 4;NA
APS;EES;APS;INC;OK;INC000016835205;Priority 4;NA
FUN;812;FUN;INC;OK;INC000016835256;Priority 4;NA
SEC;SYN;SEC;INC;OK;INC000016835318;Priority 4;NA
SEC;SYN;SEC;INC;OK;INC000016835882;Priority 4;NA
FUN;EES;FUN;INC;OK;INC000016836101;Priority 4;NA
FUN;EES;FUN;INC;OK;INC000016836120;Priority 4;NA
TEC;ETH;FUN;INC;OK;INC000016836172;Priority 4;NA
FUN;LAT;FUN;INC;OK;INC000016836459;Priority 4;NA
CNC;812;MON;INC;OK;INC000016836649;Priority 4;NA
FIN;BWI;FUN;INC;OK;INC000016836689;Priority 4;NA
L1;BWI;L1 ;SR;OK;INC000016837752;Priority 4;NA
FIN;812;FUN;INC;OK;INC000016838041;Priority 4;NA
APS;ETH;APS;INC;OK;INC000016838568;Priority 4;NA
MNT;MNT;FUN;INC;OK;INC000016838721;Priority 4;NA
FIN;812;FUN;INC;OK;INC000016839242;Priority 4;NA
DCF;DCF;FUN;INC;OK;INC000016839373;Priority 4;NA
DCF;DCF;FUN;INC;OK;INC000016839415;Priority 4;NA
CNC;MNT;MON;SR;OK;INC000016839421;Priority 4;NA
FUN;812;FUN;INC;Defect;INC000016839504;Priority 4;NA
DCF;DCF;FUN;INC;OK;INC000016839575;Priority 4;NA
FUN;812;FUN;INC;OK;INC000016839591;Priority 4;NA
FUN;EMS;FUN;INC;OK;INC000016840052;Priority 4;NA
TEC;ETH;FUN;INC;OK;INC000016840367;Priority 4;NA
FUN;BWI;FUN;INC;OK;INC000016840522;Priority 4;NA
DCF;DCF;FUN;INC;OK;INC000016840683;Priority 4;NA
FUN;EES;FUN;INC;OK;INC000016841164;Priority 4;NA
FUN;BWI;FUN;INC;OK;INC000016841572;Priority 4;NA
FIN;812;FUN;INC;OK;INC000016841936;Priority 4;NA
FIN;812;FUN;INC;OK;INC000016841973;Priority 4;NA
SEC;SYN;SEC;INC;OK;INC000016842303;Priority 4;NA
SEC;SYN;SEC;INC;OK;INC000016842679;Priority 4;NA
FUN;ETH;FUN;INC;OK;INC000016843249;Priority 4;NA
CNC;BWI;L1 ;INC;OK;INC000016843264;Priority 4;NA
FUN;BWI;FUN;INC;OK;INC000016844337;Priority 4;NA
FIN;812;FUN;SR;OK;INC000016844732;Priority 4;NA
FIN;812;FUN;INC;OK;INC000016844919;Priority 4;NA
DCF;DCF;FUN;INC;OK;INC000016844985;Priority 4;NA
CNC;812;CNC;INC;OK;INC000016845203;Priority 4;NA
FUN;812;FUN;INC;OK;INC000016845281;Priority 4;NA
FIN;812;FUN;INC;OK;INC000016845331;Priority 4;NA
FIN;812;FUN;INC;OK;INC000016845544;Priority 4;NA
FIN;812;FUN;INC;OK;INC000016845727;Priority 4;NA
FIN;812;FUN;INC;OK;INC000016845821;Priority 4;NA
FIN;812;FUN;INC;OK;INC000016845842;Priority 4;NA
DCF;DCF;FUN;INC;OK;INC000016845948;Priority 4;NA
FIN;812;FUN;INC;OK;INC000016846032;Priority 4;NA
FIN;812;FUN;INC;OK;INC000016846087;Priority 4;NA
FIN;812;FUN;INC;OK;INC000016846157;Priority 4;NA
L1;812;MON;SR;OK;INC000016846216;Priority 4;NA
CNC;812;MON;INC;OK;INC000016846359;Priority 4;NA
FIN;812;FUN;INC;OK;INC000016846500;Priority 4;NA
FUN;EES;FUN;INC;OK;INC000016846774;Priority 4;NA
FUN;812;FUN;INC;OK;INC000016846806;Priority 4;NA
FIN;812;FUN;INC;OK;INC000016846965;Priority 4;NA
FIN;812;FUN;INC;OK;INC000016846984;Priority 4;NA
CNC;812;CNC;INC;OK;INC000016847209;Priority 4;NA
FUN;LAT;FUN;INC;OK;INC000016847927;Priority 4;NA
FUN;EMS;FUN;INC;OK;INC000016848326;Priority 4;NA
MNT;MNT;FUN;INC;OK;INC000016848371;Priority 4;NA
APS;DCF;APS;INC;OK;INC000016849554;Priority 4;NA
FUN;BWI;FUN;INC;OK;INC000016849636;Priority 4;NA
FUN;BWI;FUN;INC;OK;INC000016850390;Priority 4;NA
FIN;812;FUN;INC;OK;INC000016850615;Priority 4;NA
DXE;DXE;FUN;INC;OK;INC000016850720;Priority 3;NA
FUN;EES;FUN;INC;OK;INC000016850742;Priority 3;NA
FUN;EES;FUN;INC;OK;INC000016850761;Priority 4;NA
FIN;812;FUN;INC;OK;INC000016850909;Priority 4;NA
FIN;812;FUN;INC;OK;INC000016851093;Priority 4;NA
FIN;812;FUN;INC;OK;INC000016851097;Priority 4;NA
OPS;EMS;OPS;HK;OK;INC000016851377;Priority 3;NA
FUN;812;FUN;INC;OK;INC000016851442;Priority 3;NA
TEC;DCF;FUN;INC;OK;INC000016851542;Priority 4;NA
FIN;812;FUN;INC;OK;INC000016851558;Priority 4;NA
TEC;DCF;FUN;INC;OK;INC000016851685;Priority 4;NA
FIN;812;FUN;INC;OK;INC000016851786;Priority 4;NA
FIN;812;FUN;INC;OK;INC000016851878;Priority 4;NA
FUN;LAT;FUN;INC;OK;INC000016852133;Priority 4;NA
FIN;812;FUN;INC;OK;INC000016852187;Priority 3;NA
CNC;MNT;MON;SR;OK;INC000016852455;Priority 4;NA
FUN;ETH;FUN;INC;OK;INC000016852498;Priority 3;NA
L1;BWI;L1 ;INC;OK;INC000016852819;Priority 4;NA
FUN;BWI;FUN;SR;OK;INC000016852953;Priority 3;NA
FUN;DXE;FUN;INC;OK;INC000016853069;Priority 4;NA
FUN;LAT;FUN;INC;OK;INC000016853500;Priority 4;NA
MNT;MNT;FUN;INC;OK;INC000016854256;Priority 4;NA
FUN;BWI;FUN;INC;OK;INC000016854376;Priority 4;NA
DCF;DCF;FUN;INC;OK;INC000016854593;Priority 3;NA
MNT;MNT;FUN;INC;OK;INC000016854603;Priority 4;NA
FUN;LAT;FUN;INC;OK;INC000016854691;Priority 4;NA
CNC;DPY;CNC;INC;OK;INC000016854750;Priority 4;NA
FUN;BWI;FUN;INC;OK;INC000016854777;Priority 3;NA
FIN;BWI;FUN;INC;OK;INC000016854793;Priority 3;NA
TEC;ETH;FUN;INC;OK;INC000016854801;Priority 3;NA
FUN;BWI;FUN;INC;OK;INC000016854907;Priority 3;NA
FUN;BWI;FUN;INC;OK;INC000016855112;Priority 3;NA
FUN;BWI;FUN;INC;OK;INC000016855247;Priority 4;NA
FIN;812;FUN;INC;OK;INC000016856315;Priority 4;NA
FIN;812;FUN;INC;OK;INC000016856569;Priority 4;NA
FIN;812;FUN;INC;OK;INC000016856783;Priority 4;NA
FIN;812;FUN;INC;OK;INC000016856807;Priority 4;NA
FUN;BWI;FUN;INC;OK;INC000016856849;Priority 4;NA
TEC;DCF;FUN;INC;OK;INC000016857209;Priority 3;NA
FIN;812;FUN;INC;OK;INC000016857523;Priority 4;NA
FUN;BWI;FUN;INC;OK;INC000016857887;Priority 3;NA
FUN;BWI;FUN;INC;OK;INC000016857907;Priority 4;NA
FUN;812;FUN;INC;OK;INC000016858092;Priority 4;NA
FUN;812;FUN;INC;OK;INC000016858529;Priority 4;NA
TEC;ETH;FUN;INC;OK;INC000016858975;Priority 3;NA
FUN;LAT;FUN;INC;OK;INC000016859244;Priority 3;NA
FUN;ETH;FUN;INC;OK;INC000016859527;Priority 3;NA
CNC;EES;CNC;INC;OK;INC000016859563;Priority 4;NA
MNT;MNT;FUN;INC;OK;INC000016859577;Priority 4;NA
FUN;LAT;FUN;INC;OK;INC000016859771;Priority 3;NA
SEC;BWI;SEC;INC;OK;INC000016860036;Priority 4;NA
FIN;812;FUN;INC;OK;INC000016860319;Priority 4;NA
FUN;MNT;FUN;INC;OK;INC000016860579;Priority 3;NA
FUN;MNT;FUN;INC;OK;INC000016860622;Priority 3;NA
FUN;ETH;FUN;INC;OK;INC000016860683;Priority 4;NA
SCH;LAT;SCH;INC;OK;INC000016860705;Priority 3;NA
FUN;MNT;FUN;INC;OK;INC000016860791;Priority 3;NA
FUN;ETH;FUN;INC;OK;INC000016860850;Priority 3;NA
CNC;BWI;CNC;INC;OK;INC000016861047;Priority 3;NA
FIN;812;FUN;INC;OK;INC000016861059;Priority 4;NA
None;EMS;OPS;INC;OK;INC000016861119;Priority 3;NA
FIN;812;FUN;INC;OK;INC000016861132;Priority 4;NA
FIN;812;FUN;INC;OK;INC000016861144;Priority 4;NA
FIN;812;FUN;INC;OK;INC000016861252;Priority 4;NA
FIN;812;FUN;INC;OK;INC000016861276;Priority 4;NA
FUN;BWI;FUN;INC;OK;INC000016861322;Priority 3;NA
FIN;812;FUN;INC;OK;INC000016861484;Priority 3;NA
SCH;LAT;SCH;INC;OK;INC000016862179;Priority 4;NA
APS;EES;APS;INC;OK;INC000016862232;Priority 3;NA
FIN;812;FUN;INC;OK;INC000016862318;Priority 4;NA
BWI;BWI;FUN;INC;OK;INC000016862324;Priority 4;NA
FUN;BWI;FUN;INC;OK;INC000016862849;Priority 3;NA
OPS;EDS;OPS;HK;OK;INC000016862955;Priority 3;NA
FIN;812;FUN;INC;OK;INC000016864065;Priority 4;NA
APS;DCF;APS;INC;OK;INC000016864073;Priority 4;NA
DCF;DCF;FUN;INC;OK;INC000016864422;Priority 3;NA
OPS;EMS;OPS;HK;OK;INC000016864539;Priority 3;NA
SEC;812;SEC;INC;OK;INC000016864542;Priority 4;NA
CNC;812;CNC;INC;OK;INC000016864722;Priority 4;NA
CNC;812;CNC;INC;OK;INC000016864793;Priority 3;NA
DCF;DCF;FUN;INC;OK;INC000016864820;Priority 3;NA
OPS;EMS;OPS;HK;OK;INC000016864884;Priority 3;NA
FUN;ETH;FUN;INC;OK;INC000016865198;Priority 3;NA
FUN;812;FUN;INC;OK;INC000016865224;Priority 4;NA
APS;EES;APS;INC;OK;INC000016865238;Priority 4;NA
FUN;812;FUN;INC;OK;INC000016865239;Priority 3;NA
FIN;812;FUN;INC;OK;INC000016865303;Priority 4;NA
MNT;MNT;FUN;INC;OK;INC000016865362;Priority 3;NA
FUN;WS;FUN;INC;OK;INC000016865511;Priority 3;NA
FUN;BWI;FUN;INC;OK;INC000016865523;Priority 4;NA
DCF;DCF;FUN;INC;OK;INC000016865537;Priority 3;NA
FUN;DCF;FUN;INC;OK;INC000016865553;Priority 4;NA
DCF;DCF;FUN;INC;OK;INC000016865571;Priority 4;NA
FUN;812;FUN;INC;OK;INC000016865757;Priority 4;NA
FUN;DXE;FUN;INC;OK;INC000016865916;Priority 3;NA
SEC;EES;FUN;INC;OK;INC000016866107;Priority 3;NA
TEC;BWI;TEC;INC;OK;INC000016866200;Priority 3;NA
DCF;DCF;FUN;INC;OK;INC000016866243;Priority 3;NA
FIN;812;FUN;INC;OK;INC000016866362;Priority 4;NA
FUN;BWI;FUN;SR;OK;INC000016866400;Priority 4;NA
TEC;BWI;TEC;INC;OK;INC000016866438;Priority 3;NA
TEC;ETH;FUN;INC;OK;INC000016866450;Priority 4;NA
FUN;812;FUN;INC;OK;INC000016866513;Priority 3;NA
SCH;LAT;SCH;INC;OK;INC000016866896;Priority 3;NA
TEC;ETH;FUN;INC;OK;INC000016867218;Priority 3;NA
None;EMS;OPS;INC;OK;INC000016867939;Priority 3;NA
FIN;812;FUN;INC;OK;INC000016867948;Priority 4;NA
DCF;DCF;FUN;INC;OK;INC000016867971;Priority 3;NA
DCF;DCF;FUN;INC;OK;INC000016868160;Priority 4;NA
FIN;DCF;FUN;INC;OK;INC000016868161;Priority 3;NA
FIN;812;FUN;INC;OK;INC000016868700;Priority 4;NA
FIN;812;FUN;INC;OK;INC000016868758;Priority 4;NA
FIN;812;FUN;INC;OK;INC000016868795;Priority 4;NA
OPS;EMS;OPS;HK;OK;INC000016868821;Priority 4;NA
DBA;812;DBA;INC;OK;INC000016868912;Priority 4;NA
FIN;812;FUN;INC;OK;INC000016869069;Priority 3;NA
CNC;812;CNC;INC;OK;INC000016869205;Priority 3;NA
FUN;812;FUN;INC;OK;INC000016869682;Priority 3;NA
FUN;BWI;FUN;INC;OK;INC000016869833;Priority 3;NA
FIN;812;FUN;INC;OK;INC000016870462;Priority 4;NA
CNC;BWI;L1 ;SR;OK;INC000016870782;Priority 4;NA
FIN;BWI;FUN;INC;Defect;INC000016871121;Priority 3;NA
FUN;ETH;FUN;INC;OK;INC000016871462;Priority 3;NA
CNC;BWI;L1 ;INC;OK;INC000016871726;Priority 4;NA
TEC;ETH;FUN;INC;OK;INC000016871764;Priority 4;NA
FIN;BWI;FUN;SR;OK;INC000016872083;Priority 3;NA
FUN;ETH;FUN;INC;OK;INC000016872196;Priority 3;NA
TEC;ETH;FUN;INC;OK;INC000016872502;Priority 3;NA
TEC;BWI;TEC;INC;OK;INC000016872624;Priority 3;NA
TEC;BWI;TEC;INC;OK;INC000016872631;Priority 3;NA
FUN;EES;FUN;INC;OK;INC000016872649;Priority 4;NA
FUN;BWI;FUN;INC;OK;INC000016872667;Priority 3;NA
FUN;ETH;FUN;INC;OK;INC000016872800;Priority 3;NA
FIN;LAT;FUN;INC;OK;INC000016873043;Priority 4;NA
CNC;BWI;L1 ;INC;OK;INC000016873143;Priority 4;NA
FUN;ETH;FUN;INC;OK;INC000016873272;Priority 3;NA
FUN;BWI;FUN;SR;OK;INC000016874717;Priority 4;NA
FUN;812;FUN;INC;OK;INC000016874960;Priority 3;NA
FIN;812;FUN;INC;OK;INC000016875003;Priority 3;NA
DCF;DCF;FUN;INC;OK;INC000016875169;Priority 3;NA
OPS;EMS;OPS;HK;OK;INC000016875360;Priority 3;NA
CNC;812;L1 ;SR;OK;INC000016875447;Priority 3;NA
FIN;812;FUN;INC;OK;INC000016875698;Priority 3;NA
SEC;SYN;SEC;INC;OK;INC000016876090;Priority 4;NA
SEC;SYN;SEC;INC;OK;INC000016876200;Priority 3;NA
SEC;SYN;SEC;INC;OK;INC000016876252;Priority 3;NA
SEC;SYN;SEC;INC;OK;INC000016876262;Priority 3;NA
TEC;BWI;TEC;INC;OK;INC000016876267;Priority 3;NA
FUN;BWI;FUN;INC;OK;INC000016876293;Priority 4;NA
FUN;812;FUN;INC;OK;INC000016876664;Priority 3;NA
FIN;812;FUN;INC;OK;INC000016876903;Priority 4;NA
SEC;812;SEC;SR;OK;INC000016876914;Priority 3;NA
DBA;812;DBA;INC;OK;INC000016877198;Priority 3;NA
SEC;SYN;SEC;INC;OK;INC000016877310;Priority 3;NA
FIN;BWI;FUN;INC;OK;INC000016877674;Priority 3;NA
FUN;MNT;FUN;INC;OK;INC000016877771;Priority 3;NA
CNC;MNT;L1 ;INC;OK;INC000016877790;Priority 4;NA
FUN;BWI;FUN;INC;OK;INC000016877902;Priority 3;NA
FUN;EES;FUN;INC;OK;INC000016878113;Priority 4;NA
FUN;BWI;FUN;INC;OK;INC000016878164;Priority 3;NA
TEC;DCF;FUN;INC;OK;INC000016878534;Priority 3;NA
FIN;BWI;FUN;INC;OK;INC000016878664;Priority 3;NA
FUN;BWI;FUN;INC;OK;INC000016879349;Priority 4;NA
DCF;DCF;FUN;INC;OK;INC000016880496;Priority 3;NA
DCF;DCF;FUN;INC;OK;INC000016880521;Priority 4;NA
DBA;812;DBA;INC;OK;INC000016880615;Priority 3;NA
SEC;MNT;SEC;SR;OK;INC000016881010;Priority 3;NA
FIN;812;FUN;INC;OK;INC000016881015;Priority 4;NA
DCF;DCF;FUN;INC;OK;INC000016881124;Priority 4;NA
DCF;DCF;FUN;INC;OK;INC000016881461;Priority 4;NA
L1;DCF;FUN;INC;OK;INC000016881882;Priority 3;NA
FUN;BWI;FUN;INC;OK;INC000016882160;Priority 4;NA
FUN;BWI;FUN;INC;OK;INC000016882237;Priority 4;NA
FUN;812;FUN;INC;OK;INC000016882393;Priority 3;NA
FIN;812;FUN;INC;OK;INC000016882394;Priority 4;NA
DCF;DCF;FUN;INC;OK;INC000016882856;Priority 3;NA
FUN;BWI;FUN;INC;OK;INC000016882899;Priority 4;NA
FUN;BWI;FUN;SR;OK;INC000016883026;Priority 4;NA
TEC;ETH;FUN;INC;OK;INC000016883037;Priority 4;NA
CNC;DCF;CNC;INC;OK;INC000016883147;Priority 4;NA
FUN;ETH;FUN;INC;OK;INC000016883295;Priority 4;NA
TEC;ETH;FUN;INC;OK;INC000016883322;Priority 3;NA
FUN;BWI;FUN;INC;OK;INC000016883369;Priority 2;NA
TEC;DCF;FUN;INC;OK;INC000016883636;Priority 3;NA
TEC;ETH;FUN;INC;OK;INC000016883741;Priority 3;NA
CNC;BWI;L1 ;INC;OK;INC000016883853;Priority 4;NA
SEC;SYN;SEC;INC;OK;INC000016884150;Priority 4;NA
FUN;ETH;FUN;INC;OK;INC000016884478;Priority 3;NA
FUN;BWI;FUN;INC;OK;INC000016885005;Priority 3;NA
CNC;812;CNC;INC;OK;INC000016885237;Priority 4;NA
DBA;812;DBA;INC;OK;INC000016886411;Priority 3;NA
FIN;812;FUN;INC;OK;INC000016886677;Priority 3;NA
SEC;EMS;SEC;INC;OK;INC000016886869;Priority 4;NA
FUN;812;FUN;INC;OK;INC000016886896;Priority 4;NA
FUN;EMS;FUN;INC;OK;INC000016887105;Priority 3;NA
FUN;BWI;FUN;INC;OK;INC000016887612;Priority 4;NA
FUN;BWI;FUN;INC;OK;INC000016887767;Priority 3;NA
FUN;COR;FUN;INC;OK;INC000016887838;Priority 4;NA
SEC;EMS;SEC;INC;OK;INC000016887863;Priority 3;NA
DCF;DCF;FUN;INC;OK;INC000016888040;Priority 4;NA
SCH;BWI;SCH;INC;OK;INC000016888084;Priority 4;NA
FUN;LAT;FUN;INC;OK;INC000016888128;Priority 3;NA
SEC;812;SEC;SR;OK;INC000016888185;Priority 4;NA
FIN;812;FUN;INC;OK;INC000016888434;Priority 3;NA
CNC;DCF;CNC;INC;OK;INC000016888732;Priority 3;NA
TEC;LAT;TEC;INC;OK;INC000016888764;Priority 3;NA
CNC;MNT;MON;SR;OK;INC000016888952;Priority 4;NA
FUN;BWI;FUN;SR;OK;INC000016889115;Priority 3;NA
FIN;BWI;FUN;INC;OK;INC000016889142;Priority 3;NA
APS;ETH;APS;INC;OK;INC000016889253;Priority 3;NA
TEC;BWI;TEC;INC;OK;INC000016889346;Priority 3;NA
FUN;DCF;FUN;INC;OK;INC000016889754;Priority 4;NA
FUN;MNT;FUN;INC;OK;INC000016890456;Priority 3;NA
FUN;MNT;FUN;INC;OK;INC000016890551;Priority 3;NA
FUN;MNT;FUN;INC;OK;INC000016890583;Priority 3;NA
FUN;MNT;FUN;INC;OK;INC000016890596;Priority 3;NA
L1;BWI;L1 ;INC;OK;INC000016890694;Priority 4;NA
SCH;LAT;SCH;INC;OK;INC000016890793;Priority 4;NA
SCH;BWI;SCH;INC;OK;INC000016891041;Priority 3;NA
APS;ETH;APS;INC;OK;INC000016892445;Priority 3;NA
APS;ETH;APS;INC;OK;INC000016892446;Priority 3;NA
APS;ETH;APS;INC;OK;INC000016892448;Priority 3;NA
CNC;812;CNC;INC;OK;INC000016892839;Priority 3;NA
CNC;DPY;CNC;INC;OK;INC000016893427;Priority 2;NA
CNC;812;CNC;INC;OK;INC000016893958;Priority 3;NA
FUN;MNT;FUN;INC;OK;INC000016895267;Priority 3;NA
DCF;DCF;FUN;INC;OK;INC000016896252;Priority 3;NA
APS;DCF;APS;INC;OK;INC000016897062;Priority 3;NA
FUN;812;FUN;INC;OK;INC000016897090;Priority 3;NA
FIN;812;FUN;INC;OK;INC000016897153;Priority 4;NA
SEC;MNT;SEC;INC;OK;INC000016897161;Priority 4;NA
None;EMS;OPS;INC;OK;INC000016897259;Priority 3;NA
DCF;DCF;FUN;INC;OK;INC000016897357;Priority 4;NA
SEC;812;SEC;SR;OK;INC000016897402;Priority 3;NA
None;EMS;OPS;HK;OK;INC000016897434;Priority 4;NA
SEC;EMS;SEC;INC;OK;INC000016897447;Priority 3;NA
SEC;DXE;SEC;SR;OK;INC000016897634;Priority 3;NA
FIN;812;FUN;INC;OK;INC000016897696;Priority 4;NA
DBA;812;DBA;INC;OK;INC000016897818;Priority 4;NA
CNC;ETH;CNC;INC;OK;INC000016897824;Priority 4;NA
CNC;DXE;CNC;INC;OK;INC000016897920;Priority 3;NA
TEC;BWI;TEC;INC;OK;INC000016898252;Priority 2;NA
CNC;812;CNC;INC;OK;INC000016898265;Priority 3;NA
FUN;EES;FUN;INC;OK;INC000016898304;Priority 4;NA
TEC;DCF;FUN;INC;OK;INC000016898374;Priority 3;NA
L1;BWI;L1 ;INC;OK;INC000016898583;Priority 4;NA
FUN;DCF;FUN;INC;OK;INC000016898658;Priority 4;NA
SEC;BWI;SEC;INC;OK;INC000016898890;Priority 4;NA
FUN;BWI;FUN;INC;OK;INC000016899291;Priority 4;NA
CNC;MNT;MON;SR;OK;INC000016899636;Priority 4;NA
FUN;BWI;FUN;INC;OK;INC000016899744;Priority 3;NA
FUN;LAT;FUN;INC;OK;INC000016899897;Priority 4;NA
TEC;DCF;FUN;INC;OK;INC000016900109;Priority 4;NA
SEC;SYN;SEC;INC;OK;INC000016900655;Priority 4;NA
TEC;DCF;FUN;INC;OK;INC000016900722;Priority 3;NA
SEC;SYN;SEC;INC;OK;INC000016900903;Priority 4;NA
FUN;BWI;FUN;INC;OK;INC000016901174;Priority 3;NA
TEC;BWI;TEC;INC;OK;INC000016901476;Priority 3;NA
CNC;812;CNC;INC;OK;INC000016902344;Priority 4;NA
L1;MNT;MON;SR;OK;INC000016902753;Priority 4;NA
TEC;ETH;FUN;INC;OK;INC000016902947;Priority 4;NA
APS;DCF;APS;INC;OK;INC000016903453;Priority 4;NA
TEC;DCF;FUN;INC;OK;INC000016904109;Priority 3;NA
FUN;BWI;FUN;INC;OK;INC000016904964;Priority 4;NA
L1;812;MON;SR;OK;INC000016905090;Priority 4;NA
APS;ETH;APS;INC;OK;INC000016905652;Priority 3;NA
TEC;BWI;TEC;INC;OK;INC000016905719;Priority 3;NA
FUN;BWI;FUN;INC;OK;INC000016905872;Priority 3;NA
FUN;BWI;FUN;INC;OK;INC000016906929;Priority 4;NA
L1;BWI;L1 ;INC;OK;INC000016906962;Priority 3;NA
FUN;ETH;FUN;INC;OK;INC000016907162;Priority 3;NA
L1;MNT;MON;SR;OK;INC000016907379;Priority 4;NA
FUN;BWI;FUN;INC;OK;INC000016908005;Priority 3;NA
SCH;LAT;SCH;INC;OK;INC000016908971;Priority 3;NA
DCF;DCF;FUN;INC;OK;INC000016910121;Priority 3;NA
DCF;DCF;FUN;INC;OK;INC000016910158;Priority 3;NA
DCF;DCF;FUN;INC;OK;INC000016910998;Priority 4;NA
L1;MNT;MON;SR;OK;INC000016911098;Priority 4;NA
L1;MNT;MON;SR;OK;INC000016911338;Priority 4;NA
L1;812;MON;SR;OK;INC000016911342;Priority 4;NA
TEC;ETH;FUN;INC;OK;INC000016911390;Priority 3;NA
TEC;ETH;FUN;INC;OK;INC000016911462;Priority 3;NA
SEC;SYN;SEC;INC;OK;INC000016912736;Priority 3;NA
SEC;SYN;SEC;INC;OK;INC000016912744;Priority 3;NA
SCH;LAT;SCH;INC;OK;INC000016913190;Priority 3;NA
FUN;BWI;FUN;INC;OK;INC000016913327;Priority 4;NA
L1;DPY;CNC;SR;OK;INC000016913452;Priority 4;NA
L1;MNT;MON;SR;OK;INC000016960758;Priority 4;NA
SEC;812;SEC;SR;OK;INC000016960970;Priority 4;NA
812;812;FUN;INC;OK;INC000016961335;Priority 4;NA
CNC;DCF;CNC;INC;OK;INC000016961386;Priority 4;NA
FUN;DXE;FUN;INC;OK;INC000016961677;Priority 4;NA
CNC;812;CNC;SR;OK;INC000016961871;Priority 4;NA
812;812;FUN;INC;OK;INC000016962184;Priority 4;NA
SEC;812;SEC;SR;OK;INC000016962333;Priority 4;NA
812;812;FUN;INC;OK;INC000016962445;Priority 4;NA
FIN;812;FUN;INC;OK;INC000016962580;Priority 4;NA
FUN;812;FUN;INC;OK;INC000016962858;Priority 4;NA
CNC;812;CNC;INC;OK;INC000016962882;Priority 4;NA
812;812;FUN;INC;OK;INC000016963237;Priority 4;NA
812;812;FUN;INC;OK;INC000016963269;Priority 4;NA
FUN;BWI;FUN;INC;OK;INC000016963290;Priority 4;NA
FIN;812;FUN;INC;OK;INC000016963691;Priority 4;NA
APS;ETH;APS;INC;OK;INC000016963791;Priority 4;NA
FUN;812;FUN;INC;OK;INC000016963804;Priority 4;NA
FIN;812;FUN;INC;OK;INC000016963807;Priority 4;NA
FUN;BWI;FUN;INC;OK;INC000016964909;Priority 4;NA
CNC;812;CNC;INC;OK;INC000016965088;Priority 4;NA
FUN;LAT;FUN;INC;OK;INC000016965176;Priority 4;NA
FIN;BWI;FUN;INC;OK;INC000016965239;Priority 4;NA
FUN;BWI;FUN;INC;OK;INC000016965817;Priority 4;NA
FUN;812;FUN;INC;OK;INC000016965957;Priority 4;NA
FUN;BWI;FUN;SR;Defect;INC000016966498;Priority 4;NA
FUN;ETH;FUN;INC;OK;INC000016966782;Priority 4;NA
FUN;ETH;FUN;INC;OK;INC000016966869;Priority 4;NA
FIN;812;FUN;INC;OK;INC000016968499;Priority 4;NA
DCF;DCF;FUN;INC;OK;INC000016968686;Priority 4;NA
FIN;812;FUN;INC;OK;INC000016968925;Priority 4;NA
L1;812;MON;SR;OK;INC000016969215;Priority 4;NA
FUN;812;FUN;INC;Defect;INC000016969294;Priority 4;NA
APS;ETH;APS;INC;OK;INC000016969478;Priority 4;NA
FUN;812;FUN;INC;OK;INC000016969482;Priority 4;NA
FIN;812;FUN;INC;OK;INC000016969743;Priority 4;NA
DCF;DCF;FUN;INC;OK;INC000016969769;Priority 4;NA
SEC;812;SEC;SR;OK;INC000016969830;Priority 4;NA
FIN;812;FUN;INC;Defect;INC000016970171;Priority 4;NA
FUN;812;FUN;INC;OK;INC000016970323;Priority 4;NA
FUN;ETH;FUN;INC;OK;INC000016970370;Priority 4;NA
FUN;BWI;FUN;INC;OK;INC000016970985;Priority 4;NA
DCF;DCF;FUN;INC;OK;INC000016971019;Priority 4;NA
TEC;BWI;TEC;INC;OK;INC000016971208;Priority 4;NA
SEC;SYN;SEC;INC;OK;INC000016971975;Priority 4;NA
FUN;BWI;FUN;INC;OK;INC000016972341;Priority 4;NA
L1;MNT;MON;SR;OK;INC000016972416;Priority 4;NA
APS;ETH;APS;INC;OK;INC000016972911;Priority 4;NA
L1;EES;CNC;INC;OK;INC000016973328;Priority 4;NA
L1;MNT;MON;SR;OK;INC000016974110;Priority 4;NA
DCF;DCF;FUN;INC;OK;INC000016974323;Priority 4;NA
FUN;812;FUN;INC;OK;INC000016974352;Priority 4;NA
DCF;DCF;FUN;INC;OK;INC000016974586;Priority 4;NA
DCF;DCF;FUN;INC;OK;INC000016975134;Priority 4;NA
FUN;812;FUN;INC;OK;INC000016975429;Priority 4;NA
FUN;812;FUN;INC;OK;INC000016975801;Priority 4;NA
CNC;812;CNC;INC;OK;INC000016975840;Priority 4;NA
FUN;BWI;FUN;INC;OK;INC000016975845;Priority 4;NA
APS;DCF;APS;INC;OK;INC000016975872;Priority 4;NA
APS;DCF;APS;INC;OK;INC000016975897;Priority 4;NA
FIN;BWI;FUN;INC;OK;INC000016976108;Priority 4;NA
DCF;DCF;FUN;INC;OK;INC000016976144;Priority 4;NA
FUN;812;FUN;INC;OK;INC000016976390;Priority 4;NA
DCF;DCF;FUN;INC;OK;INC000016976404;Priority 4;NA
FUN;812;FUN;INC;OK;INC000016976437;Priority 4;NA
SEC;SYN;SEC;INC;OK;INC000016976578;Priority 4;NA
SEC;SYN;SEC;SR;OK;INC000016976652;Priority 4;NA
FUN;BWI;FUN;INC;OK;INC000016976744;Priority 4;NA
TEC;ETH;FUN;INC;OK;INC000016976817;Priority 4;NA
L1;DPY;CNC;SR;OK;INC000016977201;Priority 4;NA
FUN;BWI;FUN;INC;OK;INC000016977683;Priority 4;NA
FUN;DXE;FUN;INC;OK;INC000016978310;Priority 4;NA
FUN;BWI;FUN;INC;OK;INC000016978433;Priority 4;NA
FUN;ETH;FUN;INC;OK;INC000016979169;Priority 4;NA
FIN;DXE;FUN;INC;OK;INC000016979588;Priority 4;NA
FUN;BWI;FUN;INC;OK;INC000016980127;Priority 4;NA
FUN;812;FUN;INC;OK;INC000016980683;Priority 4;NA
FUN;812;FUN;INC;Defect;INC000016980807;Priority 4;NA
FUN;812;FUN;INC;OK;INC000016980895;Priority 4;NA
FUN;812;FUN;INC;OK;INC000016981131;Priority 4;NA
SEC;812;SEC;SR;OK;INC000016981369;Priority 4;NA
L1;812;MON;SR;OK;INC000016981440;Priority 4;NA
SEC;SYN;SEC;INC;OK;INC000016981601;Priority 4;NA
FUN;812;FUN;INC;OK;INC000016981672;Priority 4;NA
FUN;BWI;FUN;INC;OK;INC000016981684;Priority 4;NA
FIN;DXE;FUN;INC;OK;INC000016981911;Priority 4;NA
CNC;812;CNC;INC;OK;INC000016982060;Priority 4;NA
812;812;FUN;INC;OK;INC000016982165;Priority 4;NA
SEC;812;SEC;SR;OK;INC000016982177;Priority 4;NA
FUN;ETH;FUN;INC;OK;INC000016982558;Priority 4;NA
SCH;BWI;SCH;INC;OK;INC000016982863;Priority 4;NA
FUN;BWI;FUN;INC;OK;INC000016983019;Priority 4;NA
L1;ETH;L1 ;INC;OK;INC000016983520;Priority 4;NA
LAT;LAT;FUN;INC;OK;INC000016983757;Priority 4;NA
FUN;ETH;FUN;INC;OK;INC000016984287;Priority 4;NA
CNC;MNT;MON;SR;OK;INC000016984425;Priority 4;NA
BWI;BWI;FUN;INC;OK;INC000016985094;Priority 4;NA
FUN;812;FUN;INC;OK;INC000016986402;Priority 4;NA
FUN;812;FUN;INC;OK;INC000016986664;Priority 4;NA
FIN;DXE;FUN;INC;OK;INC000016986897;Priority 4;NA
FUN;812;FUN;INC;OK;INC000016986958;Priority 4;NA
L1;BWI;L1 ;INC;OK;INC000016987105;Priority 4;NA
FIN;812;FUN;INC;OK;INC000016987161;Priority 4;NA
FUN;EES;FUN;INC;OK;INC000016987493;Priority 4;NA
812;812;FUN;INC;OK;INC000016987823;Priority 4;NA
FUN;812;FUN;INC;OK;INC000016988055;Priority 4;NA
TEC;BWI;TEC;INC;OK;INC000016988612;Priority 4;NA
FUN;812;FUN;INC;OK;INC000016988859;Priority 4;NA
FUN;ETH;FUN;INC;OK;INC000016989575;Priority 4;NA
FIN;BWI;FUN;INC;OK;INC000016989695;Priority 4;NA
SEC;SYN;SEC;INC;OK;INC000016990071;Priority 4;NA
FUN;BWI;FUN;INC;OK;INC000016990104;Priority 4;NA
CNC;MNT;MON;SR;OK;INC000016990951;Priority 4;NA
FIN;812;FUN;INC;OK;INC000016993324;Priority 4;NA
DCF;DCF;FUN;INC;OK;INC000016993358;Priority 4;NA
812;812;FUN;INC;OK;INC000016993930;Priority 4;NA
L1;812;MON;INC;OK;INC000016993946;Priority 4;NA
FIN;812;FUN;INC;OK;INC000016994148;Priority 4;NA
FUN;812;FUN;INC;OK;INC000016994476;Priority 3;NA
SEC;812;SEC;SR;OK;INC000016994540;Priority 3;NA
TEC;DCF;TEC;INC;OK;INC000016994589;Priority 3;NA
OPS;EMS;OPS;HK;OK;INC000016994792;Priority 3;NA
APS;ETH;APS;INC;OK;INC000016994879;Priority 4;NA
DBA;812;DBA;INC;OK;INC000016995017;Priority 3;NA
FIN;812;FUN;INC;OK;INC000016995169;Priority 4;NA
812;812;FUN;INC;OK;INC000016995534;Priority 4;NA
FUN;812;FUN;INC;OK;INC000016995678;Priority 4;NA
TEC;DCF;TEC;INC;OK;INC000016995790;Priority 3;NA
812;812;FUN;INC;OK;INC000016995874;Priority 4;NA
SEC;DXE;SEC;SR;OK;INC000016995903;Priority 3;NA
FUN;BWI;FUN;INC;OK;INC000016995918;Priority 4;NA
FUN;812;FUN;INC;OK;INC000016996013;Priority 4;NA
FUN;ETH;FUN;INC;OK;INC000016996619;Priority 4;NA
TEC;DCF;TEC;INC;OK;INC000016996683;Priority 4;NA
TEC;ETH;FUN;INC;OK;INC000016996793;Priority 4;NA
APS;ETH;APS;INC;OK;INC000016997076;Priority 3;NA
CNC;MNT;MON;SR;OK;INC000016997104;Priority 3;NA
SEC;SYN;SEC;INC;OK;INC000016997610;Priority 4;NA
L1;BWI;L1 ;INC;OK;INC000016997826;Priority 4;NA
FUN;EES;FUN;INC;OK;INC000016997930;Priority 4;NA
FUN;BWI;FUN;INC;OK;INC000016997988;Priority 4;NA
SEC;SYN;SEC;INC;OK;INC000016998156;Priority 3;NA
APS;ETH;APS;INC;OK;INC000016998285;Priority 3;NA
APS;ETH;APS;INC;OK;INC000016998287;Priority 3;NA
APS;ETH;APS;INC;OK;INC000016998288;Priority 3;NA
APS;ETH;APS;INC;OK;INC000016998289;Priority 3;NA
APS;ETH;APS;INC;OK;INC000016998290;Priority 3;NA
APS;ETH;APS;INC;OK;INC000016998292;Priority 3;NA
APS;ETH;APS;INC;OK;INC000016998374;Priority 3;NA
FUN;BWI;FUN;INC;OK;INC000016998593;Priority 4;NA
DCF;DCF;FUN;INC;OK;INC000016998993;Priority 3;NA
APS;EES;APS;INC;OK;INC000016999305;Priority 3;NA
FUN;ETH;FUN;INC;OK;INC000016999787;Priority 3;NA
CNC;812;CNC;INC;OK;INC000017000592;Priority 4;NA
FIN;812;FUN;INC;OK;INC000017000635;Priority 4;NA
DBA;812;DBA;INC;OK;INC000017000722;Priority 3;NA
OPS;EMS;OPS;HK;OK;INC000017000890;Priority 3;NA
SEC;EMS;OPS;HK;OK;INC000017001039;Priority 4;NA
L1;812;MON;SR;OK;INC000017001391;Priority 4;NA
FIN;812;FUN;INC;OK;INC000017001450;Priority 4;NA
FIN;812;FUN;INC;OK;INC000017001518;Priority 4;NA
DBA;812;DBA;INC;OK;INC000017001662;Priority 3;NA
FUN;812;FUN;INC;OK;INC000017002525;Priority 4;NA
FUN;EES;FUN;INC;OK;INC000017002746;Priority 4;NA
SEC;SYN;SEC;INC;OK;INC000017002753;Priority 4;NA
FUN;EDS;FUN;INC;OK;INC000017003020;Priority 3;NA
FIN;812;FUN;INC;OK;INC000017003204;Priority 4;NA
FIN;812;FUN;INC;OK;INC000017003254;Priority 3;NA
FUN;812;FUN;INC;OK;INC000017003478;Priority 4;NA
FUN;812;FUN;INC;OK;INC000017003564;Priority 3;NA
FUN;BWI;FUN;INC;OK;INC000017003838;Priority 3;NA
SEC;SYN;SEC;INC;OK;INC000017004157;Priority 4;NA
DCF;DCF;FUN;INC;OK;INC000017004175;Priority 4;NA
DCF;DCF;FUN;INC;OK;INC000017004256;Priority 4;NA
FUN;BWI;FUN;INC;OK;INC000017004341;Priority 3;NA
APS;ETH;APS;INC;OK;INC000017004496;Priority 3;NA
APS;ETH;APS;INC;OK;INC000017004497;Priority 3;NA
APS;ETH;APS;INC;OK;INC000017004499;Priority 3;NA
APS;ETH;APS;INC;OK;INC000017004501;Priority 3;NA
APS;ETH;APS;INC;OK;INC000017004502;Priority 3;NA
APS;ETH;APS;INC;OK;INC000017004503;Priority 3;NA
FUN;DXE;FUN;INC;OK;INC000017004659;Priority 3;NA
APS;ETH;APS;INC;OK;INC000017004809;Priority 3;NA
L1;EES;CNC;INC;OK;INC000017005057;Priority 3;NA
FIN;BWI;FUN;INC;OK;INC000017005405;Priority 3;NA
DCF;DCF;FUN;INC;OK;INC000017006559;Priority 3;NA
FUN;812;FUN;INC;OK;INC000017006608;Priority 3;NA
L1;MNT;MON;SR;OK;INC000017006751;Priority 4;NA
FIN;812;FUN;INC;OK;INC000017006762;Priority 4;NA
DCF;DCF;FUN;INC;OK;INC000017006784;Priority 3;NA
FUN;812;FUN;INC;OK;INC000017006998;Priority 4;NA
FIN;812;FUN;INC;OK;INC000017007035;Priority 3;NA
CNC;812;CNC;INC;OK;INC000017007255;Priority 4;NA
CNC;BWI;L1 ;INC;OK;INC000017007274;Priority 4;NA
OPS;EMS;OPS;HK;OK;INC000017007314;Priority 4;NA
FIN;812;FUN;INC;OK;INC000017007592;Priority 3;NA
CNC;ETH;CNC;INC;OK;INC000017007685;Priority 3;NA
FIN;812;FUN;INC;OK;INC000017007866;Priority 3;NA
FUN;812;FUN;INC;OK;INC000017007915;Priority 3;NA
FIN;812;FUN;INC;OK;INC000017007940;Priority 3;NA
L1;MNT;MON;SR;OK;INC000017008043;Priority 4;NA
SEC;SYN;SEC;INC;OK;INC000017008153;Priority 3;NA
MNT;MNT;FUN;INC;OK;INC000017008170;Priority 3;NA
FUN;812;FUN;INC;OK;INC000017008346;Priority 3;NA
FUN;EDS;FUN;INC;OK;INC000017008425;Priority 4;NA
FUN;812;FUN;INC;OK;INC000017008451;Priority 3;NA
FIN;812;FUN;INC;OK;INC000017008651;Priority 3;NA
FUN;BWI;FUN;INC;OK;INC000017008822;Priority 3;NA
SCH;LAT;SCH;INC;OK;INC000017009040;Priority 3;NA
812;812;FUN;INC;OK;INC000017009157;Priority 3;NA
CNC;EMS;CNC;INC;OK;INC000017009635;Priority 4;NA
SEC;SYN;SEC;INC;OK;INC000017010246;Priority 4;NA
APS;ETH;APS;INC;OK;INC000017010247;Priority 3;NA
APS;ETH;APS;INC;OK;INC000017010248;Priority 3;NA
APS;ETH;APS;INC;OK;INC000017010249;Priority 3;NA
APS;ETH;APS;INC;OK;INC000017010250;Priority 3;NA
APS;ETH;APS;INC;OK;INC000017010253;Priority 3;NA
APS;ETH;APS;INC;OK;INC000017010254;Priority 3;NA
APS;ETH;APS;INC;OK;INC000017010311;Priority 3;NA
FUN;BWI;FUN;INC;OK;INC000017010369;Priority 3;NA
SEC;SYN;SEC;INC;OK;INC000017010622;Priority 3;NA
DCF;DCF;FUN;INC;OK;INC000017010941;Priority 3;NA
FUN;LAT;FUN;INC;OK;INC000017010968;Priority 3;NA
TEC;ETH;FUN;INC;OK;INC000017011517;Priority 3;NA
FIN;812;FUN;INC;OK;INC000017011779;Priority 4;NA
CNC;MNT;MON;SR;OK;INC000017011919;Priority 4;NA
SEC;812;SEC;INC;OK;INC000017012417;Priority 3;NA
DCF;DCF;FUN;INC;OK;INC000017012438;Priority 4;NA
812;812;FUN;INC;OK;INC000017012689;Priority 4;NA
OPS;EMS;OPS;HK;OK;INC000017013017;Priority 3;NA
L1;812;MON;INC;OK;INC000017013285;Priority 4;NA
SCH;BWI;SCH;INC;OK;INC000017013468;Priority 3;NA
FUN;EES;FUN;INC;OK;INC000017013551;Priority 4;NA
FUN;EES;FUN;INC;OK;INC000017013558;Priority 4;NA
FUN;EES;FUN;INC;OK;INC000017013564;Priority 4;NA
812;812;FUN;INC;OK;INC000017013602;Priority 3;NA
FIN;BWI;FUN;INC;OK;INC000017013875;Priority 3;NA
FIN;812;FUN;INC;OK;INC000017013985;Priority 3;NA
DBA;812;DBA;INC;OK;INC000017014122;Priority 4;NA
812;812;FUN;INC;OK;INC000017014270;Priority 4;NA
CNC;812;CNC;INC;OK;INC000017014373;Priority 4;NA
FUN;BWI;FUN;INC;OK;INC000017014636;Priority 3;NA
FIN;DXE;FUN;INC;OK;INC000017014715;Priority 4;NA
FIN;812;FUN;INC;OK;INC000017014742;Priority 3;NA
FUN;BWI;FUN;INC;OK;INC000017014992;Priority 4;NA
SEC;SYN;SEC;INC;OK;INC000017015012;Priority 3;NA
SEC;SYN;SEC;INC;OK;INC000017015060;Priority 3;NA
SEC;DCF;SEC;SR;OK;INC000017015112;Priority 4;NA
SCH;LAT;SCH;INC;OK;INC000017015324;Priority 3;NA
SCH;LAT;SCH;INC;OK;INC000017015325;Priority 3;NA
DCF;DCF;FUN;INC;OK;INC000017015459;Priority 4;NA
FUN;BWI;FUN;INC;OK;INC000017015509;Priority 4;NA
CNC;MNT;CNC;INC;OK;INC000017015584;Priority 3;NA
CNC;812;CNC;INC;OK;INC000017015790;Priority 4;NA
SEC;SYN;SEC;INC;OK;INC000017015906;Priority 3;NA
BWI;BWI;FUN;INC;OK;INC000017016376;Priority 3;NA
CNC;812;CNC;INC;OK;INC000017016451;Priority 4;NA
TEC;DCF;TEC;INC;OK;INC000017016854;Priority 3;NA
MNT;MNT;FUN;INC;OK;INC000017016912;Priority 3;NA
OPS;EMS;OPS;HK;OK;INC000017016953;Priority 3;NA
FUN;LAT;FUN;INC;OK;INC000017017043;Priority 4;NA
OPS;EMS;OPS;HK;OK;INC000017017055;Priority 3;NA
FUN;MNT;FUN;INC;OK;INC000017017230;Priority 3;NA
FUN;MNT;FUN;INC;OK;INC000017017662;Priority 4;NA
CNC;812;CNC;INC;OK;INC000017017791;Priority 4;NA
L1;812;MON;SR;OK;INC000017017802;Priority 4;NA
FIN;812;FUN;INC;OK;INC000017017820;Priority 3;NA
FIN;812;FUN;INC;OK;INC000017017850;Priority 3;NA
CNC;812;CNC;INC;OK;INC000017017853;Priority 4;NA
APS;ETH;APS;INC;OK;INC000017017897;Priority 3;NA
FUN;WS;FUN;INC;OK;INC000017017955;Priority 4;NA
DBA;812;DBA;INC;OK;INC000017018044;Priority 4;NA
812;812;FUN;INC;OK;INC000017018073;Priority 4;NA
812;812;FUN;INC;OK;INC000017018122;Priority 4;NA
DCF;DCF;FUN;INC;OK;INC000017018147;Priority 4;NA
812;812;FUN;INC;OK;INC000017018387;Priority 4;NA
FUN;812;FUN;INC;OK;INC000017018588;Priority 3;NA
OPS;EMS;OPS;HK;OK;INC000017018691;Priority 3;NA
DCF;DCF;FUN;SR;OK;INC000017018836;Priority 4;NA
FUN;MNT;FUN;INC;OK;INC000017018949;Priority 3;NA
FUN;LAT;FUN;INC;OK;INC000017019215;Priority 3;NA
FIN;BWI;FUN;INC;OK;INC000017019259;Priority 3;NA
812;812;FUN;INC;OK;INC000017019413;Priority 4;NA
CNC;812;CNC;INC;OK;INC000017019467;Priority 4;NA
DCF;DCF;FUN;INC;OK;INC000017019505;Priority 3;NA
LAT;LAT;FUN;INC;OK;INC000017019580;Priority 4;NA
FIN;812;FUN;INC;OK;INC000017019581;Priority 4;NA
CNC;ETH;CNC;INC;OK;INC000017019736;Priority 3;NA
MNT;MNT;FUN;INC;OK;INC000017019815;Priority 3;NA
TEC;ETH;FUN;INC;OK;INC000017019842;Priority 4;NA
DCF;DCF;FUN;INC;OK;INC000017020054;Priority 3;NA
SEC;SYN;SEC;INC;OK;INC000017020103;Priority 3;NA
FUN;BWI;FUN;INC;OK;INC000017020133;Priority 4;NA
FIN;812;FUN;INC;OK;INC000017020327;Priority 3;NA
DCF;DCF;FUN;INC;OK;INC000017020361;Priority 3;NA
FUN;LAT;FUN;SR;OK;INC000017020477;Priority 4;NA
FIN;812;FUN;INC;OK;INC000017020745;Priority 3;NA
DCF;DCF;FUN;INC;OK;INC000017020973;Priority 3;NA
LAT;LAT;FUN;INC;OK;INC000017021399;Priority 4;NA
SEC;SYN;SEC;INC;OK;INC000017021423;Priority 4;NA
MNT;MNT;FUN;INC;OK;INC000017021597;Priority 3;NA
MNT;MNT;FUN;INC;OK;INC000017021651;Priority 3;NA
MNT;MNT;FUN;INC;OK;INC000017021676;Priority 3;NA
MNT;MNT;FUN;INC;OK;INC000017021751;Priority 3;NA
SCH;LAT;SCH;INC;OK;INC000017021805;Priority 3;NA
MNT;MNT;FUN;INC;OK;INC000017021837;Priority 3;NA
812;812;FUN;INC;OK;INC000017021852;Priority 4;NA
812;812;FUN;INC;OK;INC000017021884;Priority 4;NA
812;812;FUN;INC;OK;INC000017021919;Priority 4;NA
FIN;812;FUN;INC;OK;INC000017021923;Priority 3;NA
FIN;812;FUN;INC;OK;INC000017022065;Priority 3;NA
812;812;FUN;INC;OK;INC000017022208;Priority 4;NA
812;812;FUN;INC;OK;INC000017022248;Priority 4;NA
FUN;BWI;FUN;INC;OK;INC000017022467;Priority 3;NA
FUN;BWI;FUN;INC;OK;INC000017022513;Priority 3;NA
APS;ETH;APS;INC;OK;INC000017022537;Priority 3;NA
OPS;EDS;OPS;HK;OK;INC000017022580;Priority 3;NA
DCF;DCF;FUN;INC;OK;INC000017023085;Priority 3;NA
APS;ETH;APS;INC;OK;INC000017023527;Priority 3;NA
OPS;EDS;OPS;HK;OK;INC000017023571;Priority 3;NA
APS;ETH;APS;INC;OK;INC000017023683;Priority 3;NA
APS;DCF;APS;INC;OK;INC000017024172;Priority 3;NA
SEC;EMS;SEC;INC;OK;INC000017024640;Priority 4;NA
TEC;DCF;TEC;INC;OK;INC000017025249;Priority 3;NA
TEC;DCF;TEC;INC;OK;INC000017025514;Priority 3;NA
FIN;812;FUN;INC;OK;INC000017025551;Priority 3;NA
DBA;812;DBA;INC;OK;INC000017025932;Priority 4;NA
FIN;DXE;FUN;INC;OK;INC000017026057;Priority 4;NA
DCF;DCF;FUN;INC;OK;INC000017026072;Priority 3;NA
CNC;812;CNC;INC;OK;INC000017026127;Priority 3;NA
FIN;812;FUN;INC;OK;INC000017026274;Priority 3;NA
SCH;BWI;SCH;INC;OK;INC000017026651;Priority 3;NA
SCH;LAT;SCH;INC;OK;INC000017026691;Priority 3;NA
TEC;DCF;TEC;INC;OK;INC000017026838;Priority 3;NA
SEC;SYN;SEC;INC;OK;INC000017026968;Priority 3;NA
DCF;DCF;FUN;INC;OK;INC000017026975;Priority 4;NA
TEC;DCF;TEC;INC;OK;INC000017027067;Priority 4;NA
FUN;DXE;FUN;INC;OK;INC000017027086;Priority 3;NA
FIN;812;FUN;INC;OK;INC000017027087;Priority 4;NA
FUN;812;FUN;INC;OK;INC000017027198;Priority 3;NA
LAT;LAT;FUN;INC;OK;INC000017027322;Priority 4;NA
L1;MNT;MON;SR;OK;INC000017027882;Priority 4;NA
APS;ETH;APS;INC;OK;INC000017027918;Priority 3;NA
APS;ETH;APS;INC;OK;INC000017027919;Priority 3;NA
APS;ETH;APS;INC;OK;INC000017027920;Priority 3;NA
APS;ETH;APS;INC;OK;INC000017027925;Priority 3;NA
APS;ETH;APS;INC;OK;INC000017027927;Priority 3;NA
FIN;812;FUN;INC;OK;INC000017029132;Priority 3;NA
DBA;812;DBA;INC;OK;INC000017029193;Priority 4;NA
DCF;DCF;FUN;INC;OK;INC000017029247;Priority 4;NA
DCF;DCF;FUN;INC;OK;INC000017029256;Priority 4;NA
DCF;DCF;FUN;INC;OK;INC000017029378;Priority 3;NA
SEC;812;SEC;SR;OK;INC000017029445;Priority 3;NA
DCF;DCF;FUN;INC;OK;INC000017029538;Priority 3;NA
DBA;812;DBA;INC;OK;INC000017029582;Priority 4;NA
DCF;DCF;FUN;INC;OK;INC000017030201;Priority 3;NA
CNC;812;CNC;INC;OK;INC000017030207;Priority 3;NA
APS;ETH;APS;INC;OK;INC000017030239;Priority 4;NA
FUN;BWI;FUN;INC;OK;INC000017030712;Priority 4;NA
FIN;812;FUN;INC;OK;INC000017031388;Priority 3;NA
DBA;812;DBA;INC;OK;INC000017031436;Priority 3;NA
LAT;LAT;FUN;INC;OK;INC000017031656;Priority 4;NA
FIN;812;FUN;INC;OK;INC000017031680;Priority 3;NA
LAT;LAT;FUN;INC;OK;INC000017031739;Priority 4;NA
LAT;LAT;FUN;INC;OK;INC000017031759;Priority 4;NA
APS;ETH;APS;INC;OK;INC000017031897;Priority 3;NA
APS;ETH;APS;INC;OK;INC000017031898;Priority 3;NA
APS;EES;APS;INC;OK;INC000017032184;Priority 3;NA
DBA;812;DBA;INC;OK;INC000017032725;Priority 4;NA
SEC;EMS;SEC;INC;OK;INC000017033094;Priority 4;NA
FUN;812;FUN;INC;OK;INC000017033309;Priority 4;NA
DCF;DCF;FUN;INC;OK;INC000017033356;Priority 3;NA
FUN;812;FUN;INC;OK;INC000017033457;Priority 4;NA
FUN;812;FUN;INC;OK;INC000017034399;Priority 3;NA
FUN;812;FUN;INC;OK;INC000017034480;Priority 4;NA
SEC;WS;SEC;INC;OK;INC000017034618;Priority 3;NA
812;812;FUN;INC;OK;INC000017034620;Priority 4;NA
TEC;ETH;FUN;INC;OK;INC000017034684;Priority 3;NA
LEAD;DCF;FUN;INC;OK;INC000017035854;Priority 2;NA
SEC;SYN;SEC;INC;OK;INC000017036392;Priority 4;NA
FUN;BWI;FUN;INC;OK;INC000017036858;Priority 3;NA
SEC;SYN;SEC;INC;OK;INC000017037021;Priority 3;NA
APS;EES;APS;INC;OK;INC000017037146;Priority 3;NA
SEC;SYN;SEC;INC;OK;INC000017037496;Priority 4;NA
APS;ETH;APS;INC;OK;INC000017037663;Priority 3;NA
APS;ETH;APS;INC;OK;INC000017037665;Priority 3;NA
APS;ETH;APS;INC;OK;INC000017037666;Priority 3;NA
APS;ETH;APS;INC;OK;INC000017037667;Priority 3;NA
APS;ETH;APS;INC;OK;INC000017037668;Priority 3;NA
APS;ETH;APS;INC;OK;INC000017037669;Priority 3;NA
APS;ETH;APS;INC;OK;INC000017037670;Priority 3;NA
APS;ETH;APS;INC;OK;INC000017037672;Priority 3;NA
APS;ETH;APS;INC;OK;INC000017037673;Priority 3;NA
L1;BWI;L1 ;INC;OK;INC000017037745;Priority 4;NA
LAT;LAT;FUN;INC;OK;INC000017038079;Priority 3;NA
SEC;SYN;SEC;INC;OK;INC000017038269;Priority 3;NA
CNC;BWI;L1 ;INC;OK;INC000017038280;Priority 3;NA
OPS;EMS;OPS;HK;OK;INC000017040175;Priority 4;NA
SEC;SYN;SEC;INC;OK;INC000017040735;Priority 4;NA
FUN;ETH;FUN;INC;OK;INC000017040996;Priority 4;NA
TEC;ETH;FUN;INC;OK;INC000017042277;Priority 3;NA
TEC;ETH;FUN;INC;OK;INC000017042576;Priority 3;NA
L1;BWI;L1 ;INC;OK;INC000017042962;Priority 4;NA
FUN;BWI;FUN;INC;OK;INC000017043127;Priority 3;NA
CNC;BWI;L1 ;INC;OK;INC000017043544;Priority 3;NA
MNT;MNT;FUN;INC;OK;INC000017044171;Priority 3;NA
FUN;BWI;FUN;INC;OK;INC000017046102;Priority 4;NA
SCH;812;SCH;INC;OK;INC000017046543;Priority 3;NA
OPS;EMS;OPS;HK;OK;INC000017047555;Priority 3;NA
CNC;DPY;L1 ;INC;OK;INC000017047566;Priority 3;NA
TEC;DCF;TEC;INC;OK;INC000017047787;Priority 4;NA
SEC;SYN;SEC;INC;OK;INC000017047970;Priority 4;NA
TEC;DCF;TEC;INC;OK;INC000017048334;Priority 3;NA
TEC;ETH;FUN;INC;OK;INC000017049031;Priority 2;NA
DBA;812;DBA;INC;OK;INC000017126315;Priority 4;NA
CNC;EMS;OPS;INC;Defect;INC000017126626;Priority 4;NA
DCF;DCF;FUN;INC;OK;INC000017126841;Priority 4;NA
FUN;812;FUN;INC;Defect;INC000017127037;Priority 4;NA
SEC;EMS;SEC;INC;OK;INC000017127138;Priority 4;NA
OPS;EMS;OPS;HK;OK;INC000017127329;Priority 4;NA
FUN;DXE;FUN;INC;Defect;INC000017127492;Priority 4;NA
FUN;DXE;FUN;INC;Defect;INC000017127596;Priority 4;NA
FUN;812;FUN;INC;Defect;INC000017128086;Priority 4;NA
FIN;812;FUN;INC;OK;INC000017128091;Priority 4;NA
L1;MNT;MON;SR;OK;INC000017128617;Priority 4;NA
DCF;DCF;FUN;INC;OK;INC000017129369;Priority 4;NA
FIN;812;FUN;INC;OK;INC000017129408;Priority 4;NA
FIN;812;FUN;INC;OK;INC000017129451;Priority 4;NA
L1;MNT;MON;SR;OK;INC000017129560;Priority 4;NA
L1;MNT;MON;SR;OK;INC000017129600;Priority 4;NA
FUN;BWI;FUN;INC;OK;INC000017129615;Priority 4;NA
FUN;ETH;FUN;INC;OK;INC000017129821;Priority 4;NA
DCF;DCF;FUN;INC;OK;INC000017129964;Priority 4;NA
CNC;812;CNC;INC;OK;INC000017129967;Priority 4;NA
L1;MNT;MON;SR;OK;INC000017130615;Priority 4;NA
MNT;MNT;FUN;INC;Defect;INC000017130794;Priority 4;NA
FUN;EES;FUN;INC;OK;INC000017130837;Priority 4;NA
FUN;812;FUN;INC;Defect;INC000017132560;Priority 4;NA
FUN;812;FUN;INC;Defect;INC000017132809;Priority 4;NA
FIN;812;FUN;SR;OK;INC000017132850;Priority 4;NA
FIN;812;FUN;INC;OK;INC000017132917;Priority 4;NA
FIN;812;FUN;SR;OK;INC000017133083;Priority 4;NA
L1;812;MON;SR;OK;INC000017133203;Priority 4;NA
OPS;EMS;OPS;HK;OK;INC000017133264;Priority 4;NA
FUN;DXE;FUN;INC;OK;INC000017133651;Priority 4;NA
SEC;SYN;SEC;INC;OK;INC000017133758;Priority 4;NA
SEC;SYN;SEC;INC;OK;INC000017133986;Priority 4;NA
FUN;BWI;FUN;INC;OK;INC000017134054;Priority 4;NA
SEC;SYN;SEC;INC;OK;INC000017134572;Priority 4;NA
FIN;812;FUN;INC;OK;INC000017134578;Priority 4;NA
FUN;LAT;FUN;INC;OK;INC000017134678;Priority 4;NA
FUN;BWI;FUN;INC;OK;INC000017134698;Priority 4;NA
FUN;812;FUN;INC;Defect;INC000017134847;Priority 4;NA
L1;EMS;MON;INC;OK;INC000017134944;Priority 4;NA
APS;ETH;APS;INC;OK;INC000017135086;Priority 4;NA
DCF;DCF;FUN;INC;OK;INC000017135345;Priority 4;NA
DCF;DCF;FUN;INC;OK;INC000017135529;Priority 4;NA
FIN;BWI;FUN;INC;OK;INC000017135601;Priority 4;NA
FUN;EES;FUN;INC;Defect;INC000017135838;Priority 4;NA
OPS;WS;OPS;INC;OK;INC000017136216;Priority 4;NA
FUN;MNT;FUN;INC;OK;INC000017136601;Priority 4;NA
LAT;LAT;FUN;INC;OK;INC000017136846;Priority 4;NA
FIN;BWI;FUN;INC;OK;INC000017136924;Priority 4;NA
CNC;812;CNC;INC;OK;INC000017137488;Priority 4;NA
CNC;812;CNC;INC;OK;INC000017137928;Priority 4;NA
DBA;812;DBA;INC;OK;INC000017138191;Priority 3;NA
DCF;DCF;FUN;INC;OK;INC000017138436;Priority 3;NA
DCF;DCF;FUN;INC;Defect;INC000017138722;Priority 3;NA
FIN;812;FUN;INC;OK;INC000017138786;Priority 3;NA
OPS;EMS;OPS;HK;OK;INC000017138876;Priority 4;NA
DCF;DCF;FUN;INC;OK;INC000017138959;Priority 3;NA
FIN;812;FUN;INC;OK;INC000017139106;Priority 4;NA
DBA;812;DBA;INC;OK;INC000017139283;Priority 4;NA
CNC;812;CNC;INC;OK;INC000017139336;Priority 4;NA
FUN;812;FUN;INC;Defect;INC000017139350;Priority 4;NA
FIN;812;FUN;INC;OK;INC000017139420;Priority 3;NA
FUN;BWI;FUN;INC;OK;INC000017139431;Priority 4;NA
SEC;812;SEC;INC;OK;INC000017139501;Priority 4;NA
FIN;812;FUN;SR;OK;INC000017139502;Priority 4;NA
812;812;FUN;INC;OK;INC000017139517;Priority 3;NA
SEC;SYN;SEC;INC;OK;INC000017139524;Priority 4;NA
FIN;812;FUN;INC;OK;INC000017139544;Priority 4;NA
FIN;812;FUN;SR;OK;INC000017139642;Priority 3;NA
CNC;812;CNC;INC;OK;INC000017139651;Priority 4;NA
FUN;812;FUN;INC;Defect;INC000017139658;Priority 4;NA
FUN;812;FUN;INC;OK;INC000017139663;Priority 4;NA
FUN;812;FUN;INC;Defect;INC000017139850;Priority 3;NA
FUN;812;FUN;INC;Defect;INC000017139898;Priority 3;NA
FIN;812;FUN;INC;OK;INC000017139947;Priority 3;NA
FIN;812;FUN;INC;Defect;INC000017140013;Priority 3;NA
TEC;DCF;TEC;INC;OK;INC000017140106;Priority 3;NA
FIN;812;FUN;INC;OK;INC000017140124;Priority 3;NA
FIN;812;FUN;INC;OK;INC000017140289;Priority 3;NA
FIN;DXE;FUN;INC;Defect;INC000017140290;Priority 4;NA
L1;MNT;MON;SR;OK;INC000017140331;Priority 4;NA
FIN;812;FUN;INC;OK;INC000017140360;Priority 3;NA
L1;BWI;L1 ;INC;OK;INC000017140668;Priority 4;NA
FIN;812;FUN;INC;Defect;INC000017140684;Priority 3;NA
FIN;812;FUN;INC;OK;INC000017140857;Priority 3;NA
FUN;ETH;FUN;INC;OK;INC000017140892;Priority 4;NA
DCF;DCF;FUN;INC;Defect;INC000017141031;Priority 4;NA
FIN;812;FUN;INC;OK;INC000017141032;Priority 3;NA
FUN;LAT;FUN;INC;Defect;INC000017141129;Priority 4;NA
FUN;812;FUN;INC;Defect;INC000017141232;Priority 4;NA
DCF;DCF;FUN;INC;OK;INC000017141471;Priority 4;NA
APS;ETH;APS;INC;OK;INC000017141524;Priority 4;NA
APS;ETH;APS;INC;OK;INC000017141525;Priority 3;NA
APS;ETH;APS;INC;OK;INC000017141526;Priority 3;NA
APS;ETH;APS;INC;OK;INC000017141527;Priority 3;NA
APS;ETH;APS;INC;OK;INC000017141611;Priority 3;NA
SEC;SYN;SEC;INC;OK;INC000017141676;Priority 3;NA
SEC;SYN;SEC;INC;Defect;INC000017141721;Priority 3;NA
SEC;SYN;SEC;INC;OK;INC000017142261;Priority 4;NA
FIN;812;FUN;INC;OK;INC000017143138;Priority 3;NA
FUN;812;FUN;INC;Defect;INC000017143395;Priority 4;NA
FUN;812;FUN;INC;Defect;INC000017143436;Priority 4;NA
FIN;812;FUN;INC;OK;INC000017143718;Priority 3;NA
FIN;812;FUN;INC;OK;INC000017143748;Priority 3;NA
FIN;812;FUN;INC;OK;INC000017143881;Priority 3;NA
FUN;812;FUN;INC;Defect;INC000017143898;Priority 4;NA
FUN;LAT;FUN;INC;OK;INC000017144092;Priority 3;NA
FIN;812;FUN;INC;OK;INC000017144203;Priority 4;NA
SEC;SYN;SEC;INC;OK;INC000017144243;Priority 3;NA
L1;BWI;L1 ;INC;OK;INC000017144749;Priority 3;NA
APS;ETH;APS;INC;OK;INC000017144820;Priority 3;NA
TEC;ETH;FUN;INC;OK;INC000017144975;Priority 3;NA
FUN;812;FUN;INC;Defect;INC000017145036;Priority 4;NA
DBA;812;DBA;INC;OK;INC000017145091;Priority 4;NA
FIN;812;FUN;INC;OK;INC000017145119;Priority 3;NA
FIN;812;FUN;INC;OK;INC000017145127;Priority 4;NA
FUN;EES;FUN;INC;OK;INC000017145139;Priority 4;NA
OPS;EMS;OPS;INC;OK;INC000017145176;Priority 4;NA
FUN;DXE;FUN;INC;OK;INC000017145216;Priority 3;NA
FUN;812;FUN;INC;Defect;INC000017145252;Priority 3;NA
DCF;DCF;FUN;INC;OK;INC000017145378;Priority 3;NA
FIN;812;FUN;INC;OK;INC000017145828;Priority 4;NA
FUN;LAT;FUN;INC;OK;INC000017145834;Priority 4;NA
TEC;DCF;TEC;INC;OK;INC000017145846;Priority 3;NA
FIN;812;FUN;INC;OK;INC000017145851;Priority 4;NA
SEC;SYN;SEC;INC;OK;INC000017145919;Priority 4;NA
FIN;812;FUN;INC;Defect;INC000017145955;Priority 4;NA
TEC;DCF;TEC;INC;OK;INC000017146005;Priority 3;NA
FIN;BWI;FUN;INC;OK;INC000017146120;Priority 4;NA
SEC;ETH;SEC;INC;OK;INC000017146150;Priority 4;NA
FIN;812;FUN;INC;Defect;INC000017146292;Priority 4;NA
FUN;BWI;FUN;INC;Defect;INC000017146302;Priority 4;NA
SEC;SYN;SEC;INC;OK;INC000017146378;Priority 3;NA
TEC;DCF;TEC;INC;OK;INC000017146431;Priority 3;NA
FUN;ETH;FUN;INC;OK;INC000017146929;Priority 4;NA
MNT;MNT;FUN;INC;OK;INC000017147247;Priority 3;NA
DBA;812;DBA;INC;OK;INC000017147355;Priority 4;NA
SCH;LAT;SCH;INC;OK;INC000017147392;Priority 3;NA
MNT;MNT;FUN;INC;OK;INC000017147454;Priority 3;NA
FIN;812;FUN;INC;OK;INC000017147487;Priority 4;NA
MNT;MNT;FUN;INC;OK;INC000017147591;Priority 3;NA
FIN;812;FUN;INC;OK;INC000017147622;Priority 4;NA
CNC;BWI;L1 ;INC;OK;INC000017147644;Priority 4;NA
FIN;812;FUN;INC;OK;INC000017147689;Priority 4;NA
FUN;ETH;FUN;INC;OK;INC000017147853;Priority 4;NA
FIN;812;FUN;INC;OK;INC000017147870;Priority 4;NA
FIN;812;FUN;INC;OK;INC000017147993;Priority 4;NA
FUN;812;FUN;INC;OK;INC000017148005;Priority 3;NA
FIN;812;FUN;INC;OK;INC000017148028;Priority 4;NA
FUN;BWI;FUN;INC;OK;INC000017148056;Priority 3;NA
FIN;812;FUN;INC;OK;INC000017148068;Priority 3;NA
FUN;BWI;FUN;INC;OK;INC000017148070;Priority 3;NA
FIN;812;FUN;INC;OK;INC000017148096;Priority 3;NA
FIN;812;FUN;INC;OK;INC000017148099;Priority 4;NA
FIN;812;FUN;INC;OK;INC000017148101;Priority 4;NA
TEC;812;FUN;INC;OK;INC000017148124;Priority 3;NA
FIN;812;FUN;INC;OK;INC000017148131;Priority 4;NA
TEC;ETH;FUN;INC;OK;INC000017148175;Priority 3;NA
TEC;ETH;FUN;INC;OK;INC000017148176;Priority 3;NA
TEC;ETH;FUN;INC;OK;INC000017148178;Priority 3;NA
FIN;812;FUN;INC;OK;INC000017148183;Priority 4;NA
DBA;812;DBA;INC;OK;INC000017148366;Priority 4;NA
DBA;812;DBA;INC;OK;INC000017148592;Priority 4;NA
DBA;812;DBA;INC;OK;INC000017148657;Priority 4;NA
FIN;812;FUN;INC;Defect;INC000017148903;Priority 4;NA
DCF;DCF;FUN;INC;OK;INC000017149814;Priority 3;NA
SCH;LAT;SCH;INC;OK;INC000017149993;Priority 3;NA
SCH;LAT;SCH;INC;OK;INC000017149994;Priority 3;NA
SCH;LAT;SCH;INC;OK;INC000017149996;Priority 3;NA
SCH;LAT;SCH;INC;OK;INC000017149997;Priority 3;NA
SCH;LAT;SCH;INC;OK;INC000017149998;Priority 3;NA
SCH;LAT;SCH;INC;OK;INC000017149999;Priority 3;NA
SCH;LAT;SCH;INC;OK;INC000017150000;Priority 3;NA
SCH;LAT;SCH;INC;OK;INC000017150001;Priority 3;NA
SCH;LAT;SCH;INC;OK;INC000017150002;Priority 3;NA
812;812;FUN;INC;OK;INC000017150412;Priority 4;NA
FUN;812;FUN;INC;Defect;INC000017150422;Priority 4;NA
OPS;WS;OPS;HK;OK;INC000017150579;Priority 3;NA
FUN;812;FUN;INC;OK;INC000017150612;Priority 4;NA
DBA;812;DBA;INC;OK;INC000017150735;Priority 4;NA
FUN;812;FUN;INC;Defect;INC000017150994;Priority 3;NA
DBA;812;DBA;INC;OK;INC000017151084;Priority 4;NA
DBA;812;DBA;INC;OK;INC000017151254;Priority 3;NA
FUN;812;FUN;INC;Defect;INC000017151284;Priority 3;NA
APS;ETH;APS;INC;OK;INC000017151296;Priority 3;NA
FUN;812;FUN;INC;OK;INC000017151536;Priority 4;NA
DCF;DCF;FUN;INC;Defect;INC000017151550;Priority 4;NA
FIN;812;FUN;INC;OK;INC000017151729;Priority 3;NA
DBA;812;DBA;INC;OK;INC000017151802;Priority 3;NA
SEC;812;SEC;INC;OK;INC000017151816;Priority 4;NA
FUN;812;FUN;INC;Defect;INC000017151863;Priority 3;NA
FIN;812;FUN;INC;OK;INC000017151970;Priority 3;NA
APS;ETH;APS;INC;OK;INC000017152181;Priority 3;NA
OPS;WS;OPS;INC;OK;INC000017152259;Priority 4;NA
CNC;812;CNC;INC;OK;INC000017152315;Priority 3;NA
FIN;812;FUN;INC;OK;INC000017152344;Priority 4;NA
SEC;SYN;SEC;INC;OK;INC000017152351;Priority 3;NA
SEC;812;SEC;INC;OK;INC000017152421;Priority 4;NA
FIN;812;FUN;INC;OK;INC000017152596;Priority 3;NA
SEC;SYN;SEC;INC;OK;INC000017152606;Priority 4;NA
TEC;LAT;TEC;INC;OK;INC000017152784;Priority 4;NA
SEC;SYN;SEC;INC;OK;INC000017152872;Priority 3;NA
SEC;812;SEC;SR;OK;INC000017152883;Priority 4;NA
FUN;EES;FUN;INC;OK;INC000017153010;Priority 4;NA
FUN;812;FUN;INC;Defect;INC000017153168;Priority 4;NA
FIN;812;FUN;INC;OK;INC000017153203;Priority 3;NA
SEC;SYN;SEC;INC;OK;INC000017153218;Priority 3;NA
FIN;812;FUN;INC;OK;INC000017153377;Priority 3;NA
812;812;FUN;INC;OK;INC000017153389;Priority 4;NA
SEC;EES;SEC;SR;Defect;INC000017153492;Priority 4;NA
FUN;EES;FUN;INC;OK;INC000017153869;Priority 4;NA
SEC;812;SEC;SR;OK;INC000017153893;Priority 4;NA
L1;MNT;MON;SR;OK;INC000017153910;Priority 4;NA
TEC;SYN;FUN;INC;OK;INC000017153957;Priority 4;NA
FUN;812;FUN;INC;Defect;INC000017153958;Priority 4;NA
FUN;DXE;FUN;INC;OK;INC000017154078;Priority 3;NA
FIN;812;FUN;INC;Defect;INC000017154229;Priority 4;NA
FUN;812;FUN;INC;Defect;INC000017154396;Priority 4;NA
DBA;812;DBA;INC;OK;INC000017154684;Priority 4;NA
CNC;812;MON;INC;OK;INC000017154706;Priority 4;NA
FUN;BWI;FUN;INC;OK;INC000017154896;Priority 3;NA
DCF;DCF;FUN;INC;OK;INC000017154918;Priority 4;NA
CNC;812;CNC;INC;OK;INC000017154959;Priority 4;NA
CNC;DXE;CNC;INC;OK;INC000017155122;Priority 3;NA
SEC;SYN;SEC;INC;OK;INC000017155233;Priority 3;NA
FUN;BWI;FUN;INC;OK;INC000017155487;Priority 4;NA
FIN;812;FUN;INC;OK;INC000017155655;Priority 3;NA
FUN;BWI;FUN;INC;OK;INC000017155872;Priority 3;NA
FUN;BWI;FUN;INC;OK;INC000017155923;Priority 4;NA
SEC;SYN;SEC;INC;OK;INC000017156286;Priority 3;NA
LAT;LAT;FUN;INC;OK;INC000017156693;Priority 4;NA
DBA;812;DBA;INC;OK;INC000017156896;Priority 4;NA
CNC;812;CNC;INC;OK;INC000017156969;Priority 3;NA
SCH;LAT;SCH;INC;OK;INC000017157158;Priority 3;NA
FUN;WS;FUN;INC;OK;INC000017157350;Priority 3;NA
FIN;812;FUN;INC;OK;INC000017157491;Priority 4;NA
FUN;812;FUN;INC;Defect;INC000017157520;Priority 4;NA
SEC;EMS;SEC;INC;OK;INC000017158030;Priority 3;NA
FUN;812;FUN;INC;Defect;INC000017158344;Priority 4;NA
FIN;812;FUN;INC;Defect;INC000017158642;Priority 4;NA
LAT;LAT;FUN;INC;OK;INC000017158779;Priority 4;NA
FUN;BWI;FUN;INC;OK;INC000017158861;Priority 4;NA
DCF;DCF;FUN;INC;OK;INC000017159096;Priority 4;NA
TEC;ETH;FUN;INC;OK;INC000017159219;Priority 3;NA
SEC;SYN;SEC;INC;OK;INC000017159500;Priority 3;NA
TEC;ETH;FUN;INC;OK;INC000017159575;Priority 3;NA
FIN;812;FUN;INC;OK;INC000017159671;Priority 3;NA
FUN;ETH;FUN;INC;OK;INC000017159696;Priority 3;NA
APS;ETH;APS;INC;OK;INC000017159734;Priority 4;NA
LAT;LAT;FUN;INC;OK;INC000017159853;Priority 4;NA
SEC;812;SEC;SR;OK;INC000017160008;Priority 3;NA
FUN;EES;FUN;INC;OK;INC000017160245;Priority 4;NA
FIN;BWI;FUN;INC;OK;INC000017160246;Priority 3;NA
None;ETH;TEC;INC;OK;INC000017160284;Priority 4;NA
SEC;SYN;SEC;INC;OK;INC000017160572;Priority 3;NA
FIN;BWI;FUN;INC;OK;INC000017160718;Priority 4;NA
None;SYN;FUN;INC;OK;INC000017160880;Priority 3;NA
DBA;812;DBA;INC;OK;INC000017160982;Priority 3;NA
DCF;DCF;FUN;INC;OK;INC000017161069;Priority 3;NA
SEC;SYN;SEC;INC;OK;INC000017161235;Priority 3;NA
APS;DCF;APS;INC;OK;INC000017161300;Priority 3;NA
TEC;LAT;TEC;INC;OK;INC000017161511;Priority 4;NA
FUN;ETH;FUN;INC;OK;INC000017161581;Priority 3;NA
FUN;ETH;FUN;INC;OK;INC000017161583;Priority 4;NA
TEC;LAT;TEC;INC;OK;INC000017161596;Priority 4;NA
TEC;BWI;TEC;INC;OK;INC000017161715;Priority 4;NA
SEC;EMS;OPS;HK;OK;INC000017161718;Priority 3;NA
CNC;BWI;L1 ;INC;OK;INC000017162118;Priority 4;NA
SCH;LAT;SCH;INC;OK;INC000017162951;Priority 3;NA
L1;812;MON;SR;OK;INC000017162963;Priority 4;NA
DCF;DCF;FUN;INC;OK;INC000017163044;Priority 4;NA
FUN;812;FUN;INC;Defect;INC000017163118;Priority 4;NA
FIN;812;FUN;INC;Defect;INC000017163233;Priority 4;NA
DCF;DCF;FUN;INC;OK;INC000017163237;Priority 4;NA
DCF;DCF;FUN;INC;OK;INC000017163265;Priority 3;NA
DCF;DCF;FUN;INC;OK;INC000017163295;Priority 4;NA
FUN;WS;FUN;INC;OK;INC000017163616;Priority 3;NA
FUN;812;FUN;INC;OK;INC000017163778;Priority 4;NA
FIN;812;FUN;INC;OK;INC000017163830;Priority 3;NA
FUN;812;FUN;INC;OK;INC000017163890;Priority 4;NA
DCF;DCF;FUN;INC;OK;INC000017163986;Priority 4;NA
OPS;EMS;OPS;HK;OK;INC000017164041;Priority 4;NA
FUN;812;FUN;INC;OK;INC000017164054;Priority 3;NA
FUN;812;FUN;INC;OK;INC000017164243;Priority 4;NA
FUN;WS;FUN;INC;OK;INC000017164306;Priority 3;NA
FUN;812;FUN;INC;Defect;INC000017164315;Priority 4;NA
FUN;ETH;FUN;INC;OK;INC000017164537;Priority 3;NA
SEC;SYN;SEC;INC;OK;INC000017164569;Priority 3;NA
FUN;812;FUN;INC;OK;INC000017164628;Priority 4;NA
SEC;SYN;SEC;INC;OK;INC000017164648;Priority 3;NA
SEC;SYN;SEC;INC;Defect;INC000017164877;Priority 3;NA
FUN;812;FUN;INC;Defect;INC000017165021;Priority 3;NA
FUN;ETH;FUN;INC;OK;INC000017165212;Priority 4;NA
DBA;812;DBA;INC;OK;INC000017165260;Priority 3;NA
FUN;ETH;FUN;INC;OK;INC000017165366;Priority 3;NA
L1;BWI;L1 ;INC;OK;INC000017165400;Priority 4;NA
FUN;MNT;FUN;INC;OK;INC000017165542;Priority 4;NA
FUN;812;FUN;INC;OK;INC000017165664;Priority 3;NA
FUN;BWI;FUN;INC;OK;INC000017166042;Priority 4;NA
DCF;DCF;FUN;INC;OK;INC000017166046;Priority 3;NA
DCF;DCF;FUN;INC;OK;INC000017166107;Priority 3;NA
CNC;812;MON;INC;OK;INC000017166390;Priority 4;NA
TEC;BWI;TEC;INC;OK;INC000017166404;Priority 4;NA
TEC;ETH;FUN;INC;OK;INC000017166526;Priority 3;NA
APS;EES;APS;INC;OK;INC000017166697;Priority 3;NA
DBA;812;DBA;INC;OK;INC000017166699;Priority 4;NA
APS;ETH;APS;INC;OK;INC000017166816;Priority 3;NA
FUN;LAT;FUN;INC;OK;INC000017166868;Priority 3;NA
TEC;ETH;FUN;INC;OK;INC000017166974;Priority 3;NA
DBA;812;DBA;INC;OK;INC000017166976;Priority 4;NA
SEC;LAT;SEC;INC;OK;INC000017167465;Priority 4;NA
FUN;LAT;FUN;INC;OK;INC000017167543;Priority 4;NA
CNC;MNT;CNC;INC;OK;INC000017168320;Priority 3;NA
DBA;812;DBA;INC;OK;INC000017168596;Priority 4;NA
812;812;FUN;INC;OK;INC000017168724;Priority 3;NA
FIN;812;FUN;INC;Defect;INC000017168914;Priority 4;NA
FUN;812;FUN;INC;OK;INC000017168970;Priority 4;NA
APS;EES;APS;INC;OK;INC000017169097;Priority 3;NA
FUN;812;FUN;INC;OK;INC000017169104;Priority 4;NA
FUN;812;FUN;INC;OK;INC000017169292;Priority 4;NA
CNC;DXE;CNC;INC;OK;INC000017169487;Priority 3;NA
OPS;EMS;OPS;HK;OK;INC000017169552;Priority 4;NA
FIN;812;FUN;INC;OK;INC000017169746;Priority 3;NA
DBA;812;DBA;INC;OK;INC000017169785;Priority 4;NA
FUN;812;FUN;INC;Defect;INC000017169920;Priority 4;NA
L!;BWI;L1 ;INC;OK;INC000017170073;Priority 3;NA
FIN;812;FUN;INC;OK;INC000017170103;Priority 3;NA
SEC;SYN;SEC;INC;OK;INC000017170140;Priority 4;NA
FUN;812;FUN;INC;Defect;INC000017170321;Priority 4;NA
FUN;DXE;FUN;INC;OK;INC000017170334;Priority 4;NA
DCF;DCF;FUN;INC;OK;INC000017170363;Priority 3;NA
MNT;MNT;FUN;INC;Defect;INC000017170407;Priority 4;NA
FUN;812;FUN;INC;Defect;INC000017170529;Priority 4;NA
FIN;812;FUN;INC;Defect;INC000017170674;Priority 4;NA
TEC;SYN;FUN;INC;Defect;INC000017171140;Priority 3;NA
SEC;SYN;SEC;INC;OK;INC000017171337;Priority 4;NA
SEC;SYN;SEC;INC;OK;INC000017171370;Priority 3;NA
CNC;DPY;CNC;INC;OK;INC000017171372;Priority 4;NA
SEC;SYN;SEC;INC;OK;INC000017171400;Priority 3;NA
None;SYN;FUN;INC;OK;INC000017171436;Priority 3;NA
FIN;812;FUN;INC;OK;INC000017171463;Priority 4;NA
FUN;BWI;FUN;INC;OK;INC000017171546;Priority 3;NA
CNC;812;MON;INC;OK;INC000017171668;Priority 1;NA
SEC;SYN;SEC;INC;OK;INC000017171731;Priority 3;NA
FUN;ETH;FUN;INC;OK;INC000017171799;Priority 3;NA
SEC;SYN;SEC;INC;OK;INC000017171985;Priority 3;NA
DCF;DCF;FUN;INC;OK;INC000017172408;Priority 4;NA
CNC;MNT;CNC;INC;OK;INC000017173016;Priority 3;NA
CNC;812;CNC;INC;OK;INC000017173131;Priority 3;NA
MNT;MNT;FUN;INC;OK;INC000017173373;Priority 3;NA
MNT;MNT;FUN;INC;OK;INC000017173562;Priority 3;NA
FIN;812;FUN;INC;OK;INC000017173653;Priority 3;NA
TEC;ETH;FUN;INC;OK;INC000017173818;Priority 3;NA
FIN;812;FUN;INC;OK;INC000017173912;Priority 3;NA
FIN;812;FUN;INC;OK;INC000017174034;Priority 3;NA
FIN;812;FUN;INC;OK;INC000017174118;Priority 4;NA
DCF;DCF;FUN;INC;OK;INC000017174178;Priority 4;NA
DCF;DCF;FUN;INC;OK;INC000017174240;Priority 4;NA
FUN;812;FUN;INC;Defect;INC000017174273;Priority 4;NA
FIN;812;FUN;INC;Defect;INC000017174324;Priority 4;NA
CNC;812;CNC;INC;OK;INC000017174481;Priority 4;NA
FIN;812;FUN;INC;OK;INC000017174498;Priority 3;NA
OPS;EMS;OPS;HK;OK;INC000017174772;Priority 4;NA
FIN;812;FUN;INC;Defect;INC000017174822;Priority 4;NA
FUN;812;FUN;INC;OK;INC000017174854;Priority 3;NA
FUN;812;FUN;INC;Defect;INC000017174876;Priority 4;NA
CNC;ETH;L1 ;INC;OK;INC000017175234;Priority 3;NA
FUN;812;FUN;INC;Defect;INC000017175302;Priority 4;NA
APS;ETH;APS;INC;OK;INC000017175304;Priority 3;NA
FUN;812;FUN;INC;Defect;INC000017175349;Priority 4;NA
FIN;812;INS;INC;OK;INC000017175363;Priority 4;NA
FUN;DXE;FUN;INC;OK;INC000017175450;Priority 3;NA
FUN;EES;FUN;INC;OK;INC000017175516;Priority 4;NA
SEC;SYN;SEC;INC;OK;INC000017175654;Priority 3;NA
TEC;ETH;FUN;INC;OK;INC000017175823;Priority 3;NA
APS;ETH;APS;INC;OK;INC000017175827;Priority 4;NA
FIN;812;FUN;INC;OK;INC000017175854;Priority 3;NA
FUN;812;FUN;INC;Defect;INC000017176272;Priority 3;NA
FIN;BWI;FUN;INC;OK;INC000017176275;Priority 3;NA
SEC;SYN;SEC;INC;OK;INC000017176650;Priority 3;NA
FUN;BWI;FUN;INC;OK;INC000017176933;Priority 4;NA
TEC;DCF;TEC;INC;OK;INC000017176989;Priority 3;NA
TEC;ETH;FUN;INC;OK;INC000017177210;Priority 3;NA
L1;CRD;MON;INC;OK;INC000017177865;Priority 4;NA
APS;ETH;APS;INC;OK;INC000017177898;Priority 3;NA
APS;ETH;APS;INC;OK;INC000017177899;Priority 3;NA
APS;ETH;APS;INC;OK;INC000017177901;Priority 3;NA
APS;ETH;APS;INC;OK;INC000017177903;Priority 3;NA
APS;ETH;APS;INC;OK;INC000017177904;Priority 3;NA
APS;ETH;APS;INC;OK;INC000017177905;Priority 3;NA
APS;ETH;APS;INC;OK;INC000017177906;Priority 3;NA
APS;ETH;APS;INC;OK;INC000017177907;Priority 3;NA
FUN;MNT;FUN;INC;OK;INC000017178136;Priority 3;NA
FUN;MNT;FUN;INC;OK;INC000017178239;Priority 3;NA
FUN;MNT;FUN;INC;OK;INC000017178312;Priority 3;NA
CNC;EMS;CNC;INC;OK;INC000017178479;Priority 3;NA
FUN;MNT;FUN;INC;OK;INC000017178521;Priority 3;NA
TEC;ETH;FUN;INC;OK;INC000017178563;Priority 3;NA
DCF;DCF;FUN;INC;OK;INC000017178709;Priority 3;NA
DBA;812;DBA;INC;OK;INC000017178762;Priority 4;NA
FUN;WS;FUN;INC;OK;INC000017179320;Priority 3;NA
LEAD;DCF;FUN;INC;OK;INC000017179423;Priority 3;NA
SCH;LAT;SCH;INC;OK;INC000017179433;Priority 4;NA
LEAD;DCF;FUN;INC;OK;INC000017179475;Priority 3;NA
APS;EES;APS;INC;OK;INC000017179791;Priority 3;NA
APS;ETH;APS;INC;OK;INC000017180347;Priority 3;NA
APS;ETH;APS;INC;OK;INC000017180729;Priority 3;NA
CNC;812;MON;INC;OK;INC000017180957;Priority 4;NA
SEC;812;SEC;SR;OK;INC000017181022;Priority 3;NA
FUN;812;FUN;INC;OK;INC000017181253;Priority 4;NA
FUN;812;FUN;INC;Defect;INC000017181397;Priority 3;NA
SCH;LAT;SCH;INC;OK;INC000017181574;Priority 4;NA
SCH;LAT;SCH;INC;OK;INC000017181575;Priority 4;NA
FUN;812;FUN;INC;Defect;INC000017181684;Priority 3;NA
FIN;812;FUN;INC;OK;INC000017181742;Priority 3;NA
FIN;812;FUN;INC;OK;INC000017181859;Priority 3;NA
FIN;812;FUN;INC;OK;INC000017182117;Priority 3;NA
TEC;DCF;TEC;INC;OK;INC000017182407;Priority 3;NA
SEC;SYN;SEC;INC;OK;INC000017182416;Priority 3;NA
FUN;DXE;FUN;INC;OK;INC000017182417;Priority 3;NA
TEC;DCF;TEC;INC;OK;INC000017182427;Priority 3;NA
SCH;LAT;SCH;INC;OK;INC000017182492;Priority 4;NA
FIN;812;FUN;INC;Defect;INC000017182507;Priority 3;NA
FUN;812;FUN;INC;OK;INC000017182592;Priority 3;NA
DCF;DCF;FUN;INC;OK;INC000017182625;Priority 3;NA
FUN;812;FUN;INC;Defect;INC000017182751;Priority 3;NA
DBA;812;DBA;INC;OK;INC000017182786;Priority 3;NA
FUN;812;FUN;INC;Defect;INC000017182817;Priority 3;NA
FUN;812;FUN;INC;OK;INC000017182929;Priority 4;NA
SEC;SYN;SEC;INC;OK;INC000017182940;Priority 4;NA
SEC;812;SEC;SR;OK;INC000017182961;Priority 3;NA
FUN;BWI;FUN;INC;OK;INC000017182978;Priority 4;NA
DCF;DCF;FUN;INC;OK;INC000017183171;Priority 3;NA
CNC;MNT;MON;SR;OK;INC000017183448;Priority 4;NA
FUN;ETH;FUN;INC;OK;INC000017183464;Priority 4;NA
DCF;DCF;FUN;INC;OK;INC000017183480;Priority 4;NA
CNC;MNT;MON;SR;OK;INC000017183633;Priority 4;NA
FIN;812;FUN;INC;OK;INC000017183665;Priority 3;NA
CNC;MNT;MON;SR;OK;INC000017183847;Priority 4;NA
APS;ETH;APS;INC;OK;INC000017183887;Priority 4;NA
SEC;SYN;SEC;INC;OK;INC000017184271;Priority 3;NA
FIN;812;FUN;INC;Defect;INC000017184327;Priority 4;NA
APS;DCF;APS;INC;OK;INC000017184436;Priority 3;NA
FIN;812;FUN;INC;Defect;INC000017184548;Priority 3;NA
APS;DCF;APS;INC;OK;INC000017184720;Priority 4;NA
FUN;812;FUN;INC;Defect;INC000017184838;Priority 4;NA
TEC;DCF;TEC;INC;OK;INC000017184872;Priority 3;NA
TEC;DCF;TEC;INC;OK;INC000017184978;Priority 3;NA
FIN;BWI;FUN;INC;OK;INC000017185003;Priority 4;NA
SEC;SYN;SEC;INC;OK;INC000017185106;Priority 4;NA
CNC;MNT;MON;SR;OK;INC000017185174;Priority 4;NA
LAT;LAT;FUN;INC;OK;INC000017185300;Priority 4;NA
L1;MNT;MON;SR;OK;INC000017185708;Priority 4;NA
TEC;DCF;TEC;INC;OK;INC000017185712;Priority 3;NA
FUN;SYN;FUN;INC;OK;INC000017185888;Priority 3;NA
SEC;SYN;SEC;INC;OK;INC000017185930;Priority 3;NA
CNC;BWI;L1 ;SR;OK;INC000017186049;Priority 4;NA
TEC;BWI;TEC;INC;OK;INC000017186071;Priority 4;NA
MNT;MNT;FUN;INC;OK;INC000017186153;Priority 3;NA
SEC;SYN;SEC;INC;OK;INC000017186558;Priority 3;NA
SEC;SYN;SEC;INC;OK;INC000017186748;Priority 4;NA
OPS;EMS;OPS;HK;OK;INC000017186816;Priority 3;NA
SEC;SYN;SEC;INC;OK;INC000017187447;Priority 3;NA
TEC;ETH;FUN;INC;OK;INC000017187793;Priority 3;NA
TEC;ETH;FUN;INC;OK;INC000017187794;Priority 3;NA
FUN;812;FUN;INC;Defect;INC000017188197;Priority 4;NA
DCF;DCF;FUN;INC;OK;INC000017188306;Priority 4;NA
DCF;DCF;FUN;INC;OK;INC000017188354;Priority 3;NA
FIN;812;FUN;INC;Defect;INC000017188391;Priority 4;NA
FIN;812;FUN;INC;OK;INC000017188429;Priority 3;NA
SCH;LAT;SCH;INC;OK;INC000017188565;Priority 3;NA
FIN;DXE;FUN;INC;OK;INC000017188656;Priority 4;NA
SEC;SYN;SEC;INC;OK;INC000017188712;Priority 4;NA
L1;812;MON;SR;OK;INC000017188823;Priority 4;NA
FUN;812;FUN;INC;OK;INC000017188876;Priority 3;NA
FIN;812;FUN;INC;Defect;INC000017188973;Priority 4;NA
FIN;812;FUN;INC;OK;INC000017188999;Priority 4;NA
SEC;ETH;SEC;INC;OK;INC000017189334;Priority 4;NA
CNC;MNT;MON;SR;OK;INC000017189371;Priority 4;NA
SEC;SYN;SEC;INC;OK;INC000017189550;Priority 4;NA
FUN;BWI;FUN;INC;OK;INC000017189659;Priority 4;NA
SEC;812;SEC;SR;OK;INC000017189696;Priority 3;NA
FIN;812;FUN;INC;OK;INC000017189769;Priority 3;NA
CNC;812;CNC;INC;Defect;INC000017189832;Priority 4;NA
FUN;812;FUN;INC;Defect;INC000017189857;Priority 3;NA
FIN;812;FUN;INC;OK;INC000017189936;Priority 3;NA
SEC;SYN;SEC;INC;OK;INC000017189944;Priority 3;NA
FIN;812;FUN;INC;Defect;INC000017190003;Priority 4;NA
DCF;DCF;FUN;INC;OK;INC000017190074;Priority 3;NA
FUN;812;FUN;INC;OK;INC000017190214;Priority 3;NA
FUN;812;FUN;INC;OK;INC000017190244;Priority 4;NA
LEAD;DCF;FUN;INC;OK;INC000017190392;Priority 3;NA
CNC;BWI;CNC;INC;OK;INC000017190911;Priority 4;NA
FUN;ETH;FUN;INC;OK;INC000017191418;Priority 4;NA
FIN;BWI;FUN;INC;OK;INC000017191420;Priority 4;NA
APS;EES;APS;INC;OK;INC000017191754;Priority 4;NA
SEC;SYN;SEC;INC;OK;INC000017192123;Priority 3;NA
FUN;ETH;FUN;INC;OK;INC000017192308;Priority 3;NA
TEC;ETH;FUN;INC;OK;INC000017192348;Priority 3;NA
CNC;MNT;CNC;INC;Defect;INC000017192722;Priority 4;NA
FUN;LAT;FUN;INC;OK;INC000017193056;Priority 4;NA
FUN;812;FUN;INC;OK;INC000017193538;Priority 3;NA
SEC;SYN;SEC;INC;OK;INC000017193688;Priority 4;NA
L1;812;MON;SR;OK;INC000017193838;Priority 4;NA
SEC;812;SEC;SR;OK;INC000017193869;Priority 3;NA
TEC;ETH;FUN;INC;OK;INC000017193873;Priority 3;NA
TEC;ETH;FUN;INC;OK;INC000017193874;Priority 3;NA
TEC;ETH;FUN;INC;OK;INC000017193875;Priority 3;NA
TEC;ETH;FUN;INC;OK;INC000017193876;Priority 3;NA
FUN;WS;FUN;INC;Defect;INC000017194244;Priority 4;NA
TEC;DCF;TEC;INC;OK;INC000017194277;Priority 3;NA
FIN;812;FUN;INC;OK;INC000017194649;Priority 4;NA
FUN;812;FUN;INC;OK;INC000017194764;Priority 4;NA
FUN;WS;FUN;INC;Defect;INC000017194806;Priority 3;NA
FUN;812;FUN;INC;OK;INC000017194992;Priority 4;NA
SEC;SYN;SEC;INC;OK;INC000017195102;Priority 4;NA
FUN;BWI;FUN;INC;OK;INC000017195119;Priority 4;NA
FUN;EES;FUN;INC;OK;INC000017195794;Priority 4;NA
FIN;812;FUN;INC;OK;INC000017195849;Priority 4;NA
DCF;DCF;FUN;INC;OK;INC000017196008;Priority 3;NA
SCH;LAT;SCH;INC;OK;INC000017196080;Priority 3;NA
SCH;LAT;SCH;INC;OK;INC000017196082;Priority 3;NA
FUN;812;FUN;INC;OK;INC000017196138;Priority 4;NA
FUN;BWI;FUN;INC;OK;INC000017196183;Priority 3;NA
CNC;EES;CNC;INC;OK;INC000017196284;Priority 3;NA
SEC;SYN;SEC;INC;OK;INC000017196395;Priority 4;NA
FUN;812;FUN;INC;Defect;INC000017196538;Priority 4;NA
SEC;SYN;SEC;INC;OK;INC000017196559;Priority 3;NA
SEC;SYN;SEC;INC;OK;INC000017196976;Priority 3;NA
CNC;EES;CNC;INC;OK;INC000017197071;Priority 4;NA
FUN;ETH;FUN;INC;OK;INC000017197150;Priority 3;NA
FUN;ETH;FUN;INC;OK;INC000017197347;Priority 3;NA
FUN;ETH;FUN;INC;OK;INC000017197551;Priority 3;NA
CNC;BWI;L1 ;INC;OK;INC000017197634;Priority 4;NA
FUN;ETH;FUN;INC;OK;INC000017197683;Priority 3;NA
FUN;ETH;FUN;INC;OK;INC000017197742;Priority 3;NA
FUN;ETH;FUN;INC;Defect;INC000017197863;Priority 4;NA
APS;ETH;APS;INC;OK;INC000017197917;Priority 3;NA
APS;ETH;APS;INC;OK;INC000017197918;Priority 3;NA
APS;ETH;APS;INC;OK;INC000017197919;Priority 3;NA
APS;ETH;APS;INC;OK;INC000017197922;Priority 3;NA
APS;ETH;APS;INC;OK;INC000017197923;Priority 3;NA
APS;ETH;APS;INC;OK;INC000017197924;Priority 3;NA
APS;ETH;APS;INC;OK;INC000017197925;Priority 3;NA
APS;ETH;APS;INC;OK;INC000017197926;Priority 3;NA
FUN;BWI;FUN;INC;OK;INC000017197940;Priority 3;NA
DBA;812;DBA;INC;OK;INC000017198125;Priority 4;NA
SEC;812;SEC;INC;OK;INC000017199108;Priority 4;NA
SEC;DCF;SEC;SR;OK;INC000017199121;Priority 4;NA
DCF;DCF;FUN;INC;OK;INC000017199186;Priority 4;NA
FUN;812;FUN;INC;OK;INC000017199273;Priority 4;NA
L1;MNT;MON;SR;OK;INC000017199567;Priority 4;NA
SEC;WS;SEC;INC;OK;INC000017199601;Priority 3;NA
FIN;DXE;FUN;INC;OK;INC000017199892;Priority 3;NA
FUN;812;FUN;INC;OK;INC000017200210;Priority 3;NA
SCH;LAT;SCH;INC;OK;INC000017200329;Priority 3;NA
SEC;WS;SEC;SR;OK;INC000017200481;Priority 3;NA
CNC;MNT;MON;SR;OK;INC000017200610;Priority 4;NA
FUN;BWI;FUN;INC;OK;INC000017200766;Priority 4;NA
FUN;812;FUN;INC;OK;INC000017200944;Priority 4;NA
FUN;812;FUN;INC;OK;INC000017201122;Priority 3;NA
CNC;812;CNC;INC;OK;INC000017201148;Priority 4;NA
FUN;812;FUN;INC;OK;INC000017201372;Priority 4;NA
DCF;DCF;FUN;INC;OK;INC000017201535;Priority 4;NA
DCF;DCF;FUN;INC;OK;INC000017201574;Priority 3;NA
SEC;SYN;SEC;INC;OK;INC000017201778;Priority 3;NA
SEC;SYN;SEC;INC;OK;INC000017201802;Priority 3;NA
SCH;LAT;SCH;INC;OK;INC000017201808;Priority 3;NA
FUN;812;FUN;INC;Defect;INC000017201826;Priority 3;NA
TEC;ETH;FUN;INC;OK;INC000017202005;Priority 3;NA
TEC;ETH;FUN;INC;OK;INC000017202011;Priority 3;NA
TEC;ETH;FUN;INC;OK;INC000017202012;Priority 3;NA
TEC;ETH;FUN;SR;OK;INC000017202021;Priority 4;NA
CNC;BWI;L1 ;INC;OK;INC000017202221;Priority 4;NA
TEC;ETH;FUN;INC;OK;INC000017202316;Priority 4;NA
TEC;ETH;FUN;INC;OK;INC000017202323;Priority 4;NA
TEC;ETH;FUN;INC;OK;INC000017202324;Priority 4;NA
TEC;ETH;FUN;INC;OK;INC000017202327;Priority 3;NA
TEC;ETH;FUN;INC;OK;INC000017202363;Priority 3;NA
TEC;ETH;FUN;INC;OK;INC000017202388;Priority 3;NA
TEC;ETH;FUN;INC;OK;INC000017202390;Priority 3;NA
TEC;ETH;FUN;INC;OK;INC000017202452;Priority 2;NA
TEC;ETH;FUN;INC;OK;INC000017202512;Priority 3;NA
DBA;812;DBA;INC;OK;INC000017202773;Priority 3;NA
SEC;SYN;SEC;INC;OK;INC000017202991;Priority 4;NA
FUN;LAT;FUN;INC;OK;INC000017203338;Priority 4;NA
MNT;MNT;FUN;INC;OK;INC000017203610;Priority 3;NA
MNT;MNT;FUN;INC;OK;INC000017203679;Priority 3;NA
APS;DCF;APS;INC;OK;INC000017203795;Priority 3;NA
MNT;MNT;FUN;INC;OK;INC000017203823;Priority 3;NA
MNT;MNT;FUN;INC;OK;INC000017203849;Priority 3;NA
DCF;DCF;FUN;INC;OK;INC000017204130;Priority 4;NA
FIN;812;FUN;INC;OK;INC000017204450;Priority 4;NA
L1;812;MON;SR;OK;INC000017204502;Priority 4;NA
TEC;DCF;TEC;INC;OK;INC000017204621;Priority 3;NA
L1;812;MON;SR;OK;INC000017204748;Priority 4;NA
DCF;DCF;FUN;INC;OK;INC000017204825;Priority 3;NA
CNC;EMS;CNC;INC;OK;INC000017205020;Priority 4;NA
FUN;812;FUN;INC;Defect;INC000017205082;Priority 3;NA
L1;812;MON;SR;OK;INC000017205150;Priority 4;NA
FIN;812;FUN;INC;Defect;INC000017205292;Priority 3;NA
TEC;LAT;TEC;INC;OK;INC000017205375;Priority 4;NA
SEC;SYN;SEC;INC;OK;INC000017205735;Priority 4;NA
FUN;812;FUN;INC;OK;INC000017205776;Priority 4;NA
TEC;LAT;TEC;INC;OK;INC000017205881;Priority 4;NA
TEC;SYN;FUN;INC;OK;INC000017206074;Priority 3;NA
CNC;BWI;L1 ;INC;OK;INC000017206124;Priority 4;NA
SEC;SYN;SEC;INC;OK;INC000017206175;Priority 3;NA
TEC;ETH;FUN;INC;OK;INC000017206224;Priority 3;NA
TEC;DCF;TEC;INC;OK;INC000017206263;Priority 3;NA
TEC;SYN;FUN;INC;OK;INC000017206439;Priority 4;NA
DCF;DCF;FUN;INC;OK;INC000017206519;Priority 4;NA
TEC;LAT;TEC;INC;OK;INC000017206552;Priority 4;NA
SEC;SYN;SEC;INC;OK;INC000017206756;Priority 4;NA
FUN;MNT;FUN;INC;OK;INC000017206763;Priority 3;NA
SEC;SYN;SEC;INC;OK;INC000017206844;Priority 3;NA
FUN;ETH;FUN;INC;OK;INC000017207154;Priority 4;NA
CNC;DCF;CNC;INC;OK;INC000017207852;Priority 3;NA
FUN;MNT;FUN;INC;OK;INC000017208374;Priority 3;NA
DCF;DCF;FUN;INC;OK;INC000017208428;Priority 4;NA
FUN;MNT;FUN;INC;OK;INC000017208454;Priority 3;NA
FUN;MNT;FUN;INC;OK;INC000017208666;Priority 3;NA
CNC;812;CNC;INC;OK;INC000017208898;Priority 3;NA
FUN;BWI;FUN;INC;OK;INC000017209062;Priority 3;NA
CNC;BWI;L1 ;INC;OK;INC000017209095;Priority 4;NA
APS;DCF;APS;INC;OK;INC000017209453;Priority 3;NA
FUN;WS;FUN;INC;OK;INC000017209774;Priority 4;NA
812;812;FUN;INC;OK;INC000017210110;Priority 4;NA
APS;DCF;APS;INC;OK;INC000017210809;Priority 3;NA
LEAD;DCF;FUN;INC;OK;INC000017210817;Priority 3;NA
TEC;ETH;FUN;INC;OK;INC000017211029;Priority 4;NA
DCF;DCF;FUN;INC;OK;INC000017211413;Priority 4;NA
SEC;WS;SEC;INC;OK;INC000017211498;Priority 3;NA
L1;812;MON;SR;OK;INC000017211779;Priority 4;NA
FIN;812;FUN;INC;OK;INC000017212284;Priority 4;NA
FIN;812;FUN;SR;OK;INC000017212763;Priority 4;NA
APS;DCF;APS;INC;OK;INC000017212891;Priority 3;NA
FUN;BWI;FUN;INC;OK;INC000017212948;Priority 4;NA
SEC;SYN;SEC;INC;OK;INC000017212971;Priority 4;NA
SEC;812;SEC;SR;OK;INC000017213184;Priority 4;NA
FUN;BWI;FUN;INC;OK;INC000017213264;Priority 4;NA
FUN;BWI;FUN;INC;OK;INC000017213290;Priority 3;NA
SEC;WS;SEC;INC;OK;INC000017213310;Priority 3;NA
DCF;DCF;FUN;INC;OK;INC000017213557;Priority 3;NA
TEC;BWI;TEC;INC;OK;INC000017213574;Priority 3;NA
SEC;SYN;SEC;INC;OK;INC000017213863;Priority 3;NA
SEC;SYN;SEC;INC;OK;INC000017214605;Priority 3;NA
FUN;ETH;FUN;INC;OK;INC000017214622;Priority 3;NA
SCH;LAT;SCH;INC;OK;INC000017214682;Priority 3;NA
CNC;EES;CNC;INC;OK;INC000017214901;Priority 4;NA
SEC;SYN;SEC;INC;OK;INC000017214938;Priority 3;NA
DCF;DCF;FUN;INC;OK;INC000017215204;Priority 3;NA
FUN;ETH;FUN;INC;OK;INC000017215294;Priority 3;NA
SEC;SYN;SEC;INC;OK;INC000017215580;Priority 3;NA
APS;ETH;APS;INC;OK;INC000017215964;Priority 3;NA
APS;ETH;APS;INC;OK;INC000017215965;Priority 3;NA
APS;ETH;APS;INC;OK;INC000017215966;Priority 3;NA
APS;ETH;APS;INC;OK;INC000017215967;Priority 3;NA
APS;ETH;APS;INC;OK;INC000017215968;Priority 3;NA
APS;ETH;APS;INC;OK;INC000017215969;Priority 3;NA
APS;ETH;APS;INC;OK;INC000017215970;Priority 3;NA
APS;ETH;APS;INC;OK;INC000017215971;Priority 3;NA
APS;ETH;APS;INC;OK;INC000017215973;Priority 3;NA
L1;BWI;L1 ;INC;OK;INC000017216016;Priority 4;NA
FUN;BWI;FUN;INC;OK;INC000017216027;Priority 3;NA
SEC;SYN;SEC;INC;OK;INC000017216031;Priority 3;NA
CNC;812;MON;INC;OK;INC000017217037;Priority 4;NA
FIN;812;FUN;INC;OK;INC000017217104;Priority 3;NA
FUN;DXE;FUN;INC;OK;INC000017217466;Priority 3;NA
SEC;812;SEC;INC;OK;INC000017217539;Priority 4;NA
OPS;EMS;OPS;HK;OK;INC000017217721;Priority 3;NA
FIN;DXE;FUN;INC;OK;INC000017217846;Priority 4;NA
FUN;DXE;FUN;INC;OK;INC000017217849;Priority 3;NA
FUN;ETH;FUN;INC;OK;INC000017218098;Priority 3;NA
CNC;BWI;L1 ;SR;OK;INC000017218118;Priority 4;NA
FUN;BWI;FUN;INC;OK;INC000017218201;Priority 4;NA
CNC;812;CNC;INC;OK;INC000017218340;Priority 3;NA
SEC;SYN;SEC;INC;OK;INC000017218396;Priority 3;NA
DBA;812;DBA;INC;OK;INC000017218473;Priority 4;NA
TEC;ETH;FUN;INC;OK;INC000017218482;Priority 3;NA
SEC;SYN;SEC;INC;OK;INC000017218566;Priority 3;NA
CNC;812;MON;INC;OK;INC000017218867;Priority 4;NA
CNC;812;CNC;INC;OK;INC000017218937;Priority 4;NA
FIN;812;FUN;INC;OK;INC000017218999;Priority 3;NA
SEC;EMS;SEC;SR;OK;INC000017219334;Priority 4;NA
APS;EES;APS;INC;OK;INC000017219613;Priority 3;NA
CNC;MNT;MON;SR;OK;INC000017219687;Priority 4;NA
SEC;SYN;SEC;INC;OK;INC000017219996;Priority 4;NA
SEC;SYN;SEC;INC;OK;INC000017220573;Priority 3;NA
SEC;SYN;SEC;INC;OK;INC000017220631;Priority 4;NA
APS;ETH;APS;INC;OK;INC000017220773;Priority 3;NA
APS;ETH;APS;INC;OK;INC000017220774;Priority 3;NA
APS;ETH;APS;INC;OK;INC000017220775;Priority 3;NA
APS;ETH;APS;INC;OK;INC000017220776;Priority 3;NA
APS;ETH;APS;INC;OK;INC000017220779;Priority 3;NA
APS;ETH;APS;INC;OK;INC000017220782;Priority 3;NA
MNT;MNT;FUN;INC;OK;INC000017220791;Priority 3;NA
FUN;BWI;FUN;INC;OK;INC000017221236;Priority 3;NA
CNC;812;CNC;INC;OK;INC000017221682;Priority 3;NA
SEC;812;SEC;SR;OK;INC000017221711;Priority 4;NA
DCF;DCF;FUN;INC;OK;INC000017222018;Priority 4;NA
SEC;812;SEC;SR;OK;INC000017222098;Priority 4;NA
FIN;812;FUN;INC;OK;INC000017222133;Priority 3;NA
SCH;LAT;SCH;INC;OK;INC000017222478;Priority 3;NA
812;812;FUN;INC;OK;INC000017222670;Priority 2;NA
DBA;812;DBA;INC;OK;INC000017222736;Priority 4;NA
DBA;812;DBA;INC;OK;INC000017222882;Priority 3;NA
FUN;812;FUN;INC;OK;INC000017223107;Priority 3;NA
SEC;SYN;SEC;INC;OK;INC000017223299;Priority 3;NA
FUN;ETH;FUN;INC;OK;INC000017223358;Priority 3;NA
SEC;812;SEC;SR;OK;INC000017223404;Priority 4;NA
CNC;812;CNC;INC;OK;INC000017223454;Priority 4;NA
SEC;SYN;SEC;INC;OK;INC000017223677;Priority 3;NA
FUN;ETH;FUN;INC;OK;INC000017223705;Priority 3;NA
FUN;EES;FUN;INC;OK;INC000017223800;Priority 4;NA
SEC;SYN;SEC;INC;OK;INC000017224299;Priority 3;NA
SEC;SYN;SEC;INC;OK;INC000017224504;Priority 4;NA
TEC;ETH;FUN;INC;OK;INC000017224621;Priority 3;NA
OPS;EMS;OPS;HK;OK;INC000017224855;Priority 4;NA
LAT;LAT;FUN;INC;OK;INC000017225591;Priority 4;NA
APS;EES;APS;INC;OK;INC000017226082;Priority 3;NA
APS;ETH;APS;INC;OK;INC000017226181;Priority 3;NA
APS;ETH;APS;INC;OK;INC000017226182;Priority 3;NA
APS;ETH;APS;INC;OK;INC000017226183;Priority 3;NA
APS;ETH;APS;INC;OK;INC000017226184;Priority 3;NA
APS;ETH;APS;INC;OK;INC000017226186;Priority 3;NA
APS;ETH;APS;INC;OK;INC000017226187;Priority 3;NA
APS;ETH;APS;INC;OK;INC000017226188;Priority 3;NA
APS;ETH;APS;INC;OK;INC000017226189;Priority 3;NA
APS;ETH;APS;INC;OK;INC000017226190;Priority 3;NA
APS;ETH;APS;INC;OK;INC000017226191;Priority 3;NA
FUN;BWI;FUN;INC;OK;INC000017226252;Priority 4;NA
DCF;DCF;FUN;INC;OK;INC000017227453;Priority 4;NA
DBA;812;DBA;INC;OK;INC000017228018;Priority 4;NA
CNC;812;CNC;INC;OK;INC000017228257;Priority 4;NA
SEC;SYN;SEC;INC;OK;INC000017228419;Priority 3;NA
OPS;EMS;OPS;HK;OK;INC000017228496;Priority 4;NA
SEC;SYN;SEC;INC;OK;INC000017228764;Priority 3;NA
None;DXE;MON;INC;OK;INC000017228777;Priority 3;NA
DCF;DCF;FUN;INC;OK;INC000017228962;Priority 3;NA
SCH;812;SCH;INC;OK;INC000017228981;Priority 3;NA
CNC;DCF;CNC;INC;OK;INC000017229258;Priority 3;NA
TEC;ETH;FUN;INC;OK;INC000017229712;Priority 3;NA
CNC;BWI;L1 ;INC;OK;INC000017229738;Priority 4;NA
TEC;SYN;FUN;INC;OK;INC000017229833;Priority 3;NA
TEC;SYN;FUN;INC;OK;INC000017229849;Priority 3;NA
SEC;SYN;SEC;INC;OK;INC000017230021;Priority 4;NA
SEC;EMS;SEC;SR;OK;INC000017230636;Priority 3;NA
TEC;ETH;FUN;INC;OK;INC000017231026;Priority 3;NA
L1;BWI;L1 ;INC;OK;INC000017231199;Priority 4;NA
APS;ETH;APS;INC;OK;INC000017231252;Priority 3;NA
APS;ETH;APS;INC;OK;INC000017231253;Priority 3;NA
APS;ETH;APS;INC;OK;INC000017231255;Priority 3;NA
APS;ETH;APS;INC;OK;INC000017231256;Priority 3;NA
APS;ETH;APS;INC;OK;INC000017231257;Priority 3;NA
APS;ETH;APS;INC;OK;INC000017231258;Priority 3;NA
APS;ETH;APS;INC;OK;INC000017231259;Priority 3;NA
APS;ETH;APS;INC;OK;INC000017231260;Priority 3;NA
FUN;MNT;FUN;INC;OK;INC000017231922;Priority 3;NA
CNC;812;CNC;INC;OK;INC000017232438;Priority 4;NA
FIN;812;FUN;INC;OK;INC000017232541;Priority 4;NA
L1;MNT;MON;SR;OK;INC000017232867;Priority 4;NA
FUN;BWI;FUN;INC;OK;INC000017233672;Priority 4;NA
FUN;ETH;FUN;INC;OK;INC000017233763;Priority 3;NA
APS;ETH;APS;INC;OK;INC000017233931;Priority 3;NA
CNC;BWI;L1 ;INC;OK;INC000017233934;Priority 4;NA
TEC;ETH;FUN;INC;OK;INC000017234326;Priority 3;NA
TEC;DCF;TEC;INC;OK;INC000017235216;Priority 3;NA
TEC;ETH;FUN;SR;OK;INC000017235467;Priority 4;NA
FUN;LAT;FUN;INC;OK;INC000017263337;Priority 4;NA
FIN;812;FUN;INC;OK;INC000017264315;Priority 4;NA
DBA;812;DBA;INC;OK;INC000017264480;Priority 4;NA
FIN;812;FUN;INC;OK;INC000017264529;Priority 4;NA
FUN;812;FUN;INC;OK;INC000017264652;Priority 4;NA
FIN;812;FUN;INC;OK;INC000017264734;Priority 4;NA
MNT;MNT;FUN;INC;OK;INC000017264740;Priority 4;NA
FIN;812;FUN;INC;OK;INC000017264768;Priority 4;NA
FUN;BWI;FUN;INC;OK;INC000017264922;Priority 4;NA
FUN;ETH;FUN;INC;OK;INC000017265023;Priority 4;NA
FUN;812;FUN;INC;Defect;INC000017265078;Priority 4;NA
FIN;812;FUN;INC;Defect;INC000017265383;Priority 4;NA
None;MNT;MON;INC;OK;INC000017265394;Priority 4;NA
DCF;DCF;FUN;INC;OK;INC000017265439;Priority 4;NA
FIN;812;FUN;INC;OK;INC000017265517;Priority 4;NA
FIN;812;FUN;INC;OK;INC000017265656;Priority 4;NA
FUN;EES;FUN;INC;OK;INC000017265808;Priority 4;NA
FIN;812;FUN;INC;OK;INC000017265869;Priority 4;NA
FIN;812;FUN;INC;OK;INC000017266094;Priority 4;NA
SEC;ETH;SEC;INC;OK;INC000017266263;Priority 4;NA
CNC;MNT;MON;SR;OK;INC000017266379;Priority 4;NA
L1;BWI;L1 ;SR;OK;INC000017266963;Priority 4;NA
FIN;BWI;FUN;INC;OK;INC000017267046;Priority 4;NA
FUN;BWI;FUN;INC;OK;INC000017267169;Priority 4;NA
TEC;SYN;FUN;INC;OK;INC000017267427;Priority 4;NA
FIN;812;FUN;INC;OK;INC000017267818;Priority 4;NA
DCF;DCF;FUN;INC;OK;INC000017267863;Priority 4;NA
FIN;812;FUN;INC;OK;INC000017267869;Priority 4;NA
FIN;812;FUN;INC;OK;INC000017267922;Priority 4;NA
FIN;812;FUN;INC;Defect;INC000017267950;Priority 4;NA
FIN;812;FUN;INC;Defect;INC000017268006;Priority 4;NA
FIN;812;FUN;INC;Defect;INC000017268037;Priority 4;NA
FIN;812;FUN;INC;Defect;INC000017268056;Priority 4;NA
FIN;812;FUN;INC;Defect;INC000017268158;Priority 4;NA
FIN;812;FUN;INC;Defect;INC000017268236;Priority 4;NA
SCH;BWI;SCH;INC;OK;INC000017269355;Priority 4;NA
FIN;812;FUN;INC;OK;INC000017271179;Priority 4;NA
FIN;812;FUN;INC;Defect;INC000017271185;Priority 4;NA
FUN;DXE;FUN;INC;OK;INC000017271591;Priority 4;NA
FUN;812;FUN;INC;OK;INC000017271693;Priority 4;NA
FUN;812;FUN;INC;OK;INC000017272093;Priority 4;NA
FUN;BWI;FUN;INC;OK;INC000017272095;Priority 4;NA
DCF;DCF;FUN;INC;Defect;INC000017273204;Priority 4;NA
APS;ETH;APS;INC;OK;INC000017273226;Priority 4;NA
TEC;ETH;FUN;INC;OK;INC000017273343;Priority 4;NA
DCF;DCF;FUN;INC;OK;INC000017273453;Priority 4;NA
CNC;MNT;MON;SR;OK;INC000017273522;Priority 4;NA
TEC;ETH;FUN;INC;OK;INC000017273922;Priority 4;NA
SEC;SYN;SEC;INC;OK;INC000017274701;Priority 4;NA
FUN;ETH;FUN;INC;OK;INC000017275091;Priority 4;NA
MNT;MNT;FUN;INC;Defect;INC000017275139;Priority 4;NA
SEC;EMS;OPS;HK;OK;INC000017275464;Priority 4;NA
None;DPY;CNC;INC;OK;INC000017275851;Priority 4;NA
APS;DCF;APS;INC;OK;INC000017276458;Priority 3;NA
L1;DXE;CNC;INC;OK;INC000017276915;Priority 4;NA
FIN;812;FUN;INC;OK;INC000017276920;Priority 4;NA
SEC;SYN;SEC;INC;OK;INC000017276987;Priority 3;NA
FUN;812;FUN;INC;OK;INC000017277018;Priority 3;NA
FIN;DXE;FUN;INC;OK;INC000017277098;Priority 3;NA
DCF;DCF;FUN;INC;Defect;INC000017277211;Priority 4;NA
FUN;812;FUN;INC;OK;INC000017277250;Priority 4;NA
APS;ETH;APS;INC;Defect;INC000017277376;Priority 4;NA
DBA;812;DBA;INC;OK;INC000017277608;Priority 3;NA
DBA;812;DBA;INC;OK;INC000017277661;Priority 4;NA
CNC;812;CNC;INC;OK;INC000017277740;Priority 4;NA
FUN;812;FUN;INC;OK;INC000017278158;Priority 3;NA
TEC;DCF;TEC;INC;OK;INC000017278277;Priority 3;NA
SEC;SYN;SEC;INC;OK;INC000017278373;Priority 4;NA
FUN;812;FUN;INC;Defect;INC000017278452;Priority 4;NA
SEC;SYN;SEC;INC;OK;INC000017278456;Priority 3;NA
FUN;812;FUN;INC;OK;INC000017278499;Priority 4;NA
SEC;SYN;SEC;INC;OK;INC000017278518;Priority 3;NA
FUN;812;FUN;INC;Defect;INC000017278578;Priority 4;NA
FIN;BWI;FUN;INC;OK;INC000017278592;Priority 4;NA
TEC;DCF;TEC;INC;OK;INC000017278641;Priority 3;NA
FUN;EES;FUN;INC;OK;INC000017278674;Priority 4;NA
FIN;DXE;FUN;INC;OK;INC000017278747;Priority 3;NA
FUN;BWI;FUN;INC;OK;INC000017278812;Priority 4;NA
FUN;812;FUN;INC;Defect;INC000017279025;Priority 3;NA
MNT;MNT;FUN;INC;Defect;INC000017279354;Priority 4;NA
FUN;812;FUN;INC;OK;INC000017279474;Priority 4;NA
TEC;SYN;FUN;INC;OK;INC000017279485;Priority 3;NA
DCF;DCF;FUN;INC;OK;INC000017279511;Priority 4;NA
FUN;BWI;FUN;INC;OK;INC000017279688;Priority 3;NA
FIN;812;FUN;INC;OK;INC000017279742;Priority 4;NA
SEC;EDS;SEC;INC;OK;INC000017279766;Priority 4;NA
APS;ETH;APS;INC;OK;INC000017279837;Priority 3;NA
FUN;ETH;FUN;INC;OK;INC000017279853;Priority 3;NA
FUN;BWI;FUN;INC;OK;INC000017279859;Priority 3;NA
TEC;SYN;FUN;INC;OK;INC000017280014;Priority 3;NA
SEC;ETH;SEC;INC;OK;INC000017280046;Priority 4;NA
FUN;ETH;FUN;INC;OK;INC000017280054;Priority 3;NA
DCF;DCF;FUN;INC;OK;INC000017280602;Priority 3;NA
CNC;MNT;MON;SR;OK;INC000017280813;Priority 4;NA
FUN;BWI;FUN;INC;OK;INC000017281025;Priority 4;NA
FUN;SYN;FUN;INC;OK;INC000017281165;Priority 3;NA
FUN;SYN;FUN;INC;OK;INC000017281175;Priority 3;NA
FUN;BWI;FUN;INC;OK;INC000017281257;Priority 3;NA
FUN;BWI;FUN;INC;OK;INC000017281516;Priority 4;NA
L1;812;MON;INC;OK;INC000017281544;Priority 4;NA
FUN;BWI;FUN;INC;OK;INC000017281659;Priority 3;NA
APS;ETH;APS;INC;OK;INC000017281708;Priority 3;NA
APS;ETH;APS;INC;OK;INC000017281709;Priority 3;NA
APS;ETH;APS;INC;OK;INC000017281710;Priority 3;NA
APS;ETH;APS;INC;OK;INC000017281711;Priority 3;NA
APS;ETH;APS;INC;OK;INC000017281712;Priority 3;NA
APS;ETH;APS;INC;OK;INC000017281713;Priority 3;NA
APS;ETH;APS;INC;OK;INC000017281716;Priority 3;NA
SEC;SYN;SEC;INC;Defect;INC000017281901;Priority 3;NA
FUN;BWI;FUN;INC;OK;INC000017282014;Priority 3;NA
FUN;812;FUN;INC;Defect;INC000017283012;Priority 3;NA
SEC;812;SEC;INC;OK;INC000017283064;Priority 4;NA
FUN;812;FUN;INC;OK;INC000017283171;Priority 3;NA
DCF;DCF;FUN;INC;Defect;INC000017283217;Priority 3;NA
FUN;812;FUN;INC;OK;INC000017283435;Priority 4;NA
DCF;DCF;FUN;INC;OK;INC000017283467;Priority 3;NA
FIN;812;FUN;INC;OK;INC000017283682;Priority 4;NA
SCH;812;SCH;INC;OK;INC000017283778;Priority 3;NA
FUN;DXE;FUN;INC;OK;INC000017283796;Priority 3;NA
FUN;WS;FUN;INC;OK;INC000017284061;Priority 3;NA
FIN;812;FUN;INC;Defect;INC000017284183;Priority 3;NA
TEC;SYN;FUN;INC;Defect;INC000017284207;Priority 3;NA
SEC;ETH;SEC;INC;Defect;INC000017284256;Priority 3;NA
DBA;812;DBA;INC;OK;INC000017284395;Priority 3;NA
FIN;DXE;FUN;INC;OK;INC000017284472;Priority 3;NA
FIN;DXE;FUN;INC;OK;INC000017284481;Priority 3;NA
FIN;DXE;FUN;INC;OK;INC000017284483;Priority 3;NA
FIN;812;FUN;INC;OK;INC000017284537;Priority 4;NA
DBA;812;DBA;INC;OK;INC000017284555;Priority 3;NA
SEC;SYN;SEC;INC;OK;INC000017284742;Priority 3;NA
SEC;SYN;SEC;INC;OK;INC000017284773;Priority 3;NA
FUN;812;FUN;INC;Defect;INC000017284851;Priority 4;NA
DBA;812;DBA;INC;OK;INC000017285328;Priority 3;NA
APS;ETH;APS;INC;OK;INC000017285471;Priority 4;NA
FUN;812;FUN;INC;OK;INC000017285477;Priority 4;NA
FUN;BWI;FUN;INC;OK;INC000017285711;Priority 3;NA
SEC;SYN;SEC;INC;OK;INC000017285786;Priority 4;NA
DCF;DCF;FUN;INC;OK;INC000017286033;Priority 4;NA
CNC;DPY;CNC;INC;OK;INC000017286130;Priority 4;NA
SEC;SYN;SEC;INC;OK;INC000017286156;Priority 4;NA
SEC;SYN;SEC;INC;OK;INC000017286181;Priority 4;NA
FUN;EES;FUN;INC;OK;INC000017286194;Priority 4;NA
TEC;LAT;TEC;INC;OK;INC000017286287;Priority 3;NA
TEC;ETH;FUN;INC;OK;INC000017286515;Priority 4;NA
FUN;812;FUN;INC;Defect;INC000017286652;Priority 4;NA
FUN;812;FUN;INC;Defect;INC000017286676;Priority 4;NA
None;MNT;MON;INC;OK;INC000017286682;Priority 3;NA
CNC;MNT;MON;SR;OK;INC000017286808;Priority 4;NA
APS;ETH;APS;INC;OK;INC000017287597;Priority 3;NA
APS;ETH;APS;INC;OK;INC000017287599;Priority 3;NA
APS;ETH;APS;INC;OK;INC000017287600;Priority 3;NA
APS;ETH;APS;INC;OK;INC000017287601;Priority 3;NA
APS;ETH;APS;INC;OK;INC000017287602;Priority 3;NA
APS;ETH;APS;INC;OK;INC000017287603;Priority 3;NA
APS;ETH;APS;INC;OK;INC000017287604;Priority 3;NA
APS;ETH;APS;INC;OK;INC000017287605;Priority 3;NA
FUN;BWI;FUN;INC;OK;INC000017287613;Priority 3;NA
FUN;BWI;FUN;INC;OK;INC000017287771;Priority 3;NA
SEC;SYN;SEC;INC;OK;INC000017288680;Priority 4;NA
SEC;SYN;SEC;INC;OK;INC000017288686;Priority 4;NA
FUN;812;FUN;INC;OK;INC000017288894;Priority 4;NA
FUN;DXE;FUN;INC;OK;INC000017288960;Priority 4;NA
SEC;812;SEC;SR;OK;INC000017288979;Priority 4;NA
None;MNT;FUN;INC;OK;INC000017289109;Priority 4;NA
APS;DCF;APS;INC;OK;INC000017289176;Priority 3;NA
DCF;DCF;FUN;INC;OK;INC000017289196;Priority 4;NA
SEC;812;SEC;SR;OK;INC000017289207;Priority 4;NA
FUN;DXE;FUN;INC;OK;INC000017289330;Priority 3;NA
CNC;812;CNC;INC;OK;INC000017289403;Priority 3;NA
FUN;812;FUN;INC;OK;INC000017289510;Priority 3;NA
FUN;BWI;FUN;INC;OK;INC000017289567;Priority 4;NA
OPS;EMS;OPS;HK;OK;INC000017289649;Priority 3;NA
SEC;SYN;SEC;INC;OK;INC000017289735;Priority 4;NA
SEC;SYN;SEC;INC;OK;INC000017290047;Priority 3;NA
SEC;SYN;SEC;INC;OK;INC000017290323;Priority 4;NA
SEC;SYN;SEC;INC;OK;INC000017290868;Priority 3;NA
FIN;812;FUN;INC;OK;INC000017290928;Priority 4;NA
TEC;ETH;FUN;INC;OK;INC000017290940;Priority 4;NA
TEC;ETH;FUN;INC;OK;INC000017290957;Priority 3;NA
FUN;ETH;FUN;INC;OK;INC000017291070;Priority 4;NA
TEC;ETH;FUN;INC;OK;INC000017291083;Priority 3;NA
FUN;ETH;FUN;INC;OK;INC000017291120;Priority 3;NA
FUN;ETH;FUN;INC;OK;INC000017291164;Priority 3;NA
SEC;SYN;SEC;INC;OK;INC000017291503;Priority 3;NA
FUN;812;FUN;INC;OK;INC000017291604;Priority 4;NA
FUN;812;FUN;INC;OK;INC000017291891;Priority 3;NA
SEC;SYN;SEC;INC;OK;INC000017292001;Priority 4;NA
FUN;ETH;FUN;INC;OK;INC000017292017;Priority 3;NA
FUN;LAT;FUN;INC;OK;INC000017292118;Priority 4;NA
FUN;ETH;FUN;INC;OK;INC000017292302;Priority 4;NA
TEC;SYN;FUN;INC;OK;INC000017292339;Priority 3;NA
TEC;SYN;FUN;INC;OK;INC000017292365;Priority 3;NA
APS;ETH;APS;INC;OK;INC000017292392;Priority 3;NA
TEC;SYN;FUN;INC;OK;INC000017292413;Priority 3;NA
SEC;SYN;SEC;INC;OK;INC000017292509;Priority 3;NA
FUN;812;FUN;INC;OK;INC000017292539;Priority 4;NA
FUN;BWI;FUN;INC;OK;INC000017292577;Priority 3;NA
FUN;BWI;FUN;SR;OK;INC000017292825;Priority 4;NA
SEC;SYN;SEC;INC;OK;INC000017292857;Priority 3;NA
DCF;DCF;FUN;INC;OK;INC000017293016;Priority 4;NA
DCF;DCF;FUN;INC;OK;INC000017293091;Priority 3;NA
FUN;BWI;FUN;INC;OK;INC000017293104;Priority 3;NA
APS;ETH;APS;INC;OK;INC000017293235;Priority 3;NA
APS;ETH;APS;INC;OK;INC000017293236;Priority 3;NA
APS;ETH;APS;INC;OK;INC000017293239;Priority 3;NA
APS;ETH;APS;INC;OK;INC000017293240;Priority 3;NA
APS;ETH;APS;INC;OK;INC000017293242;Priority 3;NA
L1;BWI;L1 ;INC;OK;INC000017293372;Priority 4;NA
MNT;MNT;FUN;INC;OK;INC000017293546;Priority 3;NA
FUN;DXE;FUN;INC;OK;INC000017294027;Priority 4;NA
SEC;SYN;SEC;INC;Defect;INC000017294459;Priority 3;NA
FUN;812;FUN;INC;OK;INC000017294712;Priority 4;NA
TEC;DCF;TEC;INC;OK;INC000017295203;Priority 3;NA
FIN;812;FUN;INC;Defect;INC000017295357;Priority 4;NA
DCF;DCF;FUN;INC;OK;INC000017295455;Priority 4;NA
MNT;MNT;FUN;INC;Defect;INC000017295717;Priority 4;NA
CNC;ETH;TEC;INC;OK;INC000017295741;Priority 2;NA
None;MNT;FUN;INC;OK;INC000017295746;Priority 3;NA
None;MNT;FUN;INC;OK;INC000017295803;Priority 4;NA
TEC;SYN;FUN;INC;OK;INC000017295854;Priority 3;NA
TEC;DCF;TEC;INC;OK;INC000017295966;Priority 4;NA
TEC;ETH;FUN;INC;OK;INC000017296011;Priority 3;NA
TEC;ETH;FUN;INC;OK;INC000017296012;Priority 3;NA
FIN;812;FUN;INC;OK;INC000017296045;Priority 4;NA
FIN;812;INS;INC;OK;INC000017296123;Priority 4;NA
FIN;DXE;FUN;INC;OK;INC000017296178;Priority 4;NA
TEC;ETH;FUN;INC;OK;INC000017296315;Priority 4;NA
CNC;ETH;TEC;INC;OK;INC000017296444;Priority 3;NA
SEC;812;SEC;INC;OK;INC000017296612;Priority 3;NA
FUN;EES;FUN;INC;Defect;INC000017296906;Priority 4;NA
FUN;EES;FUN;INC;OK;INC000017296965;Priority 4;NA
TEC;ETH;FUN;INC;OK;INC000017297166;Priority 2;NA
FUN;BWI;FUN;INC;OK;INC000017297209;Priority 3;NA
SEC;SYN;SEC;INC;OK;INC000017297233;Priority 3;NA
SEC;SYN;SEC;INC;OK;INC000017297586;Priority 3;NA
APS;ETH;APS;INC;OK;INC000017297677;Priority 3;NA
APS;ETH;APS;INC;OK;INC000017297678;Priority 3;NA
APS;ETH;APS;INC;OK;INC000017297680;Priority 3;NA
APS;ETH;APS;INC;OK;INC000017297683;Priority 3;NA
APS;ETH;APS;INC;OK;INC000017297684;Priority 3;NA
APS;ETH;APS;INC;OK;INC000017297685;Priority 3;NA
APS;ETH;APS;INC;OK;INC000017297686;Priority 3;NA
L1;MNT;MON;SR;OK;INC000017297762;Priority 4;NA
APS;ETH;APS;INC;OK;INC000017297829;Priority 3;NA
MNT;MNT;FUN;INC;OK;INC000017297861;Priority 3;NA
MNT;MNT;FUN;INC;OK;INC000017297894;Priority 3;NA
APS;ETH;APS;INC;OK;INC000017297897;Priority 3;NA
MNT;MNT;FUN;INC;OK;INC000017297950;Priority 3;NA
MNT;MNT;FUN;INC;OK;INC000017298116;Priority 3;NA
APS;ETH;APS;INC;OK;INC000017298999;Priority 3;NA
CNC;MNT;MON;SR;OK;INC000017299010;Priority 4;NA
DCF;DCF;FUN;INC;OK;INC000017299357;Priority 4;NA
FUN;ETH;FUN;INC;OK;INC000017299691;Priority 3;NA
APS;ETH;APS;INC;OK;INC000017299789;Priority 3;NA
APS;ETH;APS;INC;OK;INC000017300450;Priority 3;NA
FUN;812;FUN;INC;Defect;INC000017300467;Priority 4;NA
SEC;812;SEC;SR;OK;INC000017300527;Priority 4;NA
SCH;LAT;SCH;INC;OK;INC000017300647;Priority 3;NA
SCH;LAT;SCH;INC;OK;INC000017300648;Priority 3;NA
SCH;LAT;SCH;INC;OK;INC000017300649;Priority 3;NA
SCH;LAT;SCH;INC;OK;INC000017300652;Priority 3;NA
SCH;LAT;SCH;INC;OK;INC000017300654;Priority 3;NA
SCH;LAT;SCH;INC;OK;INC000017300655;Priority 3;NA
SCH;LAT;SCH;INC;OK;INC000017300657;Priority 3;NA
SCH;LAT;SCH;INC;OK;INC000017300659;Priority 3;NA
FUN;812;FUN;INC;OK;INC000017301010;Priority 3;NA
DCF;DCF;FUN;INC;OK;INC000017301162;Priority 4;NA
FUN;812;FUN;INC;Defect;INC000017301359;Priority 4;NA
DCF;DCF;FUN;INC;Defect;INC000017301385;Priority 3;NA
DCF;DCF;FUN;INC;OK;INC000017301395;Priority 3;NA
TEC;ETH;FUN;INC;OK;INC000017301435;Priority 4;NA
FIN;812;INS;INC;OK;INC000017301524;Priority 4;NA
FUN;ETH;FUN;INC;OK;INC000017301604;Priority 4;NA
SEC;812;SEC;SR;OK;INC000017301774;Priority 4;NA
FUN;EMS;FUN;INC;OK;INC000017301811;Priority 4;NA
DCF;DCF;FUN;INC;OK;INC000017301949;Priority 4;NA
OPS;EMS;OPS;HK;OK;INC000017301970;Priority 4;NA
APS;ETH;APS;INC;OK;INC000017302342;Priority 3;NA
OPS;EMS;OPS;HK;Defect;INC000017302370;Priority 4;NA
FUN;BWI;FUN;INC;OK;INC000017302483;Priority 4;NA
TEC;ETH;FUN;INC;OK;INC000017302594;Priority 3;NA
DCF;DCF;FUN;INC;OK;INC000017302675;Priority 4;NA
FIN;812;FUN;INC;OK;INC000017302739;Priority 4;NA
FIN;812;FUN;INC;OK;INC000017302801;Priority 4;NA
FUN;812;FUN;INC;OK;INC000017303160;Priority 3;NA
TEC;DCF;TEC;INC;OK;INC000017303166;Priority 3;NA
TEC;DCF;TEC;INC;OK;INC000017303767;Priority 3;NA
FUN;ETH;FUN;INC;Defect;INC000017303860;Priority 4;NA
DCF;DCF;FUN;INC;Defect;INC000017303889;Priority 4;NA
FUN;ETH;FUN;INC;OK;INC000017303964;Priority 4;NA
TEC;DCF;TEC;INC;OK;INC000017303989;Priority 3;NA
FUN;BWI;FUN;INC;OK;INC000017304160;Priority 4;NA
SEC;SYN;SEC;INC;OK;INC000017305363;Priority 4;NA
SEC;812;SEC;SR;OK;INC000017305467;Priority 4;NA
FUN;DXE;FUN;INC;Defect;INC000017305482;Priority 3;NA
SEC;812;SEC;SR;OK;INC000017305613;Priority 4;NA
SCH;812;SCH;INC;OK;INC000017305638;Priority 4;NA
DCF;DCF;FUN;INC;OK;INC000017305655;Priority 3;NA
SEC;EMS;SEC;INC;OK;INC000017305816;Priority 3;NA
FIN;DXE;FUN;INC;Defect;INC000017305894;Priority 3;NA
SCH;LAT;SCH;INC;OK;INC000017305950;Priority 3;NA
TEC;DCF;TEC;INC;OK;INC000017306056;Priority 4;NA
DCF;DCF;FUN;INC;OK;INC000017306071;Priority 4;NA
FIN;812;FUN;INC;OK;INC000017306086;Priority 4;NA
DCF;DCF;FUN;INC;Defect;INC000017306107;Priority 4;NA
FIN;812;FUN;INC;OK;INC000017306208;Priority 4;NA
DCF;DCF;FUN;INC;OK;INC000017306215;Priority 4;NA
TEC;DCF;TEC;INC;OK;INC000017306487;Priority 3;NA
CNC;DCF;CNC;INC;OK;INC000017306523;Priority 2;NA
TEC;DCF;TEC;INC;OK;INC000017306604;Priority 3;NA
FIN;812;FUN;INC;Defect;INC000017306625;Priority 4;NA
FIN;BWI;FUN;INC;OK;INC000017306646;Priority 4;NA
TEC;DCF;TEC;INC;OK;INC000017306680;Priority 3;NA
FUN;812;FUN;INC;OK;INC000017306736;Priority 4;NA
SEC;SYN;SEC;INC;OK;INC000017307392;Priority 4;NA
FIN;812;FUN;INC;OK;INC000017307442;Priority 4;NA
CNC;812;L1 ;INC;OK;INC000017307637;Priority 4;NA
FUN;EES;FUN;INC;OK;INC000017307746;Priority 4;NA
FUN;LAT;FUN;INC;OK;INC000017307809;Priority 4;NA
OPS;WS;OPS;INC;OK;INC000017307886;Priority 3;NA
CNC;MNT;CNC;INC;OK;INC000017308232;Priority 3;NA
TEC;DCF;TEC;INC;OK;INC000017308294;Priority 3;NA
FUN;LAT;FUN;INC;OK;INC000017308400;Priority 2;NA
CNC;EES;CNC;INC;OK;INC000017308425;Priority 2;NA
CNC;DPY;L1 ;INC;OK;INC000017308470;Priority 4;NA
SEC;SYN;SEC;INC;OK;INC000017308476;Priority 3;NA
FIN;812;FUN;INC;OK;INC000017308602;Priority 3;NA
APS;ETH;APS;INC;OK;INC000017308655;Priority 4;NA
FUN;ETH;FUN;INC;OK;INC000017308859;Priority 4;NA
SEC;SYN;SEC;INC;OK;INC000017309165;Priority 3;NA
TEC;SYN;FUN;INC;OK;INC000017309179;Priority 3;NA
FUN;BWI;FUN;INC;OK;INC000017309399;Priority 4;NA
FIN;812;FUN;INC;OK;INC000017309462;Priority 4;NA
FUN;ETH;FUN;INC;OK;INC000017309764;Priority 4;NA
EES;EES;FUN;INC;Defect;INC000017309773;Priority 4;NA
FUN;ETH;FUN;INC;OK;INC000017309929;Priority 4;NA
CNC;EMS;OPS;INC;OK;INC000017310129;Priority 4;NA
APS;ETH;APS;INC;OK;INC000017310243;Priority 3;NA
APS;ETH;APS;INC;OK;INC000017310244;Priority 3;NA
APS;ETH;APS;INC;OK;INC000017310245;Priority 3;NA
APS;ETH;APS;INC;OK;INC000017310246;Priority 3;NA
APS;ETH;APS;INC;OK;INC000017310247;Priority 3;NA
APS;ETH;APS;INC;OK;INC000017310248;Priority 3;NA
APS;ETH;APS;INC;OK;INC000017310249;Priority 3;NA
APS;ETH;APS;INC;OK;INC000017310251;Priority 3;NA
APS;ETH;APS;INC;OK;INC000017310252;Priority 3;NA
APS;ETH;APS;INC;OK;INC000017310405;Priority 3;NA
SEC;MNT;CNC;INC;OK;INC000017310911;Priority 4;NA
FUN;812;FUN;INC;OK;INC000017311071;Priority 3;NA
OPS;EMS;OPS;HK;OK;INC000017311124;Priority 3;NA
FUN;WS;FUN;INC;OK;INC000017311442;Priority 4;NA
FIN;DXE;FUN;INC;Defect;INC000017311731;Priority 4;NA
FUN;812;FUN;INC;OK;INC000017311879;Priority 4;NA
OPS;EMS;OPS;HK;OK;INC000017312222;Priority 3;NA
SEC;812;SEC;SR;OK;INC000017312361;Priority 4;NA
FUN;BWI;FUN;INC;OK;INC000017312730;Priority 4;NA
TEC;ETH;FUN;INC;OK;INC000017312757;Priority 4;NA
FIN;BWI;FUN;INC;OK;INC000017312936;Priority 4;NA
L1;BWI;L1 ;INC;OK;INC000017313357;Priority 3;NA
SEC;SYN;SEC;INC;OK;INC000017313612;Priority 3;NA
DCF;DCF;FUN;INC;OK;INC000017313638;Priority 3;NA
SEC;SYN;SEC;INC;OK;INC000017313662;Priority 4;NA
SEC;SYN;SEC;INC;Defect;INC000017313783;Priority 3;NA
FUN;812;FUN;INC;OK;INC000017313804;Priority 4;NA
DCF;DCF;TEC;INC;OK;INC000017313948;Priority 3;NA
SEC;SYN;SEC;INC;OK;INC000017313959;Priority 4;NA
SEC;SYN;SEC;INC;OK;INC000017314171;Priority 4;NA
SEC;SYN;SEC;INC;OK;INC000017314252;Priority 3;NA
L1;EES;CNC;INC;OK;INC000017314258;Priority 2;NA
TEC;DCF;TEC;INC;OK;INC000017314579;Priority 3;NA
SEC;SYN;SEC;INC;OK;INC000017314626;Priority 4;NA
FUN;812;FUN;INC;OK;INC000017314689;Priority 3;NA
FUN;812;FUN;INC;OK;INC000017314697;Priority 3;NA
FUN;812;FUN;INC;OK;INC000017314706;Priority 3;NA
TEC;DCF;TEC;INC;OK;INC000017314823;Priority 3;NA
CNC;MNT;MON;SR;OK;INC000017314904;Priority 4;NA
None;BWI;FUN;SR;OK;INC000017314949;Priority 3;NA
TEC;DCF;TEC;INC;OK;INC000017315044;Priority 3;NA
APS;ETH;APS;INC;OK;INC000017315254;Priority 3;NA
TEC;BWI;TEC;INC;OK;INC000017315496;Priority 3;NA
APS;ETH;APS;INC;OK;INC000017316008;Priority 3;NA
APS;ETH;APS;INC;OK;INC000017316009;Priority 3;NA
APS;ETH;APS;INC;OK;INC000017316010;Priority 3;NA
APS;ETH;APS;INC;OK;INC000017316012;Priority 3;NA
APS;ETH;APS;INC;OK;INC000017316013;Priority 3;NA
APS;ETH;APS;INC;OK;INC000017316014;Priority 3;NA
APS;ETH;APS;INC;OK;INC000017316015;Priority 3;NA
APS;ETH;APS;INC;OK;INC000017316017;Priority 3;NA
FIN;812;FUN;INC;OK;INC000017317087;Priority 4;NA
FUN;812;FUN;INC;Defect;INC000017317184;Priority 4;NA
FUN;WS;FUN;INC;OK;INC000017317203;Priority 3;NA
SEC;812;SEC;INC;OK;INC000017317315;Priority 4;NA
MNT;MNT;FUN;INC;OK;INC000017318054;Priority 3;NA
DCF;DCF;FUN;INC;Defect;INC000017318202;Priority 4;NA
FUN;WS;FUN;INC;OK;INC000017318239;Priority 4;NA
OPS;EMS;OPS;HK;OK;INC000017318240;Priority 3;NA
TEC;DCF;TEC;INC;OK;INC000017318575;Priority 3;NA
FIN;812;FUN;INC;OK;INC000017318670;Priority 4;NA
FUN;DXE;FUN;INC;OK;INC000017318709;Priority 4;NA
SEC;SYN;SEC;INC;OK;INC000017318811;Priority 4;NA
FUN;BWI;FUN;INC;OK;INC000017319102;Priority 3;NA
FUN;812;FUN;INC;OK;INC000017319284;Priority 4;NA
SEC;SYN;SEC;INC;OK;INC000017319340;Priority 4;NA
SEC;SYN;SEC;INC;OK;INC000017319361;Priority 3;NA
FIN;812;FUN;INC;OK;INC000017319564;Priority 4;NA
None;MNT;MON;INC;OK;INC000017319651;Priority 3;NA
CNC;MNT;MON;SR;OK;INC000017319726;Priority 3;NA
DCF;DCF;FUN;INC;OK;INC000017319732;Priority 3;NA
CNC;MNT;MON;SR;OK;INC000017319740;Priority 4;NA
None;MNT;MON;INC;OK;INC000017319741;Priority 3;NA
L1;MNT;MON;INC;OK;INC000017319810;Priority 4;NA
FIN;812;FUN;INC;OK;INC000017319824;Priority 4;NA
None;MNT;MON;INC;OK;INC000017319952;Priority 3;NA
L1;MNT;MON;INC;OK;INC000017319986;Priority 4;NA
FUN;812;FUN;INC;OK;INC000017320553;Priority 4;NA
SEC;SYN;SEC;INC;OK;INC000017320584;Priority 3;NA
APS;ETH;APS;INC;OK;INC000017321228;Priority 3;NA
APS;ETH;APS;INC;OK;INC000017321229;Priority 3;NA
APS;ETH;APS;INC;OK;INC000017321230;Priority 3;NA
APS;ETH;APS;INC;OK;INC000017321231;Priority 3;NA
APS;ETH;APS;INC;OK;INC000017321232;Priority 3;NA
APS;ETH;APS;INC;OK;INC000017321233;Priority 3;NA
APS;ETH;APS;INC;OK;INC000017321234;Priority 3;NA
APS;ETH;APS;INC;OK;INC000017321235;Priority 3;NA
APS;ETH;APS;INC;OK;INC000017321236;Priority 3;NA
APS;ETH;APS;INC;OK;INC000017321241;Priority 3;NA
APS;ETH;APS;INC;OK;INC000017321242;Priority 3;NA
APS;ETH;APS;INC;OK;INC000017321243;Priority 3;NA
APS;ETH;APS;INC;OK;INC000017321244;Priority 3;NA
APS;ETH;APS;INC;OK;INC000017321245;Priority 3;NA
MNT;MNT;FUN;INC;OK;INC000017321383;Priority 3;NA
APS;ETH;APS;INC;OK;INC000017321416;Priority 3;NA
MNT;MNT;FUN;INC;OK;INC000017321521;Priority 3;NA
MNT;MNT;FUN;INC;OK;INC000017321522;Priority 3;NA
FUN;812;FUN;INC;OK;INC000017321850;Priority 4;NA
FUN;812;FUN;INC;OK;INC000017322528;Priority 4;NA
SCH;LAT;SCH;INC;OK;INC000017322557;Priority 3;NA
DCF;DCF;FUN;INC;Defect;INC000017322884;Priority 4;NA
FIN;812;FUN;INC;OK;INC000017323067;Priority 4;NA
SEC;SYN;SEC;INC;OK;INC000017323162;Priority 3;NA
DCF;DCF;FUN;INC;Defect;INC000017323290;Priority 4;NA
FUN;BWI;FUN;INC;OK;INC000017323487;Priority 4;NA
TEC;DCF;TEC;INC;OK;INC000017323547;Priority 3;NA
DCF;DCF;FUN;INC;Defect;INC000017323915;Priority 3;NA
FUN;EES;FUN;INC;OK;INC000017323934;Priority 4;NA
DCF;DCF;FUN;INC;OK;INC000017323988;Priority 3;NA
TEC;ETH;FUN;INC;OK;INC000017324084;Priority 4;NA
FUN;BWI;FUN;INC;OK;INC000017324131;Priority 3;NA
FIN;812;FUN;INC;Defect;INC000017324321;Priority 3;NA
FIN;BWI;FUN;INC;OK;INC000017324414;Priority 4;NA
TEC;DCF;TEC;INC;Defect;INC000017324621;Priority 3;NA
SEC;BWI;SEC;INC;OK;INC000017324769;Priority 3;NA
CNC;EES;CNC;INC;OK;INC000017324899;Priority 3;NA
FUN;BWI;FUN;INC;OK;INC000017325128;Priority 4;NA
FUN;BWI;FUN;INC;Defect;INC000017325362;Priority 4;NA
FUN;BWI;FUN;INC;OK;INC000017325488;Priority 4;NA
APS;ETH;APS;INC;OK;INC000017325600;Priority 3;NA
APS;ETH;APS;INC;OK;INC000017325601;Priority 3;NA
APS;ETH;APS;INC;OK;INC000017325602;Priority 3;NA
MNT;MNT;FUN;INC;OK;INC000017325663;Priority 3;NA
MNT;MNT;FUN;INC;OK;INC000017325701;Priority 3;NA
TEC;BWI;TEC;INC;OK;INC000017325711;Priority 3;NA
MNT;MNT;FUN;INC;OK;INC000017325732;Priority 3;NA
MNT;MNT;FUN;INC;OK;INC000017325746;Priority 3;NA
L1;MNT;MON;SR;OK;INC000017325754;Priority 4;NA
MNT;MNT;FUN;INC;OK;INC000017325811;Priority 3;NA
TEC;BWI;TEC;INC;OK;INC000017326454;Priority 3;NA
FUN;BWI;FUN;INC;OK;INC000017326457;Priority 4;NA
CNC;ETH;L1 ;INC;OK;INC000017326495;Priority 3;NA
DBA;812;DBA;INC;OK;INC000017326632;Priority 4;NA
FIN;BWI;FUN;INC;OK;INC000017326780;Priority 4;NA
TEC;ETH;FUN;INC;OK;INC000017327554;Priority 2;NA
CNC;EMS;OPS;INC;OK;INC000017327685;Priority 4;NA
APS;ETH;APS;INC;OK;INC000017327707;Priority 3;NA
FUN;ETH;FUN;INC;OK;INC000017327735;Priority 4;NA
CNC;EMS;OPS;INC;OK;INC000017327931;Priority 4;NA
TEC;ETH;FUN;INC;OK;INC000017328198;Priority 4;NA
TEC;ETH;FUN;INC;OK;INC000017328455;Priority 4;NA
TEC;ETH;FUN;INC;OK;INC000017328456;Priority 4;NA
FUN;812;FUN;INC;OK;INC000017328626;Priority 4;NA
CNC;EMS;OPS;INC;OK;INC000017328924;Priority 4;NA
APS;ETH;APS;INC;OK;INC000017329033;Priority 4;NA
FIN;812;FUN;INC;Defect;INC000017329198;Priority 4;NA
DCF;DCF;FUN;INC;OK;INC000017329392;Priority 4;NA
APS;ETH;APS;INC;OK;INC000017329532;Priority 3;NA
SCH;LAT;SCH;INC;OK;INC000017329632;Priority 3;NA
APS;ETH;APS;INC;OK;INC000017330225;Priority 3;NA
SEC;SYN;SEC;INC;OK;INC000017330348;Priority 3;NA
SEC;EMS;OPS;HK;OK;INC000017330552;Priority 3;NA
FUN;WS;FUN;INC;OK;INC000017330583;Priority 4;NA
FUN;812;FUN;INC;OK;INC000017330682;Priority 4;NA
FUN;BWI;FUN;INC;OK;INC000017330689;Priority 4;NA
FUN;812;FUN;INC;OK;INC000017330703;Priority 3;NA
TEC;ETH;FUN;INC;OK;INC000017330900;Priority 4;NA
FIN;812;FUN;INC;Defect;INC000017330950;Priority 3;NA
SEC;SYN;SEC;INC;OK;INC000017330954;Priority 4;NA
SEC;812;SEC;INC;OK;INC000017331469;Priority 4;NA
FIN;812;FUN;INC;OK;INC000017331660;Priority 4;NA
TEC;BWI;TEC;INC;OK;INC000017331824;Priority 3;NA
SEC;SYN;SEC;INC;OK;INC000017332083;Priority 4;NA
EES;EES;FUN;INC;OK;INC000017332171;Priority 4;NA
FUN;ETH;FUN;INC;OK;INC000017332202;Priority 4;NA
SEC;SYN;SEC;INC;Defect;INC000017332206;Priority 3;NA
FUN;812;FUN;INC;Defect;INC000017332305;Priority 3;NA
TEC;BWI;TEC;INC;OK;INC000017332566;Priority 3;NA
SEC;SYN;SEC;INC;OK;INC000017332776;Priority 3;NA
FUN;812;FUN;INC;OK;INC000017332803;Priority 4;NA
FUN;BWI;FUN;INC;OK;INC000017333006;Priority 3;NA
TEC;SYN;FUN;INC;OK;INC000017333319;Priority 3;NA
TEC;ETH;FUN;INC;OK;INC000017333693;Priority 3;NA
CNC;812;MON;INC;Defect;INC000017333777;Priority 4;NA
FIN;BWI;FUN;INC;OK;INC000017333902;Priority 4;NA
TEC;BWI;TEC;INC;OK;INC000017333920;Priority 3;NA
SEC;SYN;SEC;INC;OK;INC000017334089;Priority 4;NA
APS;ETH;APS;INC;OK;INC000017334239;Priority 3;NA
APS;ETH;APS;INC;OK;INC000017334240;Priority 3;NA
APS;ETH;APS;INC;OK;INC000017334241;Priority 3;NA
APS;ETH;APS;INC;OK;INC000017334242;Priority 3;NA
APS;ETH;APS;INC;OK;INC000017334244;Priority 3;NA
APS;ETH;APS;INC;OK;INC000017334245;Priority 3;NA
APS;ETH;APS;INC;OK;INC000017334246;Priority 3;NA
APS;ETH;APS;INC;OK;INC000017334247;Priority 3;NA
APS;ETH;APS;INC;OK;INC000017334248;Priority 3;NA
MNT;MNT;FUN;INC;OK;INC000017334948;Priority 4;NA
DCF;DCF;FUN;INC;OK;INC000017335233;Priority 4;NA
APS;ETH;APS;INC;OK;INC000017335456;Priority 3;NA
DCF;DCF;FUN;INC;OK;INC000017335994;Priority 3;NA
SCH;LAT;SCH;INC;OK;INC000017336155;Priority 3;NA
SEC;DPY;SEC;INC;OK;INC000017336195;Priority 3;NA
FUN;812;FUN;INC;OK;INC000017336313;Priority 4;NA
SEC;SYN;SEC;INC;OK;INC000017336369;Priority 3;NA
SEC;EMS;OPS;HK;OK;INC000017336431;Priority 4;NA
FUN;812;FUN;INC;OK;INC000017336613;Priority 4;NA
L1;812;MON;SR;OK;INC000017336684;Priority 4;NA
SEC;SYN;SEC;INC;OK;INC000017336700;Priority 4;NA
CNC;MNT;MON;SR;OK;INC000017336760;Priority 4;NA
FUN;BWI;FUN;INC;OK;INC000017336761;Priority 4;NA
CNC;MNT;MON;SR;OK;INC000017336780;Priority 4;NA
FUN;812;FUN;INC;OK;INC000017336866;Priority 3;NA
SEC;DXE;SEC;SR;OK;INC000017336891;Priority 4;NA
TEC;DCF;TEC;INC;OK;INC000017337028;Priority 3;NA
FIN;812;FUN;INC;OK;INC000017337223;Priority 4;NA
FUN;EES;FUN;INC;OK;INC000017337280;Priority 4;NA
FUN;EES;FUN;INC;OK;INC000017337349;Priority 4;NA
FUN;ETH;FUN;INC;OK;INC000017337626;Priority 3;NA
FIN;DXE;FUN;INC;OK;INC000017337745;Priority 4;NA
FUN;812;FUN;INC;OK;INC000017338181;Priority 4;NA
L1;BWI;L1 ;INC;OK;INC000017338586;Priority 3;NA
APS;ETH;APS;INC;OK;INC000017338912;Priority 3;NA
OPS;EMS;OPS;HK;OK;INC000017339633;Priority 3;NA
FUN;ETH;FUN;INC;OK;INC000017339703;Priority 4;NA
SEC;SYN;SEC;INC;OK;INC000017339979;Priority 4;NA
FUN;BWI;FUN;INC;OK;INC000017340051;Priority 4;NA
FIN;812;FUN;INC;OK;INC000017341146;Priority 4;NA
FUN;812;FUN;INC;OK;INC000017341230;Priority 4;NA
FIN;812;FUN;INC;OK;INC000017341240;Priority 4;NA
FIN;812;FUN;INC;OK;INC000017341469;Priority 4;NA
FIN;812;FUN;INC;OK;INC000017341682;Priority 4;NA
SEC;812;SEC;SR;OK;INC000017341876;Priority 4;NA
FUN;812;FUN;INC;OK;INC000017342017;Priority 4;NA
CNC;812;MON;SR;OK;INC000017342032;Priority 4;NA
FUN;812;FUN;INC;OK;INC000017342150;Priority 4;NA
DCF;DCF;FUN;INC;OK;INC000017342617;Priority 4;NA
L1;MNT;MON;SR;OK;INC000017342673;Priority 4;NA
SEC;SYN;SEC;INC;OK;INC000017342710;Priority 3;NA
FUN;812;FUN;INC;OK;INC000017342785;Priority 4;NA
FUN;BWI;FUN;INC;OK;INC000017342922;Priority 4;NA
SEC;SYN;SEC;INC;OK;INC000017343266;Priority 3;NA
CNC;EES;CNC;INC;OK;INC000017343354;Priority 3;NA
FUN;WS;FUN;INC;OK;INC000017343709;Priority 3;NA
FUN;DXE;FUN;INC;OK;INC000017343798;Priority 4;NA
SEC;DXE;SEC;INC;OK;INC000017344028;Priority 3;NA
None;MNT;MON;SR;OK;INC000017344593;Priority 4;NA
TEC;DCF;TEC;INC;OK;INC000017344617;Priority 3;NA
TEC;DCF;TEC;INC;OK;INC000017344740;Priority 3;NA
SEC;SYN;SEC;INC;OK;INC000017344809;Priority 4;NA
None;MNT;MON;SR;OK;INC000017344914;Priority 4;NA
FUN;SYN;FUN;INC;OK;INC000017345258;Priority 3;NA
SEC;SYN;SEC;INC;OK;INC000017345265;Priority 3;NA
FUN;MNT;FUN;INC;OK;INC000017346452;Priority 3;NA
L1;MNT;MON;SR;OK;INC000017347142;Priority 4;NA
FUN;WS;FUN;INC;OK;INC000017347342;Priority 4;NA
L1;MNT;MON;SR;OK;INC000017347634;Priority 3;NA
FUN;812;FUN;INC;OK;INC000017347763;Priority 3;NA
OPS;EMS;OPS;HK;OK;INC000017347837;Priority 4;NA
FIN;812;FUN;INC;OK;INC000017348218;Priority 4;NA
FUN;BWI;FUN;INC;OK;INC000017348318;Priority 4;NA
TEC;DCF;TEC;INC;OK;INC000017348437;Priority 3;NA
FUN;812;FUN;INC;OK;INC000017348441;Priority 3;NA
FUN;812;FUN;INC;OK;INC000017348880;Priority 3;NA
FIN;812;FUN;INC;OK;INC000017349005;Priority 3;NA
DCF;DCF;FUN;INC;OK;INC000017349643;Priority 3;NA
SEC;SYN;SEC;INC;OK;INC000017349782;Priority 3;NA
L1;BWI;L1 ;INC;OK;INC000017349851;Priority 3;NA
SEC;SYN;SEC;INC;OK;INC000017349997;Priority 4;NA
FUN;DXE;FUN;INC;OK;INC000017350548;Priority 3;NA
L1;BWI;L1 ;INC;OK;INC000017350774;Priority 3;NA
MNT;MNT;FUN;INC;OK;INC000017350877;Priority 4;NA
FUN;ETH;FUN;INC;OK;INC000017351003;Priority 4;NA
APS;ETH;APS;INC;OK;INC000017351801;Priority 4;NA
MNT;MNT;FUN;INC;OK;INC000017353124;Priority 3;NA
APS;ETH;APS;INC;OK;INC000017354241;Priority 4;NA
CNC;ETH;L1 ;INC;OK;INC000017354879;Priority 3;NA
TEC;SYN;FUN;INC;OK;INC000017354883;Priority 3;NA
TEC;ETH;FUN;INC;OK;INC000017355002;Priority 3;NA
TEC;DCF;TEC;INC;OK;INC000017355415;Priority 3;NA
FUN;MNT;FUN;INC;OK;INC000017355856;Priority 4;NA
L1;BWI;L1 ;INC;OK;INC000017355958;Priority 4;NA
FUN;BWI;FUN;INC;OK;INC000017356133;Priority 3;NA
SEC;SYN;SEC;INC;OK;INC000017356211;Priority 3;NA
L1;MNT;MON;SR;OK;INC000017356238;Priority 4;NA
OPS;EMS;OPS;HK;OK;INC000017356248;Priority 3;NA
APS;ETH;APS;INC;OK;INC000017356274;Priority 3;NA
APS;ETH;APS;INC;OK;INC000017356277;Priority 3;NA
APS;ETH;APS;INC;OK;INC000017356280;Priority 3;NA
APS;ETH;APS;INC;OK;INC000017356282;Priority 3;NA
MNT;MNT;FUN;INC;OK;INC000017356377;Priority 3;NA
MNT;MNT;FUN;INC;OK;INC000017356407;Priority 3;NA
MNT;MNT;FUN;INC;OK;INC000017356426;Priority 3;NA
MNT;MNT;FUN;INC;OK;INC000017356537;Priority 3;NA
MNT;MNT;FUN;INC;OK;INC000017356781;Priority 3;NA
FUN;ETH;FUN;INC;OK;INC000017356844;Priority 3;NA
MNT;MNT;FUN;INC;OK;INC000017356846;Priority 3;NA
MNT;MNT;FUN;INC;OK;INC000017356857;Priority 3;NA
MNT;MNT;FUN;INC;OK;INC000017356940;Priority 3;NA
SCH;LAT;SCH;INC;OK;INC000017357008;Priority 3;NA
APS;ETH;APS;INC;OK;INC000017357630;Priority 3;NA
SCH;LAT;SCH;INC;OK;INC000017357821;Priority 3;NA
SCH;LAT;SCH;INC;OK;INC000017357822;Priority 3;NA
SCH;LAT;SCH;INC;OK;INC000017357823;Priority 3;NA
SCH;LAT;SCH;INC;OK;INC000017357824;Priority 3;NA
SCH;LAT;SCH;INC;OK;INC000017357825;Priority 3;NA
SCH;LAT;SCH;INC;OK;INC000017357827;Priority 3;NA
SCH;LAT;SCH;INC;OK;INC000017357828;Priority 3;NA
SCH;LAT;SCH;INC;OK;INC000017357829;Priority 3;NA
FUN;812;FUN;INC;OK;INC000017358692;Priority 3;NA
APS;EES;APS;INC;OK;INC000017358781;Priority 3;NA
APS;EES;APS;INC;OK;INC000017358783;Priority 3;NA
APS;EES;APS;INC;OK;INC000017358802;Priority 3;NA
APS;ETH;APS;INC;OK;INC000017358917;Priority 3;NA
OPS;EMS;OPS;HK;OK;INC000017358957;Priority 3;NA
OPS;EMS;OPS;HK;OK;INC000017359447;Priority 4;NA
APS;ETH;APS;INC;OK;INC000017359730;Priority 3;NA
SCH;LAT;SCH;INC;OK;INC000017359742;Priority 3;NA
SCH;LAT;SCH;INC;OK;INC000017359744;Priority 3;NA
SCH;LAT;SCH;INC;OK;INC000017359745;Priority 3;NA
SCH;LAT;SCH;INC;OK;INC000017359746;Priority 3;NA
SCH;LAT;SCH;INC;OK;INC000017359747;Priority 3;NA
SCH;LAT;SCH;INC;OK;INC000017359748;Priority 3;NA
SCH;LAT;SCH;INC;OK;INC000017359752;Priority 3;NA
CNC;DCF;CNC;INC;OK;INC000017359854;Priority 3;NA
SEC;SYN;SEC;INC;OK;INC000017360573;Priority 3;NA
SCH;LAT;SCH;INC;OK;INC000017360743;Priority 4;NA
APS;ETH;APS;INC;OK;INC000017361219;Priority 3;NA
FUN;BWI;FUN;INC;OK;INC000017361595;Priority 4;NA
SEC;SYN;SEC;INC;OK;INC000017361831;Priority 4;NA
FUN;EMS;FUN;INC;OK;INC000017362548;Priority 3;NA
SEC;SYN;SEC;SR;OK;INC000017362584;Priority 3;NA
CNC;BWI;L1 ;INC;OK;INC000017362873;Priority 4;NA
SEC;SYN;SEC;INC;OK;INC000017362897;Priority 3;NA
OPS;EMS;OPS;HK;OK;INC000017363239;Priority 3;NA
APS;ETH;APS;INC;OK;INC000017363897;Priority 3;NA
FUN;EES;FUN;INC;OK;INC000017364609;Priority 4;NA
FUN;MNT;FUN;INC;OK;INC000017365764;Priority 3;NA
FUN;MNT;FUN;INC;OK;INC000017365964;Priority 3;NA
FUN;MNT;FUN;INC;OK;INC000017366249;Priority 3;NA
FUN;MNT;FUN;INC;OK;INC000017366566;Priority 3;NA
SEC;SYN;SEC;INC;OK;INC000017367584;Priority 2;NA
FUN;BWI;FUN;INC;OK;INC000017367898;Priority 4;NA
TEC;DCF;TEC;INC;OK;INC000017368278;Priority 3;NA
SEC;EMS;SEC;INC;OK;INC000017368908;Priority 3;NA
SEC;SYN;SEC;INC;OK;INC000017368979;Priority 3;NA
CNC;812;MON;INC;OK;INC000017369127;Priority 4;NA
L1;MNT;MON;SR;OK;INC000017369409;Priority 4;NA
L1;MNT;MON;SR;OK;INC000017369542;Priority 3;NA
SEC;SYN;SEC;INC;OK;INC000017369597;Priority 3;NA
SEC;SYN;SEC;INC;OK;INC000017370556;Priority 4;NA
CNC;MNT;MON;SR;OK;INC000017370747;Priority 4;NA
L1;BWI;L1 ;INC;OK;INC000017370821;Priority 4;NA
CNC;MNT;MON;SR;OK;INC000017371060;Priority 4;NA
CNC;MNT;MON;SR;OK;INC000017371121;Priority 4;NA
FIN;812;FUN;INC;Defect;INC000017378104;Priority 4;NA
TEC;ETH;TEC;INC;OK;INC000017390642;Priority 4;NA
FIN;812;FUN;INC;OK;INC000017390660;Priority 4;NA
SEC;812;SEC;INC;OK;INC000017390990;Priority 4;NA
FIN;812;FUN;INC;OK;INC000017391784;Priority 4;NA
OPS;EMS;OPS;HK;OK;INC000017391993;Priority 4;NA
FIN;812;FUN;INC;OK;INC000017392046;Priority 4;NA
FIN;812;FUN;INC;OK;INC000017392080;Priority 4;NA
FIN;812;FUN;INC;OK;INC000017392204;Priority 4;NA
FIN;812;FUN;INC;Defect;INC000017393072;Priority 4;NA
FIN;DXE;FUN;INC;Defect;INC000017393313;Priority 4;NA
SEC;SYN;SEC;INC;OK;INC000017393490;Priority 4;NA
FUN;EES;FUN;INC;OK;INC000017393948;Priority 4;NA
SEC;SYN;SEC;INC;OK;INC000017394748;Priority 4;NA
DCF;DCF;FUN;INC;OK;INC000017394814;Priority 4;NA
SEC;SYN;SEC;INC;OK;INC000017394819;Priority 4;NA
SEC;SYN;SEC;INC;OK;INC000017395048;Priority 4;NA
FIN;812;FUN;INC;OK;INC000017395473;Priority 4;NA
SEC;SYN;SEC;INC;OK;INC000017395685;Priority 4;NA
0;MNT;MON;INC;OK;INC000017396190;Priority 4;NA
FUN;LAT;FUN;INC;OK;INC000017396460;Priority 4;NA
FIN;812;FUN;INC;Defect;INC000017398124;Priority 4;NA
FIN;812;FUN;INC;OK;INC000017398381;Priority 4;NA
FUN;812;FUN;INC;Defect;INC000017398684;Priority 4;NA
FUN;812;FUN;INC;OK;INC000017398909;Priority 4;NA
FIN;812;FUN;INC;OK;INC000017399088;Priority 4;NA
OPS;EMS;OPS;HK;OK;INC000017399141;Priority 4;NA
FIN;812;FUN;INC;OK;INC000017399167;Priority 4;NA
FIN;812;FUN;INC;OK;INC000017399249;Priority 4;NA
SEC;SYN;SEC;INC;OK;INC000017399453;Priority 4;NA
FUN;812;FUN;INC;OK;INC000017399628;Priority 4;NA
FIN;812;FUN;INC;OK;INC000017399694;Priority 4;NA
FIN;812;FUN;INC;Defect;INC000017399766;Priority 4;NA
FUN;BWI;FUN;INC;OK;INC000017399851;Priority 4;NA
FUN;812;FUN;INC;Defect;INC000017399943;Priority 4;NA
FUN;EES;FUN;INC;OK;INC000017400277;Priority 4;NA
FUN;812;FUN;INC;OK;INC000017400357;Priority 4;NA
FUN;WS;FUN;INC;OK;INC000017400651;Priority 4;NA
FUN;WS;FUN;INC;OK;INC000017400717;Priority 4;NA
SEC;SYN;SEC;INC;Defect;INC000017401070;Priority 4;NA
SEC;SYN;SEC;INC;Defect;INC000017401169;Priority 4;NA
FIN;LAT;FUN;INC;OK;INC000017401455;Priority 4;NA
FUN;BWI;FUN;INC;OK;INC000017402219;Priority 4;NA
SEC;SYN;SEC;INC;OK;INC000017402246;Priority 4;NA
CNC;812;CNC;INC;OK;INC000017402850;Priority 4;NA
CNC;DPY;CNC;INC;OK;INC000017403340;Priority 4;NA
CNC;MNT;CNC;INC;OK;INC000017404131;Priority 3;NA
FUN;812;FUN;INC;OK;INC000017404287;Priority 4;NA
FUN;812;FUN;INC;Defect;INC000017404312;Priority 3;NA
FIN;MNT;FUN;INC;OK;INC000017404476;Priority 4;NA
FUN;812;FUN;INC;Defect;INC000017404680;Priority 4;NA
FUN;812;FUN;INC;OK;INC000017404775;Priority 3;NA
FUN;812;FUN;INC;OK;INC000017404802;Priority 4;NA
FIN;812;FUN;INC;Defect;INC000017404812;Priority 4;NA
FUN;812;FUN;INC;OK;INC000017404863;Priority 4;NA
L1;812;MON;INC;OK;INC000017404893;Priority 3;NA
FIN;812;FUN;INC;OK;INC000017405120;Priority 3;NA
FUN;BWI;FUN;INC;OK;INC000017405896;Priority 4;NA
FUN;812;FUN;INC;OK;INC000017405910;Priority 4;NA
APS;ETH;APS;INC;OK;INC000017405946;Priority 3;NA
FUN;812;FUN;INC;OK;INC000017406200;Priority 3;NA
TEC;ETH;TEC;INC;OK;INC000017406249;Priority 3;NA
FUN;EES;FUN;INC;OK;INC000017406395;Priority 4;NA
FUN;812;FUN;INC;Defect;INC000017406582;Priority 4;NA
FUN;ETH;FUN;INC;OK;INC000017407155;Priority 4;NA
APS;ETH;APS;INC;OK;INC000017407386;Priority 3;NA
FIN;812;FUN;INC;OK;INC000017407395;Priority 4;NA
FUN;812;FUN;INC;OK;INC000017407530;Priority 4;NA
FUN;BWI;FUN;INC;OK;INC000017407541;Priority 4;NA
FUN;BWI;FUN;INC;OK;INC000017407897;Priority 3;NA
FUN;BWI;FUN;INC;OK;INC000017407916;Priority 3;NA
L1;BWI;L1 ;INC;OK;INC000017408212;Priority 3;NA
SEC;SYN;SEC;INC;OK;INC000017408229;Priority 4;NA
APS;ETH;APS;INC;OK;INC000017408238;Priority 3;NA
APS;ETH;APS;INC;OK;INC000017408239;Priority 3;NA
APS;ETH;APS;INC;OK;INC000017408240;Priority 3;NA
APS;ETH;APS;INC;OK;INC000017408241;Priority 3;NA
APS;ETH;APS;INC;OK;INC000017408247;Priority 3;NA
APS;ETH;APS;INC;OK;INC000017408248;Priority 3;NA
APS;ETH;APS;INC;OK;INC000017408313;Priority 3;NA
FUN;BWI;FUN;INC;OK;INC000017408386;Priority 3;NA
FIN;BWI;FUN;INC;OK;INC000017408566;Priority 4;NA
0;BWI;L1 ;INC;OK;INC000017408736;Priority 4;NA
FUN;BWI;FUN;INC;OK;INC000017408776;Priority 3;NA
SCH;LAT;SCH;INC;OK;INC000017408931;Priority 3;NA
FUN;BWI;FUN;INC;OK;INC000017409009;Priority 3;NA
APS;ETH;APS;INC;OK;INC000017409034;Priority 3;NA
APS;ETH;APS;INC;OK;INC000017409037;Priority 3;NA
APS;ETH;APS;INC;OK;INC000017409038;Priority 3;NA
APS;ETH;APS;INC;OK;INC000017409039;Priority 3;NA
APS;ETH;APS;INC;OK;INC000017409041;Priority 3;NA
APS;ETH;APS;INC;OK;INC000017409042;Priority 3;NA
APS;ETH;APS;INC;OK;INC000017409043;Priority 3;NA
FIN;BWI;FUN;INC;OK;INC000017409145;Priority 4;NA
APS;ETH;APS;INC;OK;INC000017409186;Priority 3;NA
FIN;812;FUN;INC;OK;INC000017410169;Priority 4;NA
FIN;812;FUN;INC;OK;INC000017410188;Priority 4;NA
FIN;812;FUN;INC;Defect;INC000017410301;Priority 4;NA
FUN;MNT;FUN;INC;Defect;INC000017410387;Priority 4;NA
FUN;812;FUN;INC;Defect;INC000017410497;Priority 3;NA
FIN;812;FUN;INC;OK;INC000017410622;Priority 4;NA
FIN;812;INS;INC;OK;INC000017410727;Priority 4;NA
DCF;DCF;FUN;INC;OK;INC000017410841;Priority 4;NA
FUN;BWI;FUN;INC;OK;INC000017411166;Priority 4;NA
FIN;812;FUN;INC;Defect;INC000017411216;Priority 4;NA
FUN;MNT;FUN;INC;OK;INC000017411382;Priority 4;NA
FIN;812;FUN;INC;OK;INC000017411436;Priority 3;NA
FUN;WS;FUN;INC;OK;INC000017411576;Priority 3;NA
TEC;DCF;TEC;INC;OK;INC000017411634;Priority 3;NA
FUN;BWI;FUN;INC;OK;INC000017411781;Priority 4;NA
TEC;ETH;TEC;INC;OK;INC000017411832;Priority 3;NA
FUN;ETH;FUN;INC;OK;INC000017411941;Priority 4;NA
APS;EES;APS;INC;Defect;INC000017412119;Priority 4;NA
DBA;812;DBA;INC;OK;INC000017412280;Priority 3;NA
FUN;BWI;FUN;INC;OK;INC000017412285;Priority 3;NA
SEC;SYN;SEC;INC;OK;INC000017412301;Priority 4;NA
SEC;SYN;SEC;INC;OK;INC000017412404;Priority 4;NA
FUN;812;FUN;INC;OK;INC000017412416;Priority 4;NA
FIN;812;FUN;INC;Defect;INC000017412515;Priority 4;NA
FIN;DXE;FUN;INC;OK;INC000017412560;Priority 4;NA
FUN;ETH;FUN;INC;OK;INC000017412724;Priority 4;NA
FIN;812;FUN;INC;OK;INC000017412731;Priority 4;NA
FIN;812;FUN;INC;OK;INC000017412959;Priority 3;NA
APS;ETH;APS;INC;OK;INC000017413084;Priority 3;NA
SEC;SYN;SEC;INC;OK;INC000017413241;Priority 3;NA
APS;ETH;APS;INC;OK;INC000017413260;Priority 4;NA
FUN;EES;FUN;INC;OK;INC000017413276;Priority 4;NA
FUN;ETH;FUN;INC;OK;INC000017413693;Priority 4;NA
CNC;LAT;CNC;INC;Defect;INC000017413795;Priority 3;NA
APS;ETH;APS;INC;OK;INC000017413841;Priority 3;NA
APS;ETH;APS;INC;OK;INC000017413843;Priority 3;NA
APS;ETH;APS;INC;OK;INC000017413844;Priority 3;NA
APS;ETH;APS;INC;OK;INC000017413846;Priority 3;NA
APS;ETH;APS;INC;OK;INC000017413847;Priority 3;NA
APS;ETH;APS;INC;OK;INC000017413851;Priority 3;NA
FUN;BWI;FUN;INC;OK;INC000017413866;Priority 4;NA
FUN;BWI;FUN;INC;OK;INC000017413878;Priority 3;NA
FUN;BWI;FUN;INC;Defect;INC000017413901;Priority 4;NA
APS;ETH;APS;INC;OK;INC000017413915;Priority 3;NA
L1;MNT;MON;SR;OK;INC000017413983;Priority 4;NA
L1;MNT;MON;SR;OK;INC000017414027;Priority 4;NA
SEC;SYN;SEC;INC;OK;INC000017414188;Priority 3;NA
FUN;BWI;FUN;INC;OK;INC000017414283;Priority 4;NA
SEC;SYN;SEC;INC;OK;INC000017414327;Priority 3;NA
FIN;LAT;FUN;INC;OK;INC000017414556;Priority 4;NA
FIN;BWI;FUN;INC;OK;INC000017414644;Priority 3;NA
APS;ETH;APS;INC;OK;INC000017414768;Priority 3;NA
APS;ETH;APS;INC;OK;INC000017414940;Priority 3;NA
APS;ETH;APS;INC;OK;INC000017415173;Priority 3;NA
FUN;812;FUN;INC;OK;INC000017415652;Priority 4;NA
FUN;812;FUN;INC;OK;INC000017415694;Priority 3;NA
FIN;812;FUN;INC;OK;INC000017415708;Priority 4;NA
FIN;812;FUN;INC;OK;INC000017416077;Priority 4;NA
FIN;812;FUN;INC;OK;INC000017416176;Priority 4;NA
SCH;LAT;SCH;INC;OK;INC000017416238;Priority 3;NA
FIN;812;FUN;INC;OK;INC000017416302;Priority 4;NA
FUN;812;FUN;INC;Defect;INC000017416362;Priority 4;NA
SEC;WS;SEC;INC;OK;INC000017416446;Priority 4;NA
FIN;812;FUN;INC;OK;INC000017416695;Priority 4;NA
DCF;DCF;FUN;INC;OK;INC000017416860;Priority 3;NA
DCF;DCF;FUN;INC;Defect;INC000017416946;Priority 4;NA
SEC;SYN;SEC;INC;OK;INC000017417057;Priority 4;NA
FUN;812;FUN;INC;Defect;INC000017417193;Priority 4;NA
FUN;BWI;FUN;INC;OK;INC000017417280;Priority 4;NA
FIN;812;FUN;INC;OK;INC000017417365;Priority 4;NA
FUN;EES;FUN;INC;Defect;INC000017417554;Priority 4;NA
FUN;EMS;FUN;INC;OK;INC000017417652;Priority 4;NA
FUN;BWI;FUN;INC;OK;INC000017417774;Priority 4;NA
TEC;SYN;FUN;INC;Defect;INC000017418076;Priority 4;NA
TEC;BWI;TEC;INC;OK;INC000017418178;Priority 3;NA
APS;ETH;APS;INC;OK;INC000017419001;Priority 3;NA
APS;ETH;APS;INC;OK;INC000017419004;Priority 3;NA
APS;ETH;APS;INC;OK;INC000017419005;Priority 3;NA
APS;ETH;APS;INC;OK;INC000017419006;Priority 3;NA
APS;ETH;APS;INC;OK;INC000017419007;Priority 3;NA
APS;ETH;APS;INC;OK;INC000017419008;Priority 3;NA
APS;ETH;APS;INC;OK;INC000017419012;Priority 3;NA
APS;ETH;APS;INC;OK;INC000017419072;Priority 3;NA
FUN;BWI;FUN;SR;OK;INC000017419125;Priority 3;NA
FUN;BWI;FUN;INC;OK;INC000017419153;Priority 4;NA
SEC;SYN;SEC;INC;Defect;INC000017419413;Priority 3;NA
OPS;EMS;OPS;HK;OK;INC000017419900;Priority 3;NA
APS;ETH;APS;INC;OK;INC000017419927;Priority 3;NA
FIN;812;FUN;INC;OK;INC000017420124;Priority 3;NA
APS;ETH;APS;INC;OK;INC000017420168;Priority 3;NA
FIN;812;FUN;INC;OK;INC000017420186;Priority 4;NA
FIN;812;FUN;INC;OK;INC000017420190;Priority 4;NA
FIN;812;FUN;INC;OK;INC000017420228;Priority 3;NA
FIN;812;FUN;INC;OK;INC000017420229;Priority 3;NA
FIN;812;FUN;INC;OK;INC000017420240;Priority 3;NA
FIN;812;FUN;INC;OK;INC000017420279;Priority 3;NA
APS;ETH;APS;INC;OK;INC000017420311;Priority 3;NA
APS;ETH;APS;INC;OK;INC000017420312;Priority 3;NA
FIN;812;FUN;INC;OK;INC000017420336;Priority 4;NA
FIN;812;FUN;INC;OK;INC000017420347;Priority 4;NA
FIN;812;FUN;INC;OK;INC000017420388;Priority 3;NA
FIN;812;FUN;INC;Defect;INC000017420434;Priority 4;NA
APS;ETH;APS;INC;OK;INC000017420840;Priority 3;NA
APS;EES;APS;INC;OK;INC000017420903;Priority 3;NA
APS;EES;APS;INC;OK;INC000017420904;Priority 3;NA
APS;EES;APS;INC;OK;INC000017420906;Priority 3;NA
DCF;DCF;FUN;INC;OK;INC000017421018;Priority 3;NA
APS;ETH;APS;INC;OK;INC000017421061;Priority 3;NA
FUN;WS;FUN;INC;OK;INC000017421145;Priority 3;NA
APS;ETH;APS;INC;OK;INC000017421444;Priority 3;NA
CNC;812;CNC;INC;OK;INC000017421445;Priority 4;NA
APS;ETH;APS;INC;OK;INC000017421452;Priority 3;NA
FIN;BWI;FUN;INC;OK;INC000017421526;Priority 4;NA
APS;ETH;APS;INC;OK;INC000017421638;Priority 3;NA
APS;ETH;APS;INC;OK;INC000017421673;Priority 3;NA
OPS;EMS;OPS;HK;OK;INC000017421824;Priority 3;NA
APS;EES;APS;INC;OK;INC000017421910;Priority 3;NA
SCH;LAT;SCH;INC;OK;INC000017422108;Priority 3;NA
APS;ETH;APS;INC;OK;INC000017422118;Priority 3;NA
OPS;EMS;OPS;HK;OK;INC000017422287;Priority 3;NA
SEC;WS;SEC;INC;OK;INC000017422446;Priority 4;NA
CNC;812;MON;INC;OK;INC000017422706;Priority 4;NA
FUN;812;FUN;INC;OK;INC000017422806;Priority 4;NA
FUN;812;FUN;INC;OK;INC000017423278;Priority 4;NA
FUN;WS;FUN;INC;OK;INC000017423325;Priority 4;NA
FUN;DXE;FUN;INC;OK;INC000017423361;Priority 3;NA
DCF;DCF;FUN;INC;OK;INC000017423375;Priority 2;NA
CNC;MNT;MON;SR;OK;INC000017423462;Priority 4;NA
FUN;812;FUN;INC;OK;INC000017423651;Priority 4;NA
FUN;812;FUN;INC;OK;INC000017423853;Priority 4;NA
FUN;812;FUN;INC;Defect;INC000017423891;Priority 4;NA
FUN;812;FUN;INC;OK;INC000017423909;Priority 3;NA
SEC;SYN;SEC;INC;OK;INC000017423957;Priority 3;NA
FUN;BWI;FUN;INC;OK;INC000017423986;Priority 4;NA
FUN;ETH;FUN;INC;OK;INC000017424240;Priority 4;NA
TEC;DCF;TEC;INC;OK;INC000017424288;Priority 3;NA
FUN;812;FUN;INC;OK;INC000017424512;Priority 3;NA
FUN;812;FUN;INC;OK;INC000017424816;Priority 3;NA
FUN;812;FUN;INC;Defect;INC000017425193;Priority 4;NA
TEC;SYN;FUN;INC;Defect;INC000017425199;Priority 3;NA
APS;ETH;APS;INC;OK;INC000017425218;Priority 4;NA
SEC;SYN;SEC;INC;OK;INC000017425256;Priority 3;NA
SEC;SYN;SEC;INC;OK;INC000017425605;Priority 4;NA
FUN;ETH;FUN;INC;OK;INC000017425863;Priority 4;NA
SEC;SYN;SEC;INC;Defect;INC000017425893;Priority 3;NA
FUN;ETH;FUN;INC;OK;INC000017425979;Priority 3;NA
FUN;ETH;FUN;INC;OK;INC000017426090;Priority 4;NA
CNC;ETH;CNC;INC;OK;INC000017426342;Priority 4;NA
APS;ETH;APS;INC;OK;INC000017426428;Priority 3;NA
APS;ETH;APS;INC;OK;INC000017426437;Priority 3;NA
APS;ETH;APS;INC;OK;INC000017426439;Priority 3;NA
APS;ETH;APS;INC;OK;INC000017426440;Priority 3;NA
APS;ETH;APS;INC;OK;INC000017426448;Priority 3;NA
OPS;EMS;OPS;HK;OK;INC000017426460;Priority 3;NA
APS;ETH;APS;INC;OK;INC000017426509;Priority 3;NA
APS;ETH;APS;INC;OK;INC000017426517;Priority 3;NA
APS;ETH;APS;INC;OK;INC000017426518;Priority 3;NA
FUN;ETH;FUN;INC;OK;INC000017426602;Priority 3;NA
FUN;ETH;FUN;INC;OK;INC000017426817;Priority 4;NA
APS;ETH;APS;INC;OK;INC000017426865;Priority 3;NA
FUN;BWI;FUN;INC;OK;INC000017427046;Priority 3;NA
APS;ETH;APS;INC;OK;INC000017427270;Priority 3;NA
APS;ETH;APS;INC;OK;INC000017427675;Priority 3;NA
APS;ETH;APS;INC;OK;INC000017427740;Priority 3;NA
CNC;ETH;CNC;INC;OK;INC000017427743;Priority 3;NA
FUN;MNT;FUN;INC;OK;INC000017428031;Priority 4;NA
CNC;812;MON;INC;OK;INC000017428751;Priority 4;NA
FUN;812;FUN;INC;OK;INC000017428822;Priority 3;NA
FUN;812;FUN;INC;Defect;INC000017428905;Priority 3;NA
CNC;812;CNC;INC;OK;INC000017429280;Priority 3;NA
SEC;SYN;SEC;INC;OK;INC000017429434;Priority 4;NA
FUN;BWI;FUN;INC;OK;INC000017429447;Priority 4;NA
TEC;ETH;TEC;INC;OK;INC000017429450;Priority 3;NA
SEC;SYN;SEC;INC;OK;INC000017429499;Priority 4;NA
FIN;LAT;FUN;INC;OK;INC000017429575;Priority 4;NA
FIN;DXE;FUN;INC;OK;INC000017429581;Priority 3;NA
SEC;SYN;SEC;INC;OK;INC000017429622;Priority 4;NA
FIN;DXE;FUN;INC;OK;INC000017429638;Priority 3;NA
FUN;EES;FUN;INC;OK;INC000017429647;Priority 4;NA
FIN;BWI;FUN;INC;OK;INC000017429948;Priority 4;NA
FUN;812;FUN;INC;OK;INC000017429958;Priority 3;NA
DCF;DCF;FUN;INC;OK;INC000017429964;Priority 3;NA
FUN;LAT;FUN;INC;OK;INC000017429988;Priority 4;NA
SEC;SYN;SEC;INC;OK;INC000017430029;Priority 3;NA
FUN;EMS;FUN;INC;OK;INC000017430059;Priority 3;NA
DCF;DCF;FUN;INC;OK;INC000017430263;Priority 4;NA
FIN;BWI;FUN;INC;OK;INC000017430395;Priority 4;NA
FIN;812;FUN;INC;OK;INC000017430443;Priority 4;NA
APS;ETH;APS;INC;OK;INC000017431018;Priority 3;NA
TEC;SYN;FUN;INC;OK;INC000017431156;Priority 3;NA
TEC;SYN;FUN;INC;OK;INC000017431160;Priority 4;NA
FUN;ETH;FUN;INC;OK;INC000017431400;Priority 4;NA
TEC;ETH;TEC;INC;OK;INC000017431476;Priority 3;NA
CNC;MNT;MON;SR;OK;INC000017431763;Priority 4;NA
TEC;DCF;TEC;INC;OK;INC000017431783;Priority 3;NA
APS;ETH;APS;INC;OK;INC000017431823;Priority 3;NA
APS;ETH;APS;INC;OK;INC000017431824;Priority 3;NA
APS;ETH;APS;INC;OK;INC000017431829;Priority 3;NA
APS;ETH;APS;INC;OK;INC000017431831;Priority 3;NA
APS;ETH;APS;INC;OK;INC000017431832;Priority 3;NA
APS;ETH;APS;INC;OK;INC000017431833;Priority 3;NA
APS;ETH;APS;INC;OK;INC000017431904;Priority 3;NA
DCF;DCF;FUN;INC;OK;INC000017431938;Priority 3;NA
L1;MNT;MON;SR;OK;INC000017432022;Priority 3;NA
L1;MNT;MON;SR;OK;INC000017432096;Priority 4;NA
TEC;DCF;TEC;INC;OK;INC000017432117;Priority 3;NA
DCF;DCF;FUN;INC;OK;INC000017432220;Priority 4;NA
FUN;BWI;FUN;INC;OK;INC000017432274;Priority 4;NA
SEC;812;SEC;INC;OK;INC000017432633;Priority 4;NA
APS;EES;APS;INC;OK;INC000017432656;Priority 3;NA
APS;ETH;APS;INC;OK;INC000017432722;Priority 3;NA
APS;ETH;APS;INC;OK;INC000017432732;Priority 3;NA
APS;ETH;APS;INC;OK;INC000017432791;Priority 3;NA
0;BWI;L1 ;INC;OK;INC000017432906;Priority 3;NA
APS;ETH;APS;INC;OK;INC000017433115;Priority 3;NA
L1;MNT;MON;SR;OK;INC000017433162;Priority 4;NA
APS;ETH;APS;INC;OK;INC000017433217;Priority 3;NA
FUN;812;FUN;INC;OK;INC000017433455;Priority 4;NA
FUN;812;FUN;INC;OK;INC000017433782;Priority 4;NA
FUN;WS;FUN;INC;OK;INC000017433794;Priority 3;NA
SEC;812;SEC;SR;OK;INC000017433977;Priority 4;NA
DCF;DCF;FUN;INC;OK;INC000017434108;Priority 3;NA
FIN;812;FUN;INC;Defect;INC000017434122;Priority 4;NA
FIN;812;FUN;INC;Defect;INC000017434188;Priority 4;NA
CNC;812;CNC;INC;OK;INC000017434204;Priority 4;NA
FIN;812;FUN;INC;OK;INC000017434206;Priority 4;NA
DCF;DCF;FUN;INC;OK;INC000017434249;Priority 4;NA
FUN;812;FUN;INC;OK;INC000017434432;Priority 3;NA
FIN;812;FUN;INC;OK;INC000017434523;Priority 4;NA
SEC;SYN;SEC;INC;Defect;INC000017434606;Priority 4;NA
FIN;812;FUN;INC;Defect;INC000017434725;Priority 4;NA
FUN;BWI;FUN;INC;OK;INC000017434848;Priority 4;NA
FIN;812;FUN;INC;Defect;INC000017434860;Priority 4;NA
CNC;BWI;L1 ;INC;OK;INC000017434864;Priority 4;NA
FUN;EES;FUN;INC;OK;INC000017434865;Priority 4;NA
FIN;812;FUN;INC;OK;INC000017435659;Priority 4;NA
FUN;812;FUN;INC;Defect;INC000017435785;Priority 4;NA
FUN;EMS;FUN;INC;OK;INC000017435906;Priority 4;NA
APS;ETH;APS;INC;OK;INC000017435908;Priority 3;NA
TEC;DCF;TEC;INC;OK;INC000017436090;Priority 3;NA
SEC;SYN;SEC;INC;OK;INC000017436231;Priority 4;NA
APS;ETH;APS;INC;OK;INC000017436257;Priority 3;NA
OPS;EMS;OPS;HK;OK;INC000017436302;Priority 4;NA
OPS;EMS;OPS;HK;OK;INC000017436316;Priority 4;NA
DCF;DCF;FUN;INC;OK;INC000017436342;Priority 4;NA
FUN;BWI;FUN;INC;Defect;INC000017436425;Priority 4;NA
FIN;812;FUN;INC;OK;INC000017436447;Priority 4;NA
SEC;SYN;SEC;INC;OK;INC000017436738;Priority 4;NA
TEC;DCF;TEC;INC;OK;INC000017437001;Priority 3;NA
APS;ETH;APS;INC;OK;INC000017437093;Priority 3;NA
APS;ETH;APS;INC;OK;INC000017437094;Priority 3;NA
APS;ETH;APS;INC;OK;INC000017437096;Priority 3;NA
APS;ETH;APS;INC;OK;INC000017437097;Priority 3;NA
APS;ETH;APS;INC;OK;INC000017437098;Priority 3;NA
SEC;SYN;SEC;INC;OK;INC000017437141;Priority 3;NA
APS;ETH;APS;INC;OK;INC000017437165;Priority 3;NA
FUN;812;FUN;INC;OK;INC000017437502;Priority 4;NA
FIN;MNT;FUN;INC;OK;INC000017437508;Priority 4;NA
FIN;MNT;FUN;INC;OK;INC000017437518;Priority 4;NA
FUN;ETH;FUN;INC;OK;INC000017437611;Priority 4;NA
FUN;BWI;FUN;INC;OK;INC000017437847;Priority 3;NA
APS;ETH;APS;INC;OK;INC000017437893;Priority 3;NA
OPS;EMS;OPS;HK;OK;INC000017437962;Priority 3;NA
APS;EES;APS;INC;OK;INC000017438041;Priority 3;NA
APS;ETH;APS;INC;OK;INC000017438132;Priority 3;NA
FUN;812;FUN;INC;OK;INC000017438523;Priority 4;NA
CNC;812;CNC;INC;OK;INC000017438735;Priority 4;NA
FIN;812;FUN;INC;OK;INC000017438809;Priority 3;NA
FIN;812;FUN;INC;OK;INC000017438927;Priority 4;NA
SEC;812;SEC;SR;OK;INC000017439041;Priority 4;NA
FIN;812;FUN;INC;OK;INC000017439134;Priority 4;NA
FUN;812;FUN;INC;OK;INC000017439182;Priority 3;NA
DCF;DCF;FUN;INC;OK;INC000017439242;Priority 3;NA
FUN;DXE;FUN;INC;OK;INC000017439279;Priority 4;NA
FIN;812;FUN;INC;OK;INC000017439370;Priority 4;NA
FUN;812;FUN;INC;OK;INC000017439687;Priority 4;NA
FIN;812;FUN;INC;OK;INC000017439788;Priority 4;NA
FIN;812;FUN;INC;OK;INC000017439868;Priority 4;NA
FUN;BWI;FUN;INC;OK;INC000017440030;Priority 4;NA
FIN;812;FUN;INC;OK;INC000017440153;Priority 4;NA
FIN;812;FUN;INC;OK;INC000017440177;Priority 4;NA
CNC;812;MON;INC;OK;INC000017440202;Priority 4;NA
SEC;SYN;SEC;INC;OK;INC000017440234;Priority 3;NA
FIN;812;FUN;INC;OK;INC000017440416;Priority 4;NA
TEC;ETH;TEC;INC;OK;INC000017440461;Priority 4;NA
APS;ETH;APS;INC;OK;INC000017440782;Priority 3;NA
APS;ETH;APS;INC;OK;INC000017440848;Priority 3;NA
CNC;812;MON;INC;OK;INC000017440978;Priority 4;NA
TEC;DCF;TEC;INC;OK;INC000017441103;Priority 3;NA
SEC;SYN;SEC;INC;OK;INC000017441212;Priority 4;NA
FUN;EES;FUN;INC;OK;INC000017441298;Priority 4;NA
DCF;DCF;FUN;INC;OK;INC000017441518;Priority 3;NA
TEC;BWI;TEC;INC;OK;INC000017441764;Priority 3;NA
APS;ETH;APS;INC;OK;INC000017442123;Priority 3;NA
APS;ETH;APS;INC;OK;INC000017442127;Priority 3;NA
APS;ETH;APS;INC;OK;INC000017442128;Priority 3;NA
APS;ETH;APS;INC;OK;INC000017442129;Priority 3;NA
APS;ETH;APS;INC;OK;INC000017442130;Priority 3;NA
APS;ETH;APS;INC;OK;INC000017442131;Priority 3;NA
APS;ETH;APS;INC;OK;INC000017442132;Priority 3;NA
APS;ETH;APS;INC;OK;INC000017442133;Priority 3;NA
FUN;ETH;FUN;INC;OK;INC000017442154;Priority 3;NA
APS;ETH;APS;INC;OK;INC000017442199;Priority 3;NA
APS;ETH;APS;INC;OK;INC000017442200;Priority 3;NA
FIN;DXE;FUN;INC;OK;INC000017442447;Priority 4;NA
SCH;BWI;SCH;INC;OK;INC000017442813;Priority 4;NA
APS;ETH;APS;INC;OK;INC000017442873;Priority 3;NA
OPS;EMS;OPS;HK;OK;INC000017442972;Priority 3;NA
APS;ETH;APS;INC;OK;INC000017443011;Priority 3;NA
APS;ETH;APS;INC;OK;INC000017443120;Priority 3;NA
APS;ETH;APS;INC;OK;INC000017443254;Priority 3;NA
FUN;812;FUN;INC;Defect;INC000017443490;Priority 4;NA
FUN;DXE;FUN;INC;OK;INC000017443736;Priority 3;NA
L1;812;MON;SR;OK;INC000017443800;Priority 4;NA
FIN;812;FUN;INC;OK;INC000017443826;Priority 4;NA
FIN;812;FUN;INC;OK;INC000017444087;Priority 4;NA
FUN;812;FUN;INC;OK;INC000017444122;Priority 4;NA
FUN;812;FUN;INC;OK;INC000017444132;Priority 4;NA
OPS;EMS;OPS;HK;OK;INC000017444222;Priority 4;NA
FIN;812;FUN;INC;OK;INC000017444358;Priority 4;NA
FUN;812;FUN;INC;Defect;INC000017444587;Priority 4;NA
FUN;812;FUN;INC;OK;INC000017444895;Priority 4;NA
OPS;EMS;OPS;HK;OK;INC000017444949;Priority 4;NA
FUN;812;FUN;INC;Defect;INC000017445042;Priority 4;NA
FUN;812;FUN;INC;OK;INC000017445094;Priority 4;NA
FUN;EES;FUN;INC;OK;INC000017445206;Priority 4;NA
FUN;BWI;FUN;INC;OK;INC000017445464;Priority 4;NA
FUN;812;FUN;INC;OK;INC000017445475;Priority 4;NA
SEC;SYN;SEC;INC;OK;INC000017445607;Priority 3;NA
SEC;SYN;SEC;INC;OK;INC000017445891;Priority 4;NA
FIN;LAT;FUN;INC;OK;INC000017445943;Priority 4;NA
FUN;812;FUN;INC;OK;INC000017446633;Priority 4;NA
APS;ETH;APS;INC;OK;INC000017446988;Priority 3;NA
APS;ETH;APS;INC;OK;INC000017446992;Priority 3;NA
APS;ETH;APS;INC;OK;INC000017446993;Priority 3;NA
APS;ETH;APS;INC;OK;INC000017446994;Priority 3;NA
APS;ETH;APS;INC;OK;INC000017446998;Priority 3;NA
APS;ETH;APS;INC;OK;INC000017446999;Priority 3;NA
APS;ETH;APS;INC;OK;INC000017447040;Priority 3;NA
FUN;BWI;FUN;INC;OK;INC000017447388;Priority 4;NA
APS;EES;APS;INC;OK;INC000017447736;Priority 4;NA
L1;BWI;L1 ;INC;OK;INC000017447751;Priority 4;NA
APS;ETH;APS;INC;OK;INC000017447758;Priority 3;NA
OPS;EMS;OPS;HK;OK;INC000017448002;Priority 3;NA
SEC;SYN;SEC;INC;OK;INC000017448076;Priority 3;NA
TEC;SYN;FUN;INC;OK;INC000017448082;Priority 4;NA
APS;ETH;APS;INC;OK;INC000017448245;Priority 3;NA
APS;ETH;APS;INC;OK;INC000017448246;Priority 3;NA
APS;ETH;APS;INC;OK;INC000017448352;Priority 3;NA
APS;EES;APS;INC;OK;INC000017448523;Priority 4;NA
APS;ETH;APS;INC;OK;INC000017448536;Priority 3;NA
APS;ETH;APS;INC;OK;INC000017448771;Priority 4;NA
APS;ETH;APS;INC;OK;INC000017448897;Priority 4;NA
LEAD;DCF;FUN;INC;OK;INC000017448904;Priority 4;NA
APS;ETH;APS;INC;OK;INC000017448971;Priority 4;NA
LEAD;DCF;FUN;INC;OK;INC000017449037;Priority 3;NA
APS;ETH;APS;INC;OK;INC000017449383;Priority 3;NA
OPS;EMS;OPS;HK;OK;INC000017449697;Priority 3;NA
OPS;EMS;OPS;HK;OK;INC000017449781;Priority 4;NA
OPS;EMS;OPS;HK;OK;INC000017450034;Priority 4;NA
SCH;LAT;SCH;INC;OK;INC000017450195;Priority 3;NA
SCH;LAT;SCH;INC;OK;INC000017450197;Priority 3;NA
OPS;EMS;OPS;HK;OK;INC000017450447;Priority 3;NA
FUN;812;FUN;INC;Defect;INC000017450630;Priority 4;NA
APS;DCF;APS;INC;OK;INC000017450686;Priority 3;NA
FUN;812;FUN;INC;OK;INC000017450873;Priority 4;NA
APS;ETH;APS;INC;OK;INC000017450907;Priority 4;NA
SEC;EMS;SEC;INC;OK;INC000017451222;Priority 3;NA
FUN;812;FUN;INC;OK;INC000017451314;Priority 4;NA
DCF;DCF;FUN;INC;OK;INC000017451689;Priority 4;NA
CNC;812;MON;SR;OK;INC000017451724;Priority 4;NA
FIN;812;FUN;INC;OK;INC000017452042;Priority 4;NA
FUN;812;FUN;INC;OK;INC000017452049;Priority 4;NA
APS;ETH;APS;INC;OK;INC000017452118;Priority 3;NA
OPS;EMS;OPS;HK;OK;INC000017452131;Priority 4;NA
FUN;WS;FUN;INC;OK;INC000017452181;Priority 4;NA
OPS;EMS;OPS;HK;OK;INC000017452265;Priority 4;NA
TEC;DCF;TEC;INC;OK;INC000017452398;Priority 4;NA
FUN;BWI;FUN;INC;OK;INC000017452760;Priority 4;NA
SEC;SYN;SEC;INC;OK;INC000017452895;Priority 4;NA
SEC;SYN;SEC;INC;OK;INC000017453018;Priority 4;NA
TEC;ETH;TEC;INC;OK;INC000017453023;Priority 4;NA
TEC;DCF;TEC;INC;OK;INC000017453037;Priority 3;NA
TEC;ETH;TEC;INC;OK;INC000017453038;Priority 4;NA
FUN;812;FUN;INC;OK;INC000017453060;Priority 4;NA
L1;CRD;MON;INC;OK;INC000017453065;Priority 3;NA
TEC;ETH;TEC;INC;OK;INC000017453155;Priority 4;NA
FIN;812;FUN;INC;OK;INC000017453193;Priority 4;NA
FIN;812;FUN;INC;OK;INC000017453241;Priority 4;NA
FUN;812;FUN;INC;OK;INC000017453248;Priority 4;NA
FUN;EES;FUN;INC;OK;INC000017453557;Priority 4;NA
FUN;EES;FUN;INC;OK;INC000017453726;Priority 4;NA
DCF;DCF;FUN;SR;OK;INC000017453813;Priority 4;NA
DCF;DCF;FUN;INC;OK;INC000017453832;Priority 4;NA
FIN;812;FUN;INC;OK;INC000017453888;Priority 4;NA
CNC;MNT;CNC;INC;OK;INC000017453901;Priority 3;NA
SEC;SYN;SEC;INC;OK;INC000017454009;Priority 4;NA
SEC;SYN;SEC;INC;OK;INC000017454200;Priority 3;NA
SEC;SYN;SEC;INC;OK;INC000017454225;Priority 3;NA
APS;ETH;APS;INC;OK;INC000017454270;Priority 3;NA
TEC;SYN;FUN;INC;OK;INC000017454284;Priority 4;NA
FUN;BWI;FUN;INC;OK;INC000017454633;Priority 4;NA
SEC;SYN;SEC;INC;OK;INC000017454743;Priority 4;NA
FUN;BWI;FUN;INC;OK;INC000017454953;Priority 4;NA
FUN;ETH;FUN;INC;OK;INC000017455087;Priority 4;NA
APS;ETH;APS;INC;OK;INC000017455145;Priority 4;NA
APS;ETH;APS;INC;OK;INC000017455149;Priority 4;NA
APS;ETH;APS;INC;OK;INC000017455150;Priority 4;NA
APS;ETH;APS;INC;OK;INC000017455151;Priority 4;NA
APS;ETH;APS;INC;OK;INC000017455157;Priority 4;NA
APS;ETH;APS;INC;OK;INC000017455158;Priority 4;NA
APS;ETH;APS;INC;OK;INC000017455219;Priority 4;NA
APS;ETH;APS;INC;OK;INC000017455220;Priority 4;NA
APS;ETH;APS;INC;OK;INC000017455221;Priority 4;NA
SEC;SYN;SEC;INC;OK;INC000017455246;Priority 4;NA
SEC;812;SEC;SR;OK;INC000017455457;Priority 4;NA
APS;ETH;APS;INC;OK;INC000017456542;Priority 4;NA
FIN;812;FUN;INC;OK;INC000017457566;Priority 4;NA
FUN;812;FUN;INC;Defect;INC000017457582;Priority 4;NA
DCF;DCF;FUN;INC;OK;INC000017457691;Priority 4;NA
OPS;EMS;OPS;HK;OK;INC000017458403;Priority 4;NA
FUN;WS;FUN;INC;OK;INC000017458495;Priority 4;NA
SEC;DXE;SEC;SR;OK;INC000017458538;Priority 3;NA
FUN;812;FUN;INC;OK;INC000017458645;Priority 4;NA
APS;ETH;APS;INC;OK;INC000017458769;Priority 4;NA
FIN;DXE;FUN;INC;OK;INC000017459048;Priority 4;NA
SEC;SYN;SEC;INC;OK;INC000017459134;Priority 3;NA
FIN;812;FUN;INC;Defect;INC000017459135;Priority 4;NA
FUN;BWI;FUN;INC;OK;INC000017459194;Priority 4;NA
DCF;DCF;FUN;INC;OK;INC000017459335;Priority 4;NA
FIN;812;FUN;INC;Defect;INC000017459420;Priority 4;NA
FUN;812;FUN;INC;OK;INC000017459739;Priority 4;NA
TEC;ETH;TEC;INC;OK;INC000017459763;Priority 4;NA
TEC;BWI;TEC;INC;OK;INC000017460015;Priority 4;NA
SEC;DCF;SEC;SR;OK;INC000017460207;Priority 3;NA
FIN;812;FUN;INC;OK;INC000017460244;Priority 4;NA
FUN;BWI;FUN;INC;OK;INC000017460314;Priority 4;NA
SEC;SYN;SEC;INC;OK;INC000017460333;Priority 4;NA
L1;BWI;L1 ;INC;OK;INC000017460360;Priority 4;NA
APS;ETH;APS;INC;OK;INC000017460733;Priority 4;NA
FUN;ETH;FUN;INC;OK;INC000017460869;Priority 4;NA
FUN;ETH;FUN;INC;OK;INC000017461223;Priority 4;NA
FIN;LAT;FUN;INC;OK;INC000017461322;Priority 4;NA
FUN;ETH;FUN;INC;OK;INC000017461382;Priority 4;NA
TEC;BWI;TEC;INC;OK;INC000017461419;Priority 4;NA
APS;ETH;APS;INC;OK;INC000017461702;Priority 4;NA
APS;ETH;APS;INC;OK;INC000017461703;Priority 4;NA
APS;ETH;APS;INC;OK;INC000017461704;Priority 4;NA
APS;ETH;APS;INC;OK;INC000017461705;Priority 4;NA
APS;ETH;APS;INC;OK;INC000017461706;Priority 4;NA
APS;ETH;APS;INC;OK;INC000017461708;Priority 4;NA
APS;ETH;APS;INC;OK;INC000017461711;Priority 4;NA
TEC;BWI;TEC;INC;OK;INC000017461718;Priority 4;NA
APS;ETH;APS;INC;OK;INC000017461795;Priority 4;NA
APS;ETH;APS;INC;OK;INC000017461801;Priority 4;NA
APS;ETH;APS;INC;OK;INC000017461802;Priority 4;NA
SEC;SYN;SEC;INC;OK;INC000017461814;Priority 4;NA
FUN;ETH;FUN;INC;OK;INC000017461881;Priority 4;NA
FUN;BWI;FUN;INC;OK;INC000017462119;Priority 4;NA
SEC;SYN;SEC;INC;OK;INC000017462133;Priority 4;NA
L1;BWI;L1 ;INC;OK;INC000017462136;Priority 4;NA
APS;EES;APS;INC;OK;INC000017462520;Priority 4;NA
SCH;LAT;SCH;INC;OK;INC000017462788;Priority 4;NA
APS;ETH;APS;INC;OK;INC000017462790;Priority 4;NA
OPS;EMS;OPS;HK;OK;INC000017462846;Priority 4;NA
APS;EES;APS;INC;OK;INC000017463155;Priority 4;NA
APS;ETH;APS;INC;OK;INC000017463238;Priority 4;NA
CNC;MNT;MON;SR;OK;INC000017463338;Priority 4;NA
FIN;MNT;FUN;INC;OK;INC000017463357;Priority 4;NA
FIN;MNT;FUN;INC;OK;INC000017463371;Priority 4;NA
FIN;812;FUN;INC;OK;INC000017463510;Priority 4;NA
FIN;812;FUN;INC;OK;INC000017463836;Priority 4;NA
FIN;812;INS;INC;OK;INC000017463925;Priority 4;NA
FIN;812;FUN;INC;OK;INC000017464136;Priority 4;NA
FUN;DXE;FUN;INC;OK;INC000017464254;Priority 4;NA
FIN;812;FUN;INC;OK;INC000017464275;Priority 4;NA
FUN;812;FUN;INC;OK;INC000017464407;Priority 4;NA
FUN;812;FUN;INC;Defect;INC000017464487;Priority 3;NA
FUN;BWI;FUN;INC;OK;INC000017464534;Priority 4;NA
FIN;812;FUN;INC;OK;INC000017464576;Priority 4;NA
FUN;812;FUN;INC;OK;INC000017464804;Priority 4;NA
FUN;812;FUN;INC;OK;INC000017464926;Priority 4;NA
DCF;DCF;FUN;INC;OK;INC000017464941;Priority 4;NA
FUN;812;FUN;INC;OK;INC000017465012;Priority 4;NA
FIN;812;FUN;INC;OK;INC000017465020;Priority 4;NA
APS;ETH;APS;INC;OK;INC000017465038;Priority 4;NA
FUN;812;FUN;INC;OK;INC000017465219;Priority 4;NA
FIN;812;FUN;INC;OK;INC000017465249;Priority 4;NA
FIN;812;FUN;INC;OK;INC000017465309;Priority 4;NA
FIN;812;FUN;INC;OK;INC000017465745;Priority 4;NA
TEC;ETH;TEC;INC;OK;INC000017465953;Priority 4;NA
FUN;EES;FUN;INC;OK;INC000017466129;Priority 4;NA
FIN;812;FUN;INC;OK;INC000017466213;Priority 4;NA
FUN;812;FUN;INC;OK;INC000017466264;Priority 4;NA
FUN;812;FUN;INC;Defect;INC000017466268;Priority 4;NA
FIN;812;FUN;INC;OK;INC000017466273;Priority 4;NA
FUN;EES;FUN;INC;OK;INC000017466507;Priority 4;NA
TEC;ETH;TEC;INC;OK;INC000017466671;Priority 4;NA
L1;812;MON;INC;OK;INC000017466894;Priority 4;NA
APS;ETH;APS;INC;OK;INC000017466941;Priority 4;NA
FIN;812;FUN;INC;OK;INC000017467115;Priority 4;NA
SEC;SYN;SEC;INC;OK;INC000017467170;Priority 4;NA
FIN;BWI;FUN;INC;OK;INC000017467534;Priority 4;NA
APS;ETH;APS;INC;OK;INC000017467788;Priority 4;NA
APS;ETH;APS;INC;OK;INC000017467789;Priority 4;NA
APS;ETH;APS;INC;OK;INC000017467792;Priority 4;NA
APS;ETH;APS;INC;OK;INC000017467797;Priority 4;NA
APS;ETH;APS;INC;OK;INC000017467798;Priority 4;NA
APS;ETH;APS;INC;OK;INC000017467800;Priority 4;NA
APS;ETH;APS;INC;OK;INC000017467848;Priority 4;NA
SEC;SYN;SEC;INC;OK;INC000017468043;Priority 4;NA
FIN;812;FUN;INC;OK;INC000017468077;Priority 4;NA
FUN;ETH;FUN;INC;OK;INC000017468166;Priority 4;NA
SEC;SYN;SEC;INC;OK;INC000017468193;Priority 4;NA
SEC;SYN;SEC;INC;OK;INC000017468208;Priority 4;NA
SEC;SYN;SEC;INC;Defect;INC000017468227;Priority 3;NA
FUN;ETH;FUN;INC;OK;INC000017468301;Priority 4;NA
APS;EES;APS;INC;OK;INC000017468489;Priority 4;NA
APS;ETH;APS;INC;OK;INC000017468992;Priority 4;NA
APS;ETH;APS;INC;OK;INC000017469197;Priority 4;NA
FUN;812;FUN;INC;OK;INC000017469493;Priority 4;NA
SCH;LAT;SCH;INC;OK;INC000017469582;Priority 4;NA
FIN;812;FUN;INC;OK;INC000017469634;Priority 3;NA
CNC;812;MON;INC;OK;INC000017469717;Priority 4;NA
FUN;812;FUN;INC;OK;INC000017469777;Priority 4;NA
CNC;812;CNC;INC;OK;INC000017469880;Priority 4;NA
APS;ETH;APS;INC;OK;INC000017470073;Priority 4;NA
CNC;812;CNC;INC;OK;INC000017470215;Priority 4;NA
FUN;812;FUN;INC;OK;INC000017470430;Priority 4;NA
FIN;812;FUN;INC;OK;INC000017470631;Priority 4;NA
FIN;DXE;FUN;INC;OK;INC000017470735;Priority 4;NA
CNC;812;CNC;INC;OK;INC000017470906;Priority 4;NA
CNC;812;CNC;INC;OK;INC000017470952;Priority 4;NA
SEC;SYN;SEC;INC;OK;INC000017471090;Priority 4;NA
FUN;EES;FUN;INC;OK;INC000017471176;Priority 4;NA
FUN;WS;FUN;INC;OK;INC000017471213;Priority 4;NA
L1;MNT;MON;SR;OK;INC000017471299;Priority 4;NA
FIN;BWI;FUN;INC;OK;INC000017471305;Priority 4;NA
FIN;812;FUN;INC;OK;INC000017471337;Priority 4;NA
FIN;812;FUN;INC;OK;INC000017471379;Priority 4;NA
L1;BWI;L1 ;SR;OK;INC000017471607;Priority 4;NA
FIN;812;FUN;INC;OK;INC000017471651;Priority 4;NA
DCF;DCF;FUN;INC;OK;INC000017471987;Priority 4;NA
TEC;DCF;TEC;INC;OK;INC000017472054;Priority 4;NA
FUN;ETH;FUN;INC;OK;INC000017472110;Priority 4;NA
FUN;812;FUN;INC;OK;INC000017472153;Priority 4;NA
TEC;DCF;TEC;INC;OK;INC000017472266;Priority 4;NA
FIN;812;FUN;INC;OK;INC000017472408;Priority 4;NA
FIN;812;FUN;INC;OK;INC000017472423;Priority 3;NA
TEC;ETH;TEC;INC;OK;INC000017472484;Priority 4;NA
APS;ETH;APS;INC;OK;INC000017472513;Priority 4;NA
FIN;812;FUN;INC;Defect;INC000017472535;Priority 4;NA
SEC;SYN;SEC;INC;OK;INC000017472915;Priority 4;NA
SEC;SYN;SEC;INC;OK;INC000017473190;Priority 4;NA
APS;ETH;APS;INC;OK;INC000017473228;Priority 4;NA
APS;ETH;APS;INC;OK;INC000017473231;Priority 4;NA
APS;ETH;APS;INC;OK;INC000017473239;Priority 4;NA
APS;ETH;APS;INC;OK;INC000017473240;Priority 4;NA
APS;ETH;APS;INC;OK;INC000017473244;Priority 4;NA
APS;ETH;APS;INC;OK;INC000017473245;Priority 4;NA
APS;ETH;APS;INC;OK;INC000017473322;Priority 4;NA
TEC;ETH;TEC;INC;OK;INC000017473975;Priority 4;NA
APS;ETH;APS;INC;OK;INC000017474169;Priority 4;NA
APS;ETH;APS;INC;OK;INC000017474355;Priority 4;NA
APS;ETH;APS;INC;OK;INC000017474540;Priority 4;NA
SCH;LAT;SCH;INC;OK;INC000017474740;Priority 4;NA
FUN;812;FUN;INC;OK;INC000017475537;Priority 4;NA
FIN;812;FUN;INC;OK;INC000017475589;Priority 4;NA
FUN;812;FUN;INC;OK;INC000017475702;Priority 4;NA
FUN;812;FUN;INC;OK;INC000017475717;Priority 3;NA
FUN;812;FUN;INC;OK;INC000017475791;Priority 4;NA
FIN;812;FUN;INC;OK;INC000017475799;Priority 4;NA
FUN;812;FUN;INC;OK;INC000017475820;Priority 4;NA
FUN;812;FUN;INC;OK;INC000017475929;Priority 4;NA
FUN;812;FUN;INC;OK;INC000017475963;Priority 4;NA
SEC;812;SEC;INC;OK;INC000017476032;Priority 4;NA
APS;ETH;APS;INC;OK;INC000017476175;Priority 4;NA
SEC;812;SEC;SR;OK;INC000017476188;Priority 4;NA
FUN;812;FUN;INC;OK;INC000017476480;Priority 4;NA
FUN;BWI;FUN;INC;OK;INC000017476668;Priority 4;NA
DCF;DCF;FUN;INC;OK;INC000017476913;Priority 4;NA
FIN;812;FUN;INC;OK;INC000017477051;Priority 4;NA
SEC;SYN;SEC;INC;OK;INC000017477111;Priority 4;NA
FUN;812;FUN;INC;OK;INC000017477116;Priority 4;NA
FIN;812;FUN;INC;OK;INC000017477181;Priority 4;NA
L1;812;MON;SR;OK;INC000017477269;Priority 4;NA
APS;ETH;APS;INC;OK;INC000017477665;Priority 4;NA
FUN;EES;FUN;INC;OK;INC000017477784;Priority 4;NA
SEC;SYN;SEC;INC;OK;INC000017477873;Priority 3;NA
L1;812;MON;SR;OK;INC000017477947;Priority 4;NA
SEC;ETH;SEC;INC;Defect;INC000017478234;Priority 3;NA
SEC;SYN;SEC;INC;OK;INC000017478345;Priority 4;NA
APS;ETH;APS;INC;OK;INC000017478394;Priority 4;NA
APS;ETH;APS;INC;OK;INC000017478404;Priority 4;NA
APS;ETH;APS;INC;OK;INC000017478407;Priority 4;NA
APS;ETH;APS;INC;OK;INC000017478408;Priority 4;NA
APS;ETH;APS;INC;OK;INC000017478462;Priority 4;NA
APS;ETH;APS;INC;OK;INC000017478463;Priority 4;NA
L1;BWI;L1 ;SR;OK;INC000017479122;Priority 4;NA
FUN;BWI;FUN;INC;OK;INC000017479151;Priority 4;NA
OPS;EMS;OPS;HK;OK;INC000017479199;Priority 4;NA
SEC;ETH;SEC;INC;OK;INC000017479318;Priority 4;NA
APS;ETH;APS;INC;OK;INC000017479529;Priority 4;NA
APS;ETH;APS;INC;OK;INC000017480029;Priority 4;NA
APS;ETH;APS;INC;OK;INC000017480267;Priority 4;NA
APS;ETH;APS;INC;OK;INC000017480458;Priority 4;NA
APS;ETH;APS;INC;OK;INC000017480679;Priority 3;NA
APS;ETH;APS;INC;OK;INC000017480819;Priority 3;NA
APS;EES;APS;INC;OK;INC000017480821;Priority 4;NA
APS;ETH;APS;INC;OK;INC000017481301;Priority 4;NA
APS;ETH;APS;INC;OK;INC000017481392;Priority 4;NA
APS;ETH;APS;INC;OK;INC000017481427;Priority 4;NA
APS;ETH;APS;INC;OK;INC000017481873;Priority 4;NA
APS;ETH;APS;INC;OK;INC000017482085;Priority 4;NA
APS;ETH;APS;INC;OK;INC000017482228;Priority 4;NA
APS;ETH;APS;INC;OK;INC000017482526;Priority 4;NA
APS;ETH;APS;INC;OK;INC000017482574;Priority 4;NA
SCH;LAT;SCH;INC;OK;INC000017483241;Priority 4;NA
OPS;WS;WS ;HK;OK;INC000017483498;Priority 4;NA
SCH;LAT;SCH;INC;OK;INC000017483505;Priority 4;NA
SCH;LAT;SCH;INC;OK;INC000017483508;Priority 4;NA
SCH;LAT;SCH;INC;OK;INC000017483509;Priority 4;NA
SCH;LAT;SCH;INC;OK;INC000017483510;Priority 4;NA
SCH;LAT;SCH;INC;OK;INC000017483511;Priority 4;NA
SCH;LAT;SCH;INC;OK;INC000017483514;Priority 4;NA
OPS;EMS;OPS;HK;OK;INC000017483565;Priority 4;NA
SEC;812;SEC;SR;OK;INC000017483772;Priority 4;NA
FIN;812;FUN;INC;OK;INC000017484146;Priority 4;NA
FUN;812;FUN;INC;OK;INC000017484155;Priority 4;NA
FUN;812;FUN;INC;OK;INC000017484321;Priority 3;NA
DCF;DCF;FUN;INC;OK;INC000017484756;Priority 4;NA
FIN;812;FUN;INC;OK;INC000017484885;Priority 4;NA
FIN;812;FUN;INC;OK;INC000017484889;Priority 4;NA
FIN;812;FUN;INC;OK;INC000017485000;Priority 4;NA
FIN;812;FUN;INC;OK;INC000017485060;Priority 4;NA
DCF;DCF;FUN;INC;OK;INC000017485067;Priority 4;NA
L1;812;MON;SR;OK;INC000017485184;Priority 4;NA
APS;ETH;APS;INC;OK;INC000017485392;Priority 3;NA
SEC;SYN;SEC;INC;OK;INC000017485515;Priority 4;NA
FUN;BWI;FUN;INC;OK;INC000017485704;Priority 4;NA
DCF;DCF;FUN;INC;OK;INC000017485890;Priority 4;NA
FUN;EES;FUN;INC;OK;INC000017485981;Priority 4;NA
DCF;DCF;FUN;INC;OK;INC000017486113;Priority 4;NA
FIN;812;FUN;INC;OK;INC000017486116;Priority 3;NA
FIN;812;FUN;INC;OK;INC000017486256;Priority 4;NA
FIN;812;FUN;INC;OK;INC000017486319;Priority 3;NA
FUN;812;FUN;INC;OK;INC000017486512;Priority 4;NA
SEC;EMS;FUN;INC;OK;INC000017486607;Priority 4;NA
DCF;DCF;FUN;INC;OK;INC000017487189;Priority 4;NA
FUN;812;FUN;INC;OK;INC000017487356;Priority 4;NA
SEC;SYN;SEC;INC;OK;INC000017487488;Priority 4;NA
APS;DCF;APS;INC;OK;INC000017487769;Priority 4;NA
FUN;BWI;FUN;INC;OK;INC000017488340;Priority 3;NA
APS;ETH;APS;INC;OK;INC000017488456;Priority 3;NA
APS;ETH;APS;INC;OK;INC000017488461;Priority 4;NA
APS;ETH;APS;INC;OK;INC000017488466;Priority 4;NA
APS;ETH;APS;INC;OK;INC000017488467;Priority 4;NA
APS;ETH;APS;INC;OK;INC000017488468;Priority 4;NA
APS;ETH;APS;INC;OK;INC000017488469;Priority 4;NA
APS;ETH;APS;INC;OK;INC000017488540;Priority 4;NA
APS;ETH;APS;INC;OK;INC000017488541;Priority 4;NA
FUN;MNT;FUN;INC;OK;INC000017488634;Priority 4;NA
FUN;BWI;FUN;INC;OK;INC000017489141;Priority 4;NA
SEC;SYN;SEC;INC;OK;INC000017489195;Priority 4;NA
APS;ETH;APS;INC;OK;INC000017489660;Priority 3;NA
OPS;EMS;OPS;HK;OK;INC000017489668;Priority 4;NA
OPS;EMS;OPS;HK;OK;INC000017489708;Priority 3;NA
0;BWI;L1 ;INC;OK;INC000017489722;Priority 4;NA
APS;ETH;APS;INC;OK;INC000017489917;Priority 3;NA
APS;ETH;APS;INC;OK;INC000017490156;Priority 3;NA
FIN;812;FUN;INC;OK;INC000017490492;Priority 4;NA
FIN;812;FUN;INC;OK;INC000017491681;Priority 4;NA
FIN;812;FUN;INC;OK;INC000017491805;Priority 4;NA
FUN;812;FUN;INC;OK;INC000017491863;Priority 3;NA
FIN;812;FUN;INC;OK;INC000017492005;Priority 4;NA
FIN;812;FUN;INC;OK;INC000017492097;Priority 4;NA
FIN;812;FUN;INC;OK;INC000017492217;Priority 4;NA
FIN;812;FUN;INC;OK;INC000017492246;Priority 4;NA
OPS;EMS;OPS;HK;OK;INC000017492252;Priority 4;NA
DCF;DCF;FUN;INC;OK;INC000017492501;Priority 4;NA
FUN;BWI;FUN;INC;OK;INC000017492568;Priority 4;NA
FIN;812;FUN;INC;OK;INC000017492585;Priority 4;NA
FUN;WS;FUN;INC;OK;INC000017493303;Priority 3;NA
FUN;812;FUN;INC;OK;INC000017493305;Priority 4;NA
TEC;DCF;TEC;INC;OK;INC000017493328;Priority 4;NA
SEC;SYN;SEC;INC;OK;INC000017493419;Priority 4;NA
SEC;SYN;SEC;INC;OK;INC000017493631;Priority 4;NA
FIN;812;FUN;INC;OK;INC000017494015;Priority 4;NA
FIN;DXE;FUN;INC;OK;INC000017494021;Priority 4;NA
TEC;DCF;TEC;INC;OK;INC000017494068;Priority 4;NA
APS;ETH;APS;INC;OK;INC000017494070;Priority 3;NA
TEC;SYN;FUN;INC;OK;INC000017494138;Priority 3;NA
SEC;SYN;SEC;INC;OK;INC000017494183;Priority 4;NA
SEC;SYN;SEC;INC;OK;INC000017494872;Priority 4;NA
APS;ETH;APS;INC;OK;INC000017494892;Priority 4;NA
APS;ETH;APS;INC;OK;INC000017494893;Priority 3;NA
APS;ETH;APS;INC;OK;INC000017494895;Priority 3;NA
APS;ETH;APS;INC;OK;INC000017494896;Priority 3;NA
APS;ETH;APS;INC;OK;INC000017494900;Priority 3;NA
APS;ETH;APS;INC;OK;INC000017494904;Priority 3;NA
APS;ETH;APS;INC;OK;INC000017494968;Priority 3;NA
APS;ETH;APS;INC;OK;INC000017494969;Priority 3;NA
FUN;MNT;FUN;INC;OK;INC000017495086;Priority 4;NA
FUN;BWI;FUN;INC;OK;INC000017495363;Priority 4;NA
APS;EES;APS;INC;OK;INC000017495750;Priority 4;NA
APS;ETH;APS;INC;OK;INC000017495903;Priority 3;NA
APS;ETH;APS;INC;OK;INC000017496084;Priority 4;NA
APS;ETH;APS;INC;OK;INC000017496291;Priority 3;NA
FUN;812;FUN;INC;OK;INC000017496451;Priority 4;NA
FIN;812;FUN;INC;OK;INC000017496669;Priority 4;NA
DCF;DCF;FUN;INC;OK;INC000017496915;Priority 4;NA
FIN;812;FUN;INC;OK;INC000017497141;Priority 4;NA
FUN;812;FUN;INC;OK;INC000017497166;Priority 4;NA
L1;MNT;MON;SR;OK;INC000017497674;Priority 4;NA
FUN;812;FUN;INC;OK;INC000017497777;Priority 3;NA
APS;ETH;APS;INC;OK;INC000017497890;Priority 3;NA
L1;812;MON;INC;OK;INC000017497897;Priority 4;NA
DBA;812;DBA;INC;OK;INC000017498005;Priority 4;NA
FIN;812;FUN;INC;OK;INC000017498101;Priority 4;NA
L1;MNT;MON;SR;OK;INC000017498174;Priority 4;NA
FIN;812;FUN;INC;OK;INC000017498177;Priority 4;NA
FUN;BWI;FUN;INC;OK;INC000017498277;Priority 4;NA
FUN;EES;SEC;INC;OK;INC000017498309;Priority 4;NA
TEC;ETH;TEC;INC;OK;INC000017498580;Priority 4;NA
TEC;SYN;FUN;INC;OK;INC000017498605;Priority 4;NA
SEC;SYN;SEC;INC;OK;INC000017498760;Priority 4;NA
TEC;DCF;TEC;INC;OK;INC000017498762;Priority 4;NA
TEC;SYN;FUN;INC;OK;INC000017498871;Priority 4;NA
L1;BWI;L1 ;INC;OK;INC000017498877;Priority 3;NA
FIN;812;FUN;INC;OK;INC000017498884;Priority 4;NA
SEC;812;SEC;SR;OK;INC000017499030;Priority 4;NA
TEC;SYN;FUN;INC;OK;INC000017499499;Priority 4;NA
APS;ETH;APS;INC;OK;INC000017499660;Priority 4;NA
SEC;SYN;SEC;INC;OK;INC000017499966;Priority 4;NA
SEC;SYN;SEC;INC;OK;INC000017500054;Priority 4;NA
SEC;SYN;SEC;INC;OK;INC000017500289;Priority 4;NA
APS;ETH;APS;INC;OK;INC000017500415;Priority 4;NA
APS;ETH;APS;INC;OK;INC000017500416;Priority 4;NA
APS;ETH;APS;INC;OK;INC000017500417;Priority 4;NA
APS;ETH;APS;INC;OK;INC000017500420;Priority 4;NA
APS;ETH;APS;INC;OK;INC000017500476;Priority 4;NA
L1;812;MON;SR;OK;INC000017500921;Priority 4;NA
FUN;ETH;FUN;INC;OK;INC000017500952;Priority 4;NA
TEC;SYN;FUN;INC;OK;INC000017501042;Priority 4;NA
OPS;EMS;OPS;HK;OK;INC000017501197;Priority 4;NA
APS;ETH;APS;INC;OK;INC000017501283;Priority 4;NA
APS;ETH;APS;INC;OK;INC000017501549;Priority 4;NA
APS;ETH;APS;INC;OK;INC000017501744;Priority 4;NA
FUN;812;FUN;INC;OK;INC000017502634;Priority 4;NA
FIN;812;FUN;INC;OK;INC000017503051;Priority 4;NA
CNC;812;MON;INC;OK;INC000017503135;Priority 4;NA
FUN;812;FUN;INC;OK;INC000017503321;Priority 4;NA
L1;MNT;MON;SR;OK;INC000017503454;Priority 4;NA
FIN;812;FUN;INC;OK;INC000017503608;Priority 4;NA
FIN;812;FUN;INC;OK;INC000017503622;Priority 4;NA
FUN;BWI;FUN;INC;OK;INC000017503664;Priority 4;NA
TEC;SYN;FUN;INC;OK;INC000017504599;Priority 4;NA
FIN;812;FUN;INC;OK;INC000017504631;Priority 4;NA
TEC;DCF;TEC;INC;OK;INC000017504716;Priority 4;NA
DBA;812;DBA;INC;OK;INC000017504850;Priority 4;NA
TEC;ETH;TEC;INC;OK;INC000017504879;Priority 4;NA
APS;ETH;APS;INC;OK;INC000017505121;Priority 4;NA
APS;ETH;APS;INC;OK;INC000017505881;Priority 4;NA
APS;ETH;APS;INC;OK;INC000017505883;Priority 4;NA
APS;ETH;APS;INC;OK;INC000017505885;Priority 4;NA
APS;ETH;APS;INC;OK;INC000017505887;Priority 4;NA
APS;ETH;APS;INC;OK;INC000017505943;Priority 4;NA
APS;ETH;APS;INC;OK;INC000017505944;Priority 4;NA
APS;ETH;APS;INC;OK;INC000017505945;Priority 4;NA
APS;EES;APS;INC;OK;INC000017506172;Priority 4;NA
TEC;SYN;FUN;INC;OK;INC000017506493;Priority 4;NA
L1;MNT;MON;SR;OK;INC000017506702;Priority 4;NA
APS;ETH;APS;INC;OK;INC000017506817;Priority 4;NA
FUN;BWI;FUN;INC;OK;INC000017507040;Priority 4;NA
APS;EES;APS;INC;OK;INC000017507108;Priority 4;NA
APS;ETH;APS;INC;OK;INC000017507154;Priority 4;NA
FUN;BWI;FUN;INC;OK;INC000017508929;Priority 4;NA
SEC;SYN;SEC;INC;OK;INC000017509043;Priority 4;NA
TEC;DCF;TEC;INC;OK;INC000017509308;Priority 4;NA
SEC;SYN;SEC;INC;OK;INC000017509801;Priority 4;NA
APS;ETH;APS;INC;OK;INC000017510067;Priority 4;NA
APS;ETH;APS;INC;OK;INC000017510785;Priority 4;NA
APS;ETH;APS;INC;OK;INC000017510787;Priority 4;NA
APS;ETH;APS;INC;OK;INC000017510788;Priority 4;NA
APS;ETH;APS;INC;OK;INC000017510789;Priority 4;NA
APS;ETH;APS;INC;OK;INC000017510790;Priority 4;NA
APS;ETH;APS;INC;OK;INC000017510792;Priority 4;NA
APS;ETH;APS;INC;OK;INC000017510796;Priority 4;NA
APS;ETH;APS;INC;OK;INC000017510854;Priority 4;NA
DBA;812;DBA;INC;OK;INC000017528581;Priority 4;NA
FIN;812;FUN;INC;OK;INC000017528894;Priority 4;NA
FUN;812;FUN;INC;OK;INC000017529191;Priority 4;NA
FUN;812;FUN;INC;OK;INC000017529529;Priority 4;NA
FIN;812;FUN;INC;OK;INC000017529788;Priority 4;NA
DCF;DCF;FUN;INC;OK;INC000017530269;Priority 4;NA
FUN;BWI;FUN;INC;OK;INC000017530451;Priority 4;NA
SEC;SYN;SEC;INC;OK;INC000017530647;Priority 4;NA
FIN;812;FUN;INC;OK;INC000017531000;Priority 4;NA
FIN;812;FUN;INC;OK;INC000017531768;Priority 4;NA
SEC;812;SEC;INC;OK;INC000017531998;Priority 4;NA
L1;MNT;MON;INC;OK;INC000017532237;Priority 4;NA
FIN;812;FUN;INC;OK;INC000017532580;Priority 4;NA
SEC;SYN;SEC;INC;OK;INC000017532952;Priority 4;NA
DCF;DCF;FUN;INC;OK;INC000017533460;Priority 4;NA
SEC;LAT;SEC;INC;OK;INC000017533529;Priority 4;NA
TEC;BWI;TEC;INC;OK;INC000017533728;Priority 4;NA
FUN;812;FUN;INC;OK;INC000017535150;Priority 4;NA
FIN;812;FUN;INC;OK;INC000017535193;Priority 4;NA
FIN;812;FUN;INC;OK;INC000017535448;Priority 4;NA
FUN;812;FUN;INC;OK;INC000017535505;Priority 4;NA
FIN;812;FUN;INC;OK;INC000017535578;Priority 4;NA
FIN;812;FUN;INC;OK;INC000017535795;Priority 4;NA
FIN;812;FUN;INC;OK;INC000017536216;Priority 4;NA
FUN;812;FUN;INC;OK;INC000017536294;Priority 4;NA
DCF;DCF;FUN;INC;OK;INC000017536444;Priority 4;NA
FIN;812;FUN;INC;OK;INC000017536477;Priority 4;NA
FIN;812;FUN;INC;OK;INC000017536599;Priority 4;NA
FUN;BWI;FUN;INC;OK;INC000017536669;Priority 4;NA
FIN;812;FUN;INC;OK;INC000017537235;Priority 4;NA
FIN;812;FUN;INC;OK;INC000017537259;Priority 4;NA
FUN;812;FUN;INC;OK;INC000017537378;Priority 4;NA
FIN;812;FUN;INC;OK;INC000017537415;Priority 4;NA
FUN;ETH;FUN;INC;OK;INC000017537494;Priority 4;NA
FUN;EES;FUN;INC;OK;INC000017537640;Priority 4;NA
FUN;EES;FUN;INC;OK;INC000017537684;Priority 4;NA
FIN;812;FUN;INC;Defect;INC000017537748;Priority 4;NA
SEC;SYN;SEC;INC;OK;INC000017538890;Priority 4;NA
L1;MNT;MON;INC;OK;INC000017538942;Priority 4;NA
L1;MNT;MON;INC;OK;INC000017538977;Priority 4;NA
DCF;DCF;FUN;INC;OK;INC000017539136;Priority 4;NA
FUN;ETH;FUN;INC;OK;INC000017539353;Priority 4;NA
FUN;BWI;FUN;INC;OK;INC000017539533;Priority 4;NA
APS;ETH;APS;INC;OK;INC000017540309;Priority 3;NA
FUN;812;FUN;INC;OK;INC000017541289;Priority 3;NA
DCF;DCF;FUN;INC;OK;INC000017541404;Priority 4;NA
FIN;812;FUN;INC;OK;INC000017541442;Priority 4;NA
SEC;EMS;OPS;INC;Defect;INC000017541597;Priority 3;NA
SEC;EDS;SEC;INC;OK;INC000017541645;Priority 4;NA
FIN;812;FUN;INC;Defect;INC000017541688;Priority 4;NA
FIN;812;FUN;INC;OK;INC000017541716;Priority 4;NA
FUN;812;FUN;INC;OK;INC000017541770;Priority 4;NA
FUN;812;FUN;INC;Defect;INC000017541814;Priority 4;NA
SEC;812;SEC;INC;OK;INC000017541943;Priority 3;NA
FUN;812;FUN;INC;OK;INC000017542059;Priority 4;NA
FUN;ETH;FUN;INC;OK;INC000017542154;Priority 3;NA
SEC;SYN;SEC;INC;OK;INC000017542292;Priority 4;NA
DCF;DCF;FUN;INC;OK;INC000017542535;Priority 4;NA
SEC;EMS;SEC;INC;OK;INC000017542553;Priority 3;NA
FUN;BWI;FUN;INC;OK;INC000017542568;Priority 4;NA
L1;BWI;L1 ;INC;OK;INC000017542649;Priority 4;NA
FUN;WS;FUN;INC;OK;INC000017542851;Priority 4;NA
SEC;SYN;SEC;INC;OK;INC000017543330;Priority 4;NA
FUN;812;FUN;INC;OK;INC000017543337;Priority 4;NA
FIN;812;FUN;INC;OK;INC000017543360;Priority 4;NA
FIN;812;INS;INC;OK;INC000017543362;Priority 4;NA
TEC;DCF;TEC;INC;OK;INC000017543475;Priority 3;NA
FIN;812;FUN;INC;OK;INC000017543526;Priority 4;NA
SEC;SYN;SEC;INC;OK;INC000017543608;Priority 3;NA
SEC;SYN;SEC;INC;OK;INC000017543653;Priority 4;NA
TEC;SYN;FUN;INC;OK;INC000017543953;Priority 4;NA
SEC;SYN;SEC;INC;OK;INC000017544001;Priority 4;NA
FUN;BWI;FUN;INC;OK;INC000017544202;Priority 3;NA
TEC;BWI;TEC;INC;OK;INC000017544226;Priority 4;NA
SEC;SYN;SEC;INC;OK;INC000017544243;Priority 3;NA
DCF;DCF;FUN;INC;OK;INC000017544259;Priority 4;NA
SEC;SYN;SEC;INC;OK;INC000017544279;Priority 3;NA
APS;ETH;APS;INC;OK;INC000017544374;Priority 3;NA
APS;ETH;APS;INC;OK;INC000017544382;Priority 3;NA
APS;ETH;APS;INC;OK;INC000017544386;Priority 3;NA
APS;ETH;APS;INC;OK;INC000017544387;Priority 3;NA
APS;ETH;APS;INC;OK;INC000017544434;Priority 3;NA
APS;ETH;APS;INC;OK;INC000017544437;Priority 3;NA
FUN;WS;FUN;INC;OK;INC000017544532;Priority 4;NA
FUN;BWI;FUN;INC;OK;INC000017544620;Priority 4;NA
TEC;SYN;FUN;INC;OK;INC000017544694;Priority 3;NA
OPS;EMS;OPS;INC;OK;INC000017545461;Priority 3;NA
FIN;812;FUN;INC;OK;INC000017545686;Priority 3;NA
FIN;812;FUN;INC;OK;INC000017545734;Priority 3;NA
APS;ETH;APS;INC;OK;INC000017545761;Priority 3;NA
FIN;812;FUN;INC;OK;INC000017545780;Priority 4;NA
FIN;812;FUN;INC;OK;INC000017545789;Priority 3;NA
FIN;812;FUN;INC;OK;INC000017545794;Priority 4;NA
DBA;812;DBA;INC;OK;INC000017545795;Priority 4;NA
TEC;SYN;FUN;INC;OK;INC000017546002;Priority 4;NA
FIN;812;FUN;INC;OK;INC000017546044;Priority 3;NA
FUN;812;FUN;INC;OK;INC000017546160;Priority 4;NA
FUN;812;FUN;INC;OK;INC000017546202;Priority 4;NA
APS;ETH;APS;INC;OK;INC000017546222;Priority 3;NA
APS;ETH;APS;INC;OK;INC000017546223;Priority 3;NA
APS;ETH;APS;INC;OK;INC000017546232;Priority 3;NA
FIN;812;FUN;INC;OK;INC000017546298;Priority 3;NA
FIN;812;FUN;INC;OK;INC000017546342;Priority 4;NA
FIN;812;FUN;INC;OK;INC000017546378;Priority 4;NA
APS;EES;APS;INC;OK;INC000017546475;Priority 3;NA
APS;ETH;APS;INC;OK;INC000017546517;Priority 3;NA
APS;DCF;APS;INC;OK;INC000017546898;Priority 3;NA
APS;ETH;APS;INC;OK;INC000017547056;Priority 3;NA
FUN;812;FUN;INC;Defect;INC000017547271;Priority 4;NA
APS;ETH;APS;INC;OK;INC000017547342;Priority 3;NA
FUN;ETH;FUN;INC;OK;INC000017547554;Priority 4;NA
APS;ETH;APS;INC;OK;INC000017547558;Priority 3;NA
APS;ETH;APS;INC;OK;INC000017547655;Priority 3;NA
APS;ETH;APS;INC;OK;INC000017547704;Priority 3;NA
APS;ETH;APS;INC;OK;INC000017547789;Priority 3;NA
OPS;EDS;OPS;INC;OK;INC000017547847;Priority 3;NA
OPS;EMS;OPS;INC;OK;INC000017547854;Priority 3;NA
OPS;EMS;OPS;INC;OK;INC000017548449;Priority 3;NA
SEC;812;SEC;INC;OK;INC000017548673;Priority 4;NA
DBA;812;DBA;INC;OK;INC000017549576;Priority 4;NA
DCF;DCF;FUN;INC;OK;INC000017549765;Priority 3;NA
SEC;812;SEC;INC;OK;INC000017549853;Priority 3;NA
FUN;812;FUN;INC;OK;INC000017549937;Priority 4;NA
FUN;812;FUN;INC;OK;INC000017549954;Priority 4;NA
FIN;812;FUN;INC;OK;INC000017550046;Priority 4;NA
FIN;812;FUN;INC;OK;INC000017550074;Priority 4;NA
FIN;812;FUN;INC;OK;INC000017550082;Priority 4;NA
FUN;812;FUN;INC;OK;INC000017550099;Priority 3;NA
DBA;812;DBA;INC;OK;INC000017550110;Priority 4;NA
FIN;812;FUN;INC;OK;INC000017550570;Priority 3;NA
FUN;812;FUN;INC;OK;INC000017550734;Priority 4;NA
FUN;BWI;FUN;INC;OK;INC000017550748;Priority 4;NA
DBA;812;DBA;INC;OK;INC000017550882;Priority 4;NA
FIN;812;FUN;INC;OK;INC000017551028;Priority 4;NA
FIN;812;FUN;INC;OK;INC000017551186;Priority 3;NA
FIN;812;FUN;INC;OK;INC000017551212;Priority 3;NA
FUN;812;FUN;INC;OK;INC000017551325;Priority 4;NA
TEC;ETH;TEC;INC;OK;INC000017551351;Priority 3;NA
SEC;SYN;SEC;INC;OK;INC000017551375;Priority 4;NA
DCF;DCF;FUN;INC;OK;INC000017551550;Priority 4;NA
TEC;DCF;TEC;INC;OK;INC000017551914;Priority 4;NA
SEC;SYN;SEC;INC;OK;INC000017551943;Priority 3;NA
SEC;812;SEC;INC;OK;INC000017551967;Priority 4;NA
FIN;812;INS;INC;OK;INC000017552009;Priority 4;NA
SEC;SYN;SEC;INC;OK;INC000017552064;Priority 4;NA
FIN;812;FUN;INC;OK;INC000017552085;Priority 4;NA
SEC;SYN;SEC;INC;OK;INC000017552214;Priority 4;NA
SEC;SYN;SEC;INC;Defect;INC000017552237;Priority 3;NA
FUN;DXE;FUN;INC;OK;INC000017552250;Priority 3;NA
DCF;DCF;FUN;INC;OK;INC000017552468;Priority 3;NA
FUN;ETH;FUN;INC;OK;INC000017552489;Priority 4;NA
FIN;812;FUN;INC;OK;INC000017552526;Priority 4;NA
L1;BWI;L1 ;INC;OK;INC000017552589;Priority 4;NA
SEC;SYN;SEC;INC;OK;INC000017552655;Priority 3;NA
SEC;SYN;SEC;INC;OK;INC000017552685;Priority 3;NA
FIN;812;FUN;INC;OK;INC000017552887;Priority 3;NA
SEC;SYN;SEC;INC;OK;INC000017553374;Priority 3;NA
FUN;ETH;FUN;INC;OK;INC000017553405;Priority 4;NA
APS;ETH;APS;INC;OK;INC000017553629;Priority 3;NA
APS;ETH;APS;INC;OK;INC000017553630;Priority 3;NA
APS;ETH;APS;INC;OK;INC000017553631;Priority 3;NA
APS;ETH;APS;INC;OK;INC000017553632;Priority 3;NA
APS;ETH;APS;INC;OK;INC000017553633;Priority 3;NA
APS;ETH;APS;INC;OK;INC000017553634;Priority 3;NA
APS;ETH;APS;INC;OK;INC000017553725;Priority 3;NA
APS;ETH;APS;INC;OK;INC000017553726;Priority 3;NA
TEC;BWI;TEC;INC;OK;INC000017553733;Priority 3;NA
FUN;BWI;FUN;INC;OK;INC000017553780;Priority 4;NA
FUN;BWI;FUN;INC;OK;INC000017553845;Priority 4;NA
TEC;BWI;TEC;INC;OK;INC000017553932;Priority 4;NA
APS;ETH;APS;INC;OK;INC000017554085;Priority 3;NA
FUN;EES;FUN;INC;OK;INC000017554222;Priority 4;NA
APS;ETH;APS;INC;OK;INC000017554573;Priority 3;NA
FUN;BWI;FUN;INC;OK;INC000017554603;Priority 4;NA
L1;BWI;L1 ;INC;OK;INC000017554678;Priority 3;NA
APS;ETH;APS;INC;OK;INC000017554977;Priority 3;NA
APS;ETH;APS;INC;OK;INC000017555155;Priority 3;NA
APS;DCF;APS;INC;OK;INC000017555339;Priority 3;NA
APS;DCF;APS;INC;OK;INC000017555414;Priority 3;NA
FUN;812;FUN;INC;OK;INC000017555502;Priority 4;NA
FIN;812;FUN;INC;OK;INC000017555587;Priority 4;NA
FUN;812;FUN;INC;OK;INC000017555841;Priority 4;NA
FUN;812;FUN;INC;OK;INC000017555846;Priority 4;NA
FIN;812;FUN;INC;OK;INC000017555906;Priority 4;NA
SEC;EMS;SEC;INC;OK;INC000017555921;Priority 4;NA
FIN;812;FUN;INC;OK;INC000017556104;Priority 4;NA
FIN;812;FUN;INC;OK;INC000017556157;Priority 4;NA
FIN;812;INS;INC;OK;INC000017556295;Priority 4;NA
FUN;812;FUN;INC;OK;INC000017556308;Priority 3;NA
L1;MNT;MON;INC;OK;INC000017556717;Priority 4;NA
DCF;DCF;FUN;INC;OK;INC000017556773;Priority 3;NA
OPS;EMS;OPS;INC;OK;INC000017556808;Priority 4;NA
FUN;812;FUN;INC;OK;INC000017556912;Priority 4;NA
APS;ETH;APS;INC;OK;INC000017557062;Priority 3;NA
FIN;812;FUN;INC;OK;INC000017557074;Priority 4;NA
FUN;BWI;FUN;INC;OK;INC000017557129;Priority 4;NA
SEC;SYN;SEC;INC;OK;INC000017557273;Priority 4;NA
FUN;812;FUN;INC;OK;INC000017557341;Priority 3;NA
FUN;ETH;FUN;INC;OK;INC000017557496;Priority 3;NA
SEC;SYN;SEC;INC;OK;INC000017558337;Priority 4;NA
FUN;EES;FUN;INC;OK;INC000017558427;Priority 4;NA
FIN;812;FUN;INC;OK;INC000017558518;Priority 4;NA
SEC;ETH;SEC;INC;OK;INC000017558622;Priority 4;NA
FUN;EMS;FUN;INC;OK;INC000017558669;Priority 4;NA
TEC;ETH;TEC;INC;OK;INC000017558726;Priority 3;NA
FIN;812;FUN;INC;OK;INC000017558793;Priority 4;NA
FIN;812;FUN;INC;OK;INC000017558831;Priority 4;NA
APS;ETH;APS;INC;OK;INC000017559013;Priority 3;NA
FUN;812;FUN;INC;OK;INC000017559099;Priority 4;NA
FUN;812;FUN;INC;OK;INC000017559178;Priority 4;NA
APS;ETH;APS;INC;OK;INC000017559437;Priority 3;NA
APS;ETH;APS;INC;OK;INC000017559438;Priority 3;NA
APS;ETH;APS;INC;OK;INC000017559439;Priority 3;NA
APS;ETH;APS;INC;OK;INC000017559440;Priority 3;NA
FUN;EES;FUN;INC;Defect;INC000017559448;Priority 4;NA
APS;ETH;APS;INC;OK;INC000017559508;Priority 3;NA
APS;ETH;APS;INC;OK;INC000017559513;Priority 3;NA
TEC;SYN;FUN;INC;Defect;INC000017559599;Priority 3;NA
APS;EES;APS;INC;OK;INC000017560170;Priority 3;NA
APS;ETH;APS;INC;OK;INC000017560286;Priority 3;NA
FUN;BWI;FUN;INC;Defect;INC000017560656;Priority 3;NA
APS;ETH;APS;INC;OK;INC000017560934;Priority 3;NA
APS;ETH;APS;INC;OK;INC000017561140;Priority 3;NA
FUN;812;FUN;INC;OK;INC000017561224;Priority 3;NA
FUN;812;FUN;INC;OK;INC000017561228;Priority 3;NA
FIN;812;FUN;INC;OK;INC000017561268;Priority 4;NA
FUN;812;FUN;INC;OK;INC000017561643;Priority 3;NA
FUN;812;FUN;INC;OK;INC000017561780;Priority 4;NA
OPS;EDS;OPS;INC;OK;INC000017561977;Priority 4;NA
OPS;EMS;OPS;INC;OK;INC000017562007;Priority 4;NA
FIN;DXE;FUN;INC;OK;INC000017562025;Priority 3;NA
FIN;DXE;FUN;INC;OK;INC000017562067;Priority 3;NA
FUN;812;FUN;INC;OK;INC000017562085;Priority 4;NA
OPS;EMS;OPS;INC;OK;INC000017562287;Priority 4;NA
FUN;812;FUN;INC;OK;INC000017562431;Priority 4;NA
FUN;812;FUN;INC;OK;INC000017562517;Priority 4;NA
TEC;BWI;TEC;INC;OK;INC000017562561;Priority 4;NA
L1;MNT;MON;INC;OK;INC000017562571;Priority 4;NA
FUN;812;FUN;INC;OK;INC000017562665;Priority 4;NA
FUN;812;FUN;INC;OK;INC000017562721;Priority 4;NA
SEC;SYN;SEC;INC;OK;INC000017562947;Priority 3;NA
SEC;SYN;SEC;INC;OK;INC000017563096;Priority 3;NA
FUN;812;FUN;INC;OK;INC000017563299;Priority 4;NA
DCF;DCF;FUN;INC;OK;INC000017563306;Priority 4;NA
SEC;SYN;SEC;INC;OK;INC000017563362;Priority 4;NA
SEC;SYN;SEC;INC;Defect;INC000017563634;Priority 3;NA
SEC;SYN;SEC;INC;OK;INC000017563675;Priority 3;NA
812;812;INS;INC;OK;INC000017563812;Priority 4;NA
FUN;812;FUN;INC;OK;INC000017563913;Priority 4;NA
FUN;BWI;FUN;INC;OK;INC000017564018;Priority 4;NA
FUN;ETH;FUN;INC;OK;INC000017564251;Priority 4;NA
APS;ETH;APS;INC;OK;INC000017564594;Priority 3;NA
APS;ETH;APS;INC;OK;INC000017564595;Priority 3;NA
APS;ETH;APS;INC;OK;INC000017564599;Priority 3;NA
APS;ETH;APS;INC;OK;INC000017564600;Priority 3;NA
APS;ETH;APS;INC;OK;INC000017564602;Priority 3;NA
APS;ETH;APS;INC;OK;INC000017564603;Priority 3;NA
APS;ETH;APS;INC;OK;INC000017564667;Priority 3;NA
FUN;ETH;FUN;INC;OK;INC000017564896;Priority 4;NA
TEC;DCF;TEC;INC;OK;INC000017564926;Priority 3;NA
FUN;ETH;FUN;INC;OK;INC000017565018;Priority 4;NA
L1;MNT;MON;INC;OK;INC000017565158;Priority 3;NA
FUN;BWI;FUN;INC;OK;INC000017565255;Priority 4;NA
APS;ETH;APS;INC;OK;INC000017565572;Priority 3;NA
APS;ETH;APS;INC;OK;INC000017565576;Priority 3;NA
OPS;EMS;OPS;INC;OK;INC000017565762;Priority 4;NA
APS;ETH;APS;INC;OK;INC000017565787;Priority 3;NA
OPS;EMS;OPS;INC;OK;INC000017565792;Priority 4;NA
OPS;EMS;OPS;INC;OK;INC000017565939;Priority 4;NA
OPS;EMS;OPS;INC;OK;INC000017565948;Priority 4;NA
OPS;EMS;OPS;INC;OK;INC000017565955;Priority 4;NA
FUN;812;FUN;INC;OK;INC000017566898;Priority 4;NA
FUN;BWI;FUN;INC;OK;INC000017566909;Priority 4;NA
FIN;812;FUN;INC;OK;INC000017567064;Priority 4;NA
DCF;DCF;FUN;INC;OK;INC000017567135;Priority 4;NA
FIN;812;FUN;INC;OK;INC000017567226;Priority 4;NA
FIN;812;FUN;INC;OK;INC000017567433;Priority 4;NA
FUN;812;FUN;INC;OK;INC000017567746;Priority 3;NA
FIN;812;FUN;INC;OK;INC000017567791;Priority 3;NA
FIN;812;FUN;INC;OK;INC000017567971;Priority 3;NA
SEC;SYN;SEC;INC;OK;INC000017568000;Priority 3;NA
FUN;BWI;FUN;INC;OK;INC000017568069;Priority 4;NA
FUN;812;FUN;INC;OK;INC000017568165;Priority 4;NA
APS;EES;APS;INC;OK;INC000017568313;Priority 3;NA
FUN;812;FUN;INC;OK;INC000017568668;Priority 4;NA
TEC;ETH;TEC;INC;OK;INC000017568736;Priority 3;NA
TEC;ETH;TEC;INC;OK;INC000017569551;Priority 3;NA
FIN;DXE;FUN;INC;OK;INC000017569587;Priority 4;NA
FUN;BWI;FUN;INC;OK;INC000017569624;Priority 3;NA
FUN;812;FUN;INC;OK;INC000017569732;Priority 4;NA
TEC;ETH;TEC;INC;OK;INC000017569961;Priority 4;NA
APS;EES;APS;INC;OK;INC000017570131;Priority 3;NA
APS;ETH;APS;INC;OK;INC000017570157;Priority 3;NA
APS;ETH;APS;INC;OK;INC000017570158;Priority 3;NA
APS;ETH;APS;INC;OK;INC000017570160;Priority 3;NA
APS;ETH;APS;INC;OK;INC000017570162;Priority 3;NA
APS;ETH;APS;INC;OK;INC000017570163;Priority 3;NA
APS;ETH;APS;INC;OK;INC000017570225;Priority 3;NA
APS;ETH;APS;INC;OK;INC000017570227;Priority 3;NA
FUN;812;FUN;INC;OK;INC000017570250;Priority 4;NA
APS;ETH;APS;INC;OK;INC000017570300;Priority 3;NA
TEC;SYN;FUN;INC;OK;INC000017570349;Priority 3;NA
TEC;SYN;FUN;INC;OK;INC000017570520;Priority 4;NA
L1;MNT;MON;INC;OK;INC000017570997;Priority 3;NA
APS;ETH;APS;INC;OK;INC000017571024;Priority 3;NA
APS;DCF;APS;INC;OK;INC000017571545;Priority 3;NA
SEC;SYN;SEC;INC;OK;INC000017571859;Priority 4;NA
FUN;812;FUN;INC;OK;INC000017572029;Priority 4;NA
APS;ETH;APS;INC;OK;INC000017572059;Priority 4;NA
FIN;812;FUN;INC;OK;INC000017572383;Priority 4;NA
FUN;812;FUN;INC;OK;INC000017572773;Priority 4;NA
FIN;812;FUN;INC;OK;INC000017572801;Priority 4;NA
DBA;812;DBA;INC;OK;INC000017572832;Priority 4;NA
FIN;812;FUN;INC;OK;INC000017572865;Priority 4;NA
CNC;812;MON;INC;OK;INC000017572882;Priority 4;NA
FIN;812;FUN;INC;OK;INC000017572944;Priority 4;NA
OPS;EMS;OPS;INC;OK;INC000017573058;Priority 4;NA
FUN;BWI;FUN;INC;OK;INC000017573189;Priority 4;NA
SEC;SYN;SEC;INC;OK;INC000017573216;Priority 4;NA
SEC;SYN;SEC;INC;OK;INC000017573473;Priority 4;NA
FUN;812;FUN;INC;OK;INC000017573594;Priority 4;NA
L1;812;MON;INC;OK;INC000017573670;Priority 3;NA
FIN;812;FUN;INC;OK;INC000017574006;Priority 3;NA
TEC;SYN;FUN;INC;OK;INC000017574168;Priority 4;NA
TEC;SYN;FUN;INC;OK;INC000017574389;Priority 3;NA
FIN;812;FUN;INC;OK;INC000017574406;Priority 3;NA
FIN;BWI;FUN;INC;OK;INC000017574416;Priority 4;NA
FIN;812;FUN;INC;OK;INC000017574434;Priority 4;NA
FIN;812;FUN;INC;OK;INC000017574451;Priority 4;NA
FUN;MNT;FUN;INC;OK;INC000017574599;Priority 4;NA
SEC;ETH;SEC;INC;OK;INC000017574886;Priority 3;NA
TEC;ETH;TEC;INC;OK;INC000017575120;Priority 3;NA
APS;ETH;APS;INC;OK;INC000017575122;Priority 3;NA
APS;ETH;APS;INC;OK;INC000017575123;Priority 3;NA
APS;ETH;APS;INC;OK;INC000017575128;Priority 3;NA
APS;ETH;APS;INC;OK;INC000017575130;Priority 3;NA
APS;ETH;APS;INC;OK;INC000017575138;Priority 3;NA
APS;ETH;APS;INC;OK;INC000017575189;Priority 3;NA
APS;ETH;APS;INC;OK;INC000017575192;Priority 3;NA
FUN;ETH;FUN;INC;OK;INC000017575428;Priority 4;NA
OPS;EMS;OPS;INC;OK;INC000017575490;Priority 4;NA
APS;ETH;APS;INC;OK;INC000017575844;Priority 3;NA
APS;ETH;APS;INC;OK;INC000017575904;Priority 3;NA
FIN;DXE;FUN;INC;OK;INC000017576188;Priority 4;NA
APS;ETH;APS;INC;OK;INC000017576322;Priority 3;NA
APS;ETH;APS;INC;OK;INC000017576590;Priority 3;NA
APS;ETH;APS;INC;OK;INC000017576694;Priority 3;NA
APS;ETH;APS;INC;OK;INC000017576695;Priority 3;NA
APS;EES;APS;INC;OK;INC000017576844;Priority 3;NA
APS;ETH;APS;INC;OK;INC000017576919;Priority 3;NA
APS;EES;APS;INC;OK;INC000017577046;Priority 3;NA
APS;ETH;APS;INC;OK;INC000017577323;Priority 3;NA
FUN;812;FUN;INC;OK;INC000017577371;Priority 4;NA
APS;ETH;APS;INC;OK;INC000017577480;Priority 3;NA
FIN;812;FUN;INC;OK;INC000017577678;Priority 4;NA
APS;ETH;APS;INC;OK;INC000017577870;Priority 3;NA
APS;ETH;APS;INC;OK;INC000017578021;Priority 3;NA
APS;ETH;APS;INC;OK;INC000017578055;Priority 3;NA
APS;ETH;APS;INC;OK;INC000017578064;Priority 3;NA
L1;DPY;MON;INC;OK;INC000017578919;Priority 4;NA
FUN;812;FUN;INC;Defect;INC000017579504;Priority 3;NA
FUN;812;FUN;INC;OK;INC000017579742;Priority 4;NA
FIN;812;FUN;INC;OK;INC000017579818;Priority 4;NA
FIN;812;FUN;INC;OK;INC000017579952;Priority 4;NA
FUN;812;FUN;INC;OK;INC000017579964;Priority 4;NA
FIN;812;FUN;INC;OK;INC000017580351;Priority 4;NA
FIN;812;FUN;INC;OK;INC000017580362;Priority 4;NA
FIN;812;FUN;INC;OK;INC000017580385;Priority 4;NA
FIN;812;FUN;INC;OK;INC000017580595;Priority 4;NA
FIN;812;FUN;INC;OK;INC000017580695;Priority 4;NA
FIN;DXE;FUN;INC;OK;INC000017580804;Priority 4;NA
APS;ETH;APS;INC;OK;INC000017581120;Priority 3;NA
FIN;812;FUN;INC;OK;INC000017581402;Priority 4;NA
TEC;DCF;TEC;INC;OK;INC000017581876;Priority 4;NA
FIN;DXE;FUN;INC;OK;INC000017581966;Priority 4;NA
FUN;EES;FUN;INC;OK;INC000017582027;Priority 4;NA
TEC;DCF;TEC;INC;OK;INC000017582090;Priority 3;NA
FUN;812;FUN;INC;OK;INC000017582101;Priority 4;NA
FUN;BWI;FUN;INC;OK;INC000017582317;Priority 4;NA
FIN;812;FUN;INC;OK;INC000017582396;Priority 4;NA
APS;DCF;APS;INC;OK;INC000017582534;Priority 3;NA
FIN;812;FUN;INC;OK;INC000017582577;Priority 3;NA
TEC;ETH;TEC;INC;OK;INC000017582734;Priority 3;NA
FIN;812;FUN;INC;OK;INC000017582776;Priority 4;NA
FIN;812;FUN;INC;OK;INC000017583059;Priority 4;NA
DCF;DCF;FUN;INC;OK;INC000017583184;Priority 3;NA
DCF;DCF;FUN;INC;OK;INC000017583192;Priority 4;NA
SEC;SYN;SEC;INC;OK;INC000017583846;Priority 4;NA
FUN;EES;FUN;INC;OK;INC000017583904;Priority 4;NA
FUN;812;FUN;INC;OK;INC000017584307;Priority 3;NA
APS;ETH;APS;INC;OK;INC000017584458;Priority 3;NA
APS;ETH;APS;INC;OK;INC000017584459;Priority 3;NA
APS;ETH;APS;INC;OK;INC000017584461;Priority 3;NA
APS;ETH;APS;INC;OK;INC000017584464;Priority 3;NA
APS;ETH;APS;INC;OK;INC000017584465;Priority 3;NA
APS;ETH;APS;INC;OK;INC000017584466;Priority 3;NA
APS;ETH;APS;INC;OK;INC000017584467;Priority 3;NA
FUN;EES;FUN;INC;OK;INC000017584483;Priority 4;NA
APS;ETH;APS;INC;OK;INC000017584532;Priority 3;NA
APS;ETH;APS;INC;OK;INC000017584533;Priority 3;NA
L1;BWI;L1 ;INC;OK;INC000017584549;Priority 4;NA
FUN;ETH;FUN;INC;OK;INC000017584622;Priority 4;NA
FIN;BWI;FUN;INC;OK;INC000017584756;Priority 4;NA
L1;BWI;L1 ;INC;OK;INC000017584784;Priority 4;NA
FIN;BWI;FUN;INC;OK;INC000017584976;Priority 4;NA
FUN;BWI;FUN;INC;OK;INC000017585120;Priority 3;NA
FUN;ETH;FUN;INC;OK;INC000017585637;Priority 4;NA
APS;ETH;APS;INC;OK;INC000017585642;Priority 3;NA
APS;ETH;APS;INC;OK;INC000017585895;Priority 3;NA
L1;DPY;MON;INC;OK;INC000017585988;Priority 4;NA
FUN;812;FUN;INC;OK;INC000017586206;Priority 4;NA
APS;DCF;APS;INC;OK;INC000017586333;Priority 3;NA
FIN;812;FUN;INC;OK;INC000017586744;Priority 4;NA
FUN;DXE;FUN;INC;OK;INC000017586926;Priority 4;NA
FIN;812;FUN;INC;OK;INC000017587306;Priority 4;NA
FIN;812;FUN;INC;OK;INC000017587413;Priority 4;NA
DCF;DCF;FUN;INC;OK;INC000017587940;Priority 3;NA
DCF;DCF;FUN;INC;OK;INC000017587953;Priority 3;NA
FIN;812;FUN;INC;OK;INC000017588013;Priority 4;NA
DBA;812;DBA;INC;OK;INC000017588171;Priority 4;NA
SEC;SYN;SEC;INC;OK;INC000017588204;Priority 4;NA
SCH;812;SCH;INC;OK;INC000017588329;Priority 2;NA
L1;MNT;MON;INC;OK;INC000017588351;Priority 4;NA
FUN;812;FUN;INC;OK;INC000017588363;Priority 4;NA
FIN;MNT;FUN;INC;OK;INC000017588402;Priority 3;NA
FIN;812;FUN;INC;OK;INC000017588734;Priority 4;NA
DBA;812;DBA;INC;OK;INC000017589596;Priority 3;NA
FIN;812;FUN;INC;OK;INC000017590022;Priority 4;NA
FUN;ETH;FUN;INC;OK;INC000017590323;Priority 4;NA
TEC;ETH;TEC;INC;OK;INC000017590906;Priority 4;NA
FUN;BWI;FUN;INC;OK;INC000017590908;Priority 3;NA
TEC;ETH;TEC;INC;OK;INC000017590911;Priority 3;NA
DCF;DCF;FUN;INC;OK;INC000017591015;Priority 3;NA
APS;ETH;APS;INC;OK;INC000017591272;Priority 3;NA
APS;ETH;APS;INC;OK;INC000017591273;Priority 3;NA
APS;ETH;APS;INC;OK;INC000017591274;Priority 3;NA
APS;ETH;APS;INC;OK;INC000017591349;Priority 3;NA
APS;ETH;APS;INC;OK;INC000017591350;Priority 3;NA
APS;ETH;APS;INC;OK;INC000017591351;Priority 3;NA
APS;ETH;APS;INC;OK;INC000017591363;Priority 3;NA
SEC;SYN;SEC;INC;OK;INC000017591495;Priority 3;NA
FUN;MNT;FUN;INC;OK;INC000017591775;Priority 3;NA
SEC;812;SEC;INC;OK;INC000017591846;Priority 4;NA
APS;ETH;APS;INC;OK;INC000017592682;Priority 3;NA
SEC;ETH;SEC;INC;OK;INC000017593338;Priority 4;NA
DBA;812;DBA;INC;OK;INC000017593458;Priority 4;NA
DBA;812;DBA;INC;OK;INC000017593726;Priority 2;NA
FUN;812;FUN;INC;OK;INC000017593806;Priority 4;NA
DBA;812;DBA;INC;OK;INC000017594300;Priority 2;NA
SEC;SYN;SEC;INC;OK;INC000017594539;Priority 3;NA
SEC;SYN;SEC;INC;OK;INC000017594686;Priority 3;NA
APS;ETH;APS;INC;OK;INC000017594760;Priority 3;NA
FIN;812;FUN;INC;OK;INC000017595648;Priority 3;NA
FIN;812;FUN;INC;OK;INC000017596151;Priority 4;NA
FIN;812;FUN;INC;OK;INC000017596207;Priority 4;NA
DCF;DCF;FUN;INC;OK;INC000017596830;Priority 3;NA
FUN;812;FUN;INC;OK;INC000017596988;Priority 3;NA
TEC;DCF;TEC;INC;OK;INC000017597089;Priority 4;NA
SEC;SYN;SEC;INC;OK;INC000017597315;Priority 3;NA
APS;ETH;APS;INC;OK;INC000017599355;Priority 3;NA
APS;ETH;APS;INC;OK;INC000017599358;Priority 3;NA
APS;EES;APS;INC;OK;INC000017599365;Priority 3;NA
DCF;DCF;FUN;INC;OK;INC000017599448;Priority 3;NA
SEC;DCF;SEC;INC;OK;INC000017599540;Priority 4;NA
L1;MNT;MON;INC;OK;INC000017599738;Priority 4;NA
L1;812;MON;INC;OK;INC000017599769;Priority 3;NA
FUN;812;FUN;INC;OK;INC000017600119;Priority 4;NA
FIN;DXE;FUN;INC;OK;INC000017600241;Priority 3;NA
APS;EES;APS;INC;OK;INC000017600572;Priority 3;NA
FIN;812;FUN;INC;OK;INC000017600636;Priority 3;NA
APS;EES;APS;INC;OK;INC000017601099;Priority 3;NA
FUN;BWI;FUN;INC;OK;INC000017601351;Priority 3;NA
TEC;DCF;TEC;INC;OK;INC000017601969;Priority 4;NA
FUN;EES;FUN;INC;OK;INC000017602564;Priority 4;NA
L1;BWI;L1 ;INC;OK;INC000017603194;Priority 4;NA
APS;ETH;APS;INC;OK;INC000017603269;Priority 3;NA
APS;ETH;APS;INC;OK;INC000017603272;Priority 3;NA
APS;ETH;APS;INC;OK;INC000017603273;Priority 3;NA
APS;ETH;APS;INC;OK;INC000017603277;Priority 3;NA
APS;ETH;APS;INC;OK;INC000017603278;Priority 3;NA
APS;ETH;APS;INC;OK;INC000017603323;Priority 3;NA
APS;ETH;APS;INC;OK;INC000017603329;Priority 3;NA
APS;DCF;APS;INC;OK;INC000017603424;Priority 4;NA
TEC;SYN;FUN;INC;OK;INC000017603928;Priority 3;NA
FUN;EES;FUN;INC;OK;INC000017604086;Priority 3;NA
APS;ETH;APS;INC;OK;INC000017604276;Priority 3;NA
APS;ETH;APS;INC;OK;INC000017604364;Priority 3;NA
APS;ETH;APS;INC;OK;INC000017604561;Priority 3;NA
L1;MNT;MON;INC;OK;INC000017605227;Priority 4;NA
TEC;DCF;TEC;INC;OK;INC000017605748;Priority 3;NA
FUN;812;FUN;INC;OK;INC000017606392;Priority 4;NA
FUN;812;FUN;INC;OK;INC000017606860;Priority 4;NA
FUN;812;FUN;INC;OK;INC000017606885;Priority 4;NA
L1;MNT;MON;INC;OK;INC000017606898;Priority 4;NA
FUN;BWI;FUN;INC;OK;INC000017606933;Priority 4;NA
FUN;812;FUN;INC;OK;INC000017606936;Priority 4;NA
FUN;812;FUN;INC;OK;INC000017606952;Priority 4;NA
L1;812;MON;INC;OK;INC000017607484;Priority 4;NA
TEC;DCF;TEC;INC;OK;INC000017607637;Priority 3;NA
FUN;BWI;FUN;INC;OK;INC000017608110;Priority 3;NA
APS;ETH;APS;INC;OK;INC000017608830;Priority 3;NA
APS;ETH;APS;INC;OK;INC000017608837;Priority 3;NA
APS;ETH;APS;INC;OK;INC000017608839;Priority 3;NA
APS;ETH;APS;INC;OK;INC000017608841;Priority 3;NA
APS;ETH;APS;INC;OK;INC000017608846;Priority 3;NA
APS;ETH;APS;INC;OK;INC000017608901;Priority 3;NA
L1;MNT;MON;INC;OK;INC000017609994;Priority 4;NA
LEAD;DCF;FUN;INC;OK;INC000017610257;Priority 3;NA
FUN;812;FUN;INC;Defect;INC000017633271;Priority 4;NA
FUN;812;FUN;INC;OK;INC000017669632;Priority 4;NA
FUN;DXE;FUN;INC;OK;INC000017669893;Priority 4;NA
L1;MNT;MON;INC;OK;INC000017670005;Priority 4;NA
FUN;EMS;FUN;INC;OK;INC000017670022;Priority 4;NA
FUN;WS;FUN;INC;OK;INC000017670171;Priority 4;NA
FIN;812;FUN;INC;OK;INC000017670196;Priority 4;NA
FUN;812;FUN;INC;OK;INC000017670299;Priority 4;NA
L1;MNT;MON;INC;OK;INC000017670410;Priority 4;NA
FUN;812;FUN;INC;OK;INC000017670850;Priority 4;NA
FUN;BWI;FUN;INC;OK;INC000017670923;Priority 4;NA
FUN;812;FUN;INC;OK;INC000017671062;Priority 4;NA
DCF;DCF;FUN;INC;OK;INC000017671091;Priority 4;NA
SEC;DXE;SEC;INC;OK;INC000017671307;Priority 4;NA
FIN;812;FUN;INC;OK;INC000017671493;Priority 4;NA
FIN;812;FUN;INC;OK;INC000017671739;Priority 4;NA
FUN;812;FUN;INC;OK;INC000017671785;Priority 4;NA
TEC;ETH;FUN;INC;OK;INC000017671797;Priority 4;NA
SEC;SYN;SEC;INC;OK;INC000017672035;Priority 4;NA
EES;EES;FUN;INC;OK;INC000017672162;Priority 4;NA
EES;EES;FUN;INC;OK;INC000017672163;Priority 4;NA
FIN;812;FUN;INC;OK;INC000017672714;Priority 4;NA
FIN;812;FUN;INC;OK;INC000017672744;Priority 4;NA
FIN;812;FUN;INC;OK;INC000017672748;Priority 4;NA
FIN;812;FUN;INC;OK;INC000017672821;Priority 4;NA
FIN;812;FUN;INC;OK;INC000017672830;Priority 4;NA
FIN;812;FUN;INC;OK;INC000017672837;Priority 4;NA
FIN;812;FUN;INC;OK;INC000017672847;Priority 4;NA
FIN;812;FUN;INC;OK;INC000017673025;Priority 4;NA
FIN;812;FUN;INC;OK;INC000017673028;Priority 4;NA
FIN;812;FUN;INC;OK;INC000017673050;Priority 4;NA
DBA;812;DBA;INC;OK;INC000017673730;Priority 4;NA
FIN;BWI;FUN;INC;OK;INC000017674038;Priority 4;NA
TEC;SYN;FUN;INC;OK;INC000017674753;Priority 4;NA
TEC;SYN;FUN;INC;OK;INC000017674756;Priority 4;NA
TEC;SYN;FUN;INC;OK;INC000017674758;Priority 4;NA
TEC;SYN;FUN;INC;OK;INC000017674762;Priority 4;NA
OPS;EMS;OPS;INC;OK;INC000017674994;Priority 4;NA
OPS;EMS;OPS;INC;OK;INC000017676431;Priority 4;NA
FUN;812;FUN;INC;OK;INC000017676899;Priority 4;NA
SEC;EMS;SEC;INC;OK;INC000017676974;Priority 4;NA
SEC;DXE;SEC;INC;OK;INC000017676985;Priority 4;NA
FIN;812;FUN;INC;OK;INC000017677466;Priority 4;NA
SEC;WS;SEC;INC;OK;INC000017677626;Priority 4;NA
FIN;812;FUN;INC;OK;INC000017677811;Priority 4;NA
FUN;812;FUN;INC;OK;INC000017677870;Priority 4;NA
FIN;812;FUN;INC;OK;INC000017678123;Priority 4;NA
SEC;MNT;SEC;INC;OK;INC000017678233;Priority 4;NA
SEC;812;SEC;INC;OK;INC000017678823;Priority 4;NA
SEC;SYN;SEC;INC;OK;INC000017679466;Priority 4;NA
FUN;ETH;FUN;INC;OK;INC000017679583;Priority 4;NA
FUN;EMS;FUN;INC;OK;INC000017679711;Priority 4;NA
FUN;ETH;FUN;INC;OK;INC000017680000;Priority 4;NA
FUN;812;FUN;INC;OK;INC000017680271;Priority 4;NA
FUN;BWI;FUN;INC;OK;INC000017680452;Priority 4;NA
FUN;812;FUN;INC;OK;INC000017680945;Priority 4;NA
DBA;812;DBA;INC;OK;INC000017681083;Priority 4;NA
FUN;BWI;FUN;INC;OK;INC000017681194;Priority 4;NA
FUN;BWI;FUN;INC;OK;INC000017681275;Priority 4;NA
FIN;DXE;FUN;INC;OK;INC000017681373;Priority 4;NA
MNT;MNT;FUN;INC;OK;INC000017681458;Priority 4;NA
ETH;ETH;FUN;INC;OK;INC000017681725;Priority 4;NA
CNC;BWI;L1 ;INC;OK;INC000017682035;Priority 4;NA
MNT;MNT;FUN;INC;OK;INC000017682075;Priority 4;NA
FUN;LAT;FUN;INC;OK;INC000017682369;Priority 4;NA
APS;ETH;APS;INC;OK;INC000017683255;Priority 3;NA
FUN;MNT;FUN;INC;OK;INC000017683660;Priority 3;NA
FUN;812;FUN;INC;OK;INC000017684084;Priority 4;NA
SEC;EMS;SEC;INC;OK;INC000017684234;Priority 3;NA
SEC;EMS;SEC;INC;OK;INC000017684479;Priority 4;NA
FUN;812;FUN;INC;OK;INC000017684698;Priority 3;NA
FUN;ETH;FUN;INC;OK;INC000017684791;Priority 3;NA
OPS;EMS;OPS;INC;OK;INC000017684895;Priority 3;NA
FIN;812;FUN;INC;OK;INC000017684969;Priority 4;NA
DBA;812;DBA;INC;OK;INC000017684993;Priority 4;NA
FUN;812;FUN;INC;OK;INC000017685111;Priority 4;NA
FUN;DXE;FUN;INC;OK;INC000017685155;Priority 4;NA
FIN;812;FUN;INC;OK;INC000017685220;Priority 4;NA
FUN;BWI;FUN;INC;OK;INC000017685331;Priority 4;NA
SEC;DXE;SEC;INC;OK;INC000017685334;Priority 4;NA
SEC;SYN;SEC;INC;OK;INC000017685338;Priority 4;NA
FUN;812;FUN;INC;OK;INC000017685484;Priority 4;NA
SEC;SYN;SEC;INC;OK;INC000017685693;Priority 4;NA
APS;ETH;APS;INC;OK;INC000017685695;Priority 3;NA
TEC;ETH;FUN;INC;OK;INC000017685710;Priority 4;NA
APS;ETH;APS;INC;OK;INC000017685729;Priority 3;NA
FIN;812;FUN;INC;OK;INC000017685771;Priority 3;NA
SEC;812;SEC;INC;OK;INC000017685870;Priority 4;NA
L1;MNT;MON;INC;OK;INC000017686145;Priority 4;NA
FUN;ETH;FUN;INC;OK;INC000017686174;Priority 4;NA
FIN;MNT;FUN;INC;OK;INC000017686349;Priority 3;NA
DCF;DCF;FUN;INC;OK;INC000017686668;Priority 4;NA
SEC;SYN;SEC;INC;OK;INC000017686750;Priority 3;NA
FUN;812;FUN;INC;OK;INC000017687157;Priority 4;NA
SEC;SYN;SEC;INC;OK;INC000017687326;Priority 3;NA
FUN;812;FUN;INC;Defect;INC000017687682;Priority 4;NA
SEC;SYN;SEC;INC;OK;INC000017687768;Priority 3;NA
APS;ETH;APS;INC;OK;INC000017688148;Priority 3;NA
APS;ETH;APS;INC;OK;INC000017688149;Priority 3;NA
APS;ETH;APS;INC;OK;INC000017688150;Priority 3;NA
APS;ETH;APS;INC;OK;INC000017688157;Priority 3;NA
APS;ETH;APS;INC;OK;INC000017688158;Priority 3;NA
APS;ETH;APS;INC;OK;INC000017688159;Priority 3;NA
APS;ETH;APS;INC;OK;INC000017688160;Priority 3;NA
APS;ETH;APS;INC;OK;INC000017688161;Priority 3;NA
APS;ETH;APS;INC;OK;INC000017688250;Priority 3;NA
APS;ETH;APS;INC;OK;INC000017688254;Priority 3;NA
FUN;812;FUN;INC;OK;INC000017688327;Priority 3;NA
MNT;MNT;FUN;INC;OK;INC000017688522;Priority 3;NA
TEC;SYN;FUN;INC;OK;INC000017688699;Priority 3;NA
APS;ETH;APS;INC;OK;INC000017688814;Priority 3;NA
APS;ETH;APS;INC;OK;INC000017688850;Priority 3;NA
L1;MNT;MON;INC;OK;INC000017689049;Priority 4;NA
APS;EES;APS;INC;OK;INC000017689089;Priority 3;NA
APS;ETH;APS;INC;OK;INC000017689146;Priority 3;NA
OPS;EMS;OPS;INC;OK;INC000017689428;Priority 3;NA
APS;ETH;APS;INC;OK;INC000017689437;Priority 3;NA
OPS;EMS;OPS;INC;OK;INC000017689438;Priority 3;NA
OPS;EMS;OPS;INC;OK;INC000017689447;Priority 3;NA
TEC;SYN;FUN;INC;OK;INC000017689512;Priority 3;NA
APS;ETH;APS;INC;OK;INC000017689695;Priority 3;NA
APS;ETH;APS;INC;OK;INC000017689891;Priority 3;NA
FUN;812;FUN;INC;OK;INC000017689951;Priority 4;NA
ETH;ETH;FUN;INC;OK;INC000017690129;Priority 4;NA
SEC;EMS;SEC;INC;OK;INC000017690329;Priority 4;NA
APS;ETH;APS;INC;OK;INC000017690604;Priority 3;NA
FUN;812;FUN;INC;OK;INC000017690670;Priority 4;NA
FUN;BWI;FUN;INC;OK;INC000017690702;Priority 4;NA
FUN;812;FUN;INC;OK;INC000017690709;Priority 4;NA
SEC;SYN;SEC;INC;OK;INC000017690738;Priority 3;NA
SEC;EMS;SEC;INC;OK;INC000017690872;Priority 4;NA
FUN;812;FUN;INC;OK;INC000017690931;Priority 4;NA
FUN;812;FUN;INC;OK;INC000017691252;Priority 4;NA
APS;ETH;APS;INC;OK;INC000017691429;Priority 3;NA
FIN;DXE;FUN;INC;OK;INC000017691527;Priority 4;NA
FUN;812;FUN;INC;OK;INC000017691726;Priority 4;NA
FUN;BWI;FUN;INC;OK;INC000017691755;Priority 4;NA
DCF;DCF;FUN;INC;OK;INC000017691946;Priority 4;NA
SEC;EMS;SEC;INC;OK;INC000017692031;Priority 4;NA
FUN;EES;FUN;INC;OK;INC000017692115;Priority 4;NA
FIN;MNT;FUN;INC;OK;INC000017692117;Priority 4;NA
FUN;812;FUN;INC;OK;INC000017692184;Priority 4;NA
FUN;812;FUN;INC;OK;INC000017692213;Priority 4;NA
FIN;812;FUN;INC;OK;INC000017692331;Priority 4;NA
DCF;DCF;FUN;INC;OK;INC000017692402;Priority 4;NA
FIN;812;FUN;INC;OK;INC000017692468;Priority 4;NA
FUN;812;FUN;INC;OK;INC000017692564;Priority 4;NA
FIN;WS;FUN;INC;OK;INC000017692651;Priority 4;NA
APS;EES;APS;INC;OK;INC000017692665;Priority 3;NA
FUN;812;FUN;INC;Defect;INC000017692975;Priority 4;NA
SEC;SYN;SEC;INC;OK;INC000017693129;Priority 3;NA
FIN;812;FUN;INC;OK;INC000017693167;Priority 4;NA
SEC;SYN;SEC;INC;OK;INC000017693213;Priority 3;NA
TEC;SYN;FUN;INC;OK;INC000017693419;Priority 4;NA
FIN;812;FUN;INC;OK;INC000017693450;Priority 4;NA
APS;EES;APS;INC;OK;INC000017693480;Priority 3;NA
APS;ETH;APS;INC;OK;INC000017693532;Priority 3;NA
FUN;812;FUN;INC;OK;INC000017693535;Priority 4;NA
OPS;EMS;OPS;INC;Defect;INC000017693567;Priority 4;NA
FIN;812;FUN;INC;OK;INC000017693633;Priority 4;NA
TEC;SYN;FUN;INC;OK;INC000017693700;Priority 3;NA
TEC;SYN;FUN;INC;Defect;INC000017693973;Priority 3;NA
TEC;ETH;FUN;INC;OK;INC000017694100;Priority 3;NA
APS;ETH;APS;INC;OK;INC000017694320;Priority 3;NA
APS;ETH;APS;INC;OK;INC000017694322;Priority 3;NA
APS;ETH;APS;INC;OK;INC000017694323;Priority 3;NA
APS;ETH;APS;INC;OK;INC000017694324;Priority 3;NA
FUN;BWI;FUN;INC;OK;INC000017694604;Priority 3;NA
TEC;SYN;FUN;INC;OK;INC000017694678;Priority 3;NA
FUN;812;FUN;INC;OK;INC000017694733;Priority 3;NA
FIN;BWI;FUN;INC;OK;INC000017694773;Priority 4;NA
TEC;SYN;FUN;INC;OK;INC000017694820;Priority 3;NA
APS;ETH;APS;INC;OK;INC000017694950;Priority 3;NA
FUN;BWI;FUN;INC;OK;INC000017695008;Priority 4;NA
APS;ETH;APS;INC;OK;INC000017695019;Priority 3;NA
APS;ETH;APS;INC;OK;INC000017695138;Priority 3;NA
APS;ETH;APS;INC;OK;INC000017695275;Priority 3;NA
APS;ETH;APS;INC;OK;INC000017695342;Priority 3;NA
APS;EES;APS;INC;OK;INC000017695728;Priority 3;NA
APS;ETH;APS;INC;OK;INC000017695857;Priority 3;NA
APS;ETH;APS;INC;OK;INC000017695979;Priority 3;NA
APS;ETH;APS;INC;OK;INC000017696242;Priority 3;NA
SEC;EMS;SEC;INC;OK;INC000017696250;Priority 4;NA
FUN;812;FUN;INC;OK;INC000017696344;Priority 4;NA
FUN;DXE;FUN;INC;Defect;INC000017696535;Priority 4;NA
FUN;812;FUN;INC;OK;INC000017696786;Priority 4;NA
FUN;812;FUN;INC;OK;INC000017697192;Priority 4;NA
DCF;DCF;FUN;INC;OK;INC000017697222;Priority 3;NA
FIN;812;FUN;INC;OK;INC000017697237;Priority 4;NA
FIN;812;FUN;INC;Defect;INC000017697253;Priority 4;NA
FUN;812;FUN;INC;OK;INC000017697610;Priority 4;NA
FUN;BWI;FUN;INC;OK;INC000017697777;Priority 4;NA
TEC;SYN;FUN;INC;OK;INC000017697801;Priority 3;NA
FUN;812;FUN;INC;OK;INC000017698091;Priority 4;NA
FIN;DXE;FUN;INC;OK;INC000017698231;Priority 4;NA
FIN;812;FUN;INC;OK;INC000017698297;Priority 4;NA
FUN;812;FUN;INC;OK;INC000017698669;Priority 4;NA
FIN;812;FUN;INC;OK;INC000017698827;Priority 4;NA
FUN;812;FUN;INC;OK;INC000017698977;Priority 3;NA
FUN;812;FUN;INC;OK;INC000017699057;Priority 3;NA
TEC;SYN;FUN;INC;OK;INC000017699218;Priority 3;NA
SEC;SYN;SEC;INC;OK;INC000017699224;Priority 4;NA
SEC;SYN;SEC;INC;OK;INC000017699321;Priority 3;NA
FIN;812;FUN;INC;OK;INC000017699413;Priority 3;NA
APS;ETH;APS;INC;OK;INC000017699435;Priority 3;NA
FUN;812;FUN;INC;OK;INC000017699574;Priority 4;NA
TEC;SYN;FUN;INC;OK;INC000017699750;Priority 4;NA
FIN;BWI;FUN;INC;OK;INC000017699878;Priority 4;NA
SEC;SYN;SEC;INC;OK;INC000017699904;Priority 4;NA
TEC;DCF;TEC;INC;OK;INC000017699929;Priority 3;NA
APS;DCF;APS;INC;OK;INC000017700114;Priority 3;NA
APS;ETH;APS;INC;OK;INC000017700334;Priority 3;NA
APS;ETH;APS;INC;OK;INC000017700335;Priority 3;NA
APS;ETH;APS;INC;OK;INC000017700336;Priority 3;NA
APS;ETH;APS;INC;OK;INC000017700337;Priority 3;NA
APS;ETH;APS;INC;OK;INC000017700340;Priority 3;NA
APS;ETH;APS;INC;OK;INC000017700344;Priority 3;NA
APS;ETH;APS;INC;OK;INC000017700437;Priority 3;NA
SEC;SYN;SEC;INC;OK;INC000017700523;Priority 3;NA
SEC;SYN;SEC;INC;OK;INC000017700593;Priority 4;NA
EES;EES;FUN;INC;OK;INC000017700853;Priority 4;NA
APS;ETH;APS;INC;OK;INC000017700865;Priority 4;NA
FUN;812;FUN;INC;OK;INC000017701051;Priority 3;NA
L1;MNT;MON;INC;OK;INC000017701251;Priority 4;NA
OPS;EMS;OPS;INC;OK;INC000017701453;Priority 3;NA
SEC;SYN;SEC;INC;OK;INC000017701497;Priority 4;NA
APS;DCF;APS;INC;OK;INC000017701610;Priority 3;NA
APS;DCF;APS;INC;OK;INC000017701647;Priority 3;NA
APS;ETH;APS;INC;OK;INC000017701671;Priority 3;NA
APS;ETH;APS;INC;OK;INC000017701859;Priority 3;NA
APS;EES;APS;INC;OK;INC000017701981;Priority 3;NA
OPS;EMS;OPS;INC;OK;INC000017702864;Priority 4;NA
L1;BWI;L1 ;INC;OK;INC000017702881;Priority 4;NA
DCF;DCF;FUN;INC;OK;INC000017702922;Priority 4;NA
FUN;812;FUN;INC;OK;INC000017703057;Priority 3;NA
L1;812;MON;INC;OK;INC000017703093;Priority 4;NA
FUN;812;FUN;INC;OK;INC000017703203;Priority 4;NA
FUN;812;FUN;INC;Defect;INC000017703266;Priority 4;NA
TEC;DCF;TEC;INC;OK;INC000017703294;Priority 4;NA
FIN;812;FUN;INC;OK;INC000017703525;Priority 4;NA
FUN;812;FUN;INC;Defect;INC000017703661;Priority 4;NA
FIN;812;FUN;INC;OK;INC000017703730;Priority 4;NA
FUN;812;FUN;INC;OK;INC000017704287;Priority 4;NA
SEC;SYN;SEC;INC;OK;INC000017704390;Priority 4;NA
SEC;EMS;SEC;INC;OK;INC000017704914;Priority 4;NA
FUN;812;FUN;INC;OK;INC000017704992;Priority 4;NA
FIN;812;FUN;INC;OK;INC000017705166;Priority 3;NA
FIN;812;FUN;INC;OK;INC000017705398;Priority 4;NA
FIN;812;FUN;INC;OK;INC000017705405;Priority 4;NA
APS;ETH;APS;INC;OK;INC000017705578;Priority 3;NA
FIN;812;FUN;INC;OK;INC000017705610;Priority 4;NA
L1;MNT;MON;INC;Defect;INC000017705697;Priority 4;NA
L1;MNT;MON;INC;OK;INC000017705712;Priority 4;NA
L1;MNT;MON;INC;OK;INC000017705720;Priority 4;NA
L1;MNT;MON;INC;OK;INC000017705729;Priority 4;NA
TEC;ETH;FUN;INC;OK;INC000017705789;Priority 3;NA
TEC;ETH;FUN;INC;OK;INC000017705790;Priority 3;NA
TEC;ETH;FUN;INC;OK;INC000017705806;Priority 3;NA
APS;ETH;APS;INC;OK;INC000017706365;Priority 3;NA
APS;ETH;APS;INC;OK;INC000017706369;Priority 3;NA
APS;ETH;APS;INC;OK;INC000017706370;Priority 3;NA
APS;ETH;APS;INC;OK;INC000017706371;Priority 3;NA
APS;ETH;APS;INC;OK;INC000017706372;Priority 3;NA
APS;ETH;APS;INC;OK;INC000017706433;Priority 3;NA
FUN;ETH;FUN;INC;OK;INC000017706548;Priority 3;NA
SEC;SYN;SEC;INC;OK;INC000017706689;Priority 3;NA
FUN;BWI;FUN;INC;OK;INC000017706766;Priority 4;NA
FUN;BWI;FUN;INC;OK;INC000017706770;Priority 4;NA
FUN;ETH;FUN;INC;Defect;INC000017707023;Priority 4;NA
OPS;EMS;OPS;INC;OK;INC000017707207;Priority 3;NA
OPS;EMS;OPS;INC;OK;INC000017707208;Priority 3;NA
FUN;BWI;FUN;INC;OK;INC000017707227;Priority 4;NA
APS;ETH;APS;INC;OK;INC000017707235;Priority 3;NA
APS;ETH;APS;INC;OK;INC000017707334;Priority 3;NA
OPS;EMS;OPS;INC;OK;INC000017707594;Priority 3;NA
FUN;812;FUN;INC;OK;INC000017707704;Priority 4;NA
SCH;LAT;SCH;INC;OK;INC000017707748;Priority 3;NA
APS;ETH;APS;INC;OK;INC000017707788;Priority 3;NA
OPS;EMS;OPS;INC;Defect;INC000017707845;Priority 3;NA
APS;ETH;APS;INC;OK;INC000017708308;Priority 3;NA
APS;ETH;APS;INC;OK;INC000017708309;Priority 3;NA
APS;ETH;APS;INC;OK;INC000017708534;Priority 3;NA
FUN;812;FUN;INC;OK;INC000017708740;Priority 3;NA
APS;EES;APS;INC;OK;INC000017708903;Priority 3;NA
APS;ETH;APS;INC;OK;INC000017709096;Priority 3;NA
APS;ETH;APS;INC;OK;INC000017709149;Priority 3;NA
APS;DCF;APS;INC;OK;INC000017709178;Priority 3;NA
TEC;ETH;FUN;INC;OK;INC000017709324;Priority 3;NA
TEC;ETH;FUN;INC;OK;INC000017709325;Priority 3;NA
TEC;ETH;FUN;INC;OK;INC000017709331;Priority 3;NA
TEC;ETH;FUN;INC;OK;INC000017709371;Priority 3;NA
TEC;ETH;FUN;INC;OK;INC000017709421;Priority 3;NA
TEC;ETH;FUN;INC;OK;INC000017709439;Priority 3;NA
APS;ETH;APS;INC;OK;INC000017709444;Priority 3;NA
OPS;EMS;OPS;INC;OK;INC000017709462;Priority 4;NA
FUN;ETH;FUN;INC;OK;INC000017709653;Priority 3;NA
APS;ETH;APS;INC;OK;INC000017709863;Priority 3;NA
TEC;DCF;TEC;INC;OK;INC000017709878;Priority 3;NA
APS;ETH;APS;INC;OK;INC000017709943;Priority 3;NA
APS;ETH;APS;INC;OK;INC000017710201;Priority 3;NA
APS;ETH;APS;INC;OK;INC000017710258;Priority 3;NA
APS;ETH;APS;INC;OK;INC000017710678;Priority 3;NA
APS;ETH;APS;INC;OK;INC000017711119;Priority 3;NA
OPS;EMS;OPS;INC;OK;INC000017711288;Priority 3;NA
FIN;812;FUN;INC;Defect;INC000017711633;Priority 4;NA
DBA;812;DBA;INC;OK;INC000017712170;Priority 4;NA
SEC;WS;SEC;INC;OK;INC000017712271;Priority 3;NA
DBA;812;DBA;INC;OK;INC000017712314;Priority 3;NA
FIN;812;FUN;INC;Defect;INC000017712753;Priority 4;NA
FIN;812;FUN;INC;OK;INC000017712765;Priority 4;NA
FIN;812;FUN;INC;OK;INC000017712822;Priority 4;NA
FIN;812;FUN;INC;OK;INC000017713127;Priority 4;NA
FIN;812;FUN;INC;OK;INC000017713159;Priority 4;NA
FUN;812;FUN;INC;OK;INC000017713398;Priority 4;NA
FUN;812;FUN;INC;OK;INC000017713594;Priority 4;NA
FUN;BWI;FUN;INC;OK;INC000017713664;Priority 4;NA
SEC;812;SEC;INC;OK;INC000017713774;Priority 4;NA
TEC;SYN;FUN;INC;OK;INC000017713845;Priority 3;NA
SEC;812;SEC;INC;OK;INC000017713874;Priority 4;NA
FUN;812;FUN;INC;OK;INC000017714019;Priority 4;NA
FIN;812;FUN;INC;OK;INC000017714110;Priority 4;NA
TEC;SYN;FUN;INC;OK;INC000017714303;Priority 3;NA
FUN;EES;FUN;INC;OK;INC000017714314;Priority 4;NA
DCF;DCF;FUN;INC;OK;INC000017714316;Priority 4;NA
SEC;812;SEC;INC;OK;INC000017714449;Priority 4;NA
FIN;812;FUN;INC;OK;INC000017715416;Priority 4;NA
FUN;812;FUN;INC;OK;INC000017715660;Priority 3;NA
FIN;812;FUN;INC;OK;INC000017715668;Priority 4;NA
FUN;812;FUN;INC;Defect;INC000017715733;Priority 4;NA
FUN;812;FUN;INC;OK;INC000017715777;Priority 4;NA
SEC;SYN;SEC;INC;OK;INC000017715878;Priority 3;NA
TEC;DCF;TEC;INC;OK;INC000017715888;Priority 3;NA
APS;ETH;APS;INC;OK;INC000017716057;Priority 3;NA
CNC;MNT;MON;INC;Defect;INC000017716113;Priority 4;NA
FUN;812;FUN;INC;OK;INC000017716258;Priority 4;NA
TEC;SYN;FUN;INC;OK;INC000017716533;Priority 3;NA
SEC;SYN;SEC;INC;OK;INC000017716805;Priority 4;NA
FUN;BWI;FUN;INC;Defect;INC000017716908;Priority 4;NA
APS;ETH;APS;INC;OK;INC000017717039;Priority 3;NA
APS;ETH;APS;INC;OK;INC000017717041;Priority 3;NA
APS;ETH;APS;INC;OK;INC000017717043;Priority 3;NA
APS;ETH;APS;INC;OK;INC000017717051;Priority 3;NA
APS;ETH;APS;INC;OK;INC000017717131;Priority 3;NA
APS;ETH;APS;INC;OK;INC000017717132;Priority 3;NA
APS;ETH;APS;INC;OK;INC000017717236;Priority 3;NA
FIN;BWI;FUN;INC;OK;INC000017717312;Priority 3;NA
SEC;SYN;SEC;INC;OK;INC000017717585;Priority 4;NA
FUN;BWI;FUN;INC;OK;INC000017717606;Priority 4;NA
FUN;812;FUN;INC;OK;INC000017717854;Priority 3;NA
SEC;SYN;SEC;INC;OK;INC000017718103;Priority 3;NA
APS;ETH;APS;INC;OK;INC000017718299;Priority 3;NA
SEC;MNT;SEC;INC;OK;INC000017718341;Priority 4;NA
OPS;EMS;OPS;INC;OK;INC000017718355;Priority 4;NA
FUN;BWI;FUN;INC;OK;INC000017718546;Priority 4;NA
APS;ETH;APS;INC;OK;INC000017718929;Priority 3;NA
FIN;812;FUN;INC;OK;INC000017719012;Priority 4;NA
FUN;BWI;FUN;INC;OK;INC000017719587;Priority 3;NA
FUN;812;FUN;INC;Defect;INC000017719676;Priority 4;NA
DCF;DCF;FUN;INC;OK;INC000017719895;Priority 4;NA
FUN;812;FUN;INC;OK;INC000017720105;Priority 4;NA
FUN;812;FUN;INC;OK;INC000017720299;Priority 4;NA
FIN;812;FUN;INC;OK;INC000017720352;Priority 4;NA
FIN;812;FUN;INC;OK;INC000017720452;Priority 4;NA
FUN;812;FUN;INC;OK;INC000017720465;Priority 3;NA
FIN;812;FUN;INC;OK;INC000017720577;Priority 4;NA
OPS;EMS;OPS;INC;OK;INC000017720651;Priority 4;NA
SEC;EMS;SEC;INC;OK;INC000017720869;Priority 4;NA
FIN;812;FUN;INC;OK;INC000017720891;Priority 4;NA
FUN;812;FUN;INC;OK;INC000017720930;Priority 3;NA
FIN;812;FUN;INC;OK;INC000017721002;Priority 4;NA
FUN;812;FUN;INC;OK;INC000017721100;Priority 3;NA
FUN;812;FUN;INC;OK;INC000017721146;Priority 4;NA
DBA;812;DBA;INC;OK;INC000017721285;Priority 3;NA
TEC;SYN;FUN;INC;OK;INC000017721413;Priority 4;NA
FUN;812;FUN;INC;OK;INC000017721421;Priority 4;NA
FUN;812;FUN;INC;OK;INC000017721488;Priority 4;NA
FIN;812;FUN;INC;OK;INC000017721568;Priority 4;NA
FUN;MNT;FUN;INC;OK;INC000017721629;Priority 4;NA
DCF;DCF;FUN;INC;OK;INC000017721785;Priority 4;NA
FUN;812;FUN;INC;OK;INC000017721995;Priority 4;NA
L1;CRD;MON;INC;OK;INC000017722008;Priority 3;NA
SEC;SYN;SEC;INC;OK;INC000017722033;Priority 3;NA
FIN;812;FUN;INC;OK;INC000017722148;Priority 4;NA
FIN;812;FUN;INC;OK;INC000017722212;Priority 4;NA
SEC;812;SEC;INC;OK;INC000017722393;Priority 4;NA
FIN;812;FUN;INC;Defect;INC000017722721;Priority 4;NA
APS;ETH;APS;INC;OK;INC000017722748;Priority 3;NA
FUN;812;FUN;INC;OK;INC000017722795;Priority 4;NA
FUN;WS;FUN;INC;OK;INC000017722810;Priority 4;NA
TEC;ETH;FUN;INC;Defect;INC000017722881;Priority 3;NA
APS;ETH;APS;INC;OK;INC000017723090;Priority 3;NA
FUN;ETH;FUN;INC;Defect;INC000017723160;Priority 4;NA
FUN;812;FUN;INC;OK;INC000017723239;Priority 4;NA
FUN;EES;FUN;INC;Defect;INC000017723278;Priority 4;NA
FUN;MNT;FUN;INC;OK;INC000017723393;Priority 4;NA
FUN;812;FUN;INC;OK;INC000017723725;Priority 3;NA
SEC;SYN;SEC;INC;OK;INC000017723747;Priority 4;NA
SEC;DCF;SEC;INC;Defect;INC000017723765;Priority 3;NA
APS;ETH;APS;INC;OK;INC000017723966;Priority 3;NA
APS;ETH;APS;INC;OK;INC000017723976;Priority 3;NA
APS;ETH;APS;INC;OK;INC000017723977;Priority 3;NA
APS;ETH;APS;INC;OK;INC000017723978;Priority 3;NA
APS;ETH;APS;INC;OK;INC000017723980;Priority 3;NA
FUN;LAT;FUN;INC;Defect;INC000017724011;Priority 4;NA
DBA;812;DBA;INC;OK;INC000017724014;Priority 3;NA
FUN;ETH;FUN;INC;OK;INC000017724566;Priority 4;NA
APS;EES;APS;INC;OK;INC000017724849;Priority 3;NA
APS;ETH;APS;INC;OK;INC000017724956;Priority 3;NA
APS;ETH;APS;INC;OK;INC000017725553;Priority 3;NA
FUN;812;FUN;INC;OK;INC000017725742;Priority 3;NA
APS;ETH;APS;INC;OK;INC000017725778;Priority 3;NA
SEC;EMS;SEC;INC;OK;INC000017726300;Priority 4;NA
FIN;MNT;FUN;INC;OK;INC000017726822;Priority 3;NA
FUN;MNT;FUN;INC;OK;INC000017726940;Priority 3;NA
DCF;DCF;FUN;INC;OK;INC000017726943;Priority 2;NA
FIN;812;FUN;INC;OK;INC000017726947;Priority 4;NA
FUN;812;FUN;INC;OK;INC000017726979;Priority 3;NA
FUN;812;FUN;INC;Defect;INC000017726984;Priority 3;NA
FUN;812;FUN;INC;OK;INC000017727121;Priority 4;NA
TEC;SYN;FUN;INC;OK;INC000017727178;Priority 3;NA
FIN;DXE;FUN;INC;Defect;INC000017727384;Priority 4;NA
FUN;BWI;FUN;INC;OK;INC000017727604;Priority 4;NA
FUN;BWI;FUN;INC;OK;INC000017727662;Priority 3;NA
DCF;DCF;FUN;INC;OK;INC000017727831;Priority 4;NA
FIN;812;FUN;INC;Defect;INC000017727897;Priority 4;NA
FIN;812;FUN;INC;OK;INC000017727945;Priority 4;NA
FUN;812;FUN;INC;OK;INC000017727966;Priority 4;NA
DBA;812;DBA;INC;Defect;INC000017728101;Priority 3;NA
FIN;MNT;FUN;INC;Defect;INC000017728143;Priority 4;NA
FUN;ETH;FUN;INC;OK;INC000017729152;Priority 4;NA
SEC;SYN;SEC;INC;OK;INC000017729218;Priority 4;NA
L1;BWI;L1 ;INC;OK;INC000017729263;Priority 4;NA
FUN;BWI;FUN;INC;OK;INC000017729284;Priority 3;NA
APS;ETH;APS;INC;OK;INC000017729403;Priority 3;NA
FUN;BWI;FUN;INC;OK;INC000017729719;Priority 3;NA
APS;ETH;APS;INC;OK;INC000017730205;Priority 3;NA
APS;ETH;APS;INC;OK;INC000017730212;Priority 3;NA
APS;ETH;APS;INC;OK;INC000017730213;Priority 3;NA
APS;ETH;APS;INC;OK;INC000017730214;Priority 3;NA
APS;ETH;APS;INC;OK;INC000017730215;Priority 3;NA
APS;ETH;APS;INC;OK;INC000017730216;Priority 3;NA
APS;ETH;APS;INC;OK;INC000017730217;Priority 3;NA
APS;ETH;APS;INC;OK;INC000017730278;Priority 3;NA
APS;ETH;APS;INC;OK;INC000017730289;Priority 3;NA
SEC;SYN;SEC;INC;OK;INC000017730351;Priority 4;NA
APS;EES;APS;INC;OK;INC000017730356;Priority 4;NA
TEC;SYN;FUN;INC;OK;INC000017730421;Priority 3;NA
SEC;SYN;SEC;INC;OK;INC000017730470;Priority 3;NA
SEC;SYN;SEC;INC;OK;INC000017730656;Priority 4;NA
FUN;812;FUN;INC;OK;INC000017731192;Priority 3;NA
APS;EES;APS;INC;OK;INC000017731388;Priority 3;NA
APS;ETH;APS;INC;OK;INC000017731495;Priority 3;NA
APS;ETH;APS;INC;OK;INC000017731684;Priority 3;NA
FIN;812;FUN;INC;OK;INC000017732093;Priority 4;NA
SEC;WS;SEC;INC;OK;INC000017732351;Priority 3;NA
FIN;812;FUN;INC;OK;INC000017732498;Priority 3;NA
DBA;812;DBA;INC;Defect;INC000017732575;Priority 3;NA
FUN;DXE;FUN;INC;Defect;INC000017732578;Priority 4;NA
DCF;DCF;FUN;INC;OK;INC000017732624;Priority 3;NA
FIN;812;FUN;INC;OK;INC000017732657;Priority 4;NA
FUN;812;FUN;INC;OK;INC000017732741;Priority 4;NA
FUN;812;FUN;INC;OK;INC000017732774;Priority 3;NA
FIN;812;FUN;INC;OK;INC000017732845;Priority 4;NA
FUN;812;FUN;INC;OK;INC000017732876;Priority 4;NA
FUN;DXE;FUN;INC;OK;INC000017732912;Priority 4;NA
FUN;DXE;FUN;INC;OK;INC000017732944;Priority 4;NA
FUN;812;FUN;INC;OK;INC000017732991;Priority 4;NA
FUN;DXE;FUN;INC;OK;INC000017733138;Priority 4;NA
OPS;EMS;OPS;INC;OK;INC000017733212;Priority 3;NA
FIN;812;FUN;INC;OK;INC000017733214;Priority 4;NA
FIN;812;FUN;INC;Defect;INC000017733345;Priority 4;NA
L1;MNT;MON;INC;OK;INC000017733448;Priority 4;NA
FIN;812;FUN;INC;OK;INC000017733519;Priority 4;NA
SEC;EMS;SEC;INC;OK;INC000017733574;Priority 3;NA
FUN;812;FUN;INC;OK;INC000017733632;Priority 4;NA
FUN;812;FUN;INC;OK;INC000017733791;Priority 4;NA
FUN;812;FUN;INC;OK;INC000017733913;Priority 3;NA
DCF;DCF;FUN;INC;OK;INC000017734007;Priority 4;NA
FIN;812;FUN;INC;OK;INC000017734181;Priority 4;NA
FUN;ETH;FUN;INC;OK;INC000017734213;Priority 3;NA
FUN;EES;FUN;INC;OK;INC000017734347;Priority 4;NA
EES;EES;FUN;INC;OK;INC000017734492;Priority 4;NA
FIN;812;FUN;INC;OK;INC000017734507;Priority 4;NA
OPS;EMS;OPS;INC;OK;INC000017734607;Priority 4;NA
FUN;812;FUN;INC;OK;INC000017734710;Priority 3;NA
DCF;DCF;FUN;INC;OK;INC000017734711;Priority 4;NA
FUN;812;FUN;INC;OK;INC000017734739;Priority 4;NA
DBA;812;DBA;INC;OK;INC000017734752;Priority 4;NA
FUN;812;FUN;INC;OK;INC000017734763;Priority 3;NA
SEC;SYN;SEC;INC;Defect;INC000017734818;Priority 3;NA
SEC;SYN;SEC;INC;Defect;INC000017734825;Priority 3;NA
FUN;BWI;FUN;INC;OK;INC000017734951;Priority 4;NA
FIN;812;FUN;INC;OK;INC000017735003;Priority 4;NA
FUN;812;FUN;INC;OK;INC000017735038;Priority 4;NA
APS;ETH;APS;INC;OK;INC000017735219;Priority 3;NA
FIN;812;FUN;INC;OK;INC000017735387;Priority 4;NA
APS;ETH;APS;INC;OK;INC000017735967;Priority 3;NA
APS;ETH;APS;INC;OK;INC000017735968;Priority 3;NA
APS;ETH;APS;INC;OK;INC000017735969;Priority 3;NA
APS;ETH;APS;INC;OK;INC000017735976;Priority 3;NA
APS;ETH;APS;INC;OK;INC000017735977;Priority 3;NA
APS;ETH;APS;INC;OK;INC000017735978;Priority 3;NA
APS;ETH;APS;INC;OK;INC000017735979;Priority 3;NA
APS;ETH;APS;INC;OK;INC000017736028;Priority 3;NA
FUN;BWI;FUN;INC;OK;INC000017736534;Priority 3;NA
APS;ETH;APS;INC;OK;INC000017736849;Priority 3;NA
APS;ETH;APS;INC;OK;INC000017736901;Priority 3;NA
OPS;EMS;OPS;INC;OK;INC000017737080;Priority 4;NA
APS;ETH;APS;INC;OK;INC000017737099;Priority 3;NA
APS;EES;APS;INC;OK;INC000017737204;Priority 3;NA
APS;ETH;APS;INC;OK;INC000017737273;Priority 3;NA
FIN;812;FUN;INC;OK;INC000017738398;Priority 4;NA
FUN;812;FUN;INC;OK;INC000017738422;Priority 3;NA
FUN;812;FUN;INC;OK;INC000017738655;Priority 4;NA
APS;EES;APS;INC;OK;INC000017738706;Priority 3;NA
TEC;SYN;FUN;INC;OK;INC000017738742;Priority 3;NA
FUN;812;FUN;INC;Defect;INC000017738753;Priority 4;NA
FUN;812;FUN;INC;OK;INC000017738797;Priority 3;NA
DCF;DCF;FUN;INC;OK;INC000017739080;Priority 4;NA
FUN;812;FUN;INC;OK;INC000017739132;Priority 4;NA
FIN;MNT;FUN;INC;OK;INC000017739191;Priority 4;NA
SEC;SYN;SEC;INC;OK;INC000017739341;Priority 3;NA
FIN;MNT;FUN;INC;OK;INC000017739351;Priority 3;NA
SEC;SYN;SEC;INC;OK;INC000017739386;Priority 4;NA
SEC;SYN;SEC;INC;OK;INC000017740552;Priority 4;NA
FUN;812;FUN;INC;OK;INC000017740581;Priority 4;NA
APS;ETH;APS;INC;OK;INC000017740655;Priority 3;NA
L1;BWI;L1 ;INC;OK;INC000017740824;Priority 4;NA
FUN;WS;FUN;INC;OK;INC000017741192;Priority 4;NA
FIN;812;FUN;INC;OK;INC000017741303;Priority 4;NA
APS;ETH;APS;INC;OK;INC000017741423;Priority 3;NA
APS;ETH;APS;INC;OK;INC000017741427;Priority 3;NA
APS;ETH;APS;INC;OK;INC000017741428;Priority 3;NA
FUN;812;FUN;INC;OK;INC000017742098;Priority 3;NA
SCH;LAT;SCH;INC;OK;INC000017742239;Priority 3;NA
OPS;EMS;OPS;INC;OK;INC000017742338;Priority 3;NA
APS;ETH;APS;INC;OK;INC000017742369;Priority 3;NA
SCH;LAT;SCH;INC;OK;INC000017742471;Priority 3;NA
SCH;LAT;SCH;INC;OK;INC000017742537;Priority 3;NA
FUN;812;FUN;INC;OK;INC000017742576;Priority 3;NA
APS;ETH;APS;INC;OK;INC000017743112;Priority 3;NA
FUN;812;FUN;INC;Defect;INC000017743185;Priority 4;NA
APS;ETH;APS;INC;OK;INC000017743621;Priority 3;NA
APS;ETH;APS;INC;OK;INC000017743649;Priority 3;NA
FIN;812;FUN;INC;OK;INC000017743825;Priority 4;NA
APS;ETH;APS;INC;OK;INC000017743862;Priority 3;NA
APS;ETH;APS;INC;OK;INC000017743981;Priority 3;NA
APS;ETH;APS;INC;OK;INC000017744264;Priority 3;NA
OPS;EMS;OPS;INC;OK;INC000017744399;Priority 3;NA
OPS;EMS;OPS;INC;OK;INC000017744405;Priority 3;NA
OPS;EMS;OPS;INC;OK;INC000017744412;Priority 3;NA
FUN;812;FUN;INC;OK;INC000017744413;Priority 3;NA
APS;ETH;APS;INC;OK;INC000017744879;Priority 3;NA
APS;ETH;APS;INC;OK;INC000017744971;Priority 3;NA
APS;ETH;APS;INC;OK;INC000017745509;Priority 3;NA
APS;ETH;APS;INC;OK;INC000017745600;Priority 3;NA
SCH;LAT;SCH;INC;OK;INC000017745871;Priority 3;NA
SCH;LAT;SCH;INC;OK;INC000017745872;Priority 3;NA
SCH;LAT;SCH;INC;OK;INC000017745873;Priority 3;NA
SCH;LAT;SCH;INC;OK;INC000017745874;Priority 3;NA
SCH;LAT;SCH;INC;OK;INC000017745875;Priority 3;NA
SCH;LAT;SCH;INC;OK;INC000017745876;Priority 3;NA
SCH;LAT;SCH;INC;OK;INC000017745877;Priority 3;NA
SCH;LAT;SCH;INC;OK;INC000017745879;Priority 3;NA
SCH;LAT;SCH;INC;OK;INC000017745880;Priority 3;NA
SCH;LAT;SCH;INC;OK;INC000017745881;Priority 3;NA
SCH;LAT;SCH;INC;OK;INC000017745884;Priority 3;NA
APS;ETH;APS;INC;OK;INC000017745995;Priority 3;NA
FIN;WS;FUN;INC;OK;INC000017746727;Priority 4;NA
FUN;812;FUN;INC;OK;INC000017746982;Priority 4;NA
FIN;812;FUN;INC;OK;INC000017747457;Priority 4;NA
FIN;812;FUN;INC;OK;INC000017747501;Priority 4;NA
APS;EES;APS;INC;OK;INC000017747919;Priority 3;NA
FIN;812;FUN;INC;OK;INC000017747975;Priority 3;NA
DCF;DCF;FUN;INC;OK;INC000017748053;Priority 4;NA
FUN;812;FUN;INC;OK;INC000017748451;Priority 4;NA
FUN;812;FUN;INC;OK;INC000017748470;Priority 3;NA
TEC;SYN;FUN;INC;OK;INC000017748487;Priority 4;NA
FUN;BWI;FUN;INC;OK;INC000017748613;Priority 4;NA
FUN;812;FUN;INC;OK;INC000017748966;Priority 4;NA
FIN;812;FUN;INC;OK;INC000017748981;Priority 4;NA
TEC;SYN;FUN;INC;OK;INC000017749140;Priority 4;NA
FUN;812;FUN;INC;Defect;INC000017749323;Priority 4;NA
DCF;DCF;FUN;INC;Defect;INC000017749409;Priority 4;NA
TEC;BWI;TEC;INC;OK;INC000017749629;Priority 1;NA
TEC;BWI;TEC;INC;OK;INC000017750123;Priority 4;NA
SEC;SYN;SEC;INC;OK;INC000017750230;Priority 4;NA
FIN;812;FUN;INC;OK;INC000017750317;Priority 4;NA
FUN;EES;FUN;INC;OK;INC000017750362;Priority 4;NA
TEC;SYN;FUN;INC;OK;INC000017750401;Priority 3;NA
APS;ETH;APS;INC;OK;INC000017750457;Priority 3;NA
FIN;BWI;FUN;INC;OK;INC000017750717;Priority 4;NA
FUN;BWI;FUN;INC;OK;INC000017750927;Priority 4;NA
FUN;812;FUN;INC;Defect;INC000017750942;Priority 4;NA
FIN;812;FUN;INC;OK;INC000017751281;Priority 3;NA
TEC;SYN;FUN;INC;Defect;INC000017751321;Priority 3;NA
TEC;SYN;FUN;INC;OK;INC000017751414;Priority 3;NA
TEC;DCF;TEC;INC;OK;INC000017751434;Priority 3;NA
APS;ETH;APS;INC;OK;INC000017751435;Priority 3;NA
APS;ETH;APS;INC;OK;INC000017751436;Priority 3;NA
APS;ETH;APS;INC;OK;INC000017751437;Priority 3;NA
APS;ETH;APS;INC;OK;INC000017751439;Priority 3;NA
APS;ETH;APS;INC;OK;INC000017751441;Priority 3;NA
APS;ETH;APS;INC;OK;INC000017751445;Priority 3;NA
APS;ETH;APS;INC;OK;INC000017751505;Priority 3;NA
APS;ETH;APS;INC;OK;INC000017751506;Priority 3;NA
APS;ETH;APS;INC;OK;INC000017751507;Priority 3;NA
APS;ETH;APS;INC;OK;INC000017751713;Priority 4;NA
APS;ETH;APS;INC;OK;INC000017751870;Priority 3;NA
FUN;BWI;FUN;INC;OK;INC000017752192;Priority 3;NA
APS;ETH;APS;INC;OK;INC000017752433;Priority 3;NA
APS;ETH;APS;INC;OK;INC000017753106;Priority 3;NA
APS;ETH;APS;INC;OK;INC000017753738;Priority 3;NA
FIN;812;FUN;INC;OK;INC000017754201;Priority 4;NA
FUN;812;FUN;INC;OK;INC000017754385;Priority 3;NA
FUN;812;FUN;INC;Defect;INC000017754402;Priority 4;NA
FIN;812;FUN;INC;OK;INC000017754415;Priority 4;NA
L1;812;MON;INC;OK;INC000017754608;Priority 4;NA
SEC;812;SEC;INC;OK;INC000017755043;Priority 4;NA
FIN;812;FUN;INC;OK;INC000017755064;Priority 4;NA
FIN;812;FUN;INC;OK;INC000017755076;Priority 4;NA
TEC;SYN;FUN;INC;OK;INC000017755155;Priority 3;NA
FUN;812;FUN;INC;OK;INC000017755179;Priority 4;NA
FUN;812;FUN;INC;Defect;INC000017755202;Priority 4;NA
FIN;812;FUN;INC;OK;INC000017755231;Priority 4;NA
TEC;ETH;FUN;INC;OK;INC000017755317;Priority 3;NA
TEC;DCF;TEC;INC;OK;INC000017755334;Priority 3;NA
FIN;812;FUN;INC;OK;INC000017755520;Priority 4;NA
FUN;EES;FUN;INC;OK;INC000017755525;Priority 4;NA
FUN;812;FUN;INC;OK;INC000017755606;Priority 4;NA
SEC;812;SEC;INC;OK;INC000017755773;Priority 3;NA
L1;MNT;MON;INC;OK;INC000017755804;Priority 4;NA
FIN;812;FUN;INC;OK;INC000017755823;Priority 4;NA
APS;ETH;APS;INC;OK;INC000017755913;Priority 3;NA
L1;BWI;L1 ;INC;OK;INC000017756321;Priority 4;NA
FUN;ETH;FUN;INC;OK;INC000017756378;Priority 4;NA
TEC;SYN;FUN;INC;OK;INC000017756477;Priority 4;NA
TEC;SYN;FUN;INC;OK;INC000017756495;Priority 4;NA
SEC;SYN;SEC;INC;OK;INC000017756579;Priority 4;NA
L1;812;MON;INC;OK;INC000017756601;Priority 4;NA
LEAD;DCF;FUN;INC;OK;INC000017756972;Priority 3;NA
FIN;812;FUN;INC;OK;INC000017756991;Priority 4;NA
CNC;812;MON;INC;OK;INC000017756994;Priority 4;NA
SEC;SYN;SEC;INC;OK;INC000017757371;Priority 4;NA
SEC;SYN;SEC;INC;OK;INC000017757702;Priority 4;NA
TEC;SYN;FUN;INC;OK;INC000017757770;Priority 4;NA
APS;ETH;APS;INC;OK;INC000017757784;Priority 3;NA
APS;ETH;APS;INC;OK;INC000017757786;Priority 3;NA
DCF;DCF;FUN;INC;OK;INC000017757792;Priority 4;NA
APS;ETH;APS;INC;OK;INC000017757793;Priority 3;NA
APS;ETH;APS;INC;OK;INC000017757795;Priority 3;NA
APS;ETH;APS;INC;OK;INC000017757796;Priority 3;NA
TEC;SYN;FUN;INC;OK;INC000017757808;Priority 3;NA
APS;ETH;APS;INC;OK;INC000017757862;Priority 3;NA
APS;EES;APS;INC;OK;INC000017758370;Priority 3;NA
FUN;EES;FUN;INC;OK;INC000017758414;Priority 3;NA
ETH;ETH;FUN;INC;OK;INC000017758418;Priority 4;NA
APS;ETH;APS;INC;OK;INC000017758890;Priority 3;NA
APS;EES;APS;INC;OK;INC000017759164;Priority 3;NA
APS;ETH;APS;INC;OK;INC000017759200;Priority 3;NA
APS;EES;APS;INC;OK;INC000017759365;Priority 3;NA
APS;ETH;APS;INC;OK;INC000017759366;Priority 3;NA
FUN;812;FUN;INC;OK;INC000017759491;Priority 4;NA
DCF;DCF;FUN;INC;OK;INC000017759634;Priority 4;NA
FUN;812;FUN;INC;OK;INC000017759857;Priority 4;NA
FIN;812;FUN;INC;OK;INC000017759884;Priority 4;NA
FUN;812;FUN;INC;OK;INC000017759962;Priority 3;NA
FIN;812;FUN;INC;OK;INC000017759976;Priority 4;NA
DCF;DCF;FUN;INC;OK;INC000017760471;Priority 4;NA
CNC;MNT;MON;INC;OK;INC000017760574;Priority 4;NA
TEC;SYN;FUN;INC;OK;INC000017760726;Priority 4;NA
FUN;812;FUN;INC;OK;INC000017760856;Priority 4;NA
FIN;812;FUN;INC;OK;INC000017760881;Priority 4;NA
FIN;812;FUN;INC;OK;INC000017760894;Priority 4;NA
DBA;812;DBA;INC;OK;INC000017760906;Priority 3;NA
FIN;812;FUN;INC;OK;INC000017761086;Priority 4;NA
TEC;SYN;FUN;INC;OK;INC000017761090;Priority 3;NA
FIN;812;FUN;INC;OK;INC000017761161;Priority 4;NA
FUN;812;FUN;INC;OK;INC000017761297;Priority 4;NA
TEC;ETH;FUN;INC;OK;INC000017761309;Priority 3;NA
SEC;SYN;SEC;INC;OK;INC000017761401;Priority 3;NA
FIN;812;FUN;INC;OK;INC000017761457;Priority 4;NA
FUN;812;FUN;INC;OK;INC000017761526;Priority 4;NA
CNC;DCF;FUN;INC;OK;INC000017761644;Priority 3;NA
FUN;812;FUN;INC;OK;INC000017761700;Priority 3;NA
FUN;812;FUN;INC;OK;INC000017761793;Priority 4;NA
DCF;DCF;FUN;INC;OK;INC000017762002;Priority 4;NA
FIN;812;FUN;INC;OK;INC000017762032;Priority 4;NA
FIN;812;FUN;INC;OK;INC000017762066;Priority 3;NA
FUN;812;FUN;INC;OK;INC000017762083;Priority 4;NA
TEC;SYN;FUN;INC;OK;INC000017762194;Priority 3;NA
FIN;812;FUN;INC;OK;INC000017762282;Priority 4;NA
FIN;812;FUN;INC;OK;INC000017762414;Priority 4;NA
FUN;MNT;FUN;INC;OK;INC000017762443;Priority 3;NA
SEC;SYN;SEC;INC;OK;INC000017762595;Priority 4;NA
FIN;DXE;FUN;INC;OK;INC000017762711;Priority 4;NA
TEC;SYN;FUN;INC;OK;INC000017762860;Priority 3;NA
APS;ETH;APS;INC;OK;INC000017763011;Priority 3;NA
TEC;SYN;FUN;INC;OK;INC000017763120;Priority 3;NA
FUN;ETH;FUN;INC;OK;INC000017763437;Priority 4;NA
TEC;SYN;FUN;INC;OK;INC000017763541;Priority 3;NA
APS;ETH;APS;INC;OK;INC000017763752;Priority 3;NA
APS;ETH;APS;INC;OK;INC000017763756;Priority 3;NA
APS;ETH;APS;INC;OK;INC000017763758;Priority 3;NA
APS;ETH;APS;INC;OK;INC000017763761;Priority 3;NA
APS;ETH;APS;INC;OK;INC000017763762;Priority 3;NA
APS;ETH;APS;INC;OK;INC000017763819;Priority 3;NA
APS;ETH;APS;INC;OK;INC000017764684;Priority 3;NA
APS;ETH;APS;INC;OK;INC000017764742;Priority 3;NA
APS;ETH;APS;INC;OK;INC000017764928;Priority 3;NA
FUN;812;FUN;INC;OK;INC000017765047;Priority 3;NA
APS;ETH;APS;INC;OK;INC000017765106;Priority 3;NA
APS;EES;APS;INC;OK;INC000017765112;Priority 3;NA
FIN;812;FUN;INC;OK;INC000017765179;Priority 4;NA
FUN;812;FUN;INC;OK;INC000017765577;Priority 4;NA
DCF;DCF;FUN;INC;OK;INC000017765771;Priority 4;NA
FUN;DXE;FUN;INC;OK;INC000017765940;Priority 4;NA
FUN;812;FUN;INC;OK;INC000017766024;Priority 4;NA
L1;MNT;MON;INC;OK;INC000017766098;Priority 4;NA
SEC;812;SEC;INC;OK;INC000017766104;Priority 4;NA
FIN;812;FUN;INC;OK;INC000017766208;Priority 4;NA
CNC;812;MON;INC;OK;INC000017766246;Priority 4;NA
APS;ETH;APS;INC;OK;INC000017766336;Priority 3;NA
FUN;812;FUN;INC;Defect;INC000017766625;Priority 3;NA
FIN;812;FUN;INC;OK;INC000017766808;Priority 4;NA
TEC;DCF;TEC;INC;OK;INC000017766984;Priority 3;NA
FIN;812;FUN;INC;OK;INC000017767158;Priority 3;NA
SEC;DXE;SEC;INC;OK;INC000017767172;Priority 3;NA
TEC;DCF;TEC;INC;OK;INC000017767250;Priority 3;NA
TEC;ETH;FUN;INC;OK;INC000017767449;Priority 3;NA
FIN;812;FUN;INC;OK;INC000017767480;Priority 4;NA
FIN;812;FUN;INC;OK;INC000017767499;Priority 4;NA
FUN;812;FUN;INC;OK;INC000017767605;Priority 4;NA
SEC;SYN;SEC;INC;OK;INC000017767612;Priority 4;NA
FUN;DXE;FUN;INC;OK;INC000017767692;Priority 4;NA
FIN;812;FUN;INC;OK;INC000017767894;Priority 4;NA
SEC;SYN;SEC;INC;OK;INC000017767983;Priority 4;NA
L1;BWI;L1 ;INC;OK;INC000017768192;Priority 4;NA
FIN;812;FUN;INC;OK;INC000017768243;Priority 3;NA
APS;ETH;APS;INC;OK;INC000017769173;Priority 3;NA
APS;ETH;APS;INC;OK;INC000017769174;Priority 3;NA
APS;ETH;APS;INC;OK;INC000017769175;Priority 3;NA
APS;ETH;APS;INC;OK;INC000017769176;Priority 3;NA
APS;ETH;APS;INC;OK;INC000017769177;Priority 3;NA
APS;ETH;APS;INC;OK;INC000017769180;Priority 3;NA
APS;ETH;APS;INC;OK;INC000017769181;Priority 3;NA
APS;ETH;APS;INC;OK;INC000017769187;Priority 3;NA
APS;ETH;APS;INC;OK;INC000017769241;Priority 3;NA
APS;ETH;APS;INC;OK;INC000017769242;Priority 3;NA
EES;EES;FUN;INC;OK;INC000017769244;Priority 4;NA
EES;EES;FUN;INC;OK;INC000017769257;Priority 4;NA
TEC;SYN;FUN;INC;OK;INC000017769323;Priority 3;NA
CNC;MNT;MON;INC;OK;INC000017769394;Priority 4;NA
CNC;MNT;MON;INC;OK;INC000017769431;Priority 4;NA
EES;EES;FUN;INC;OK;INC000017769447;Priority 4;NA
SEC;SYN;SEC;INC;OK;INC000017769506;Priority 4;NA
APS;ETH;APS;INC;OK;INC000017769552;Priority 3;NA
FUN;BWI;FUN;INC;OK;INC000017769836;Priority 3;NA
APS;ETH;APS;INC;OK;INC000017770019;Priority 3;NA
FUN;812;FUN;INC;OK;INC000017770061;Priority 3;NA
OPS;EMS;OPS;INC;OK;INC000017770337;Priority 4;NA
APS;ETH;APS;INC;OK;INC000017770628;Priority 3;NA
APS;ETH;APS;INC;OK;INC000017770837;Priority 3;NA
SCH;LAT;SCH;INC;OK;INC000017770891;Priority 3;NA
SCH;LAT;SCH;INC;OK;INC000017770893;Priority 3;NA
FUN;812;FUN;INC;OK;INC000017771215;Priority 4;NA
DCF;DCF;FUN;INC;OK;INC000017771419;Priority 4;NA
FIN;812;FUN;INC;OK;INC000017771584;Priority 4;NA
TEC;SYN;FUN;INC;OK;INC000017771864;Priority 4;NA
FIN;WS;FUN;INC;OK;INC000017771923;Priority 4;NA
FIN;812;FUN;INC;OK;INC000017772280;Priority 4;NA
TEC;DCF;TEC;INC;OK;INC000017772350;Priority 3;NA
FIN;812;FUN;INC;OK;INC000017772385;Priority 4;NA
TEC;ETH;FUN;INC;OK;INC000017772413;Priority 3;NA
APS;EES;APS;INC;OK;INC000017772543;Priority 4;NA
FUN;DXE;FUN;INC;OK;INC000017772625;Priority 4;NA
FUN;DXE;FUN;INC;OK;INC000017772690;Priority 3;NA
FUN;812;FUN;INC;OK;INC000017772698;Priority 3;NA
FIN;812;FUN;INC;OK;INC000017773125;Priority 3;NA
FUN;812;FUN;INC;OK;INC000017773476;Priority 4;NA
APS;ETH;APS;INC;OK;INC000017773566;Priority 3;NA
TEC;SYN;FUN;INC;OK;INC000017773657;Priority 3;NA
APS;ETH;APS;INC;OK;INC000017774217;Priority 3;NA
APS;ETH;APS;INC;OK;INC000017774218;Priority 3;NA
APS;ETH;APS;INC;OK;INC000017774220;Priority 3;NA
APS;ETH;APS;INC;OK;INC000017774223;Priority 3;NA
APS;ETH;APS;INC;OK;INC000017774224;Priority 3;NA
APS;ETH;APS;INC;OK;INC000017774272;Priority 3;NA
SEC;SYN;SEC;INC;OK;INC000017774383;Priority 3;NA
TEC;SYN;FUN;INC;OK;INC000017774399;Priority 3;NA
TEC;SYN;FUN;INC;OK;INC000017774984;Priority 3;NA
SEC;SYN;SEC;INC;OK;INC000017775017;Priority 4;NA
L1;BWI;L1 ;INC;OK;INC000017775144;Priority 3;NA
APS;ETH;APS;INC;OK;INC000017775189;Priority 3;NA
OPS;EMS;OPS;INC;OK;INC000017775240;Priority 3;NA
APS;ETH;APS;INC;OK;INC000017775941;Priority 3;NA
APS;ETH;APS;INC;OK;INC000017776122;Priority 3;NA
APS;ETH;APS;INC;OK;INC000017776177;Priority 3;NA
FUN;ETH;FUN;INC;OK;INC000017776184;Priority 3;NA
FUN;ETH;FUN;INC;OK;INC000017776185;Priority 3;NA
APS;EES;APS;INC;OK;INC000017776363;Priority 3;NA
APS;ETH;APS;INC;OK;INC000017776515;Priority 3;NA
OPS;EMS;OPS;INC;OK;INC000017777114;Priority 3;NA
OPS;EMS;OPS;INC;OK;INC000017777156;Priority 3;NA
APS;ETH;APS;INC;OK;INC000017777165;Priority 3;NA
SEC;DCF;SEC;INC;OK;INC000017777175;Priority 4;NA
SEC;812;SEC;INC;OK;INC000017777260;Priority 3;NA
APS;ETH;APS;INC;OK;INC000017777261;Priority 3;NA
L1;MNT;MON;INC;OK;INC000017777343;Priority 3;NA
APS;ETH;APS;INC;OK;INC000017777490;Priority 3;NA
OPS;EMS;OPS;INC;OK;INC000017777492;Priority 3;NA
FIN;MNT;FUN;INC;OK;INC000017777710;Priority 3;NA
APS;ETH;APS;INC;OK;INC000017777724;Priority 3;NA
APS;ETH;APS;INC;OK;INC000017777834;Priority 3;NA
FIN;MNT;FUN;INC;OK;INC000017777871;Priority 3;NA
APS;ETH;APS;INC;OK;INC000017778020;Priority 3;NA
APS;ETH;APS;INC;OK;INC000017778719;Priority 3;NA
FUN;BWI;FUN;INC;OK;INC000017778791;Priority 4;NA
SEC;EMS;SEC;INC;OK;INC000017779025;Priority 3;NA
FIN;812;FUN;INC;OK;INC000017779555;Priority 4;NA
DCF;DCF;FUN;INC;OK;INC000017779726;Priority 4;NA
TEC;SYN;FUN;INC;OK;INC000017779770;Priority 2;NA
FUN;812;FUN;INC;OK;INC000017779908;Priority 3;NA
SEC;EMS;SEC;INC;OK;INC000017780081;Priority 4;NA
FIN;812;FUN;INC;OK;INC000017780428;Priority 4;NA
FUN;DXE;FUN;INC;OK;INC000017780525;Priority 3;NA
FUN;BWI;FUN;INC;OK;INC000017780859;Priority 4;NA
SEC;812;SEC;INC;OK;INC000017780927;Priority 3;NA
TEC;DCF;TEC;INC;OK;INC000017781111;Priority 3;NA
FUN;BWI;FUN;INC;OK;INC000017781374;Priority 2;NA
SEC;SYN;SEC;INC;OK;INC000017781659;Priority 3;NA
SEC;SYN;SEC;INC;OK;INC000017781668;Priority 3;NA
SEC;SYN;SEC;INC;OK;INC000017781963;Priority 3;NA
SEC;DCF;SEC;INC;OK;INC000017782057;Priority 4;NA
TEC;SYN;FUN;INC;OK;INC000017782282;Priority 3;NA
TEC;SYN;FUN;INC;OK;INC000017782583;Priority 4;NA
FUN;ETH;FUN;INC;OK;INC000017782965;Priority 3;NA
L1;BWI;FUN;INC;OK;INC000017783102;Priority 3;NA
SEC;SYN;SEC;INC;OK;INC000017783121;Priority 4;NA
APS;ETH;APS;INC;OK;INC000017783302;Priority 3;NA
APS;ETH;APS;INC;OK;INC000017783309;Priority 3;NA
APS;ETH;APS;INC;OK;INC000017783310;Priority 3;NA
APS;ETH;APS;INC;OK;INC000017783311;Priority 3;NA
APS;ETH;APS;INC;OK;INC000017783312;Priority 3;NA
APS;ETH;APS;INC;OK;INC000017783313;Priority 3;NA
APS;ETH;APS;INC;OK;INC000017783334;Priority 3;NA
APS;ETH;APS;INC;OK;INC000017783376;Priority 3;NA
APS;ETH;APS;INC;OK;INC000017783377;Priority 3;NA
FUN;812;FUN;INC;OK;INC000017783544;Priority 3;NA
FIN;MNT;FUN;INC;OK;INC000017783642;Priority 3;NA
FUN;BWI;FUN;INC;OK;INC000017783885;Priority 3;NA
OPS;EMS;OPS;INC;OK;INC000017784523;Priority 3;NA
APS;ETH;APS;INC;OK;INC000017784528;Priority 3;NA
APS;ETH;APS;INC;OK;INC000017784731;Priority 3;NA
APS;ETH;APS;INC;OK;INC000017784920;Priority 3;NA
SCH;LAT;SCH;INC;OK;INC000017784990;Priority 3;NA
SEC;812;SEC;INC;OK;INC000017785814;Priority 3;NA
OPS;EMS;OPS;INC;OK;INC000017786221;Priority 3;NA
FIN;DXE;FUN;INC;OK;INC000017786345;Priority 4;NA
SEC;812;SEC;INC;OK;INC000017786430;Priority 3;NA
FUN;BWI;FUN;INC;OK;INC000017786758;Priority 4;NA
FIN;812;FUN;INC;OK;INC000017787250;Priority 3;NA
FUN;812;FUN;INC;OK;INC000017787290;Priority 4;NA
DCF;DCF;FUN;INC;OK;INC000017788267;Priority 4;NA
SEC;EMS;SEC;INC;OK;INC000017788507;Priority 4;NA
DCF;DCF;FUN;INC;OK;INC000017788641;Priority 3;NA
TEC;SYN;FUN;INC;OK;INC000017788944;Priority 3;NA
APS;ETH;APS;INC;OK;INC000017789103;Priority 3;NA
APS;ETH;APS;INC;OK;INC000017789107;Priority 3;NA
APS;ETH;APS;INC;OK;INC000017789109;Priority 3;NA
APS;ETH;APS;INC;OK;INC000017789110;Priority 3;NA
APS;ETH;APS;INC;OK;INC000017789113;Priority 3;NA
APS;ETH;APS;INC;OK;INC000017789117;Priority 3;NA
APS;ETH;APS;INC;OK;INC000017789153;Priority 3;NA
APS;ETH;APS;INC;OK;INC000017789158;Priority 3;NA
FUN;812;FUN;INC;OK;INC000017789457;Priority 3;NA
SEC;EMS;SEC;INC;OK;INC000017789509;Priority 3;NA
APS;ETH;APS;INC;OK;INC000017790155;Priority 3;NA
APS;ETH;APS;INC;OK;INC000017790348;Priority 3;NA
FUN;812;FUN;INC;OK;INC000017791602;Priority 3;NA
OPS;EMS;OPS;INC;OK;INC000017791829;Priority 3;NA
FUN;BWI;FUN;INC;OK;INC000017792187;Priority 4;NA
TEC;SYN;FUN;INC;OK;INC000017792601;Priority 3;NA
SEC;SYN;SEC;INC;OK;INC000017792873;Priority 4;NA
FUN;812;FUN;INC;OK;INC000017793561;Priority 4;NA
L1;812;MON;INC;OK;INC000017793603;Priority 4;NA
TEC;DCF;TEC;INC;OK;INC000017794646;Priority 2;NA
APS;ETH;APS;INC;OK;INC000017794726;Priority 3;NA
APS;ETH;APS;INC;OK;INC000017794727;Priority 3;NA
APS;ETH;APS;INC;OK;INC000017794733;Priority 3;NA
APS;ETH;APS;INC;OK;INC000017794735;Priority 3;NA
APS;ETH;APS;INC;OK;INC000017794786;Priority 3;NA
APS;EES;APS;INC;OK;INC000017795415;Priority 3;NA
OPS;EMS;OPS;INC;OK;INC000017807327;Priority 4;NA
FUN;812;FUN;INC;OK;INC000017807994;Priority 4;NA
FUN;812;FUN;INC;OK;INC000017808124;Priority 4;NA
FUN;812;FUN;INC;OK;INC000017808153;Priority 4;NA
FIN;812;FUN;INC;OK;INC000017809729;Priority 4;NA
DBA;812;DBA;INC;Defect;INC000017809790;Priority 4;NA
OPS;EMS;OPS;INC;OK;INC000017810011;Priority 4;NA
FUN;BWI;FUN;INC;OK;INC000017810435;Priority 4;NA
FIN;812;FUN;INC;OK;INC000017810455;Priority 4;NA
EES;EES;FUN;INC;Defect;INC000017810588;Priority 4;NA
FIN;BWI;FUN;INC;OK;INC000017810590;Priority 4;NA
FIN;812;FUN;INC;OK;INC000017811171;Priority 4;NA
SEC;SYN;SEC;INC;OK;INC000017811580;Priority 4;NA
FUN;EES;FUN;INC;OK;INC000017811816;Priority 4;NA
APS;ETH;APS;INC;OK;INC000017812524;Priority 3;NA
SEC;EMS;SEC;INC;OK;INC000017812768;Priority 3;NA
FIN;812;FUN;INC;OK;INC000017813058;Priority 4;NA
FUN;812;FUN;INC;OK;INC000017813078;Priority 3;NA
FIN;812;FUN;INC;OK;INC000017813106;Priority 4;NA
FIN;812;FUN;INC;OK;INC000017813123;Priority 4;NA
FUN;812;FUN;INC;OK;INC000017813165;Priority 4;NA
FUN;812;FUN;INC;OK;INC000017813181;Priority 4;NA
FUN;DXE;FUN;INC;OK;INC000017813228;Priority 3;NA
CNC;812;MON;INC;OK;INC000017813230;Priority 4;NA
FUN;812;FUN;INC;OK;INC000017813304;Priority 4;NA
FIN;812;FUN;INC;OK;INC000017813305;Priority 4;NA
OPS; WS;OPS;INC;OK;INC000017813313;Priority 4;NA
APS;ETH;APS;INC;OK;INC000017813320;Priority 3;NA
FUN;812;FUN;INC;OK;INC000017813391;Priority 4;NA
OPS;EMS;OPS;INC;OK;INC000017813417;Priority 4;NA
OPS;EMS;OPS;INC;OK;INC000017813426;Priority 4;NA
FUN;812;FUN;INC;OK;INC000017813445;Priority 3;NA
FUN;WS ;FUN;INC;OK;INC000017813471;Priority 3;NA
FIN;812;FUN;INC;OK;INC000017813472;Priority 4;NA
FUN;DXE;FUN;INC;OK;INC000017813521;Priority 3;NA
TEC;ETH;TEC;INC;OK;INC000017813671;Priority 3;NA
FUN;BWI;FUN;INC;OK;INC000017813692;Priority 4;NA
FIN;812;FUN;INC;OK;INC000017813849;Priority 3;NA
FUN;812;FUN;INC;OK;INC000017813884;Priority 4;NA
FIN;812;FUN;INC;OK;INC000017813973;Priority 4;NA
FIN;812;FUN;INC;OK;INC000017814210;Priority 4;NA
FIN;812;FUN;INC;OK;INC000017814356;Priority 4;NA
FIN;812;FUN;INC;OK;INC000017814360;Priority 4;NA
FIN;812;FUN;INC;OK;INC000017814377;Priority 4;NA
FIN;812;FUN;INC;OK;INC000017814465;Priority 3;NA
ETH;ETH;FUN;INC;OK;INC000017814492;Priority 3;NA
SEC;SYN;SEC;INC;OK;INC000017814541;Priority 3;NA
FUN;812;FUN;INC;OK;INC000017814583;Priority 3;NA
APS;ETH;APS;INC;OK;INC000017814617;Priority 3;NA
TEC;SYN;FUN;INC;OK;INC000017814794;Priority 3;NA
FIN;BWI;FUN;INC;Defect;INC000017814808;Priority 4;NA
APS;ETH;APS;INC;OK;INC000017815033;Priority 3;NA
APS;ETH;APS;INC;OK;INC000017815034;Priority 3;NA
APS;ETH;APS;INC;OK;INC000017815035;Priority 3;NA
APS;ETH;APS;INC;OK;INC000017815041;Priority 3;NA
APS;ETH;APS;INC;OK;INC000017815042;Priority 3;NA
APS;ETH;APS;INC;OK;INC000017815043;Priority 3;NA
APS;ETH;APS;INC;OK;INC000017815044;Priority 3;NA
APS;ETH;APS;INC;OK;INC000017815072;Priority 3;NA
APS;ETH;APS;INC;OK;INC000017815073;Priority 3;NA
FUN;MNT;FUN;INC;OK;INC000017815182;Priority 3;NA
FUN;MNT;FUN;INC;OK;INC000017815202;Priority 3;NA
FIN;812;FUN;INC;OK;INC000017815297;Priority 4;NA
FUN;812;FUN;INC;OK;INC000017815302;Priority 3;NA
APS;ETH;APS;INC;OK;INC000017815655;Priority 3;NA
APS;EES;APS;INC;OK;INC000017815700;Priority 3;NA
APS;ETH;APS;INC;OK;INC000017815725;Priority 3;NA
APS;ETH;APS;INC;OK;INC000017815788;Priority 4;NA
APS;ETH;APS;INC;OK;INC000017815916;Priority 3;NA
APS;ETH;APS;INC;OK;INC000017816031;Priority 3;NA
FIN;812;FUN;INC;OK;INC000017816687;Priority 4;NA
FUN;812;FUN;INC;OK;INC000017816712;Priority 3;NA
FIN;812;FUN;INC;OK;INC000017816859;Priority 4;NA
SEC;EMS;SEC;INC;OK;INC000017816897;Priority 4;NA
FUN;EMS;FUN;INC;OK;INC000017817016;Priority 4;NA
FUN;812;FUN;INC;OK;INC000017817032;Priority 3;NA
FIN;812;FUN;INC;OK;INC000017817108;Priority 4;NA
DCF;DCF;FUN;INC;OK;INC000017817215;Priority 3;NA
FIN;812;FUN;INC;OK;INC000017817226;Priority 3;NA
FUN;BWI;FUN;INC;OK;INC000017817237;Priority 4;NA
SEC;SYN;SEC;INC;OK;INC000017817239;Priority 3;NA
FIN;812;FUN;INC;OK;INC000017817240;Priority 4;NA
TEC;DCF;FUN;INC;OK;INC000017817250;Priority 3;NA
FUN;812;FUN;INC;OK;INC000017817342;Priority 4;NA
FUN;MNT;FUN;INC;OK;INC000017817439;Priority 4;NA
FUN;EMS;FUN;INC;OK;INC000017817553;Priority 4;NA
FIN;812;FUN;INC;OK;INC000017817592;Priority 4;NA
FIN;812;FUN;INC;OK;INC000017817629;Priority 4;NA
TEC;SYN;FUN;INC;OK;INC000017817790;Priority 3;NA
FIN;812;FUN;INC;OK;INC000017817828;Priority 4;NA
TEC;SYN;FUN;INC;OK;INC000017817837;Priority 3;NA
FIN;812;FUN;INC;OK;INC000017817896;Priority 4;NA
FIN;812;FUN;INC;OK;INC000017817937;Priority 4;NA
FUN;812;FUN;INC;OK;INC000017818051;Priority 4;NA
FIN;812;FUN;INC;OK;INC000017818075;Priority 3;NA
OPS;EMS;OPS;INC;OK;INC000017818110;Priority 4;NA
FUN;ETH;FUN;INC;OK;INC000017818350;Priority 3;NA
APS;ETH;APS;INC;OK;INC000017818420;Priority 3;NA
APS;ETH;APS;INC;OK;INC000017818423;Priority 3;NA
APS;ETH;APS;INC;OK;INC000017818424;Priority 3;NA
APS;ETH;APS;INC;OK;INC000017818426;Priority 3;NA
APS;ETH;APS;INC;OK;INC000017818427;Priority 3;NA
APS;ETH;APS;INC;OK;INC000017818428;Priority 3;NA
APS;ETH;APS;INC;OK;INC000017818430;Priority 3;NA
APS;ETH;APS;INC;OK;INC000017818449;Priority 3;NA
APS;ETH;APS;INC;OK;INC000017818450;Priority 3;NA
FIN;MNT;FUN;INC;OK;INC000017818533;Priority 4;NA
CNC;MNT;MON;INC;OK;INC000017818543;Priority 4;NA
SEC;SYN;SEC;INC;OK;INC000017818657;Priority 4;NA
FUN;812;FUN;INC;OK;INC000017818782;Priority 4;NA
FUN;812;FUN;INC;OK;INC000017818872;Priority 3;NA
APS;ETH;APS;INC;OK;INC000017819045;Priority 3;NA
APS;ETH;APS;INC;OK;INC000017819099;Priority 3;NA
APS;ETH;APS;INC;OK;INC000017819251;Priority 3;NA
APS;ETH;APS;INC;OK;INC000017819378;Priority 3;NA
OPS;EMS;OPS;INC;Defect;INC000017819379;Priority 3;NA
OPS;EMS;OPS;INC;Defect;INC000017819386;Priority 3;NA
FUN;812;FUN;INC;OK;INC000017819646;Priority 4;NA
FIN;812;FUN;INC;OK;INC000017819726;Priority 4;NA
FIN;MNT;FUN;INC;Defect;INC000017819758;Priority 4;NA
FIN;812;FUN;INC;OK;INC000017819905;Priority 4;NA
FIN;812;FUN;INC;OK;INC000017820058;Priority 4;NA
FIN;812;FUN;INC;OK;INC000017820101;Priority 4;NA
FUN;DXE;FUN;INC;OK;INC000017820117;Priority 3;NA
FUN;812;FUN;INC;OK;INC000017820129;Priority 3;NA
FIN;812;FUN;INC;OK;INC000017820176;Priority 4;NA
FIN;812;FUN;INC;OK;INC000017820187;Priority 4;NA
FIN;812;FUN;INC;OK;INC000017820256;Priority 4;NA
FIN;812;FUN;INC;OK;INC000017820340;Priority 4;NA
OPS; WS;OPS;INC;OK;INC000017820503;Priority 3;NA
FIN;812;FUN;INC;OK;INC000017820512;Priority 4;NA
FUN;BWI;FUN;INC;OK;INC000017820560;Priority 4;NA
SEC;SYN;SEC;INC;OK;INC000017820587;Priority 4;NA
SEC;ETH;SEC;INC;OK;INC000017820596;Priority 4;NA
FIN;812;FUN;INC;OK;INC000017820645;Priority 3;NA
FUN;ETH;FUN;INC;OK;INC000017820648;Priority 3;NA
FIN;812;FUN;INC;OK;INC000017820649;Priority 3;NA
FUN;812;FUN;INC;OK;INC000017820668;Priority 4;NA
FUN;EES;FUN;INC;OK;INC000017820698;Priority 4;NA
DCF;DCF;FUN;INC;OK;INC000017820792;Priority 3;NA
TEC;SYN;FUN;INC;OK;INC000017820800;Priority 3;NA
FIN;812;FUN;INC;OK;INC000017820838;Priority 4;NA
SEC;SYN;SEC;INC;OK;INC000017820839;Priority 3;NA
SEC;SYN;SEC;INC;OK;INC000017820885;Priority 3;NA
FUN;812;FUN;INC;OK;INC000017821012;Priority 4;NA
FUN;812;FUN;INC;OK;INC000017821033;Priority 4;NA
FUN;812;FUN;INC;OK;INC000017821056;Priority 4;NA
FUN;812;FUN;INC;OK;INC000017821063;Priority 3;NA
FIN;812;FUN;INC;OK;INC000017821146;Priority 4;NA
FIN;812;FUN;INC;OK;INC000017821184;Priority 4;NA
FIN;812;FUN;INC;OK;INC000017821282;Priority 3;NA
FIN;812;FUN;INC;OK;INC000017821322;Priority 3;NA
SEC;SYN;SEC;INC;OK;INC000017821401;Priority 3;NA
FIN;812;FUN;INC;OK;INC000017821407;Priority 4;NA
FIN;812;FUN;INC;OK;INC000017821412;Priority 3;NA
FIN;812;FUN;INC;OK;INC000017821441;Priority 3;NA
APS;ETH;APS;INC;OK;INC000017821448;Priority 3;NA
APS;ETH;APS;INC;OK;INC000017821449;Priority 3;NA
APS;ETH;APS;INC;OK;INC000017821450;Priority 3;NA
APS;ETH;APS;INC;OK;INC000017821452;Priority 3;NA
APS;ETH;APS;INC;OK;INC000017821453;Priority 3;NA
APS;ETH;APS;INC;OK;INC000017821455;Priority 3;NA
FIN;812;FUN;INC;OK;INC000017821456;Priority 3;NA
FUN;812;FUN;INC;OK;INC000017821504;Priority 3;NA
FIN;812;FUN;INC;OK;INC000017821512;Priority 4;NA
FIN;812;FUN;INC;OK;INC000017821514;Priority 4;NA
APS;ETH;APS;INC;Defect;INC000017821523;Priority 4;NA
FUN;MNT;FUN;INC;OK;INC000017821535;Priority 3;NA
FIN;812;FUN;INC;OK;INC000017821584;Priority 4;NA
TEC;SYN;FUN;INC;Defect;INC000017821616;Priority 3;NA
FIN;812;FUN;INC;OK;INC000017821663;Priority 4;NA
FIN;812;FUN;INC;OK;INC000017821811;Priority 4;NA
APS;ETH;APS;INC;OK;INC000017822062;Priority 3;NA
SCH;LAT;SCH;INC;OK;INC000017822173;Priority 4;NA
APS;ETH;APS;INC;OK;INC000017822664;Priority 3;NA
APS;ETH;APS;INC;OK;INC000017822665;Priority 3;NA
APS;EES;APS;INC;OK;INC000017822842;Priority 3;NA
APS;ETH;APS;INC;OK;INC000017823026;Priority 3;NA
APS;ETH;APS;INC;OK;INC000017823230;Priority 3;NA
APS;ETH;APS;INC;OK;INC000017823321;Priority 3;NA
APS;ETH;APS;INC;OK;INC000017823815;Priority 3;NA
APS;ETH;APS;INC;OK;INC000017823853;Priority 3;NA
APS;ETH;APS;INC;OK;INC000017823912;Priority 3;NA
APS;ETH;APS;INC;OK;INC000017824086;Priority 3;NA
SEC;ETH;SEC;INC;Defect;INC000017824110;Priority 4;NA
SCH;LAT;SCH;INC;OK;INC000017824424;Priority 3;NA
SCH;LAT;SCH;INC;OK;INC000017824425;Priority 3;NA
SCH;LAT;SCH;INC;OK;INC000017824426;Priority 3;NA
SCH;LAT;SCH;INC;OK;INC000017824427;Priority 3;NA
SCH;LAT;SCH;INC;OK;INC000017824428;Priority 3;NA
SCH;LAT;SCH;INC;OK;INC000017824429;Priority 3;NA
SCH;LAT;SCH;INC;OK;INC000017824430;Priority 3;NA
SCH;LAT;SCH;INC;OK;INC000017824431;Priority 3;NA
SCH;LAT;SCH;INC;OK;INC000017824432;Priority 3;NA
SCH;LAT;SCH;INC;OK;INC000017824433;Priority 3;NA
SCH;LAT;SCH;INC;OK;INC000017824434;Priority 3;NA
SCH;LAT;SCH;INC;OK;INC000017824435;Priority 3;NA
APS;ETH;APS;INC;OK;INC000017824457;Priority 3;NA
APS;DCF;APS;INC;OK;INC000017824503;Priority 3;NA
OPS;EMS;OPS;INC;OK;INC000017824533;Priority 4;NA
FIN;DXE;FUN;INC;OK;INC000017824970;Priority 3;NA
OPS;EMS;OPS;INC;OK;INC000017825279;Priority 4;NA
APS;ETH;APS;INC;OK;INC000017825304;Priority 3;NA
FUN;BWI;FUN;INC;OK;INC000017825439;Priority 3;NA
DCF;DCF;FUN;INC;OK;INC000017825472;Priority 4;NA
APS;ETH;APS;INC;OK;INC000017825480;Priority 3;NA
APS;ETH;APS;INC;OK;INC000017825481;Priority 3;NA
APS;ETH;APS;INC;OK;INC000017825484;Priority 3;NA
APS;ETH;APS;INC;OK;INC000017825485;Priority 3;NA
APS;ETH;APS;INC;OK;INC000017825486;Priority 3;NA
APS;ETH;APS;INC;OK;INC000017825487;Priority 3;NA
APS;ETH;APS;INC;OK;INC000017825497;Priority 3;NA
OPS;EMS;OPS;INC;OK;INC000017825788;Priority 4;NA
APS;ETH;APS;INC;OK;INC000017826049;Priority 3;NA
SCH;LAT;SCH;INC;OK;INC000017826392;Priority 3;NA
APS;ETH;APS;INC;OK;INC000017826449;Priority 3;NA
SEC;SYN;SEC;INC;OK;INC000017827311;Priority 4;NA
DCF;DCF;FUN;INC;OK;INC000017827481;Priority 3;NA
FIN;812;FUN;INC;Defect;INC000017827619;Priority 4;NA
SEC;812;SEC;INC;OK;INC000017827687;Priority 4;NA
FIN;812;FUN;INC;OK;INC000017827813;Priority 4;NA
APS;EES;APS;INC;OK;INC000017827921;Priority 3;NA
APS;ETH;APS;INC;OK;INC000017827952;Priority 3;NA
TEC;ETH;TEC;INC;OK;INC000017828222;Priority 3;NA
L1;812;MON;INC;OK;INC000017828233;Priority 4;NA
DCF;DCF;FUN;INC;OK;INC000017828431;Priority 3;NA
L1;812;MON;INC;OK;INC000017828635;Priority 4;NA
SEC;812;SEC;INC;OK;INC000017828686;Priority 4;NA
FIN;MNT;FUN;INC;OK;INC000017828790;Priority 4;NA
TEC;SYN;FUN;INC;OK;INC000017828898;Priority 3;NA
DCF;DCF;FUN;INC;OK;INC000017829033;Priority 4;NA
FUN;EES;FUN;INC;OK;INC000017829041;Priority 4;NA
L1;MNT;SEC;INC;OK;INC000017829390;Priority 4;NA
SEC;SYN;SEC;INC;OK;INC000017829602;Priority 4;NA
SEC;SYN;SEC;INC;OK;INC000017829815;Priority 4;NA
FIN;812;FUN;INC;OK;INC000017829833;Priority 4;NA
SEC;SYN;SEC;INC;OK;INC000017829968;Priority 4;NA
FUN;ETH;FUN;INC;OK;INC000017830255;Priority 3;NA
SEC;SYN;SEC;INC;OK;INC000017830435;Priority 4;NA
SEC;EMS;SEC;INC;OK;INC000017830491;Priority 4;NA
APS;ETH;APS;INC;OK;INC000017830519;Priority 3;NA
SEC;SYN;SEC;INC;Defect;INC000017831282;Priority 3;NA
APS;ETH;APS;INC;OK;INC000017831476;Priority 3;NA
APS;ETH;APS;INC;OK;INC000017831477;Priority 3;NA
APS;ETH;APS;INC;OK;INC000017831478;Priority 3;NA
L1;MNT;MON;INC;OK;INC000017831539;Priority 4;NA
APS;ETH;APS;INC;OK;INC000017831547;Priority 3;NA
SEC;DPY;SEC;INC;OK;INC000017831750;Priority 4;NA
FUN;ETH;FUN;INC;OK;INC000017831802;Priority 4;NA
FUN;BWI;FUN;INC;OK;INC000017831851;Priority 3;NA
APS;EES;APS;INC;OK;INC000017832421;Priority 3;NA
APS;ETH;APS;INC;OK;INC000017832492;Priority 3;NA
APS;ETH;APS;INC;OK;INC000017833088;Priority 3;NA
APS;ETH;APS;INC;OK;INC000017833160;Priority 3;NA
APS;ETH;APS;INC;OK;INC000017833353;Priority 3;NA
FUN;812;FUN;INC;Defect;INC000017833754;Priority 4;NA
FUN;812;FUN;INC;OK;INC000017834616;Priority 3;NA
L1;812;MON;INC;OK;INC000017834722;Priority 4;NA
FIN;812;FUN;INC;OK;INC000017834764;Priority 4;NA
FUN;812;FUN;INC;OK;INC000017834794;Priority 4;NA
SEC;EMS;SEC;INC;OK;INC000017834865;Priority 3;NA
EES;EES;FUN;INC;OK;INC000017835473;Priority 4;NA
EES;EES;FUN;INC;OK;INC000017835508;Priority 4;NA
APS;ETH;APS;INC;OK;INC000017835563;Priority 3;NA
812;812;INS;INC;Defect;INC000017835839;Priority 4;NA
FUN;BWI;FUN;INC;OK;INC000017835913;Priority 4;NA
TEC;ETH;TEC;INC;OK;INC000017836008;Priority 3;NA
SEC;SYN;SEC;INC;OK;INC000017836056;Priority 4;NA
FUN;812;FUN;INC;OK;INC000017836300;Priority 4;NA
SEC;SYN;SEC;INC;OK;INC000017836489;Priority 4;NA
SEC;SYN;SEC;INC;OK;INC000017836692;Priority 4;NA
FIN;MNT;FUN;INC;OK;INC000017836841;Priority 4;NA
SEC;SYN;SEC;INC;OK;INC000017837072;Priority 3;NA
SEC;SYN;SEC;INC;OK;INC000017837100;Priority 3;NA
FIN;812;FUN;INC;OK;INC000017837150;Priority 4;NA
TEC;SYN;FUN;INC;OK;INC000017837888;Priority 3;NA
APS;ETH;APS;INC;OK;INC000017838185;Priority 3;NA
APS;ETH;APS;INC;OK;INC000017838186;Priority 3;NA
APS;ETH;APS;INC;OK;INC000017838187;Priority 3;NA
APS;ETH;APS;INC;OK;INC000017838188;Priority 3;NA
APS;ETH;APS;INC;OK;INC000017838195;Priority 3;NA
SCH;BWI;SCH;INC;OK;INC000017838586;Priority 4;NA
FIN;MNT;FUN;INC;OK;INC000017838704;Priority 4;NA
TEC;SYN;FUN;INC;OK;INC000017838709;Priority 3;NA
SEC;SYN;SEC;INC;OK;INC000017838871;Priority 4;NA
FUN;ETH;FUN;INC;OK;INC000017838921;Priority 3;NA
FUN;812;FUN;INC;OK;INC000017839232;Priority 3;NA
APS;ETH;APS;INC;OK;INC000017839467;Priority 3;NA
APS;ETH;APS;INC;OK;INC000017839695;Priority 3;NA
APS;ETH;APS;INC;OK;INC000017839935;Priority 3;NA
FUN;812;FUN;INC;OK;INC000017840063;Priority 3;NA
FUN;812;FUN;INC;OK;INC000017840593;Priority 4;NA
FIN;812;FUN;INC;OK;INC000017840638;Priority 4;NA
FIN;812;FUN;INC;OK;INC000017840728;Priority 4;NA
DCF;DCF;FUN;INC;OK;INC000017840766;Priority 4;NA
FIN;812;FUN;INC;OK;INC000017840813;Priority 4;NA
FUN;MNT;FUN;INC;OK;INC000017840956;Priority 3;NA
FIN;812;FUN;INC;OK;INC000017840962;Priority 4;NA
FUN;812;FUN;INC;OK;INC000017841036;Priority 3;NA
FUN;812;FUN;INC;OK;INC000017841129;Priority 4;NA
FUN;812;FUN;INC;OK;INC000017841186;Priority 4;NA
FUN;812;FUN;INC;OK;INC000017841207;Priority 3;NA
OPS;EMS;OPS;INC;OK;INC000017841387;Priority 3;NA
DCF;DCF;FUN;INC;OK;INC000017841516;Priority 3;NA
FIN;812;FUN;INC;OK;INC000017841798;Priority 4;NA
FUN;BWI;FUN;INC;OK;INC000017841944;Priority 4;NA
TEC;DCF;FUN;INC;OK;INC000017842157;Priority 3;NA
FUN;MNT;FUN;INC;OK;INC000017842297;Priority 4;NA
TEC;SYN;FUN;INC;OK;INC000017842325;Priority 3;NA
SEC;EMS;SEC;INC;OK;INC000017842358;Priority 3;NA
FUN;EES;FUN;INC;OK;INC000017842365;Priority 4;NA
TEC;ETH;TEC;INC;OK;INC000017842555;Priority 3;NA
FIN;812;FUN;INC;OK;INC000017842628;Priority 4;NA
DCF;DCF;FUN;INC;OK;INC000017842662;Priority 4;NA
SEC;ETH;SEC;INC;OK;INC000017842687;Priority 3;NA
FUN;WS ;FUN;INC;OK;INC000017842772;Priority 3;NA
FUN;DXE;FUN;INC;OK;INC000017842890;Priority 4;NA
FIN;MNT;FUN;INC;OK;INC000017842988;Priority 4;NA
FIN;MNT;FUN;INC;OK;INC000017843106;Priority 4;NA
DCF;DCF;FUN;INC;OK;INC000017843142;Priority 4;NA
FIN;812;FUN;INC;OK;INC000017843361;Priority 4;NA
FUN;812;FUN;INC;OK;INC000017843459;Priority 4;NA
APS;ETH;APS;INC;OK;INC000017843699;Priority 3;NA
FIN;812;FUN;INC;Defect;INC000017843718;Priority 4;NA
TEC;SYN;FUN;INC;OK;INC000017843861;Priority 3;NA
FUN;BWI;FUN;INC;OK;INC000017844259;Priority 3;NA
L1;BWI;MON;INC;OK;INC000017844454;Priority 4;NA
APS;ETH;APS;INC;OK;INC000017844549;Priority 3;NA
APS;ETH;APS;INC;OK;INC000017844550;Priority 3;NA
APS;ETH;APS;INC;OK;INC000017844551;Priority 3;NA
APS;ETH;APS;INC;OK;INC000017844556;Priority 3;NA
APS;ETH;APS;INC;OK;INC000017844559;Priority 3;NA
APS;ETH;APS;INC;OK;INC000017844562;Priority 3;NA
APS;ETH;APS;INC;OK;INC000017844617;Priority 3;NA
FUN;BWI;FUN;INC;OK;INC000017844659;Priority 3;NA
FUN;BWI;FUN;INC;OK;INC000017844664;Priority 3;NA
ETH;ETH;FUN;INC;OK;INC000017844943;Priority 4;NA
DCF;DCF;FUN;INC;OK;INC000017845260;Priority 4;NA
APS;ETH;APS;INC;OK;INC000017845343;Priority 3;NA
FUN;ETH;FUN;INC;OK;INC000017845363;Priority 4;NA
APS;ETH;APS;INC;OK;INC000017845669;Priority 3;NA
APS;ETH;APS;INC;OK;INC000017845921;Priority 3;NA
APS;ETH;APS;INC;OK;INC000017846072;Priority 3;NA
FUN;MNT;FUN;INC;OK;INC000017846497;Priority 4;NA
FIN;812;FUN;INC;OK;INC000017846547;Priority 4;NA
SEC;EMS;SEC;INC;OK;INC000017846650;Priority 4;NA
FUN;812;FUN;INC;OK;INC000017846805;Priority 3;NA
FUN;812;FUN;INC;OK;INC000017846843;Priority 4;NA
L1;MNT;MON;INC;OK;INC000017846865;Priority 4;NA
SEC;812;SEC;INC;OK;INC000017846957;Priority 4;NA
FIN;812;FUN;INC;OK;INC000017847099;Priority 4;NA
FIN;812;FUN;INC;OK;INC000017847144;Priority 4;NA
FIN;812;FUN;INC;OK;INC000017847209;Priority 4;NA
FUN;812;FUN;INC;OK;INC000017847266;Priority 3;NA
FUN;812;FUN;INC;Defect;INC000017847298;Priority 4;NA
FUN;MNT;FUN;INC;OK;INC000017847334;Priority 4;NA
CNC;MNT;MON;INC;OK;INC000017847403;Priority 4;NA
FUN;EMS;FUN;INC;OK;INC000017847596;Priority 4;NA
FIN;812;FUN;INC;OK;INC000017847685;Priority 4;NA
TEC;DCF;FUN;INC;OK;INC000017847853;Priority 3;NA
SEC;SYN;SEC;INC;OK;INC000017848162;Priority 4;NA
FIN;MNT;FUN;INC;OK;INC000017848205;Priority 4;NA
L1;MNT;MON;INC;OK;INC000017848215;Priority 4;NA
SEC;SYN;SEC;INC;OK;INC000017848242;Priority 4;NA
FUN;812;FUN;INC;Defect;INC000017848279;Priority 4;NA
L1;MNT;MON;INC;OK;INC000017848391;Priority 4;NA
FUN;DXE;FUN;INC;OK;INC000017848406;Priority 4;NA
SEC;SYN;SEC;INC;OK;INC000017848496;Priority 3;NA
L1;812;MON;INC;OK;INC000017848517;Priority 4;NA
SEC;SYN;SEC;INC;OK;INC000017848585;Priority 4;NA
FIN;812;FUN;INC;OK;INC000017848667;Priority 4;NA
APS;ETH;APS;INC;OK;INC000017848833;Priority 3;NA
SEC;SYN;SEC;INC;OK;INC000017849189;Priority 3;NA
FIN;812;FUN;INC;OK;INC000017849208;Priority 4;NA
FUN;812;FUN;INC;OK;INC000017849212;Priority 4;NA
L1;BWI;MON;INC;OK;INC000017849261;Priority 4;NA
APS;ETH;APS;INC;OK;INC000017849311;Priority 3;NA
FIN;MNT;FUN;INC;OK;INC000017849499;Priority 4;NA
APS;ETH;APS;INC;OK;INC000017849979;Priority 3;NA
APS;ETH;APS;INC;OK;INC000017849981;Priority 3;NA
APS;ETH;APS;INC;OK;INC000017849983;Priority 3;NA
APS;ETH;APS;INC;OK;INC000017849984;Priority 3;NA
APS;ETH;APS;INC;OK;INC000017849985;Priority 3;NA
APS;ETH;APS;INC;OK;INC000017849986;Priority 3;NA
APS;ETH;APS;INC;OK;INC000017850040;Priority 3;NA
FIN;MNT;FUN;INC;OK;INC000017850083;Priority 3;NA
APS;ETH;APS;INC;OK;INC000017850874;Priority 3;NA
APS;ETH;APS;INC;OK;INC000017850939;Priority 3;NA
OPS;EMS;OPS;INC;OK;INC000017850977;Priority 3;NA
APS;ETH;APS;INC;OK;INC000017851037;Priority 3;NA
APS;ETH;APS;INC;OK;INC000017851671;Priority 3;NA
APS;ETH;APS;INC;OK;INC000017851672;Priority 3;NA
APS;ETH;APS;INC;OK;INC000017851804;Priority 3;NA
APS;ETH;APS;INC;OK;INC000017851805;Priority 3;NA
APS;EES;APS;INC;OK;INC000017852100;Priority 3;NA
APS;EES;APS;INC;OK;INC000017852194;Priority 3;NA
FUN;812;FUN;INC;OK;INC000017852278;Priority 3;NA
DCF;DCF;FUN;INC;OK;INC000017852567;Priority 3;NA
APS;ETH;APS;INC;OK;INC000017852579;Priority 3;NA
APS;ETH;APS;INC;OK;INC000017852668;Priority 3;NA
APS;ETH;APS;INC;OK;INC000017852931;Priority 3;NA
APS;ETH;APS;INC;OK;INC000017853225;Priority 3;NA
APS;ETH;APS;INC;OK;INC000017853273;Priority 3;NA
APS;ETH;APS;INC;OK;INC000017854133;Priority 3;NA
SCH;LAT;SCH;INC;OK;INC000017854501;Priority 4;NA
FUN;812;FUN;INC;OK;INC000017854644;Priority 3;NA
FUN;DXE;FUN;INC;OK;INC000017854900;Priority 3;NA
DCF;DCF;FUN;INC;OK;INC000017855022;Priority 4;NA
FIN;812;FUN;INC;OK;INC000017855182;Priority 4;NA
L1;812;MON;INC;OK;INC000017855239;Priority 3;NA
FIN;812;FUN;INC;OK;INC000017855254;Priority 4;NA
FIN;812;FUN;INC;OK;INC000017855300;Priority 4;NA
FUN;WS ;FUN;INC;OK;INC000017855310;Priority 4;NA
OPS;EMS;OPS;INC;OK;INC000017855315;Priority 4;NA
FUN;812;FUN;INC;OK;INC000017855324;Priority 4;NA
FUN;812;FUN;INC;OK;INC000017855359;Priority 4;NA
L1;812;MON;INC;OK;INC000017855466;Priority 4;NA
DCF;DCF;FUN;INC;OK;INC000017855631;Priority 4;NA
FIN;812;FUN;INC;OK;INC000017855656;Priority 4;NA
FUN;812;FUN;INC;OK;INC000017855670;Priority 3;NA
FIN;812;FUN;INC;OK;INC000017855694;Priority 4;NA
FIN;812;FUN;INC;OK;INC000017855713;Priority 4;NA
OPS;EMS;OPS;INC;OK;INC000017855989;Priority 3;NA
FUN;ETH;FUN;INC;OK;INC000017856036;Priority 4;NA
FIN;812;FUN;INC;OK;INC000017856048;Priority 3;NA
FUN;WS ;FUN;INC;OK;INC000017856079;Priority 4;NA
FIN;812;FUN;INC;OK;INC000017856240;Priority 3;NA
FIN;812;FUN;INC;OK;INC000017856304;Priority 4;NA
APS;ETH;APS;INC;OK;INC000017856324;Priority 3;NA
FUN;812;FUN;INC;OK;INC000017856363;Priority 4;NA
TEC;DCF;FUN;INC;OK;INC000017856420;Priority 3;NA
FUN;BWI;FUN;INC;OK;INC000017856464;Priority 4;NA
FUN;812;FUN;INC;OK;INC000017856490;Priority 4;NA
FIN;DXE;FUN;INC;OK;INC000017856508;Priority 4;NA
DCF;DCF;FUN;INC;OK;INC000017856528;Priority 4;NA
FIN;812;FUN;INC;OK;INC000017856535;Priority 4;NA
FIN;812;FUN;INC;OK;INC000017856698;Priority 3;NA
CNC;BWI;MON;INC;OK;INC000017856784;Priority 4;NA
FIN;812;FUN;INC;OK;INC000017856867;Priority 4;NA
FUN;812;FUN;INC;OK;INC000017856889;Priority 4;NA
FUN;812;FUN;INC;OK;INC000017857054;Priority 4;NA
SEC;SYN;SEC;INC;OK;INC000017857108;Priority 3;NA
CNC;BWI;MON;INC;OK;INC000017857128;Priority 4;NA
SEC;SYN;SEC;INC;OK;INC000017857319;Priority 3;NA
SEC;SYN;SEC;INC;OK;INC000017857584;Priority 3;NA
FIN;812;FUN;INC;OK;INC000017857594;Priority 4;NA
FUN;812;FUN;INC;OK;INC000017857727;Priority 3;NA
CNC;812;MON;INC;OK;INC000017857929;Priority 4;NA
SEC;SYN;SEC;INC;OK;INC000017857998;Priority 4;NA
FIN;812;FUN;INC;OK;INC000017858009;Priority 4;NA
SEC;SYN;SEC;INC;OK;INC000017858092;Priority 3;NA
FIN;812;FUN;INC;OK;INC000017858104;Priority 4;NA
FUN;812;FUN;INC;OK;INC000017858594;Priority 3;NA
APS;DCF;APS;INC;OK;INC000017858602;Priority 3;NA
APS;ETH;APS;INC;OK;INC000017858777;Priority 3;NA
TEC;SYN;FUN;INC;OK;INC000017858932;Priority 3;NA
TEC;SYN;FUN;INC;Defect;INC000017858962;Priority 3;NA
FUN;812;FUN;INC;OK;INC000017859126;Priority 4;NA
DCF;DCF;FUN;INC;OK;INC000017859564;Priority 4;NA
OPS;EMS;OPS;INC;OK;INC000017859670;Priority 4;NA
APS;ETH;APS;INC;OK;INC000017859762;Priority 3;NA
APS;ETH;APS;INC;OK;INC000017859763;Priority 3;NA
APS;ETH;APS;INC;OK;INC000017859764;Priority 3;NA
APS;ETH;APS;INC;OK;INC000017859765;Priority 3;NA
APS;ETH;APS;INC;OK;INC000017859771;Priority 3;NA
APS;ETH;APS;INC;OK;INC000017859772;Priority 3;NA
APS;ETH;APS;INC;OK;INC000017859849;Priority 3;NA
SEC;SYN;SEC;INC;OK;INC000017860042;Priority 3;NA
SEC;SYN;SEC;INC;OK;INC000017860055;Priority 3;NA
APS;ETH;APS;INC;OK;INC000017860186;Priority 3;NA
FIN;MNT;FUN;INC;OK;INC000017860256;Priority 4;NA
L1;MNT;MON;INC;OK;INC000017860257;Priority 4;NA
APS;ETH;APS;INC;OK;INC000017861224;Priority 3;NA
APS;ETH;APS;INC;OK;INC000017861500;Priority 3;NA
L1;812;MON;INC;OK;INC000017861989;Priority 4;NA
FIN;812;FUN;INC;OK;INC000017862493;Priority 4;NA
SCH;LAT;SCH;INC;OK;INC000017862552;Priority 3;NA
FIN;812;FUN;INC;OK;INC000017862590;Priority 3;NA
FIN;812;FUN;INC;OK;INC000017862759;Priority 4;NA
FUN;812;FUN;INC;OK;INC000017862870;Priority 3;NA
FIN;812;FUN;INC;Defect;INC000017863091;Priority 4;NA
FIN;812;FUN;INC;OK;INC000017863104;Priority 4;NA
FUN;EMS;FUN;INC;OK;INC000017863133;Priority 4;NA
FIN;812;FUN;INC;OK;INC000017863257;Priority 4;NA
FUN;812;FUN;INC;OK;INC000017863596;Priority 3;NA
FUN;812;FUN;INC;OK;INC000017863717;Priority 4;NA
APS;ETH;APS;INC;OK;INC000017863760;Priority 3;NA
FIN;812;FUN;INC;OK;INC000017863777;Priority 4;NA
FUN;BWI;FUN;INC;OK;INC000017863812;Priority 4;NA
TEC;DCF;FUN;INC;OK;INC000017863820;Priority 3;NA
FIN;812;FUN;INC;OK;INC000017863957;Priority 4;NA
FUN;812;FUN;INC;OK;INC000017864046;Priority 4;NA
FIN;812;FUN;INC;Defect;INC000017864052;Priority 4;NA
FUN;812;FUN;INC;OK;INC000017864105;Priority 4;NA
SEC;812;SEC;INC;OK;INC000017864297;Priority 3;NA
SEC;812;SEC;INC;OK;INC000017864489;Priority 4;NA
FUN;812;FUN;INC;OK;INC000017864570;Priority 3;NA
FIN;812;FUN;INC;OK;INC000017864852;Priority 4;NA
APS;ETH;APS;INC;OK;INC000017865085;Priority 3;NA
FUN;WS ;FUN;INC;OK;INC000017865210;Priority 4;NA
FUN;812;FUN;INC;OK;INC000017865237;Priority 4;NA
FUN;812;FUN;INC;OK;INC000017865402;Priority 4;NA
SEC;SYN;SEC;INC;OK;INC000017865462;Priority 4;NA
FUN;812;FUN;INC;OK;INC000017865623;Priority 4;NA
L1;MNT;MON;INC;OK;INC000017866030;Priority 4;NA
FUN;812;FUN;INC;OK;INC000017866143;Priority 4;NA
TEC;DCF;FUN;INC;OK;INC000017866723;Priority 4;NA
APS;ETH;APS;INC;OK;INC000017867076;Priority 3;NA
APS;ETH;APS;INC;OK;INC000017867078;Priority 3;NA
APS;ETH;APS;INC;OK;INC000017867079;Priority 3;NA
APS;ETH;APS;INC;OK;INC000017867085;Priority 3;NA
APS;ETH;APS;INC;OK;INC000017867087;Priority 3;NA
APS;ETH;APS;INC;OK;INC000017867088;Priority 3;NA
APS;ETH;APS;INC;OK;INC000017867161;Priority 3;NA
APS;ETH;APS;INC;OK;INC000017867167;Priority 3;NA
TEC;SYN;FUN;INC;OK;INC000017867178;Priority 3;NA
SEC;SYN;SEC;INC;OK;INC000017867347;Priority 4;NA
APS;EES;APS;INC;OK;INC000017867748;Priority 3;NA
ETH;ETH;FUN;INC;OK;INC000017867799;Priority 4;NA
FUN;ETH;FUN;INC;OK;INC000017867829;Priority 4;NA
APS;EES;APS;INC;OK;INC000017868060;Priority 3;NA
APS;ETH;APS;INC;OK;INC000017868437;Priority 3;NA
SEC;SYN;SEC;INC;OK;INC000017868802;Priority 3;NA
FUN;DXE;FUN;INC;OK;INC000017869789;Priority 4;NA
FUN;EMS;FUN;INC;OK;INC000017869864;Priority 4;NA
FUN;812;FUN;INC;OK;INC000017870352;Priority 4;NA
FUN;812;FUN;INC;OK;INC000017870402;Priority 4;NA
FIN;812;FUN;INC;OK;INC000017870541;Priority 4;NA
FIN;812;FUN;INC;OK;INC000017870551;Priority 4;NA
FIN;812;FUN;INC;OK;INC000017870629;Priority 4;NA
OPS;EMS;OPS;INC;OK;INC000017870730;Priority 3;NA
FUN;812;FUN;INC;OK;INC000017870827;Priority 4;NA
FIN;MNT;FUN;INC;OK;INC000017870902;Priority 3;NA
APS;ETH;APS;INC;OK;INC000017870941;Priority 3;NA
FUN;BWI;FUN;INC;OK;INC000017871033;Priority 4;NA
FUN;812;FUN;INC;OK;INC000017871035;Priority 4;NA
TEC;DCF;FUN;INC;OK;INC000017871058;Priority 4;NA
FUN;ETH;FUN;INC;OK;INC000017871217;Priority 4;NA
FUN;EES;FUN;INC;Defect;INC000017871706;Priority 4;NA
EES;EES;FUN;INC;Defect;INC000017871910;Priority 4;NA
DCF;DCF;FUN;INC;Defect;INC000017871948;Priority 4;NA
APS;ETH;APS;INC;OK;INC000017872183;Priority 3;NA
SEC;SYN;SEC;INC;OK;INC000017872275;Priority 4;NA
FUN;ETH;FUN;INC;OK;INC000017872632;Priority 4;NA
FIN;812;FUN;INC;OK;INC000017872744;Priority 4;NA
TEC;SYN;FUN;INC;OK;INC000017872766;Priority 3;NA
SEC;812;SEC;INC;OK;INC000017872805;Priority 4;NA
TEC;ETH;TEC;INC;OK;INC000017872917;Priority 3;NA
FUN;812;FUN;INC;OK;INC000017873098;Priority 3;NA
SEC;SYN;SEC;INC;OK;INC000017873099;Priority 4;NA
APS;ETH;APS;INC;OK;INC000017873211;Priority 3;NA
DCF;DCF;FUN;INC;OK;INC000017873225;Priority 3;NA
SEC;812;SEC;INC;OK;INC000017873470;Priority 4;NA
FIN;MNT;FUN;INC;OK;INC000017873524;Priority 4;NA
DCF;DCF;FUN;INC;OK;INC000017873526;Priority 3;NA
SEC;812;SEC;INC;OK;INC000017873535;Priority 3;NA
APS;ETH;APS;INC;OK;INC000017874159;Priority 3;NA
APS;ETH;APS;INC;OK;INC000017874161;Priority 3;NA
APS;ETH;APS;INC;OK;INC000017874162;Priority 3;NA
APS;ETH;APS;INC;OK;INC000017874163;Priority 3;NA
APS;ETH;APS;INC;OK;INC000017874239;Priority 3;NA
APS;ETH;APS;INC;OK;INC000017874244;Priority 3;NA
FUN;812;FUN;INC;OK;INC000017874542;Priority 4;NA
ETH;ETH;FUN;INC;OK;INC000017874577;Priority 3;NA
FIN;MNT;FUN;INC;OK;INC000017874606;Priority 4;NA
APS;ETH;APS;INC;OK;INC000017875429;Priority 3;NA
APS;ETH;APS;INC;OK;INC000017875705;Priority 3;NA
APS;EES;APS;INC;OK;INC000017875744;Priority 3;NA
SCH;LAT;SCH;INC;OK;INC000017875942;Priority 3;NA
OPS;EMS;OPS;INC;OK;INC000017876252;Priority 4;NA
DBA;812;DBA;INC;OK;INC000017876710;Priority 4;NA
SEC;WS ;SEC;INC;OK;INC000017877025;Priority 4;NA
FUN;DXE;FUN;INC;OK;INC000017877032;Priority 4;NA
FIN;812;FUN;INC;OK;INC000017877118;Priority 4;NA
SEC;WS ;SEC;INC;OK;INC000017877205;Priority 4;NA
FUN;WS ;FUN;INC;OK;INC000017877286;Priority 4;NA
APS;EES;APS;INC;OK;INC000017877469;Priority 3;NA
APS;EES;APS;INC;OK;INC000017877501;Priority 3;NA
APS;EES;APS;INC;OK;INC000017877502;Priority 3;NA
FIN;812;FUN;INC;OK;INC000017877547;Priority 4;NA
APS;ETH;APS;INC;OK;INC000017877831;Priority 3;NA
FUN;812;FUN;INC;OK;INC000017877835;Priority 3;NA
TEC;ETH;TEC;INC;OK;INC000017877978;Priority 4;NA
FUN;812;FUN;INC;Defect;INC000017878074;Priority 4;NA
FIN;812;FUN;INC;OK;INC000017878210;Priority 4;NA
FUN;812;FUN;INC;OK;INC000017878215;Priority 3;NA
FUN;812;FUN;INC;OK;INC000017878351;Priority 4;NA
SEC;SYN;SEC;INC;OK;INC000017878563;Priority 3;NA
FIN;812;FUN;INC;OK;INC000017878593;Priority 4;NA
FIN;812;FUN;INC;Defect;INC000017878619;Priority 4;NA
FUN;812;FUN;INC;Defect;INC000017878632;Priority 4;NA
FUN;DXE;FUN;INC;OK;INC000017878911;Priority 4;NA
FUN;MNT;FUN;INC;Defect;INC000017879055;Priority 4;NA
DCF;DCF;FUN;INC;OK;INC000017879068;Priority 4;NA
SEC;SYN;SEC;INC;OK;INC000017879334;Priority 3;NA
FIN;812;FUN;INC;OK;INC000017879352;Priority 4;NA
FIN;812;FUN;INC;OK;INC000017879403;Priority 4;NA
FUN;812;FUN;INC;OK;INC000017879468;Priority 3;NA
FUN;812;FUN;INC;OK;INC000017879732;Priority 4;NA
SEC;SYN;SEC;INC;OK;INC000017880069;Priority 4;NA
DCF;DCF;FUN;INC;OK;INC000017880684;Priority 4;NA
FUN;ETH;FUN;INC;OK;INC000017880691;Priority 4;NA
APS;ETH;APS;INC;OK;INC000017880788;Priority 3;NA
APS;ETH;APS;INC;OK;INC000017880789;Priority 3;NA
APS;ETH;APS;INC;OK;INC000017880795;Priority 3;NA
APS;ETH;APS;INC;OK;INC000017880796;Priority 3;NA
APS;ETH;APS;INC;OK;INC000017880797;Priority 3;NA
APS;ETH;APS;INC;OK;INC000017880798;Priority 3;NA
APS;ETH;APS;INC;OK;INC000017880867;Priority 3;NA
APS;ETH;APS;INC;OK;INC000017880872;Priority 3;NA
SEC;LAT;SEC;INC;Defect;INC000017881065;Priority 4;NA
SEC;EMS;SEC;INC;OK;INC000017881226;Priority 3;NA
APS;ETH;APS;INC;OK;INC000017882303;Priority 3;NA
CNC;BWI;MON;INC;OK;INC000017882320;Priority 4;NA
SEC;SYN;SEC;INC;OK;INC000017882600;Priority 4;NA
SEC;812;SEC;INC;OK;INC000017882616;Priority 4;NA
L1;BWI;MON;INC;OK;INC000017882702;Priority 4;NA
FUN;812;FUN;INC;OK;INC000017883041;Priority 4;NA
FUN;MNT;FUN;INC;OK;INC000017883138;Priority 4;NA
FIN;812;FUN;INC;OK;INC000017883141;Priority 4;NA
FIN;812;FUN;INC;OK;INC000017883240;Priority 4;NA
FUN;812;FUN;INC;OK;INC000017883285;Priority 4;NA
FIN;812;FUN;INC;OK;INC000017883427;Priority 4;NA
FUN;DXE;FUN;INC;OK;INC000017883655;Priority 4;NA
OPS;EMS;OPS;INC;OK;INC000017883714;Priority 4;NA
L1;BWI;MON;INC;OK;INC000017884143;Priority 4;NA
APS;ETH;APS;INC;OK;INC000017884174;Priority 3;NA
FUN;812;FUN;INC;Defect;INC000017884258;Priority 4;NA
FIN;812;FUN;INC;OK;INC000017884337;Priority 4;NA
FUN;812;FUN;INC;OK;INC000017884436;Priority 4;NA
TEC;ETH;TEC;INC;OK;INC000017884596;Priority 4;NA
DCF;DCF;FUN;INC;OK;INC000017884632;Priority 4;NA
FUN;EES;FUN;INC;Defect;INC000017884690;Priority 4;NA
SEC;MNT;SEC;INC;OK;INC000017884698;Priority 4;NA
FIN;812;FUN;INC;OK;INC000017884836;Priority 4;NA
SEC;SYN;SEC;INC;OK;INC000017884888;Priority 4;NA
FUN;812;FUN;INC;OK;INC000017884916;Priority 3;NA
FUN;812;FUN;INC;OK;INC000017884927;Priority 3;NA
TEC;SYN;FUN;INC;OK;INC000017885051;Priority 3;NA
TEC;SYN;FUN;INC;OK;INC000017885053;Priority 4;NA
FIN;812;INS;INC;OK;INC000017885106;Priority 4;NA
SEC;SYN;SEC;INC;OK;INC000017885162;Priority 4;NA
FUN;812;FUN;INC;OK;INC000017885396;Priority 4;NA
FIN;812;FUN;INC;OK;INC000017885713;Priority 4;NA
L1;MNT;MON;INC;OK;INC000017885813;Priority 3;NA
FUN;EES;FUN;INC;OK;INC000017886212;Priority 4;NA
FUN;812;FUN;INC;OK;INC000017886272;Priority 4;NA
TEC;SYN;FUN;INC;OK;INC000017886432;Priority 3;NA
FIN;812;FUN;INC;OK;INC000017886462;Priority 3;NA
SEC;SYN;SEC;INC;OK;INC000017886553;Priority 4;NA
FUN;812;FUN;INC;OK;INC000017886586;Priority 4;NA
APS;ETH;APS;INC;OK;INC000017886678;Priority 3;NA
APS;ETH;APS;INC;OK;INC000017886679;Priority 3;NA
APS;ETH;APS;INC;OK;INC000017886680;Priority 3;NA
APS;ETH;APS;INC;OK;INC000017886681;Priority 3;NA
APS;ETH;APS;INC;OK;INC000017886684;Priority 3;NA
APS;ETH;APS;INC;OK;INC000017886693;Priority 3;NA
APS;ETH;APS;INC;OK;INC000017886694;Priority 3;NA
APS;DCF;APS;INC;Defect;INC000017886700;Priority 4;NA
SEC;SYN;SEC;INC;OK;INC000017886730;Priority 4;NA
APS;ETH;APS;INC;OK;INC000017886764;Priority 3;NA
APS;ETH;APS;INC;OK;INC000017886765;Priority 3;NA
FIN;MNT;FUN;INC;OK;INC000017886957;Priority 4;NA
FUN;MNT;FUN;INC;OK;INC000017886983;Priority 3;NA
FUN;BWI;FUN;INC;OK;INC000017887277;Priority 3;NA
FUN;ETH;FUN;INC;OK;INC000017887290;Priority 4;NA
CNC;BWI;MON;INC;OK;INC000017887571;Priority 4;NA
OPS;EMS;OPS;INC;OK;INC000017887650;Priority 3;NA
OPS;EMS;OPS;INC;OK;INC000017887652;Priority 3;NA
OPS;EMS;OPS;INC;OK;INC000017887702;Priority 3;NA
OPS;EMS;OPS;INC;OK;INC000017887711;Priority 3;NA
L1;BWI;MON;INC;OK;INC000017888184;Priority 4;NA
APS;ETH;APS;INC;OK;INC000017888212;Priority 3;NA
APS;ETH;APS;INC;OK;INC000017888505;Priority 3;NA
SEC;SYN;SEC;INC;OK;INC000017888645;Priority 4;NA
FUN;MNT;FUN;INC;OK;INC000017888707;Priority 3;NA
APS;ETH;APS;INC;OK;INC000017888735;Priority 3;NA
APS;ETH;APS;INC;OK;INC000017888736;Priority 3;NA
APS;EES;APS;INC;OK;INC000017888897;Priority 3;NA
APS;ETH;APS;INC;OK;INC000017889141;Priority 3;NA
APS;ETH;APS;INC;OK;INC000017889602;Priority 3;NA
OPS;EMS;OPS;INC;OK;INC000017889643;Priority 4;NA
APS;ETH;APS;INC;OK;INC000017889847;Priority 3;NA
APS;ETH;APS;INC;OK;INC000017889923;Priority 3;NA
FUN;MNT;FUN;INC;OK;INC000017890186;Priority 3;NA
FUN;MNT;FUN;INC;OK;INC000017890272;Priority 3;NA
APS;ETH;APS;INC;OK;INC000017890328;Priority 3;NA
APS;ETH;APS;INC;OK;INC000017890382;Priority 3;NA
APS;ETH;APS;INC;OK;INC000017890687;Priority 3;NA
OPS;EMS;OPS;INC;OK;INC000017891362;Priority 4;NA
FUN;WS ;FUN;INC;OK;INC000017891704;Priority 3;NA
CNC;MNT;MON;INC;OK;INC000017891706;Priority 4;NA
OPS;EMS;OPS;INC;OK;INC000017891785;Priority 3;NA
FUN;812;FUN;INC;OK;INC000017891986;Priority 3;NA
OPS;EMS;OPS;INC;OK;INC000017892233;Priority 4;NA
FIN;812;FUN;INC;OK;INC000017892251;Priority 4;NA
APS;EES;APS;INC;OK;INC000017892459;Priority 3;NA
FIN;812;FUN;INC;OK;INC000017892530;Priority 4;NA
FUN;812;FUN;INC;OK;INC000017892547;Priority 3;NA
FIN;812;FUN;INC;OK;INC000017892630;Priority 4;NA
FUN;812;FUN;INC;OK;INC000017892671;Priority 4;NA
FUN;812;FUN;INC;OK;INC000017892844;Priority 4;NA
FUN;812;FUN;INC;OK;INC000017892847;Priority 4;NA
FUN;812;FUN;INC;Defect;INC000017893274;Priority 4;NA
APS;ETH;APS;INC;OK;INC000017893366;Priority 3;NA
FUN;812;FUN;INC;OK;INC000017893427;Priority 4;NA
FUN;BWI;FUN;INC;OK;INC000017893669;Priority 4;NA
SEC;812;SEC;INC;OK;INC000017893756;Priority 4;NA
FUN;812;FUN;INC;OK;INC000017894082;Priority 4;NA
CNC;812;MON;INC;OK;INC000017894137;Priority 4;NA
SEC;SYN;SEC;INC;OK;INC000017894429;Priority 3;NA
FIN;812;FUN;INC;OK;INC000017894526;Priority 4;NA
FUN;812;FUN;INC;OK;INC000017894539;Priority 4;NA
SEC;EMS;SEC;INC;OK;INC000017894568;Priority 4;NA
SEC;SYN;SEC;INC;Defect;INC000017894586;Priority 3;NA
FUN;812;FUN;INC;OK;INC000017894607;Priority 4;NA
FIN;812;FUN;INC;OK;INC000017894630;Priority 4;NA
SEC;SYN;SEC;INC;OK;INC000017894727;Priority 4;NA
SEC;SYN;SEC;INC;OK;INC000017894815;Priority 4;NA
FIN;812;FUN;INC;OK;INC000017894960;Priority 4;NA
DCF;DCF;FUN;INC;OK;INC000017895098;Priority 4;NA
SEC;SYN;SEC;INC;OK;INC000017895618;Priority 3;NA
FUN;DXE;FUN;INC;OK;INC000017895881;Priority 4;NA
SEC;SYN;SEC;INC;OK;INC000017895888;Priority 4;NA
SEC;SYN;SEC;INC;OK;INC000017896152;Priority 4;NA
TEC;BWI;TEC;INC;OK;INC000017896432;Priority 4;NA
APS;ETH;APS;INC;OK;INC000017896662;Priority 3;NA
APS;ETH;APS;INC;OK;INC000017896664;Priority 3;NA
APS;ETH;APS;INC;OK;INC000017896665;Priority 3;NA
APS;ETH;APS;INC;OK;INC000017896666;Priority 3;NA
APS;ETH;APS;INC;OK;INC000017896670;Priority 3;NA
APS;ETH;APS;INC;OK;INC000017896725;Priority 3;NA
APS;ETH;APS;INC;OK;INC000017896726;Priority 3;NA
SEC;SYN;SEC;INC;OK;INC000017896812;Priority 3;NA
FUN;BWI;FUN;INC;OK;INC000017896919;Priority 4;NA
FUN;812;FUN;INC;OK;INC000017896984;Priority 4;NA
SEC;EMS;SEC;INC;OK;INC000017897087;Priority 3;NA
APS;ETH;APS;INC;OK;INC000017898042;Priority 3;NA
SEC;812;SEC;INC;OK;INC000017898959;Priority 3;NA
SEC;812;SEC;INC;OK;INC000017898961;Priority 4;NA
FUN;812;FUN;INC;OK;INC000017898970;Priority 4;NA
FUN;DXE;FUN;INC;OK;INC000017898984;Priority 4;NA
FIN;DXE;FUN;INC;OK;INC000017899130;Priority 4;NA
FIN;812;FUN;INC;OK;INC000017899561;Priority 4;NA
CNC;MNT;MON;INC;OK;INC000017899758;Priority 4;NA
FIN;DXE;FUN;INC;OK;INC000017899991;Priority 4;NA
FIN;812;FUN;INC;OK;INC000017900190;Priority 4;NA
APS;ETH;APS;INC;OK;INC000017900339;Priority 3;NA
FUN;BWI;FUN;INC;OK;INC000017900542;Priority 3;NA
SEC;SYN;SEC;INC;OK;INC000017900545;Priority 4;NA
EES;EES;FUN;INC;OK;INC000017900880;Priority 4;NA
APS;DCF;APS;INC;OK;INC000017900978;Priority 4;NA
DCF;DCF;FUN;INC;OK;INC000017901123;Priority 4;NA
FUN;MNT;FUN;INC;OK;INC000017901279;Priority 3;NA
FUN;812;FUN;INC;OK;INC000017901357;Priority 4;NA
FIN;812;FUN;INC;OK;INC000017901383;Priority 4;NA
SEC;SYN;SEC;INC;OK;INC000017901399;Priority 4;NA
FIN;812;FUN;INC;OK;INC000017901594;Priority 4;NA
FUN;812;FUN;INC;OK;INC000017901689;Priority 4;NA
FUN;812;FUN;INC;OK;INC000017901799;Priority 4;NA
FUN;EES;FUN;INC;OK;INC000017901817;Priority 4;NA
FIN;812;FUN;INC;OK;INC000017901906;Priority 4;NA
FIN;812;FUN;INC;OK;INC000017902054;Priority 4;NA
OPS;EMS;OPS;INC;OK;INC000017902108;Priority 4;NA
FUN;EMS;FUN;INC;OK;INC000017902168;Priority 4;NA
FUN;MNT;FUN;INC;OK;INC000017902205;Priority 4;NA
FUN;BWI;FUN;INC;OK;INC000017902245;Priority 4;NA
FUN;812;FUN;INC;OK;INC000017902252;Priority 4;NA
FUN;812;FUN;INC;Defect;INC000017902327;Priority 4;NA
FIN;DXE;FUN;INC;OK;INC000017902349;Priority 4;NA
CNC;BWI;MON;INC;OK;INC000017902766;Priority 4;NA
CNC;BWI;MON;INC;OK;INC000017902772;Priority 3;NA
TEC;SYN;FUN;INC;OK;INC000017902790;Priority 4;NA
APS;ETH;APS;INC;OK;INC000017903250;Priority 3;NA
APS;ETH;APS;INC;OK;INC000017903253;Priority 3;NA
APS;ETH;APS;INC;OK;INC000017903257;Priority 3;NA
APS;ETH;APS;INC;OK;INC000017903258;Priority 3;NA
APS;ETH;APS;INC;OK;INC000017903263;Priority 3;NA
APS;ETH;APS;INC;OK;INC000017903316;Priority 3;NA
APS;ETH;APS;INC;OK;INC000017903317;Priority 3;NA
APS;ETH;APS;INC;OK;INC000017903318;Priority 3;NA
FUN;ETH;FUN;INC;OK;INC000017903435;Priority 4;NA
TEC;SYN;FUN;INC;OK;INC000017903543;Priority 3;NA
TEC;SYN;FUN;INC;OK;INC000017903809;Priority 3;NA
APS;EES;APS;INC;OK;INC000017904107;Priority 3;NA
APS;ETH;APS;INC;OK;INC000017904236;Priority 3;NA
APS;ETH;APS;INC;OK;INC000017904516;Priority 3;NA
APS;ETH;APS;INC;OK;INC000017904843;Priority 3;NA
SEC;SYN;SEC;INC;OK;INC000017905079;Priority 4;NA
SEC;EMS;SEC;INC;Defect;INC000017905128;Priority 4;NA
FIN;812;FUN;INC;OK;INC000017905696;Priority 4;NA
L1;812;MON;INC;OK;INC000017905813;Priority 4;NA
OPS;EMS;OPS;INC;OK;INC000017906402;Priority 4;NA
FUN;812;FUN;INC;OK;INC000017906582;Priority 3;NA
FUN;DXE;FUN;INC;OK;INC000017906669;Priority 4;NA
FIN;812;FUN;INC;OK;INC000017906755;Priority 4;NA
FIN;812;FUN;INC;OK;INC000017906768;Priority 3;NA
DCF;DCF;FUN;INC;OK;INC000017906855;Priority 4;NA
FIN;812;FUN;INC;OK;INC000017906938;Priority 4;NA
SEC;SYN;SEC;INC;OK;INC000017906954;Priority 4;NA
DCF;DCF;FUN;INC;OK;INC000017907037;Priority 4;NA
DCF;DCF;FUN;INC;OK;INC000017907043;Priority 4;NA
SEC;SYN;SEC;INC;OK;INC000017907090;Priority 4;NA
FIN;812;FUN;INC;OK;INC000017907166;Priority 4;NA
TEC;ETH;TEC;INC;OK;INC000017907217;Priority 3;NA
FIN;812;FUN;INC;OK;INC000017907403;Priority 4;NA
FIN;MNT;FUN;INC;OK;INC000017907410;Priority 4;NA
FUN;BWI;FUN;INC;OK;INC000017907714;Priority 4;NA
DCF;DCF;FUN;INC;OK;INC000017907768;Priority 4;NA
FUN;ETH;FUN;INC;OK;INC000017907885;Priority 4;NA
FUN;ETH;FUN;INC;OK;INC000017908178;Priority 4;NA
FUN;812;FUN;INC;OK;INC000017908223;Priority 4;NA
FUN;DXE;FUN;INC;OK;INC000017908297;Priority 4;NA
FIN;812;FUN;INC;OK;INC000017908342;Priority 4;NA
TEC;SYN;FUN;INC;OK;INC000017908579;Priority 3;NA
TEC;SYN;FUN;INC;OK;INC000017908586;Priority 3;NA
FUN;BWI;FUN;INC;OK;INC000017908667;Priority 4;NA
FUN;BWI;FUN;INC;OK;INC000017908847;Priority 3;NA
FUN;BWI;FUN;INC;OK;INC000017909060;Priority 3;NA
OPS;EMS;OPS;INC;OK;INC000017909103;Priority 4;NA
L1;MNT;MON;INC;OK;INC000017909142;Priority 4;NA
TEC;BWI;TEC;INC;OK;INC000017909143;Priority 4;NA
APS;ETH;APS;INC;OK;INC000017909367;Priority 3;NA
APS;ETH;APS;INC;OK;INC000017909373;Priority 3;NA
APS;ETH;APS;INC;OK;INC000017909374;Priority 3;NA
APS;ETH;APS;INC;OK;INC000017909376;Priority 3;NA
APS;ETH;APS;INC;OK;INC000017909377;Priority 3;NA
APS;ETH;APS;INC;OK;INC000017909378;Priority 3;NA
APS;ETH;APS;INC;OK;INC000017909464;Priority 3;NA
TEC;SYN;FUN;INC;OK;INC000017910072;Priority 4;NA
APS;EES;APS;INC;OK;INC000017910545;Priority 3;NA
APS;ETH;APS;INC;OK;INC000017910635;Priority 3;NA
APS;ETH;APS;INC;OK;INC000017910838;Priority 3;NA
SEC;812;SEC;INC;OK;INC000017911250;Priority 4;NA
FUN;BWI;FUN;INC;OK;INC000017911275;Priority 4;NA
FUN;812;FUN;INC;OK;INC000017911641;Priority 4;NA
FIN;812;FUN;INC;OK;INC000017912116;Priority 4;NA
FUN;812;FUN;INC;OK;INC000017912241;Priority 3;NA
FUN;DXE;FUN;INC;OK;INC000017912270;Priority 4;NA
SEC;EMS;SEC;INC;OK;INC000017912663;Priority 4;NA
FUN;812;FUN;INC;OK;INC000017912685;Priority 4;NA
FUN;812;FUN;INC;Defect;INC000017912712;Priority 4;NA
FUN;BWI;FUN;INC;OK;INC000017912929;Priority 4;NA
FUN;812;FUN;INC;OK;INC000017913115;Priority 4;NA
SEC;DPY;SEC;INC;OK;INC000017913142;Priority 4;NA
FIN;812;FUN;INC;OK;INC000017913202;Priority 4;NA
L1;BWI;MON;INC;Defect;INC000017913403;Priority 4;NA
FIN;812;FUN;INC;OK;INC000017913490;Priority 3;NA
SEC;SYN;SEC;INC;OK;INC000017913555;Priority 4;NA
FIN;DXE;FUN;INC;Defect;INC000017913890;Priority 4;NA
LEAD;DCF;L3 ;INC;Defect;INC000017913925;Priority 3;NA
TEC;ETH;TEC;INC;OK;INC000017913987;Priority 3;NA
FIN;812;FUN;INC;OK;INC000017914126;Priority 4;NA
TEC;SYN;FUN;INC;OK;INC000017914665;Priority 3;NA
SEC;SYN;SEC;INC;OK;INC000017914692;Priority 3;NA
TEC;SYN;FUN;INC;OK;INC000017915002;Priority 4;NA
FUN;EES;FUN;INC;OK;INC000017915035;Priority 4;NA
SEC;SYN;SEC;INC;OK;INC000017915211;Priority 4;NA
TEC;SYN;FUN;INC;OK;INC000017915244;Priority 3;NA
APS;ETH;APS;INC;OK;INC000017915286;Priority 3;NA
APS;ETH;APS;INC;OK;INC000017915287;Priority 3;NA
APS;ETH;APS;INC;OK;INC000017915288;Priority 3;NA
APS;ETH;APS;INC;OK;INC000017915295;Priority 3;NA
CNC;BWI;MON;INC;OK;INC000017915318;Priority 3;NA
APS;ETH;APS;INC;OK;INC000017915332;Priority 3;NA
APS;ETH;APS;INC;OK;INC000017915338;Priority 3;NA
FUN;812;FUN;INC;OK;INC000017915469;Priority 4;NA
FUN;812;FUN;INC;OK;INC000017915648;Priority 4;NA
APS;ETH;APS;INC;OK;INC000017916425;Priority 3;NA
TEC;SYN;FUN;INC;OK;INC000017917012;Priority 3;NA
DCF;DCF;FUN;INC;OK;INC000017917304;Priority 3;NA
L1;MNT;MON;INC;OK;INC000017917405;Priority 4;NA
FUN;812;FUN;INC;OK;INC000017917459;Priority 4;NA
FIN;812;FUN;INC;OK;INC000017917474;Priority 4;NA
FUN;812;FUN;INC;OK;INC000017917570;Priority 4;NA
DCF;DCF;FUN;INC;OK;INC000017917609;Priority 3;NA
FUN;812;FUN;INC;OK;INC000017917743;Priority 4;NA
FIN;812;FUN;INC;OK;INC000017917967;Priority 4;NA
FUN;BWI;FUN;INC;OK;INC000017918643;Priority 4;NA
TEC;ETH;TEC;INC;OK;INC000017918742;Priority 4;NA
FUN;812;FUN;INC;OK;INC000017918786;Priority 4;NA
FUN;812;FUN;INC;OK;INC000017918938;Priority 4;NA
OPS;EMS;OPS;INC;OK;INC000017918946;Priority 4;NA
FIN;812;FUN;INC;OK;INC000017918957;Priority 4;NA
TEC;ETH;TEC;INC;OK;INC000017919031;Priority 3;NA
FIN;812;FUN;INC;OK;INC000017919104;Priority 3;NA
SEC;SYN;SEC;INC;OK;INC000017919182;Priority 4;NA
FIN;MNT;FUN;INC;OK;INC000017919225;Priority 4;NA
FUN;ETH;FUN;INC;OK;INC000017919482;Priority 3;NA
FIN;812;FUN;INC;OK;INC000017919558;Priority 4;NA
SEC;SYN;SEC;INC;OK;INC000017919786;Priority 4;NA
CNC;BWI;MON;INC;OK;INC000017919833;Priority 4;NA
FUN;ETH;FUN;INC;OK;INC000017919939;Priority 3;NA
TEC;DCF;FUN;INC;OK;INC000017920011;Priority 3;NA
TEC;SYN;FUN;INC;OK;INC000017920017;Priority 3;NA
FUN;ETH;FUN;INC;OK;INC000017920381;Priority 3;NA
TEC;SYN;FUN;INC;Defect;INC000017920403;Priority 3;NA
FUN;812;FUN;INC;OK;INC000017920439;Priority 4;NA
APS;ETH;APS;INC;OK;INC000017920668;Priority 3;NA
APS;ETH;APS;INC;OK;INC000017920669;Priority 3;NA
APS;ETH;APS;INC;OK;INC000017920674;Priority 3;NA
APS;ETH;APS;INC;OK;INC000017920675;Priority 3;NA
APS;ETH;APS;INC;OK;INC000017920676;Priority 3;NA
APS;ETH;APS;INC;OK;INC000017920677;Priority 3;NA
APS;ETH;APS;INC;OK;INC000017920678;Priority 3;NA
APS;ETH;APS;INC;OK;INC000017920727;Priority 3;NA
FUN;ETH;FUN;INC;OK;INC000017920833;Priority 4;NA
TEC;SYN;FUN;INC;OK;INC000017921021;Priority 3;NA
ETH;ETH;FUN;INC;OK;INC000017921062;Priority 3;NA
TEC;ETH;TEC;INC;OK;INC000017921094;Priority 4;NA
L1;MNT;MON;INC;OK;INC000017921660;Priority 4;NA
OPS;EMS;OPS;INC;OK;INC000017921885;Priority 4;NA
FIN;LAT;FUN;INC;OK;INC000017921969;Priority 4;NA
APS;ETH;APS;INC;OK;INC000017922227;Priority 3;NA
APS;EES;APS;INC;OK;INC000017922523;Priority 3;NA
APS;ETH;APS;INC;OK;INC000017922580;Priority 3;NA
APS;ETH;APS;INC;OK;INC000017922581;Priority 3;NA
APS;ETH;APS;INC;OK;INC000017922977;Priority 3;NA
OPS;EMS;OPS;INC;OK;INC000017923300;Priority 3;NA
APS;ETH;APS;INC;OK;INC000017923657;Priority 3;NA
TEC;SYN;FUN;INC;OK;INC000017923893;Priority 3;NA
APS;ETH;APS;INC;OK;INC000017923901;Priority 3;NA
OPS;EMS;OPS;INC;OK;INC000017923923;Priority 4;NA
OPS; WS;OPS;INC;OK;INC000017924194;Priority 3;NA
APS;ETH;APS;INC;OK;INC000017924367;Priority 3;NA
APS;ETH;APS;INC;OK;INC000017924605;Priority 3;NA
APS;ETH;APS;INC;OK;INC000017924836;Priority 3;NA
FUN;812;FUN;INC;OK;INC000017924885;Priority 4;NA
FUN;812;FUN;INC;OK;INC000017924923;Priority 4;NA
OPS;EMS;OPS;INC;OK;INC000017925013;Priority 3;NA
FUN;812;FUN;INC;OK;INC000017925025;Priority 3;NA
L1;MNT;MON;INC;OK;INC000017925106;Priority 4;NA
DBA;812;DBA;INC;OK;INC000017925137;Priority 4;NA
APS;ETH;APS;INC;OK;INC000017925537;Priority 3;NA
FIN;812;FUN;INC;OK;INC000017925574;Priority 4;NA
FUN;812;FUN;INC;OK;INC000017925702;Priority 4;NA
OPS;EMS;OPS;INC;OK;INC000017925730;Priority 4;NA
FIN;812;FUN;INC;OK;INC000017925770;Priority 4;NA
FUN;812;FUN;INC;OK;INC000017925781;Priority 4;NA
OPS;EMS;OPS;INC;OK;INC000017925822;Priority 3;NA
FUN;WS ;FUN;INC;OK;INC000017925920;Priority 3;NA
DBA;812;DBA;INC;OK;INC000017925943;Priority 4;NA
L1;MNT;MON;INC;OK;INC000017926192;Priority 3;NA
FUN;812;FUN;INC;OK;INC000017926343;Priority 4;NA
TEC;DCF;FUN;INC;OK;INC000017926354;Priority 4;NA
FUN;812;FUN;INC;Defect;INC000017926843;Priority 4;NA
FIN;812;FUN;INC;Defect;INC000017926859;Priority 4;NA
FUN;812;FUN;INC;OK;INC000017926866;Priority 4;NA
FUN;812;FUN;INC;OK;INC000017926997;Priority 4;NA
FUN;812;FUN;INC;OK;INC000017927349;Priority 4;NA
SEC;812;SEC;INC;OK;INC000017927364;Priority 4;NA
FUN;812;FUN;INC;OK;INC000017927411;Priority 4;NA
FIN;812;FUN;INC;OK;INC000017927460;Priority 4;NA
FIN;812;FUN;INC;OK;INC000017927483;Priority 4;NA
FIN;812;FUN;INC;OK;INC000017927491;Priority 4;NA
FUN;812;FUN;INC;OK;INC000017927757;Priority 3;NA
FUN;812;FUN;INC;OK;INC000017927882;Priority 3;NA
FIN;812;FUN;INC;OK;INC000017927891;Priority 3;NA
SEC;SYN;SEC;INC;Defect;INC000017927965;Priority 3;NA
SEC;SYN;SEC;INC;OK;INC000017928120;Priority 4;NA
DCF;DCF;FUN;INC;OK;INC000017928306;Priority 4;NA
SEC;SYN;SEC;INC;OK;INC000017928430;Priority 4;NA
CNC;BWI;MON;INC;OK;INC000017928671;Priority 4;NA
CNC;BWI;MON;INC;OK;INC000017928683;Priority 4;NA
FUN;812;FUN;INC;OK;INC000017928770;Priority 3;NA
TEC;SYN;FUN;INC;OK;INC000017928789;Priority 3;NA
SEC;SYN;SEC;INC;OK;INC000017929047;Priority 3;NA
FUN;BWI;FUN;INC;OK;INC000017929137;Priority 4;NA
FUN;BWI;FUN;INC;OK;INC000017929151;Priority 4;NA
FUN;812;FUN;INC;OK;INC000017929170;Priority 4;NA
SEC;SYN;SEC;INC;OK;INC000017929308;Priority 4;NA
FUN;ETH;FUN;INC;OK;INC000017929520;Priority 4;NA
APS;ETH;APS;INC;OK;INC000017929664;Priority 3;NA
APS;ETH;APS;INC;OK;INC000017929668;Priority 3;NA
APS;ETH;APS;INC;OK;INC000017929670;Priority 3;NA
APS;ETH;APS;INC;OK;INC000017929671;Priority 3;NA
APS;ETH;APS;INC;OK;INC000017929672;Priority 3;NA
APS;ETH;APS;INC;OK;INC000017929737;Priority 3;NA
APS;ETH;APS;INC;OK;INC000017929738;Priority 3;NA
APS;ETH;APS;INC;OK;INC000017929739;Priority 3;NA
FIN;BWI;FUN;INC;OK;INC000017929761;Priority 4;NA
TEC;SYN;FUN;INC;OK;INC000017929952;Priority 3;NA
CNC;DPY;SEC;INC;OK;INC000017929954;Priority 3;NA
APS;ETH;APS;INC;OK;INC000017930312;Priority 3;NA
APS;ETH;APS;INC;OK;INC000017930394;Priority 3;NA
APS;ETH;APS;INC;OK;INC000017930540;Priority 3;NA
SEC;ETH;SEC;INC;OK;INC000017930648;Priority 4;NA
APS;ETH;APS;INC;OK;INC000017930980;Priority 3;NA
OPS;EMS;OPS;INC;OK;INC000017931003;Priority 3;NA
APS;ETH;APS;INC;OK;INC000017931291;Priority 3;NA
FUN;ETH;FUN;INC;OK;INC000017931478;Priority 3;NA
FUN;812;FUN;INC;OK;INC000017931859;Priority 4;NA
FUN;DXE;FUN;INC;OK;INC000017931864;Priority 3;NA
FIN;812;FUN;INC;OK;INC000017931880;Priority 4;NA
OPS;EMS;OPS;INC;OK;INC000017932186;Priority 3;NA
FIN;812;FUN;INC;OK;INC000017932355;Priority 4;NA
FIN;812;FUN;INC;OK;INC000017932450;Priority 4;NA
FUN;812;FUN;INC;OK;INC000017932535;Priority 4;NA
FIN;812;FUN;INC;OK;INC000017932616;Priority 3;NA
FUN;812;FUN;INC;OK;INC000017932654;Priority 4;NA
FUN;812;FUN;INC;OK;INC000017932912;Priority 4;NA
FIN;812;FUN;INC;OK;INC000017932924;Priority 4;NA
TEC;ETH;TEC;INC;OK;INC000017932931;Priority 4;NA
APS;ETH;APS;INC;OK;INC000017932943;Priority 4;NA
FUN;812;FUN;INC;OK;INC000017932963;Priority 4;NA
FUN;EMS;FUN;INC;Defect;INC000017932978;Priority 3;NA
FUN;812;FUN;INC;OK;INC000017932983;Priority 4;NA
DCF;DCF;FUN;INC;OK;INC000017933092;Priority 4;NA
FUN;812;FUN;INC;OK;INC000017933107;Priority 4;NA
FUN;812;FUN;INC;OK;INC000017933164;Priority 4;NA
FUN;BWI;FUN;INC;OK;INC000017933175;Priority 4;NA
TEC;SYN;FUN;INC;OK;INC000017933315;Priority 3;NA
FUN;812;FUN;INC;OK;INC000017933348;Priority 4;NA
FUN;DXE;FUN;INC;OK;INC000017933476;Priority 4;NA
FUN;812;FUN;INC;OK;INC000017933600;Priority 4;NA
FUN;812;FUN;INC;OK;INC000017933765;Priority 4;NA
APS;ETH;APS;INC;Defect;INC000017933927;Priority 3;NA
SEC;SYN;SEC;INC;OK;INC000017934004;Priority 3;NA
FIN;812;FUN;INC;OK;INC000017934170;Priority 3;NA
SEC;SYN;SEC;INC;OK;INC000017934375;Priority 4;NA
FUN;812;FUN;INC;OK;INC000017934510;Priority 4;NA
SEC;EMS;SEC;INC;OK;INC000017934547;Priority 4;NA
CNC;BWI;MON;INC;OK;INC000017934634;Priority 4;NA
FUN;812;FUN;INC;OK;INC000017934808;Priority 3;NA
APS;ETH;APS;INC;OK;INC000017934823;Priority 3;NA
FUN;812;FUN;INC;OK;INC000017935118;Priority 4;NA
TEC;SYN;FUN;INC;OK;INC000017935138;Priority 4;NA
FUN;ETH;FUN;INC;OK;INC000017935191;Priority 4;NA
APS;ETH;APS;INC;OK;INC000017935685;Priority 3;NA
APS;ETH;APS;INC;OK;INC000017935688;Priority 3;NA
APS;ETH;APS;INC;OK;INC000017935689;Priority 3;NA
APS;ETH;APS;INC;OK;INC000017935690;Priority 3;NA
APS;ETH;APS;INC;OK;INC000017935691;Priority 3;NA
APS;ETH;APS;INC;OK;INC000017935692;Priority 3;NA
APS;ETH;APS;INC;OK;INC000017935693;Priority 3;NA
APS;ETH;APS;INC;OK;INC000017935694;Priority 3;NA
APS;ETH;APS;INC;OK;INC000017935747;Priority 3;NA
APS;ETH;APS;INC;OK;INC000017935755;Priority 3;NA
APS;ETH;APS;INC;OK;INC000017935756;Priority 3;NA
SEC;SYN;SEC;INC;OK;INC000017936125;Priority 4;NA
APS;EES;APS;INC;OK;INC000017936514;Priority 3;NA
APS;DCF;APS;INC;OK;INC000017936631;Priority 4;NA
APS;ETH;APS;INC;OK;INC000017936662;Priority 3;NA
OPS;EMS;OPS;INC;OK;INC000017936863;Priority 3;NA
FIN;812;FUN;INC;OK;INC000017936879;Priority 4;NA
APS;ETH;APS;INC;OK;INC000017936947;Priority 3;NA
OPS;EMS;OPS;INC;OK;INC000017937023;Priority 3;NA
APS;ETH;APS;INC;OK;INC000017937157;Priority 3;NA
FUN;812;FUN;INC;OK;INC000017937313;Priority 3;NA
DBA;812;DBA;INC;Defect;INC000017937551;Priority 4;NA
FUN;812;FUN;INC;OK;INC000017937660;Priority 4;NA
FUN;812;FUN;INC;OK;INC000017937785;Priority 4;NA
FIN;812;FUN;INC;OK;INC000017937918;Priority 4;NA
FIN;812;FUN;INC;OK;INC000017938027;Priority 4;NA
FUN;812;FUN;INC;OK;INC000017938029;Priority 4;NA
FUN;812;FUN;INC;Defect;INC000017938037;Priority 4;NA
FUN;812;FUN;INC;OK;INC000017938062;Priority 4;NA
FUN;812;FUN;INC;OK;INC000017938193;Priority 4;NA
DCF;DCF;FUN;INC;OK;INC000017938241;Priority 4;NA
FUN;812;FUN;INC;OK;INC000017938249;Priority 4;NA
FUN;812;FUN;INC;OK;INC000017938343;Priority 3;NA
FUN;812;FUN;INC;OK;INC000017938391;Priority 3;NA
FIN;812;FUN;INC;OK;INC000017938537;Priority 4;NA
FUN;812;FUN;INC;OK;INC000017938539;Priority 3;NA
DCF;DCF;FUN;INC;OK;INC000017938557;Priority 4;NA
FIN;812;FUN;INC;OK;INC000017938620;Priority 4;NA
FUN;WS ;FUN;INC;OK;INC000017938683;Priority 3;NA
FIN;812;FUN;INC;Defect;INC000017938733;Priority 4;NA
DCF;DCF;FUN;INC;OK;INC000017938781;Priority 3;NA
FUN;812;FUN;INC;OK;INC000017938908;Priority 4;NA
FIN;812;FUN;INC;Defect;INC000017938931;Priority 4;NA
DCF;DCF;FUN;INC;OK;INC000017939108;Priority 3;NA
OPS;EMS;OPS;INC;OK;INC000017939202;Priority 3;NA
FUN;BWI;FUN;INC;OK;INC000017939377;Priority 4;NA
FIN;812;FUN;INC;OK;INC000017939548;Priority 4;NA
FIN;812;FUN;INC;OK;INC000017939684;Priority 3;NA
TEC;SYN;FUN;INC;OK;INC000017939715;Priority 4;NA
FIN;BWI;FUN;INC;OK;INC000017939769;Priority 3;NA
FIN;812;FUN;INC;OK;INC000017939949;Priority 4;NA
FUN;812;FUN;INC;OK;INC000017940133;Priority 4;NA
FUN;812;FUN;INC;OK;INC000017940292;Priority 3;NA
FUN;812;FUN;INC;OK;INC000017940322;Priority 3;NA
FUN;812;FUN;INC;Defect;INC000017940497;Priority 4;NA
FUN;812;FUN;INC;OK;INC000017940775;Priority 4;NA
SEC;SYN;SEC;INC;OK;INC000017941087;Priority 4;NA
SEC;SYN;SEC;INC;OK;INC000017941243;Priority 4;NA
FUN;ETH;FUN;INC;OK;INC000017941462;Priority 3;NA
APS;ETH;APS;INC;OK;INC000017941491;Priority 3;NA
APS;ETH;APS;INC;OK;INC000017941496;Priority 3;NA
APS;ETH;APS;INC;OK;INC000017941497;Priority 3;NA
APS;ETH;APS;INC;OK;INC000017941499;Priority 3;NA
APS;ETH;APS;INC;OK;INC000017941506;Priority 3;NA
APS;ETH;APS;INC;OK;INC000017941509;Priority 3;NA
APS;ETH;APS;INC;OK;INC000017941579;Priority 3;NA
SEC;SYN;SEC;INC;OK;INC000017941829;Priority 3;NA
OPS;EMS;OPS;INC;OK;INC000017942217;Priority 3;NA
OPS; WS;OPS;INC;OK;INC000017942464;Priority 3;NA
OPS;EMS;OPS;INC;OK;INC000017942628;Priority 3;NA
APS;ETH;APS;INC;OK;INC000017942633;Priority 3;NA
OPS;EMS;OPS;INC;OK;INC000017942634;Priority 3;NA
OPS;EMS;OPS;INC;OK;INC000017942744;Priority 3;NA
APS;EES;APS;INC;OK;INC000017942760;Priority 3;NA
OPS;EMS;OPS;INC;OK;INC000017942866;Priority 3;NA
FUN;812;FUN;INC;OK;INC000017944429;Priority 3;NA
FUN;812;FUN;INC;Defect;INC000017944785;Priority 3;NA
FUN;ETH;FUN;INC;OK;INC000017944949;Priority 3;NA
FUN;BWI;FUN;INC;OK;INC000017946169;Priority 3;NA
TEC;DCF;FUN;INC;OK;INC000017946353;Priority 3;NA
TEC;SYN;FUN;INC;OK;INC000017947183;Priority 3;NA
FUN;BWI;FUN;INC;OK;INC000017947207;Priority 3;NA
APS;ETH;APS;INC;OK;INC000017947334;Priority 3;NA
APS;ETH;APS;INC;OK;INC000017947335;Priority 3;NA
APS;ETH;APS;INC;OK;INC000017947336;Priority 3;NA
APS;ETH;APS;INC;OK;INC000017947339;Priority 3;NA
APS;ETH;APS;INC;OK;INC000017947340;Priority 3;NA
SEC;SYN;SEC;INC;OK;INC000017947382;Priority 3;NA
APS;ETH;APS;INC;OK;INC000017947393;Priority 3;NA
APS;ETH;APS;INC;OK;INC000017947394;Priority 3;NA
FUN;BWI;FUN;INC;OK;INC000017947661;Priority 3;NA
APS;ETH;APS;INC;OK;INC000017948393;Priority 3;NA
OPS;EMS;OPS;INC;OK;INC000017948399;Priority 3;NA
OPS;EMS;OPS;INC;OK;INC000017948415;Priority 3;NA
OPS;EMS;OPS;INC;OK;INC000017948420;Priority 3;NA
OPS;EMS;OPS;INC;OK;INC000017948422;Priority 3;NA
APS;ETH;APS;INC;OK;INC000017948637;Priority 3;NA
DCF;DCF;FUN;INC;OK;INC000017949526;Priority 3;NA
FUN;812;FUN;INC;OK;INC000017949720;Priority 3;NA
OPS;EMS;OPS;INC;OK;INC000017949926;Priority 3;NA
DCF;DCF;FUN;INC;OK;INC000017950530;Priority 3;NA
FIN;812;FUN;INC;OK;INC000017950818;Priority 3;NA
FUN;812;FUN;INC;OK;INC000017950893;Priority 3;NA
APS;ETH;APS;INC;OK;INC000017952927;Priority 3;NA
APS;ETH;APS;INC;OK;INC000017952933;Priority 3;NA
APS;ETH;APS;INC;OK;INC000017952934;Priority 3;NA
APS;ETH;APS;INC;OK;INC000017952939;Priority 3;NA
FIN;812;FUN;INC;OK;INC000017954189;Priority 3;NA
APS;ETH;APS;INC;OK;INC000017954254;Priority 3;NA
FIN;812;FUN;INC;OK;INC000017954271;Priority 3;NA
FIN;812;FUN;INC;OK;INC000017954347;Priority 3;NA
FIN;812;FUN;INC;OK;INC000017954362;Priority 3;NA
FIN;812;FUN;INC;OK;INC000017954395;Priority 3;NA
APS;EES;APS;INC;OK;INC000017954542;Priority 3;NA
APS;ETH;APS;INC;OK;INC000017954648;Priority 3;NA
APS;ETH;APS;INC;OK;INC000017954649;Priority 3;NA
APS;ETH;APS;INC;OK;INC000017954650;Priority 3;NA
APS;ETH;APS;INC;OK;INC000017954651;Priority 3;NA
APS;ETH;APS;INC;OK;INC000017954652;Priority 3;NA
APS;ETH;APS;INC;OK;INC000017954655;Priority 3;NA
APS;ETH;APS;INC;OK;INC000017954656;Priority 3;NA
APS;ETH;APS;INC;OK;INC000017954657;Priority 3;NA
TEC;SYN;FUN;INC;OK;INC000017954708;Priority 3;NA
APS;EES;APS;INC;OK;INC000017955083;Priority 3;NA
L1;DPY;MON;INC;OK;INC000017955189;Priority 3;NA
APS;EES;APS;INC;OK;INC000017955199;Priority 3;NA
APS;ETH;APS;INC;OK;INC000017956080;Priority 3;NA
APS;ETH;APS;INC;OK;INC000017956203;Priority 3;NA
APS;ETH;APS;INC;OK;INC000017956259;Priority 3;NA
APS;ETH;APS;INC;OK;INC000017956372;Priority 3;NA
SEC;ETH;SEC;INC;OK;INC000017957039;Priority 3;NA
APS;ETH;APS;INC;OK;INC000017962393;Priority 2;NA
OPS;OXE;OPS;HK;OK;ITSK000010094288;Priority 4;NA
OPS;OXE;OPS;HK;OK;ITSK000010094306;Priority 3;NA
OPS;OXE;OPS;HK;OK;ITSK000010094322;Priority 4;NA
OPS;OXE;OPS;HK;OK;ITSK000010094338;Priority 4;NA
L1;DXE;L1;HK;OK;ITSK000010094350;Priority 4;NA
L1;812;L1;HK;OK;ITSK000010094459;Priority 4;NA
L1;812;L1;HK;OK;ITSK000010094612;Priority 4;NA
L1;812;L1;HK;Defect;ITSK000010094722;Priority 3;NA
L1;812;L1;HK;OK;ITSK000010094724;Priority 4;NA
L1;812;L1;HK;Defect;ITSK000010094727;Priority 4;NA
OPS;OXE;OPS;HK;OK;ITSK000010094872;Priority 4;NA
L1;812;L1;HK;OK;ITSK000010095122;Priority 4;NA
L1;DXE;L1;HK;OK;ITSK000010095125;Priority 4;NA
L1;DXE;L1;HK;OK;ITSK000010095264;Priority 4;NA
OPS;OXE;OPS;HK;OK;ITSK000010095274;Priority 4;NA
L1;812;L1;HK;OK;ITSK000010095279;Priority 4;NA
L1;812;L1;HK;OK;ITSK000010095374;Priority 4;NA
L1;812;L1;HK;OK;ITSK000010095406;Priority 4;NA
L1;812;L1;HK;OK;ITSK000010095504;Priority 4;NA
L1;812;L1;HK;OK;ITSK000010095516;Priority 4;NA
L1;812;L1;HK;OK;ITSK000010095526;Priority 4;NA
L1;812;L1;HK;OK;ITSK000010095603;Priority 4;NA
L1;DXE;L1;HK;OK;ITSK000010095610;Priority 4;NA
L1;812;L1;HK;OK;ITSK000010095618;Priority 4;NA
L1;812;L1;HK;OK;ITSK000010095624;Priority 4;NA
L1;812;L1;HK;OK;ITSK000010095934;Priority 4;NA
L1;812;L1;HK;Defect;ITSK000010095947;Priority 4;NA
OPS;OXE;CNC;HK;OK;ITSK000010095965;Priority 4;NA
OPS;OXE;CNC;HK;OK;ITSK000010096049;Priority 4;NA
OPS;OXE;CNC;HK;OK;ITSK000010096067;Priority 4;NA
L1;812;L1;HK;OK;ITSK000010096068;Priority 4;NA
L1;812;L1;HK;OK;ITSK000010096071;Priority 4;NA
L1;812;L1;HK;OK;ITSK000010096158;Priority 4;NA
L1;812;L1;HK;OK;ITSK000010096194;Priority 4;NA
OPS;OXE;CNC;HK;OK;ITSK000010096308;Priority 4;NA
L1;812;L1;HK;Defect;ITSK000010096327;Priority 4;NA
L1;812;L1;HK;OK;ITSK000010096328;Priority 4;NA
L1;812;L1;HK;OK;ITSK000010096329;Priority 4;NA
L1;812;L1;HK;OK;ITSK000010096330;Priority 4;NA
OPS;OXE;CNC;HK;OK;ITSK000010096429;Priority 4;NA
L1;812;L1;HK;OK;ITSK000010096883;Priority 4;NA
L1;812;L1;HK;OK;ITSK000010096918;Priority 4;NA
L1;DXE;L1;HK;Defect;ITSK000010096933;Priority 3;NA
OPS;OXE;CNC;HK;OK;ITSK000010097043;Priority 3;NA
L1;DXE;L1;HK;OK;ITSK000010097055;Priority 3;NA
OPS;OXE;CNC;HK;Defect;ITSK000010097058;Priority 4;NA
L1;812;L1;HK;Defect;ITSK000010097143;Priority 4;NA
L1;812;L1;HK;OK;ITSK000010097147;Priority 4;NA
L1;812;L1;HK;OK;ITSK000010097171;Priority 4;NA
L1;812;L1;HK;Defect;ITSK000010097255;Priority 4;NA
OPS;OXE;CNC;HK;OK;ITSK000010097258;Priority 3;NA
OPS;OXE;CNC;HK;OK;ITSK000010097259;Priority 3;NA
L1;812;L1;HK;Defect;ITSK000010097260;Priority 3;NA
L1;812;L1;HK;OK;ITSK000010097262;Priority 4;NA
L1;DXE;L1;HK;OK;ITSK000010097263;Priority 4;NA
OPS;OXE;CNC;HK;Defect;ITSK000010097271;Priority 4;NA
CNC;812;CNC;HK;Defect;ITSK000010097285;Priority 4;NA
OPS;OXE;CNC;HK;OK;ITSK000010097286;Priority 3;NA
OPS;OXE;CNC;HK;OK;ITSK000010097287;Priority 4;NA
L1;812;L1;HK;OK;ITSK000010097361;Priority 3;NA
L1;812;L1;HK;OK;ITSK000010097363;Priority 3;NA
L1;812;L1;HK;OK;ITSK000010097364;Priority 3;NA
L1;812;L1;HK;OK;ITSK000010097365;Priority 3;NA
L1;812;L1;HK;OK;ITSK000010097383;Priority 4;NA
L1;812;L1;HK;OK;ITSK000010097394;Priority 4;NA
OPS;OXE;CNC;HK;Defect;ITSK000010097401;Priority 4;NA
L1;DXE;L1;HK;OK;ITSK000010097711;Priority 4;NA
L1;812;L1;HK;OK;ITSK000010097712;Priority 4;NA
L1;812;L1;HK;OK;ITSK000010097721;Priority 4;NA
L1;812;L1;HK;OK;ITSK000010097799;Priority 4;NA
CNC;812;CNC;HK;Defect;ITSK000010097832;Priority 3;NA
OPS;OXE;CNC;HK;OK;ITSK000010097936;Priority 4;NA
L1;812;L1;HK;OK;ITSK000010097943;Priority 3;NA
OPS;OXE;CNC;HK;Defect;ITSK000010097949;Priority 4;NA
CNC;812;CNC;HK;Defect;ITSK000010097954;Priority 3;NA
CNC;812;CNC;HK;OK;ITSK000010098074;Priority 4;NA
CNC;812;CNC;HK;Defect;ITSK000010098083;Priority 3;NA
CNC;812;CNC;HK;Defect;ITSK000010098085;Priority 3;NA
CNC;812;CNC;HK;Defect;ITSK000010098088;Priority 3;NA
CNC;812;CNC;HK;Defect;ITSK000010098089;Priority 4;NA
OPS;OXE;CNC;HK;OK;ITSK000010098173;Priority 4;NA
CNC;812;CNC;HK;Defect;ITSK000010098177;Priority 4;NA
CNC;812;CNC;HK;OK;ITSK000010098180;Priority 4;NA
CNC;812;CNC;HK;Defect;ITSK000010098184;Priority 4;NA
L1;DXE;L1;HK;OK;ITSK000010098188;Priority 4;NA
L1;812;L1;HK;OK;ITSK000010098507;Priority 4;NA
L1;DXE;L1;HK;OK;ITSK000010098724;Priority 4;NA
OPS;OXE;CNC;HK;OK;ITSK000010098743;Priority 4;NA
OPS;OXE;CNC;HK;OK;ITSK000010098755;Priority 4;NA
L1;812;L1;HK;OK;ITSK000010098867;Priority 3;NA
L1;DXE;L1;HK;OK;ITSK000010098869;Priority 4;NA
OPS;OXE;CNC;HK;Defect;ITSK000010098880;Priority 4;NA
L1;812;L1;HK;OK;ITSK000010099008;Priority 4;NA
OPS;OXE;CNC;HK;OK;ITSK000010099012;Priority 4;NA
L1;812;L1;HK;OK;ITSK000010099013;Priority 4;NA
OPS;OXE;CNC;HK;OK;ITSK000010099398;Priority 4;NA
L1;812;L1;HK;Defect;ITSK000010099404;Priority 3;NA
L1;812;L1;HK;OK;ITSK000010099415;Priority 4;NA
L1;812;L1 ;HK;OK;ITSK000010099524;Priority 4;NA
L1;812;L1 ;HK;OK;ITSK000010099525;Priority 4;NA
L1;812;L1 ;HK;OK;ITSK000010099547;Priority 4;NA
L1;812;L1 ;HK;OK;ITSK000010099724;Priority 4;NA
L1;812;L1 ;HK;OK;ITSK000010099725;Priority 4;NA
L1;812;L1 ;HK;OK;ITSK000010099727;Priority 4;NA
L1;812;L1 ;HK;OK;ITSK000010099853;Priority 4;NA
L1;812;L1 ;HK;Defect;ITSK000010099855;Priority 4;NA
L1;812;L1 ;HK;OK;ITSK000010099899;Priority 4;NA
L1;812;L1 ;HK;OK;ITSK000010100069;Priority 4;NA
L1;812;L1 ;HK;OK;ITSK000010100593;Priority 4;NA
L1;812;L1 ;HK;OK;ITSK000010100608;Priority 4;NA
L1;812;L1 ;HK;Defect;ITSK000010100628;Priority 4;NA
L1;812;L1 ;HK;OK;ITSK000010100637;Priority 4;NA
L1;812;L1 ;HK;OK;ITSK000010100762;Priority 4;NA
L1;812;L1 ;HK;Defect;ITSK000010100763;Priority 4;NA
L1;812;L1 ;HK;Defect;ITSK000010100783;Priority 3;NA
L1;812;L1 ;HK;Defect;ITSK000010100786;Priority 4;NA
CNC;812;L1 ;HK;OK;ITSK000010100797;Priority 4;NA
CNC;812;L1 ;HK;Defect;ITSK000010100807;Priority 4;NA
L1;812;L1 ;HK;OK;ITSK000010100809;Priority 4;NA
L1;812;L1 ;HK;OK;ITSK000010100815;Priority 4;NA
L1;812;L1 ;HK;OK;ITSK000010100959;Priority 4;NA
L1;812;L1 ;HK;Defect;ITSK000010100961;Priority 4;NA
L1;812;L1 ;HK;Defect;ITSK000010100966;Priority 3;NA
L1;812;L1 ;HK;OK;ITSK000010100968;Priority 4;NA
L1;812;L1 ;HK;OK;ITSK000010100974;Priority 4;NA
L1;812;L1 ;HK;OK;ITSK000010100982;Priority 4;NA
CNC;812;L1 ;HK;Defect;ITSK000010101010;Priority 4;NA
L1;812;L1 ;HK;OK;ITSK000010101110;Priority 4;NA
L1;812;L1 ;HK;OK;ITSK000010101142;Priority 4;NA
L1;812;L1 ;HK;OK;ITSK000010101156;Priority 4;NA
L1;812;L1 ;HK;OK;ITSK000010101540;Priority 4;NA
L1;812;L1 ;HK;OK;ITSK000010101697;Priority 4;NA
L1;812;L1 ;HK;OK;ITSK000010101699;Priority 4;NA
L1;812;L1 ;HK;OK;ITSK000010101704;Priority 4;NA
L1;DXE;L1 ;HK;OK;ITSK000010101730;Priority 4;NA
L1;DXE;L1 ;HK;OK;ITSK000010101852;Priority 4;NA
L1;DXE;L1 ;HK;OK;ITSK000010101853;Priority 4;NA
L1;812;L1 ;HK;OK;ITSK000010101867;Priority 4;NA
L1;812;L1 ;HK;OK;ITSK000010101869;Priority 3;NA
L1;812;L1 ;HK;OK;ITSK000010101870;Priority 4;NA
L1;812;L1 ;HK;OK;ITSK000010101997;Priority 4;NA
L1;812;L1 ;HK;OK;ITSK000010102000;Priority 4;NA
L1;812;L1 ;HK;OK;ITSK000010102559;Priority 4;NA
L1;DXE;L1 ;HK;OK;ITSK000010102668;Priority 4;NA
L1;DXE;L1 ;HK;OK;ITSK000010102692;Priority 4;NA
L1;812;L1 ;HK;OK;ITSK000010102780;Priority 4;NA
L1;812;L1 ;HK;OK;ITSK000010102793;Priority 4;NA
L1;812;L1 ;HK;OK;ITSK000010102794;Priority 4;NA
L1;812;L1 ;HK;OK;ITSK000010102806;Priority 4;NA
L1;812;L1 ;HK;OK;ITSK000010102815;Priority 4;NA
L1;812;L1 ;HK;Defect;ITSK000010102904;Priority 4;NA
L1;812;L1 ;HK;OK;ITSK000010103003;Priority 4;NA
L1;812;L1 ;HK;OK;ITSK000010103016;Priority 4;NA
L1;812;L1 ;HK;OK;ITSK000010103331;Priority 4;NA
L1;812;L1 ;HK;OK;ITSK000010103340;Priority 4;NA
L1;812;L1 ;HK;OK;ITSK000010103471;Priority 4;NA
L1;812;L1 ;HK;OK;ITSK000010103501;Priority 4;NA
L1;812;L1 ;HK;OK;ITSK000010103622;Priority 4;NA
L1;812;L1 ;HK;OK;ITSK000010103633;Priority 4;NA
L1;812;L1 ;SR;OK;ITSK000010103764;Priority 4;NA
L1;812;L1 ;HK;OK;ITSK000010104202;Priority 4;NA
OPS;OXE;CNC;HK;OK;ITSK000010104231;Priority 4;NA
OPS;OXE;CNC;HK;OK;ITSK000010104375;Priority 4;NA
L1;812;L1 ;HK;OK;ITSK000010104383;Priority 4;NA
OPS;OXE;CNC;HK;OK;ITSK000010104391;Priority 4;NA
L1;812;L1 ;HK;Defect;ITSK000010104493;Priority 4;NA
L1;812;L1 ;HK;OK;ITSK000010104515;Priority 4;NA
OPS;OXE;CNC;HK;OK;ITSK000010104630;Priority 4;NA
L1;812;L1 ;HK;OK;ITSK000010104639;Priority 4;NA
L1;812;L1 ;HK;OK;ITSK000010104714;Priority 4;NA
L1;812;L1 ;HK;OK;ITSK000010105071;Priority 4;NA
L1;812;L1 ;HK;OK;ITSK000010105084;Priority 4;NA
L1;812;L1 ;HK;OK;ITSK000010105110;Priority 4;NA
OPS;OXE;CNC;HK;OK;ITSK000010105224;Priority 4;NA
L1;812;L1 ;HK;OK;ITSK000010105310;Priority 4;NA
L1;812;L1 ;HK;OK;ITSK000010105311;Priority 4;NA
L1;812;L1 ;HK;Defect;ITSK000010105313;Priority 3;NA
L1;812;L1 ;HK;OK;ITSK000010105426;Priority 4;NA
L1;812;L1 ;HK;Defect;ITSK000010105427;Priority 4;NA
L1;812;L1 ;HK;OK;ITSK000010105477;Priority 4;NA
L1;812;L1 ;HK;Defect;ITSK000010105714;Priority 3;NA
L1;812;L1 ;HK;OK;ITSK000010105722;Priority 4;NA
L1;812;L1 ;HK;OK;ITSK000010105727;Priority 4;NA
L1;812;L1 ;HK;OK;ITSK000010105734;Priority 4;NA
L1;812;L1 ;HK;OK;ITSK000010106069;Priority 4;NA
OPS;OXE;CNC;HK;OK;ITSK000010106092;Priority 4;NA
L1;812;L1 ;HK;OK;ITSK000010106194;Priority 4;NA
L1;812;L1 ;HK;Defect;ITSK000010106226;Priority 3;NA
L1;812;L1 ;HK;OK;ITSK000010106357;Priority 4;NA
OPS;OXE;CNC;HK;OK;ITSK000010106359;Priority 3;NA
L1;812;L1 ;HK;OK;ITSK000010106465;Priority 3;NA
L1;812;L1 ;HK;OK;ITSK000010106466;Priority 4;NA
L1;812;L1 ;HK;OK;ITSK000010106479;Priority 4;NA
OPS;OXE;CNC;HK;OK;ITSK000010106589;Priority 4;NA
OPS;OXE;CNC;HK;OK;ITSK000010106913;Priority 4;NA
L1;812;L1 ;HK;OK;ITSK000010107023;Priority 4;NA
OPS;OXE;CNC;HK;OK;ITSK000010107041;Priority 4;NA
L1;812;L1 ;HK;OK;ITSK000010107054;Priority 4;NA
L1;812;L1 ;HK;OK;ITSK000010107170;Priority 4;NA
L1;812;L1 ;HK;OK;ITSK000010107175;Priority 4;NA
L1;812;L1 ;HK;Defect;ITSK000010107178;Priority 3;NA
L1;812;L1 ;HK;OK;ITSK000010107259;Priority 4;NA
CNC;812;L1 ;HK;OK;ITSK000010107296;Priority 4;NA
L1;812;L1 ;HK;OK;ITSK000010107395;Priority 4;NA
L1;812;L1 ;HK;OK;ITSK000010107426;Priority 4;NA
L1;812;L1 ;HK;OK;ITSK000010107427;Priority 4;NA
L1;812;MON;HK;OK;ITSK000010107756;Priority 4;NA
L1;812;MON;HK;OK;ITSK000010107759;Priority 4;NA
L1;812;MON;HK;OK;ITSK000010107907;Priority 4;NA
L1;812;MON;HK;OK;ITSK000010107920;Priority 4;NA
OPS;OXE;CNC;HK;OK;ITSK000010107976;Priority 4;NA
OPS;OXE;CNC;HK;OK;ITSK000010107982;Priority 4;NA
L1;812;MON;HK;OK;ITSK000010107983;Priority 4;NA
L1;812;MON;HK;OK;ITSK000010107989;Priority 4;NA
L1;812;MON;HK;OK;ITSK000010107993;Priority 4;NA
L1;812;MON;HK;OK;ITSK000010108199;Priority 4;NA
L1;812;MON;HK;OK;ITSK000010108200;Priority 4;NA
OPS;OXE;CNC;HK;OK;ITSK000010108532;Priority 4;NA
L1;812;MON;HK;OK;ITSK000010108539;Priority 4;NA
L1;812;MON;HK;Defect;ITSK000010108556;Priority 4;NA
L1;812;MON;HK;OK;ITSK000010108638;Priority 4;NA
L1;812;MON;HK;OK;ITSK000010108640;Priority 4;NA
L1;812;MON;HK;OK;ITSK000010108669;Priority 4;NA
L1;812;MON;HK;OK;ITSK000010108673;Priority 4;NA
L1;812;MON;HK;OK;ITSK000010108677;Priority 4;NA
L1;812;MON;HK;OK;ITSK000010108771;Priority 4;NA
L1;812;MON;HK;OK;ITSK000010108773;Priority 4;NA
L1;812;MON;HK;OK;ITSK000010108783;Priority 4;NA
L1;DPY;MON;HK;Defect;ITSK000010108784;Priority 4;NA
OPS;OXE;CNC;HK;OK;ITSK000010108792;Priority 4;NA
L1;812;MON;HK;OK;ITSK000010108875;Priority 4;NA
L1;812;MON;HK;OK;ITSK000010108904;Priority 4;NA
OPS;OXE;CNC;HK;OK;ITSK000010108908;Priority 4;NA
CNC;812;MON;HK;OK;ITSK000010108914;Priority 3;NA
L1;812;MON;HK;OK;ITSK000010109005;Priority 4;NA
L1;812;MON;HK;OK;ITSK000010109304;Priority 3;NA
L1;812;MON;HK;OK;ITSK000010109314;Priority 4;NA
L1;812;MON;HK;OK;ITSK000010109508;Priority 4;NA
OPS;OXE;CNC;HK;OK;ITSK000010109516;Priority 3;NA
L1;812;MON;HK;OK;ITSK000010109519;Priority 4;NA
OPS;OXE;CNC;HK;OK;ITSK000010109522;Priority 4;NA
L1;812;MON;HK;Defect;ITSK000010109629;Priority 4;NA
L1;812;MON;HK;OK;ITSK000010109729;Priority 4;NA
CNC;DCF;CNC;HK;OK;ITSK000010109737;Priority 4;NA
OPS;OXE;CNC;HK;OK;ITSK000010109738;Priority 3;NA
L1;DPY;MON;HK;OK;ITSK000010109743;Priority 4;NA
L1;812;MON;HK;OK;ITSK000010109755;Priority 4;NA
L1;812;MON;HK;Defect;ITSK000010110001;Priority 3;NA
L1;812;MON;HK;OK;ITSK000010110020;Priority 4;NA
L1;812;MON;HK;OK;ITSK000010110098;Priority 4;NA
OPS;OXE;CNC;HK;OK;ITSK000010110115;Priority 3;NA
L1;812;MON;SR;Defect;ITSK000010110121;Priority 4;NA
L1;812;MON;HK;Defect;ITSK000010110123;Priority 3;NA
L1;812;MON;HK;OK;ITSK000010110128;Priority 4;NA
L1;812;MON;HK;OK;ITSK000010110234;Priority 4;NA
OPS;OXE;CNC;HK;OK;ITSK000010110248;Priority 3;NA
L1;DPY;MON;HK;Defect;ITSK000010110259;Priority 4;NA
L1;812;MON;HK;OK;ITSK000010110390;Priority 4;NA
OPS;OXE;CNC;HK;OK;ITSK000010110395;Priority 4;NA
L1;812;MON;HK;OK;ITSK000010110397;Priority 4;NA
OPS;OXE;CNC;HK;OK;ITSK000010110824;Priority 4;NA
L1;DXE;CNC;HK;Defect;ITSK000010111058;Priority 4;NA
L1;812;CNC;HK;Defect;ITSK000010111075;Priority 4;NA
L1;812;CNC;HK;Defect;ITSK000010111079;Priority 4;NA
L1;812;CNC;HK;OK;ITSK000010111198;Priority 4;NA
L1;812;CNC;HK;OK;ITSK000010111200;Priority 4;NA
L1;DXE;CNC;HK;OK;ITSK000010111205;Priority 4;NA
L1;812;CNC;HK;OK;ITSK000010111218;Priority 4;NA
L1;812;CNC;HK;OK;ITSK000010111320;Priority 4;NA
L1;DXE;CNC;HK;OK;ITSK000010111355;Priority 4;NA
L1;812;CNC;HK;OK;ITSK000010111689;Priority 4;NA
L1;812;CNC;HK;OK;ITSK000010111692;Priority 4;NA
L1;812;CNC;HK;OK;ITSK000010111713;Priority 4;NA
L1;812;CNC;HK;OK;ITSK000010111724;Priority 4;NA
L1;812;CNC;HK;OK;ITSK000010111860;Priority 4;NA
L1;812;CNC;HK;Defect;ITSK000010111865;Priority 4;NA
L1;DXE;CNC;HK;Defect;ITSK000010111999;Priority 3;NA
L1;812;CNC;HK;OK;ITSK000010112101;Priority 4;NA
L1;812;CNC;HK;Defect;ITSK000010112130;Priority 3;NA
L1;812;CNC;HK;OK;ITSK000010112225;Priority 4;NA
L1;812;CNC;HK;OK;ITSK000010112238;Priority 4;NA
L1;812;CNC;HK;OK;ITSK000010112560;Priority 4;NA
L1;812;CNC;HK;OK;ITSK000010112572;Priority 4;NA
L1;DXE;CNC;HK;OK;ITSK000010112651;Priority 4;NA
L1;DXE;CNC;HK;OK;ITSK000010112675;Priority 4;NA
L1;812;CNC;HK;OK;ITSK000010112801;Priority 4;NA
L1;812;CNC;HK;OK;ITSK000010113015;Priority 4;NA
L1;MNT;CNC;HK;OK;ITSK000010113452;Priority 4;NA
L1;812;CNC;INC;OK;ITSK000010113455;Priority 4;NA
L1;812;CNC;HK;OK;ITSK000010113456;Priority 4;NA
L1;812;CNC;HK;OK;ITSK000010113585;Priority 3;NA
L1;DXE;CNC;HK;OK;ITSK000010113672;Priority 4;NA
L1;DXE;CNC;HK;OK;ITSK000010113676;Priority 3;NA
L1;DXE;CNC;HK;OK;ITSK000010113688;Priority 3;NA
L1;812;CNC;HK;OK;ITSK000010113815;Priority 4;NA
L1;DXE;CNC;HK;OK;ITSK000010113995;Priority 4;NA
L1;812;CNC;HK;OK;ITSK000010114475;Priority 4;NA
L1;812;CNC;HK;OK;ITSK000010114521;Priority 4;NA
L1;812;CNC;HK;OK;ITSK000010114700;Priority 4;NA
L1;812;CNC;HK;OK;ITSK000010114717;Priority 4;NA
L1;812;MON;HK;OK;ITSK000010115051;Priority 4;NA
L1;812;MON;HK;OK;ITSK000010115083;Priority 4;NA
L1;812;MON;HK;OK;ITSK000010115104;Priority 4;NA
L1;812;MON;HK;OK;ITSK000010115126;Priority 4;NA
L1;812;MON;HK;OK;ITSK000010115264;Priority 4;NA
L1;812;MON;HK;OK;ITSK000010115270;Priority 4;NA
L1;812;MON;HK;OK;ITSK000010115402;Priority 4;NA
L1;812;MON;HK;OK;ITSK000010115404;Priority 4;NA
L1;812;MON;HK;OK;ITSK000010115457;Priority 4;NA
L1;812;MON;HK;OK;ITSK000010115462;Priority 4;NA
L1;812;MON;HK;OK;ITSK000010115563;Priority 4;NA
L1;812;MON;HK;OK;ITSK000010115582;Priority 4;NA
L1;812;MON;HK;OK;ITSK000010115597;Priority 4;NA
L1;812;MON;HK;OK;ITSK000010115607;Priority 4;NA
L1;812;MON;HK;OK;ITSK000010115728;Priority 4;NA
L1;812;MON;HK;OK;ITSK000010116384;Priority 4;NA
L1;812;FUN;HK;OK;ITSK000010116387;Priority 4;NA
L1;812;MON;HK;OK;ITSK000010116404;Priority 4;NA
L1;812;MON;HK;OK;ITSK000010116408;Priority 4;NA
L1;812;MON;HK;OK;ITSK000010116409;Priority 4;NA
L1;812;MON;HK;OK;ITSK000010116588;Priority 4;NA
L1;812;MON;HK;OK;ITSK000010116589;Priority 4;NA
L1;812;MON;HK;OK;ITSK000010116590;Priority 4;NA
L1;812;MON;HK;OK;ITSK000010116595;Priority 4;NA
L1;812;MON;HK;OK;ITSK000010116608;Priority 4;NA
L1;DXE;MON;HK;OK;ITSK000010116611;Priority 4;NA
L1;812;FUN;HK;OK;ITSK000010116614;Priority 4;NA
L1;812;MON;HK;OK;ITSK000010116615;Priority 4;NA
L1;812;MON;HK;OK;ITSK000010116616;Priority 4;NA
L1;812;MON;HK;OK;ITSK000010116617;Priority 4;NA
L1;812;MON;HK;OK;ITSK000010116619;Priority 4;NA
L1;812;MON;HK;OK;ITSK000010116687;Priority 3;NA
L1;812;MON;HK;OK;ITSK000010116692;Priority 4;NA
L1;812;MON;HK;OK;ITSK000010116716;Priority 4;NA
L1;DXE;MON;HK;OK;ITSK000010116719;Priority 4;NA
L1;812;MON;HK;OK;ITSK000010116720;Priority 4;NA
L1;812;MON;HK;OK;ITSK000010116732;Priority 3;NA
L1;812;MON;HK;OK;ITSK000010116739;Priority 3;NA
L1;812;MON;HK;OK;ITSK000010116746;Priority 4;NA
L1;812;MON;HK;OK;ITSK000010116972;Priority 4;NA
L1;812;MON;HK;OK;ITSK000010116984;Priority 4;NA
L1;DXE;MON;HK;OK;ITSK000010117183;Priority 4;NA
CNC;812;MON;HK;Defect;ITSK000010117193;Priority 4;NA
L1;812;MON;HK;OK;ITSK000010117196;Priority 4;NA
L1;812;MON;HK;OK;ITSK000010117231;Priority 4;NA
L1;812;MON;HK;OK;ITSK000010117232;Priority 3;NA
L1;812;MON;HK;OK;ITSK000010117236;Priority 4;NA
CNC;812;MON;HK;Defect;ITSK000010117327;Priority 3;NA
L1;812;MON;HK;OK;ITSK000010117357;Priority 4;NA
CNC;WS;MON;HK;Defect;ITSK000010117427;Priority 3;NA
L1;812;MON;HK;OK;ITSK000010117741;Priority 4;NA
L1;DXE;MON;HK;Defect;ITSK000010117828;Priority 3;NA
CNC;812;MON;HK;OK;ITSK000010117846;Priority 4;NA
L1;DXE;MON;HK;OK;ITSK000010117988;Priority 4;NA
CNC;DXE;MON;HK;Defect;ITSK000010118077;Priority 4;NA
L1;812;MON;HK;OK;ITSK000010118100;Priority 4;NA
L1;812;MON;HK;OK;ITSK000010118559;Priority 4;NA
L1;812;MON;HK;OK;ITSK000010118668;Priority 4;NA
L1;812;MON;HK;OK;ITSK000010118670;Priority 4;NA
CNC;812;MON;HK;OK;ITSK000010118789;Priority 4;NA
L1;812;MON;HK;OK;ITSK000010118791;Priority 4;NA
L1;812;MON;HK;OK;ITSK000010118793;Priority 4;NA
L1;812;MON;HK;OK;ITSK000010118821;Priority 4;NA
L1;812;MON;HK;OK;ITSK000010118822;Priority 4;NA
L1;812;MON;HK;OK;ITSK000010118996;Priority 4;NA
L1;812;MON;HK;OK;ITSK000010119375;Priority 4;NA
L1;812;MON;HK;OK;ITSK000010119376;Priority 3;NA
L1;812;MON;HK;OK;ITSK000010119472;Priority 4;NA
L1;812;MON;HK;OK;ITSK000010119500;Priority 4;NA
L1;812;MON;HK;OK;ITSK000010119511;Priority 4;NA
L1;812;MON;HK;OK;ITSK000010119583;Priority 3;NA
L1;812;MON;HK;OK;ITSK000010119618;Priority 3;NA
L1;812;MON;HK;OK;ITSK000010119648;Priority 4;NA
L1;812;MON;HK;OK;ITSK000010119651;Priority 3;NA
L1;812;MON;HK;OK;ITSK000010119656;Priority 4;NA
L1;812;MON;HK;OK;ITSK000010119755;Priority 4;NA
L1;812;MON;HK;Defect;ITSK000010119756;Priority 3;NA
L1;812;MON;HK;OK;ITSK000010119762;Priority 4;NA
L1;812;MON;HK;OK;ITSK000010119769;Priority 4;NA
L1;812;MON;HK;OK;ITSK000010119969;Priority 4;NA
L1;812;MON;HK;OK;ITSK000010120060;Priority 4;NA
L1;DPY;MON;HK;OK;ITSK000010120175;Priority 4;NA
L1;812;MON;HK;OK;ITSK000010120257;Priority 4;NA
L1;812;MON;HK;OK;ITSK000010120299;Priority 3;NA
L1;812;MON;HK;OK;ITSK000010120363;Priority 3;NA
L1;812;MON;HK;OK;ITSK000010120368;Priority 4;NA
L1;812;MON;HK;OK;ITSK000010120691;Priority 4;NA
L1;812;MON;HK;OK;ITSK000010120696;Priority 4;NA
L1;812;MON;HK;OK;ITSK000010120785;Priority 4;NA
L1;812;MON;HK;OK;ITSK000010120793;Priority 4;NA
L1;812;MON;HK;OK;ITSK000010120843;Priority 3;NA
L1;812;MON;HK;OK;ITSK000010120844;Priority 4;NA
L1;812;MON;HK;OK;ITSK000010120846;Priority 3;NA
L1;812;MON;HK;OK;ITSK000010120963;Priority 4;NA
L1;812;MON;HK;OK;ITSK000010120966;Priority 4;NA
L1;812;MON;HK;OK;ITSK000010121062;Priority 3;NA
L1;812;MON;HK;OK;ITSK000010121401;Priority 4;NA
L1;812;MON;HK;OK;ITSK000010121402;Priority 3;NA
L1;812;MON;HK;OK;ITSK000010121403;Priority 4;NA
L1;812;MON;HK;OK;ITSK000010121510;Priority 4;NA
L1;812;MON;HK;OK;ITSK000010121612;Priority 4;NA
L1;812;MON;HK;OK;ITSK000010121626;Priority 4;NA
L1;812;MON;HK;OK;ITSK000010121640;Priority 4;NA
L1;812;MON;HK;OK;ITSK000010121727;Priority 4;NA
L1;DPY;MON;HK;OK;ITSK000010121996;Priority 4;NA
L1;812;MON;HK;OK;ITSK000010122117;Priority 4;NA
L1;812;MON;HK;OK;ITSK000010122123;Priority 4;NA
L1;812;MON;HK;OK;ITSK000010122198;Priority 4;NA
L1;812;MON;HK;OK;ITSK000010122214;Priority 4;NA
L1;812;MON;HK;OK;ITSK000010122241;Priority 4;NA
L1;812;MON;HK;OK;ITSK000010122318;Priority 4;NA
L1;812;MON;HK;OK;ITSK000010122323;Priority 3;NA
L1;812;MON;HK;OK;ITSK000010122324;Priority 4;NA
L1;812;MON;HK;OK;ITSK000010122393;Priority 3;NA
L1;812;MON;HK;OK;ITSK000010122419;Priority 3;NA
L1;812;MON;HK;OK;ITSK000010122617;Priority 4;NA
L1;812;MON;HK;OK;ITSK000010122681;Priority 4;NA
L1;812;MON;HK;OK;ITSK000010122686;Priority 4;NA
L1;DPY;MON;HK;OK;ITSK000010122688;Priority 4;NA
L1;812;MON;HK;OK;ITSK000010122696;Priority 4;NA
L1;812;MON;HK;OK;ITSK000010122707;Priority 4;NA
L1;812;MON;HK;OK;ITSK000010122883;Priority 4;NA
L1;812;MON;HK;OK;ITSK000010122921;Priority 3;NA
L1;812;MON;HK;OK;ITSK000010123187;Priority 4;NA
L1;812;MON;HK;OK;ITSK000010123188;Priority 4;NA
L1;812;MON;HK;OK;ITSK000010123243;Priority 4;NA
L1;812;MON;HK;OK;ITSK000010123358;Priority 4;NA
L1;812;MON;HK;OK;ITSK000010123407;Priority 4;NA
L1;812;MON;HK;OK;ITSK000010123409;Priority 4;NA
L1;812;MON;HK;OK;ITSK000010123425;Priority 4;NA
L1;812;MON;HK;OK;ITSK000010123426;Priority 4;NA
L1;812;MON;HK;OK;ITSK000010123507;Priority 4;NA
L1;812;MON;HK;OK;ITSK000010123692;Priority 4;NA
L1;812;MON;HK;OK;ITSK000010123724;Priority 3;NA
L1;812;MON;HK;OK;ITSK000010123725;Priority 4;NA
L1;DPY;MON;HK;OK;ITSK000010124020;Priority 4;NA
L1;812;MON;HK;OK;ITSK000010124047;Priority 4;NA
L1;812;MON;HK;OK;ITSK000010124048;Priority 4;NA
L1;812;MON;HK;OK;ITSK000010124373;Priority 4;NA
L1;DPY;MON;HK;OK;ITSK000010124384;Priority 4;NA
L1;812;MON;HK;OK;ITSK000010124404;Priority 4;NA
L1;DPY;MON;HK;OK;ITSK000010124454;Priority 4;NA
L1;812;MON;HK;OK;ITSK000010124476;Priority 4;NA
L1;812;MON;HK;OK;ITSK000010124477;Priority 4;NA
L1;DPY;MON;HK;OK;ITSK000010124487;Priority 4;NA
L1;812;MON;HK;Defect;ITSK000010124593;Priority 4;NA
L1;812;MON;HK;OK;ITSK000010124682;Priority 4;NA
L1;812;MON;HK;OK;ITSK000010124684;Priority 4;NA
L1;812;MON;HK;OK;ITSK000010124685;Priority 4;NA
L1;812;MON;HK;OK;ITSK000010124704;Priority 4;NA
L1;812;MON;HK;OK;ITSK000010124886;Priority 4;NA
L1;812;MON;HK;OK;ITSK000010124892;Priority 4;NA
L1;812;MON;HK;OK;ITSK000010124963;Priority 4;NA
L1;812;MON;HK;OK;ITSK000010124965;Priority 4;NA
L1;812;MON;HK;OK;ITSK000010124968;Priority 4;NA
L1;812;MON;HK;OK;ITSK000010124985;Priority 4;NA
L1;812;MON;HK;OK;ITSK000010124995;Priority 4;NA
L1;812;MON;HK;OK;ITSK000010125077;Priority 3;NA
L1;DPY;MON;HK;OK;ITSK000010125173;Priority 4;NA
L1;812;MON;HK;OK;ITSK000010125185;Priority 4;NA
L1;812;MON;HK;OK;ITSK000010125199;Priority 4;NA
L1;DPY;MON;HK;Defect;ITSK000010125212;Priority 3;NA
L1;812;MON;HK;Defect;ITSK000010125213;Priority 4;NA
L1;812;MON;HK;Defect;ITSK000010125214;Priority 3;NA
L1;812;MON;HK;OK;ITSK000010125224;Priority 4;NA
L1;812;MON;HK;OK;ITSK000010125276;Priority 4;NA
L1;812;MON;HK;OK;ITSK000010125277;Priority 4;NA
L1;812;MON;HK;OK;ITSK000010125283;Priority 3;NA
L1;812;MON;HK;OK;ITSK000010125284;Priority 3;NA
L1;812;MON;HK;Defect;ITSK000010125292;Priority 3;NA
L1;812;MON;HK;OK;ITSK000010125442;Priority 4;NA
L1;DPY;MON;HK;Defect;ITSK000010125527;Priority 3;NA
L1;DPY;MON;HK;Defect;ITSK000010125528;Priority 3;NA
L1;812;MON;HK;OK;ITSK000010125580;Priority 4;NA
L1;812;MON;HK;OK;ITSK000010125589;Priority 3;NA
L1;812;MON;HK;OK;ITSK000010125726;Priority 4;NA
L1;812;MON;HK;OK;ITSK000010125730;Priority 4;NA
L1;812;MON;HK;OK;ITSK000010125939;Priority 3;NA
L1;812;MON;HK;OK;ITSK000010126298;Priority 3;NA
L1;812;MON;HK;OK;ITSK000010126568;Priority 4;NA
L1;812;MON;HK;OK;ITSK000010126701;Priority 4;NA
L1;812;MON;HK;OK;ITSK000010126910;Priority 4;NA
L1;812;MON;HK;OK;ITSK000010127053;Priority 4;NA
L1;812;MON;HK;OK;ITSK000010127059;Priority 4;NA
L1;812;MON;HK;OK;ITSK000010127068;Priority 4;NA
L1;812;MON;HK;OK;ITSK000010127072;Priority 4;NA
L1;DPE;MON;HK;OK;ITSK000010127078;Priority 4;NA
L1;812;MON;HK;OK;ITSK000010127398;Priority 4;NA
L1;812;MON;HK;OK;ITSK000010127504;Priority 4;NA
L1;812;MON;HK;OK;ITSK000010127605;Priority 4;NA
L1;812;MON;HK;OK;ITSK000010127640;Priority 4;NA
L1;812;MON;HK;OK;ITSK000010127658;Priority 4;NA
L1;812;MON;HK;OK;ITSK000010127665;Priority 4;NA
L1;812;MON;HK;OK;ITSK000010127742;Priority 3;NA
L1;812;MON;HK;OK;ITSK000010127874;Priority 4;NA
L1;DPE;MON;HK;OK;ITSK000010127882;Priority 3;NA
L1;812;MON;HK;OK;ITSK000010127884;Priority 4;NA
L1;812;MON;HK;Defect;ITSK000010127921;Priority 4;NA
L1;812;MON;HK;OK;ITSK000010128452;Priority 4;NA
L1;812;MON;HK;OK;ITSK000010128453;Priority 3;NA
L1;812;MON;HK;OK;ITSK000010128517;Priority 4;NA
L1;812;MON;HK;OK;ITSK000010128519;Priority 4;NA
L1;812;MON;HK;OK;ITSK000010128523;Priority 4;NA
L1;812;MON;HK;OK;ITSK000010128524;Priority 4;NA
L1;DPE;MON;HK;OK;ITSK000010128595;Priority 3;NA
L1;812;MON;HK;OK;ITSK000010128635;Priority 4;NA
L1;812;MON;HK;OK;ITSK000010128639;Priority 4;NA
L1;812;MON;HK;OK;ITSK000010128961;Priority 4;NA
L1;812;MON;HK;OK;ITSK000010129049;Priority 4;NA
L1;CRD;MON;HK;OK;ITSK000010129105;Priority 3;NA
L1;812;MON;HK;OK;ITSK000010129194;Priority 3;NA
L1;812;MON;HK;OK;ITSK000010129358;Priority 4;NA
L1;DPE;MON;HK;OK;ITSK000010129377;Priority 3;NA
L1;812;MON;HK;OK;ITSK000010129645;Priority 4;NA
L1;812;MON;HK;OK;ITSK000010129646;Priority 3;NA
L1;812;MON;HK;OK;ITSK000010133442;Priority 4;NA
L1;812;MON;HK;OK;ITSK000010133476;Priority 4;NA
L1;812;MON;HK;OK;ITSK000010133531;Priority 4;NA
L1;812;MON;HK;OK;ITSK000010133534;Priority 4;NA
L1;812;MON;HK;OK;ITSK000010133617;Priority 4;NA
L1;812;MON;HK;OK;ITSK000010133649;Priority 4;NA
L1;812;MON;HK;OK;ITSK000010133650;Priority 4;NA
L1;812;MON;HK;OK;ITSK000010133651;Priority 4;NA
L1;812;MON;HK;OK;ITSK000010133652;Priority 4;NA
L1;812;MON;HK;OK;ITSK000010133661;Priority 4;NA
L1;812;MON;HK;OK;ITSK000010133699;Priority 4;NA
L1;812;MON;HK;OK;ITSK000010133849;Priority 4;NA
L1;812;MON;HK;OK;ITSK000010133911;Priority 3;NA
L1;812;MON;HK;Defect;ITSK000010133926;Priority 4;NA
L1;812;MON;HK;Defect;ITSK000010133932;Priority 3;NA
L1;812;MON;HK;OK;ITSK000010133983;Priority 4;NA
L1;812;MON;HK;OK;ITSK000010134056;Priority 4;NA
L1;DPY;MON;HK;Defect;ITSK000010134131;Priority 4;NA
L1;DPY;CNC;HK;OK;ITSK000010134141;Priority 4;NA
L1;812;MON;HK;OK;ITSK000010134293;Priority 4;NA
L1;812;MON;HK;OK;ITSK000010134295;Priority 4;NA
L1;812;MON;HK;OK;ITSK000010134296;Priority 4;NA
L1;DPY;CNC;HK;OK;ITSK000010134334;Priority 3;NA
CNC;812;MON;HK;OK;ITSK000010134468;Priority 4;NA
CNC;812;MON;HK;OK;ITSK000010134573;Priority 4;NA
L1;812;MON;HK;OK;ITSK000010134624;Priority 4;NA
L1;812;MON;HK;OK;ITSK000010134643;Priority 4;NA
L1;812;MON;HK;OK;ITSK000010134649;Priority 4;NA
L1;812;MON;HK;OK;ITSK000010134802;Priority 4;NA
L1;812;MON;HK;OK;ITSK000010135669;Priority 4;NA
L1;812;MON;HK;OK;ITSK000010135732;Priority 4;NA
CNC;812;MON;HK;OK;ITSK000010135733;Priority 4;NA
CNC;812;MON;HK;Defect;ITSK000010135739;Priority 4;NA
L1;812;MON;HK;Defect;ITSK000010135746;Priority 4;NA
CNC;812;MON;HK;OK;ITSK000010135751;Priority 4;NA
CNC;812;MON;HK;OK;ITSK000010135842;Priority 4;NA
CNC;812;MON;HK;OK;ITSK000010135846;Priority 4;NA
L1;812;MON;HK;OK;ITSK000010135874;Priority 4;NA
CNC;812;MON;HK;OK;ITSK000010136297;Priority 4;NA
CNC;812;MON;HK;OK;ITSK000010136398;Priority 4;NA
CNC;812;MON;HK;OK;ITSK000010136489;Priority 4;NA
L1;812;MON;HK;Defect;ITSK000010136511;Priority 4;NA
CNC;MNT;MON;HK;OK;ITSK000010136531;Priority 4;NA
L1;812;MON;HK;OK;ITSK000010136628;Priority 4;NA
CNC;812;MON;HK;Defect;ITSK000010136631;Priority 3;NA
CNC;812;MON;HK;Defect;ITSK000010136846;Priority 3;NA
L1;812;MON;HK;Defect;ITSK000010137244;Priority 4;NA
L1;812;MON;HK;Defect;ITSK000010137246;Priority 4;NA
L1;812;MON;HK;OK;ITSK000010137261;Priority 4;NA
L1;812;MON;HK;Defect;ITSK000010137462;Priority 3;NA
L1;812;MON;HK;Defect;ITSK000010137587;Priority 3;NA
L1;812;MON;HK;OK;ITSK000010137598;Priority 4;NA
L1;812;MON;HK;OK;ITSK000010137599;Priority 4;NA
L1;812;CNC;HK;OK;ITSK000010137782;Priority 4;NA
L1;812;MON;HK;OK;ITSK000010137802;Priority 4;NA
CNC;812;MON;HK;Defect;ITSK000010137873;Priority 3;NA
CNC;812;MON;HK;OK;ITSK000010137879;Priority 4;NA
L1;812;MON;HK;Defect;ITSK000010137899;Priority 3;NA
L1;812;MON;HK;OK;ITSK000010137912;Priority 4;NA
L1;812;MON;HK;OK;ITSK000010138099;Priority 4;NA
L1;812;MON;HK;OK;ITSK000010138121;Priority 4;NA
L1;812;MON;HK;OK;ITSK000010138146;Priority 4;NA
CNC;812;MON;HK;OK;ITSK000010138214;Priority 4;NA
CNC;812;MON;HK;Defect;ITSK000010138328;Priority 4;NA
L1;812;MON;HK;OK;ITSK000010138343;Priority 4;NA
L1;812;MON;HK;OK;ITSK000010138348;Priority 4;NA
CNC;812;MON;HK;OK;ITSK000010138467;Priority 4;NA
L1;812;MON;HK;OK;ITSK000010138922;Priority 4;NA
L1;812;MON;HK;OK;ITSK000010138929;Priority 4;NA
CNC;812;MON;HK;OK;ITSK000010139028;Priority 4;NA
L1;812;MON;HK;Defect;ITSK000010139053;Priority 3;NA
L1;812;MON;HK;Defect;ITSK000010139055;Priority 4;NA
CNC;812;MON;HK;OK;ITSK000010139056;Priority 4;NA
L1;812;MON;HK;Defect;ITSK000010139061;Priority 3;NA
CNC;812;MON;HK;OK;ITSK000010139698;Priority 4;NA
CNC;812;MON;HK;OK;ITSK000010139798;Priority 4;NA
CNC;812;MON;HK;OK;ITSK000010139800;Priority 4;NA
CNC;812;MON;HK;Defect;ITSK000010139893;Priority 4;NA
CNC;812;MON;HK;OK;ITSK000010139894;Priority 4;NA
CNC;812;MON;HK;Defect;ITSK000010140236;Priority 3;NA
FUN;812;MON;HK;OK;ITSK000010140485;Priority 4;NA
FUN;812;MON;HK;OK;ITSK000010140489;Priority 4;NA
CNC;812;MON;HK;OK;ITSK000010140998;Priority 4;NA
FUN;812;MON;HK;OK;ITSK000010141022;Priority 4;NA
FUN;812;MON;HK;Defect;ITSK000010141029;Priority 3;NA
CNC;812;MON;HK;Defect;ITSK000010141110;Priority 3;NA
FUN;812;MON;HK;OK;ITSK000010141146;Priority 4;NA
FUN;MNT;MON;HK;OK;ITSK000010141154;Priority 3;NA
CNC;812;MON;HK;Defect;ITSK000010141208;Priority 4;NA
FUN;812;MON;HK;Defect;ITSK000010141226;Priority 3;NA
FUN;812;MON;HK;OK;ITSK000010141316;Priority 4;NA
L1;812;MON;HK;OK;ITSK000010141698;Priority 4;NA
L1;812;MON;HK;OK;ITSK000010141728;Priority 4;NA
L1;812;MON;HK;OK;ITSK000010142246;Priority 4;NA
L1;812;MON;HK;OK;ITSK000010142247;Priority 4;NA
L1;812;MON;HK;OK;ITSK000010142891;Priority 3;NA
L1;BWI;L1 ;HK;OK;ITSK000010143217;Priority 4;NA
L1;812;MON;HK;Defect;ITSK000010143244;Priority 4;NA
L1;812;MON;HK;OK;ITSK000010143409;Priority 4;NA
L1;812;MON;HK;OK;ITSK000010143456;Priority 4;NA
L1;812;MON;HK;OK;ITSK000010143461;Priority 4;NA
L1;812;MON;HK;Defect;ITSK000010143607;Priority 4;NA
L1;812;MON;HK;OK;ITSK000010144030;Priority 4;NA
L1;812;MON;HK;OK;ITSK000010144738;Priority 4;NA
L1;812;MON;HK;OK;ITSK000010144740;Priority 3;NA
L1;812;MON;HK;OK;ITSK000010144839;Priority 3;NA
CNC;812;MON;HK;OK;ITSK000010146520;Priority 4;NA
CNC;812;MON;HK;OK;ITSK000010146524;Priority 4;NA
L1;812;MON;HK;OK;ITSK000010146661;Priority 4;NA
CNC;812;MON;HK;Defect;ITSK000010146700;Priority 4;NA
CNC;812;MON;HK;OK;ITSK000010146701;Priority 4;NA
CNC;812;MON;HK;OK;ITSK000010146707;Priority 4;NA
L1;812;MON;HK;OK;ITSK000010146828;Priority 4;NA
L1;812;MON;HK;Defect;ITSK000010146829;Priority 4;NA
CNC;812;MON;HK;OK;ITSK000010146840;Priority 4;NA
CNC;812;MON;HK;OK;ITSK000010146843;Priority 4;NA
L1;812;MON;HK;OK;ITSK000010147374;Priority 4;NA
CNC;DPY;MON;HK;Defect;ITSK000010147403;Priority 4;NA
CNC;812;MON;HK;Defect;ITSK000010147409;Priority 3;NA
CNC;812;MON;HK;Defect;ITSK000010147412;Priority 3;NA
CNC;812;MON;HK;OK;ITSK000010147598;Priority 4;NA
CNC;812;MON;HK;OK;ITSK000010147793;Priority 4;NA
CNC;812;MON;HK;OK;ITSK000010147798;Priority 4;NA
CNC;812;MON;HK;OK;ITSK000010147806;Priority 4;NA
L1;812;MON;HK;Defect;ITSK000010147911;Priority 4;NA
CNC;DPY;MON;HK;OK;ITSK000010147944;Priority 4;NA
CNC;812;MON;HK;OK;ITSK000010148150;Priority 4;NA
CNC;812;MON;HK;OK;ITSK000010148649;Priority 4;NA
L1;812;MON;HK;OK;ITSK000010148777;Priority 3;NA
L1;812;MON;HK;OK;ITSK000010148815;Priority 4;NA
L1;DPY;MON;HK;OK;ITSK000010148973;Priority 4;NA
L1;812;MON;HK;Defect;ITSK000010151132;Priority 4;NA
CNC;812;MON;HK;OK;ITSK000010151135;Priority 4;NA
CNC;812;MON;HK;OK;ITSK000010151139;Priority 4;NA
CNC;812;MON;HK;Defect;ITSK000010151143;Priority 4;NA
L1;812;MON;HK;OK;ITSK000010151808;Priority 4;NA
L1;812;MON;HK;OK;ITSK000010151961;Priority 4;NA
L1;812;MON;HK;OK;ITSK000010151975;Priority 4;NA
L1;DPY;MON;HK;OK;ITSK000010151979;Priority 4;NA
L1;812;MON;HK;Defect;ITSK000010152116;Priority 4;NA
L1;812;MON;HK;OK;ITSK000010152132;Priority 4;NA
L1;812;MON;HK;Defect;ITSK000010152141;Priority 4;NA
CNC;812;MON;HK;OK;ITSK000010152152;Priority 4;NA
L1;812;MON;HK;Defect;ITSK000010152260;Priority 3;NA
L1;812;MON;HK;Defect;ITSK000010152282;Priority 4;NA
CNC;812;MON;HK;Defect;ITSK000010152306;Priority 4;NA
CNC;812;MON;HK;OK;ITSK000010152309;Priority 4;NA
CNC;812;MON;HK;OK;ITSK000010152453;Priority 4;NA
CNC;DPY;MON;HK;Defect;ITSK000010152458;Priority 3;NA
CNC;812;MON;HK;OK;ITSK000010152480;Priority 4;NA
L1;812;MON;HK;OK;ITSK000010152813;Priority 4;NA
L1;812;MON;HK;Defect;ITSK000010152814;Priority 4;NA
L1;812;MON;HK;Defect;ITSK000010152819;Priority 3;NA
L1;812;MON;HK;OK;ITSK000010152821;Priority 4;NA
CNC;812;MON;HK;OK;ITSK000010152940;Priority 4;NA
CNC;DPY;MON;HK;Defect;ITSK000010152948;Priority 3;NA
CNC;DPY;MON;HK;Defect;ITSK000010152952;Priority 4;NA
L1;812;MON;HK;Defect;ITSK000010153100;Priority 4;NA
L1;812;MON;HK;OK;ITSK000010153137;Priority 4;NA
L1;812;MON;HK;Defect;ITSK000010153251;Priority 4;NA
CNC;812;MON;HK;OK;ITSK000010153283;Priority 4;NA
CNC;812;MON;HK;OK;ITSK000010153401;Priority 4;NA
CNC;812;MON;HK;Defect;ITSK000010153404;Priority 3;NA
CNC;DPY;MON;HK;OK;ITSK000010153418;Priority 4;NA
L1;812;MON;HK;OK;ITSK000010153796;Priority 4;NA
L1;812;MON;HK;OK;ITSK000010153813;Priority 4;NA
L1;812;MON;HK;OK;ITSK000010153820;Priority 4;NA
L1;DPY;MON;HK;OK;ITSK000010153985;Priority 4;NA
L1;BWI;L1 ;HK;OK;ITSK000010154123;Priority 4;NA
L1;812;MON;HK;OK;ITSK000010155620;Priority 4;NA
L1;812;MON;HK;OK;ITSK000010155645;Priority 4;NA
DBA;812;MON;HK;OK;ITSK000010155665;Priority 4;NA
TEC;812;MON;HK;Defect;ITSK000010155796;Priority 4;NA
CNC;812;MON;HK;Defect;ITSK000010155901;Priority 4;NA
SEC;812;MON;HK;OK;ITSK000010155931;Priority 4;NA
L1;812;MON;HK;Defect;ITSK000010156038;Priority 4;NA
CNC;812;MON;HK;Defect;ITSK000010156039;Priority 4;NA
L1;812;MON;HK;Defect;ITSK000010156562;Priority 4;NA
CNC;812;MON;HK;OK;ITSK000010156702;Priority 4;NA
SEC;812;MON;HK;OK;ITSK000010156868;Priority 4;NA
812;812;MON;HK;Defect;ITSK000010156873;Priority 3;NA
L1;812;MON;HK;OK;ITSK000010156895;Priority 4;NA
L1;DXE;MON;HK;OK;ITSK000010156904;Priority 4;NA
CNC;812;MON;HK;OK;ITSK000010156916;Priority 4;NA
APS;812;MON;HK;Defect;ITSK000010156996;Priority 3;NA
CNC;812;MON;HK;Defect;ITSK000010157002;Priority 4;NA
L1;812;CNC;HK;Defect;ITSK000010157018;Priority 4;NA
SEC;812;MON;HK;Defect;ITSK000010157139;Priority 3;NA
L1;812;MON;HK;OK;ITSK000010157141;Priority 4;NA
CNC;812;MON;HK;Defect;ITSK000010157179;Priority 3;NA
CNC;812;MON;HK;Defect;ITSK000010157276;Priority 4;NA
L1;812;MON;HK;OK;ITSK000010157767;Priority 4;NA
CNC;812;MON;HK;Defect;ITSK000010157769;Priority 3;NA
L1;812;MON;HK;Defect;ITSK000010161374;Priority 1;NA
L1;812;MON;HK;Defect;ITSK000010161566;Priority 1;NA
L1;812;MON;HK;Defect;ITSK000010161803;Priority 1;NA
L1;812;MON;HK;Defect;ITSK000010162725;Priority 1;NA
CNC;812;MON;HK;Defect;ITSK000010164121;Priority 1;NA
L1;812;MON;HK;Defect;ITSK000010165968;Priority 4;NA
L1;812;MON;HK;Defect;ITSK000010166013;Priority 4;NA
CNC;812;MON;HK;Defect;ITSK000010166071;Priority 4;NA
CNC;812;MON;HK;Defect;ITSK000010166176;Priority 4;NA
CNC;812;MON;HK;Defect;ITSK000010166249;Priority 3;NA
L1;812;MON;HK;Defect;ITSK000010166284;Priority 4;NA
L1;812;MON;HK;Defect;ITSK000010166497;Priority 4;NA
CNC;812;MON;HK;Defect;ITSK000010166558;Priority 3;NA
CNC;812;MON;HK;Defect;ITSK000010166563;Priority 4;NA
CNC;812;MON;HK;Defect;ITSK000010166578;Priority 3;NA
CNC;812;MON;HK;Defect;ITSK000010166735;Priority 4;NA
L1;812;MON;HK;Defect;ITSK000010166823;Priority 3;NA
CNC;812;MON;HK;Defect;ITSK000010166825;Priority 4;NA
CNC;812;MON;HK;Defect;ITSK000010167433;Priority 4;NA
L1;812;MON;HK;Defect;ITSK000010167522;Priority 4;NA
L1;812;MON;HK;OK;ITSK000010167876;Priority 4;NA
L1;812;MON;HK;OK;ITSK000010168061;Priority 4;NA
CNC;812;MON;HK;OK;ITSK000010168066;Priority 4;NA
CNC;812;MON;HK;OK;ITSK000010168833;Priority 4;NA
CNC;812;MON;HK;Defect;ITSK000010168944;Priority 4;NA
CNC;812;MON;HK;Defect;ITSK000010169069;Priority 4;NA
L1;812;MON;HK;Defect;ITSK000010169109;Priority 4;NA
CNC;812;MON;HK;Defect;ITSK000010169537;Priority 4;NA
CNC;812;MON;HK;Defect;ITSK000010169538;Priority 4;NA
L1;812;MON;HK;Defect;ITSK000010169654;Priority 4;NA
L1;812;MON;HK;Defect;ITSK000010169847;Priority 4;NA
L1;812;MON;HK;Defect;ITSK000010169878;Priority 4;NA
L1;812;MON;HK;Defect;ITSK000010169889;Priority 4;NA
L1;812;MON;HK;Defect;ITSK000010169983;Priority 4;NA
L1;812;MON;HK;Defect;ITSK000010170302;Priority 4;NA
L1;812;MON;HK;Defect;ITSK000010170315;Priority 4;NA
CNC;812;MON;HK;Defect;ITSK000010170387;Priority 4;NA
L1;812;MON;HK;Defect;ITSK000010170525;Priority 4;NA
L1;812;MON;HK;Defect;ITSK000010170532;Priority 4;NA
L1;812;MON;HK;Defect;ITSK000010170538;Priority 4;NA
CNC;812;MON;HK;Defect;ITSK000010170622;Priority 4;NA
CNC;812;MON;HK;Defect;ITSK000010170643;Priority 3;NA
L1;812;MON;HK;Defect;ITSK000010170763;Priority 4;NA
L1;812;MON;HK;Defect;ITSK000010172369;Priority 4;NA
CNC;812;MON;HK;Defect;ITSK000010172735;Priority 4;NA
L1;812;MON;HK;Defect;ITSK000010173258;Priority 4;NA
L1;812;MON;HK;Defect;ITSK000010173281;Priority 3;NA
L1;812;MON;HK;Defect;ITSK000010173289;Priority 4;NA
CNC;812;MON;HK;Defect;ITSK000010173543;Priority 4;NA
L1;812;MON;HK;Defect;ITSK000010173559;Priority 4;NA
CNC;812;MON;HK;Defect;ITSK000010173763;Priority 4;NA
L1;812;MON;HK;Defect;ITSK000010173795;Priority 4;NA
L1;812;MON;HK;Defect;ITSK000010173941;Priority 4;NA
L1;812;MON;HK;Defect;ITSK000010174063;Priority 4;NA
L1;812;MON;HK;Defect;ITSK000010174081;Priority 4;NA
L1;812;MON;HK;Defect;ITSK000010174082;Priority 4;NA
L1;812;MON;HK;Defect;ITSK000010174378;Priority 4;NA
L1;812;MON;HK;Defect;ITSK000010174532;Priority 4;NA
CNC;812;MON;HK;Defect;ITSK000010174622;Priority 4;NA
CNC;812;MON;HK;Defect;ITSK000010174635;Priority 4;NA
L1;812;MON;HK;Defect;ITSK000010174671;Priority 4;NA
L1;812;MON;HK;Defect;ITSK000010174916;Priority 4;NA
L1;812;MON;HK;Defect;ITSK000010175357;Priority 4;NA
L1;812;MON;HK;Defect;ITSK000010175358;Priority 4;NA
CNC;812;MON;HK;Defect;ITSK000010175497;Priority 4;NA
L1;812;MON;HK;Defect;ITSK000010175505;Priority 4;NA
CNC;812;MON;HK;Defect;ITSK000010175627;Priority 4;NA
CNC;812;MON;HK;Defect;ITSK000010175628;Priority 4;NA
L1;812;MON;HK;Defect;ITSK000010175638;Priority 4;NA
CNC;812;MON;HK;Defect;ITSK000010176348;Priority 4;NA
L1;812;MON;HK;Defect;ITSK000010176507;Priority 3;NA
L1;812;MON;HK;Defect;ITSK000010176510;Priority 4;NA
L1;812;MON;HK;Defect;ITSK000010176517;Priority 4;NA
L1;812;MON;HK;Defect;ITSK000010176796;Priority 4;NA
L1;812;MON;HK;Defect;ITSK000010176797;Priority 3;NA
L1;812;MON;HK;Defect;ITSK000010176798;Priority 4;NA
L1;812;MON;HK;Defect;ITSK000010176815;Priority 4;NA
L1;812;MON;HK;Defect;ITSK000010177334;Priority 4;NA
L1;812;MON;HK;Defect;ITSK000010177467;Priority 4;NA
CNC;812;MON;HK;Defect;ITSK000010177608;Priority 4;NA
L1;812;MON;HK;Defect;ITSK000010177655;Priority 4;NA
L1;812;MON;HK;Defect;ITSK000010177660;Priority 4;NA
L1;812;MON;HK;Defect;ITSK000010178365;Priority 4;NA
L1;812;MON;HK;Defect;ITSK000010178373;Priority 4;NA
L1;812;MON;HK;Defect;ITSK000010178376;Priority 4;NA
CNC;812;MON;HK;Defect;ITSK000010178382;Priority 4;NA
L1;812;MON;HK;Defect;ITSK000010178688;Priority 4;NA
L1;812;MON;HK;Defect;ITSK000010178689;Priority 4;NA
L1;812;MON;HK;Defect;ITSK000010178814;Priority 4;NA
L1;812;MON;HK;Defect;ITSK000010178853;Priority 4;NA
CNC;812;MON;HK;Defect;ITSK000010179289;Priority 4;NA
CNC;812;MON;HK;Defect;ITSK000010179405;Priority 4;NA
CNC;812;MON;HK;OK;ITSK000010179419;Priority 4;NA
CNC;812;MON;HK;Defect;ITSK000010179441;Priority 4;NA
CNC;812;MON;HK;OK;ITSK000010179554;Priority 4;NA
CNC;812;MON;HK;OK;ITSK000010179562;Priority 4;NA
CNC;812;MON;HK;OK;ITSK000010179564;Priority 4;NA
CNC;812;MON;HK;OK;ITSK000010179570;Priority 4;NA
CNC;812;MON;HK;OK;ITSK000010179685;Priority 4;NA
L1;812;MON;HK;Defect;ITSK000010179767;Priority 4;NA
L1;812;MON;HK;Defect;ITSK000010179769;Priority 4;NA
CNC;812;MON;HK;Defect;ITSK000010179802;Priority 4;NA
CNC;812;MON;HK;OK;ITSK000010179803;Priority 4;NA
CNC;812;MON;HK;OK;ITSK000010180216;Priority 4;NA
CNC;812;MON;HK;OK;ITSK000010180227;Priority 4;NA
CNC;812;MON;HK;OK;ITSK000010180244;Priority 4;NA
L1;812;MON;HK;OK;ITSK000010180333;Priority 4;NA
CNC;812;MON;HK;OK;ITSK000010180334;Priority 4;NA
L1;812;MON;HK;OK;ITSK000010180336;Priority 4;NA
L1;812;MON;HK;OK;ITSK000010180574;Priority 4;NA
CNC;EES;CNC;SR;OK;TASK000012972021;Priority 3;NA
L1;812;L1;SR;OK;TASK000012972501;Priority 3;NA
SEC;812;SEC;SR;OK;TASK000012973322;Priority 3;NA
L1;DXE;L1;SR;OK;TASK000012974454;Priority 3;NA
APS;ETH;APS;SR;OK;TASK000012975048;Priority 3;NA
SEC;812;SEC;SR;OK;TASK000012975185;Priority 3;NA
L1;812;L1;SR;OK;TASK000012975231;Priority 3;NA
SEC;OXE;SEC;SR;OK;TASK000012975336;Priority 3;NA
DBA;812;DBA;SR;OK;TASK000012975408;Priority 3;NA
FUN;COR;FUN;SR;OK;TASK000012975415;Priority 3;NA
DBA;812;DBA;SR;OK;TASK000012975536;Priority 3;NA
SCH;812;SCH;SR;OK;TASK000012975782;Priority 3;NA
SEC;812;SEC;SR;OK;TASK000012975798;Priority 3;NA
CNC;DCF;CNC;SR;OK;TASK000012975824;Priority 3;NA
FUN;EMS;FUN;SR;OK;TASK000012975834;Priority 4;NA
SEC;EMS;SEC;SR;OK;TASK000012975840;Priority 3;NA
L1;812;L1;SR;OK;TASK000012975898;Priority 3;NA
SEC;812;SEC;SR;OK;TASK000012975918;Priority 3;NA
APS;EES;APS;SR;OK;TASK000012975928;Priority 3;NA
L1;812;L1;SR;OK;TASK000012975954;Priority 3;NA
L1;812;L1;SR;OK;TASK000012976109;Priority 3;NA
CNC;BWI;CNC;SR;OK;TASK000012976123;Priority 3;NA
SEC;WS;SEC;SR;OK;TASK000012976135;Priority 3;NA
APS;EES;APS;SR;OK;TASK000012976256;Priority 3;NA
SEC;812;SEC;SR;OK;TASK000012976432;Priority 3;NA
SEC;812;SEC;SR;OK;TASK000012976502;Priority 3;NA
DBA;812;DBA;SR;OK;TASK000012976627;Priority 3;NA
SEC;812;SEC;SR;OK;TASK000012976748;Priority 3;NA
SEC;EMS;SEC;SR;OK;TASK000012976764;Priority 3;NA
SEC;OXE;SEC;SR;OK;TASK000012976775;Priority 3;NA
FUN;OXE;FUN;SR;OK;TASK000012976785;Priority 4;NA
SEC;DXE;SEC;SR;OK;TASK000012976788;Priority 3;NA
L1;BWI;L1;SR;OK;TASK000012976826;Priority 3;NA
CNC;BWI;CNC;SR;OK;TASK000012977037;Priority 3;NA
L1;812;L1;SR;OK;TASK000012977062;Priority 3;NA
SEC;BWI;SEC;SR;OK;TASK000012977107;Priority 4;NA
SEC;OXE;SEC;SR;OK;TASK000012977121;Priority 3;NA
SEC;812;SEC;SR;OK;TASK000012977191;Priority 3;NA
APS;EES;APS;SR;OK;TASK000012977272;Priority 3;NA
SEC;DXE;SEC;SR;OK;TASK000012977347;Priority 3;NA
SEC;ETH;SEC;SR;OK;TASK000012977381;Priority 3;NA
SEC;MNT;SEC;SR;OK;TASK000012977422;Priority 3;NA
FUN;EES;FUN;SR;OK;TASK000012977446;Priority 4;NA
SEC;OXE;SEC;SR;OK;TASK000012977451;Priority 3;NA
SEC;812;SEC;SR;OK;TASK000012977592;Priority 3;NA
SEC;BWI;SEC;SR;OK;TASK000012977673;Priority 3;NA
SEC;BWI;SEC;SR;OK;TASK000012977747;Priority 4;NA
SEC;812;SEC;SR;OK;TASK000012977779;Priority 3;NA
SEC;BWI;SEC;SR;OK;TASK000012977799;Priority 4;NA
L1;BWI;L1;SR;OK;TASK000012977810;Priority 3;NA
FUN;812;FUN;SR;OK;TASK000012977881;Priority 3;NA
L1;DCF;L1;SR;OK;TASK000012977886;Priority 3;NA
L1;BWI;L1;SR;OK;TASK000012977933;Priority 3;NA
SEC;ETH;SEC;SR;OK;TASK000012977937;Priority 3;NA
SEC;EMS;SEC;SR;OK;TASK000012977984;Priority 3;NA
SEC;EDS;SEC;SR;OK;TASK000012978002;Priority 3;NA
L1;BWI;L1;SR;OK;TASK000012978011;Priority 3;NA
SEC;BWI;SEC;SR;OK;TASK000012978143;Priority 4;NA
SEC;EDS;SEC;SR;OK;TASK000012978268;Priority 3;NA
CNC;LAT;CNC;SR;OK;TASK000012978364;Priority 3;NA
L1;OXE;L1;SR;OK;TASK000012978458;Priority 3;NA
SEC;BWI;SEC;SR;OK;TASK000012978606;Priority 4;NA
L1;BWI;L1;SR;OK;TASK000012978644;Priority 3;NA
L1;BWI;L1;SR;OK;TASK000012978670;Priority 3;NA
SEC;OXE;CNC;SR;OK;TASK000012978712;Priority 3;NA
L1;BWI;L1;SR;OK;TASK000012978795;Priority 3;NA
L1;BWI;L1;SR;OK;TASK000012978842;Priority 3;NA
L1;812;L1;SR;OK;TASK000012978870;Priority 3;NA
L1;812;L1;SR;OK;TASK000012978894;Priority 3;NA
L1;MNT;L1;SR;OK;TASK000012978917;Priority 3;NA
L1;DCF;L1;SR;OK;TASK000012978927;Priority 3;NA
L1;812;L1;SR;OK;TASK000012978928;Priority 3;NA
L1;BWI;L1;SR;OK;TASK000012978933;Priority 3;NA
L1;BWI;L1;SR;OK;TASK000012978940;Priority 3;NA
L1;BWI;L1;SR;OK;TASK000012978980;Priority 3;NA
L1;BWI;L1;SR;OK;TASK000012978985;Priority 3;NA
FUN;COR;FUN;SR;OK;TASK000012979013;Priority 3;NA
L1;BWI;L1;SR;OK;TASK000012979037;Priority 3;NA
L1;BWI;L1;SR;OK;TASK000012979162;Priority 3;NA
L1;OXE;L1;SR;OK;TASK000012979325;Priority 3;NA
L1;OXE;L1;SR;OK;TASK000012980002;Priority 3;NA
SEC;812;SEC;SR;OK;TASK000012980115;Priority 3;NA
FUN;COR;FUN;SR;OK;TASK000012980165;Priority 3;NA
FUN;COR;FUN;SR;OK;TASK000012980174;Priority 3;NA
L1;812;L1;SR;OK;TASK000012980271;Priority 3;NA
DBA;812;DBA;SR;OK;TASK000012980334;Priority 3;NA
DBA;812;DBA;SR;OK;TASK000012980358;Priority 3;NA
CNC;812;CNC;SR;OK;TASK000012980416;Priority 3;NA
DBA;812;DBA;SR;OK;TASK000012980475;Priority 3;NA
SEC;MNT;SEC;SR;OK;TASK000012980494;Priority 3;NA
SCH;812;SCH;SR;Defect;TASK000012980537;Priority 3;NA
L1;OXE;L1;SR;OK;TASK000012980551;Priority 3;NA
SEC;812;SEC;SR;OK;TASK000012980573;Priority 3;NA
APS;ETH;APS;SR;OK;TASK000012980615;Priority 3;NA
L1;812;L1;SR;OK;TASK000012980618;Priority 3;NA
SEC;DXE;SEC;SR;OK;TASK000012980628;Priority 3;NA
FUN;WS;FUN;SR;OK;TASK000012980657;Priority 4;NA
L1;EMS;OPS;HK;OK;TASK000012980661;Priority 3;NA
SEC;812;SEC;SR;OK;TASK000012980705;Priority 3;NA
SEC;812;SEC;SR;OK;TASK000012980741;Priority 3;NA
DBA;812;DBA;SR;OK;TASK000012980743;Priority 3;NA
L1;OXE;L1;SR;OK;TASK000012980758;Priority 3;NA
SEC;812;SEC;SR;OK;TASK000012980772;Priority 3;NA
SEC;MNT;SEC;SR;OK;TASK000012980784;Priority 3;NA
DBA;812;DBA;SR;OK;TASK000012980873;Priority 3;NA
L1;BWI;L1;SR;OK;TASK000012980904;Priority 3;NA
SEC;812;SEC;SR;OK;TASK000012980981;Priority 3;NA
L1;BWI;L1;SR;OK;TASK000012980996;Priority 3;NA
FUN;COR;FUN;SR;OK;TASK000012981012;Priority 3;NA
APS;ETH;APS;SR;OK;TASK000012981136;Priority 3;NA
SEC;MNT;SEC;SR;Defect;TASK000012981140;Priority 3;NA
SEC;WS;SEC;SR;OK;TASK000012981147;Priority 3;NA
SEC;DXE;SEC;SR;OK;TASK000012981292;Priority 3;NA
L1;OXE;L1;SR;OK;TASK000012981308;Priority 3;NA
L1;812;L1;SR;OK;TASK000012981311;Priority 3;NA
SEC;CAN;SEC;SR;OK;TASK000012981323;Priority 3;NA
SEC;BWI;SEC;SR;OK;TASK000012981339;Priority 4;NA
L1;BWI;L1;SR;OK;TASK000012981376;Priority 3;NA
SEC;ETH;SEC;SR;OK;TASK000012981380;Priority 3;NA
CNC;DPY;CNC;SR;OK;TASK000012981394;Priority 3;NA
L1;812;L1;SR;OK;TASK000012981399;Priority 3;NA
SEC;WS;SEC;SR;OK;TASK000012981405;Priority 3;NA
OPS;WS;OPS;SR;OK;TASK000012981420;Priority 3;NA
SEC;BWI;SEC;SR;OK;TASK000012981514;Priority 4;NA
FUN;WS;FUN;INC;OK;TASK000012981530;Priority 3;NA
SEC;MNT;SEC;SR;Defect;TASK000012981601;Priority 3;NA
SEC;812;SEC;SR;OK;TASK000012981648;Priority 3;NA
SEC;812;SEC;SR;OK;TASK000012981707;Priority 3;NA
SEC;ETH;SEC;SR;OK;TASK000012981765;Priority 3;NA
OPS;OXE;OPS;SR;OK;TASK000012981838;Priority 3;NA
CNC;MNT;CNC;SR;OK;TASK000012981915;Priority 3;NA
SEC;812;SEC;SR;OK;TASK000012981958;Priority 3;NA
SEC;812;SEC;SR;OK;TASK000012981963;Priority 3;NA
SEC;MNT;SEC;SR;Defect;TASK000012981994;Priority 3;NA
SEC;812;SEC;SR;OK;TASK000012982013;Priority 3;NA
L1;BWI;L1;SR;OK;TASK000012982111;Priority 3;NA
SEC;BWI;SEC;SR;OK;TASK000012982159;Priority 4;NA
SEC;ETH;SEC;SR;OK;TASK000012982167;Priority 3;NA
DBA;812;DBA;SR;OK;TASK000012982178;Priority 3;NA
SEC;812;SEC;SR;OK;TASK000012982242;Priority 3;NA
SEC;ETH;SEC;SR;OK;TASK000012982442;Priority 3;NA
FUN;ETH;FUN;SR;OK;TASK000012982590;Priority 3;NA
L1;OXE;L1;SR;OK;TASK000012982600;Priority 3;NA
SEC;CAN;SEC;SR;OK;TASK000012982719;Priority 3;NA
L1;BWI;L1;SR;OK;TASK000012982750;Priority 3;NA
SEC;BWI;SEC;SR;OK;TASK000012982769;Priority 4;NA
OPS;EMS;OPS;SR;OK;TASK000012982778;Priority 4;NA
CNC;812;CNC;SR;OK;TASK000012982784;Priority 3;NA
CNC;812;CNC;SR;OK;TASK000012982797;Priority 3;NA
L1;BWI;L1;SR;OK;TASK000012982852;Priority 3;NA
CNC;LAT;CNC;SR;OK;TASK000012982918;Priority 3;NA
SEC;MNT;SEC;SR;Defect;TASK000012982961;Priority 3;NA
SEC;BWI;SEC;SR;OK;TASK000012983261;Priority 4;NA
L1;OXE;L1;SR;OK;TASK000012983299;Priority 3;NA
SEC;MNT;SEC;SR;OK;TASK000012983319;Priority 4;NA
SEC;MNT;SEC;SR;Defect;TASK000012983326;Priority 3;NA
SEC;MNT;SEC;SR;Defect;TASK000012983335;Priority 3;NA
SEC;BWI;SEC;SR;OK;TASK000012983470;Priority 4;NA
L1;BWI;L1;SR;OK;TASK000012983472;Priority 3;NA
L1;BWI;L1;SR;OK;TASK000012983548;Priority 3;NA
L1;CAN;L1;SR;OK;TASK000012983582;Priority 3;NA
L1;BWI;L1;SR;OK;TASK000012983915;Priority 3;NA
L1;BWI;L1;SR;OK;TASK000012983924;Priority 3;NA
L1;BWI;L1;SR;OK;TASK000012983936;Priority 3;NA
L1;OXE;L1;SR;OK;TASK000012984069;Priority 3;NA
L1;BWI;L1;SR;OK;TASK000012984075;Priority 3;NA
L1;812;L1;SR;OK;TASK000012984080;Priority 3;NA
L1;812;L1;SR;OK;TASK000012984111;Priority 3;NA
APS;ETH;APS;SR;OK;TASK000012984234;Priority 4;NA
SEC;MNT;SEC;SR;Defect;TASK000012984808;Priority 3;NA
FUN;COR;FUN;SR;OK;TASK000012984889;Priority 3;NA
SEC;812;SEC;SR;OK;TASK000012985206;Priority 3;NA
SEC;812;SEC;SR;OK;TASK000012985240;Priority 3;NA
SEC;DPY;SEC;SR;OK;TASK000012985528;Priority 3;NA
L1;812;L1;SR;OK;TASK000012985534;Priority 3;NA
SEC;812;SEC;SR;OK;TASK000012985556;Priority 3;NA
FUN;WS;FUN;SR;OK;TASK000012985612;Priority 3;NA
SEC;DXE;SEC;SR;OK;TASK000012985758;Priority 3;NA
L1;OXE;L1;SR;OK;TASK000012985769;Priority 3;NA
DBA;812;DBA;SR;OK;TASK000012985792;Priority 3;NA
SEC;812;SEC;SR;OK;TASK000012985795;Priority 3;NA
L1;DPY;L1;SR;OK;TASK000012985862;Priority 3;NA
DBA;812;DBA;SR;OK;TASK000012985874;Priority 3;NA
SEC;BWI;SEC;SR;OK;TASK000012985922;Priority 4;NA
SEC;812;SEC;SR;OK;TASK000012985926;Priority 3;NA
SEC;812;SEC;SR;OK;TASK000012985927;Priority 3;NA
DBA;812;DBA;SR;OK;TASK000012986077;Priority 3;NA
SEC;BWI;SEC;SR;OK;TASK000012986088;Priority 4;NA
SEC;812;SEC;SR;OK;TASK000012986093;Priority 3;NA
DBA;812;DBA;SR;OK;TASK000012986102;Priority 3;NA
SEC;ETH;SEC;SR;OK;TASK000012986117;Priority 3;NA
L1;812;L1;SR;OK;TASK000012986127;Priority 3;NA
L1;OXE;L1;SR;OK;TASK000012986129;Priority 3;NA
SEC;812;SEC;SR;OK;TASK000012986245;Priority 3;NA
SEC;812;SEC;SR;OK;TASK000012986267;Priority 3;NA
SEC;812;SEC;SR;OK;TASK000012986368;Priority 3;NA
APS;EES;APS;SR;OK;TASK000012986396;Priority 3;NA
L1;EMS;OPS;HK;OK;TASK000012986481;Priority 3;NA
APS;ETH;APS;SR;OK;TASK000012986578;Priority 3;NA
CNC;812;CNC;SR;OK;TASK000012986604;Priority 3;NA
APS;ETH;APS;SR;OK;TASK000012986668;Priority 3;NA
SEC;812;SEC;SR;OK;TASK000012986703;Priority 3;NA
L1;BWI;L1;SR;OK;TASK000012986775;Priority 3;NA
SEC;812;SEC;SR;OK;TASK000012986795;Priority 3;NA
SEC;812;SEC;SR;OK;TASK000012986810;Priority 3;NA
L1;BWI;L1;SR;OK;TASK000012986840;Priority 3;NA
L1;BWI;L1;SR;OK;TASK000012986856;Priority 3;NA
L1;BWI;L1;SR;OK;TASK000012986984;Priority 3;NA
SEC;BWI;SEC;SR;OK;TASK000012987022;Priority 4;NA
SEC;812;SEC;SR;OK;TASK000012987195;Priority 3;NA
L1;OXE;L1;SR;OK;TASK000012987196;Priority 3;NA
SEC;BWI;SEC;SR;OK;TASK000012987203;Priority 4;NA
L1;BWI;L1;SR;OK;TASK000012987204;Priority 3;NA
FUN;OXE;FUN;SR;OK;TASK000012987260;Priority 4;NA
SEC;812;SEC;SR;OK;TASK000012987287;Priority 3;NA
L1;BWI;L1;SR;OK;TASK000012987294;Priority 3;NA
L1;BWI;L1;SR;OK;TASK000012987313;Priority 3;NA
SEC;DXE;SEC;SR;OK;TASK000012987408;Priority 3;NA
L1;BWI;L1;SR;OK;TASK000012987617;Priority 3;NA
L1;BWI;L1;SR;OK;TASK000012987648;Priority 3;NA
CNC;812;CNC;SR;OK;TASK000012987667;Priority 3;NA
SEC;BWI;SEC;SR;OK;TASK000012987777;Priority 4;NA
SEC;BWI;SEC;SR;OK;TASK000012987813;Priority 4;NA
SEC;BWI;SEC;SR;OK;TASK000012987830;Priority 4;NA
SEC;BWI;SEC;SR;OK;TASK000012987941;Priority 4;NA
SEC;BWI;SEC;SR;OK;TASK000012987946;Priority 4;NA
L1;BWI;L1;SR;OK;TASK000012987982;Priority 3;NA
L1;BWI;L1;SR;OK;TASK000012988065;Priority 3;NA
L1;OXE;L1;SR;OK;TASK000012988102;Priority 3;NA
L1;812;L1;SR;OK;TASK000012988286;Priority 3;NA
L1;BWI;L1;SR;OK;TASK000012988340;Priority 3;NA
SEC;MNT;SEC;SR;Defect;TASK000012988422;Priority 3;NA
APS;EES;APS;SR;OK;TASK000012988616;Priority 3;NA
SEC;812;SEC;SR;OK;TASK000012988627;Priority 3;NA
L1;OXE;L1;SR;OK;TASK000012988628;Priority 3;NA
L1;BWI;L1;SR;OK;TASK000012988644;Priority 3;NA
SEC;EDS;SEC;SR;OK;TASK000012989031;Priority 3;NA
APS;ETH;APS;SR;OK;TASK000012989174;Priority 3;NA
L1;812;L1;SR;OK;TASK000012989320;Priority 3;NA
SEC;812;SEC;SR;OK;TASK000012989332;Priority 3;NA
DBA;812;DBA;SR;OK;TASK000012989343;Priority 3;NA
L1;812;L1;SR;OK;TASK000012989358;Priority 3;NA
SEC;812;SEC;SR;OK;TASK000012989397;Priority 3;NA
SEC;812;SEC;SR;OK;TASK000012989426;Priority 3;NA
DBA;812;DBA;SR;OK;TASK000012989570;Priority 3;NA
L1;812;L1;SR;OK;TASK000012989603;Priority 3;NA
SEC;812;SEC;SR;OK;TASK000012989676;Priority 3;NA
L1;812;L1;SR;OK;TASK000012989719;Priority 3;NA
SEC;MNT;SEC;SR;OK;TASK000012989740;Priority 3;NA
SEC;DPY;SEC;SR;OK;TASK000012989827;Priority 3;NA
SEC;812;SEC;SR;OK;TASK000012989900;Priority 3;NA
FUN;DXE;FUN;SR;OK;TASK000012989941;Priority 4;NA
SEC;812;SEC;SR;OK;TASK000012990012;Priority 3;NA
L1;812;L1;SR;OK;TASK000012990015;Priority 3;NA
L1;812;L1;SR;OK;TASK000012990017;Priority 3;NA
L1;812;L1;SR;OK;TASK000012990080;Priority 3;NA
L1;OXE;L1;SR;OK;TASK000012990091;Priority 3;NA
SEC;EDS;SEC;SR;Defect;TASK000012990111;Priority 3;NA
L1;BWI;L1;SR;OK;TASK000012990178;Priority 3;NA
SEC;BWI;SEC;SR;OK;TASK000012990200;Priority 3;NA
SEC;812;SEC;SR;OK;TASK000012990234;Priority 3;NA
L1;812;L1;SR;OK;TASK000012990235;Priority 3;NA
FUN;812;FUN;SR;OK;TASK000012990265;Priority 4;NA
L1;812;L1;SR;OK;TASK000012990277;Priority 3;NA
SEC;BWI;SEC;SR;OK;TASK000012990281;Priority 4;NA
SEC;BWI;SEC;SR;OK;TASK000012990298;Priority 4;NA
SEC;BWI;SEC;SR;OK;TASK000012990362;Priority 3;NA
SCH;LAT;SCH;SR;Defect;TASK000012990372;Priority 3;NA
SCH;LAT;SCH;SR;Defect;TASK000012990376;Priority 3;NA
APS;ETH;APS;SR;OK;TASK000012990377;Priority 3;NA
SEC;BWI;SEC;SR;OK;TASK000012990408;Priority 3;NA
L1;BWI;L1;SR;OK;TASK000012990412;Priority 3;NA
SEC;BWI;SEC;SR;OK;TASK000012990420;Priority 3;NA
SEC;BWI;SEC;SR;OK;TASK000012990436;Priority 3;NA
SEC;DPY;SEC;SR;OK;TASK000012990441;Priority 3;NA
SEC;BWI;SEC;SR;OK;TASK000012990448;Priority 3;NA
DBA;812;DBA;CHG;OK;TASK000012990501;Priority 3;NA
L1;BWI;L1;SR;OK;TASK000012990547;Priority 3;NA
FUN;COR;FUN;SR;OK;TASK000012990592;Priority 3;NA
L1;BWI;L1;SR;OK;TASK000012990735;Priority 3;NA
DBA;812;DBA;SR;OK;TASK000012990761;Priority 3;NA
SEC;812;SEC;SR;OK;TASK000012990801;Priority 3;NA
SEC;812;SEC;SR;OK;TASK000012990841;Priority 3;NA
DBA;812;DBA;CHG;OK;TASK000012990879;Priority 3;NA
L1;BWI;L1;SR;OK;TASK000012990910;Priority 3;NA
APS;ETH;APS;SR;OK;TASK000012991030;Priority 3;NA
DBA;812;DBA;SR;OK;TASK000012991088;Priority 3;NA
SEC;DPY;SEC;SR;OK;TASK000012991154;Priority 3;NA
L1;OXE;L1;SR;OK;TASK000012991197;Priority 3;NA
SCH;LAT;SCH;SR;OK;TASK000012991212;Priority 3;NA
SCH;LAT;SCH;SR;OK;TASK000012991262;Priority 4;NA
SEC;812;SEC;SR;OK;TASK000012991281;Priority 3;NA
CNC;DCF;CNC;SR;OK;TASK000012991286;Priority 3;NA
CNC;OXE;CNC;SR;OK;TASK000012991421;Priority 3;NA
SEC;BWI;SEC;SR;OK;TASK000012991593;Priority 4;NA
L1;LAT;L1;SR;OK;TASK000012991699;Priority 3;NA
CNC;LAT;CNC;SR;OK;TASK000012991700;Priority 3;NA
L1;BWI;L1;SR;OK;TASK000012991704;Priority 3;NA
CNC;LAT;CNC;SR;OK;TASK000012991711;Priority 3;NA
CNC;LAT;CNC;SR;OK;TASK000012991812;Priority 3;NA
L1;BWI;L1;SR;OK;TASK000012991841;Priority 3;NA
L1;BWI;L1;SR;OK;TASK000012991876;Priority 3;NA
SEC;812;SEC;SR;OK;TASK000012992190;Priority 3;NA
L1;BWI;L1;SR;OK;TASK000012992292;Priority 3;NA
FUN;EES;FUN;SR;OK;TASK000012992325;Priority 4;NA
CNC;OXE;CNC;SR;OK;TASK000012992391;Priority 3;NA
SEC;BWI;SEC;SR;OK;TASK000012992494;Priority 4;NA
L1;BWI;L1;SR;OK;TASK000012992559;Priority 3;NA
L1;BWI;L1;SR;OK;TASK000012992567;Priority 3;NA
FUN;COR;FUN;SR;OK;TASK000012992598;Priority 3;NA
APS;ETH;APS;SR;OK;TASK000012993533;Priority 3;NA
CNC;812;CNC;SR;OK;TASK000012993554;Priority 3;NA
SEC;812;SEC;SR;OK;TASK000012993620;Priority 3;NA
SEC;812;SEC;SR;OK;TASK000012993628;Priority 3;NA
SEC;MNT;SEC;SR;OK;TASK000012993630;Priority 3;NA
SEC;DXE;SEC;SR;OK;TASK000012993638;Priority 3;NA
DBA;812;DBA;SR;Defect;TASK000012993707;Priority 3;NA
CNC;812;CNC;SR;OK;TASK000012993754;Priority 3;NA
SEC;812;SEC;SR;OK;TASK000012993760;Priority 3;NA
SEC;OXE;SEC;SR;OK;TASK000012993919;Priority 3;NA
APS;ETH;APS;SR;OK;TASK000012994021;Priority 3;NA
L1;812;L1;SR;OK;TASK000012994133;Priority 3;NA
L1;812;L1;SR;OK;TASK000012994151;Priority 3;NA
L1;812;L1;SR;OK;TASK000012994166;Priority 3;NA
SEC;MNT;SEC;SR;OK;TASK000012994226;Priority 3;NA
SEC;812;SEC;SR;OK;TASK000012994228;Priority 3;NA
SEC;MNT;SEC;SR;OK;TASK000012994276;Priority 3;NA
SEC;812;SEC;SR;OK;TASK000012994291;Priority 3;NA
DBA;812;DBA;SR;OK;TASK000012994338;Priority 3;NA
L1;BWI;L1;SR;OK;TASK000012994409;Priority 3;NA
SEC;812;SEC;SR;OK;TASK000012994421;Priority 3;NA
SEC;MNT;SEC;SR;OK;TASK000012994497;Priority 3;NA
SEC;ETH;SEC;SR;OK;TASK000012994498;Priority 3;NA
SEC;DPY;SEC;SR;OK;TASK000012994499;Priority 3;NA
SEC;CAN;SEC;SR;OK;TASK000012994500;Priority 3;NA
SEC;812;SEC;SR;OK;TASK000012994501;Priority 3;NA
SEC;BWI;SEC;SR;OK;TASK000012994513;Priority 4;NA
FUN;EES;FUN;SR;OK;TASK000012994557;Priority 3;NA
L1;OXE;L1;SR;OK;TASK000012994598;Priority 3;NA
SEC;DXE;SEC;SR;OK;TASK000012994655;Priority 3;NA
CNC;812;CNC;SR;OK;TASK000012994809;Priority 3;NA
SEC;812;SEC;SR;OK;TASK000012994947;Priority 3;NA
SEC;OXE;SEC;SR;OK;TASK000012994950;Priority 3;NA
SEC;EMS;SEC;SR;OK;TASK000012994959;Priority 3;NA
FUN;EES;FUN;SR;OK;TASK000012994962;Priority 4;NA
SEC;812;SEC;SR;OK;TASK000012994975;Priority 3;NA
APS;ETH;APS;SR;OK;TASK000012995011;Priority 3;NA
SEC;BWI;SEC;SR;OK;TASK000012995076;Priority 3;NA
SEC;OXE;SEC;SR;OK;TASK000012995114;Priority 3;NA
SEC;EES;SEC;SR;OK;TASK000012995145;Priority 3;NA
L1;812;L1;SR;OK;TASK000012995213;Priority 3;NA
DBA;812;DBA;SR;OK;TASK000012995495;Priority 3;NA
DBA;812;DBA;SR;OK;TASK000012995496;Priority 3;NA
L1;BWI;L1;SR;OK;TASK000012995506;Priority 3;NA
L1;LAT;L1;SR;OK;TASK000012995507;Priority 3;NA
L1;812;L1;SR;OK;TASK000012995555;Priority 3;NA
SEC;812;SEC;SR;OK;TASK000012995576;Priority 3;NA
APS;ETH;APS;SR;OK;TASK000012995579;Priority 3;NA
DBA;812;DBA;SR;OK;TASK000012995595;Priority 3;NA
L1;OXE;L1;SR;OK;TASK000012995615;Priority 3;NA
SEC;LAT;SEC;SR;OK;TASK000012995836;Priority 3;NA
L1;BWI;L1;SR;OK;TASK000012995841;Priority 3;NA
L1;BWI;L1;SR;OK;TASK000012996166;Priority 3;NA
CNC;OXE;CNC;SR;OK;TASK000012996173;Priority 3;NA
L1;812;L1;SR;OK;TASK000012996206;Priority 3;NA
FUN;812;FUN;SR;OK;TASK000012996412;Priority 4;NA
L1;BWI;L1;SR;OK;TASK000012996420;Priority 3;NA
L1;LAT;L1;SR;OK;TASK000012996430;Priority 3;NA
L1;BWI;L1;SR;OK;TASK000012996458;Priority 3;NA
L1;BWI;L1;SR;OK;TASK000012996459;Priority 3;NA
L1;BWI;L1;SR;OK;TASK000012996468;Priority 3;NA
L1;BWI;L1;SR;OK;TASK000012996493;Priority 3;NA
L1;BWI;L1;SR;OK;TASK000012996502;Priority 3;NA
L1;BWI;L1;SR;OK;TASK000012997893;Priority 3;NA
L1;BWI;L1;SR;OK;TASK000012997908;Priority 3;NA
SEC;BWI;SEC;SR;OK;TASK000012997914;Priority 4;NA
L1;BWI;L1;SR;OK;TASK000012997938;Priority 3;NA
L1;BWI;L1;SR;OK;TASK000012998000;Priority 3;NA
SEC;812;SEC;SR;OK;TASK000012998179;Priority 3;NA
FUN;COR;FUN;SR;OK;TASK000012998667;Priority 3;NA
CNC;DPY;CNC;SR;OK;TASK000012998729;Priority 3;NA
FUN;EMS;FUN;SR;OK;TASK000012998741;Priority 3;NA
CNC;DCF;CNC;SR;OK;TASK000012998797;Priority 3;NA
CNC;OXE;CNC;SR;OK;TASK000012998911;Priority 3;NA
SEC;812;SEC;SR;OK;TASK000012999222;Priority 3;NA
SEC;EDS;SEC;SR;OK;TASK000012999266;Priority 3;NA
SEC;812;SEC;SR;OK;TASK000012999367;Priority 3;NA
OPS;ETH;OPS;SR;OK;TASK000012999387;Priority 3;NA
DBA;812;DBA;SR;OK;TASK000012999405;Priority 3;NA
FUN;DXE;FUN;SR;Defect;TASK000012999552;Priority 4;NA
L1;812;L1;SR;OK;TASK000012999710;Priority 3;NA
L1;812;L1;SR;OK;TASK000012999759;Priority 3;NA
SEC;812;SEC;SR;OK;TASK000012999855;Priority 3;NA
DBA;812;DBA;SR;OK;TASK000012999932;Priority 3;NA
SEC;MNT;SEC;SR;OK;TASK000012999938;Priority 3;NA
SEC;DXE;SEC;SR;OK;TASK000013000069;Priority 3;NA
FUN;812;FUN;SR;OK;TASK000013000080;Priority 4;NA
SEC;812;SEC;SR;OK;TASK000013000098;Priority 3;NA
L1;OXE;L1;HK;OK;TASK000013000102;Priority 3;NA
L1;812;L1;SR;OK;TASK000013000104;Priority 3;NA
CNC;LAT;CNC;SR;OK;TASK000013000171;Priority 3;NA
SEC;812;SEC;SR;OK;TASK000013000305;Priority 3;NA
L1;BWI;L1;SR;OK;TASK000013000606;Priority 3;NA
SEC;812;SEC;SR;OK;TASK000013000617;Priority 3;NA
L1;BWI;L1;SR;OK;TASK000013000686;Priority 3;NA
L1;ETH;L1;SR;OK;TASK000013000710;Priority 3;NA
SEC;812;SEC;SR;OK;TASK000013000731;Priority 3;NA
SEC;812;SEC;SR;OK;TASK000013000759;Priority 3;NA
SEC;812;SEC;SR;OK;TASK000013000799;Priority 3;NA
L1;OXE;L1;SR;OK;TASK000013000874;Priority 3;NA
L1;BWI;L1;SR;OK;TASK000013000958;Priority 3;NA
SEC;WS;SEC;SR;OK;TASK000013001013;Priority 3;NA
SEC;ETH;SEC;SR;OK;TASK000013001044;Priority 3;NA
L1;BWI;L1;SR;OK;TASK000013001075;Priority 3;NA
SEC;812;SEC;SR;OK;TASK000013001078;Priority 3;NA
FUN;ETH;FUN;SR;OK;TASK000013001081;Priority 3;NA
FUN;WS;FUN;SR;OK;TASK000013001242;Priority 4;NA
SEC;MNT;SEC;SR;OK;TASK000013001357;Priority 3;NA
FUN;DXE;FUN;SR;OK;TASK000013001363;Priority 4;NA
APS;ETH;APS;SR;OK;TASK000013001417;Priority 3;NA
L1;BWI;L1;SR;OK;TASK000013001436;Priority 3;NA
SEC;812;SEC;SR;OK;TASK000013001441;Priority 3;NA
SEC;EDS;SEC;SR;OK;TASK000013001492;Priority 3;NA
L1;OXE;L1;SR;OK;TASK000013001496;Priority 3;NA
L1;BWI;L1;SR;OK;TASK000013001540;Priority 3;NA
SEC;BWI;SEC;SR;OK;TASK000013001636;Priority 4;NA
SEC;BWI;SEC;SR;OK;TASK000013001819;Priority 4;NA
SEC;DPY;SEC;SR;OK;TASK000013001853;Priority 3;NA
CNC;812;CNC;SR;OK;TASK000013001862;Priority 3;NA
L1;BWI;L1;SR;OK;TASK000013001968;Priority 3;NA
L1;BWI;L1;SR;OK;TASK000013002053;Priority 3;NA
SEC;BWI;SEC;SR;OK;TASK000013002112;Priority 4;NA
L1;BWI;L1;SR;OK;TASK000013002308;Priority 3;NA
L1;BWI;L1;SR;OK;TASK000013002552;Priority 3;NA
L1;BWI;L1;SR;OK;TASK000013002556;Priority 3;NA
L1;BWI;L1;SR;OK;TASK000013002819;Priority 3;NA
L1;DCF;L1;SR;OK;TASK000013002899;Priority 3;NA
L1;ETH;L1;SR;OK;TASK000013002909;Priority 3;NA
L1;812;L1;SR;OK;TASK000013002948;Priority 3;NA
L1;OXE;L1;SR;OK;TASK000013002950;Priority 3;NA
L1;812;L1;SR;OK;TASK000013002954;Priority 3;NA
SEC;812;SEC;SR;OK;TASK000013003003;Priority 3;NA
APS;ETH;APS;SR;OK;TASK000013003514;Priority 3;NA
APS;ETH;APS;SR;OK;TASK000013003530;Priority 3;NA
SEC;MNT;SEC;SR;OK;TASK000013003641;Priority 3;NA
APS;ETH;APS;SR;OK;TASK000013003657;Priority 3;NA
SEC;812;SEC;SR;OK;TASK000013003674;Priority 3;NA
DBA;812;DBA;SR;OK;TASK000013003798;Priority 3;NA
SEC;LAT;SEC;SR;OK;TASK000013003823;Priority 3;NA
SEC;812;SEC;SR;OK;TASK000013003903;Priority 3;NA
L1;812;L1;SR;OK;TASK000013003913;Priority 3;NA
L1;OXE;L1;SR;OK;TASK000013004011;Priority 3;NA
SEC;WS;SEC;SR;OK;TASK000013004066;Priority 3;NA
DBA;812;DBA;SR;OK;TASK000013004106;Priority 3;NA
SEC;812;SEC;SR;OK;TASK000013004118;Priority 3;NA
SCH;812;SCH;SR;OK;TASK000013004130;Priority 3;NA
FUN;EMS;FUN;SR;OK;TASK000013004139;Priority 4;NA
SEC;812;SEC;SR;OK;TASK000013004201;Priority 3;NA
SEC;812;SEC;SR;OK;TASK000013004311;Priority 3;NA
CNC;812;CNC;SR;OK;TASK000013004340;Priority 3;NA
L1;OXE;L1;SR;OK;TASK000013004402;Priority 3;NA
SEC;812;SEC;SR;OK;TASK000013004459;Priority 3;NA
L1;812;L1;SR;OK;TASK000013004499;Priority 3;NA
SEC;812;SEC;SR;OK;TASK000013004564;Priority 3;NA
SEC;OXE;SEC;SR;OK;TASK000013004609;Priority 3;NA
DBA;812;DBA;SR;OK;TASK000013004679;Priority 3;NA
SEC;WS;SEC;SR;OK;TASK000013004684;Priority 3;NA
L1;812;L1;SR;OK;TASK000013004713;Priority 3;NA
SEC;EDS;SEC;SR;OK;TASK000013004771;Priority 3;NA
DBA;812;DBA;SR;OK;TASK000013004824;Priority 3;NA
L1;BWI;L1;SR;OK;TASK000013004864;Priority 3;NA
FUN;812;FUN;CHG;OK;TASK000013004865;Priority 4;NA
SEC;BWI;SEC;SR;OK;TASK000013004886;Priority 4;NA
SEC;BWI;SEC;SR;OK;TASK000013004888;Priority 4;NA
FUN;WS;FUN;INC;OK;TASK000013005063;Priority 3;NA
SEC;BWI;SEC;SR;OK;TASK000013005065;Priority 4;NA
SEC;BWI;SEC;SR;OK;TASK000013005088;Priority 4;NA
APS;ETH;APS;SR;OK;TASK000013005145;Priority 3;NA
SEC;BWI;SEC;SR;OK;TASK000013005187;Priority 4;NA
SEC;BWI;SEC;SR;OK;TASK000013005281;Priority 4;NA
SEC;DPY;SEC;SR;OK;TASK000013005285;Priority 3;NA
L1;812;L1;SR;OK;TASK000013005334;Priority 3;NA
L1;BWI;L1;SR;OK;TASK000013005387;Priority 3;NA
DBA;812;DBA;SR;OK;TASK000013005406;Priority 3;NA
SEC;EDS;SEC;SR;OK;TASK000013005448;Priority 3;NA
APS;ETH;APS;SR;OK;TASK000013005486;Priority 3;NA
SEC;DXE;SEC;SR;OK;TASK000013005603;Priority 3;NA
DBA;812;DBA;SR;OK;TASK000013005653;Priority 3;NA
SCH;812;SCH;SR;OK;TASK000013005658;Priority 3;NA
OPS;OXE;OPS;SR;OK;TASK000013005671;Priority 3;NA
DBA;812;DBA;SR;OK;TASK000013005698;Priority 3;NA
L1;BWI;L1;SR;OK;TASK000013005733;Priority 3;NA
L1;812;L1;HK;OK;TASK000013005735;Priority 3;NA
L1;BWI;L1;SR;OK;TASK000013005791;Priority 3;NA
SEC;812;SEC;SR;OK;TASK000013005906;Priority 3;NA
L1;BWI;L1;SR;OK;TASK000013005940;Priority 3;NA
CNC;LAT;CNC;SR;OK;TASK000013005978;Priority 3;NA
SEC;DXE;SEC;SR;OK;TASK000013005988;Priority 3;NA
SEC;MNT;SEC;SR;OK;TASK000013006020;Priority 3;NA
SEC;MNT;SEC;SR;OK;TASK000013006031;Priority 3;NA
L1;BWI;L1;SR;OK;TASK000013006061;Priority 3;NA
SEC;MNT;SEC;SR;OK;TASK000013006082;Priority 3;NA
SEC;MNT;SEC;SR;OK;TASK000013006105;Priority 3;NA
L1;BWI;L1;SR;OK;TASK000013006116;Priority 3;NA
SEC;LAT;SEC;SR;OK;TASK000013006276;Priority 3;NA
L1;OXE;L1;SR;OK;TASK000013006305;Priority 3;NA
L1;BWI;L1;SR;OK;TASK000013006327;Priority 3;NA
FUN;812;FUN;SR;OK;TASK000013006330;Priority 3;NA
APS;ETH;APS;SR;OK;TASK000013006340;Priority 3;NA
SCH;812;SCH;SR;OK;TASK000013006388;Priority 3;NA
APS;ETH;APS;SR;OK;TASK000013006441;Priority 3;NA
SEC;BWI;SEC;SR;OK;TASK000013006641;Priority 4;NA
L1;812;L1;HK;OK;TASK000013006680;Priority 3;NA
L1;BWI;L1;SR;OK;TASK000013006716;Priority 3;NA
SEC;812;SEC;SR;OK;TASK000013006885;Priority 3;NA
L1;BWI;L1;SR;OK;TASK000013006980;Priority 3;NA
SEC;BWI;SEC;SR;OK;TASK000013007010;Priority 4;NA
L1;BWI;L1;SR;OK;TASK000013007089;Priority 3;NA
CNC;OXE;CNC;SR;OK;TASK000013007123;Priority 3;NA
SEC;ETH;SEC;SR;OK;TASK000013007126;Priority 3;NA
L1;BWI;L1;SR;OK;TASK000013007153;Priority 3;NA
SEC;ETH;SEC;SR;OK;TASK000013007158;Priority 3;NA
SEC;ETH;SEC;SR;OK;TASK000013007163;Priority 3;NA
SEC;ETH;SEC;SR;OK;TASK000013007165;Priority 3;NA
L1;BWI;L1;SR;OK;TASK000013007210;Priority 3;NA
L1;DPY;L1;SR;OK;TASK000013007264;Priority 3;NA
APS;ETH;APS;SR;OK;TASK000013007310;Priority 3;NA
SEC;WS;SEC;SR;OK;TASK000013007421;Priority 3;NA
SEC;812;SEC;SR;OK;TASK000013007954;Priority 3;NA
L1;BWI;L1;SR;OK;TASK000013008019;Priority 3;NA
SEC;DXE;SEC;SR;OK;TASK000013008225;Priority 3;NA
L1;812;L1;SR;OK;TASK000013008244;Priority 3;NA
L1;812;L1;SR;OK;TASK000013008261;Priority 3;NA
APS;ETH;APS;SR;OK;TASK000013008268;Priority 3;NA
L1;MNT;L1;SR;OK;TASK000013008317;Priority 3;NA
APS;ETH;APS;SR;OK;TASK000013008319;Priority 3;NA
L1;EMS;OPS;HK;OK;TASK000013008330;Priority 3;NA
L1;DXE;L1;HK;OK;TASK000013008337;Priority 3;NA
L1;EMS;OPS;HK;OK;TASK000013008442;Priority 3;NA
SEC;EMS;SEC;SR;OK;TASK000013008491;Priority 3;NA
L1;812;L1;SR;OK;TASK000013008504;Priority 3;NA
SEC;812;SEC;SR;OK;TASK000013008514;Priority 3;NA
L1;812;L1;SR;OK;TASK000013008576;Priority 3;NA
APS;ETH;APS;SR;Defect;TASK000013008612;Priority 3;NA
L1;OXE;L1;SR;OK;TASK000013008644;Priority 3;NA
FUN;812;FUN;SR;OK;TASK000013008660;Priority 3;NA
SEC;812;SEC;SR;OK;TASK000013008697;Priority 3;NA
DBA;812;DBA;CHG;Defect;TASK000013008759;Priority 3;NA
SEC;812;SEC;SR;OK;TASK000013008790;Priority 3;NA
SEC;812;SEC;SR;OK;TASK000013008798;Priority 3;NA
FUN;812;FUN;INC;Defect;TASK000013008832;Priority 4;NA
SEC;812;SEC;SR;OK;TASK000013008834;Priority 3;NA
FUN;MNT;FUN;INC;Defect;TASK000013008863;Priority 3;NA
APS;ETH;APS;SR;OK;TASK000013008940;Priority 3;NA
APS;ETH;APS;SR;OK;TASK000013008966;Priority 3;NA
APS;ETH;APS;SR;OK;TASK000013008980;Priority 3;NA
L1;812;L1;SR;OK;TASK000013009004;Priority 3;NA
L1;OXE;L1;SR;OK;TASK000013009040;Priority 3;NA
L1;OXE;L1;SR;OK;TASK000013009062;Priority 3;NA
SEC;ETH;SEC;SR;OK;TASK000013009131;Priority 3;NA
APS;ETH;APS;SR;OK;TASK000013009162;Priority 3;NA
L1;BWI;L1;SR;OK;TASK000013009192;Priority 3;NA
FUN;EES;FUN;SR;OK;TASK000013009201;Priority 4;NA
APS;ETH;APS;SR;OK;TASK000013009240;Priority 3;NA
L1;BWI;L1;HK;OK;TASK000013009246;Priority 3;NA
SEC;MNT;SEC;SR;Defect;TASK000013009279;Priority 3;NA
DBA;812;DBA;SR;OK;TASK000013009325;Priority 3;NA
DBA;812;DBA;SR;OK;TASK000013009326;Priority 3;NA
SEC;BWI;SEC;SR;OK;TASK000013009422;Priority 4;NA
APS;ETH;APS;SR;OK;TASK000013009432;Priority 3;NA
SEC;BWI;SEC;SR;OK;TASK000013009458;Priority 4;NA
SEC;BWI;SEC;SR;OK;TASK000013009487;Priority 4;NA
SEC;BWI;SEC;SR;OK;TASK000013009539;Priority 4;NA
SEC;WS;SEC;SR;OK;TASK000013009544;Priority 3;NA
SEC;BWI;SEC;SR;OK;TASK000013009547;Priority 4;NA
SEC;BWI;SEC;SR;OK;TASK000013009568;Priority 4;NA
SEC;812;SEC;SR;OK;TASK000013009589;Priority 3;NA
APS;ETH;APS;SR;OK;TASK000013009659;Priority 3;NA
L1;BWI;L1;SR;OK;TASK000013009743;Priority 3;NA
L1;BWI;L1;SR;OK;TASK000013009754;Priority 3;NA
L1;BWI;L1;SR;OK;TASK000013009798;Priority 3;NA
L1;812;L1;SR;OK;TASK000013009815;Priority 3;NA
SCH;812;SCH;SR;OK;TASK000013009817;Priority 4;NA
SEC;812;SEC;SR;OK;TASK000013009820;Priority 3;NA
APS;ETH;APS;SR;OK;TASK000013009826;Priority 3;NA
L1;BWI;L1;SR;OK;TASK000013009856;Priority 3;NA
SEC;DXE;SEC;SR;OK;TASK000013010066;Priority 3;NA
L1;BWI;L1;SR;OK;TASK000013010224;Priority 3;NA
SEC;812;SEC;SR;OK;TASK000013010287;Priority 3;NA
SEC;BWI;SEC;SR;OK;TASK000013010301;Priority 4;NA
CNC;ETH;TEC;SR;OK;TASK000013010319;Priority 3;NA
CNC;MNT;CNC;SR;OK;TASK000013010391;Priority 3;NA
L1;BWI;L1;SR;OK;TASK000013010405;Priority 3;NA
L1;OXE;L1;SR;OK;TASK000013010444;Priority 3;NA
L1;BWI;L1;SR;OK;TASK000013010449;Priority 3;NA
SEC;BWI;SEC;SR;OK;TASK000013010484;Priority 4;NA
SEC;BWI;SEC;SR;OK;TASK000013010512;Priority 4;NA
L1;BWI;L1;SR;OK;TASK000013010580;Priority 3;NA
SEC;BWI;SEC;SR;OK;TASK000013010608;Priority 4;NA
CNC;812;CNC;SR;OK;TASK000013010628;Priority 3;NA
L1;BWI;L1;SR;OK;TASK000013010629;Priority 3;NA
CNC;812;CNC;SR;OK;TASK000013010639;Priority 3;NA
DBA;DXE;DBA;SR;OK;TASK000013010663;Priority 3;NA
L1;OXE;L1;SR;OK;TASK000013010723;Priority 3;NA
SEC;BWI;SEC;SR;OK;TASK000013010793;Priority 4;NA
SEC;CAN;SEC;SR;OK;TASK000013010918;Priority 3;NA
DBA;812;DBA;SR;OK;TASK000013011082;Priority 3;NA
L1;LAT;L1;SR;OK;TASK000013011162;Priority 3;NA
L1;BWI;L1;SR;OK;TASK000013011198;Priority 3;NA
SEC;BWI;SEC;SR;OK;TASK000013011441;Priority 4;NA
L1;OXE;L1;SR;OK;TASK000013011539;Priority 3;NA
L1;BWI;L1;SR;OK;TASK000013011550;Priority 3;NA
SEC;MNT;SEC;SR;OK;TASK000013011937;Priority 3;NA
SEC;OXE;SEC;SR;OK;TASK000013012163;Priority 3;NA
SEC;812;SEC;SR;OK;TASK000013012169;Priority 3;NA
FUN;812;FUN;INC;OK;TASK000013012170;Priority 4;NA
SEC;812;SEC;SR;OK;TASK000013012378;Priority 3;NA
SEC;812;SEC;SR;OK;TASK000013012451;Priority 3;NA
SEC;DXE;SEC;SR;OK;TASK000013012530;Priority 3;NA
SEC;DXE;SEC;SR;OK;TASK000013012539;Priority 3;NA
DBA;812;DBA;SR;OK;TASK000013012568;Priority 3;NA
APS;ETH;APS;SR;OK;TASK000013012618;Priority 3;NA
DBA;812;DBA;SR;OK;TASK000013012714;Priority 3;NA
DBA;812;DBA;SR;OK;TASK000013012715;Priority 3;NA
SEC;812;SEC;SR;OK;TASK000013012764;Priority 3;NA
FUN;ETH;FUN;SR;OK;TASK000013012859;Priority 3;NA
FUN;ETH;FUN;SR;OK;TASK000013012910;Priority 3;NA
SEC;812;SEC;SR;OK;TASK000013012924;Priority 3;NA
L1;OXE;L1;SR;OK;TASK000013013004;Priority 3;NA
CNC;DXE;CNC;SR;OK;TASK000013013273;Priority 3;NA
L1;812;L1;SR;OK;TASK000013013394;Priority 3;NA
APS;ETH;APS;SR;OK;TASK000013013440;Priority 3;NA
DBA;812;DBA;SR;OK;TASK000013013448;Priority 3;NA
SCH;812;SCH;SR;OK;TASK000013013573;Priority 3;NA
APS;ETH;APS;SR;OK;TASK000013013645;Priority 3;NA
SEC;BWI;SEC;SR;OK;TASK000013013696;Priority 4;NA
L1;812;L1;SR;OK;TASK000013013706;Priority 3;NA
L1;BWI;L1;SR;OK;TASK000013013722;Priority 3;NA
SEC;CAN;SEC;SR;OK;TASK000013013783;Priority 3;NA
SEC;BWI;SEC;SR;OK;TASK000013013943;Priority 4;NA
FUN;EMS;FUN;INC;OK;TASK000013014009;Priority 3;NA
L1;BWI;L1;SR;OK;TASK000013014026;Priority 3;NA
L1;OXE;L1;HK;OK;TASK000013014047;Priority 3;NA
DBA;812;DBA;SR;OK;TASK000013014080;Priority 3;NA
DBA;812;DBA;SR;OK;TASK000013014088;Priority 3;NA
SEC;812;SEC;SR;OK;TASK000013014139;Priority 3;NA
DBA;812;DBA;SR;OK;TASK000013014153;Priority 3;NA
L1;OXE;L1;SR;OK;TASK000013014163;Priority 3;NA
SEC;OXE;SEC;SR;OK;TASK000013014166;Priority 3;NA
SEC;EMS;SEC;SR;OK;TASK000013014170;Priority 3;NA
SEC;LAT;SEC;SR;OK;TASK000013014227;Priority 4;NA
SEC;BWI;SEC;SR;OK;TASK000013014249;Priority 4;NA
SEC;BWI;SEC;SR;OK;TASK000013014329;Priority 4;NA
SEC;BWI;SEC;SR;OK;TASK000013014344;Priority 4;NA
SEC;BWI;SEC;SR;OK;TASK000013014369;Priority 4;NA
L1;BWI;L1;SR;OK;TASK000013014541;Priority 3;NA
L1;BWI;L1;SR;OK;TASK000013014550;Priority 3;NA
SEC;MNT;SEC;SR;OK;TASK000013014552;Priority 3;NA
CNC;812;CNC;SR;OK;TASK000013014637;Priority 3;NA
CNC;812;CNC;SR;OK;TASK000013014642;Priority 3;NA
L1;OXE;L1;SR;OK;TASK000013014674;Priority 3;NA
SEC;MNT;SEC;SR;OK;TASK000013014795;Priority 3;NA
L1;812;L1;HK;OK;TASK000013014930;Priority 3;NA
L1;BWI;L1;SR;OK;TASK000013014947;Priority 3;NA
L1;BWI;L1;SR;OK;TASK000013014954;Priority 3;NA
L1;BWI;L1;SR;OK;TASK000013014981;Priority 3;NA
CNC;OXE;CNC;SR;OK;TASK000013015041;Priority 3;NA
SEC;MNT;SEC;SR;OK;TASK000013015065;Priority 3;NA
L1;BWI;L1;SR;OK;TASK000013015068;Priority 3;NA
L1;BWI;L1;SR;OK;TASK000013015145;Priority 3;NA
FUN;COR;FUN;SR;OK;TASK000013015231;Priority 3;NA
L1;OXE;L1;SR;OK;TASK000013015461;Priority 3;NA
SEC;EMS;SEC;SR;OK;TASK000013015840;Priority 3;NA
L1;ETH;L1;SR;OK;TASK000013015875;Priority 3;NA
SEC;812;SEC;SR;OK;TASK000013015995;Priority 3;NA
APS;ETH;APS;SR;OK;TASK000013016089;Priority 3;NA
APS;ETH;APS;SR;OK;TASK000013016126;Priority 3;NA
SEC;DXE;SEC;SR;OK;TASK000013016158;Priority 3;NA
L1;DPY;L1;SR;OK;TASK000013016159;Priority 3;NA
L1;DPY;L1;SR;OK;TASK000013016168;Priority 3;NA
CNC;OXE;CNC;SR;Defect;TASK000013016260;Priority 3;NA
CNC;812;CNC;SR;OK;TASK000013016264;Priority 3;NA
L1;812;L1;SR;OK;TASK000013016491;Priority 3;NA
L1;812;L1;SR;OK;TASK000013016567;Priority 3;NA
L1;OXE;L1;SR;OK;TASK000013016572;Priority 3;NA
CNC;812;CNC;SR;OK;TASK000013016587;Priority 3;NA
L1;OXE;L1;SR;OK;TASK000013016588;Priority 3;NA
APS;ETH;APS;SR;OK;TASK000013016596;Priority 3;NA
DBA;812;DBA;SR;OK;TASK000013016648;Priority 3;NA
DBA;812;DBA;SR;OK;TASK000013016711;Priority 3;NA
L1;BWI;L1;SR;OK;TASK000013016725;Priority 3;NA
SEC;812;SEC;SR;OK;TASK000013016815;Priority 3;NA
SEC;812;SEC;SR;OK;TASK000013016829;Priority 3;NA
DBA;812;DBA;SR;OK;TASK000013016862;Priority 3;NA
SEC;DPY;SEC;SR;OK;TASK000013016909;Priority 3;NA
SEC;812;SEC;SR;OK;TASK000013016956;Priority 3;NA
SEC;CAN;SEC;SR;OK;TASK000013016994;Priority 3;NA
SEC;812;SEC;SR;OK;TASK000013017007;Priority 3;NA
DBA;812;DBA;SR;OK;TASK000013017018;Priority 3;NA
APS;ETH;APS;SR;OK;TASK000013017034;Priority 3;NA
DBA;812;DBA;SR;OK;TASK000013017151;Priority 3;NA
SEC;ETH;SEC;SR;OK;TASK000013017156;Priority 3;NA
SEC;MNT;SEC;SR;OK;TASK000013017157;Priority 3;NA
SEC;CAN;SEC;SR;OK;TASK000013017158;Priority 3;NA
SEC;OXE;SEC;SR;OK;TASK000013017221;Priority 3;NA
L1;OXE;L1;SR;OK;TASK000013017252;Priority 3;NA
CNC;OXE;CNC;SR;OK;TASK000013017319;Priority 3;NA
SEC;BWI;SEC;SR;OK;TASK000013017354;Priority 4;NA
L1;BWI;L1;SR;OK;TASK000013017463;Priority 3;NA
SEC;BWI;SEC;SR;OK;TASK000013017494;Priority 4;NA
CNC;BWI;CNC;SR;OK;TASK000013017498;Priority 3;NA
APS;ETH;APS;SR;OK;TASK000013017503;Priority 3;NA
SEC;BWI;SEC;SR;OK;TASK000013017520;Priority 4;NA
APS;ETH;APS;SR;OK;TASK000013017575;Priority 3;NA
SEC;MNT;SEC;SR;OK;TASK000013017624;Priority 3;NA
SEC;MNT;SEC;SR;OK;TASK000013017635;Priority 3;NA
L1;OXE;L1;SR;OK;TASK000013017676;Priority 3;NA
L1;OXE;L1;SR;OK;TASK000013017693;Priority 3;NA
SEC;812;SEC;SR;OK;TASK000013017701;Priority 3;NA
SCH;812;SCH;SR;OK;TASK000013017785;Priority 3;NA
FUN;812;FUN;SR;OK;TASK000013017816;Priority 4;NA
SEC;BWI;SEC;SR;OK;TASK000013017933;Priority 4;NA
SEC;BWI;SEC;SR;OK;TASK000013018028;Priority 4;NA
SEC;BWI;SEC;SR;OK;TASK000013018040;Priority 4;NA
SEC;ETH;SEC;SR;OK;TASK000013018170;Priority 3;NA
SEC;812;SEC;SR;OK;TASK000013018179;Priority 3;NA
SEC;812;SEC;SR;OK;TASK000013018193;Priority 3;NA
SEC;ETH;SEC;SR;OK;TASK000013018199;Priority 3;NA
L1;BWI;L1;SR;OK;TASK000013018217;Priority 3;NA
SEC;DPY;SEC;SR;OK;TASK000013018218;Priority 3;NA
SEC;812;SEC;SR;OK;TASK000013018228;Priority 3;NA
L1;BWI;L1;SR;OK;TASK000013018310;Priority 3;NA
SEC;BWI;SEC;SR;OK;TASK000013018334;Priority 4;NA
SEC;BWI;SEC;SR;OK;TASK000013018394;Priority 4;NA
SEC;BWI;SEC;SR;OK;TASK000013018397;Priority 4;NA
SEC;BWI;SEC;SR;OK;TASK000013018400;Priority 4;NA
CNC;ETH;TEC;SR;OK;TASK000013018421;Priority 3;NA
SEC;MNT;SEC;SR;OK;TASK000013018678;Priority 3;NA
SEC;MNT;SEC;SR;OK;TASK000013018692;Priority 3;NA
SEC;MNT;SEC;SR;OK;TASK000013018697;Priority 3;NA
L1;BWI;L1;SR;OK;TASK000013018732;Priority 3;NA
L1;BWI;L1;SR;OK;TASK000013018738;Priority 3;NA
L1;BWI;L1;SR;OK;TASK000013018742;Priority 3;NA
L1;BWI;L1;SR;OK;TASK000013018761;Priority 3;NA
L1;LAT;L1;SR;OK;TASK000013018821;Priority 3;NA
L1;ETH;L1;SR;OK;TASK000013018837;Priority 3;NA
DBA;812;DBA;SR;OK;TASK000013019516;Priority 3;NA
SEC;BWI;SEC;SR;OK;TASK000013022048;Priority 4;NA
SEC;BWI;SEC;SR;OK;TASK000013022061;Priority 4;NA
SEC;BWI;SEC;SR;OK;TASK000013022242;Priority 4;NA
SEC;BWI;SEC;SR;OK;TASK000013023140;Priority 4;NA
FUN;812;FUN;INC;OK;TASK000013025049;Priority 4;NA
OPS;WS;OPS;INC;OK;TASK000013026326;Priority 4;NA
SEC;BWI;SEC;SR;OK;TASK000013027266;Priority 4;NA
SEC;BWI;SEC;SR;OK;TASK000013027967;Priority 4;NA
SEC;BWI;SEC;SR;OK;TASK000013028272;Priority 4;NA
SEC;BWI;SEC;SR;OK;TASK000013028273;Priority 4;NA
FUN;WS;FUN;SR;OK;TASK000013029363;Priority 4;NA
SEC;BWI;SEC;SR;OK;TASK000013029979;Priority 4;NA
SEC;BWI;SEC;SR;OK;TASK000013030135;Priority 4;NA
SEC;BWI;SEC;SR;OK;TASK000013030319;Priority 4;NA
SEC;BWI;SEC;SR;OK;TASK000013030626;Priority 4;NA
SEC;BWI;SEC;SR;OK;TASK000013030628;Priority 4;NA
SEC;BWI;SEC;SR;OK;TASK000013030637;Priority 4;NA
SEC;BWI;SEC;SR;OK;TASK000013030645;Priority 4;NA
SEC;BWI;SEC;SR;OK;TASK000013030669;Priority 4;NA
SEC;BWI;SEC;SR;OK;TASK000013030988;Priority 4;NA
SEC;BWI;SEC;SR;OK;TASK000013031085;Priority 4;NA
SEC;BWI;SEC;SR;OK;TASK000013031187;Priority 4;NA
SEC;BWI;SEC;SR;OK;TASK000013031266;Priority 4;NA
SEC;BWI;SEC;SR;OK;TASK000013031376;Priority 4;NA
FUN;WS;FUN;SR;OK;TASK000013031402;Priority 4;NA
SEC;BWI;SEC;SR;OK;TASK000013033055;Priority 4;NA
SEC;BWI;SEC;SR;OK;TASK000013034562;Priority 4;NA
SEC;BWI;SEC;SR;OK;TASK000013035270;Priority 4;NA
SEC;BWI;SEC;SR;OK;TASK000013037857;Priority 4;NA
SEC;BWI;SEC;SR;OK;TASK000013037941;Priority 4;NA
SEC;BWI;SEC;SR;OK;TASK000013038184;Priority 4;NA
SEC;BWI;SEC;SR;OK;TASK000013038341;Priority 4;NA
TEC;EDS;OPS;SR;OK;TASK000013038912;Priority 4;NA
SEC;BWI;SEC;SR;OK;TASK000013038989;Priority 4;NA
SEC;BWI;SEC;SR;OK;TASK000013039347;Priority 4;NA
SEC;BWI;SEC;SR;OK;TASK000013040182;Priority 4;NA
SEC;BWI;SEC;SR;OK;TASK000013040202;Priority 4;NA
DBA;812;DBA;SR;OK;TASK000013041605;Priority 3;NA
CNC;LAT;CNC;SR;OK;TASK000013041622;Priority 3;NA
SEC;812;SEC;SR;OK;TASK000013041650;Priority 3;NA
CNC;812;SEC;SR;OK;TASK000013041660;Priority 3;NA
DBA;812;DBA;SR;OK;TASK000013041670;Priority 3;NA
SEC;812;SEC;SR;OK;TASK000013041701;Priority 3;NA
SEC;812;SEC;SR;OK;TASK000013041787;Priority 3;NA
L1;812;L1;SR;OK;TASK000013041820;Priority 3;NA
L1;812;L1;SR;OK;TASK000013041851;Priority 3;NA
FIN;812;FUN;SR;Defect;TASK000013041904;Priority 3;NA
SEC;812;SEC;SR;OK;TASK000013042014;Priority 3;NA
L1;812;L1;SR;OK;TASK000013042136;Priority 3;NA
SEC;812;SEC;SR;OK;TASK000013042143;Priority 3;NA
SEC;812;SEC;SR;OK;TASK000013042196;Priority 3;NA
SEC;WS;SEC;SR;OK;TASK000013042261;Priority 3;NA
CNC;DCF;CNC;SR;OK;TASK000013042269;Priority 3;NA
SCH;812;SCH;SR;OK;TASK000013042301;Priority 3;NA
FUN;WS;FUN;SR;OK;TASK000013042414;Priority 3;NA
FUN;COR;FUN;SR;OK;TASK000013042528;Priority 3;NA
SEC;812;SEC;SR;OK;TASK000013042617;Priority 3;NA
SEC;BWI;SEC;SR;OK;TASK000013042640;Priority 4;NA
L1;DXE;L1;HK;OK;TASK000013042675;Priority 3;NA
SEC;812;SEC;SR;OK;TASK000013042677;Priority 3;NA
SEC;812;SEC;SR;OK;TASK000013042728;Priority 3;NA
L1;812;L1;HK;OK;TASK000013042744;Priority 3;NA
CNC;LAT;CNC;SR;OK;TASK000013042746;Priority 3;NA
SEC;BWI;SEC;SR;OK;TASK000013042790;Priority 4;NA
L1;BWI;L1;SR;OK;TASK000013042798;Priority 3;NA
SEC;BWI;SEC;SR;OK;TASK000013042802;Priority 4;NA
SEC;OXE;SEC;SR;OK;TASK000013042811;Priority 3;NA
SEC;812;SEC;SR;OK;TASK000013042866;Priority 3;NA
DBA;812;DBA;SR;OK;TASK000013042942;Priority 3;NA
SEC;812;SEC;SR;OK;TASK000013042967;Priority 3;NA
L1;812;L1;SR;OK;TASK000013042992;Priority 3;NA
DBA;812;DBA;SR;OK;TASK000013043047;Priority 3;NA
DBA;812;DBA;SR;OK;TASK000013043057;Priority 3;NA
DBA;812;DBA;SR;OK;TASK000013043062;Priority 3;NA
DBA;812;DBA;SR;OK;TASK000013043078;Priority 3;NA
DBA;812;DBA;SR;OK;TASK000013043084;Priority 3;NA
DBA;812;DBA;SR;OK;TASK000013043092;Priority 3;NA
FUN;WS;FUN;SR;OK;TASK000013043182;Priority 3;NA
SEC;812;SEC;SR;OK;TASK000013043189;Priority 3;NA
DBA;812;DBA;SR;OK;TASK000013043289;Priority 3;NA
SEC;BWI;SEC;SR;OK;TASK000013043331;Priority 3;NA
FIN;DXE;FUN;SR;OK;TASK000013043376;Priority 3;NA
CNC;812;CNC;SR;OK;TASK000013043379;Priority 3;NA
L1;WS;L1;HK;OK;TASK000013043444;Priority 3;NA
SEC;812;SEC;SR;OK;TASK000013043498;Priority 3;NA
SEC;BWI;SEC;SR;OK;TASK000013043537;Priority 4;NA
SEC;812;SEC;SR;OK;TASK000013043562;Priority 3;NA
FUN;WS;FUN;SR;OK;TASK000013043869;Priority 4;NA
FUN;WS;FUN;SR;OK;TASK000013043876;Priority 4;NA
L1;BWI;L1;SR;OK;TASK000013044015;Priority 3;NA
CNC;EES;CNC;SR;OK;TASK000013044044;Priority 3;NA
L1;BWI;L1;SR;OK;TASK000013044047;Priority 3;NA
SEC;MNT;SEC;SR;Defect;TASK000013044234;Priority 3;NA
FUN;ETH;FUN;SR;Defect;TASK000013044279;Priority 4;NA
SEC;BWI;SEC;SR;OK;TASK000013044339;Priority 4;NA
OPS;OXE;TEC;SR;OK;TASK000013044379;Priority 3;NA
APS;ETH;APS;SR;OK;TASK000013044394;Priority 3;NA
SEC;BWI;SEC;SR;OK;TASK000013044443;Priority 4;NA
CNC;LAT;CNC;SR;OK;TASK000013044458;Priority 3;NA
SEC;BWI;SEC;SR;OK;TASK000013044484;Priority 4;NA
SEC;BWI;SEC;SR;OK;TASK000013044514;Priority 4;NA
SEC;EDS;SEC;SR;OK;TASK000013044672;Priority 3;NA
SEC;EMS;SEC;SR;OK;TASK000013044682;Priority 3;NA
SEC;BWI;SEC;SR;OK;TASK000013044683;Priority 4;NA
SEC;BWI;SEC;SR;OK;TASK000013044688;Priority 4;NA
L1;BWI;L1;SR;OK;TASK000013044693;Priority 3;NA
L1;BWI;L1;SR;OK;TASK000013044709;Priority 3;NA
L1;BWI;L1;SR;OK;TASK000013044801;Priority 3;NA
L1;BWI;L1;SR;OK;TASK000013044819;Priority 3;NA
SEC;MNT;SEC;SR;Defect;TASK000013044900;Priority 3;NA
L1;DCF;L1;SR;OK;TASK000013044997;Priority 3;NA
L1;ETH;L1;SR;OK;TASK000013045132;Priority 3;NA
L1;812;L1;SR;OK;TASK000013045232;Priority 3;NA
CNC;LAT;CNC;SR;OK;TASK000013045369;Priority 3;NA
L1;812;L1;SR;OK;TASK000013045460;Priority 3;NA
L1;BWI;L1;SR;OK;TASK000013045461;Priority 3;NA
FUN;812;FUN;SR;OK;TASK000013045476;Priority 3;NA
APS;ETH;APS;SR;OK;TASK000013045700;Priority 3;NA
L1;MNT;L1;SR;OK;TASK000013045704;Priority 3;NA
SEC;812;SEC;SR;OK;TASK000013045831;Priority 3;NA
SEC;812;SEC;SR;OK;TASK000013045853;Priority 3;NA
SEC;812;SEC;SR;OK;TASK000013045897;Priority 3;NA
DBA;812;DBA;SR;OK;TASK000013045984;Priority 3;NA
DBA;812;DBA;SR;OK;TASK000013045998;Priority 3;NA
DBA;812;DBA;SR;OK;TASK000013046013;Priority 3;NA
FUN;812;FUN;SR;OK;TASK000013046030;Priority 3;NA
L1;812;L1;SR;OK;TASK000013046080;Priority 3;NA
CNC;LAT;CNC;SR;OK;TASK000013046515;Priority 3;NA
SEC;BWI;SEC;SR;OK;TASK000013046527;Priority 4;NA
L1;MNT;L1;SR;OK;TASK000013046529;Priority 3;NA
DBA;812;DBA;CHG;OK;TASK000013046532;Priority 3;NA
SCH;812;SCH;SR;OK;TASK000013046540;Priority 3;NA
SEC;BWI;SEC;SR;OK;TASK000013046544;Priority 4;NA
SEC;BWI;SEC;SR;OK;TASK000013046558;Priority 4;NA
SEC;WS;SEC;SR;OK;TASK000013046633;Priority 4;NA
SEC;WS;SEC;SR;OK;TASK000013046809;Priority 3;NA
SEC;BWI;SEC;SR;OK;TASK000013047019;Priority 4;NA
L1;BWI;L1;SR;OK;TASK000013047127;Priority 3;NA
DBA;812;DBA;SR;OK;TASK000013047275;Priority 3;NA
SEC;812;SEC;SR;OK;TASK000013047303;Priority 3;NA
SEC;BWI;SEC;SR;OK;TASK000013047456;Priority 4;NA
SEC;812;SEC;SR;OK;TASK000013047527;Priority 3;NA
L1;812;L1;HK;OK;TASK000013047580;Priority 3;NA
CNC;OXE;CNC;SR;OK;TASK000013047584;Priority 3;NA
SEC;BWI;SEC;SR;OK;TASK000013047667;Priority 4;NA
L1;BWI;L1;SR;OK;TASK000013047685;Priority 3;NA
FUN;WS;FUN;SR;OK;TASK000013047689;Priority 4;NA
CNC;LAT;CNC;SR;OK;TASK000013047701;Priority 3;NA
SEC;BWI;SEC;SR;OK;TASK000013047752;Priority 4;NA
CNC;LAT;CNC;SR;OK;TASK000013047776;Priority 3;NA
SEC;MNT;SEC;SR;OK;TASK000013047837;Priority 3;NA
CNC;812;CNC;SR;OK;TASK000013047925;Priority 3;NA
SEC;EDS;SEC;SR;OK;TASK000013047973;Priority 3;NA
SEC;BWI;SEC;SR;OK;TASK000013048135;Priority 4;NA
L1;BWI;L1;SR;OK;TASK000013048145;Priority 3;NA
SEC;ETH;SEC;SR;OK;TASK000013048156;Priority 3;NA
CNC;LAT;CNC;SR;OK;TASK000013048193;Priority 3;NA
CNC;LAT;CNC;SR;OK;TASK000013048319;Priority 3;NA
SEC;MNT;SEC;SR;Defect;TASK000013048525;Priority 3;NA
SEC;BWI;SEC;SR;OK;TASK000013048563;Priority 4;NA
L1;ETH;L1;SR;OK;TASK000013048735;Priority 3;NA
L1;ETH;L1;SR;OK;TASK000013048757;Priority 3;NA
L1;812;L1;SR;OK;TASK000013048929;Priority 3;NA
L1;812;L1;SR;OK;TASK000013049101;Priority 3;NA
CNC;LAT;CNC;SR;OK;TASK000013049181;Priority 3;NA
FUN;OXE;FUN;SR;OK;TASK000013049308;Priority 4;NA
APS;ETH;APS;SR;OK;TASK000013049407;Priority 3;NA
DBA;812;DBA;SR;OK;TASK000013049468;Priority 3;NA
L1;812;L1;SR;OK;TASK000013049597;Priority 3;NA
L1;812;L1;SR;OK;TASK000013049679;Priority 3;NA
SEC;812;SEC;SR;OK;TASK000013049697;Priority 3;NA
SEC;MNT;SEC;SR;Defect;TASK000013049724;Priority 3;NA
SEC;MNT;SEC;SR;Defect;TASK000013049747;Priority 3;NA
SEC;EMS;SEC;SR;OK;TASK000013049756;Priority 3;NA
FUN;COR;FUN;SR;OK;TASK000013049801;Priority 3;NA
SEC;812;SEC;SR;OK;TASK000013049826;Priority 3;NA
SEC;812;SEC;SR;OK;TASK000013049920;Priority 3;NA
L1;812;L1;SR;OK;TASK000013049978;Priority 3;NA
FUN;WS;FUN;SR;OK;TASK000013049996;Priority 4;NA
CNC;LAT;CNC;SR;OK;TASK000013050068;Priority 3;NA
SCH;812;SCH;SR;OK;TASK000013050187;Priority 3;NA
CNC;LAT;CNC;SR;OK;TASK000013050263;Priority 3;NA
CNC;812;CNC;INC;OK;TASK000013050272;Priority 3;NA
APS;ETH;APS;SR;OK;TASK000013050401;Priority 3;NA
DBA;812;DBA;SR;OK;TASK000013050506;Priority 3;NA
SEC;812;SEC;SR;OK;TASK000013050546;Priority 3;NA
CNC;812;CNC;SR;OK;TASK000013050620;Priority 3;NA
SEC;DXE;SEC;SR;OK;TASK000013050652;Priority 3;NA
SEC;812;SEC;SR;OK;TASK000013050772;Priority 3;NA
CNC;812;CNC;SR;OK;TASK000013050786;Priority 3;NA
CNC;812;CNC;SR;OK;TASK000013050895;Priority 3;NA
SCH;812;SCH;SR;OK;TASK000013051087;Priority 3;NA
SEC;BWI;SEC;SR;OK;TASK000013051253;Priority 4;NA
CNC;LAT;CNC;SR;OK;TASK000013051340;Priority 3;NA
L1;BWI;L1;SR;OK;TASK000013051368;Priority 3;NA
SEC;BWI;SEC;SR;OK;TASK000013051547;Priority 4;NA
OPS;EMS;OPS;SR;OK;TASK000013051549;Priority 4;NA
SEC;MNT;SEC;SR;Defect;TASK000013051620;Priority 3;NA
SEC;BWI;SEC;SR;OK;TASK000013051888;Priority 4;NA
SEC;MNT;SEC;SR;Defect;TASK000013052164;Priority 3;NA
FUN;ETH;FUN;SR;OK;TASK000013052167;Priority 3;NA
SEC;MNT;SEC;SR;Defect;TASK000013052172;Priority 3;NA
SEC;MNT;SEC;SR;Defect;TASK000013052183;Priority 3;NA
CNC;LAT;CNC;SR;OK;TASK000013052218;Priority 3;NA
L1;BWI;L1;SR;OK;TASK000013052240;Priority 3;NA
SEC;BWI;SEC;SR;OK;TASK000013052433;Priority 4;NA
L1;BWI;L1;SR;OK;TASK000013052554;Priority 3;NA
CNC;EES;CNC;SR;OK;TASK000013052756;Priority 3;NA
SEC;MNT;SEC;SR;Defect;TASK000013053031;Priority 3;NA
SCH;812;SCH;SR;OK;TASK000013053039;Priority 3;NA
SEC;MNT;SEC;SR;Defect;TASK000013053041;Priority 3;NA
SEC;MNT;SEC;SR;Defect;TASK000013053057;Priority 3;NA
CNC;DXE;CNC;INC;Defect;TASK000013053095;Priority 3;NA
SEC;812;SEC;SR;OK;TASK000013053126;Priority 3;NA
SEC;812;SEC;SR;OK;TASK000013053130;Priority 3;NA
SCH;LAT;SCH;SR;OK;TASK000013053277;Priority 3;NA
SCH;LAT;SCH;SR;OK;TASK000013053278;Priority 3;NA
SEC;812;SEC;SR;OK;TASK000013053304;Priority 3;NA
L1;812;L1;SR;OK;TASK000013053586;Priority 3;NA
DBA;812;DBA;CHG;Defect;TASK000013053593;Priority 3;NA
SEC;812;SEC;SR;OK;TASK000013053623;Priority 3;NA
L1;812;L1;SR;OK;TASK000013053627;Priority 3;NA
SEC;812;SEC;SR;OK;TASK000013053638;Priority 3;NA
SEC;812;SEC;SR;OK;TASK000013053744;Priority 3;NA
SEC;812;SEC;SR;OK;TASK000013053773;Priority 3;NA
SEC;812;SEC;SR;OK;TASK000013053803;Priority 3;NA
L1;812;L1;SR;OK;TASK000013053821;Priority 3;NA
SEC;812;SEC;SR;OK;TASK000013053864;Priority 3;NA
SEC;812;SEC;SR;OK;TASK000013053877;Priority 3;NA
SEC;812;SEC;SR;OK;TASK000013053886;Priority 3;NA
L1;812;L1;SR;OK;TASK000013053906;Priority 3;NA
SEC;812;SEC;SR;OK;TASK000013053966;Priority 3;NA
SEC;812;SEC;SR;OK;TASK000013053976;Priority 3;NA
FUN;DXE;FUN;SR;OK;TASK000013053979;Priority 4;NA
L1;812;L1;SR;OK;TASK000013054110;Priority 3;NA
SEC;BWI;SEC;SR;OK;TASK000013054299;Priority 4;NA
SEC;812;SEC;SR;OK;TASK000013054350;Priority 3;NA
SEC;OXE;SEC;SR;OK;TASK000013054360;Priority 3;NA
SEC;EMS;SEC;SR;OK;TASK000013054361;Priority 3;NA
SEC;EMS;SEC;SR;OK;TASK000013054368;Priority 3;NA
DBA;812;DBA;SR;OK;TASK000013054369;Priority 3;NA
SEC;EDS;SEC;SR;OK;TASK000013054370;Priority 3;NA
SEC;EMS;SEC;SR;OK;TASK000013054477;Priority 3;NA
SEC;812;SEC;SR;OK;TASK000013054532;Priority 3;NA
CNC;LAT;CNC;SR;OK;TASK000013054538;Priority 3;NA
DBA;812;DBA;SR;OK;TASK000013054639;Priority 3;NA
L1;BWI;L1;SR;OK;TASK000013054703;Priority 3;NA
SEC;812;SEC;SR;OK;TASK000013054860;Priority 3;NA
SEC;812;SEC;SR;OK;TASK000013054868;Priority 3;NA
SEC;OXE;SEC;SR;OK;TASK000013054904;Priority 3;NA
CNC;812;CNC;HK;OK;TASK000013054934;Priority 3;NA
DBA;812;DBA;SR;OK;TASK000013054960;Priority 3;NA
APS;ETH;APS;SR;OK;TASK000013054976;Priority 3;NA
DBA;812;DBA;CHG;Defect;TASK000013054993;Priority 3;NA
L1;OXE;L1;SR;OK;TASK000013055139;Priority 3;NA
SEC;812;SEC;SR;OK;TASK000013055143;Priority 3;NA
APS;ETH;APS;SR;OK;TASK000013055235;Priority 3;NA
SEC;OXE;SEC;SR;OK;TASK000013055257;Priority 3;NA
DBA;812;DBA;SR;OK;TASK000013055273;Priority 3;NA
SEC;812;SEC;SR;OK;TASK000013055294;Priority 3;NA
SEC;DXE;SEC;SR;OK;TASK000013055456;Priority 3;NA
CNC;ETH;CNC;INC;OK;TASK000013055664;Priority 3;NA
SEC;BWI;SEC;SR;OK;TASK000013055735;Priority 4;NA
SEC;BWI;SEC;SR;OK;TASK000013055788;Priority 4;NA
SEC;BWI;SEC;SR;OK;TASK000013055793;Priority 4;NA
SEC;BWI;SEC;SR;OK;TASK000013055813;Priority 4;NA
SEC;BWI;SEC;SR;OK;TASK000013055820;Priority 4;NA
SEC;BWI;SEC;SR;OK;TASK000013055836;Priority 4;NA
SEC;MNT;SEC;SR;Defect;TASK000013055866;Priority 3;NA
L1;812;L1;SR;OK;TASK000013055898;Priority 3;NA
SEC;BWI;SEC;SR;OK;TASK000013055951;Priority 4;NA
SEC;CAN;SEC;SR;Defect;TASK000013055976;Priority 3;NA
SEC;DPY;SEC;SR;Defect;TASK000013055977;Priority 3;NA
SEC;ETH;SEC;SR;Defect;TASK000013055978;Priority 3;NA
SEC;MNT;SEC;SR;Defect;TASK000013055979;Priority 3;NA
FUN;ETH;FUN;SR;OK;TASK000013056057;Priority 3;NA
L1;BWI;L1;SR;OK;TASK000013056223;Priority 3;NA
L1;BWI;L1;SR;OK;TASK000013056924;Priority 3;NA
L1;812;L1;SR;OK;TASK000013057326;Priority 3;NA
L1;MNT;L1;SR;OK;TASK000013057374;Priority 3;NA
FUN;WS;FUN;INC;OK;TASK000013057425;Priority 3;NA
SCH;LAT;SCH;SR;OK;TASK000013057429;Priority 3;NA
FUN;WS;FUN;SR;OK;TASK000013057432;Priority 3;NA
FUN;WS;FUN;SR;OK;TASK000013057452;Priority 3;NA
L1;812;L1;SR;OK;TASK000013057485;Priority 3;NA
FUN;COR;FUN;SR;OK;TASK000013057488;Priority 3;NA
APS;ETH;APS;SR;Defect;TASK000013057519;Priority 3;NA
FUN;COR;FUN;SR;OK;TASK000013057575;Priority 3;NA
SEC;DXE;SEC;SR;OK;TASK000013057590;Priority 3;NA
SEC;812;SEC;SR;OK;TASK000013057720;Priority 3;NA
CNC;DXE;CNC;SR;OK;TASK000013057791;Priority 3;NA
CNC;DXE;CNC;SR;OK;TASK000013057792;Priority 3;NA
L1;BWI;L1;SR;OK;TASK000013057806;Priority 3;NA
APS;ETH;APS;SR;OK;TASK000013057862;Priority 3;NA
CNC;LAT;CNC;SR;OK;TASK000013057892;Priority 3;NA
SEC;812;SEC;SR;OK;TASK000013058032;Priority 3;NA
CNC;812;SEC;SR;OK;TASK000013058097;Priority 3;NA
SEC;DXE;SEC;SR;OK;TASK000013058098;Priority 3;NA
SEC;812;SEC;SR;OK;TASK000013058103;Priority 3;NA
CNC;812;CNC;SR;OK;TASK000013058139;Priority 3;NA
SEC;812;SEC;SR;OK;TASK000013058277;Priority 3;NA
APS;ETH;APS;SR;OK;TASK000013058301;Priority 3;NA
SEC;812;SEC;SR;OK;TASK000013058312;Priority 3;NA
CNC;812;CNC;SR;OK;TASK000013058318;Priority 3;NA
CNC;812;CNC;SR;OK;TASK000013058354;Priority 3;NA
L1;812;L1;HK;OK;TASK000013058366;Priority 3;NA
SEC;BWI;SEC;SR;OK;TASK000013058390;Priority 4;NA
L1;812;L1;HK;OK;TASK000013058398;Priority 3;NA
SEC;DPY;SEC;SR;OK;TASK000013058492;Priority 3;NA
SEC;BWI;SEC;SR;OK;TASK000013058565;Priority 4;NA
SEC;BWI;SEC;SR;OK;TASK000013058640;Priority 4;NA
DBA;812;DBA;SR;OK;TASK000013058754;Priority 3;NA
SEC;BWI;SEC;SR;OK;TASK000013059008;Priority 4;NA
CNC;LAT;CNC;SR;OK;TASK000013059085;Priority 3;NA
CNC;LAT;CNC;SR;OK;TASK000013059228;Priority 3;NA
FUN;COR;FUN;SR;OK;TASK000013059246;Priority 3;NA
APS;ETH;APS;SR;OK;TASK000013059248;Priority 3;NA
SEC;ETH;SEC;SR;OK;TASK000013059254;Priority 3;NA
CNC;MNT;CNC;SR;OK;TASK000013059364;Priority 3;NA
SEC;MNT;SEC;SR;OK;TASK000013059372;Priority 3;NA
SEC;MNT;SEC;SR;OK;TASK000013059387;Priority 3;NA
CNC;BWI;CNC;SR;OK;TASK000013059449;Priority 3;NA
CNC;MNT;CNC;SR;Defect;TASK000013059515;Priority 3;NA
SEC;BWI;SEC;SR;OK;TASK000013059604;Priority 4;NA
SEC;ETH;SEC;SR;OK;TASK000013059802;Priority 3;NA
SEC;ETH;SEC;SR;OK;TASK000013059816;Priority 3;NA
SEC;ETH;SEC;SR;OK;TASK000013059833;Priority 3;NA
SEC;ETH;SEC;SR;OK;TASK000013059846;Priority 3;NA
SEC;ETH;SEC;SR;OK;TASK000013059849;Priority 3;NA
SEC;ETH;SEC;SR;OK;TASK000013059859;Priority 3;NA
SCH;LAT;SCH;SR;OK;TASK000013059876;Priority 3;NA
SEC;ETH;SEC;SR;OK;TASK000013059878;Priority 3;NA
SEC;ETH;SEC;SR;OK;TASK000013059879;Priority 3;NA
FUN;812;FUN;HK;OK;TASK000013060151;Priority 4;NA
SEC;812;SEC;SR;OK;TASK000013060209;Priority 3;NA
SEC;812;SEC;SR;OK;TASK000013060217;Priority 3;NA
SEC;812;SEC;SR;OK;TASK000013060218;Priority 3;NA
SEC;812;SEC;SR;OK;TASK000013060219;Priority 3;NA
SEC;812;SEC;SR;OK;TASK000013060239;Priority 3;NA
SEC;812;SEC;SR;OK;TASK000013060241;Priority 3;NA
L1;BWI;L1;SR;OK;TASK000013060257;Priority 3;NA
L1;812;L1;SR;OK;TASK000013060331;Priority 3;NA
OPS;WS;OPS;SR;OK;TASK000013060648;Priority 3;NA
CNC;EES;CNC;SR;OK;TASK000013060717;Priority 3;NA
FUN;WS;FUN;SR;OK;TASK000013060730;Priority 3;NA
CNC;EES;CNC;SR;OK;TASK000013061299;Priority 3;NA
L1;812;L1;SR;OK;TASK000013061309;Priority 3;NA
CNC;LAT;CNC;SR;OK;TASK000013061421;Priority 3;NA
CNC;DPY;CNC;SR;OK;TASK000013062043;Priority 3;NA
APS;EES;APS;SR;OK;TASK000013062155;Priority 3;NA
SEC;812;SEC;SR;OK;TASK000013062240;Priority 3;NA
SEC;812;SEC;SR;OK;TASK000013062346;Priority 3;NA
SEC;812;SEC;SR;OK;TASK000013062409;Priority 3;NA
CNC;812;CNC;SR;OK;TASK000013062419;Priority 3;NA
SEC;EMS;SEC;SR;OK;TASK000013062539;Priority 3;NA
SEC;EMS;SEC;SR;OK;TASK000013062546;Priority 3;NA
DBA;812;DBA;SR;OK;TASK000013062589;Priority 3;NA
FUN;812;FUN;INC;OK;TASK000013062604;Priority 3;NA
CNC;EES;CNC;SR;OK;TASK000013062834;Priority 3;NA
None;812;SCH;SR;OK;TASK000013062936;Priority 3;NA
CNC;812;CNC;SR;OK;TASK000013062990;Priority 3;NA
DBA;812;DBA;CHG;Defect;TASK000013062994;Priority 3;NA
DBA;812;DBA;SR;OK;TASK000013063085;Priority 3;NA
L1;812;L1;SR;OK;TASK000013063191;Priority 3;NA
SEC;EMS;SEC;SR;OK;TASK000013063323;Priority 3;NA
DBA;812;DBA;SR;OK;TASK000013063490;Priority 3;NA
SEC;EDS;SEC;SR;OK;TASK000013063520;Priority 3;NA
DBA;812;DBA;CHG;OK;TASK000013063677;Priority 3;NA
DBA;812;DBA;SR;OK;TASK000013063705;Priority 3;NA
SEC;MNT;SEC;SR;OK;TASK000013063803;Priority 3;NA
L1;BWI;L1;SR;OK;TASK000013063923;Priority 3;NA
SEC;CAN;SEC;SR;OK;TASK000013063996;Priority 3;NA
SEC;812;SEC;SR;OK;TASK000013064064;Priority 3;NA
SEC;WS;SEC;SR;OK;TASK000013064103;Priority 3;NA
CNC;MNT;CNC;SR;OK;TASK000013064618;Priority 3;NA
SEC;CAN;SEC;SR;OK;TASK000013064638;Priority 3;NA
SEC;CAN;SEC;SR;OK;TASK000013064666;Priority 3;NA
L1;BWI;L1;SR;OK;TASK000013064783;Priority 3;NA
SEC;CAN;SEC;SR;OK;TASK000013064784;Priority 3;NA
SEC;CAN;SEC;SR;OK;TASK000013064792;Priority 3;NA
CNC;MNT;CNC;SR;OK;TASK000013064876;Priority 3;NA
SEC;CAN;SEC;SR;OK;TASK000013064948;Priority 3;NA
L1;BWI;L1;SR;OK;TASK000013064971;Priority 3;NA
CNC;MNT;CNC;SR;OK;TASK000013065235;Priority 3;NA
L1;LAT;L1;SR;OK;TASK000013065527;Priority 3;NA
SEC;BWI;SEC;SR;OK;TASK000013065563;Priority 3;NA
L1;DCF;L1;SR;OK;TASK000013065741;Priority 3;NA
SEC;812;SEC;SR;OK;TASK000013066618;Priority 3;NA
L1;BWI;L1;SR;OK;TASK000013066774;Priority 3;NA
SEC;MNT;SEC;SR;OK;TASK000013066780;Priority 3;NA
SEC;DXE;SEC;SR;OK;TASK000013066837;Priority 3;NA
SEC;EDS;SEC;SR;OK;TASK000013066846;Priority 3;NA
SEC;OXE;SEC;SR;OK;TASK000013066850;Priority 3;NA
FUN;DXE;FUN;INC;OK;TASK000013066920;Priority 3;NA
DBA;812;DBA;SR;OK;TASK000013067191;Priority 3;NA
APS;EES;APS;SR;OK;TASK000013067198;Priority 3;NA
DBA;812;DBA;SR;OK;TASK000013067232;Priority 3;NA
DBA;812;DBA;SR;OK;TASK000013067249;Priority 3;NA
SEC;812;SEC;SR;OK;TASK000013067431;Priority 3;NA
APS;ETH;APS;SR;OK;TASK000013067452;Priority 3;NA
SEC;EDS;SEC;SR;OK;TASK000013067471;Priority 3;NA
SEC;DPY;SEC;SR;OK;TASK000013067699;Priority 3;NA
L1;812;L1;SR;OK;TASK000013067713;Priority 3;NA
SEC;EMS;SEC;SR;OK;TASK000013067759;Priority 3;NA
CNC;CAN;CNC;SR;OK;TASK000013067779;Priority 3;NA
CNC;CAN;CNC;SR;OK;TASK000013067820;Priority 3;NA
CNC;CAN;CNC;SR;OK;TASK000013067831;Priority 3;NA
SEC;BWI;SEC;SR;OK;TASK000013067849;Priority 4;NA
L1;BWI;L1;SR;OK;TASK000013067868;Priority 3;NA
L1;BWI;L1;SR;OK;TASK000013068059;Priority 3;NA
SEC;OXE;SEC;SR;OK;TASK000013068204;Priority 3;NA
FUN;COR;FUN;SR;OK;TASK000013068221;Priority 3;NA
OPS;WS;OPS;SR;OK;TASK000013068380;Priority 3;NA
FUN;ETH;FUN;SR;OK;TASK000013068526;Priority 4;NA
FUN;ETH;FUN;SR;OK;TASK000013068652;Priority 3;NA
L1;812;L1;SR;OK;TASK000013068689;Priority 3;NA
CNC;812;CNC;SR;OK;TASK000013068697;Priority 3;NA
CNC;LAT;CNC;SR;OK;TASK000013068709;Priority 3;NA
SEC;OXE;SEC;SR;OK;TASK000013068719;Priority 3;NA
SEC;CAN;SEC;SR;OK;TASK000013068726;Priority 3;NA
SEC;DPY;SEC;SR;OK;TASK000013068800;Priority 3;NA
APS;ETH;APS;SR;OK;TASK000013068948;Priority 3;NA
SEC;DXE;SEC;SR;OK;TASK000013068968;Priority 3;NA
SEC;OXE;SEC;SR;OK;TASK000013069003;Priority 3;NA
CNC;MNT;CNC;SR;OK;TASK000013069038;Priority 3;NA
L1;812;L1;SR;OK;TASK000013069088;Priority 3;NA
CNC;CAN;CNC;SR;OK;TASK000013069169;Priority 3;NA
L1;BWI;L1;SR;OK;TASK000013069172;Priority 3;NA
SCH;LAT;SCH;SR;OK;TASK000013069346;Priority 3;NA
CNC;ETH;CNC;SR;OK;TASK000013069388;Priority 3;NA
SEC;EDS;SEC;SR;OK;TASK000013069505;Priority 3;NA
SEC;BWI;SEC;SR;OK;TASK000013069540;Priority 4;NA
SEC;BWI;SEC;SR;OK;TASK000013069558;Priority 4;NA
SEC;BWI;SEC;SR;OK;TASK000013069581;Priority 4;NA
SEC;BWI;SEC;SR;OK;TASK000013069620;Priority 4;NA
SEC;BWI;SEC;SR;OK;TASK000013069662;Priority 4;NA
SEC;LAT;SEC;SR;OK;TASK000013069926;Priority 3;NA
FUN;ETH;FUN;SR;OK;TASK000013069935;Priority 3;NA
CNC;812;CNC;SR;OK;TASK000013069960;Priority 3;NA
CNC;812;CNC;SR;OK;TASK000013069962;Priority 3;NA
CNC;OXE;CNC;SR;OK;TASK000013069963;Priority 3;NA
L1;BWI;L1;SR;OK;TASK000013070007;Priority 3;NA
SCH;LAT;SCH;SR;OK;TASK000013070012;Priority 3;NA
L1;DCF;L1;SR;OK;TASK000013070124;Priority 3;NA
L1;812;L1;SR;OK;TASK000013070185;Priority 3;NA
L1;812;L1;SR;OK;TASK000013070435;Priority 3;NA
L1;812;L1;SR;OK;TASK000013070641;Priority 3;NA
SEC;812;SEC;SR;OK;TASK000013071231;Priority 3;NA
SEC;MNT;SEC;SR;OK;TASK000013071381;Priority 3;NA
SEC;MNT;SEC;SR;OK;TASK000013071534;Priority 3;NA
SEC;812;SEC;SR;OK;TASK000013071579;Priority 3;NA
SEC;EMS;SEC;SR;OK;TASK000013071612;Priority 3;NA
SEC;812;SEC;SR;OK;TASK000013071629;Priority 3;NA
L1;812;L1;SR;OK;TASK000013071742;Priority 3;NA
FUN;812;FUN;INC;OK;TASK000013071763;Priority 4;NA
SEC;812;SEC;SR;OK;TASK000013071775;Priority 3;NA
CNC;ETH;CNC;SR;OK;TASK000013071881;Priority 3;NA
APS;ETH;APS;SR;OK;TASK000013071925;Priority 3;NA
SEC;OXE;SEC;SR;OK;TASK000013071942;Priority 3;NA
L1;812;L1;SR;OK;TASK000013071959;Priority 3;NA
SEC;812;SEC;SR;OK;TASK000013071960;Priority 3;NA
SEC;EDS;SEC;SR;OK;TASK000013071994;Priority 3;NA
CNC;812;CNC;SR;OK;TASK000013072218;Priority 3;NA
APS;EES;APS;SR;OK;TASK000013072309;Priority 3;NA
SEC;812;SEC;SR;OK;TASK000013072333;Priority 3;NA
L1;812;L1;SR;OK;TASK000013072355;Priority 3;NA
CNC;ETH;CNC;SR;OK;TASK000013072445;Priority 3;NA
SEC;812;SEC;SR;OK;TASK000013072504;Priority 3;NA
FUN;812;FUN;SR;OK;TASK000013072505;Priority 3;NA
SEC;EMS;SEC;SR;OK;TASK000013072624;Priority 3;NA
CNC;DXE;CNC;SR;OK;TASK000013072636;Priority 3;NA
CNC;DXE;CNC;SR;OK;TASK000013072651;Priority 3;NA
FUN;812;FUN;SR;OK;TASK000013072667;Priority 4;NA
SEC;BWI;SEC;SR;OK;TASK000013072715;Priority 4;NA
SEC;812;SEC;SR;OK;TASK000013072866;Priority 3;NA
DBA;812;DBA;CHG;OK;TASK000013072868;Priority 3;NA
DBA;812;DBA;SR;OK;TASK000013073075;Priority 3;NA
L1;BWI;L1;SR;OK;TASK000013073127;Priority 3;NA
DBA;812;DBA;SR;OK;TASK000013073145;Priority 3;NA
DBA;812;DBA;SR;OK;TASK000013073227;Priority 3;NA
SEC;DXE;SEC;SR;OK;TASK000013073233;Priority 3;NA
DBA;812;DBA;SR;OK;TASK000013073245;Priority 3;NA
OPS;OXE;TEC;INC;OK;TASK000013073259;Priority 3;NA
SCH;LAT;SCH;SR;OK;TASK000013073311;Priority 3;NA
CNC;ETH;CNC;SR;OK;TASK000013073390;Priority 3;NA
CNC;OXE;CNC;SR;OK;TASK000013073470;Priority 3;NA
SEC;BWI;SEC;SR;OK;TASK000013073626;Priority 4;NA
SEC;BWI;SEC;SR;OK;TASK000013073674;Priority 4;NA
SEC;BWI;SEC;SR;OK;TASK000013073699;Priority 4;NA
CNC;ETH;CNC;SR;OK;TASK000013073782;Priority 3;NA
CNC;ETH;CNC;SR;OK;TASK000013073854;Priority 3;NA
CNC;MNT;CNC;SR;OK;TASK000013073866;Priority 3;NA
L1;BWI;L1;SR;OK;TASK000013073908;Priority 3;NA
L1;BWI;L1;SR;OK;TASK000013073962;Priority 3;NA
CNC;812;CNC;SR;OK;TASK000013074399;Priority 3;NA
SEC;BWI;SEC;SR;OK;TASK000013074468;Priority 4;NA
L1;BWI;L1;SR;OK;TASK000013074478;Priority 3;NA
CNC;812;CNC;SR;OK;TASK000013074545;Priority 3;NA
CNC;MNT;CNC;SR;OK;TASK000013075061;Priority 3;NA
DBA;812;DBA;SR;OK;TASK000013075410;Priority 3;NA
SEC;812;SEC;SR;OK;TASK000013075458;Priority 3;NA
DBA;812;DBA;SR;OK;TASK000013075491;Priority 3;NA
L1;812;L1;SR;OK;TASK000013075501;Priority 3;NA
SEC;812;SEC;SR;OK;TASK000013075512;Priority 3;NA
SEC;MNT;SEC;SR;OK;TASK000013075589;Priority 3;NA
DBA;812;DBA;SR;OK;TASK000013075611;Priority 3;NA
L1;812;L1;SR;OK;TASK000013075617;Priority 3;NA
DBA;812;DBA;SR;OK;TASK000013075645;Priority 3;NA
DBA;812;DBA;SR;OK;TASK000013075701;Priority 3;NA
L1;812;L1;SR;OK;TASK000013075797;Priority 3;NA
DBA;812;DBA;SR;OK;TASK000013075920;Priority 3;NA
FUN;812;FUN;SR;OK;TASK000013075936;Priority 4;NA
APS;ETH;APS;SR;OK;TASK000013075948;Priority 3;NA
DBA;812;DBA;SR;OK;TASK000013076050;Priority 3;NA
SCH;812;SCH;SR;OK;TASK000013076066;Priority 3;NA
DBA;812;DBA;CHG;Defect;TASK000013076150;Priority 3;NA
SEC;812;SEC;SR;OK;TASK000013076153;Priority 3;NA
CNC;MNT;CNC;SR;OK;TASK000013076285;Priority 3;NA
APS;EES;APS;SR;OK;TASK000013076439;Priority 3;NA
None;812;SCH;SR;OK;TASK000013076558;Priority 3;NA
SEC;ETH;SEC;SR;OK;TASK000013076667;Priority 3;NA
CNC;MNT;CNC;SR;OK;TASK000013076731;Priority 3;NA
DBA;812;DBA;SR;OK;TASK000013076761;Priority 3;NA
SEC;CAN;SEC;SR;OK;TASK000013076793;Priority 3;NA
DBA;812;DBA;SR;OK;TASK000013076899;Priority 3;NA
SEC;MNT;SEC;SR;OK;TASK000013076910;Priority 3;NA
CNC;812;CNC;SR;OK;TASK000013076951;Priority 3;NA
SEC;MNT;SEC;SR;OK;TASK000013076955;Priority 3;NA
SEC;812;SEC;SR;OK;TASK000013077058;Priority 3;NA
FUN;ETH;FUN;SR;OK;TASK000013077271;Priority 4;NA
SCH;812;SCH;SR;OK;TASK000013077327;Priority 3;NA
DBA;812;DBA;CHG;OK;TASK000013077432;Priority 3;NA
SEC;BWI;SEC;SR;OK;TASK000013077504;Priority 4;NA
SEC;812;SEC;SR;OK;TASK000013077617;Priority 3;NA
CNC;MNT;CNC;SR;OK;TASK000013077645;Priority 3;NA
OPS;EMS;OPS;SR;OK;TASK000013077648;Priority 4;NA
CNC;812;CNC;SR;OK;TASK000013077716;Priority 3;NA
L1;MNT;L1;SR;OK;TASK000013077721;Priority 3;NA
SEC;EMS;SEC;SR;OK;TASK000013077798;Priority 3;NA
CNC;812;CNC;SR;OK;TASK000013077828;Priority 3;NA
SCH;LAT;SCH;SR;OK;TASK000013077848;Priority 3;NA
SEC;BWI;SEC;SR;OK;TASK000013077975;Priority 4;NA
SEC;BWI;SEC;SR;OK;TASK000013078040;Priority 4;NA
SEC;DPY;SEC;SR;OK;TASK000013078245;Priority 3;NA
SEC;DPY;SEC;SR;OK;TASK000013078332;Priority 3;NA
SEC;812;SEC;SR;OK;TASK000013078401;Priority 3;NA
SCH;LAT;SCH;SR;OK;TASK000013078574;Priority 3;NA
L1;812;L1;SR;OK;TASK000013079433;Priority 3;NA
SEC;EMS;SEC;SR;OK;TASK000013079445;Priority 3;NA
SEC;EDS;SEC;SR;OK;TASK000013079453;Priority 3;NA
CNC;OXE;CNC;SR;OK;TASK000013079524;Priority 3;NA
L1;812;L1;HK;OK;TASK000013079752;Priority 3;NA
DBA;812;DBA;SR;OK;TASK000013079852;Priority 3;NA
CNC;OXE;CNC;SR;OK;TASK000013079886;Priority 3;NA
DBA;812;DBA;SR;OK;TASK000013079933;Priority 3;NA
APS;ETH;APS;SR;OK;TASK000013080020;Priority 3;NA
SEC;812;SEC;SR;OK;TASK000013080087;Priority 3;NA
L1;812;L1;SR;OK;TASK000013080141;Priority 3;NA
CNC;CAN;CNC;SR;OK;TASK000013080159;Priority 3;NA
CNC;812;SEC;SR;OK;TASK000013080164;Priority 3;NA
SEC;812;SEC;SR;OK;TASK000013080173;Priority 3;NA
L1;812;L1;SR;OK;TASK000013080175;Priority 3;NA
SEC;812;SEC;SR;OK;TASK000013080185;Priority 3;NA
DBA;812;DBA;SR;OK;TASK000013080302;Priority 3;NA
CNC;CAN;CNC;SR;OK;TASK000013080335;Priority 3;NA
SEC;812;SEC;SR;OK;TASK000013080347;Priority 3;NA
SEC;EMS;SEC;SR;OK;TASK000013080475;Priority 3;NA
SEC;812;SEC;SR;OK;TASK000013080488;Priority 3;NA
SEC;DXE;SEC;SR;OK;TASK000013080544;Priority 3;NA
SEC;DXE;SEC;SR;OK;TASK000013080635;Priority 3;NA
SEC;MNT;SEC;SR;OK;TASK000013080636;Priority 3;NA
SEC;EMS;SEC;SR;OK;TASK000013080661;Priority 3;NA
SEC;812;SEC;SR;OK;TASK000013080685;Priority 3;NA
SEC;812;SEC;SR;OK;TASK000013080686;Priority 3;NA
SEC;812;SEC;SR;OK;TASK000013080760;Priority 3;NA
APS;ETH;APS;SR;OK;TASK000013080805;Priority 3;NA
SEC;812;SEC;SR;OK;TASK000013080828;Priority 3;NA
FUN;812;FUN;INC;OK;TASK000013080842;Priority 4;NA
CNC;OXE;CNC;SR;OK;TASK000013080881;Priority 3;NA
SEC;812;SEC;SR;OK;TASK000013080888;Priority 3;NA
SEC;812;SEC;SR;OK;TASK000013080917;Priority 3;NA
SEC;812;SEC;SR;OK;TASK000013080933;Priority 3;NA
DBA;812;DBA;SR;OK;TASK000013080963;Priority 3;NA
SEC;MNT;SEC;SR;OK;TASK000013081002;Priority 3;NA
SEC;OXE;SEC;SR;OK;TASK000013081116;Priority 3;NA
L1;812;L1;SR;OK;TASK000013081295;Priority 3;NA
SEC;BWI;SEC;SR;OK;TASK000013081350;Priority 4;NA
CNC;CAN;CNC;SR;OK;TASK000013081430;Priority 3;NA
L1;BWI;L1;SR;OK;TASK000013081456;Priority 3;NA
CNC;812;CNC;SR;OK;TASK000013081629;Priority 3;NA
APS;EES;APS;SR;OK;TASK000013081669;Priority 3;NA
SEC;BWI;SEC;SR;OK;TASK000013081723;Priority 4;NA
SEC;BWI;SEC;SR;OK;TASK000013081774;Priority 4;NA
L1;BWI;L1;SR;OK;TASK000013082065;Priority 3;NA
CNC;CAN;CNC;SR;OK;TASK000013082183;Priority 3;NA
SCH;LAT;SCH;SR;OK;TASK000013082323;Priority 3;NA
L1;BWI;L1;SR;OK;TASK000013082353;Priority 3;NA
L1;812;L1;SR;OK;TASK000013082888;Priority 3;NA
CNC;ETH;CNC;SR;OK;TASK000013082942;Priority 3;NA
L1;812;L1;SR;OK;TASK000013083334;Priority 3;NA
SEC;WS;SEC;SR;OK;TASK000013083350;Priority 3;NA
CNC;LAT;CNC;SR;OK;TASK000013083387;Priority 3;NA
CNC;LAT;CNC;SR;OK;TASK000013083391;Priority 3;NA
FUN;812;FUN;HK;OK;TASK000013083445;Priority 3;NA
CNC;DCF;CNC;SR;OK;TASK000013083583;Priority 3;NA
CNC;DCF;CNC;SR;OK;TASK000013083691;Priority 3;NA
FUN;DXE;FUN;SR;OK;TASK000013083743;Priority 4;NA
SEC;812;SEC;SR;OK;TASK000013083814;Priority 3;NA
L1;812;L1;SR;OK;TASK000013083997;Priority 3;NA
SEC;WS;SEC;SR;OK;TASK000013084019;Priority 3;NA
APS;ETH;APS;SR;OK;TASK000013084022;Priority 3;NA
SEC;WS;SEC;SR;OK;TASK000013084037;Priority 3;NA
SEC;812;SEC;SR;OK;TASK000013084048;Priority 3;NA
L1;812;L1;SR;OK;TASK000013084091;Priority 3;NA
SEC;WS;SEC;SR;OK;TASK000013084111;Priority 3;NA
SEC;EMS;SEC;SR;OK;TASK000013084152;Priority 3;NA
APS;ETH;APS;SR;OK;TASK000013084186;Priority 3;NA
SEC;EMS;SEC;SR;OK;TASK000013084189;Priority 3;NA
SEC;812;SEC;SR;OK;TASK000013084209;Priority 3;NA
SEC;812;SEC;SR;OK;TASK000013084259;Priority 3;NA
OPS;EDS;OPS;SR;OK;TASK000013084330;Priority 3;NA
SEC;812;SEC;SR;OK;TASK000013084399;Priority 3;NA
FUN;812;FUN;SR;OK;TASK000013084501;Priority 3;NA
SEC;812;SEC;SR;OK;TASK000013084580;Priority 3;NA
SEC;812;SEC;SR;OK;TASK000013084756;Priority 3;NA
SEC;812;SEC;SR;OK;TASK000013084794;Priority 3;NA
APS;EES;APS;SR;OK;TASK000013084891;Priority 3;NA
L1;812;L1;SR;OK;TASK000013084893;Priority 3;NA
DBA;812;DBA;SR;OK;TASK000013085080;Priority 3;NA
SEC;812;SEC;SR;OK;TASK000013085133;Priority 3;NA
SEC;812;SEC;SR;OK;TASK000013085235;Priority 3;NA
L1;812;L1;SR;OK;TASK000013085297;Priority 3;NA
SEC;812;SEC;SR;OK;TASK000013085308;Priority 3;NA
L1;BWI;L1;SR;OK;TASK000013085334;Priority 3;NA
SEC;EMS;SEC;SR;OK;TASK000013085404;Priority 3;NA
SEC;812;SEC;SR;OK;TASK000013085563;Priority 3;NA
SEC;MNT;SEC;SR;OK;TASK000013085580;Priority 3;NA
SEC;MNT;SEC;SR;OK;TASK000013085719;Priority 3;NA
FUN;812;FUN;SR;OK;TASK000013085818;Priority 4;NA
FUN;EES;FUN;SR;OK;TASK000013085846;Priority 3;NA
FUN;EES;FUN;SR;OK;TASK000013085863;Priority 3;NA
SEC;MNT;SEC;SR;OK;TASK000013085890;Priority 3;NA
L1;BWI;L1;SR;OK;TASK000013085931;Priority 3;NA
FUN;ETH;FUN;SR;OK;TASK000013086033;Priority 4;NA
SEC;MNT;SEC;SR;OK;TASK000013086064;Priority 3;NA
SEC;812;SEC;SR;OK;TASK000013086117;Priority 3;NA
L1;BWI;L1;SR;OK;TASK000013086203;Priority 3;NA
SEC;BWI;SEC;SR;OK;TASK000013086204;Priority 4;NA
L1;BWI;L1;SR;OK;TASK000013086235;Priority 3;NA
CNC;DCF;CNC;SR;OK;TASK000013086277;Priority 3;NA
L1;BWI;L1;SR;OK;TASK000013086390;Priority 3;NA
FUN;CAN;FUN;SR;OK;TASK000013086397;Priority 3;NA
SEC;ETH;SEC;SR;OK;TASK000013086471;Priority 3;NA
SEC;ETH;SEC;SR;OK;TASK000013086511;Priority 3;NA
SEC;ETH;SEC;SR;OK;TASK000013086531;Priority 3;NA
L1;812;L1;SR;OK;TASK000013086532;Priority 3;NA
SEC;ETH;SEC;SR;OK;TASK000013086546;Priority 3;NA
SEC;ETH;SEC;SR;OK;TASK000013086575;Priority 3;NA
SEC;ETH;SEC;SR;OK;TASK000013086611;Priority 3;NA
CNC;BWI;CNC;SR;OK;TASK000013086775;Priority 3;NA
L1;BWI;L1;SR;OK;TASK000013086793;Priority 3;NA
L1;812;L1;SR;OK;TASK000013086828;Priority 3;NA
L1;DCF;L1;SR;OK;TASK000013086900;Priority 3;NA
L1;BWI;FUN;SR;OK;TASK000013086944;Priority 3;NA
L1;ETH;L1;SR;OK;TASK000013086948;Priority 3;NA
L1;BWI;L1;SR;OK;TASK000013087015;Priority 3;NA
CNC;DCF;CNC;SR;OK;TASK000013087187;Priority 3;NA
L1;812;L1;SR;OK;TASK000013087191;Priority 3;NA
L1;812;L1;SR;OK;TASK000013087299;Priority 3;NA
L1;BWI;L1;SR;OK;TASK000013087419;Priority 3;NA
L1;812;L1;SR;OK;TASK000013087444;Priority 3;NA
SEC;OXE;SEC;SR;OK;TASK000013087508;Priority 3;NA
FUN;WS;FUN;INC;OK;TASK000013087607;Priority 4;NA
FIN;812;FUN;SR;OK;TASK000013087767;Priority 3;NA
DBA;812;DBA;SR;OK;TASK000013087832;Priority 3;NA
SEC;EMS;SEC;SR;OK;TASK000013087878;Priority 3;NA
SEC;812;SEC;SR;OK;TASK000013087884;Priority 3;NA
L1;812;L1;SR;OK;TASK000013087956;Priority 3;NA
CNC;CAN;CNC;SR;OK;TASK000013088050;Priority 3;NA
FUN;812;FUN;SR;OK;TASK000013088203;Priority 4;NA
APS;ETH;APS;SR;OK;TASK000013088230;Priority 3;NA
FUN;WS;FUN;INC;OK;TASK000013088249;Priority 4;NA
SEC;BWI;SEC;SR;OK;TASK000013088389;Priority 4;NA
CNC;CAN;CNC;SR;OK;TASK000013088424;Priority 3;NA
CNC;812;CNC;SR;OK;TASK000013088489;Priority 3;NA
SEC;EMS;SEC;SR;OK;TASK000013088550;Priority 3;NA
SEC;BWI;SEC;SR;OK;TASK000013088578;Priority 4;NA
SEC;812;SEC;SR;OK;TASK000013088599;Priority 3;NA
SEC;WS;SEC;SR;OK;TASK000013088643;Priority 3;NA
SEC;WS;SEC;SR;OK;TASK000013088690;Priority 3;NA
SEC;812;SEC;SR;OK;TASK000013088861;Priority 3;NA
L1;812;L1;SR;OK;TASK000013088895;Priority 3;NA
CNC;CAN;CNC;SR;OK;TASK000013088913;Priority 3;NA
FUN;812;FUN;SR;OK;TASK000013088914;Priority 3;NA
SEC;WS;SEC;SR;OK;TASK000013088940;Priority 3;NA
APS;ETH;APS;SR;Defect;TASK000013088956;Priority 3;NA
FUN;812;FUN;INC;OK;TASK000013088974;Priority 3;NA
CNC;CAN;CNC;SR;OK;TASK000013088990;Priority 3;NA
SEC;EMS;SEC;SR;OK;TASK000013089029;Priority 3;NA
SEC;812;SEC;SR;OK;TASK000013089052;Priority 3;NA
FUN;812;FUN;INC;OK;TASK000013089174;Priority 4;NA
SEC;EDS;SEC;SR;OK;TASK000013089211;Priority 3;NA
FUN;812;FUN;INC;OK;TASK000013089260;Priority 4;NA
FUN;812;FUN;CHG;OK;TASK000013089263;Priority 3;NA
FUN;COR;FUN;SR;OK;TASK000013089569;Priority 3;NA
CNC;CAN;CNC;SR;OK;TASK000013089636;Priority 3;NA
L1;BWI;L1;SR;OK;TASK000013089660;Priority 3;NA
FUN;812;FUN;SR;OK;TASK000013089661;Priority 4;NA
SEC;812;SEC;SR;OK;TASK000013089666;Priority 3;NA
FUN;CAN;FUN;SR;OK;TASK000013089803;Priority 3;NA
FUN;ETH;FUN;SR;OK;TASK000013090078;Priority 4;NA
L1;BWI;L1;SR;OK;TASK000013090323;Priority 3;NA
CNC;812;CNC;SR;OK;TASK000013090334;Priority 3;NA
CNC;812;CNC;SR;OK;TASK000013090341;Priority 3;NA
FUN;WS;FUN;SR;OK;TASK000013090434;Priority 4;NA
CNC;MNT;CNC;INC;OK;TASK000013090489;Priority 3;NA
SEC;LAT;SEC;SR;OK;TASK000013090500;Priority 3;NA
L1;BWI;L1;SR;OK;TASK000013090527;Priority 3;NA
L1;BWI;L1;SR;OK;TASK000013090534;Priority 3;NA
SEC;WS;SEC;SR;OK;TASK000013091030;Priority 4;NA
FUN;ETH;FUN;SR;OK;TASK000013091157;Priority 3;NA
APS;ETH;APS;SR;OK;TASK000013091327;Priority 3;NA
SEC;EMS;SEC;SR;OK;TASK000013091441;Priority 3;NA
FIN;MNT;FUN;SR;OK;TASK000013091457;Priority 3;NA
APS;ETH;APS;SR;OK;TASK000013091463;Priority 3;NA
APS;ETH;APS;SR;OK;TASK000013091479;Priority 3;NA
SEC;812;SEC;SR;OK;TASK000013091500;Priority 3;NA
APS;ETH;APS;SR;OK;TASK000013091508;Priority 3;NA
SEC;812;SEC;SR;OK;TASK000013091524;Priority 3;NA
SEC;812;SEC;SR;OK;TASK000013091525;Priority 3;NA
SEC;BWI;SEC;SR;OK;TASK000013091570;Priority 4;NA
DBA;812;DBA;SR;OK;TASK000013091628;Priority 3;NA
DBA;812;DBA;SR;OK;TASK000013091758;Priority 3;NA
DBA;812;DBA;SR;OK;TASK000013091774;Priority 3;NA
DBA;DXE;DBA;SR;OK;TASK000013091775;Priority 3;NA
CNC;CAN;CNC;SR;OK;TASK000013091784;Priority 3;NA
SEC;WS;SEC;SR;OK;TASK000013091802;Priority 3;NA
SEC;WS;SEC;SR;OK;TASK000013091841;Priority 3;NA
SEC;812;SEC;SR;OK;TASK000013091843;Priority 3;NA
SEC;OXE;SEC;SR;OK;TASK000013091891;Priority 3;NA
SEC;812;SEC;SR;OK;TASK000013091898;Priority 3;NA
DBA;812;DBA;SR;OK;TASK000013091917;Priority 3;NA
SEC;WS;SEC;SR;OK;TASK000013091937;Priority 3;NA
SEC;812;SEC;SR;OK;TASK000013091938;Priority 3;NA
FIN;812;FUN;SR;OK;TASK000013091968;Priority 3;NA
CNC;CAN;CNC;SR;OK;TASK000013092235;Priority 3;NA
SEC;OXE;SEC;SR;OK;TASK000013092351;Priority 3;NA
FUN;OXE;FUN;INC;OK;TASK000013092360;Priority 4;NA
L1;812;L1;SR;OK;TASK000013092390;Priority 3;NA
None;812;SCH;SR;OK;TASK000013092467;Priority 3;NA
APS;ETH;APS;SR;OK;TASK000013092705;Priority 3;NA
SEC;812;SEC;SR;OK;TASK000013092777;Priority 3;NA
APS;ETH;APS;SR;OK;TASK000013092886;Priority 3;NA
FUN;ETH;FUN;SR;OK;TASK000013092889;Priority 3;NA
APS;ETH;APS;SR;OK;TASK000013092924;Priority 3;NA
None;812;SCH;SR;OK;TASK000013092979;Priority 3;NA
APS;ETH;APS;SR;OK;TASK000013093006;Priority 3;NA
CNC;CAN;CNC;SR;OK;TASK000013093280;Priority 3;NA
SEC;812;SEC;SR;OK;TASK000013093319;Priority 3;NA
SEC;ETH;SEC;SR;OK;TASK000013093354;Priority 3;NA
SEC;812;SEC;SR;OK;TASK000013093380;Priority 3;NA
CNC;CAN;CNC;SR;OK;TASK000013093521;Priority 3;NA
L1;BWI;L1;SR;OK;TASK000013093553;Priority 3;NA
SEC;BWI;SEC;SR;OK;TASK000013093556;Priority 4;NA
FUN;WS;FUN;SR;OK;TASK000013094204;Priority 3;NA
FUN;WS;FUN;SR;OK;TASK000013094207;Priority 3;NA
SEC;812;SEC;SR;OK;TASK000013094565;Priority 3;NA
SEC;812;SEC;SR;OK;TASK000013094772;Priority 3;NA
FUN;812;FUN;SR;OK;TASK000013094927;Priority 3;NA
SEC;OXE;SEC;SR;OK;TASK000013095140;Priority 3;NA
SEC;WS;SEC;SR;OK;TASK000013095148;Priority 3;NA
FUN;812;FUN;HK;OK;TASK000013095329;Priority 4;NA
SEC;DPY;SEC;SR;OK;TASK000013095398;Priority 3;NA
SEC;DXE;SEC;SR;OK;TASK000013095466;Priority 3;NA
DBA;812;DBA;SR;OK;TASK000013095480;Priority 3;NA
DBA;812;DBA;SR;OK;TASK000013095494;Priority 3;NA
SEC;BWI;SEC;SR;OK;TASK000013095530;Priority 4;NA
SEC;BWI;SEC;SR;OK;TASK000013095540;Priority 4;NA
SEC;812;SEC;SR;OK;TASK000013095552;Priority 3;NA
CNC;CAN;CNC;SR;OK;TASK000013095590;Priority 3;NA
L1;BWI;L1;SR;OK;TASK000013095684;Priority 3;NA
DBA;812;DBA;SR;OK;TASK000013095776;Priority 3;NA
DBA;812;DBA;SR;OK;TASK000013095788;Priority 3;NA
DBA;812;DBA;SR;OK;TASK000013095791;Priority 3;NA
DBA;812;DBA;SR;OK;TASK000013095793;Priority 3;NA
SEC;BWI;SEC;SR;OK;TASK000013095813;Priority 4;NA
CNC;812;CNC;SR;OK;TASK000013095817;Priority 3;NA
APS;EES;APS;SR;OK;TASK000013095878;Priority 3;NA
SEC;DXE;SEC;SR;OK;TASK000013095929;Priority 3;NA
SEC;ETH;SEC;SR;OK;TASK000013095982;Priority 3;NA
APS;EES;APS;SR;OK;TASK000013096019;Priority 3;NA
SEC;EMS;SEC;SR;OK;TASK000013096050;Priority 3;NA
SEC;812;SEC;SR;OK;TASK000013096191;Priority 3;NA
SCH;LAT;SCH;SR;OK;TASK000013096249;Priority 3;NA
DBA;812;DBA;SR;OK;TASK000013096296;Priority 3;NA
SEC;DXE;SEC;SR;OK;TASK000013096583;Priority 3;NA
SEC;MNT;SEC;SR;Defect;TASK000013096589;Priority 3;NA
SEC;BWI;SEC;SR;OK;TASK000013096612;Priority 4;NA
FUN;MNT;FUN;SR;OK;TASK000013096636;Priority 4;NA
SEC;BWI;SEC;SR;OK;TASK000013096640;Priority 4;NA
SEC;812;SEC;SR;OK;TASK000013096661;Priority 3;NA
L1;BWI;L1;SR;OK;TASK000013096679;Priority 3;NA
SEC;CAN;SEC;SR;OK;TASK000013096743;Priority 3;NA
SEC;MNT;SEC;SR;Defect;TASK000013096797;Priority 3;NA
SEC;BWI;SEC;SR;OK;TASK000013096886;Priority 4;NA
L1;ETH;L1;SR;OK;TASK000013097096;Priority 3;NA
L1;BWI;L1;SR;OK;TASK000013097375;Priority 3;NA
L1;BWI;L1;SR;OK;TASK000013097381;Priority 3;NA
CNC;BWI;CNC;SR;OK;TASK000013097383;Priority 3;NA
L1;812;L1;SR;OK;TASK000013097485;Priority 3;NA
SEC;ETH;SEC;SR;OK;TASK000013097500;Priority 3;NA
SEC;ETH;SEC;SR;OK;TASK000013097513;Priority 3;NA
APS;EES;APS;SR;OK;TASK000013097550;Priority 3;NA
L1;812;L1;SR;OK;TASK000013097663;Priority 3;NA
L1;812;L1;SR;OK;TASK000013098151;Priority 3;NA
CNC;812;CNC;SR;OK;TASK000013098156;Priority 3;NA
CNC;OXE;CNC;SR;OK;TASK000013098163;Priority 3;NA
OPS;EMS;OPS;SR;OK;TASK000013098215;Priority 3;NA
CNC;DCF;CNC;SR;OK;TASK000013098280;Priority 3;NA
CNC;BWI;CNC;SR;OK;TASK000013098298;Priority 3;NA
SCH;LAT;SCH;SR;OK;TASK000013098347;Priority 3;NA
DBA;812;DBA;SR;OK;TASK000013098360;Priority 3;NA
SEC;WS;SEC;SR;OK;TASK000013098370;Priority 3;NA
L1;812;L1;SR;OK;TASK000013098371;Priority 3;NA
L1;812;L1;SR;OK;TASK000013098440;Priority 3;NA
SEC;812;SEC;SR;OK;TASK000013098506;Priority 3;NA
SEC;812;SEC;SR;OK;TASK000013098595;Priority 3;NA
FUN;COR;FUN;SR;OK;TASK000013098625;Priority 3;NA
CNC;ETH;CNC;SR;OK;TASK000013098701;Priority 3;NA
SEC;812;SEC;SR;OK;TASK000013098741;Priority 3;NA
L1;812;L1;SR;OK;TASK000013098779;Priority 3;NA
DBA;812;DBA;SR;OK;TASK000013098795;Priority 3;NA
SEC;DXE;SEC;SR;OK;TASK000013098798;Priority 3;NA
SEC;812;SEC;SR;OK;TASK000013098809;Priority 3;NA
CNC;ETH;CNC;SR;OK;TASK000013098812;Priority 3;NA
L1;812;L1;SR;OK;TASK000013098826;Priority 3;NA
APS;ETH;APS;SR;OK;TASK000013098866;Priority 3;NA
SEC;812;SEC;SR;OK;TASK000013098898;Priority 3;NA
CNC;812;CNC;SR;OK;TASK000013098902;Priority 3;NA
SEC;BWI;SEC;SR;OK;TASK000013098907;Priority 4;NA
OPS;EDS;OPS;SR;OK;TASK000013098915;Priority 3;NA
SEC;ETH;SEC;SR;Defect;TASK000013098946;Priority 3;NA
SEC;BWI;SEC;SR;OK;TASK000013098999;Priority 4;NA
DBA;812;DBA;SR;OK;TASK000013099017;Priority 3;NA
DBA;812;DBA;SR;OK;TASK000013099021;Priority 3;NA
SEC;BWI;SEC;SR;OK;TASK000013099036;Priority 4;NA
SEC;BWI;SEC;SR;OK;TASK000013099042;Priority 3;NA
SEC;BWI;SEC;SR;OK;TASK000013099058;Priority 3;NA
SEC;BWI;SEC;SR;OK;TASK000013099119;Priority 4;NA
CNC;DCF;CNC;SR;OK;TASK000013099149;Priority 3;NA
CNC;EMS;OPS;SR;OK;TASK000013099215;Priority 3;NA
SEC;ETH;SEC;SR;OK;TASK000013099285;Priority 3;NA
SEC;812;SEC;SR;OK;TASK000013099350;Priority 3;NA
CNC;812;CNC;SR;OK;TASK000013099367;Priority 3;NA
APS;ETH;APS;SR;OK;TASK000013099371;Priority 3;NA
SEC;DXE;SEC;SR;OK;TASK000013099402;Priority 3;NA
SEC;ETH;SEC;SR;OK;TASK000013099413;Priority 3;NA
SEC;WS;SEC;SR;OK;TASK000013099415;Priority 3;NA
FUN;WS;FUN;SR;OK;TASK000013099549;Priority 3;NA
CNC;ETH;CNC;SR;OK;TASK000013099697;Priority 3;NA
FUN;ETH;FUN;SR;OK;TASK000013099883;Priority 4;NA
CNC;ETH;CNC;SR;OK;TASK000013099907;Priority 3;NA
SEC;DXE;SEC;SR;OK;TASK000013099958;Priority 3;NA
L1;BWI;L1;SR;OK;TASK000013099980;Priority 3;NA
SEC;ETH;SEC;SR;OK;TASK000013100200;Priority 3;NA
FUN;MNT;FUN;SR;OK;TASK000013100244;Priority 4;NA
FUN;MNT;FUN;SR;OK;TASK000013100304;Priority 4;NA
SEC;BWI;SEC;SR;OK;TASK000013100319;Priority 4;NA
FUN;812;FUN;SR;OK;TASK000013100486;Priority 4;NA
SEC;MNT;SEC;SR;OK;TASK000013100540;Priority 3;NA
L1;BWI;L1;SR;OK;TASK000013100571;Priority 3;NA
L1;ETH;L1;SR;OK;TASK000013100606;Priority 3;NA
L1;BWI;L1;SR;OK;TASK000013100970;Priority 3;NA
CNC;LAT;CNC;SR;OK;TASK000013101500;Priority 3;NA
CNC;DPY;CNC;SR;OK;TASK000013101523;Priority 3;NA
CNC;DPY;CNC;SR;OK;TASK000013101895;Priority 3;NA
SEC;812;SEC;SR;OK;TASK000013102000;Priority 3;NA
SEC;EMS;SEC;SR;OK;TASK000013102122;Priority 3;NA
SEC;DXE;SEC;SR;OK;TASK000013102129;Priority 3;NA
DBA;812;DBA;SR;OK;TASK000013102197;Priority 3;NA
SEC;WS;SEC;SR;OK;TASK000013102251;Priority 3;NA
SEC;DXE;SEC;SR;OK;TASK000013102278;Priority 3;NA
SEC;812;SEC;SR;OK;TASK000013102283;Priority 3;NA
SEC;812;SEC;SR;OK;TASK000013102562;Priority 3;NA
FUN;COR;FUN;SR;OK;TASK000013102595;Priority 3;NA
SEC;DPY;SEC;SR;OK;TASK000013102706;Priority 3;NA
APS;ETH;APS;SR;Defect;TASK000013102718;Priority 3;NA
APS;ETH;APS;SR;OK;TASK000013102822;Priority 3;NA
SEC;812;SEC;SR;OK;TASK000013102825;Priority 3;NA
CNC;812;CNC;SR;OK;TASK000013102849;Priority 3;NA
L1;812;L1;SR;OK;TASK000013102931;Priority 3;NA
CNC;BWI;CNC;SR;OK;TASK000013102957;Priority 3;NA
DBA;812;DBA;SR;OK;TASK000013103049;Priority 3;NA
FUN;812;FUN;SR;OK;TASK000013103119;Priority 4;NA
SEC;WS;SEC;SR;OK;TASK000013103134;Priority 3;NA
SEC;WS;SEC;SR;OK;TASK000013103161;Priority 3;NA
SEC;812;SEC;SR;OK;TASK000013103395;Priority 3;NA
OPS;OXE;TEC;SR;OK;TASK000013103404;Priority 3;NA
FUN;812;FUN;SR;OK;TASK000013103410;Priority 4;NA
APS;ETH;APS;SR;OK;TASK000013103413;Priority 3;NA
FUN;ETH;FUN;SR;OK;TASK000013103422;Priority 3;NA
SEC;812;SEC;SR;OK;TASK000013103485;Priority 3;NA
DBA;812;DBA;SR;OK;TASK000013103496;Priority 3;NA
CNC;ETH;CNC;SR;OK;TASK000013103663;Priority 3;NA
None;812;SCH;SR;OK;TASK000013103681;Priority 3;NA
L1;WS;L1;HK;OK;TASK000013103696;Priority 3;NA
FUN;DXE;FUN;INC;OK;TASK000013103725;Priority 4;NA
DBA;812;DBA;SR;OK;TASK000013103755;Priority 3;NA
SEC;812;SEC;SR;OK;TASK000013103766;Priority 3;NA
L1;BWI;L1;SR;OK;TASK000013103831;Priority 3;NA
CNC;ETH;CNC;SR;OK;TASK000013103888;Priority 3;NA
SEC;EDS;SEC;SR;OK;TASK000013103976;Priority 3;NA
CNC;LAT;CNC;SR;OK;TASK000013104131;Priority 3;NA
L1;BWI;L1;SR;OK;TASK000013104305;Priority 3;NA
SEC;BWI;SEC;SR;OK;TASK000013104435;Priority 4;NA
L1;DCF;L1;SR;OK;TASK000013104450;Priority 3;NA
FUN;812;FUN;SR;OK;TASK000013105568;Priority 4;NA
FUN;WS;FUN;INC;Defect;TASK000013105569;Priority 4;NA
FUN;812;FUN;SR;OK;TASK000013106556;Priority 4;NA
SEC;BWI;SEC;SR;OK;TASK000013106660;Priority 4;NA
SEC;BWI;SEC;SR;OK;TASK000013106783;Priority 4;NA
CNC;812;CNC;SR;OK;TASK000013106975;Priority 4;NA
FUN;ETH;FUN;SR;OK;TASK000013107410;Priority 4;NA
FUN;812;FUN;INC;OK;TASK000013108634;Priority 4;NA
FUN;812;FUN;SR;Defect;TASK000013108844;Priority 4;NA
FUN;812;FUN;SR;OK;TASK000013108845;Priority 4;NA
FUN;812;FUN;SR;OK;TASK000013109164;Priority 4;NA
FUN;WS;FUN;SR;OK;TASK000013112763;Priority 4;NA
SEC;BWI;SEC;SR;OK;TASK000013113414;Priority 4;NA
SEC;BWI;SEC;SR;OK;TASK000013114865;Priority 4;NA
FUN;WS;FUN;SR;OK;TASK000013117186;Priority 4;NA
SEC;BWI;SEC;SR;OK;TASK000013118664;Priority 4;NA
SEC;BWI;SEC;SR;OK;TASK000013118831;Priority 4;NA
SEC;BWI;SEC;SR;OK;TASK000013118925;Priority 4;NA
SEC;BWI;SEC;SR;OK;TASK000013119193;Priority 4;NA
FUN;WS;FUN;SR;OK;TASK000013119501;Priority 4;NA
FUN;MNT;FUN;SR;OK;TASK000013119678;Priority 4;NA
FUN;812;FUN;SR;OK;TASK000013121862;Priority 4;NA
FUN;812;FUN;SR;OK;TASK000013122260;Priority 4;NA
FUN;WS;FUN;SR;OK;TASK000013122837;Priority 4;NA
FUN;WS;FUN;SR;OK;TASK000013122850;Priority 4;NA
APS;ETH;APS;SR;OK;TASK000013124292;Priority 3;NA
APS;ETH;APS;SR;OK;TASK000013124293;Priority 3;NA
SEC;812;SEC;SR;OK;TASK000013124354;Priority 3;NA
SEC;812;SEC;SR;OK;TASK000013124545;Priority 3;NA
APS;ETH;APS;SR;OK;TASK000013124558;Priority 3;NA
SEC;MNT;SEC;SR;OK;TASK000013124660;Priority 3;NA
FIN;812;FUN;SR;OK;TASK000013124670;Priority 3;NA
SEC;MNT;SEC;SR;OK;TASK000013124683;Priority 3;NA
SEC;812;SEC;SR;OK;TASK000013124871;Priority 3;NA
FUN;812;FUN;SR;OK;TASK000013124918;Priority 3;NA
CNC;EES;L1 ;SR;OK;TASK000013124939;Priority 3;NA
SEC;812;SEC;SR;OK;TASK000013124965;Priority 3;NA
SEC;812;SEC;SR;OK;TASK000013124995;Priority 3;NA
SEC;EMS;SEC;SR;OK;TASK000013124997;Priority 3;NA
DBA;812;DBA;SR;OK;TASK000013125009;Priority 3;NA
SEC;812;SEC;SR;OK;TASK000013125014;Priority 3;NA
APS;ETH;APS;SR;Defect;TASK000013125025;Priority 3;NA
SEC;812;SEC;SR;OK;TASK000013125032;Priority 3;NA
DBA;812;DBA;SR;OK;TASK000013125034;Priority 3;NA
SEC;812;SEC;SR;OK;TASK000013125040;Priority 3;NA
SEC;812;SEC;SR;OK;TASK000013125045;Priority 3;NA
DBA;812;DBA;SR;OK;TASK000013125056;Priority 3;NA
SEC;812;SEC;SR;OK;TASK000013125058;Priority 3;NA
SEC;812;SEC;SR;OK;TASK000013125102;Priority 3;NA
SEC;812;SEC;SR;OK;TASK000013125119;Priority 3;NA
FUN;WS;FUN;SR;OK;TASK000013125142;Priority 3;NA
L1;812;L1 ;INC;OK;TASK000013125169;Priority 3;NA
CNC;LAT;L1 ;SR;OK;TASK000013125182;Priority 3;NA
L1;812;L1 ;SR;OK;TASK000013125186;Priority 3;NA
SEC;812;SEC;SR;OK;TASK000013125196;Priority 3;NA
SEC;812;SEC;SR;OK;TASK000013125239;Priority 3;NA
SEC;BWI;SEC;SR;OK;TASK000013125242;Priority 3;NA
SEC;812;SEC;SR;OK;TASK000013125248;Priority 3;NA
SEC;812;SEC;SR;OK;TASK000013125294;Priority 3;NA
L1;BWI;L1 ;SR;OK;TASK000013125326;Priority 3;NA
SEC;812;SEC;SR;OK;TASK000013125338;Priority 3;NA
SEC;812;SEC;SR;OK;TASK000013125353;Priority 3;NA
SEC;812;SEC;SR;OK;TASK000013125368;Priority 3;NA
SEC;812;SEC;SR;OK;TASK000013125385;Priority 3;NA
CNC;812;CNC;SR;OK;TASK000013125397;Priority 3;NA
L1;BWI;L1 ;SR;OK;TASK000013125398;Priority 3;NA
OPS;WS;FUN;SR;OK;TASK000013125446;Priority 3;NA
SEC;812;SEC;SR;OK;TASK000013125452;Priority 3;NA
APS;ETH;APS;SR;OK;TASK000013125460;Priority 3;NA
SEC;812;SEC;SR;OK;TASK000013125466;Priority 3;NA
SEC;EMS;SEC;SR;OK;TASK000013125483;Priority 3;NA
SEC;812;SEC;SR;OK;TASK000013125508;Priority 3;NA
SEC;812;SEC;SR;OK;TASK000013125546;Priority 3;NA
SEC;812;SEC;SR;OK;TASK000013125571;Priority 3;NA
SEC;812;SEC;SR;OK;TASK000013125587;Priority 3;NA
SEC;812;SEC;SR;OK;TASK000013125618;Priority 3;NA
L1;812;L1 ;SR;OK;TASK000013125625;Priority 3;NA
L1;812;L1 ;SR;OK;TASK000013125638;Priority 3;NA
SEC;812;SEC;SR;OK;TASK000013125658;Priority 3;NA
L1;BWI;L1 ;SR;OK;TASK000013125875;Priority 4;NA
CNC;ETH;L1 ;SR;OK;TASK000013125904;Priority 3;NA
SEC;BWI;SEC;SR;OK;TASK000013126017;Priority 4;NA
SEC;812;SEC;SR;OK;TASK000013126052;Priority 3;NA
SEC;DXE;SEC;SR;OK;TASK000013126067;Priority 3;NA
APS;ETH;APS;SR;OK;TASK000013126145;Priority 3;NA
SEC;812;SEC;SR;OK;TASK000013126158;Priority 3;NA
SEC;DXE;SEC;SR;OK;TASK000013126170;Priority 3;NA
FUN;812;FUN;INC;OK;TASK000013126249;Priority 3;NA
CNC;ETH;L1 ;SR;OK;TASK000013126323;Priority 3;NA
SEC;MNT;SEC;SR;OK;TASK000013126386;Priority 3;NA
SCH;LAT;SCH;SR;Defect;TASK000013126458;Priority 3;NA
SEC;812;SEC;SR;OK;TASK000013126551;Priority 3;NA
APS;ETH;APS;SR;OK;TASK000013126648;Priority 3;NA
APS;ETH;APS;SR;OK;TASK000013126653;Priority 3;NA
SEC;812;SEC;SR;OK;TASK000013126655;Priority 3;NA
SEC;LAT;SEC;SR;Defect;TASK000013126730;Priority 3;NA
L1;BWI;L1 ;SR;OK;TASK000013126807;Priority 3;NA
FUN;DXE;FUN;INC;OK;TASK000013126896;Priority 4;NA
L1;BWI;L1 ;SR;OK;TASK000013127014;Priority 3;NA
FUN;ETH;FUN;SR;OK;TASK000013127053;Priority 3;NA
FUN;ETH;FUN;SR;OK;TASK000013127055;Priority 3;NA
FUN;EES;FUN;SR;OK;TASK000013127174;Priority 3;NA
CNC;BWI;L1 ;SR;OK;TASK000013127351;Priority 3;NA
L1;BWI;L1 ;SR;OK;TASK000013127905;Priority 3;NA
CNC;DCF;CNC;SR;OK;TASK000013127973;Priority 3;NA
L1;812;L1 ;SR;OK;TASK000013127982;Priority 3;NA
FUN;ETH;FUN;SR;OK;TASK000013128398;Priority 3;NA
FUN;ETH;FUN;SR;OK;TASK000013128399;Priority 3;NA
L1;BWI;L1 ;SR;OK;TASK000013128565;Priority 3;NA
L1;812;L1 ;SR;OK;TASK000013128702;Priority 3;NA
SEC;812;SEC;SR;OK;TASK000013128872;Priority 3;NA
FUN;812;FUN;SR;OK;TASK000013128945;Priority 3;NA
SEC;WS;SEC;SR;OK;TASK000013128959;Priority 3;NA
SEC;DXE;SEC;SR;OK;TASK000013128993;Priority 3;NA
L1;812;L1 ;SR;OK;TASK000013129019;Priority 3;NA
SEC;812;SEC;SR;OK;TASK000013129093;Priority 3;NA
CNC;DCF;CNC;SR;OK;TASK000013129135;Priority 3;NA
SCH;812;SCH;SR;OK;TASK000013129149;Priority 3;NA
DBA;812;DBA;SR;OK;TASK000013129169;Priority 3;NA
SEC;812;SEC;SR;OK;TASK000013129173;Priority 3;NA
SEC;812;SEC;SR;OK;TASK000013129199;Priority 3;NA
SCH;812;SCH;SR;OK;TASK000013129217;Priority 3;NA
SEC;812;SEC;SR;OK;TASK000013129249;Priority 3;NA
CNC;EES;L1 ;SR;OK;TASK000013129257;Priority 3;NA
SEC;812;SEC;SR;OK;TASK000013129259;Priority 3;NA
SEC;BWI;SEC;SR;OK;TASK000013129307;Priority 4;NA
SEC;BWI;SEC;SR;OK;TASK000013129317;Priority 4;NA
SEC;MNT;SEC;SR;OK;TASK000013129496;Priority 3;NA
SEC;812;SEC;SR;OK;TASK000013129552;Priority 3;NA
SEC;812;SEC;SR;OK;TASK000013129587;Priority 3;NA
SEC;812;SEC;SR;OK;TASK000013129613;Priority 3;NA
CNC;BWI;CNC;SR;OK;TASK000013129631;Priority 3;NA
OPS;WS;OPS;SR;OK;TASK000013129676;Priority 3;NA
SEC;812;SEC;SR;OK;TASK000013129685;Priority 3;NA
DBA;812;DBA;SR;Defect;TASK000013129727;Priority 3;NA
SEC;EMS;SEC;SR;OK;TASK000013129733;Priority 3;NA
SEC;812;SEC;SR;OK;TASK000013129791;Priority 3;NA
SEC;EMS;SEC;SR;OK;TASK000013129793;Priority 3;NA
APS;ETH;APS;SR;OK;TASK000013129825;Priority 3;NA
SEC;812;SEC;SR;OK;TASK000013129837;Priority 3;NA
FUN;812;FUN;INC;OK;TASK000013129853;Priority 3;NA
SEC;812;SEC;SR;OK;TASK000013129961;Priority 3;NA
SEC;812;SEC;SR;OK;TASK000013129976;Priority 3;NA
SEC;812;SEC;SR;OK;TASK000013129995;Priority 3;NA
SEC;812;SEC;SR;OK;TASK000013130015;Priority 3;NA
SEC;812;SEC;SR;OK;TASK000013130027;Priority 3;NA
SEC;812;SEC;SR;OK;TASK000013130034;Priority 3;NA
APS;ETH;APS;SR;OK;TASK000013130052;Priority 3;NA
SEC;812;SEC;SR;OK;TASK000013130055;Priority 3;NA
SEC;WS;SEC;SR;OK;TASK000013130166;Priority 3;NA
DBA;812;DBA;SR;OK;TASK000013130202;Priority 3;NA
OPS;EMS;OPS;SR;OK;TASK000013130228;Priority 3;NA
CNC;LAT;L1 ;SR;OK;TASK000013130293;Priority 3;NA
SCH;812;SCH;SR;OK;TASK000013130303;Priority 3;NA
SEC;BWI;SEC;SR;OK;TASK000013130322;Priority 3;NA
SEC;812;SEC;SR;OK;TASK000013130384;Priority 3;NA
FUN;ETH;FUN;SR;OK;TASK000013130435;Priority 4;NA
FUN;CAN;FUN;SR;OK;TASK000013130472;Priority 3;NA
L1;BWI;L1 ;SR;OK;TASK000013130500;Priority 3;NA
L1;BWI;L1 ;SR;OK;TASK000013130561;Priority 3;NA
L1;BWI;L1 ;SR;OK;TASK000013130659;Priority 3;NA
FUN;EES;FUN;SR;OK;TASK000013130668;Priority 4;NA
APS;ETH;APS;SR;OK;TASK000013130681;Priority 3;NA
L1;BWI;L1 ;SR;OK;TASK000013130683;Priority 3;NA
APS;ETH;APS;SR;OK;TASK000013130687;Priority 3;NA
CNC;ETH;L1 ;SR;OK;TASK000013130690;Priority 3;NA
APS;ETH;APS;SR;OK;TASK000013130692;Priority 3;NA
SEC;CAN;SEC;SR;OK;TASK000013130851;Priority 3;NA
APS;EES;APS;SR;OK;TASK000013130952;Priority 3;NA
APS;ETH;APS;SR;OK;TASK000013130960;Priority 3;NA
APS;ETH;APS;SR;OK;TASK000013130962;Priority 3;NA
CNC;MNT;L1 ;SR;OK;TASK000013131191;Priority 3;NA
FUN;ETH;FUN;SR;OK;TASK000013131193;Priority 3;NA
SEC;BWI;SEC;SR;OK;TASK000013131337;Priority 4;NA
CNC;812;CNC;SR;OK;TASK000013131499;Priority 3;NA
SCH;LAT;SCH;SR;OK;TASK000013131798;Priority 3;NA
CNC;DCF;CNC;SR;OK;TASK000013131864;Priority 3;NA
SEC;MNT;SEC;SR;OK;TASK000013131881;Priority 3;NA
SEC;812;SEC;SR;OK;TASK000013132306;Priority 3;NA
SEC;WS;SEC;SR;OK;TASK000013132315;Priority 3;NA
L1;812;L1 ;SR;OK;TASK000013132326;Priority 3;NA
DBA;812;DBA;SR;OK;TASK000013132481;Priority 3;NA
L1;812;L1 ;SR;OK;TASK000013132534;Priority 3;NA
FUN;WS;FUN;INC;OK;TASK000013132595;Priority 3;NA
SEC;812;SEC;SR;OK;TASK000013132597;Priority 3;NA
SEC;812;SEC;SR;OK;TASK000013132629;Priority 3;NA
CNC;BWI;L1 ;SR;OK;TASK000013132634;Priority 3;NA
SCH;812;SCH;SR;OK;TASK000013132750;Priority 3;NA
SEC;WS;SEC;SR;OK;TASK000013132787;Priority 3;NA
SEC;WS;SEC;SR;OK;TASK000013132798;Priority 3;NA
SEC;WS;SEC;SR;OK;TASK000013132810;Priority 3;NA
SEC;ETH;SEC;SR;OK;TASK000013132815;Priority 3;NA
SEC;WS;SEC;SR;OK;TASK000013132817;Priority 3;NA
SEC;812;SEC;SR;OK;TASK000013132829;Priority 3;NA
FUN;812;FUN;SR;OK;TASK000013132863;Priority 4;NA
SEC;812;SEC;SR;OK;TASK000013132865;Priority 3;NA
L1;812;L1 ;SR;OK;TASK000013132876;Priority 3;NA
SEC;812;SEC;SR;OK;TASK000013132899;Priority 3;NA
FUN;812;FUN;INC;OK;TASK000013132907;Priority 3;NA
SEC;DXE;SEC;SR;OK;TASK000013132915;Priority 3;NA
L1;812;L1 ;SR;OK;TASK000013132980;Priority 3;NA
SEC;812;SEC;SR;OK;TASK000013132986;Priority 3;NA
SEC;812;SEC;SR;OK;TASK000013132993;Priority 3;NA
FUN;812;FUN;SR;OK;TASK000013133001;Priority 4;NA
CNC;DCF;CNC;SR;OK;TASK000013133005;Priority 3;NA
L1;812;L1 ;SR;OK;TASK000013133031;Priority 3;NA
DBA;812;DBA;SR;OK;TASK000013133032;Priority 3;NA
L1;812;L1 ;SR;OK;TASK000013133037;Priority 3;NA
SEC;812;SEC;SR;OK;TASK000013133109;Priority 3;NA
SEC;812;SEC;SR;OK;TASK000013133143;Priority 3;NA
SEC;BWI;SEC;SR;OK;TASK000013133198;Priority 3;NA
CNC;DPY;CNC;SR;OK;TASK000013133318;Priority 3;NA
FIN;812;FUN;SR;OK;TASK000013133343;Priority 3;NA
DBA;812;DBA;SR;OK;TASK000013133372;Priority 3;NA
FUN;DXE;FUN;SR;OK;TASK000013133448;Priority 4;NA
CNC;ETH;CNC;SR;OK;TASK000013133601;Priority 3;NA
SEC;812;SEC;SR;OK;TASK000013133653;Priority 3;NA
SEC;812;SEC;SR;OK;TASK000013133672;Priority 3;NA
SEC;812;SEC;SR;OK;TASK000013133674;Priority 3;NA
SEC;BWI;SEC;SR;OK;TASK000013133686;Priority 4;NA
SCH;LAT;SCH;SR;OK;TASK000013133733;Priority 3;NA
CNC;CAN;L1 ;SR;OK;TASK000013133747;Priority 3;NA
OPS;EDS;OPS;SR;OK;TASK000013133765;Priority 4;NA
CNC;DXE;L1 ;SR;OK;TASK000013133870;Priority 3;NA
FUN;812;FUN;INC;OK;TASK000013133997;Priority 4;NA
CNC;812;CNC;SR;OK;TASK000013133998;Priority 3;NA
CNC;LAT;L1 ;SR;OK;TASK000013134038;Priority 3;NA
TEC;EMS;OPS;SR;OK;TASK000013134401;Priority 3;NA
CNC;LAT;L1 ;SR;OK;TASK000013134461;Priority 3;NA
APS;ETH;APS;SR;OK;TASK000013134541;Priority 3;NA
CNC;LAT;L1 ;SR;OK;TASK000013134626;Priority 3;NA
FUN;ETH;FUN;SR;OK;TASK000013134658;Priority 3;NA
APS;ETH;APS;SR;OK;TASK000013134684;Priority 3;NA
APS;ETH;APS;SR;OK;TASK000013134854;Priority 3;NA
SCH;LAT;SCH;SR;OK;TASK000013134952;Priority 3;NA
SEC;ETH;SEC;SR;OK;TASK000013134984;Priority 3;NA
SEC;BWI;SEC;SR;OK;TASK000013135010;Priority 4;NA
SEC;MNT;SEC;SR;OK;TASK000013135096;Priority 3;NA
L1;812;L1 ;SR;OK;TASK000013136285;Priority 3;NA
L1;812;L1 ;SR;OK;TASK000013136307;Priority 3;NA
DBA;812;DBA;CHG;Defect;TASK000013136316;Priority 3;NA
SEC;EMS;SEC;SR;OK;TASK000013136406;Priority 3;NA
L1;812;L1 ;SR;OK;TASK000013136512;Priority 3;NA
SEC;812;SEC;SR;OK;TASK000013136559;Priority 3;NA
CNC;ETH;L1 ;SR;OK;TASK000013136595;Priority 3;NA
CNC;DXE;L1 ;SR;OK;TASK000013136596;Priority 3;NA
SEC;812;SEC;SR;OK;TASK000013136696;Priority 3;NA
L1;812;L1 ;SR;OK;TASK000013136709;Priority 3;NA
SEC;DXE;SEC;SR;OK;TASK000013136721;Priority 3;NA
SEC;812;SEC;SR;OK;TASK000013136801;Priority 3;NA
DBA;812;DBA;SR;OK;TASK000013136834;Priority 3;NA
FUN;812;FUN;INC;OK;TASK000013136857;Priority 3;NA
SEC;DPY;SEC;SR;OK;TASK000013136912;Priority 3;NA
L1;BWI;L1 ;SR;OK;TASK000013136953;Priority 3;NA
DBA;812;DBA;SR;OK;TASK000013136954;Priority 3;NA
DBA;812;DBA;SR;OK;TASK000013136962;Priority 3;NA
FUN;812;FUN;INC;OK;TASK000013136993;Priority 4;NA
DBA;812;DBA;SR;OK;TASK000013137011;Priority 3;NA
SEC;DXE;SEC;SR;OK;TASK000013137024;Priority 3;NA
L1;WS;L1 ;SR;OK;TASK000013137237;Priority 3;NA
SEC;MNT;SEC;SR;OK;TASK000013137368;Priority 3;NA
L1;BWI;L1 ;SR;OK;TASK000013137383;Priority 3;NA
SEC;DXE;SEC;SR;OK;TASK000013137547;Priority 3;NA
SEC;812;SEC;SR;OK;TASK000013137567;Priority 3;NA
L1;WS;L1 ;SR;OK;TASK000013137579;Priority 3;NA
FUN;ETH;FUN;SR;OK;TASK000013137779;Priority 3;NA
SEC;DXE;SEC;SR;OK;TASK000013137784;Priority 3;NA
SEC;812;SEC;SR;OK;TASK000013137802;Priority 3;NA
SCH;LAT;SCH;SR;OK;TASK000013137807;Priority 3;NA
L1;WS;L1 ;SR;OK;TASK000013137862;Priority 3;NA
SEC;CAN;SEC;SR;OK;TASK000013137910;Priority 3;NA
APS;ETH;APS;SR;Defect;TASK000013138015;Priority 3;NA
SEC;MNT;SEC;SR;OK;TASK000013138022;Priority 3;NA
FUN;DXE;FUN;SR;OK;TASK000013138055;Priority 3;NA
APS;ETH;APS;SR;OK;TASK000013138146;Priority 3;NA
DBA;812;DBA;SR;OK;TASK000013138150;Priority 3;NA
DBA;812;DBA;SR;OK;TASK000013138154;Priority 3;NA
FUN;ETH;FUN;SR;OK;TASK000013138196;Priority 3;NA
SEC;BWI;SEC;SR;OK;TASK000013138198;Priority 4;NA
SEC;BWI;SEC;SR;OK;TASK000013138260;Priority 4;NA
L1;BWI;L1 ;SR;OK;TASK000013138789;Priority 3;NA
CNC;EES;L1 ;SR;OK;TASK000013139341;Priority 3;NA
APS;ETH;APS;SR;OK;TASK000013139900;Priority 3;NA
CNC;LAT;L1 ;SR;OK;TASK000013140182;Priority 3;NA
CNC;BWI;L1 ;SR;OK;TASK000013140233;Priority 3;NA
SEC;WS;SEC;SR;OK;TASK000013140280;Priority 3;NA
SEC;812;SEC;SR;OK;TASK000013140378;Priority 3;NA
DBA;812;DBA;SR;OK;TASK000013140456;Priority 3;NA
APS;EES;APS;SR;OK;TASK000013140551;Priority 3;NA
FUN;WS;FUN;INC;OK;TASK000013140560;Priority 4;NA
L1;812;L1 ;SR;OK;TASK000013140591;Priority 3;NA
L1;812;L1 ;SR;OK;TASK000013140596;Priority 3;NA
SEC;812;SEC;SR;OK;TASK000013140665;Priority 3;NA
FUN;COR;FUN;SR;OK;TASK000013140679;Priority 3;NA
CNC;BWI;L1 ;SR;OK;TASK000013140707;Priority 3;NA
SEC;812;SEC;SR;OK;TASK000013140720;Priority 3;NA
SEC;812;SEC;SR;OK;TASK000013140774;Priority 3;NA
SEC;812;SEC;SR;OK;TASK000013140812;Priority 3;NA
APS;ETH;APS;SR;OK;TASK000013140832;Priority 3;NA
SEC;812;SEC;SR;OK;TASK000013140880;Priority 3;NA
SEC;DXE;SEC;SR;OK;TASK000013140972;Priority 3;NA
SEC;812;SEC;SR;OK;TASK000013140981;Priority 3;NA
FIN;812;FUN;SR;OK;TASK000013141072;Priority 4;NA
SCH;812;SCH;SR;OK;TASK000013141127;Priority 3;NA
CNC;DCF;CNC;SR;OK;TASK000013141172;Priority 3;NA
APS;ETH;APS;SR;OK;TASK000013141173;Priority 3;NA
SEC;812;SEC;SR;OK;TASK000013141202;Priority 3;NA
CNC;BWI;L1 ;SR;OK;TASK000013141203;Priority 3;NA
SEC;BWI;SEC;SR;OK;TASK000013141222;Priority 4;NA
SEC;812;SEC;SR;OK;TASK000013141249;Priority 3;NA
FUN;WS;FUN;SR;OK;TASK000013141263;Priority 4;NA
SEC;812;SEC;SR;OK;TASK000013141265;Priority 3;NA
SEC;812;SEC;SR;OK;TASK000013141286;Priority 3;NA
SEC;812;SEC;SR;OK;TASK000013141362;Priority 3;NA
L1;812;L1 ;SR;OK;TASK000013141415;Priority 3;NA
APS;ETH;APS;SR;OK;TASK000013141431;Priority 3;NA
SEC;DXE;SEC;SR;OK;TASK000013141436;Priority 3;NA
L1;812;L1 ;SR;OK;TASK000013141439;Priority 3;NA
APS;ETH;APS;SR;OK;TASK000013141468;Priority 3;NA
CNC;812;CNC;SR;OK;TASK000013141504;Priority 3;NA
FIN;812;FUN;INC;OK;TASK000013141577;Priority 4;NA
SEC;BWI;SEC;SR;OK;TASK000013141655;Priority 4;NA
SEC;DXE;SEC;SR;OK;TASK000013141745;Priority 3;NA
FUN;812;FUN;INC;OK;TASK000013141761;Priority 3;NA
SEC;812;SEC;SR;OK;TASK000013141840;Priority 3;NA
CNC;LAT;L1 ;SR;OK;TASK000013141858;Priority 3;NA
SEC;812;SEC;SR;OK;TASK000013141933;Priority 3;NA
SEC;CAN;SEC;SR;OK;TASK000013141997;Priority 3;NA
CNC;LAT;L1 ;SR;OK;TASK000013142186;Priority 3;NA
SEC;BWI;SEC;SR;OK;TASK000013142211;Priority 4;NA
SEC;812;SEC;SR;OK;TASK000013142259;Priority 3;NA
SEC;MNT;SEC;SR;OK;TASK000013142282;Priority 3;NA
SEC;812;SEC;SR;OK;TASK000013142302;Priority 3;NA
SEC;CAN;SEC;SR;OK;TASK000013142356;Priority 3;NA
FUN;ETH;FUN;SR;OK;TASK000013142363;Priority 3;NA
SEC;812;SEC;SR;OK;TASK000013142382;Priority 3;NA
SEC;812;SEC;SR;OK;TASK000013142422;Priority 3;NA
SEC;EMS;SEC;SR;OK;TASK000013142467;Priority 3;NA
DBA;812;DBA;SR;OK;TASK000013142483;Priority 3;NA
SEC;EMS;SEC;SR;OK;TASK000013142494;Priority 3;NA
CNC;EES;L1 ;SR;OK;TASK000013142514;Priority 3;NA
SEC;812;SEC;SR;OK;TASK000013142546;Priority 3;NA
CNC;BWI;L1 ;SR;OK;TASK000013142552;Priority 3;NA
SEC;ETH;SEC;SR;OK;TASK000013142593;Priority 3;NA
CNC;EES;L1 ;SR;OK;TASK000013142602;Priority 3;NA
FUN;MNT;FUN;SR;OK;TASK000013142623;Priority 4;NA
FUN;ETH;FUN;SR;OK;TASK000013142643;Priority 4;NA
SEC;ETH;SEC;SR;OK;TASK000013142685;Priority 3;NA
CNC;812;CNC;SR;OK;TASK000013142786;Priority 3;NA
SEC;BWI;SEC;SR;OK;TASK000013142795;Priority 4;NA
SEC;BWI;SEC;SR;OK;TASK000013142798;Priority 3;NA
SEC;BWI;SEC;SR;OK;TASK000013142809;Priority 3;NA
SEC;BWI;SEC;SR;OK;TASK000013142829;Priority 3;NA
SEC;ETH;SEC;SR;OK;TASK000013142845;Priority 3;NA
L1;BWI;L1 ;SR;OK;TASK000013142862;Priority 3;NA
L1;812;L1 ;SR;OK;TASK000013143062;Priority 3;NA
CNC;LAT;L1 ;SR;Defect;TASK000013143102;Priority 3;NA
L1;BWI;L1 ;SR;OK;TASK000013143196;Priority 3;NA
SEC;BWI;SEC;SR;OK;TASK000013143440;Priority 4;NA
FUN;WS;FUN;SR;OK;TASK000013143468;Priority 3;NA
DBA;812;DBA;SR;OK;TASK000013143603;Priority 3;NA
SEC;WS;SEC;SR;OK;TASK000013143913;Priority 3;NA
L1;BWI;L1 ;SR;OK;TASK000013143928;Priority 3;NA
SEC;MNT;SEC;SR;OK;TASK000013144107;Priority 3;NA
CNC;EES;L1 ;SR;OK;TASK000013144368;Priority 3;NA
L1;EDS;L1 ;SR;OK;TASK000013144487;Priority 3;NA
SEC;812;SEC;SR;OK;TASK000013144502;Priority 3;NA
CNC;CAN;L1 ;SR;OK;TASK000013144599;Priority 3;NA
DBA;812;DBA;SR;OK;TASK000013144623;Priority 3;NA
SEC;812;SEC;SR;OK;TASK000013144757;Priority 3;NA
SEC;812;SEC;SR;OK;TASK000013144849;Priority 3;NA
SEC;812;SEC;SR;OK;TASK000013144858;Priority 3;NA
SEC;812;SEC;SR;OK;TASK000013144937;Priority 3;NA
SEC;812;SEC;SR;OK;TASK000013144974;Priority 3;NA
SEC;MNT;SEC;SR;OK;TASK000013145000;Priority 3;NA
SEC;812;SEC;SR;OK;TASK000013145009;Priority 3;NA
DBA;812;DBA;SR;OK;TASK000013145051;Priority 3;NA
CNC;EES;L1 ;SR;OK;TASK000013145090;Priority 3;NA
SEC;DXE;SEC;SR;OK;TASK000013145262;Priority 3;NA
APS;ETH;APS;SR;OK;TASK000013145363;Priority 3;NA
SEC;DPY;SEC;SR;OK;TASK000013145515;Priority 3;NA
CNC;ETH;L1 ;SR;OK;TASK000013145538;Priority 3;NA
L1;812;L1 ;SR;OK;TASK000013145542;Priority 3;NA
CNC;ETH;L1 ;SR;OK;TASK000013145548;Priority 3;NA
SEC;812;SEC;SR;OK;TASK000013145632;Priority 3;NA
L1;812;L1 ;SR;OK;TASK000013145649;Priority 3;NA
SEC;812;SEC;SR;OK;TASK000013145689;Priority 3;NA
L1;BWI;L1 ;SR;OK;TASK000013145752;Priority 3;NA
SEC;812;SEC;SR;OK;TASK000013145783;Priority 3;NA
APS;ETH;APS;SR;OK;TASK000013145909;Priority 3;NA
SCH;LAT;SCH;SR;OK;TASK000013146051;Priority 3;NA
SEC;BWI;SEC;SR;OK;TASK000013146055;Priority 4;NA
APS;ETH;APS;SR;OK;TASK000013146146;Priority 3;NA
CNC;LAT;CNC;SR;OK;TASK000013146179;Priority 3;NA
FUN;WS;FUN;SR;OK;TASK000013146255;Priority 3;NA
SEC;812;SEC;SR;OK;TASK000013146269;Priority 3;NA
SEC;812;SEC;SR;OK;TASK000013146289;Priority 3;NA
CNC;MNT;L1 ;SR;OK;TASK000013146296;Priority 3;NA
SEC;812;SEC;SR;OK;TASK000013146348;Priority 3;NA
SEC;BWI;SEC;SR;OK;TASK000013146384;Priority 4;NA
L1;812;L1 ;SR;OK;TASK000013146424;Priority 3;NA
CNC;ETH;L1 ;SR;OK;TASK000013146491;Priority 3;NA
DBA;812;DBA;SR;OK;TASK000013146504;Priority 3;NA
SEC;812;SEC;SR;OK;TASK000013146546;Priority 3;NA
APS;EES;APS;SR;OK;TASK000013146627;Priority 3;NA
SEC;MNT;SEC;SR;OK;TASK000013146643;Priority 3;NA
CNC;LAT;L1 ;SR;OK;TASK000013146649;Priority 3;NA
APS;ETH;APS;SR;OK;TASK000013146707;Priority 3;NA
L1;BWI;L1 ;SR;OK;TASK000013146795;Priority 3;NA
L1;BWI;L1 ;SR;OK;TASK000013146836;Priority 3;NA
SEC;WS;SEC;SR;OK;TASK000013146988;Priority 3;NA
SEC;EMS;SEC;SR;OK;TASK000013147257;Priority 3;NA
SCH;LAT;SCH;SR;OK;TASK000013147319;Priority 3;NA
FUN;ETH;FUN;SR;OK;TASK000013147362;Priority 4;NA
FUN;EES;FUN;SR;OK;TASK000013147499;Priority 4;NA
SEC;MNT;SEC;SR;OK;TASK000013147540;Priority 3;NA
L1;BWI;L1 ;SR;OK;TASK000013147576;Priority 3;NA
SEC;EDS;SEC;SR;OK;TASK000013147653;Priority 3;NA
SEC;ETH;SEC;SR;OK;TASK000013147784;Priority 3;NA
SEC;BWI;SEC;SR;OK;TASK000013147796;Priority 4;NA
SEC;ETH;SEC;SR;OK;TASK000013147797;Priority 3;NA
DBA;812;DBA;SR;OK;TASK000013147799;Priority 3;NA
CNC;812;L1 ;SR;OK;TASK000013148035;Priority 3;NA
FUN;CAN;FUN;SR;OK;TASK000013148080;Priority 3;NA
APS;ETH;APS;SR;OK;TASK000013149268;Priority 3;NA
SEC;LAT;SEC;SR;OK;TASK000013149296;Priority 3;NA
L1;812;L1 ;SR;OK;TASK000013149584;Priority 3;NA
SEC;812;SEC;SR;OK;TASK000013149623;Priority 3;NA
SEC;812;SEC;SR;OK;TASK000013149676;Priority 3;NA
SEC;812;SEC;SR;OK;TASK000013149688;Priority 3;NA
DBA;812;DBA;SR;OK;TASK000013149732;Priority 3;NA
L1;812;L1 ;SR;OK;TASK000013149755;Priority 3;NA
SEC;EDS;SEC;SR;OK;TASK000013149784;Priority 3;NA
SEC;DXE;SEC;SR;OK;TASK000013149885;Priority 3;NA
SEC;812;SEC;SR;OK;TASK000013149980;Priority 3;NA
CNC;DCF;CNC;SR;OK;TASK000013150003;Priority 3;NA
SEC;812;SEC;SR;OK;TASK000013150027;Priority 3;NA
L1;812;L1 ;SR;OK;TASK000013150050;Priority 3;NA
SEC;EDS;SEC;SR;OK;TASK000013150084;Priority 3;NA
SEC;812;SEC;SR;OK;TASK000013150121;Priority 3;NA
FUN;ETH;FUN;SR;OK;TASK000013150268;Priority 3;NA
FUN;EDS;FUN;SR;OK;TASK000013150370;Priority 4;NA
SEC;812;SEC;SR;OK;TASK000013150419;Priority 3;NA
SEC;BWI;SEC;SR;OK;TASK000013150597;Priority 4;NA
FUN;812;FUN;INC;Defect;TASK000013150631;Priority 4;NA
SEC;812;SEC;SR;OK;TASK000013150661;Priority 3;NA
SEC;812;SEC;SR;OK;TASK000013150890;Priority 3;NA
APS;ETH;APS;SR;OK;TASK000013150958;Priority 3;NA
APS;ETH;APS;SR;OK;TASK000013151179;Priority 3;NA
L1;BWI;L1 ;SR;OK;TASK000013151267;Priority 3;NA
APS;ETH;APS;SR;OK;TASK000013151422;Priority 3;NA
FUN;ETH;FUN;SR;OK;TASK000013151600;Priority 4;NA
SCH;812;SCH;SR;OK;TASK000013151635;Priority 3;NA
OPS;EMS;OPS;SR;OK;TASK000013151705;Priority 3;NA
SEC;ETH;SEC;SR;OK;TASK000013151819;Priority 3;NA
APS;ETH;APS;SR;OK;TASK000013151839;Priority 3;NA
SEC;BWI;SEC;SR;OK;TASK000013151995;Priority 4;NA
CNC;ETH;CNC;SR;OK;TASK000013152015;Priority 3;NA
L1;LAT;L1 ;SR;OK;TASK000013152099;Priority 3;NA
L1;812;L1 ;SR;OK;TASK000013152169;Priority 3;NA
L1;812;L1 ;SR;OK;TASK000013152250;Priority 3;NA
SCH;812;SCH;SR;OK;TASK000013152274;Priority 3;NA
SEC;BWI;SEC;SR;OK;TASK000013152322;Priority 4;NA
SEC;WS;SEC;SR;OK;TASK000013153232;Priority 3;NA
APS;ETH;APS;SR;OK;TASK000013153254;Priority 3;NA
DBA;812;DBA;SR;OK;TASK000013153423;Priority 3;NA
L1;EMS;OPS;SR;OK;TASK000013153646;Priority 3;NA
L1;812;L1 ;SR;OK;TASK000013153663;Priority 3;NA
L1;812;L1 ;SR;OK;TASK000013153668;Priority 3;NA
SEC;DPY;SEC;SR;OK;TASK000013153769;Priority 3;NA
SEC;812;SEC;SR;OK;TASK000013153783;Priority 3;NA
DBA;812;DBA;SR;OK;TASK000013153846;Priority 3;NA
DBA;812;DBA;SR;OK;TASK000013153848;Priority 3;NA
CNC;CAN;CNC;SR;OK;TASK000013153913;Priority 3;NA
SEC;WS;SEC;SR;OK;TASK000013153916;Priority 3;NA
SEC;812;SEC;SR;OK;TASK000013153936;Priority 3;NA
DBA;812;DBA;SR;OK;TASK000013154048;Priority 3;NA
CNC;BWI;L1 ;SR;OK;TASK000013154070;Priority 3;NA
CNC;DCF;CNC;SR;OK;TASK000013154072;Priority 3;NA
SEC;812;SEC;SR;OK;TASK000013154074;Priority 3;NA
DBA;812;DBA;SR;Defect;TASK000013154116;Priority 3;NA
SEC;812;SEC;SR;OK;TASK000013154161;Priority 3;NA
SEC;812;SEC;SR;OK;TASK000013154169;Priority 3;NA
SEC;812;SEC;SR;OK;TASK000013154180;Priority 3;NA
SEC;812;SEC;SR;OK;TASK000013154185;Priority 3;NA
SEC;812;SEC;SR;OK;TASK000013154258;Priority 3;NA
L1;812;L1 ;SR;OK;TASK000013154264;Priority 3;NA
DBA;812;DBA;SR;OK;TASK000013154269;Priority 3;NA
DBA;812;DBA;SR;OK;TASK000013154277;Priority 3;NA
SEC;812;SEC;SR;OK;TASK000013154294;Priority 3;NA
SEC;812;SEC;SR;OK;TASK000013154361;Priority 3;NA
SEC;812;SEC;SR;OK;TASK000013154418;Priority 3;NA
SEC;DPY;SEC;SR;OK;TASK000013154435;Priority 3;NA
SEC;DXE;SEC;SR;OK;TASK000013154471;Priority 3;NA
SEC;812;SEC;SR;OK;TASK000013154497;Priority 3;NA
SEC;812;SEC;SR;OK;TASK000013154528;Priority 3;NA
SEC;812;SEC;SR;OK;TASK000013154538;Priority 3;NA
L1;DXE;L1 ;SR;OK;TASK000013154717;Priority 3;NA
DBA;812;DBA;SR;OK;TASK000013154810;Priority 3;NA
OPS;EMS;OPS;SR;OK;TASK000013154815;Priority 4;NA
FUN;WS;FUN;INC;OK;TASK000013154971;Priority 4;NA
SEC;CAN;SEC;SR;OK;TASK000013155090;Priority 3;NA
FUN;COR;FUN;SR;OK;TASK000013155150;Priority 3;NA
L1;812;L1 ;SR;OK;TASK000013155157;Priority 3;NA
L1;812;L1 ;SR;OK;TASK000013155168;Priority 3;NA
L1;812;L1 ;SR;OK;TASK000013155179;Priority 3;NA
L1;812;L1 ;SR;OK;TASK000013155182;Priority 3;NA
CNC;ETH;L1 ;SR;OK;TASK000013155376;Priority 3;NA
SCH;LAT;SCH;SR;OK;TASK000013155380;Priority 3;NA
SEC;812;SEC;SR;OK;TASK000013155489;Priority 3;NA
SEC;MNT;SEC;SR;OK;TASK000013155564;Priority 3;NA
SEC;ETH;SEC;SR;OK;TASK000013155590;Priority 3;NA
CNC;ETH;L1 ;SR;OK;TASK000013155602;Priority 3;NA
SEC;ETH;SEC;SR;OK;TASK000013155832;Priority 3;NA
SEC;BWI;SEC;SR;OK;TASK000013155870;Priority 4;NA
SEC;BWI;SEC;SR;OK;TASK000013155967;Priority 4;NA
SEC;BWI;SEC;SR;OK;TASK000013156351;Priority 4;NA
L1;BWI;L1 ;SR;OK;TASK000013156462;Priority 3;NA
L1;BWI;L1 ;SR;OK;TASK000013156487;Priority 3;NA
FUN;ETH;FUN;SR;OK;TASK000013156679;Priority 4;NA
L1;812;L1 ;SR;OK;TASK000013157574;Priority 3;NA
SEC;DXE;SEC;SR;OK;TASK000013157601;Priority 3;NA
SEC;812;SEC;SR;OK;TASK000013157655;Priority 3;NA
SEC;DXE;SEC;SR;OK;TASK000013157657;Priority 3;NA
SEC;EMS;SEC;SR;OK;TASK000013157679;Priority 3;NA
SEC;EMS;SEC;SR;OK;TASK000013157689;Priority 3;NA
SEC;EMS;SEC;SR;OK;TASK000013157735;Priority 3;NA
SEC;EMS;SEC;SR;OK;TASK000013157747;Priority 3;NA
CNC;DCF;CNC;SR;OK;TASK000013157785;Priority 3;NA
FUN;812;FUN;INC;OK;TASK000013157808;Priority 4;NA
FUN;ETH;FUN;SR;OK;TASK000013157811;Priority 3;NA
SEC;MNT;SEC;SR;OK;TASK000013157847;Priority 3;NA
L1;812;L1 ;SR;OK;TASK000013157866;Priority 3;NA
SEC;DPY;SEC;SR;OK;TASK000013157974;Priority 3;NA
SCH;812;SCH;SR;OK;TASK000013158070;Priority 3;NA
SEC;CAN;SEC;SR;OK;TASK000013158179;Priority 3;NA
L1;BWI;L1 ;SR;OK;TASK000013158211;Priority 3;NA
SEC;BWI;SEC;SR;OK;TASK000013158489;Priority 4;NA
L1;812;L1 ;SR;OK;TASK000013158516;Priority 3;NA
FUN;ETH;FUN;SR;OK;TASK000013158532;Priority 3;NA
SEC;812;SEC;SR;OK;TASK000013158648;Priority 3;NA
SEC;812;SEC;SR;OK;TASK000013158792;Priority 3;NA
SEC;CAN;SEC;SR;OK;TASK000013158961;Priority 3;NA
SEC;CAN;SEC;SR;OK;TASK000013158986;Priority 3;NA
FUN;CAN;FUN;SR;OK;TASK000013158991;Priority 3;NA
CNC;LAT;L1 ;SR;OK;TASK000013159011;Priority 3;NA
CNC;BWI;L1 ;SR;OK;TASK000013159066;Priority 3;NA
APS;ETH;APS;SR;OK;TASK000013159210;Priority 3;NA
SEC;MNT;SEC;SR;OK;TASK000013159303;Priority 3;NA
APS;ETH;APS;SR;OK;TASK000013159309;Priority 3;NA
CNC;ETH;CNC;SR;OK;TASK000013159458;Priority 3;NA
CNC;LAT;L1 ;SR;OK;TASK000013160068;Priority 3;NA
CNC;BWI;L1 ;SR;OK;TASK000013160069;Priority 3;NA
CNC;CAN;L1 ;SR;OK;TASK000013160070;Priority 3;NA
FUN;ETH;FUN;SR;OK;TASK000013160227;Priority 3;NA
L1;BWI;L1 ;SR;OK;TASK000013160228;Priority 3;NA
SEC;EES;SEC;SR;OK;TASK000013160394;Priority 3;NA
CNC;EES;L1 ;SR;OK;TASK000013160474;Priority 3;NA
FUN;WS;FUN;SR;OK;TASK000013160486;Priority 3;NA
DBA;812;DBA;SR;OK;TASK000013160531;Priority 3;NA
CNC;DCF;CNC;SR;OK;TASK000013161020;Priority 3;NA
CNC;DCF;CNC;SR;OK;TASK000013161028;Priority 3;NA
SEC;812;SEC;SR;OK;TASK000013161035;Priority 3;NA
SEC;EDS;SEC;SR;OK;TASK000013161043;Priority 3;NA
SEC;EMS;SEC;SR;OK;TASK000013161800;Priority 3;NA
CNC;DCF;CNC;SR;OK;TASK000013162027;Priority 3;NA
SEC;MNT;SEC;SR;OK;TASK000013162049;Priority 3;NA
L1;812;L1 ;SR;OK;TASK000013162151;Priority 3;NA
SEC;812;SEC;SR;OK;TASK000013162169;Priority 3;NA
FUN;812;FUN;INC;OK;TASK000013162344;Priority 4;NA
SEC;812;SEC;SR;OK;TASK000013162389;Priority 3;NA
SEC;812;SEC;SR;OK;TASK000013162468;Priority 3;NA
DBA;812;DBA;SR;Defect;TASK000013162489;Priority 3;NA
SEC;812;SEC;SR;OK;TASK000013162491;Priority 3;NA
APS;ETH;APS;SR;OK;TASK000013162499;Priority 3;NA
SEC;812;SEC;SR;OK;TASK000013162590;Priority 3;NA
SEC;DXE;SEC;SR;OK;TASK000013162689;Priority 3;NA
SEC;812;SEC;SR;OK;TASK000013162762;Priority 3;NA
CNC;EES;L1 ;SR;OK;TASK000013162789;Priority 3;NA
DBA;812;DBA;SR;OK;TASK000013162821;Priority 3;NA
SEC;EMS;SEC;SR;OK;TASK000013162856;Priority 3;NA
DBA;812;DBA;SR;OK;TASK000013162871;Priority 3;NA
DBA;812;DBA;SR;OK;TASK000013162882;Priority 3;NA
DBA;812;DBA;SR;OK;TASK000013162887;Priority 3;NA
DBA;812;DBA;SR;OK;TASK000013162888;Priority 3;NA
SEC;812;SEC;SR;OK;TASK000013162889;Priority 3;NA
DBA;812;DBA;SR;OK;TASK000013162893;Priority 3;NA
SEC;EMS;SEC;SR;OK;TASK000013162932;Priority 3;NA
SEC;812;SEC;SR;OK;TASK000013162991;Priority 3;NA
CNC;DCF;CNC;SR;OK;TASK000013163001;Priority 3;NA
SEC;812;SEC;SR;OK;TASK000013163089;Priority 3;NA
L1;812;L1 ;SR;OK;TASK000013163223;Priority 3;NA
SEC;DPY;SEC;SR;OK;TASK000013163249;Priority 3;NA
L1;812;L1 ;SR;OK;TASK000013163259;Priority 3;NA
SEC;DXE;SEC;SR;OK;TASK000013163307;Priority 3;NA
FUN;EES;FUN;SR;OK;TASK000013163328;Priority 3;NA
SEC;812;SEC;SR;OK;TASK000013163346;Priority 3;NA
FUN;ETH;FUN;SR;OK;TASK000013163380;Priority 3;NA
SEC;BWI;SEC;SR;OK;TASK000013163399;Priority 4;NA
OPS;EMS;OPS;SR;OK;TASK000013163440;Priority 3;NA
FUN;ETH;FUN;SR;OK;TASK000013163513;Priority 3;NA
TEC;EMS;OPS;SR;OK;TASK000013163719;Priority 3;NA
L1;812;L1 ;SR;OK;TASK000013163902;Priority 3;NA
L1;BWI;L1 ;SR;OK;TASK000013163908;Priority 3;NA
SEC;BWI;SEC;SR;OK;TASK000013164026;Priority 4;NA
SEC;DXE;SEC;SR;OK;TASK000013164158;Priority 3;NA
CNC;ETH;L1 ;SR;OK;TASK000013164212;Priority 3;NA
DBA;812;DBA;SR;OK;TASK000013164223;Priority 3;NA
APS;ETH;APS;SR;OK;TASK000013164274;Priority 3;NA
CNC;CAN;L1 ;SR;OK;TASK000013164309;Priority 3;NA
SEC;BWI;SEC;SR;OK;TASK000013164405;Priority 4;NA
CNC;ETH;L1 ;SR;OK;TASK000013164485;Priority 3;NA
L1;812;L1 ;SR;OK;TASK000013164497;Priority 3;NA
SEC;EMS;SEC;SR;OK;TASK000013164625;Priority 3;NA
CNC;LAT;L1 ;SR;OK;TASK000013164762;Priority 3;NA
CNC;ETH;L1 ;SR;OK;TASK000013164768;Priority 3;NA
L1;ETH;L1 ;SR;OK;TASK000013164938;Priority 3;NA
SEC;BWI;SEC;SR;OK;TASK000013165009;Priority 4;NA
L1;BWI;L1 ;SR;OK;TASK000013165053;Priority 3;NA
APS;ETH;APS;SR;OK;TASK000013165114;Priority 3;NA
SEC;812;SEC;SR;OK;TASK000013165119;Priority 3;NA
CNC;812;L1 ;SR;Defect;TASK000013165131;Priority 3;NA
CNC;812;L1 ;SR;Defect;TASK000013165132;Priority 3;NA
L1;BWI;L1 ;SR;OK;TASK000013165455;Priority 3;NA
SCH;LAT;SCH;SR;OK;TASK000013165522;Priority 3;NA
DBA;812;DBA;SR;OK;TASK000013165811;Priority 3;NA
DBA;812;DBA;SR;OK;TASK000013165820;Priority 3;NA
CNC;DCF;CNC;SR;OK;TASK000013165870;Priority 3;NA
DBA;812;DBA;SR;OK;TASK000013166147;Priority 3;NA
SEC;812;SEC;SR;OK;TASK000013166196;Priority 3;NA
DBA;812;DBA;SR;OK;TASK000013166293;Priority 3;NA
DBA;812;DBA;SR;OK;TASK000013166306;Priority 3;NA
SEC;EDS;SEC;SR;OK;TASK000013166373;Priority 3;NA
CNC;DXE;L1 ;SR;OK;TASK000013166467;Priority 3;NA
CNC;BWI;L1 ;SR;OK;TASK000013166494;Priority 3;NA
DBA;812;DBA;CHG;OK;TASK000013166501;Priority 3;NA
FIN;MNT;FUN;SR;OK;TASK000013166628;Priority 3;NA
L1;812;L1 ;SR;OK;TASK000013166640;Priority 3;NA
OPS;EMS;OPS;SR;OK;TASK000013166649;Priority 3;NA
DBA;812;DBA;SR;OK;TASK000013166684;Priority 3;NA
SEC;EDS;SEC;SR;OK;TASK000013166784;Priority 3;NA
FUN;812;FUN;SR;OK;TASK000013166798;Priority 3;NA
SEC;DXE;SEC;SR;OK;TASK000013166821;Priority 3;NA
SEC;812;SEC;SR;OK;TASK000013166953;Priority 3;NA
SEC;EDS;SEC;SR;OK;TASK000013166986;Priority 3;NA
CNC;DCF;CNC;SR;OK;TASK000013166999;Priority 3;NA
CNC;CAN;L1 ;SR;OK;TASK000013167137;Priority 3;NA
DBA;812;DBA;SR;OK;TASK000013167311;Priority 3;NA
SEC;812;SEC;SR;OK;TASK000013167322;Priority 3;NA
APS;EES;APS;SR;OK;TASK000013167396;Priority 3;NA
SEC;EDS;SEC;SR;OK;TASK000013167446;Priority 3;NA
DBA;812;DBA;CHG;Defect;TASK000013167453;Priority 3;NA
L1;812;L1 ;SR;OK;TASK000013167459;Priority 3;NA
SCH;812;SCH;SR;OK;TASK000013167580;Priority 3;NA
SEC;BWI;SEC;SR;OK;TASK000013167682;Priority 4;NA
FUN;EES;FUN;SR;OK;TASK000013167780;Priority 3;NA
L1;812;L1 ;SR;OK;TASK000013167872;Priority 3;NA
L1;812;L1 ;SR;OK;TASK000013167879;Priority 3;NA
APS;ETH;APS;SR;Defect;TASK000013168061;Priority 3;NA
DBA;812;DBA;SR;OK;TASK000013168227;Priority 3;NA
SEC;BWI;SEC;SR;OK;TASK000013168309;Priority 3;NA
SEC;812;SEC;SR;OK;TASK000013168448;Priority 3;NA
SEC;BWI;SEC;SR;OK;TASK000013168559;Priority 4;NA
CNC;ETH;L1 ;SR;OK;TASK000013168578;Priority 3;NA
CNC;ETH;L1 ;SR;OK;TASK000013168815;Priority 3;NA
SEC;MNT;SEC;SR;OK;TASK000013168981;Priority 3;NA
L1;BWI;L1 ;SR;OK;TASK000013169036;Priority 3;NA
CNC;812;L1 ;SR;OK;TASK000013169055;Priority 3;NA
SEC;WS;SEC;SR;Defect;TASK000013169290;Priority 3;NA
L1;BWI;L1 ;SR;OK;TASK000013169310;Priority 4;NA
L1;812;L1 ;SR;OK;TASK000013169388;Priority 3;NA
CNC;812;L1 ;SR;OK;TASK000013169390;Priority 3;NA
L1;812;L1 ;SR;OK;TASK000013169420;Priority 3;NA
SEC;MNT;SEC;SR;OK;TASK000013169519;Priority 3;NA
L1;812;L1 ;SR;OK;TASK000013169602;Priority 3;NA
SEC;DXE;SEC;SR;OK;TASK000013169796;Priority 3;NA
APS;ETH;APS;SR;OK;TASK000013170184;Priority 3;NA
DBA;812;DBA;CHG;Defect;TASK000013170280;Priority 3;NA
DBA;812;DBA;SR;OK;TASK000013170307;Priority 3;NA
SEC;812;SEC;SR;OK;TASK000013170365;Priority 3;NA
SEC;812;SEC;SR;OK;TASK000013170372;Priority 3;NA
FIN;MNT;FUN;SR;OK;TASK000013170539;Priority 3;NA
SEC;812;SEC;SR;OK;TASK000013170541;Priority 3;NA
L1;812;L1 ;SR;OK;TASK000013170543;Priority 3;NA
SEC;812;SEC;SR;OK;TASK000013170544;Priority 3;NA
SEC;812;SEC;SR;OK;TASK000013170691;Priority 3;NA
FUN;812;FUN;INC;OK;TASK000013170693;Priority 3;NA
DBA;812;DBA;SR;OK;TASK000013170717;Priority 3;NA
CNC;DCF;CNC;SR;OK;TASK000013170834;Priority 3;NA
SEC;BWI;SEC;SR;OK;TASK000013170913;Priority 4;NA
SEC;812;SEC;SR;OK;TASK000013170927;Priority 3;NA
FUN;812;FUN;SR;OK;TASK000013170950;Priority 4;NA
SEC;812;SEC;SR;OK;TASK000013170966;Priority 3;NA
SEC;DPY;SEC;SR;OK;TASK000013170991;Priority 3;NA
L1;812;L1 ;SR;OK;TASK000013170996;Priority 3;NA
SEC;MNT;SEC;SR;OK;TASK000013171005;Priority 3;NA
SEC;812;SEC;SR;OK;TASK000013171020;Priority 3;NA
CNC;812;CNC;SR;Defect;TASK000013171155;Priority 3;NA
OPS;EMS;OPS;SR;OK;TASK000013171214;Priority 3;NA
SEC;EDS;SEC;SR;OK;TASK000013171406;Priority 3;NA
SEC;CAN;SEC;SR;OK;TASK000013171436;Priority 3;NA
SEC;MNT;SEC;SR;OK;TASK000013171489;Priority 3;NA
DBA;812;DBA;SR;OK;TASK000013171590;Priority 3;NA
DBA;812;DBA;SR;OK;TASK000013171599;Priority 3;NA
APS;ETH;APS;SR;OK;TASK000013171726;Priority 3;NA
FUN;812;FUN;SR;OK;TASK000013171778;Priority 3;NA
APS;ETH;APS;SR;OK;TASK000013171835;Priority 3;NA
SEC;MNT;SEC;SR;OK;TASK000013172089;Priority 3;NA
APS;ETH;APS;SR;OK;TASK000013172184;Priority 3;NA
FUN;ETH;FUN;SR;OK;TASK000013172344;Priority 3;NA
FUN;812;FUN;INC;OK;TASK000013172467;Priority 3;NA
CNC;MNT;L1 ;SR;OK;TASK000013172592;Priority 3;NA
SEC;EES;FUN;SR;OK;TASK000013172734;Priority 3;NA
L1;812;L1 ;SR;OK;TASK000013172838;Priority 3;NA
L1;812;L1 ;SR;OK;TASK000013173110;Priority 3;NA
FUN;812;FUN;INC;OK;TASK000013173111;Priority 3;NA
L1;WS;L1 ;SR;OK;TASK000013173214;Priority 3;NA
CNC;DCF;CNC;SR;OK;TASK000013173285;Priority 3;NA
L1;BWI;L1 ;SR;OK;TASK000013173287;Priority 3;NA
DBA;812;DBA;SR;OK;TASK000013173354;Priority 3;NA
DBA;812;DBA;CHG;Defect;TASK000013173439;Priority 3;NA
SEC;EDS;SEC;SR;OK;TASK000013173603;Priority 3;NA
SEC;MNT;SEC;SR;OK;TASK000013173625;Priority 3;NA
CNC;812;CNC;SR;OK;TASK000013173804;Priority 3;NA
L1;812;L1 ;SR;OK;TASK000013173843;Priority 3;NA
SEC;812;SEC;SR;OK;TASK000013174055;Priority 3;NA
SEC;812;SEC;SR;OK;TASK000013174078;Priority 3;NA
L1;812;L1 ;SR;OK;TASK000013174081;Priority 3;NA
SEC;812;SEC;SR;OK;TASK000013174093;Priority 3;NA
SEC;DXE;SEC;SR;OK;TASK000013174099;Priority 3;NA
SEC;EMS;SEC;SR;OK;TASK000013174109;Priority 3;NA
L1;BWI;L1 ;SR;OK;TASK000013174127;Priority 3;NA
CNC;EES;L1 ;SR;OK;TASK000013174204;Priority 3;NA
L1;812;L1 ;SR;OK;TASK000013174211;Priority 3;NA
APS;ETH;APS;SR;OK;TASK000013174303;Priority 3;NA
SEC;812;SEC;SR;OK;TASK000013174324;Priority 3;NA
FUN;812;FUN;INC;OK;TASK000013174339;Priority 3;NA
CNC;BWI;L1 ;SR;OK;TASK000013174375;Priority 3;NA
L1;812;L1 ;SR;OK;TASK000013174380;Priority 3;NA
SEC;812;SEC;SR;OK;TASK000013174437;Priority 3;NA
CNC;DCF;CNC;SR;OK;TASK000013174466;Priority 3;NA
L1;812;L1 ;SR;OK;TASK000013174780;Priority 3;NA
L1;812;L1 ;SR;OK;TASK000013174801;Priority 3;NA
L1;812;L1 ;SR;OK;TASK000013174823;Priority 3;NA
SEC;CAN;SEC;SR;OK;TASK000013174830;Priority 3;NA
SEC;DPY;SEC;SR;OK;TASK000013174831;Priority 3;NA
L1;812;L1 ;SR;OK;TASK000013174835;Priority 3;NA
SEC;812;SEC;SR;OK;TASK000013174905;Priority 3;NA
SEC;812;SEC;SR;OK;TASK000013174926;Priority 3;NA
SEC;812;SEC;SR;OK;TASK000013174967;Priority 3;NA
SEC;BWI;SEC;SR;OK;TASK000013174979;Priority 4;NA
DBA;812;DBA;SR;OK;TASK000013175041;Priority 3;NA
CNC;CAN;L1 ;SR;OK;TASK000013175088;Priority 3;NA
SEC;CAN;SEC;SR;OK;TASK000013175127;Priority 3;NA
SCH;812;SCH;SR;OK;TASK000013175128;Priority 3;NA
SEC;812;SEC;SR;OK;TASK000013175137;Priority 3;NA
SEC;812;SEC;SR;OK;TASK000013175188;Priority 3;NA
L1;BWI;L1 ;SR;OK;TASK000013175207;Priority 3;NA
APS;ETH;APS;SR;OK;TASK000013175331;Priority 3;NA
SEC;CAN;SEC;SR;OK;TASK000013175455;Priority 3;NA
SEC;812;SEC;SR;OK;TASK000013175519;Priority 3;NA
CNC;ETH;L1 ;SR;OK;TASK000013175528;Priority 3;NA
DBA;812;DBA;SR;OK;TASK000013175552;Priority 3;NA
CNC;BWI;L1 ;SR;OK;TASK000013175607;Priority 3;NA
APS;EES;APS;SR;OK;TASK000013175660;Priority 3;NA
CNC;DPY;CNC;SR;OK;TASK000013175696;Priority 3;NA
SEC;BWI;SEC;SR;OK;TASK000013175852;Priority 4;NA
APS;ETH;APS;SR;OK;TASK000013176038;Priority 3;NA
APS;ETH;APS;SR;OK;TASK000013176050;Priority 3;NA
APS;ETH;APS;SR;OK;TASK000013176099;Priority 3;NA
SEC;MNT;SEC;SR;OK;TASK000013176139;Priority 3;NA
SEC;MNT;SEC;SR;OK;TASK000013176146;Priority 3;NA
SEC;MNT;SEC;SR;OK;TASK000013176150;Priority 3;NA
APS;EES;APS;SR;OK;TASK000013176322;Priority 3;NA
CNC;812;L1 ;SR;OK;TASK000013176340;Priority 3;NA
SEC;BWI;SEC;SR;OK;TASK000013176450;Priority 4;NA
SEC;BWI;SEC;SR;OK;TASK000013176533;Priority 4;NA
SEC;BWI;SEC;SR;OK;TASK000013176540;Priority 4;NA
CNC;812;L1 ;SR;OK;TASK000013176601;Priority 3;NA
SCH;LAT;SCH;SR;OK;TASK000013176827;Priority 3;NA
SCH;LAT;SCH;SR;OK;TASK000013176849;Priority 3;NA
FUN;CAN;FUN;INC;OK;TASK000013176956;Priority 3;NA
APS;ETH;APS;SR;OK;TASK000013177164;Priority 3;NA
L1;812;L1 ;SR;OK;TASK000013177248;Priority 3;NA
L1;812;L1 ;SR;OK;TASK000013177270;Priority 3;NA
SEC;812;SEC;SR;OK;TASK000013177618;Priority 3;NA
DBA;812;DBA;CHG;OK;TASK000013177625;Priority 3;NA
FUN;812;FUN;INC;Defect;TASK000013177740;Priority 4;NA
FIN;812;FUN;INC;OK;TASK000013177916;Priority 4;NA
SCH;812;SCH;SR;OK;TASK000013177939;Priority 3;NA
SEC;812;SEC;SR;OK;TASK000013178030;Priority 3;NA
CNC;ETH;L1 ;SR;Defect;TASK000013178128;Priority 3;NA
SEC;DXE;SEC;SR;OK;TASK000013178202;Priority 3;NA
SEC;812;SEC;SR;OK;TASK000013178225;Priority 3;NA
SEC;EDS;SEC;SR;OK;TASK000013178247;Priority 3;NA
CNC;ETH;L1 ;SR;OK;TASK000013178279;Priority 3;NA
APS;ETH;APS;SR;OK;TASK000013178324;Priority 3;NA
CNC;812;CNC;SR;OK;TASK000013178398;Priority 3;NA
CNC;812;L1 ;SR;Defect;TASK000013178413;Priority 3;NA
SEC;BWI;SEC;SR;OK;TASK000013178430;Priority 4;NA
SEC;BWI;SEC;SR;OK;TASK000013178436;Priority 3;NA
SEC;812;SEC;SR;OK;TASK000013178525;Priority 3;NA
SEC;812;SEC;SR;OK;TASK000013178567;Priority 3;NA
DBA;812;DBA;SR;OK;TASK000013178612;Priority 3;NA
SEC;DXE;SEC;SR;OK;TASK000013178648;Priority 3;NA
SEC;DXE;SEC;SR;OK;TASK000013178661;Priority 3;NA
CNC;BWI;L1 ;SR;OK;TASK000013178761;Priority 3;NA
CNC;ETH;L1 ;SR;OK;TASK000013179055;Priority 3;NA
SEC;812;SEC;SR;OK;TASK000013179129;Priority 3;NA
SEC;812;SEC;SR;OK;TASK000013179143;Priority 3;NA
DBA;812;DBA;SR;OK;TASK000013179228;Priority 3;NA
APS;ETH;APS;SR;OK;TASK000013179248;Priority 3;NA
L1;812;L1 ;SR;OK;TASK000013179254;Priority 3;NA
SEC;ETH;SEC;SR;OK;TASK000013179375;Priority 3;NA
SCH;812;SCH;SR;OK;TASK000013179472;Priority 3;NA
SEC;ETH;SEC;SR;OK;TASK000013179504;Priority 3;NA
CNC;BWI;L1 ;SR;OK;TASK000013179586;Priority 3;NA
SEC;MNT;SEC;SR;OK;TASK000013179588;Priority 3;NA
SEC;MNT;SEC;SR;OK;TASK000013179631;Priority 3;NA
APS;ETH;APS;SR;OK;TASK000013179653;Priority 3;NA
SEC;812;SEC;SR;OK;TASK000013179684;Priority 3;NA
SEC;ETH;SEC;SR;OK;TASK000013179694;Priority 3;NA
SEC;DPY;SEC;SR;OK;TASK000013179702;Priority 3;NA
APS;ETH;APS;SR;OK;TASK000013179721;Priority 3;NA
SEC;ETH;SEC;SR;OK;TASK000013179743;Priority 3;NA
SEC;MNT;SEC;SR;OK;TASK000013179848;Priority 3;NA
SEC;ETH;SEC;SR;OK;TASK000013179861;Priority 3;NA
SEC;ETH;SEC;SR;OK;TASK000013179875;Priority 3;NA
SEC;MNT;SEC;SR;OK;TASK000013179915;Priority 3;NA
L1;BWI;L1 ;SR;OK;TASK000013179950;Priority 3;NA
SEC;ETH;SEC;SR;OK;TASK000013179992;Priority 3;NA
SEC;ETH;SEC;SR;OK;TASK000013179998;Priority 3;NA
SEC;MNT;SEC;SR;OK;TASK000013180033;Priority 3;NA
L1;BWI;L1 ;SR;OK;TASK000013180377;Priority 3;NA
L1;BWI;L1 ;SR;OK;TASK000013180378;Priority 3;NA
CNC;LAT;L1 ;SR;OK;TASK000013180672;Priority 3;NA
L1;BWI;L1 ;SR;OK;TASK000013181012;Priority 3;NA
CNC;BWI;L1 ;SR;OK;TASK000013181422;Priority 3;NA
CNC;BWI;L1 ;SR;OK;TASK000013181423;Priority 3;NA
FUN;WS;FUN;SR;OK;TASK000013181670;Priority 3;NA
FUN;WS;FUN;SR;OK;TASK000013181677;Priority 3;NA
L1;LAT;L1 ;SR;OK;TASK000013181866;Priority 3;NA
SEC;812;SEC;SR;OK;TASK000013182024;Priority 3;NA
SEC;812;SEC;SR;OK;TASK000013182203;Priority 3;NA
DBA;812;DBA;SR;OK;TASK000013182219;Priority 3;NA
CNC;EES;L1 ;SR;OK;TASK000013182294;Priority 3;NA
DBA;812;DBA;SR;OK;TASK000013182323;Priority 3;NA
SEC;812;SEC;SR;OK;TASK000013182388;Priority 3;NA
SEC;812;SEC;SR;OK;TASK000013182408;Priority 3;NA
FUN;WS;FUN;SR;OK;TASK000013182479;Priority 4;NA
SEC;812;SEC;SR;OK;TASK000013182489;Priority 3;NA
DBA;812;DBA;SR;OK;TASK000013182550;Priority 3;NA
L1;812;L1 ;SR;OK;TASK000013182616;Priority 3;NA
CNC;DCF;CNC;SR;OK;TASK000013182653;Priority 3;NA
SEC;812;SEC;SR;OK;TASK000013182700;Priority 3;NA
L1;812;L1 ;SR;OK;TASK000013182888;Priority 3;NA
SEC;812;SEC;SR;OK;TASK000013182899;Priority 3;NA
SEC;DXE;SEC;SR;OK;TASK000013183041;Priority 3;NA
FUN;EMS;FUN;SR;OK;TASK000013183074;Priority 4;NA
L1;812;L1 ;SR;OK;TASK000013183168;Priority 3;NA
DBA;812;DBA;SR;OK;TASK000013183174;Priority 3;NA
L1;BWI;L1 ;SR;OK;TASK000013183208;Priority 3;NA
SEC;812;SEC;SR;OK;TASK000013183218;Priority 3;NA
OPS;EMS;OPS;SR;OK;TASK000013183290;Priority 3;NA
SEC;812;SEC;SR;OK;TASK000013183325;Priority 3;NA
SEC;812;SEC;SR;OK;TASK000013183364;Priority 3;NA
CNC;DCF;CNC;SR;OK;TASK000013183393;Priority 3;NA
CNC;DCF;CNC;SR;OK;TASK000013183394;Priority 3;NA
SEC;812;SEC;SR;OK;TASK000013183401;Priority 3;NA
CNC;812;CNC;SR;OK;TASK000013183460;Priority 3;NA
SEC;812;SEC;SR;OK;TASK000013183500;Priority 3;NA
SEC;812;SEC;SR;OK;TASK000013183502;Priority 3;NA
DBA;812;DBA;SR;OK;TASK000013183509;Priority 3;NA
SCH;LAT;SCH;SR;OK;TASK000013183534;Priority 3;NA
SEC;CAN;SEC;SR;OK;TASK000013183537;Priority 3;NA
SEC;WS;SEC;SR;OK;TASK000013183590;Priority 3;NA
SEC;WS;SEC;SR;OK;TASK000013183620;Priority 3;NA
SEC;DXE;SEC;SR;OK;TASK000013183840;Priority 3;NA
CNC;CAN;L1 ;SR;OK;TASK000013184240;Priority 3;NA
SEC;DXE;SEC;SR;OK;TASK000013184296;Priority 3;NA
CNC;812;L1 ;SR;OK;TASK000013184440;Priority 3;NA
DBA;812;DBA;SR;OK;TASK000013184598;Priority 3;NA
SEC;BWI;SEC;SR;OK;TASK000013184671;Priority 4;NA
SEC;BWI;SEC;SR;OK;TASK000013184688;Priority 4;NA
SEC;BWI;SEC;SR;OK;TASK000013184703;Priority 4;NA
SEC;WS;SEC;SR;OK;TASK000013185005;Priority 3;NA
CNC;CAN;L1 ;SR;OK;TASK000013185108;Priority 3;NA
L1;MNT;L1 ;SR;OK;TASK000013185314;Priority 3;NA
CNC;812;L1 ;SR;OK;TASK000013185524;Priority 3;NA
SEC;812;SEC;SR;OK;TASK000013186006;Priority 3;NA
SEC;812;SEC;SR;OK;TASK000013186022;Priority 3;NA
L1;812;L1 ;SR;OK;TASK000013186037;Priority 3;NA
L1;812;L1 ;SR;OK;TASK000013186078;Priority 3;NA
DBA;812;DBA;CHG;Defect;TASK000013186481;Priority 3;NA
SEC;DXE;SEC;SR;OK;TASK000013186603;Priority 3;NA
SEC;812;SEC;SR;OK;TASK000013186713;Priority 3;NA
SEC;DXE;SEC;SR;OK;TASK000013186777;Priority 3;NA
SEC;DXE;SEC;SR;OK;TASK000013186783;Priority 3;NA
SEC;812;SEC;SR;OK;TASK000013186895;Priority 3;NA
CNC;DCF;CNC;SR;OK;TASK000013186917;Priority 3;NA
CNC;BWI;L1 ;SR;OK;TASK000013186918;Priority 3;NA
SEC;812;SEC;SR;OK;TASK000013186946;Priority 3;NA
L1;812;L1 ;SR;OK;TASK000013186968;Priority 3;NA
L1;812;L1 ;SR;OK;TASK000013186978;Priority 3;NA
SEC;812;SEC;SR;OK;TASK000013187020;Priority 3;NA
SEC;812;SEC;SR;OK;TASK000013187074;Priority 3;NA
L1;812;L1 ;SR;OK;TASK000013187144;Priority 3;NA
SEC;812;SEC;SR;OK;TASK000013187168;Priority 3;NA
CNC;812;L1 ;SR;OK;TASK000013187396;Priority 3;NA
CNC;CAN;L1 ;SR;OK;TASK000013187416;Priority 3;NA
CNC;812;L1 ;SR;OK;TASK000013187433;Priority 3;NA
FUN;COR;FUN;SR;OK;TASK000013187467;Priority 3;NA
SCH;812;SCH;SR;OK;TASK000013187472;Priority 3;NA
DBA;812;DBA;SR;OK;TASK000013187496;Priority 3;NA
SEC;812;SEC;SR;OK;TASK000013187585;Priority 3;NA
SEC;812;SEC;SR;OK;TASK000013187607;Priority 3;NA
SEC;ETH;SEC;SR;OK;TASK000013187658;Priority 3;NA
SEC;812;SEC;SR;OK;TASK000013187735;Priority 3;NA
APS;ETH;APS;SR;OK;TASK000013187763;Priority 3;NA
SEC;BWI;SEC;SR;OK;TASK000013187931;Priority 4;NA
SEC;CAN;SEC;SR;OK;TASK000013187938;Priority 3;NA
L1;812;L1 ;SR;OK;TASK000013187944;Priority 3;NA
SEC;CAN;SEC;SR;OK;TASK000013187951;Priority 3;NA
APS;EES;APS;SR;OK;TASK000013187961;Priority 3;NA
SCH;812;SCH;SR;OK;TASK000013188069;Priority 3;NA
SEC;812;SEC;SR;OK;TASK000013188093;Priority 3;NA
SEC;MNT;SEC;SR;OK;TASK000013188115;Priority 3;NA
SEC;MNT;SEC;SR;OK;TASK000013188124;Priority 3;NA
SEC;MNT;SEC;SR;OK;TASK000013188135;Priority 3;NA
SEC;MNT;SEC;SR;OK;TASK000013188140;Priority 3;NA
SEC;812;SEC;SR;OK;TASK000013188153;Priority 3;NA
SEC;MNT;SEC;SR;OK;TASK000013188154;Priority 3;NA
SEC;MNT;SEC;SR;OK;TASK000013188158;Priority 3;NA
SEC;MNT;SEC;SR;OK;TASK000013188163;Priority 3;NA
SEC;ETH;SEC;SR;OK;TASK000013188239;Priority 3;NA
SEC;EMS;SEC;SR;OK;TASK000013188282;Priority 3;NA
SEC;EMS;SEC;SR;OK;TASK000013188304;Priority 3;NA
CNC;LAT;L1 ;SR;OK;TASK000013188339;Priority 3;NA
SEC;812;SEC;SR;OK;TASK000013188471;Priority 3;NA
SEC;DXE;SEC;SR;OK;TASK000013188526;Priority 3;NA
SEC;DXE;SEC;SR;OK;TASK000013188536;Priority 3;NA
SEC;DXE;SEC;SR;OK;TASK000013188555;Priority 3;NA
L1;812;L1 ;SR;OK;TASK000013188593;Priority 3;NA
L1;BWI;L1 ;SR;OK;TASK000013188717;Priority 3;NA
SEC;812;SEC;SR;OK;TASK000013188745;Priority 3;NA
CNC;ETH;TEC;SR;OK;TASK000013188793;Priority 3;NA
CNC;812;L1 ;SR;OK;TASK000013188956;Priority 3;NA
L1;BWI;L1 ;SR;OK;TASK000013189084;Priority 3;NA
SEC;MNT;SEC;SR;Defect;TASK000013189250;Priority 3;NA
CNC;BWI;L1 ;SR;OK;TASK000013189587;Priority 3;NA
SEC;DXE;SEC;SR;OK;TASK000013190325;Priority 3;NA
SEC;812;SEC;SR;OK;TASK000013190425;Priority 3;NA
FUN;ETH;FUN;SR;OK;TASK000013190512;Priority 3;NA
SEC;812;SEC;SR;OK;TASK000013190821;Priority 3;NA
SEC;EDS;SEC;SR;OK;TASK000013190828;Priority 3;NA
L1;BWI;L1 ;SR;OK;TASK000013190849;Priority 3;NA
SEC;812;SEC;SR;OK;TASK000013190868;Priority 3;NA
SEC;EMS;SEC;SR;OK;TASK000013190883;Priority 3;NA
SEC;WS;SEC;SR;OK;TASK000013190918;Priority 3;NA
SEC;MNT;SEC;SR;OK;TASK000013190945;Priority 3;NA
SEC;812;SEC;SR;OK;TASK000013190956;Priority 3;NA
FUN;WS;FUN;INC;OK;TASK000013190996;Priority 3;NA
SEC;812;SEC;SR;OK;TASK000013191065;Priority 3;NA
CNC;DCF;CNC;SR;OK;TASK000013191083;Priority 3;NA
SEC;812;SEC;SR;OK;TASK000013191086;Priority 3;NA
L1;812;L1 ;SR;OK;TASK000013191109;Priority 3;NA
CNC;812;L1 ;SR;OK;TASK000013191122;Priority 3;NA
L1;812;L1 ;SR;OK;TASK000013191137;Priority 3;NA
L1;MNT;L1 ;SR;OK;TASK000013191179;Priority 3;NA
DBA;812;DBA;SR;OK;TASK000013191189;Priority 3;NA
DBA;812;DBA;SR;OK;TASK000013191209;Priority 3;NA
FUN;ETH;FUN;SR;OK;TASK000013191272;Priority 4;NA
SEC;812;SEC;SR;OK;TASK000013191307;Priority 3;NA
SEC;812;SEC;SR;OK;TASK000013191315;Priority 3;NA
SEC;812;SEC;SR;OK;TASK000013191465;Priority 3;NA
SEC;812;SEC;SR;OK;TASK000013191498;Priority 3;NA
SEC;812;SEC;SR;OK;TASK000013191598;Priority 3;NA
L1;BWI;L1 ;SR;OK;TASK000013191617;Priority 3;NA
L1;812;L1 ;SR;OK;TASK000013191618;Priority 3;NA
DBA;812;DBA;SR;OK;TASK000013191656;Priority 3;NA
SEC;DXE;SEC;SR;OK;TASK000013191693;Priority 3;NA
SEC;812;SEC;SR;OK;TASK000013191863;Priority 3;NA
SEC;WS;SEC;SR;OK;TASK000013191925;Priority 3;NA
SEC;EMS;SEC;SR;OK;TASK000013191956;Priority 3;NA
FUN;812;FUN;INC;OK;TASK000013191977;Priority 4;NA
SEC;EDS;SEC;SR;OK;TASK000013192021;Priority 3;NA
DBA;812;DBA;SR;OK;TASK000013192022;Priority 3;NA
FUN;812;FUN;INC;OK;TASK000013192032;Priority 3;NA
FUN;WS;FUN;SR;OK;TASK000013192218;Priority 3;NA
SEC;EDS;SEC;SR;OK;TASK000013192323;Priority 3;NA
SEC;812;SEC;SR;OK;TASK000013192349;Priority 3;NA
SEC;812;SEC;SR;OK;TASK000013192437;Priority 3;NA
SEC;DXE;SEC;SR;OK;TASK000013192441;Priority 3;NA
FUN;COR;FUN;SR;OK;TASK000013192455;Priority 3;NA
APS;ETH;APS;SR;OK;TASK000013192503;Priority 3;NA
APS;ETH;APS;SR;OK;TASK000013192535;Priority 3;NA
CNC;812;CNC;SR;OK;TASK000013192550;Priority 3;NA
FUN;812;FUN;INC;OK;TASK000013192573;Priority 4;NA
APS;ETH;APS;SR;OK;TASK000013192585;Priority 3;NA
OPS;EMS;OPS;SR;OK;TASK000013192632;Priority 4;NA
SEC;ETH;SEC;SR;OK;TASK000013192645;Priority 3;NA
SEC;812;SEC;SR;OK;TASK000013192685;Priority 3;NA
SEC;812;SEC;SR;OK;TASK000013192721;Priority 3;NA
APS;ETH;APS;SR;OK;TASK000013192760;Priority 3;NA
CNC;812;L1 ;SR;OK;TASK000013192788;Priority 3;NA
CNC;DXE;L1 ;SR;OK;TASK000013192789;Priority 3;NA
CNC;812;L1 ;SR;OK;TASK000013192790;Priority 3;NA
CNC;MNT;CNC;SR;OK;TASK000013192798;Priority 3;NA
SEC;CAN;SEC;SR;OK;TASK000013192802;Priority 3;NA
SEC;812;SEC;SR;OK;TASK000013192825;Priority 3;NA
CNC;ETH;L1 ;SR;OK;TASK000013192874;Priority 3;NA
DBA;812;DBA;SR;OK;TASK000013192906;Priority 3;NA
APS;ETH;APS;SR;OK;TASK000013192922;Priority 3;NA
FUN;ETH;FUN;SR;OK;TASK000013193073;Priority 3;NA
L1;812;L1 ;SR;OK;TASK000013193090;Priority 3;NA
CNC;MNT;L1 ;SR;OK;TASK000013193128;Priority 3;NA
FUN;CAN;FUN;SR;OK;TASK000013193188;Priority 3;NA
SEC;812;SEC;SR;OK;TASK000013193193;Priority 3;NA
SEC;ETH;SEC;SR;OK;TASK000013193219;Priority 3;NA
APS;EES;APS;SR;OK;TASK000013193263;Priority 3;NA
FUN;ETH;FUN;SR;OK;TASK000013193309;Priority 3;NA
SEC;BWI;SEC;SR;OK;TASK000013193422;Priority 4;NA
SEC;MNT;SEC;SR;OK;TASK000013193434;Priority 4;NA
SEC;MNT;SEC;SR;OK;TASK000013193614;Priority 3;NA
L1;812;L1 ;SR;OK;TASK000013193951;Priority 3;NA
APS;EES;APS;SR;OK;TASK000013194231;Priority 3;NA
SEC;MNT;SEC;SR;OK;TASK000013194263;Priority 3;NA
SEC;812;SEC;SR;OK;TASK000013194364;Priority 3;NA
FIN;MNT;FUN;SR;OK;TASK000013194465;Priority 3;NA
SEC;DXE;SEC;SR;OK;TASK000013194773;Priority 3;NA
SEC;812;SEC;SR;OK;TASK000013194849;Priority 3;NA
SEC;812;SEC;SR;OK;TASK000013194867;Priority 3;NA
CNC;DCF;CNC;SR;OK;TASK000013194894;Priority 3;NA
FUN;812;FUN;SR;OK;TASK000013194915;Priority 4;NA
L1;812;L1 ;SR;OK;TASK000013195408;Priority 3;NA
SEC;812;SEC;SR;OK;TASK000013195474;Priority 3;NA
SEC;812;SEC;SR;OK;TASK000013195486;Priority 3;NA
CNC;ETH;CNC;SR;OK;TASK000013195552;Priority 3;NA
L1;812;L1 ;SR;OK;TASK000013195663;Priority 3;NA
SEC;812;SEC;SR;OK;TASK000013195670;Priority 3;NA
L1;812;L1 ;SR;OK;TASK000013195683;Priority 3;NA
CNC;LAT;CNC;SR;OK;TASK000013195707;Priority 3;NA
SEC;812;SEC;SR;OK;TASK000013195748;Priority 3;NA
FUN;812;FUN;SR;OK;TASK000013195769;Priority 4;NA
SEC;ETH;SEC;SR;OK;TASK000013195795;Priority 3;NA
SEC;ETH;SEC;SR;OK;TASK000013195822;Priority 3;NA
DBA;812;DBA;SR;OK;TASK000013195927;Priority 3;NA
APS;ETH;APS;SR;OK;TASK000013195961;Priority 3;NA
FUN;ETH;FUN;SR;OK;TASK000013195967;Priority 4;NA
DBA;812;DBA;SR;OK;TASK000013195968;Priority 3;NA
FUN;ETH;FUN;SR;OK;TASK000013195973;Priority 3;NA
SCH;812;SCH;SR;OK;TASK000013195990;Priority 3;NA
SEC;812;SEC;SR;OK;TASK000013196010;Priority 3;NA
CNC;812;L1 ;SR;OK;TASK000013196014;Priority 3;NA
L1;BWI;L1 ;SR;OK;TASK000013196119;Priority 3;NA
CNC;CAN;L1 ;SR;OK;TASK000013196200;Priority 3;NA
SEC;812;SEC;SR;OK;TASK000013196211;Priority 3;NA
APS;ETH;APS;SR;OK;TASK000013196215;Priority 3;NA
SEC;812;SEC;SR;OK;TASK000013196268;Priority 3;NA
CNC;BWI;L1 ;SR;OK;TASK000013196274;Priority 3;NA
SEC;DXE;SEC;SR;OK;TASK000013196287;Priority 3;NA
CNC;LAT;L1 ;SR;OK;TASK000013196377;Priority 3;NA
L1;BWI;L1 ;SR;OK;TASK000013196489;Priority 3;NA
SEC;DXE;SEC;SR;OK;TASK000013196518;Priority 3;NA
SEC;DXE;SEC;SR;OK;TASK000013196523;Priority 3;NA
CNC;ETH;L1 ;SR;Defect;TASK000013196592;Priority 3;NA
L1;BWI;L1 ;SR;OK;TASK000013196673;Priority 3;NA
APS;ETH;APS;SR;OK;TASK000013196779;Priority 3;NA
SEC;ETH;SEC;SR;OK;TASK000013196827;Priority 3;NA
CNC;812;CNC;SR;OK;TASK000013196837;Priority 3;NA
CNC;LAT;CNC;SR;OK;TASK000013196869;Priority 3;NA
CNC;MNT;L1 ;SR;OK;TASK000013196938;Priority 3;NA
SEC;812;SEC;SR;OK;TASK000013196965;Priority 3;NA
SEC;812;SEC;SR;OK;TASK000013197410;Priority 3;NA
SEC;812;SEC;SR;OK;TASK000013197411;Priority 3;NA
SEC;812;SEC;SR;OK;TASK000013197427;Priority 3;NA
CNC;BWI;L1 ;SR;OK;TASK000013197463;Priority 3;NA
SEC;MNT;SEC;SR;OK;TASK000013197477;Priority 3;NA
L1;812;L1 ;SR;OK;TASK000013197928;Priority 3;NA
SEC;812;SEC;SR;OK;TASK000013198215;Priority 3;NA
L1;812;L1 ;SR;OK;TASK000013198317;Priority 3;NA
FIN;MNT;FUN;SR;OK;TASK000013198400;Priority 3;NA
SEC;EMS;SEC;SR;OK;TASK000013198449;Priority 3;NA
L1;812;L1 ;SR;OK;TASK000013198451;Priority 3;NA
SEC;WS;SEC;SR;OK;TASK000013198463;Priority 3;NA
FUN;812;FUN;INC;Defect;TASK000013198597;Priority 3;NA
SEC;812;SEC;SR;OK;TASK000013198767;Priority 3;NA
APS;ETH;APS;SR;OK;TASK000013198769;Priority 3;NA
APS;ETH;APS;SR;OK;TASK000013198802;Priority 3;NA
APS;ETH;APS;SR;OK;TASK000013198860;Priority 3;NA
SEC;812;SEC;SR;OK;TASK000013198920;Priority 3;NA
SEC;812;SEC;SR;OK;TASK000013198955;Priority 3;NA
DBA;812;DBA;SR;OK;TASK000013199042;Priority 3;NA
SEC;812;SEC;SR;OK;TASK000013199129;Priority 3;NA
FUN;ETH;FUN;SR;OK;TASK000013199178;Priority 3;NA
L1;812;L1 ;SR;OK;TASK000013199247;Priority 3;NA
SCH;812;SCH;SR;OK;TASK000013199260;Priority 3;NA
SEC;MNT;SEC;SR;OK;TASK000013199450;Priority 3;NA
SEC;812;SEC;SR;OK;TASK000013199463;Priority 3;NA
SEC;812;SEC;SR;OK;TASK000013199483;Priority 3;NA
FUN;812;FUN;SR;OK;TASK000013199497;Priority 3;NA
SCH;812;SCH;SR;OK;TASK000013199520;Priority 3;NA
APS;ETH;APS;SR;OK;TASK000013199524;Priority 3;NA
FUN;812;FUN;SR;OK;TASK000013199536;Priority 4;NA
DBA;812;DBA;SR;OK;TASK000013199776;Priority 3;NA
FUN;WS;FUN;SR;Defect;TASK000013199873;Priority 4;NA
FUN;ETH;FUN;SR;OK;TASK000013199954;Priority 3;NA
CNC;BWI;L1 ;SR;OK;TASK000013200083;Priority 3;NA
APS;ETH;APS;SR;OK;TASK000013200107;Priority 3;NA
APS;ETH;APS;SR;OK;TASK000013200127;Priority 3;NA
SEC;MNT;SEC;SR;OK;TASK000013200316;Priority 3;NA
SEC;ETH;SEC;SR;OK;TASK000013200369;Priority 3;NA
L1;DXE;L1 ;SR;OK;TASK000013200446;Priority 3;NA
SEC;MNT;SEC;SR;OK;TASK000013200549;Priority 3;NA
CNC;LAT;L1 ;SR;OK;TASK000013200633;Priority 3;NA
CNC;LAT;L1 ;SR;Defect;TASK000013201038;Priority 3;NA
SEC;WS;SEC;SR;OK;TASK000013201294;Priority 3;NA
SEC;ETH;SEC;SR;OK;TASK000013201392;Priority 3;NA
FUN;WS;FUN;SR;OK;TASK000013202020;Priority 4;NA
SEC;DXE;SEC;SR;OK;TASK000013203745;Priority 4;NA
SEC;BWI;SEC;SR;OK;TASK000013203998;Priority 4;NA
SEC;BWI;SEC;SR;OK;TASK000013204171;Priority 4;NA
SEC;BWI;SEC;SR;OK;TASK000013204802;Priority 4;NA
CNC;OXE;L1 ;SR;OK;TASK000013205077;Priority 4;NA
SEC;BWI;SEC;SR;OK;TASK000013205160;Priority 4;NA
SEC;BWI;SEC;SR;OK;TASK000013205314;Priority 4;NA
FUN;ETH;FUN;SR;OK;TASK000013205447;Priority 4;NA
SEC;BWI;SEC;SR;OK;TASK000013207892;Priority 4;NA
SEC;BWI;SEC;SR;OK;TASK000013208555;Priority 4;NA
FUN;WS;FUN;SR;OK;TASK000013210758;Priority 4;NA
SEC;BWI;SEC;SR;OK;TASK000013211106;Priority 4;NA
SEC;BWI;SEC;SR;OK;TASK000013211247;Priority 4;NA
FUN;812;FUN;SR;OK;TASK000013211498;Priority 4;NA
FUN;WS;FUN;INC;OK;TASK000013211606;Priority 4;NA
SEC;BWI;SEC;SR;OK;TASK000013211619;Priority 4;NA
SEC;BWI;SEC;SR;OK;TASK000013211679;Priority 4;NA
SEC;BWI;SEC;SR;OK;TASK000013212253;Priority 4;NA
SEC;BWI;SEC;SR;OK;TASK000013212290;Priority 4;NA
CNC;812;L1 ;BULK;OK;TASK000013212444;Priority 4;NA
SEC;BWI;SEC;SR;OK;TASK000013212623;Priority 4;NA
SEC;BWI;SEC;SR;OK;TASK000013212626;Priority 4;NA
SEC;BWI;SEC;SR;OK;TASK000013212632;Priority 4;NA
FUN;812;FUN;SR;OK;TASK000013214337;Priority 4;NA
SEC;BWI;SEC;SR;OK;TASK000013215588;Priority 4;NA
APS;ETH;APS;SR;OK;TASK000013216627;Priority 3;NA
CNC;MNT;CNC;BULK;OK;TASK000013216745;Priority 3;NA
SEC;EMS;SEC;SR;OK;TASK000013216883;Priority 3;NA
L1;812;L1 ;SR;OK;TASK000013217020;Priority 3;NA
FUN;DXE;FUN;SR;Defect;TASK000013217033;Priority 3;NA
FUN;COR;FUN;BULK;OK;TASK000013217081;Priority 3;NA
FUN;COR;FUN;BULK;OK;TASK000013217083;Priority 3;NA
L1;812;L1 ;BULK;OK;TASK000013217196;Priority 3;NA
CNC;DPY;CNC;BULK;OK;TASK000013217242;Priority 3;NA
SEC;812;SEC;SR;OK;TASK000013217339;Priority 3;NA
SEC;DXE;SEC;SR;OK;TASK000013217354;Priority 3;NA
SEC;BWI;SEC;SR;OK;TASK000013217485;Priority 4;NA
APS;ETH;APS;SR;OK;TASK000013217814;Priority 3;NA
SEC;ETH;SEC;SR;OK;TASK000013217828;Priority 3;NA
APS;ETH;APS;SR;OK;TASK000013217831;Priority 3;NA
CNC;812;L1 ;BULK;OK;TASK000013217930;Priority 3;NA
SEC;BWI;SEC;SR;OK;TASK000013218099;Priority 4;NA
L1;BWI;L1 ;BULK;OK;TASK000013218527;Priority 3;NA
SEC;DXE;SEC;SR;OK;TASK000013218893;Priority 3;NA
DBA;812;DBA;SR;OK;TASK000013219221;Priority 3;NA
CNC;812;L1 ;BULK;OK;TASK000013219316;Priority 3;NA
CNC;812;L1 ;BULK;OK;TASK000013219317;Priority 3;NA
CNC;812;L1 ;BULK;OK;TASK000013219318;Priority 3;NA
DBA;812;DBA;SR;OK;TASK000013219488;Priority 3;NA
APS;ETH;APS;SR;OK;TASK000013219818;Priority 3;NA
SEC;812;SEC;SR;OK;TASK000013219857;Priority 3;NA
SEC;812;SEC;SR;OK;TASK000013219886;Priority 3;NA
SEC;812;SEC;SR;OK;TASK000013219903;Priority 3;NA
DBA;812;DBA;SR;OK;TASK000013219928;Priority 3;NA
SEC;OXE;SEC;SR;OK;TASK000013219945;Priority 3;NA
CNC;812;L1 ;BULK;OK;TASK000013219950;Priority 3;NA
SEC;DXE;SEC;SR;OK;TASK000013219967;Priority 3;NA
SEC;812;SEC;SR;OK;TASK000013220114;Priority 3;NA
SEC;EMS;SEC;SR;OK;TASK000013220188;Priority 3;NA
SEC;812;SEC;SR;OK;TASK000013220286;Priority 3;NA
CNC;812;L1 ;BULK;OK;TASK000013220328;Priority 3;NA
SEC;OXE;SEC;SR;OK;TASK000013220354;Priority 3;NA
APS;ETH;APS;BULK;OK;TASK000013220376;Priority 3;NA
CNC;ETH;CNC;BULK;OK;TASK000013220513;Priority 3;NA
SEC;812;SEC;SR;OK;TASK000013220578;Priority 3;NA
SEC;MNT;SEC;SR;OK;TASK000013220597;Priority 3;NA
SEC;OXE;SEC;SR;OK;TASK000013220615;Priority 3;NA
L1;812;L1 ;SR;OK;TASK000013220668;Priority 3;NA
SEC;ETH;SEC;SR;OK;TASK000013220791;Priority 3;NA
L1;BWI;L1 ;SR;OK;TASK000013220817;Priority 3;NA
SEC;DPY;SEC;SR;OK;TASK000013220843;Priority 3;NA
FUN;CAN;FUN;BULK;OK;TASK000013221085;Priority 3;NA
CNC;812;L1 ;BULK;OK;TASK000013221100;Priority 3;NA
FUN;CAN;FUN;INC;OK;TASK000013221102;Priority 3;NA
CNC;ETH;CNC;BULK;OK;TASK000013221162;Priority 3;NA
DBA;812;DBA;BULK;OK;TASK000013221460;Priority 3;NA
SEC;BWI;SEC;SR;OK;TASK000013221516;Priority 4;NA
SCH;LAT;SCH;SR;OK;TASK000013221536;Priority 3;NA
SEC;BWI;SEC;SR;OK;TASK000013221651;Priority 4;NA
SEC;CAN;SEC;SR;OK;TASK000013221731;Priority 3;NA
CNC;812;L1 ;BULK;OK;TASK000013221925;Priority 3;NA
L1;812;L1 ;BULK;OK;TASK000013221947;Priority 3;NA
SEC;MNT;SEC;SR;OK;TASK000013222025;Priority 3;NA
CNC;812;L1 ;BULK;OK;TASK000013222303;Priority 3;NA
SEC;DXE;SEC;SR;OK;TASK000013222342;Priority 3;NA
APS;ETH;APS;SR;OK;TASK000013222532;Priority 3;NA
SEC;EMS;SEC;SR;OK;TASK000013222680;Priority 3;NA
APS;ETH;APS;BULK;OK;TASK000013222754;Priority 3;NA
DBA;812;DBA;SR;OK;TASK000013222851;Priority 3;NA
CNC;812;CNC;BULK;OK;TASK000013222856;Priority 3;NA
DBA;812;DBA;SR;OK;TASK000013222863;Priority 3;NA
SEC;812;SEC;SR;OK;TASK000013222961;Priority 3;NA
APS;ETH;APS;SR;Defect;TASK000013222974;Priority 3;NA
SEC;EMS;SEC;SR;Defect;TASK000013223147;Priority 3;NA
SEC;812;SEC;SR;OK;TASK000013223170;Priority 3;NA
SEC;812;SEC;SR;OK;TASK000013223234;Priority 3;NA
L1;812;L1 ;SR;OK;TASK000013223248;Priority 3;NA
DBA;812;DBA;SR;OK;TASK000013223310;Priority 3;NA
SEC;812;SEC;SR;OK;TASK000013223345;Priority 3;NA
SEC;EMS;SEC;SR;OK;TASK000013223346;Priority 3;NA
SEC;OXE;SEC;SR;OK;TASK000013223385;Priority 3;NA
DBA;812;DBA;CHG;Defect;TASK000013223497;Priority 3;NA
L1;812;L1 ;BULK;OK;TASK000013223540;Priority 3;NA
SEC;812;SEC;SR;OK;TASK000013223665;Priority 3;NA
SEC;812;SEC;SR;OK;TASK000013223742;Priority 3;NA
L1;BWI;FUN;BULK;OK;TASK000013223769;Priority 3;NA
FUN;COR;FUN;BULK;OK;TASK000013223872;Priority 3;NA
SEC;DXE;SEC;SR;OK;TASK000013223927;Priority 3;NA
L1;812;L1 ;SR;OK;TASK000013223931;Priority 3;NA
CNC;DPY;CNC;BULK;OK;TASK000013223937;Priority 3;NA
CNC;ETH;CNC;BULK;OK;TASK000013223976;Priority 3;NA
FUN;COR;FUN;BULK;OK;TASK000013223996;Priority 3;NA
SEC;812;SEC;SR;OK;TASK000013224048;Priority 3;NA
SEC;ETH;SEC;SR;OK;TASK000013224102;Priority 3;NA
SEC;DXE;SEC;SR;OK;TASK000013224428;Priority 3;NA
SEC;812;SEC;SR;OK;TASK000013224465;Priority 3;NA
SEC;DXE;SEC;SR;OK;TASK000013224524;Priority 3;NA
APS;EES;APS;SR;OK;TASK000013224539;Priority 3;NA
CNC;812;L1 ;BULK;OK;TASK000013224664;Priority 3;NA
FUN;WS;FUN;SR;OK;TASK000013224684;Priority 3;NA
APS;EES;APS;SR;OK;TASK000013224698;Priority 3;NA
SEC;812;SEC;SR;OK;TASK000013224753;Priority 3;NA
FUN;ETH;FUN;SR;OK;TASK000013224758;Priority 3;NA
SEC;812;SEC;SR;OK;TASK000013224892;Priority 3;NA
L1;BWI;FUN;BULK;OK;TASK000013224911;Priority 3;NA
L1;BWI;L1 ;SR;OK;TASK000013225010;Priority 3;NA
SEC;MNT;SEC;SR;OK;TASK000013225078;Priority 3;NA
SEC;BWI;SEC;SR;OK;TASK000013225085;Priority 4;NA
SEC;MNT;SEC;SR;OK;TASK000013225136;Priority 3;NA
APS;ETH;APS;SR;OK;TASK000013225186;Priority 3;NA
L1;BWI;L1 ;SR;OK;TASK000013225269;Priority 3;NA
CNC;ETH;CNC;BULK;OK;TASK000013225351;Priority 3;NA
APS;ETH;APS;SR;OK;TASK000013225633;Priority 3;NA
DBA;812;DBA;SR;OK;TASK000013225708;Priority 3;NA
SCH;LAT;SCH;SR;OK;TASK000013225750;Priority 3;NA
SEC;MNT;SEC;SR;OK;TASK000013225781;Priority 3;NA
SEC;DPY;SEC;SR;OK;TASK000013225798;Priority 3;NA
CNC;812;L1 ;BULK;OK;TASK000013225966;Priority 3;NA
L1;BWI;L1 ;SR;OK;TASK000013225985;Priority 3;NA
FUN;WS;FUN;INC;OK;TASK000013226346;Priority 3;NA
OPS;EMS;OPS;SR;OK;TASK000013226477;Priority 3;NA
FUN;WS;FUN;SR;OK;TASK000013226518;Priority 3;NA
FIN;MNT;FUN;SR;OK;TASK000013226533;Priority 3;NA
SEC;DXE;SEC;SR;OK;TASK000013226592;Priority 3;NA
SEC;WS;SEC;SR;OK;TASK000013226620;Priority 3;NA
APS;ETH;APS;SR;OK;TASK000013226640;Priority 3;NA
SEC;812;SEC;SR;OK;TASK000013226722;Priority 3;NA
DBA;812;DBA;CHG;Defect;TASK000013226998;Priority 3;NA
SEC;DXE;SEC;SR;OK;TASK000013227042;Priority 3;NA
SEC;BWI;SEC;SR;OK;TASK000013227252;Priority 4;NA
FUN;812;FUN;SR;OK;TASK000013227262;Priority 4;NA
SEC;OXE;SEC;SR;OK;TASK000013227342;Priority 3;NA
SEC;DXE;SEC;SR;OK;TASK000013227343;Priority 3;NA
SEC;WS;SEC;SR;OK;TASK000013227359;Priority 3;NA
SEC;EMS;SEC;SR;OK;TASK000013227383;Priority 3;NA
L1;812;L1 ;SR;OK;TASK000013227487;Priority 3;NA
SEC;812;SEC;SR;OK;TASK000013227535;Priority 3;NA
APS;ETH;APS;SR;OK;TASK000013227588;Priority 3;NA
SEC;WS;SEC;SR;Defect;TASK000013227591;Priority 3;NA
DBA;812;DBA;SR;OK;TASK000013227778;Priority 3;NA
SEC;BWI;SEC;SR;OK;TASK000013227784;Priority 4;NA
SEC;812;SEC;SR;OK;TASK000013227864;Priority 3;NA
SEC;DXE;SEC;SR;OK;TASK000013227878;Priority 3;NA
SEC;812;SEC;SR;OK;TASK000013227932;Priority 3;NA
APS;ETH;APS;SR;OK;TASK000013228040;Priority 3;NA
SEC;ETH;SEC;SR;OK;TASK000013228041;Priority 3;NA
APS;ETH;APS;SR;OK;TASK000013228073;Priority 3;NA
DBA;812;DBA;SR;OK;TASK000013228081;Priority 3;NA
DBA;812;DBA;SR;OK;TASK000013228083;Priority 3;NA
APS;ETH;APS;SR;OK;TASK000013228143;Priority 3;NA
CNC;812;L1 ;BULK;OK;TASK000013228246;Priority 3;NA
APS;ETH;APS;SR;OK;TASK000013228249;Priority 3;NA
CNC;812;L1 ;BULK;OK;TASK000013228252;Priority 3;NA
SEC;MNT;SEC;SR;OK;TASK000013228307;Priority 3;NA
CNC;812;L1 ;BULK;OK;TASK000013228313;Priority 3;NA
SEC;BWI;SEC;SR;OK;TASK000013228455;Priority 4;NA
APS;ETH;APS;SR;OK;TASK000013228489;Priority 3;NA
FUN;812;FUN;SR;OK;TASK000013228534;Priority 3;NA
CNC;ETH;CNC;BULK;OK;TASK000013228575;Priority 3;NA
FUN;CAN;FUN;BULK;OK;TASK000013228781;Priority 3;NA
FUN;WS;FUN;SR;OK;TASK000013228783;Priority 3;NA
FUN;CAN;FUN;BULK;OK;TASK000013228811;Priority 3;NA
SEC;MNT;SEC;SR;OK;TASK000013228842;Priority 3;NA
SEC;MNT;SEC;SR;OK;TASK000013228854;Priority 3;NA
FUN;CAN;FUN;BULK;OK;TASK000013228877;Priority 3;NA
SEC;MNT;SEC;SR;OK;TASK000013228896;Priority 3;NA
SEC;DPY;SEC;SR;OK;TASK000013228898;Priority 3;NA
CNC;812;L1 ;BULK;OK;TASK000013228933;Priority 3;NA
APS;EES;APS;SR;OK;TASK000013228939;Priority 3;NA
CNC;ETH;CNC;BULK;OK;TASK000013228947;Priority 3;NA
SEC;BWI;SEC;SR;OK;TASK000013229085;Priority 4;NA
SEC;BWI;SEC;SR;OK;TASK000013229146;Priority 4;NA
L1;BWI;L1 ;SR;OK;TASK000013229302;Priority 3;NA
CNC;812;L1 ;BULK;OK;TASK000013229420;Priority 3;NA
FUN;WS;FUN;SR;OK;TASK000013229463;Priority 3;NA
DBA;812;DBA;SR;OK;TASK000013229489;Priority 3;NA
APS;EES;APS;SR;OK;TASK000013229977;Priority 3;NA
APS;ETH;APS;SR;OK;TASK000013230157;Priority 3;NA
SEC;812;SEC;SR;OK;TASK000013230159;Priority 3;NA
SEC;WS;SEC;SR;OK;TASK000013230313;Priority 3;NA
SEC;812;SEC;SR;OK;TASK000013230410;Priority 3;NA
FUN;COR;FUN;BULK;OK;TASK000013230471;Priority 3;NA
FIN;MNT;FUN;SR;OK;TASK000013230502;Priority 3;NA
SEC;812;SEC;SR;OK;TASK000013230527;Priority 3;NA
FUN;812;FUN;SR;OK;TASK000013230686;Priority 4;NA
SCH;812;SCH;BULK;OK;TASK000013230695;Priority 3;NA
CNC;812;CNC;BULK;OK;TASK000013230729;Priority 3;NA
FUN;812;FUN;SR;OK;TASK000013230747;Priority 3;NA
FUN;WS;FUN;BULK;OK;TASK000013230752;Priority 3;NA
SEC;DPY;SEC;SR;OK;TASK000013230777;Priority 3;NA
SEC;EMS;SEC;SR;OK;TASK000013230802;Priority 3;NA
SEC;812;SEC;SR;OK;TASK000013230812;Priority 3;NA
SEC;EMS;SEC;SR;OK;TASK000013230831;Priority 3;NA
FUN;812;FUN;SR;OK;TASK000013230882;Priority 3;NA
SEC;812;SEC;SR;OK;TASK000013230927;Priority 3;NA
SEC;812;SEC;SR;OK;TASK000013230928;Priority 3;NA
SEC;CAN;SEC;SR;OK;TASK000013230972;Priority 3;NA
L1;812;L1 ;BULK;OK;TASK000013231041;Priority 3;NA
SEC;812;SEC;SR;OK;TASK000013231109;Priority 3;NA
SEC;DPY;SEC;SR;OK;TASK000013231166;Priority 3;NA
CNC;812;L1 ;BULK;OK;TASK000013231247;Priority 3;NA
CNC;812;L1 ;BULK;OK;TASK000013231311;Priority 3;NA
SEC;BWI;SEC;SR;OK;TASK000013231366;Priority 4;NA
SEC;OXE;SEC;SR;OK;TASK000013231402;Priority 3;NA
DBA;812;DBA;SR;OK;TASK000013231479;Priority 3;NA
L1;BWI;L1 ;SR;OK;TASK000013231489;Priority 4;NA
SEC;BWI;SEC;SR;OK;TASK000013231588;Priority 4;NA
L1;812;L1 ;SR;OK;TASK000013231641;Priority 4;NA
SEC;WS;SEC;SR;OK;TASK000013231644;Priority 3;NA
SEC;812;SEC;SR;OK;TASK000013231777;Priority 3;NA
APS;EES;APS;SR;OK;TASK000013231939;Priority 3;NA
APS;EES;APS;SR;OK;TASK000013231940;Priority 3;NA
SEC;DXE;SEC;SR;OK;TASK000013231969;Priority 3;NA
SEC;812;SEC;SR;OK;TASK000013232031;Priority 3;NA
DBA;812;DBA;SR;OK;TASK000013232127;Priority 3;NA
SEC;ETH;SEC;SR;OK;TASK000013232149;Priority 3;NA
SEC;812;SEC;BULK;OK;TASK000013232164;Priority 3;NA
L1;812;L1 ;SR;OK;TASK000013232234;Priority 3;NA
SEC;BWI;SEC;SR;OK;TASK000013232255;Priority 4;NA
OPS;EMS;OPS;SR;OK;TASK000013232304;Priority 4;NA
SCH;LAT;SCH;SR;OK;TASK000013232314;Priority 3;NA
CNC;812;L1 ;BULK;OK;TASK000013232527;Priority 3;NA
SEC;CAN;SEC;SR;OK;TASK000013232557;Priority 3;NA
L1;BWI;L1 ;SR;OK;TASK000013232571;Priority 4;NA
CNC;812;CNC;BULK;OK;TASK000013232603;Priority 3;NA
SCH;LAT;SCH;SR;OK;TASK000013232623;Priority 3;NA
SEC;CAN;SEC;SR;OK;TASK000013232833;Priority 3;NA
L1;812;L1 ;SR;OK;TASK000013232853;Priority 3;NA
L1;812;L1 ;SR;OK;TASK000013232871;Priority 3;NA
SEC;MNT;SEC;SR;OK;TASK000013232959;Priority 3;NA
SEC;BWI;SEC;SR;OK;TASK000013233119;Priority 4;NA
SEC;BWI;SEC;SR;OK;TASK000013233206;Priority 4;NA
SCH;LAT;SCH;SR;OK;TASK000013233240;Priority 3;NA
L1;812;L1 ;SR;OK;TASK000013233332;Priority 3;NA
SEC;CAN;SEC;BULK;OK;TASK000013233575;Priority 3;NA
CNC;OXE;L1 ;SR;OK;TASK000013233612;Priority 3;NA
CNC;OXE;L1 ;SR;OK;TASK000013233644;Priority 3;NA
SEC;MNT;SEC;SR;OK;TASK000013233804;Priority 3;NA
SEC;MNT;SEC;SR;OK;TASK000013233836;Priority 3;NA
SEC;MNT;SEC;SR;OK;TASK000013233868;Priority 3;NA
SEC;812;SEC;SR;OK;TASK000013233898;Priority 3;NA
DBA;812;DBA;CHG;Defect;TASK000013233900;Priority 3;NA
APS;EES;APS;SR;OK;TASK000013233951;Priority 3;NA
SEC;812;SEC;SR;OK;TASK000013233975;Priority 3;NA
L1;BWI;L1 ;BULK;OK;TASK000013234022;Priority 3;NA
FUN;812;FUN;INC;OK;TASK000013234214;Priority 3;NA
DBA;812;DBA;SR;OK;TASK000013234263;Priority 3;NA
SEC;812;SEC;SR;OK;TASK000013234278;Priority 3;NA
SEC;812;SEC;SR;OK;TASK000013234287;Priority 3;NA
SEC;812;SEC;SR;OK;TASK000013234340;Priority 3;NA
SEC;812;SEC;SR;OK;TASK000013234393;Priority 3;NA
SEC;812;SEC;SR;OK;TASK000013234527;Priority 3;NA
SEC;EDS;FUN;BULK;Defect;TASK000013234547;Priority 3;NA
L1;812;L1 ;BULK;OK;TASK000013234612;Priority 4;NA
SEC;MNT;SEC;SR;OK;TASK000013234666;Priority 3;NA
FUN;ETH;FUN;SR;OK;TASK000013234674;Priority 3;NA
CNC;812;L1 ;BULK;OK;TASK000013234678;Priority 3;NA
SEC;DXE;SEC;SR;OK;TASK000013234704;Priority 3;NA
SEC;812;SEC;SR;OK;TASK000013234722;Priority 3;NA
SEC;EMS;SEC;SR;OK;TASK000013234733;Priority 3;NA
SEC;812;SEC;SR;OK;TASK000013234834;Priority 3;NA
SEC;812;SEC;SR;OK;TASK000013234843;Priority 3;NA
SEC;812;SEC;SR;OK;TASK000013234851;Priority 3;NA
CNC;812;L1 ;BULK;OK;TASK000013235162;Priority 3;NA
SEC;BWI;SEC;SR;OK;TASK000013235185;Priority 4;NA
SEC;812;SEC;SR;OK;TASK000013235188;Priority 3;NA
CNC;OXE;L1 ;SR;OK;TASK000013235210;Priority 3;NA
SEC;812;SEC;SR;OK;TASK000013235230;Priority 3;NA
SEC;CAN;SEC;SR;OK;TASK000013235250;Priority 3;NA
DBA;DXE;DBA;SR;OK;TASK000013235274;Priority 3;NA
FUN;WS;FUN;SR;OK;TASK000013235306;Priority 3;NA
SEC;812;SEC;SR;OK;TASK000013235359;Priority 3;NA
SCH;LAT;SCH;BULK;OK;TASK000013235407;Priority 3;NA
SEC;812;SEC;SR;OK;TASK000013235410;Priority 3;NA
DBA;812;DBA;SR;OK;TASK000013235428;Priority 3;NA
DBA;812;DBA;SR;OK;TASK000013235432;Priority 3;NA
L1;812;L1 ;SR;OK;TASK000013235478;Priority 3;NA
CNC;812;L1 ;BULK;OK;TASK000013235563;Priority 3;NA
CNC;812;L1 ;BULK;OK;TASK000013235663;Priority 3;NA
SEC;MNT;SEC;SR;OK;TASK000013235698;Priority 3;NA
FUN;CAN;FUN;BULK;OK;TASK000013235752;Priority 3;NA
FUN;DXE;FUN;SR;OK;TASK000013235753;Priority 4;NA
CNC;812;L1 ;BULK;OK;TASK000013235758;Priority 3;NA
DBA;812;DBA;SR;OK;TASK000013235765;Priority 3;NA
SEC;BWI;SEC;SR;OK;TASK000013235781;Priority 4;NA
CNC;812;L1 ;BULK;OK;TASK000013235905;Priority 3;NA
SEC;BWI;SEC;SR;OK;TASK000013236174;Priority 4;NA
SEC;BWI;SEC;SR;OK;TASK000013236212;Priority 4;NA
CNC;812;L1 ;BULK;OK;TASK000013236361;Priority 3;NA
SEC;BWI;SEC;SR;OK;TASK000013236364;Priority 4;NA
CNC;812;CNC;BULK;OK;TASK000013236379;Priority 3;NA
SEC;MNT;SEC;SR;OK;TASK000013236422;Priority 3;NA
L1;BWI;L1 ;SR;OK;TASK000013236430;Priority 3;NA
FUN;812;FUN;INC;OK;TASK000013236438;Priority 3;NA
L1;BWI;L1 ;SR;OK;TASK000013236873;Priority 3;NA
L1;BWI;L1 ;SR;OK;TASK000013236914;Priority 3;NA
FUN;812;FUN;SR;OK;TASK000013237131;Priority 3;NA
L1;BWI;L1 ;SR;OK;TASK000013237190;Priority 3;NA
SEC;812;SEC;SR;OK;TASK000013237253;Priority 3;NA
L1;812;L1 ;SR;OK;TASK000013237635;Priority 3;NA
CNC;812;L1 ;BULK;OK;TASK000013237664;Priority 3;NA
CNC;812;L1 ;BULK;OK;TASK000013237665;Priority 3;NA
FUN;WS;FUN;SR;OK;TASK000013238159;Priority 3;NA
APS;ETH;APS;SR;OK;TASK000013238189;Priority 3;NA
SEC;EMS;SEC;SR;OK;TASK000013238243;Priority 3;NA
L1;BWI;L1 ;SR;OK;TASK000013238351;Priority 3;NA
FIN;812;FUN;BULK;Defect;TASK000013238472;Priority 4;NA
SEC;812;SEC;SR;OK;TASK000013238514;Priority 3;NA
SEC;812;SEC;SR;OK;TASK000013238518;Priority 3;NA
SEC;MNT;SEC;SR;OK;TASK000013238597;Priority 3;NA
SEC;812;SEC;SR;OK;TASK000013238656;Priority 3;NA
SEC;OXE;SEC;SR;OK;TASK000013238736;Priority 3;NA
FIN;MNT;FUN;SR;OK;TASK000013238857;Priority 3;NA
SEC;812;SEC;SR;OK;TASK000013238941;Priority 3;NA
L1;812;L1 ;SR;OK;TASK000013238945;Priority 3;NA
SEC;WS;SEC;SR;OK;TASK000013238953;Priority 3;NA
SEC;OXE;SEC;SR;OK;TASK000013239079;Priority 3;NA
SEC;812;SEC;SR;OK;TASK000013239088;Priority 3;NA
L1;812;L1 ;SR;OK;TASK000013239154;Priority 3;NA
SEC;WS;SEC;SR;OK;TASK000013239254;Priority 3;NA
SEC;WS;SEC;SR;OK;TASK000013239262;Priority 3;NA
SEC;WS;SEC;SR;OK;TASK000013239265;Priority 3;NA
SEC;WS;SEC;SR;OK;TASK000013239269;Priority 3;NA
CNC;812;L1 ;BULK;OK;TASK000013239351;Priority 3;NA
SEC;DXE;SEC;SR;OK;TASK000013239365;Priority 3;NA
SEC;DXE;SEC;SR;OK;TASK000013239423;Priority 3;NA
SEC;812;SEC;SR;OK;TASK000013239439;Priority 3;NA
DBA;812;DBA;CHG;Defect;TASK000013239482;Priority 3;NA
DBA;812;DBA;SR;OK;TASK000013239589;Priority 3;NA
APS;ETH;APS;SR;OK;TASK000013239606;Priority 3;NA
SEC;812;SEC;SR;OK;TASK000013239628;Priority 3;NA
SEC;812;SEC;SR;OK;TASK000013239631;Priority 3;NA
SEC;812;SEC;SR;OK;TASK000013239780;Priority 3;NA
CNC;812;L1 ;BULK;OK;TASK000013239866;Priority 3;NA
CNC;812;L1 ;BULK;OK;TASK000013239875;Priority 3;NA
SEC;812;SEC;SR;OK;TASK000013239880;Priority 3;NA
SEC;BWI;SEC;SR;OK;TASK000013239940;Priority 4;NA
APS;ETH;APS;SR;OK;TASK000013239983;Priority 3;NA
APS;ETH;APS;SR;OK;TASK000013240011;Priority 3;NA
FUN;812;FUN;SR;OK;TASK000013240073;Priority 4;NA
SEC;OXE;SEC;SR;OK;TASK000013240095;Priority 3;NA
DBA;812;DBA;SR;OK;TASK000013240122;Priority 3;NA
L1;812;L1 ;SR;OK;TASK000013240220;Priority 3;NA
SEC;BWI;SEC;SR;OK;TASK000013240323;Priority 4;NA
CNC;ETH;L1 ;SR;OK;TASK000013240354;Priority 3;NA
APS;EES;APS;SR;Defect;TASK000013240359;Priority 3;NA
DBA;812;DBA;SR;OK;TASK000013240362;Priority 3;NA
FUN;DXE;FUN;SR;OK;TASK000013240480;Priority 4;NA
L1;812;L1 ;SR;OK;TASK000013240519;Priority 3;NA
FUN;812;FUN;SR;OK;TASK000013240526;Priority 3;NA
SEC;EMS;SEC;SR;OK;TASK000013240572;Priority 3;NA
SEC;812;SEC;SR;OK;TASK000013240589;Priority 3;NA
L1;812;L1 ;BULK;OK;TASK000013240606;Priority 4;NA
SEC;BWI;SEC;SR;Defect;TASK000013240631;Priority 4;NA
APS;ETH;APS;SR;OK;TASK000013240775;Priority 3;NA
FUN;ETH;FUN;SR;OK;TASK000013240781;Priority 3;NA
DBA;812;DBA;SR;OK;TASK000013240907;Priority 3;NA
DBA;812;DBA;SR;OK;TASK000013240916;Priority 3;NA
SEC;WS;SEC;SR;OK;TASK000013240942;Priority 3;NA
SEC;ETH;SEC;SR;OK;TASK000013240973;Priority 3;NA
SEC;MNT;SEC;SR;OK;TASK000013241018;Priority 3;NA
L1;BWI;L1 ;SR;OK;TASK000013241084;Priority 3;NA
SEC;BWI;SEC;SR;OK;TASK000013241293;Priority 4;NA
FUN;ETH;FUN;SR;OK;TASK000013241294;Priority 4;NA
SEC;BWI;SEC;SR;OK;TASK000013241301;Priority 4;NA
L1;812;L1 ;SR;OK;TASK000013241360;Priority 3;NA
SEC;BWI;SEC;SR;OK;TASK000013241462;Priority 4;NA
SEC;BWI;SEC;SR;OK;TASK000013241482;Priority 4;NA
L1;BWI;L1 ;SR;OK;TASK000013241498;Priority 3;NA
L1;812;L1 ;SR;OK;TASK000013241515;Priority 3;NA
APS;EES;APS;SR;OK;TASK000013241527;Priority 3;NA
CNC;812;L1 ;BULK;OK;TASK000013241679;Priority 3;NA
APS;EES;APS;SR;OK;TASK000013241681;Priority 3;NA
SEC;BWI;SEC;SR;OK;TASK000013241764;Priority 4;NA
SEC;LAT;SEC;SR;Defect;TASK000013241880;Priority 4;NA
SEC;BWI;SEC;BULK;OK;TASK000013241897;Priority 4;NA
L1;812;L1 ;SR;OK;TASK000013241899;Priority 3;NA
CNC;812;L1 ;BULK;OK;TASK000013242090;Priority 3;NA
SEC;BWI;SEC;SR;OK;TASK000013242433;Priority 4;NA
SEC;WS;SEC;SR;OK;TASK000013242480;Priority 3;NA
SEC;MNT;SEC;SR;OK;TASK000013242642;Priority 3;NA
FUN;WS;FUN;SR;OK;TASK000013242660;Priority 3;NA
FIN;812;INS;BULK;Defect;TASK000013242779;Priority 4;NA
SEC;812;SEC;SR;OK;TASK000013242786;Priority 3;NA
APS;ETH;APS;SR;OK;TASK000013242953;Priority 3;NA
SEC;OXE;SEC;SR;OK;TASK000013242984;Priority 3;NA
FIN;MNT;FUN;SR;OK;TASK000013243034;Priority 3;NA
SEC;812;SEC;SR;OK;TASK000013243142;Priority 3;NA
DBA;812;DBA;CHG;Defect;TASK000013243213;Priority 3;NA
CNC;812;L1 ;SR;OK;TASK000013243254;Priority 3;NA
SEC;WS;SEC;SR;OK;TASK000013243262;Priority 3;NA
CNC;812;CNC;SR;Defect;TASK000013243284;Priority 3;NA
L1;BWI;L1 ;BULK;OK;TASK000013243358;Priority 4;NA
L1;812;L1 ;SR;OK;TASK000013243386;Priority 3;NA
SEC;812;SEC;SR;OK;TASK000013243416;Priority 3;NA
L1;812;L1 ;SR;OK;TASK000013243486;Priority 3;NA
DBA;812;DBA;SR;OK;TASK000013243532;Priority 3;NA
DBA;812;DBA;SR;OK;TASK000013243547;Priority 3;NA
L1;812;L1 ;SR;OK;TASK000013243572;Priority 3;NA
SEC;812;SEC;SR;OK;TASK000013243646;Priority 3;NA
DBA;812;DBA;SR;OK;TASK000013243764;Priority 3;NA
SEC;WS;SEC;SR;OK;TASK000013243778;Priority 3;NA
DBA;812;DBA;CHG;OK;TASK000013243812;Priority 3;NA
SEC;812;SEC;SR;OK;TASK000013243867;Priority 3;NA
CNC;812;L1 ;BULK;OK;TASK000013244002;Priority 3;NA
APS;ETH;APS;SR;Defect;TASK000013244045;Priority 3;NA
APS;ETH;APS;SR;Defect;TASK000013244046;Priority 3;NA
SEC;BWI;SEC;SR;OK;TASK000013244101;Priority 4;NA
SEC;WS;SEC;SR;OK;TASK000013244103;Priority 3;NA
SCH;812;SCH;BULK;OK;TASK000013244140;Priority 3;NA
SEC;WS;SEC;SR;OK;TASK000013244201;Priority 3;NA
SEC;812;SEC;SR;OK;TASK000013244467;Priority 3;NA
L1;812;L1 ;SR;OK;TASK000013244474;Priority 3;NA
SEC;DXE;SEC;SR;OK;TASK000013244482;Priority 3;NA
L1;812;L1 ;SR;OK;TASK000013244513;Priority 3;NA
DBA;812;DBA;CHG;Defect;TASK000013244543;Priority 3;NA
SEC;812;SEC;BULK;OK;TASK000013244567;Priority 3;NA
CNC;812;L1 ;BULK;OK;TASK000013244592;Priority 3;NA
SEC;OXE;SEC;SR;OK;TASK000013244655;Priority 3;NA
FUN;WS;FUN;SR;OK;TASK000013244664;Priority 4;NA
APS;EES;APS;BULK;OK;TASK000013244770;Priority 3;NA
APS;EES;APS;BULK;OK;TASK000013244788;Priority 3;NA
L1;812;L1 ;SR;OK;TASK000013244844;Priority 3;NA
DBA;812;DBA;SR;OK;TASK000013245044;Priority 3;NA
SEC;LAT;SEC;SR;OK;TASK000013245045;Priority 3;NA
CNC;812;L1 ;BULK;OK;TASK000013245085;Priority 3;NA
CNC;812;L1 ;BULK;OK;TASK000013245150;Priority 3;NA
SEC;DXE;SEC;SR;OK;TASK000013245161;Priority 3;NA
SCH;LAT;SCH;SR;OK;TASK000013245256;Priority 3;NA
APS;ETH;APS;SR;OK;TASK000013245332;Priority 3;NA
SEC;MNT;SEC;SR;OK;TASK000013245335;Priority 3;NA
SEC;ETH;SEC;SR;OK;TASK000013245394;Priority 3;NA
SEC;ETH;SEC;SR;OK;TASK000013245418;Priority 3;NA
SEC;MNT;SEC;SR;OK;TASK000013245428;Priority 3;NA
SCH;812;SCH;BULK;OK;TASK000013245448;Priority 3;NA
SEC;ETH;SEC;SR;OK;TASK000013245475;Priority 3;NA
SEC;ETH;SEC;SR;OK;TASK000013245485;Priority 3;NA
SEC;ETH;SEC;SR;OK;TASK000013245521;Priority 3;NA
SEC;ETH;SEC;SR;OK;TASK000013245625;Priority 3;NA
SEC;ETH;SEC;SR;OK;TASK000013245629;Priority 3;NA
L1;812;L1 ;SR;OK;TASK000013245676;Priority 4;NA
SEC;ETH;SEC;SR;OK;TASK000013245781;Priority 3;NA
SEC;ETH;SEC;SR;OK;TASK000013245796;Priority 3;NA
SEC;ETH;SEC;SR;OK;TASK000013245812;Priority 3;NA
SEC;ETH;SEC;SR;OK;TASK000013245818;Priority 3;NA
SEC;BWI;SEC;SR;OK;TASK000013245860;Priority 4;NA
SEC;MNT;SEC;SR;OK;TASK000013245941;Priority 3;NA
CNC;812;L1 ;BULK;OK;TASK000013245952;Priority 3;NA
SEC;ETH;SEC;SR;OK;TASK000013245966;Priority 3;NA
SEC;ETH;SEC;SR;OK;TASK000013245973;Priority 3;NA
SEC;ETH;SEC;SR;OK;TASK000013245977;Priority 3;NA
SEC;ETH;SEC;SR;OK;TASK000013245983;Priority 3;NA
SEC;ETH;SEC;SR;OK;TASK000013246003;Priority 3;NA
CNC;BWI;L1 ;SR;OK;TASK000013246014;Priority 3;NA
SEC;ETH;SEC;SR;OK;TASK000013246058;Priority 3;NA
SEC;812;SEC;SR;OK;TASK000013246062;Priority 3;NA
SEC;ETH;SEC;SR;OK;TASK000013246065;Priority 3;NA
L1;BWI;L1 ;SR;OK;TASK000013246137;Priority 3;NA
FUN;CAN;FUN;BULK;OK;TASK000013246164;Priority 3;NA
SEC;BWI;SEC;SR;OK;TASK000013246210;Priority 4;NA
SEC;BWI;SEC;SR;OK;TASK000013246221;Priority 4;NA
SCH;LAT;SCH;SR;OK;TASK000013246282;Priority 3;NA
OPS;OXE;CNC;BULK;OK;TASK000013246354;Priority 3;NA
L1;BWI;L1 ;SR;OK;TASK000013246397;Priority 3;NA
SEC;WS;SEC;SR;OK;TASK000013246734;Priority 3;NA
L1;812;L1 ;SR;OK;TASK000013246790;Priority 3;NA
FUN;812;FUN;SR;OK;TASK000013246822;Priority 3;NA
DBA;812;DBA;SR;OK;TASK000013246893;Priority 3;NA
FIN;MNT;FUN;SR;OK;TASK000013246911;Priority 3;NA
SEC;WS;SEC;SR;OK;TASK000013246919;Priority 3;NA
DBA;812;DBA;CHG;Defect;TASK000013247082;Priority 3;NA
SEC;812;SEC;SR;OK;TASK000013247218;Priority 3;NA
FUN;812;FUN;SR;OK;TASK000013247234;Priority 4;NA
SEC;OXE;SEC;SR;OK;TASK000013247250;Priority 3;NA
L1;812;L1 ;SR;OK;TASK000013247277;Priority 3;NA
FUN;DXE;FUN;SR;OK;TASK000013247315;Priority 3;NA
SEC;EMS;SEC;SR;OK;TASK000013247317;Priority 3;NA
APS;ETH;APS;SR;OK;TASK000013247369;Priority 3;NA
L1;812;L1 ;BULK;OK;TASK000013247397;Priority 4;NA
SEC;812;SEC;SR;OK;TASK000013247457;Priority 3;NA
SEC;OXE;SEC;SR;OK;TASK000013247518;Priority 3;NA
SEC;812;SEC;SR;OK;TASK000013247702;Priority 3;NA
FUN;812;FUN;SR;OK;TASK000013247706;Priority 4;NA
SEC;812;SEC;SR;OK;TASK000013247762;Priority 3;NA
FUN;WS;FUN;SR;OK;TASK000013247802;Priority 4;NA
FUN;DXE;FUN;SR;OK;TASK000013247899;Priority 3;NA
SEC;EMS;SEC;SR;OK;TASK000013247907;Priority 3;NA
FUN;DXE;FUN;SR;OK;TASK000013247910;Priority 3;NA
CNC;812;L1 ;BULK;OK;TASK000013248008;Priority 3;NA
SEC;MNT;SEC;SR;OK;TASK000013248148;Priority 3;NA
SEC;MNT;SEC;SR;OK;TASK000013248157;Priority 3;NA
SEC;ETH;SEC;SR;OK;TASK000013248194;Priority 3;NA
SEC;812;SEC;SR;OK;TASK000013248216;Priority 3;NA
SEC;812;SEC;SR;OK;TASK000013248219;Priority 3;NA
SEC;812;SEC;SR;OK;TASK000013248232;Priority 3;NA
L1;812;L1 ;SR;OK;TASK000013248296;Priority 3;NA
SCH;812;SCH;BULK;OK;TASK000013248397;Priority 3;NA
SEC;812;SEC;SR;OK;TASK000013248463;Priority 3;NA
SEC;812;SEC;SR;OK;TASK000013248514;Priority 3;NA
SEC;WS;SEC;SR;OK;TASK000013248626;Priority 3;NA
SEC;BWI;SEC;SR;OK;TASK000013248807;Priority 4;NA
CNC;812;L1 ;BULK;OK;TASK000013249072;Priority 3;NA
CNC;812;L1 ;BULK;OK;TASK000013249079;Priority 3;NA
SEC;BWI;SEC;SR;OK;TASK000013249288;Priority 4;NA
SEC;EMS;SEC;SR;OK;TASK000013249304;Priority 3;NA
FUN;EES;FUN;BULK;OK;TASK000013249318;Priority 4;NA
FUN;ETH;FUN;SR;OK;TASK000013249339;Priority 3;NA
FUN;812;FUN;SR;OK;TASK000013249456;Priority 4;NA
APS;ETH;APS;SR;OK;TASK000013249484;Priority 3;NA
SCH;LAT;SCH;SR;OK;TASK000013249488;Priority 3;NA
L1;812;L1 ;SR;OK;TASK000013249492;Priority 4;NA
CNC;812;L1 ;BULK;OK;TASK000013249602;Priority 3;NA
SEC;BWI;SEC;SR;OK;TASK000013249821;Priority 4;NA
SEC;BWI;SEC;SR;OK;TASK000013249861;Priority 4;NA
CNC;BWI;L1 ;SR;OK;TASK000013249941;Priority 3;NA
APS;DCF;APS;BULK;OK;TASK000013249952;Priority 3;NA
SEC;BWI;SEC;SR;OK;TASK000013249982;Priority 4;NA
CNC;812;L1 ;BULK;OK;TASK000013250217;Priority 3;NA
CNC;OXE;L1 ;SR;OK;TASK000013250802;Priority 3;NA
SEC;EMS;SEC;SR;OK;TASK000013250884;Priority 3;NA
L1;812;L1 ;BULK;OK;TASK000013250901;Priority 4;NA
FIN;MNT;FUN;SR;OK;TASK000013251104;Priority 3;NA
L1;812;L1 ;SR;OK;TASK000013251138;Priority 3;NA
CNC;812;CNC;SR;OK;TASK000013251162;Priority 3;NA
APS;EES;APS;SR;OK;TASK000013251180;Priority 3;NA
L1;812;L1 ;BULK;OK;TASK000013251253;Priority 4;NA
SEC;812;SEC;SR;OK;TASK000013251273;Priority 3;NA
FUN;812;FUN;SR;OK;TASK000013251277;Priority 3;NA
SEC;DXE;SEC;SR;OK;TASK000013251282;Priority 3;NA
SEC;812;SEC;SR;OK;TASK000013251289;Priority 3;NA
SEC;OXE;SEC;SR;OK;TASK000013251374;Priority 3;NA
SEC;812;SEC;SR;OK;TASK000013251384;Priority 3;NA
CNC;812;L1 ;SR;OK;TASK000013251417;Priority 3;NA
FUN;812;FUN;SR;Defect;TASK000013251444;Priority 4;NA
L1;BWI;L1 ;BULK;OK;TASK000013251448;Priority 4;NA
SEC;812;SEC;BULK;OK;TASK000013251542;Priority 3;NA
SEC;812;SEC;SR;OK;TASK000013251596;Priority 3;NA
APS;EES;APS;BULK;OK;TASK000013251600;Priority 3;NA
FUN;COR;FUN;BULK;OK;TASK000013251604;Priority 3;NA
SEC;EMS;SEC;SR;OK;TASK000013251744;Priority 3;NA
FUN;ETH;FUN;SR;OK;TASK000013251764;Priority 3;NA
FIN;812;FUN;SR;OK;TASK000013251772;Priority 3;NA
SEC;812;SEC;SR;OK;TASK000013251777;Priority 3;NA
FUN;812;FUN;SR;OK;TASK000013251832;Priority 4;NA
DBA;812;DBA;SR;OK;TASK000013251891;Priority 3;NA
SEC;EMS;SEC;SR;OK;TASK000013251898;Priority 3;NA
SEC;ETH;SEC;SR;OK;TASK000013252007;Priority 3;NA
SEC;WS;SEC;SR;OK;TASK000013252122;Priority 3;NA
OPS;EMS;OPS;SR;OK;TASK000013252187;Priority 4;NA
SEC;EMS;SEC;SR;OK;TASK000013252287;Priority 3;NA
L1;BWI;L1 ;SR;OK;TASK000013252418;Priority 3;NA
CNC;812;CNC;SR;OK;TASK000013252433;Priority 3;NA
CNC;812;CNC;BULK;OK;TASK000013252455;Priority 3;NA
SEC;OXE;SEC;SR;OK;TASK000013252472;Priority 3;NA
FUN;812;FUN;SR;OK;TASK000013252541;Priority 3;NA
L1;BWI;L1 ;SR;OK;TASK000013252585;Priority 3;NA
SEC;CAN;SEC;SR;OK;TASK000013252692;Priority 3;NA
SEC;812;SEC;SR;OK;TASK000013252738;Priority 3;NA
FUN;812;FUN;SR;OK;TASK000013252762;Priority 3;NA
SEC;CAN;SEC;SR;OK;TASK000013252890;Priority 3;NA
SEC;CAN;SEC;SR;OK;TASK000013252928;Priority 3;NA
SEC;CAN;SEC;SR;OK;TASK000013252951;Priority 3;NA
CNC;812;L1 ;BULK;OK;TASK000013252957;Priority 3;NA
APS;EES;APS;SR;OK;TASK000013253125;Priority 3;NA
SEC;DPY;SEC;SR;OK;TASK000013253177;Priority 3;NA
L1;812;L1 ;SR;OK;TASK000013253187;Priority 3;NA
SEC;BWI;SEC;SR;OK;TASK000013253355;Priority 4;NA
FUN;ETH;FUN;SR;OK;TASK000013253490;Priority 3;NA
SEC;OXE;SEC;SR;OK;TASK000013253597;Priority 3;NA
SEC;BWI;SEC;SR;OK;TASK000013253702;Priority 4;NA
SEC;ETH;SEC;SR;OK;TASK000013253734;Priority 3;NA
SEC;BWI;SEC;SR;OK;TASK000013253788;Priority 4;NA
L1;812;L1 ;SR;OK;TASK000013253893;Priority 3;NA
SEC;ETH;SEC;SR;OK;TASK000013253907;Priority 3;NA
SEC;ETH;SEC;SR;OK;TASK000013253938;Priority 3;NA
SEC;BWI;SEC;SR;OK;TASK000013253988;Priority 4;NA
FUN;COR;FUN;BULK;OK;TASK000013254650;Priority 3;NA
FUN;COR;FUN;BULK;OK;TASK000013254651;Priority 3;NA
FUN;COR;FUN;BULK;OK;TASK000013254652;Priority 3;NA
FUN;COR;FUN;BULK;OK;TASK000013254669;Priority 3;NA
FUN;COR;FUN;BULK;OK;TASK000013254676;Priority 3;NA
FUN;COR;FUN;BULK;OK;TASK000013254684;Priority 3;NA
FUN;COR;FUN;BULK;OK;TASK000013254697;Priority 3;NA
SEC;812;SEC;SR;OK;TASK000013254786;Priority 3;NA
SEC;812;SEC;SR;OK;TASK000013254813;Priority 3;NA
SEC;812;SEC;SR;OK;TASK000013255103;Priority 3;NA
L1;812;L1 ;SR;OK;TASK000013255104;Priority 3;NA
SEC;812;SEC;SR;OK;TASK000013255142;Priority 3;NA
SEC;EMS;SEC;SR;OK;TASK000013255186;Priority 3;NA
SEC;812;SEC;SR;OK;TASK000013255193;Priority 3;NA
SEC;812;SEC;SR;OK;TASK000013255217;Priority 3;NA
SEC;812;SEC;SR;OK;TASK000013255233;Priority 3;NA
FUN;COR;FUN;BULK;OK;TASK000013255258;Priority 3;NA
FUN;COR;FUN;BULK;OK;TASK000013255269;Priority 3;NA
SEC;DXE;SEC;SR;OK;TASK000013255288;Priority 3;NA
FUN;WS;FUN;SR;OK;TASK000013255306;Priority 3;NA
SEC;812;SEC;SR;OK;TASK000013255337;Priority 3;NA
SEC;DXE;SEC;SR;OK;TASK000013255346;Priority 3;NA
SEC;DXE;SEC;SR;OK;TASK000013255423;Priority 3;NA
DBA;812;DBA;CHG;Defect;TASK000013255519;Priority 3;NA
FUN;COR;FUN;BULK;OK;TASK000013255608;Priority 3;NA
SEC;812;SEC;SR;OK;TASK000013255686;Priority 3;NA
DBA;812;DBA;SR;OK;TASK000013255694;Priority 3;NA
SEC;BWI;SEC;SR;OK;TASK000013255763;Priority 4;NA
APS;ETH;APS;SR;OK;TASK000013255784;Priority 3;NA
SEC;WS;SEC;SR;OK;TASK000013255810;Priority 3;NA
FUN;812;FUN;SR;OK;TASK000013255830;Priority 4;NA
FUN;ETH;FUN;SR;OK;TASK000013255840;Priority 3;NA
APS;ETH;APS;SR;OK;TASK000013255877;Priority 3;NA
DBA;812;DBA;SR;OK;TASK000013255889;Priority 3;NA
SEC;LAT;SEC;SR;OK;TASK000013255937;Priority 3;NA
SEC;ETH;SEC;SR;OK;TASK000013255961;Priority 3;NA
OPS;WS;L1 ;SR;OK;TASK000013255962;Priority 3;NA
SEC;LAT;SEC;SR;OK;TASK000013255980;Priority 3;NA
SEC;BWI;SEC;SR;OK;TASK000013256016;Priority 4;NA
SEC;BWI;SEC;SR;OK;TASK000013256025;Priority 4;NA
SEC;BWI;SEC;SR;OK;TASK000013256029;Priority 4;NA
SEC;BWI;SEC;SR;OK;TASK000013256035;Priority 4;NA
APS;EES;APS;SR;OK;TASK000013256062;Priority 3;NA
DBA;812;DBA;SR;OK;TASK000013256114;Priority 3;NA
CNC;LAT;CNC;BULK;OK;TASK000013256128;Priority 3;NA
CNC;812;L1 ;BULK;OK;TASK000013256143;Priority 3;NA
SEC;812;SEC;SR;OK;TASK000013256162;Priority 3;NA
SEC;BWI;SEC;SR;OK;TASK000013256242;Priority 4;NA
L1;BWI;L1 ;SR;OK;TASK000013256245;Priority 3;NA
APS;ETH;APS;SR;Defect;TASK000013256248;Priority 3;NA
CNC;812;L1 ;BULK;OK;TASK000013256257;Priority 3;NA
CNC;812;CNC;SR;OK;TASK000013256291;Priority 3;NA
APS;ETH;APS;SR;OK;TASK000013256296;Priority 3;NA
FUN;MNT;FUN;SR;OK;TASK000013256297;Priority 4;NA
SEC;812;SEC;SR;OK;TASK000013256333;Priority 3;NA
FUN;812;FUN;SR;OK;TASK000013256386;Priority 3;NA
SCH;LAT;SCH;SR;OK;TASK000013256451;Priority 3;NA
FUN;ETH;FUN;SR;OK;TASK000013256492;Priority 3;NA
SEC;ETH;SEC;BULK;OK;TASK000013256604;Priority 3;NA
CNC;812;CNC;BULK;OK;TASK000013256669;Priority 3;NA
L1;BWI;L1 ;SR;OK;TASK000013256720;Priority 3;NA
CNC;812;L1 ;BULK;OK;TASK000013256817;Priority 3;NA
CNC;812;L1 ;BULK;OK;TASK000013256862;Priority 3;NA
L1;BWI;L1 ;SR;OK;TASK000013257019;Priority 3;NA
CNC;812;L1 ;BULK;OK;TASK000013257147;Priority 3;NA
SEC;DPY;SEC;SR;OK;TASK000013257161;Priority 3;NA
SCH;LAT;SCH;SR;OK;TASK000013257206;Priority 3;NA
APS;DCF;APS;SR;OK;TASK000013257230;Priority 3;NA
SEC;MNT;SEC;SR;OK;TASK000013257315;Priority 3;NA
SEC;CAN;SEC;SR;OK;TASK000013257378;Priority 3;NA
SEC;ETH;SEC;SR;OK;TASK000013257513;Priority 3;NA
SEC;MNT;SEC;SR;Defect;TASK000013257528;Priority 3;NA
SEC;MNT;SEC;SR;Defect;TASK000013257550;Priority 3;NA
SEC;BWI;SEC;SR;OK;TASK000013257849;Priority 4;NA
CNC;BWI;FUN;SR;OK;TASK000013257954;Priority 3;NA
CNC;812;L1 ;BULK;OK;TASK000013258033;Priority 3;NA
CNC;812;L1 ;BULK;OK;TASK000013258087;Priority 3;NA
CNC;812;L1 ;BULK;OK;TASK000013258107;Priority 3;NA
CNC;812;L1 ;BULK;OK;TASK000013258110;Priority 3;NA
L1;BWI;L1 ;SR;OK;TASK000013258183;Priority 3;NA
L1;812;L1 ;SR;OK;TASK000013258499;Priority 3;NA
CNC;812;L1 ;BULK;OK;TASK000013258523;Priority 3;NA
CNC;812;L1 ;BULK;OK;TASK000013258645;Priority 3;NA
L1;812;L1 ;SR;OK;TASK000013258810;Priority 3;NA
SEC;WS;SEC;SR;OK;TASK000013258909;Priority 3;NA
SEC;812;SEC;SR;OK;TASK000013258973;Priority 3;NA
SEC;812;SEC;SR;OK;TASK000013259034;Priority 3;NA
L1;812;L1 ;SR;OK;TASK000013259048;Priority 3;NA
SEC;EMS;SEC;SR;OK;TASK000013259295;Priority 3;NA
L1;812;L1 ;SR;OK;TASK000013259298;Priority 3;NA
SEC;812;SEC;SR;OK;TASK000013259478;Priority 3;NA
SEC;812;SEC;SR;OK;TASK000013259530;Priority 3;NA
SEC;OXE;SEC;SR;Defect;TASK000013259543;Priority 3;NA
CNC;812;L1 ;BULK;OK;TASK000013259544;Priority 3;NA
SEC;812;SEC;SR;OK;TASK000013259590;Priority 3;NA
SEC;812;SEC;SR;OK;TASK000013259662;Priority 3;NA
SEC;EMS;SEC;SR;OK;TASK000013259694;Priority 3;NA
SEC;812;SEC;SR;OK;TASK000013259715;Priority 3;NA
L1;BWI;L1 ;SR;OK;TASK000013259718;Priority 3;NA
SEC;OXE;SEC;SR;OK;TASK000013259766;Priority 3;NA
SEC;812;SEC;SR;OK;TASK000013259818;Priority 3;NA
SEC;CAN;SEC;BULK;OK;TASK000013259892;Priority 3;NA
SEC;812;SEC;SR;OK;TASK000013259903;Priority 3;NA
SEC;812;SEC;SR;OK;TASK000013259953;Priority 3;NA
DBA;812;DBA;SR;OK;TASK000013259965;Priority 3;NA
SEC;DXE;SEC;SR;OK;TASK000013260238;Priority 3;NA
FUN;812;FUN;SR;OK;TASK000013260296;Priority 3;NA
SEC;OXE;SEC;SR;OK;TASK000013260343;Priority 3;NA
SEC;BWI;SEC;SR;OK;TASK000013260349;Priority 4;NA
CNC;812;CNC;SR;OK;TASK000013260387;Priority 3;NA
SEC;EMS;SEC;SR;OK;TASK000013260627;Priority 3;NA
SEC;812;SEC;SR;OK;TASK000013260653;Priority 3;NA
SEC;DXE;SEC;SR;OK;TASK000013260656;Priority 3;NA
SEC;BWI;SEC;SR;OK;TASK000013260667;Priority 4;NA
SEC;812;SEC;SR;OK;TASK000013260707;Priority 3;NA
SEC;812;SEC;SR;OK;TASK000013260723;Priority 3;NA
SEC;812;SEC;SR;OK;TASK000013260733;Priority 3;NA
CNC;OXE;L1 ;SR;OK;TASK000013260753;Priority 3;NA
SEC;OXE;SEC;SR;OK;TASK000013260796;Priority 3;NA
SEC;WS;SEC;SR;OK;TASK000013260823;Priority 3;NA
SEC;DPY;SEC;SR;OK;TASK000013260896;Priority 3;NA
SEC;DPY;SEC;SR;OK;TASK000013260940;Priority 3;NA
SCH;812;SCH;BULK;OK;TASK000013260973;Priority 3;NA
CNC;812;L1 ;BULK;OK;TASK000013261143;Priority 3;NA
SEC;MNT;SEC;SR;OK;TASK000013261179;Priority 3;NA
CNC;812;L1 ;BULK;OK;TASK000013261307;Priority 3;NA
SEC;ETH;SEC;SR;OK;TASK000013261315;Priority 3;NA
SEC;812;SEC;SR;OK;TASK000013261406;Priority 3;NA
TEC;WS;OPS;BULK;OK;TASK000013261410;Priority 3;NA
TEC;EMS;OPS;SR;OK;TASK000013261527;Priority 3;NA
SEC;BWI;SEC;SR;OK;TASK000013261529;Priority 4;NA
SEC;OXE;SEC;SR;OK;TASK000013261533;Priority 3;NA
SEC;MNT;SEC;SR;OK;TASK000013261549;Priority 3;NA
SEC;BWI;SEC;SR;OK;TASK000013261596;Priority 4;NA
SEC;BWI;SEC;BULK;OK;TASK000013261784;Priority 3;NA
CNC;812;L1 ;BULK;OK;TASK000013262027;Priority 3;NA
SEC;BWI;SEC;SR;OK;TASK000013262101;Priority 4;NA
SEC;BWI;SEC;SR;OK;TASK000013262126;Priority 4;NA
SEC;812;SEC;SR;OK;TASK000013262155;Priority 3;NA
SEC;ETH;SEC;SR;OK;TASK000013262290;Priority 3;NA
L1;812;L1 ;SR;OK;TASK000013262400;Priority 3;NA
CNC;BWI;CNC;BULK;OK;TASK000013262415;Priority 3;NA
APS;ETH;APS;SR;OK;TASK000013262431;Priority 4;NA
CNC;812;L1 ;BULK;OK;TASK000013262485;Priority 3;NA
FUN;WS;FUN;SR;OK;TASK000013262658;Priority 4;NA
CNC;812;L1 ;SR;OK;TASK000013262799;Priority 3;NA
FUN;812;FUN;SR;OK;TASK000013262886;Priority 3;NA
L1;812;L1 ;SR;OK;TASK000013263101;Priority 3;NA
SEC;812;SEC;SR;OK;TASK000013263263;Priority 3;NA
SEC;812;SEC;SR;OK;TASK000013263425;Priority 3;NA
SEC;812;SEC;SR;OK;TASK000013263427;Priority 3;NA
SEC;812;SEC;SR;OK;TASK000013263428;Priority 3;NA
DBA;812;DBA;CHG;OK;TASK000013263472;Priority 3;NA
DBA;812;DBA;SR;OK;TASK000013263532;Priority 3;NA
SEC;812;SEC;SR;OK;TASK000013263535;Priority 3;NA
DBA;812;DBA;SR;OK;TASK000013263576;Priority 3;NA
L1;BWI;L1 ;SR;OK;TASK000013263873;Priority 3;NA
SEC;812;SEC;SR;OK;TASK000013263940;Priority 3;NA
SEC;812;SEC;SR;OK;TASK000013264109;Priority 3;NA
SEC;812;SEC;SR;OK;TASK000013264125;Priority 3;NA
SEC;BWI;SEC;SR;OK;TASK000013264130;Priority 4;NA
FUN;WS;FUN;SR;OK;TASK000013264187;Priority 4;NA
CNC;812;CNC;SR;OK;TASK000013264214;Priority 3;NA
SEC;812;SEC;SR;OK;TASK000013264329;Priority 3;NA
SEC;DXE;SEC;SR;OK;TASK000013264333;Priority 3;NA
L1;812;L1 ;SR;OK;TASK000013264395;Priority 3;NA
SEC;812;SEC;SR;OK;TASK000013264402;Priority 3;NA
SEC;BWI;SEC;SR;OK;TASK000013264559;Priority 4;NA
SEC;WS;SEC;SR;OK;TASK000013264562;Priority 3;NA
CNC;OXE;L1 ;SR;OK;TASK000013264564;Priority 3;NA
APS;ETH;APS;SR;OK;TASK000013264618;Priority 3;NA
CNC;812;L1 ;BULK;OK;TASK000013264651;Priority 3;NA
SCH;LAT;SCH;SR;OK;TASK000013264687;Priority 3;NA
SEC;812;SEC;SR;OK;TASK000013264803;Priority 3;NA
SEC;FUN;SEC;SR;OK;TASK000013264817;Priority 3;NA
L1;BWI;L1 ;SR;OK;TASK000013264877;Priority 3;NA
APS;EES;APS;SR;OK;TASK000013264895;Priority 4;NA
SEC;BWI;SEC;SR;OK;TASK000013264954;Priority 4;NA
DCF;DCF;FUN;BULK;Defect;TASK000013264974;Priority 3;NA
SEC;BWI;SEC;SR;OK;TASK000013265057;Priority 4;NA
CNC;OXE;L1 ;SR;OK;TASK000013265076;Priority 3;NA
FUN;ETH;FUN;BULK;OK;TASK000013265078;Priority 3;NA
SEC;812;SEC;SR;OK;TASK000013265098;Priority 3;NA
CNC;OXE;L1 ;SR;OK;TASK000013265114;Priority 3;NA
L1;BWI;L1 ;SR;OK;TASK000013265226;Priority 3;NA
APS;ETH;APS;SR;OK;TASK000013265243;Priority 3;NA
SEC;BWI;SEC;SR;OK;TASK000013265251;Priority 4;NA
L1;BWI;L1 ;SR;OK;TASK000013265282;Priority 3;NA
SCH;LAT;SCH;SR;OK;TASK000013265322;Priority 3;NA
APS;EES;APS;SR;OK;TASK000013265463;Priority 3;NA
SEC;812;SEC;SR;OK;TASK000013265569;Priority 3;NA
SEC;BWI;SEC;SR;OK;TASK000013265580;Priority 4;NA
CNC;812;L1 ;BULK;OK;TASK000013265603;Priority 3;NA
SEC;DXE;SEC;SR;OK;TASK000013265609;Priority 3;NA
CNC;812;L1 ;BULK;Defect;TASK000013265619;Priority 3;NA
SEC;DPY;SEC;SR;OK;TASK000013265623;Priority 3;NA
SEC;WS;SEC;SR;OK;TASK000013265712;Priority 3;NA
SEC;WS;SEC;SR;OK;TASK000013265717;Priority 3;NA
SEC;WS;SEC;SR;OK;TASK000013265718;Priority 3;NA
L1;812;L1 ;BULK;OK;TASK000013266048;Priority 3;NA
L1;BWI;L1 ;SR;OK;TASK000013266067;Priority 3;NA
SEC;BWI;SEC;SR;OK;TASK000013266110;Priority 4;NA
SEC;BWI;SEC;SR;OK;TASK000013266116;Priority 4;NA
SEC;BWI;SEC;SR;OK;TASK000013266185;Priority 4;NA
L1;812;L1 ;SR;OK;TASK000013266360;Priority 3;NA
FUN;FUN;SEC;SR;OK;TASK000013266427;Priority 3;NA
SEC;MNT;SEC;SR;OK;TASK000013266805;Priority 3;NA
SEC;EMS;SEC;SR;OK;TASK000013267219;Priority 3;NA
SEC;EMS;SEC;SR;OK;TASK000013267225;Priority 3;NA
SEC;812;SEC;SR;OK;TASK000013267250;Priority 3;NA
SEC;OXE;SEC;SR;OK;TASK000013267292;Priority 3;NA
L1;812;L1 ;SR;OK;TASK000013267386;Priority 3;NA
CNC;812;CNC;SR;OK;TASK000013267396;Priority 3;NA
CNC;812;L1 ;BULK;OK;TASK000013267505;Priority 3;NA
SEC;EMS;SEC;SR;OK;TASK000013267617;Priority 3;NA
CNC;812;CNC;SR;OK;TASK000013267751;Priority 3;NA
SEC;WS;SEC;SR;OK;TASK000013267781;Priority 3;NA
DBA;812;DBA;SR;OK;TASK000013267831;Priority 3;NA
SEC;OXE;SEC;SR;OK;TASK000013267834;Priority 3;NA
SEC;812;SEC;SR;OK;TASK000013267937;Priority 3;NA
APS;ETH;APS;SR;OK;TASK000013267938;Priority 3;NA
DBA;DXE;DBA;SR;OK;TASK000013267956;Priority 3;NA
DBA;DXE;DBA;SR;OK;TASK000013267963;Priority 3;NA
SEC;WS;SEC;SR;OK;TASK000013267987;Priority 3;NA
L1;BWI;FUN;BULK;OK;TASK000013268058;Priority 3;NA
SEC;812;SEC;SR;OK;TASK000013268216;Priority 3;NA
FUN;EES;FUN;BULK;OK;TASK000013268244;Priority 3;NA
DBA;812;DBA;SR;OK;TASK000013268261;Priority 3;NA
DBA;812;DBA;SR;OK;TASK000013268267;Priority 3;NA
SEC;812;SEC;SR;OK;TASK000013268289;Priority 3;NA
CNC;812;CNC;SR;OK;TASK000013268307;Priority 3;NA
DCF;DCF;FUN;BULK;OK;TASK000013268365;Priority 3;NA
FUN;812;FUN;SR;OK;TASK000013268378;Priority 3;NA
SEC;812;SEC;SR;OK;TASK000013268410;Priority 3;NA
SEC;812;SEC;SR;OK;TASK000013268414;Priority 3;NA
SEC;812;SEC;SR;OK;TASK000013268468;Priority 3;NA
SEC;812;SEC;SR;OK;TASK000013268515;Priority 3;NA
SEC;WS;SEC;SR;OK;TASK000013268517;Priority 3;NA
SEC;WS;SEC;SR;OK;TASK000013268650;Priority 3;NA
SEC;EES;SEC;SR;OK;TASK000013268705;Priority 3;NA
DBA;812;DBA;CHG;OK;TASK000013268721;Priority 3;NA
CNC;812;L1 ;BULK;OK;TASK000013268763;Priority 3;NA
CNC;812;CNC;SR;OK;TASK000013268770;Priority 3;NA
SEC;812;SEC;SR;OK;TASK000013268815;Priority 3;NA
L1;BWI;L1 ;SR;OK;TASK000013268826;Priority 3;NA
APS;ETH;APS;SR;OK;TASK000013268846;Priority 3;NA
APS;ETH;APS;SR;OK;TASK000013268852;Priority 3;NA
FUN;ETH;FUN;SR;OK;TASK000013268857;Priority 3;NA
SEC;FUN;SEC;SR;OK;TASK000013268875;Priority 3;NA
APS;ETH;APS;SR;OK;TASK000013268877;Priority 3;NA
SEC;WS;SEC;SR;OK;TASK000013268901;Priority 3;NA
DBA;812;DBA;SR;OK;TASK000013268924;Priority 3;NA
APS;ETH;APS;SR;OK;TASK000013268955;Priority 3;NA
FUN;812;FUN;SR;OK;TASK000013268957;Priority 3;NA
SEC;ETH;SEC;SR;OK;TASK000013268977;Priority 3;NA
SEC;BWI;SEC;SR;Defect;TASK000013268992;Priority 4;NA
APS;ETH;APS;SR;OK;TASK000013268996;Priority 3;NA
APS;ETH;APS;SR;OK;TASK000013269037;Priority 3;NA
APS;ETH;APS;SR;OK;TASK000013269048;Priority 3;NA
SEC;BWI;SEC;SR;OK;TASK000013269258;Priority 4;NA
SEC;812;SEC;SR;OK;TASK000013269278;Priority 3;NA
L1;BWI;L1 ;SR;OK;TASK000013269533;Priority 3;NA
APS;ETH;APS;SR;OK;TASK000013269535;Priority 3;NA
SEC;BWI;SEC;SR;OK;TASK000013269587;Priority 4;NA
L1;812;L1 ;SR;OK;TASK000013269619;Priority 3;NA
SEC;ETH;SEC;SR;OK;TASK000013269715;Priority 3;NA
SEC;CAN;SEC;SR;OK;TASK000013270059;Priority 3;NA
CNC;812;L1 ;SR;OK;TASK000013270503;Priority 3;NA
SEC;812;SEC;SR;OK;TASK000013271061;Priority 3;NA
SEC;EMS;SEC;SR;OK;TASK000013271155;Priority 3;NA
SEC;MNT;SEC;SR;OK;TASK000013271208;Priority 3;NA
SEC;812;SEC;SR;OK;TASK000013271239;Priority 3;NA
DBA;812;DBA;SR;OK;TASK000013271264;Priority 3;NA
SEC;812;SEC;SR;OK;TASK000013271317;Priority 3;NA
SEC;812;SEC;SR;OK;TASK000013271417;Priority 3;NA
SEC;WS;SEC;SR;Defect;TASK000013271431;Priority 3;NA
CNC;BWI;CNC;BULK;OK;TASK000013271476;Priority 3;NA
SEC;812;SEC;SR;OK;TASK000013271485;Priority 3;NA
SEC;MNT;SEC;SR;OK;TASK000013271490;Priority 3;NA
SEC;812;SEC;SR;OK;TASK000013271498;Priority 3;NA
SEC;812;SEC;SR;OK;TASK000013271524;Priority 3;NA
SEC;812;SEC;SR;OK;TASK000013271540;Priority 3;NA
SEC;WS;SEC;SR;OK;TASK000013271582;Priority 3;NA
L1;812;L1 ;SR;OK;TASK000013271621;Priority 3;NA
SEC;812;SEC;SR;OK;TASK000013271664;Priority 3;NA
DBA;812;DBA;SR;OK;TASK000013271677;Priority 3;NA
SEC;WS;SEC;SR;OK;TASK000013271725;Priority 3;NA
SEC;812;SEC;SR;OK;TASK000013271750;Priority 3;NA
CNC;DXE;FUN;BULK;OK;TASK000013271838;Priority 3;NA
SEC;812;SEC;SR;OK;TASK000013271853;Priority 3;NA
FUN;812;FUN;SR;OK;TASK000013271868;Priority 3;NA
SEC;812;SEC;SR;OK;TASK000013271895;Priority 3;NA
FUN;812;FUN;SR;OK;TASK000013271899;Priority 4;NA
SEC;812;SEC;SR;OK;TASK000013271926;Priority 3;NA
DBA;812;DBA;SR;OK;TASK000013271994;Priority 3;NA
SEC;FUN;SEC;SR;OK;TASK000013272033;Priority 3;NA
DBA;812;DBA;CHG;Defect;TASK000013272088;Priority 3;NA
SEC;812;SEC;SR;OK;TASK000013272110;Priority 3;NA
SEC;FUN;SEC;SR;OK;TASK000013272118;Priority 4;NA
SEC;812;SEC;SR;OK;TASK000013272131;Priority 3;NA
SEC;812;SEC;SR;OK;TASK000013272212;Priority 3;NA
SEC;812;SEC;SR;OK;TASK000013272237;Priority 3;NA
SEC;DPY;SEC;SR;OK;TASK000013272247;Priority 3;NA
SEC;OXE;SEC;SR;OK;TASK000013272253;Priority 3;NA
SEC;WS;SEC;SR;OK;TASK000013272391;Priority 3;NA
CNC;812;L1 ;BULK;OK;TASK000013272439;Priority 3;NA
CNC;812;L1 ;BULK;OK;TASK000013272474;Priority 3;NA
CNC;812;L1 ;SR;OK;TASK000013272585;Priority 4;NA
SEC;WS;SEC;SR;OK;TASK000013272593;Priority 3;NA
SEC;BWI;SEC;SR;OK;TASK000013272607;Priority 4;NA
L1;BWI;L1 ;SR;OK;TASK000013272678;Priority 3;NA
APS;ETH;APS;SR;OK;TASK000013272679;Priority 3;NA
CNC;812;L1 ;BULK;OK;TASK000013272719;Priority 3;NA
SEC;DXE;SEC;SR;OK;TASK000013272745;Priority 3;NA
APS;ETH;APS;SR;OK;TASK000013272765;Priority 3;NA
FUN;ETH;FUN;SR;OK;TASK000013272874;Priority 4;NA
SEC;BWI;SEC;SR;OK;TASK000013272891;Priority 4;NA
SEC;812;SEC;SR;OK;TASK000013273095;Priority 3;NA
CNC;812;L1 ;BULK;OK;TASK000013273112;Priority 3;NA
SCH;812;SCH;BULK;OK;TASK000013273160;Priority 3;NA
SCH;812;SCH;BULK;OK;TASK000013273161;Priority 3;NA
FUN;812;FUN;SR;OK;TASK000013273231;Priority 3;NA
SEC;BWI;SEC;SR;OK;TASK000013273242;Priority 4;NA
FUN;DXE;FUN;SR;OK;TASK000013273285;Priority 4;NA
CNC;812;L1 ;BULK;OK;TASK000013273326;Priority 3;NA
APS;ETH;APS;SR;OK;TASK000013273328;Priority 3;NA
SEC;BWI;SEC;SR;OK;TASK000013273354;Priority 4;NA
APS;EES;APS;SR;OK;TASK000013273360;Priority 3;NA
APS;EES;APS;SR;OK;TASK000013273368;Priority 3;NA
APS;EES;APS;SR;OK;TASK000013273373;Priority 3;NA
CNC;812;L1 ;SR;OK;TASK000013273378;Priority 3;NA
SEC;812;SEC;SR;OK;TASK000013273396;Priority 3;NA
L1;BWI;L1 ;SR;OK;TASK000013273449;Priority 3;NA
APS;ETH;APS;SR;OK;TASK000013273458;Priority 3;NA
DBA;812;DBA;SR;OK;TASK000013273652;Priority 3;NA
CNC;812;L1 ;BULK;OK;TASK000013273735;Priority 3;NA
SEC;CAN;SEC;SR;OK;TASK000013273767;Priority 3;NA
SEC;MNT;SEC;SR;OK;TASK000013273873;Priority 3;NA
SEC;LAT;SEC;SR;OK;TASK000013273882;Priority 3;NA
SEC;812;SEC;SR;OK;TASK000013274007;Priority 3;NA
FUN;MNT;FUN;SR;OK;TASK000013274009;Priority 4;NA
SEC;ETH;SEC;SR;OK;TASK000013274015;Priority 3;NA
SEC;ETH;SEC;SR;OK;TASK000013274016;Priority 3;NA
SEC;812;SEC;BULK;OK;TASK000013274042;Priority 3;NA
SEC;812;SEC;SR;OK;TASK000013274357;Priority 3;NA
SEC;812;SEC;SR;OK;TASK000013274683;Priority 3;NA
L1;812;L1 ;BULK;OK;TASK000013274716;Priority 3;NA
SEC;812;SEC;SR;OK;TASK000013274864;Priority 3;NA
APS;ETH;APS;SR;OK;TASK000013275033;Priority 3;NA
SEC;OXE;SEC;SR;OK;TASK000013275282;Priority 3;NA
SCH;812;SCH;BULK;OK;TASK000013275326;Priority 3;NA
L1;812;L1 ;BULK;OK;TASK000013275375;Priority 4;NA
SEC;812;SEC;SR;OK;TASK000013275380;Priority 3;NA
SEC;812;SEC;SR;OK;TASK000013275392;Priority 3;NA
SEC;812;SEC;SR;OK;TASK000013275460;Priority 3;NA
CNC;812;L1 ;SR;OK;TASK000013275467;Priority 3;NA
SEC;DXE;SEC;SR;OK;TASK000013275483;Priority 3;NA
SEC;CAN;SEC;SR;OK;TASK000013275493;Priority 3;NA
SEC;CAN;SEC;SR;OK;TASK000013275495;Priority 3;NA
L1;812;L1 ;BULK;OK;TASK000013275501;Priority 4;NA
SEC;812;SEC;SR;OK;TASK000013275505;Priority 3;NA
SEC;812;SEC;SR;OK;TASK000013275543;Priority 3;NA
SEC;812;SEC;SR;OK;TASK000013275598;Priority 3;NA
FUN;812;FUN;SR;OK;TASK000013275652;Priority 4;NA
FUN;812;FUN;BULK;OK;TASK000013275657;Priority 3;NA
FUN;COR;FUN;BULK;OK;TASK000013275681;Priority 3;NA
CNC;812;L1 ;BULK;OK;TASK000013275683;Priority 3;NA
SCH;812;SCH;BULK;OK;TASK000013275759;Priority 3;NA
SCH;812;SCH;BULK;OK;TASK000013275771;Priority 3;NA
L1;812;L1 ;SR;OK;TASK000013275775;Priority 3;NA
SEC;812;SEC;SR;OK;TASK000013275836;Priority 3;NA
L1;812;L1 ;HK;OK;TASK000013275850;Priority 3;NA
SEC;OXE;SEC;SR;OK;TASK000013275863;Priority 3;NA
SEC;812;SEC;SR;OK;TASK000013275917;Priority 3;NA
L1;812;L1 ;SR;OK;TASK000013275953;Priority 3;NA
SEC;CAN;SEC;SR;OK;TASK000013275983;Priority 3;NA
SEC;812;SEC;SR;OK;TASK000013276014;Priority 3;NA
SEC;OXE;SEC;SR;OK;TASK000013276027;Priority 3;NA
SEC;BWI;SEC;SR;OK;TASK000013276058;Priority 4;NA
SCH;812;SCH;BULK;OK;TASK000013276099;Priority 3;NA
SEC;812;SEC;SR;OK;TASK000013276140;Priority 3;NA
SEC;812;SEC;SR;OK;TASK000013276176;Priority 3;NA
FIN;812;FUN;BULK;Defect;TASK000013276192;Priority 3;NA
SEC;MNT;SEC;SR;OK;TASK000013276201;Priority 3;NA
APS;ETH;APS;SR;OK;TASK000013276265;Priority 3;NA
DBA;812;DBA;SR;OK;TASK000013276268;Priority 3;NA
APS;ETH;APS;BULK;OK;TASK000013276271;Priority 3;NA
APS;ETH;APS;SR;OK;TASK000013276283;Priority 3;NA
CNC;812;CNC;SR;OK;TASK000013276291;Priority 4;NA
APS;ETH;APS;SR;OK;TASK000013276297;Priority 3;NA
SEC;812;SEC;SR;OK;TASK000013276299;Priority 3;NA
SEC;DXE;SEC;SR;OK;TASK000013276301;Priority 3;NA
APS;ETH;APS;SR;OK;TASK000013276377;Priority 3;NA
CNC;812;L1 ;BULK;OK;TASK000013276536;Priority 3;NA
CNC;812;L1 ;BULK;OK;TASK000013276586;Priority 3;NA
FUN;ETH;FUN;SR;OK;TASK000013276674;Priority 4;NA
CNC;812;L1 ;BULK;OK;TASK000013276836;Priority 3;NA
SEC;ETH;SEC;SR;OK;TASK000013276991;Priority 3;NA
FUN;FUN;SEC;SR;OK;TASK000013277051;Priority 3;NA
SEC;CAN;SEC;SR;OK;TASK000013277188;Priority 3;NA
SEC;BWI;SEC;SR;OK;TASK000013277237;Priority 4;NA
SEC;BWI;SEC;SR;OK;TASK000013277286;Priority 4;NA
FUN;ETH;FUN;SR;OK;TASK000013277420;Priority 4;NA
FUN;EES;FUN;BULK;OK;TASK000013277737;Priority 3;NA
L1;BWI;L1 ;SR;OK;TASK000013277777;Priority 3;NA
CNC;812;L1 ;BULK;OK;TASK000013277912;Priority 3;NA
L1;812;L1 ;SR;OK;TASK000013278059;Priority 3;NA
CNC;812;L1 ;BULK;OK;TASK000013278347;Priority 3;NA
CNC;812;L1 ;BULK;OK;TASK000013278349;Priority 3;NA
CNC;812;L1 ;BULK;OK;TASK000013278350;Priority 3;NA
FUN;812;FUN;SR;OK;TASK000013278639;Priority 4;NA
FUN;812;FUN;SR;OK;TASK000013279339;Priority 4;NA
FUN;812;FUN;SR;OK;TASK000013279357;Priority 4;NA
FUN;812;FUN;SR;OK;TASK000013279694;Priority 4;NA
FUN;812;FUN;SR;OK;TASK000013279775;Priority 4;NA
SEC;BWI;SEC;SR;OK;TASK000013280352;Priority 4;NA
OPS;OXE;CNC;SR;OK;TASK000013280965;Priority 4;NA
SEC;BWI;SEC;SR;OK;TASK000013281075;Priority 4;NA
L1;BWI;L1 ;SR;OK;TASK000013282019;Priority 4;NA
SEC;BWI;SEC;SR;OK;TASK000013282291;Priority 4;NA
FUN;812;FUN;SR;OK;TASK000013283455;Priority 4;NA
FUN;812;FUN;SR;OK;TASK000013283528;Priority 4;NA
SEC;BWI;SEC;SR;OK;TASK000013283871;Priority 4;NA
SEC;BWI;SEC;SR;OK;TASK000013283943;Priority 4;NA
FIN;812;FUN;SR;OK;TASK000013284158;Priority 4;NA
SEC;BWI;SEC;SR;OK;TASK000013284454;Priority 4;NA
SEC;BWI;SEC;SR;OK;TASK000013284900;Priority 4;NA
SEC;BWI;SEC;SR;OK;TASK000013285519;Priority 4;NA
SEC;BWI;SEC;SR;OK;TASK000013285578;Priority 4;NA
FUN;EES;FUN;SR;OK;TASK000013285964;Priority 4;NA
SEC;BWI;SEC;SR;OK;TASK000013286134;Priority 4;NA
SEC;BWI;SEC;SR;Defect;TASK000013286167;Priority 4;NA
FUN;WS;FUN;SR;OK;TASK000013286833;Priority 4;NA
FUN;WS;FUN;SR;OK;TASK000013286891;Priority 4;NA
OPS;EMS;OPS;SR;OK;TASK000013287192;Priority 4;NA
L1;812;MON;SR;OK;TASK000013287379;Priority 4;NA
FUN;812;FUN;SR;OK;TASK000013287894;Priority 4;NA
FIN;DXE;FUN;SR;OK;TASK000013288003;Priority 4;NA
FUN;DCF;SEC;SR;OK;TASK000013288399;Priority 4;NA
SEC;BWI;SEC;SR;OK;TASK000013288806;Priority 4;NA
SEC;BWI;SEC;SR;OK;TASK000013288882;Priority 4;NA
SEC;BWI;SEC;SR;OK;TASK000013289011;Priority 4;NA
SEC;BWI;SEC;SR;OK;TASK000013289204;Priority 4;NA
SEC;BWI;SEC;SR;OK;TASK000013289226;Priority 4;NA
FUN;ETH;FUN;SR;OK;TASK000013289317;Priority 4;NA
SEC;BWI;SEC;SR;OK;TASK000013289374;Priority 4;NA
SEC;BWI;SEC;SR;OK;TASK000013289406;Priority 4;NA
SEC;BWI;SEC;SR;OK;TASK000013289488;Priority 4;NA
SEC;BWI;SEC;SR;OK;TASK000013289638;Priority 4;NA
FUN;MNT;FUN;SR;OK;TASK000013290086;Priority 4;NA
SEC;BWI;SEC;SR;OK;TASK000013290284;Priority 4;NA
L1;BWI;L1 ;SR;OK;TASK000013290651;Priority 4;NA
SEC;BWI;SEC;SR;OK;TASK000013292004;Priority 4;NA
SEC;BWI;SEC;SR;OK;TASK000013292370;Priority 4;NA
FUN;812;FUN;SR;OK;TASK000013292600;Priority 4;NA
SEC;BWI;SEC;SR;OK;TASK000013292733;Priority 4;NA
SEC;BWI;SEC;SR;OK;TASK000013292899;Priority 4;NA
FUN;MNT;FUN;SR;OK;TASK000013292965;Priority 4;NA
SEC;BWI;SEC;SR;OK;TASK000013293358;Priority 4;NA
FUN;812;FUN;SR;OK;TASK000013294485;Priority 4;NA
FUN;812;FUN;SR;OK;TASK000013295190;Priority 4;NA
SEC;BWI;SEC;SR;OK;TASK000013295296;Priority 4;NA
SEC;BWI;SEC;SR;OK;TASK000013295385;Priority 4;NA
SEC;BWI;SEC;SR;OK;TASK000013296053;Priority 4;NA
SEC;BWI;SEC;SR;OK;TASK000013296176;Priority 4;NA
SEC;BWI;SEC;SR;OK;TASK000013296240;Priority 4;NA
SEC;BWI;SEC;SR;OK;TASK000013296247;Priority 4;NA
SEC;BWI;SEC;SR;OK;TASK000013296281;Priority 4;NA
SEC;BWI;SEC;SR;OK;TASK000013296339;Priority 4;NA
SEC;BWI;SEC;SR;OK;TASK000013296343;Priority 4;NA
SEC;BWI;SEC;SR;OK;TASK000013296568;Priority 4;NA
SEC;BWI;SEC;SR;OK;TASK000013296607;Priority 4;NA
SEC;BWI;SEC;SR;OK;TASK000013296702;Priority 4;NA
SEC;BWI;SEC;SR;OK;TASK000013297609;Priority 4;NA
APS;EES;APS;SR;OK;TASK000013297641;Priority 4;NA
CNC;LAT;CNC;SR;OK;TASK000013297871;Priority 3;NA
CNC;BWI;CNC;SR;OK;TASK000013297872;Priority 3;NA
SEC;EES;SEC;SR;OK;TASK000013298219;Priority 3;NA
DBA;812;DBA;SR;OK;TASK000013298281;Priority 3;NA
SEC;812;SEC;SR;OK;TASK000013298397;Priority 3;NA
TEC;DCF;FUN;SR;OK;TASK000013298443;Priority 3;NA
DBA;812;DBA;SR;OK;TASK000013298508;Priority 3;NA
SEC;812;SEC;SR;OK;TASK000013298561;Priority 3;NA
DBA;812;DBA;CHG;Defect;TASK000013298586;Priority 3;NA
CNC;812;CNC;SR;OK;TASK000013298595;Priority 3;NA
SEC;812;SEC;SR;OK;TASK000013298645;Priority 3;NA
CNC;DCF;CNC;SR;OK;TASK000013298744;Priority 3;NA
CNC;BWI;CNC;SR;OK;TASK000013298745;Priority 3;NA
CNC;EES;CNC;SR;OK;TASK000013298746;Priority 3;NA
DBA;812;DBA;SR;OK;TASK000013298792;Priority 3;NA
DBA;812;DBA;SR;Defect;TASK000013298794;Priority 3;NA
DBA;812;DBA;SR;OK;TASK000013298802;Priority 3;NA
SEC;812;SEC;SR;OK;TASK000013298808;Priority 3;NA
DBA;812;DBA;SR;OK;TASK000013298863;Priority 3;NA
SEC;EMS;SEC;SR;OK;TASK000013298872;Priority 3;NA
DBA;812;DBA;SR;OK;TASK000013298894;Priority 3;NA
FUN;DCF;SEC;SR;OK;TASK000013298902;Priority 3;NA
DBA;812;DBA;SR;OK;TASK000013298931;Priority 3;NA
DBA;812;DBA;SR;OK;TASK000013298992;Priority 3;NA
FUN;DCF;SEC;SR;OK;TASK000013299001;Priority 3;NA
DBA;812;DBA;CHG;Defect;TASK000013299002;Priority 3;NA
DBA;812;DBA;SR;OK;TASK000013299025;Priority 3;NA
DBA;812;DBA;SR;OK;TASK000013299040;Priority 3;NA
SEC;812;SEC;SR;OK;TASK000013299049;Priority 3;NA
CNC;812;CNC;SR;OK;TASK000013299084;Priority 3;NA
FUN;ETH;FUN;SR;OK;TASK000013299092;Priority 3;NA
DBA;812;DBA;SR;OK;TASK000013299123;Priority 3;NA
DBA;812;DBA;SR;OK;TASK000013299124;Priority 3;NA
DBA;812;DBA;SR;OK;TASK000013299126;Priority 3;NA
DBA;812;DBA;SR;OK;TASK000013299157;Priority 3;NA
DBA;812;DBA;SR;OK;TASK000013299158;Priority 3;NA
SEC;DPY;SEC;SR;OK;TASK000013299265;Priority 3;NA
DBA;812;DBA;SR;OK;TASK000013299316;Priority 3;NA
DBA;812;DBA;SR;OK;TASK000013299340;Priority 3;NA
APS;ETH;APS;SR;OK;TASK000013299397;Priority 3;NA
DBA;812;DBA;SR;OK;TASK000013299406;Priority 3;NA
L1;EDS;MON;SR;OK;TASK000013299583;Priority 3;NA
SEC;BWI;SEC;SR;OK;TASK000013299636;Priority 4;NA
L1;812;MON;SR;OK;TASK000013299657;Priority 3;NA
SEC;CAN;SEC;SR;OK;TASK000013299684;Priority 3;NA
SEC;EMS;SEC;SR;OK;TASK000013299701;Priority 3;NA
SEC;BWI;SEC;SR;OK;TASK000013299708;Priority 4;NA
DBA;812;DBA;SR;OK;TASK000013299802;Priority 3;NA
L1;812;MON;SR;OK;TASK000013299808;Priority 3;NA
FUN;DCF;FUN;SR;Defect;TASK000013299813;Priority 3;NA
SEC;OXE;SEC;SR;OK;TASK000013299843;Priority 3;NA
SEC;EDS;SEC;SR;OK;TASK000013299873;Priority 3;NA
FUN;812;FUN;SR;OK;TASK000013299876;Priority 4;NA
SEC;EES;SEC;SR;OK;TASK000013299930;Priority 3;NA
SEC;DXE;SEC;SR;OK;TASK000013299960;Priority 3;NA
SEC;812;SEC;SR;OK;TASK000013299995;Priority 3;NA
DBA;812;DBA;CHG;Defect;TASK000013300013;Priority 3;NA
APS;EES;APS;SR;OK;TASK000013300101;Priority 3;NA
DBA;812;DBA;SR;OK;TASK000013300106;Priority 3;NA
APS;EES;APS;SR;OK;TASK000013300109;Priority 3;NA
SEC;OXE;SEC;SR;OK;TASK000013300117;Priority 3;NA
APS;ETH;APS;SR;OK;TASK000013300146;Priority 3;NA
APS;ETH;APS;SR;OK;TASK000013300169;Priority 3;NA
APS;ETH;APS;SR;OK;TASK000013300198;Priority 3;NA
DBA;812;DBA;CHG;Defect;TASK000013300230;Priority 3;NA
DBA;812;DBA;SR;OK;TASK000013300284;Priority 3;NA
FUN;DCF;FUN;SR;Defect;TASK000013300362;Priority 3;NA
SEC;BWI;SEC;SR;OK;TASK000013300435;Priority 4;NA
L1;EDS;MON;SR;OK;TASK000013300547;Priority 3;NA
SEC;DCF;SEC;SR;OK;TASK000013300698;Priority 3;NA
SEC;LAT;SEC;SR;OK;TASK000013300704;Priority 4;NA
SEC;MNT;SEC;SR;OK;TASK000013300745;Priority 3;NA
SEC;BWI;SEC;SR;OK;TASK000013300748;Priority 4;NA
SEC;MNT;SEC;SR;OK;TASK000013300853;Priority 3;NA
SEC;BWI;SEC;SR;OK;TASK000013300920;Priority 4;NA
SEC;BWI;SEC;SR;OK;TASK000013301025;Priority 4;NA
MNT;MNT;FUN;SR;OK;TASK000013301168;Priority 4;NA
FUN;812;FUN;SR;OK;TASK000013301241;Priority 4;NA
FUN;LAT;FUN;SR;Defect;TASK000013301250;Priority 3;NA
DBA;812;DBA;SR;OK;TASK000013301848;Priority 3;NA
SEC;812;SEC;SR;OK;TASK000013302015;Priority 3;NA
SEC;812;SEC;SR;OK;TASK000013302207;Priority 3;NA
L1;BWI;L1 ;SR;OK;TASK000013302212;Priority 3;NA
APS;ETH;APS;SR;OK;TASK000013302266;Priority 3;NA
FUN;812;FUN;SR;OK;TASK000013302277;Priority 3;NA
L1;812;MON;SR;OK;TASK000013302311;Priority 3;NA
APS;DCF;APS;SR;OK;TASK000013302323;Priority 3;NA
DBA;812;DBA;SR;OK;TASK000013302423;Priority 3;NA
DBA;812;DBA;SR;OK;TASK000013302471;Priority 3;NA
SEC;812;SEC;SR;OK;TASK000013302484;Priority 3;NA
SEC;812;SEC;SR;OK;TASK000013302596;Priority 3;NA
SEC;OXE;SEC;SR;OK;TASK000013302600;Priority 3;NA
DBA;812;DBA;CHG;Defect;TASK000013302641;Priority 3;NA
SEC;EMS;SEC;SR;OK;TASK000013302664;Priority 3;NA
SEC;EMS;SEC;SR;OK;TASK000013302683;Priority 3;NA
APS;ETH;APS;SR;OK;TASK000013302711;Priority 3;NA
FUN;DCF;SEC;SR;OK;TASK000013302775;Priority 4;NA
L1;812;MON;SR;OK;TASK000013302814;Priority 3;NA
SEC;BWI;SEC;SR;OK;TASK000013302820;Priority 4;NA
FUN;WS;FUN;SR;OK;TASK000013302825;Priority 4;NA
SEC;BWI;SEC;SR;OK;TASK000013302832;Priority 4;NA
FIN;812;FUN;SR;OK;TASK000013302894;Priority 4;NA
SEC;812;SEC;SR;OK;TASK000013302903;Priority 3;NA
SEC;BWI;SEC;SR;OK;TASK000013302914;Priority 4;NA
SEC;BWI;SEC;SR;OK;TASK000013302960;Priority 4;NA
SEC;DXE;SEC;SR;OK;TASK000013303002;Priority 3;NA
CNC;LAT;L1 ;SR;OK;TASK000013303030;Priority 3;NA
FUN;812;FUN;SR;OK;TASK000013303031;Priority 3;NA
FUN;DCF;FUN;SR;OK;TASK000013303115;Priority 3;NA
SEC;812;SEC;SR;OK;TASK000013303127;Priority 3;NA
SEC;812;SEC;SR;OK;TASK000013303130;Priority 3;NA
FUN;812;FUN;SR;OK;TASK000013303156;Priority 3;NA
DBA;812;DBA;SR;OK;TASK000013303177;Priority 3;NA
SEC;BWI;SEC;SR;OK;TASK000013303206;Priority 4;NA
SEC;812;SEC;SR;OK;TASK000013303250;Priority 3;NA
DBA;812;DBA;SR;OK;TASK000013303351;Priority 3;NA
FUN;DCF;FUN;SR;OK;TASK000013303374;Priority 3;NA
APS;ETH;APS;SR;OK;TASK000013303452;Priority 3;NA
SEC;BWI;SEC;SR;OK;TASK000013303494;Priority 4;NA
FUN;812;FUN;SR;OK;TASK000013303505;Priority 3;NA
FUN;DCF;SEC;SR;OK;TASK000013303515;Priority 3;NA
SEC;BWI;SEC;SR;OK;TASK000013303518;Priority 4;NA
APS;ETH;APS;SR;OK;TASK000013303519;Priority 3;NA
SEC;812;SEC;SR;OK;TASK000013303575;Priority 3;NA
DBA;812;DBA;SR;OK;TASK000013303580;Priority 3;NA
SEC;CAN;SEC;SR;OK;TASK000013303603;Priority 3;NA
L1;BWI;L1 ;SR;OK;TASK000013303665;Priority 3;NA
DBA;812;DBA;SR;OK;TASK000013303666;Priority 3;NA
DBA;812;DBA;SR;OK;TASK000013303676;Priority 3;NA
DBA;812;DBA;SR;OK;TASK000013303694;Priority 3;NA
L1;BWI;L1 ;SR;OK;TASK000013303696;Priority 3;NA
SEC;BWI;SEC;SR;OK;TASK000013303698;Priority 4;NA
SEC;BWI;SEC;SR;OK;TASK000013303711;Priority 4;NA
SEC;BWI;SEC;SR;OK;TASK000013303756;Priority 4;NA
L1;BWI;L1 ;SR;OK;TASK000013303759;Priority 3;NA
SEC;812;SEC;SR;OK;TASK000013303796;Priority 3;NA
FUN;DXE;FUN;SR;OK;TASK000013303799;Priority 4;NA
SEC;812;SEC;SR;OK;TASK000013303820;Priority 3;NA
APS;EES;APS;SR;OK;TASK000013303837;Priority 4;NA
CNC;ETH;CNC;SR;OK;TASK000013303865;Priority 3;NA
SEC;812;SEC;SR;OK;TASK000013303942;Priority 3;NA
SEC;DXE;SEC;SR;OK;TASK000013303956;Priority 3;NA
SEC;BWI;SEC;SR;OK;TASK000013304016;Priority 4;NA
SEC;812;SEC;SR;OK;TASK000013304049;Priority 3;NA
SEC;WS;SEC;SR;OK;TASK000013304052;Priority 3;NA
SEC;812;SEC;SR;OK;TASK000013304058;Priority 3;NA
DBA;812;DBA;CHG;Defect;TASK000013304060;Priority 3;NA
SEC;812;SEC;SR;OK;TASK000013304070;Priority 3;NA
CNC;ETH;TEC;SR;OK;TASK000013304131;Priority 3;NA
SEC;BWI;SEC;SR;OK;TASK000013304138;Priority 4;NA
SEC;BWI;SEC;SR;OK;TASK000013304155;Priority 4;NA
DBA;812;DBA;SR;OK;TASK000013304175;Priority 3;NA
CNC;ETH;CNC;SR;OK;TASK000013304186;Priority 3;NA
SEC;BWI;SEC;SR;OK;TASK000013304250;Priority 4;NA
FUN;EDS;FUN;SR;OK;TASK000013304347;Priority 3;NA
FUN;WS;FUN;SR;OK;TASK000013304348;Priority 4;NA
SEC;DCF;SEC;SR;OK;TASK000013304381;Priority 4;NA
SEC;CAN;SEC;SR;OK;TASK000013304470;Priority 3;NA
SEC;ETH;SEC;SR;OK;TASK000013304484;Priority 3;NA
SEC;BWI;SEC;SR;OK;TASK000013304504;Priority 4;NA
SEC;BWI;SEC;SR;OK;TASK000013304522;Priority 4;NA
APS;EES;APS;SR;OK;TASK000013304551;Priority 4;NA
APS;EES;APS;SR;OK;TASK000013304555;Priority 4;NA
APS;EES;APS;SR;OK;TASK000013304565;Priority 4;NA
APS;EES;APS;SR;OK;TASK000013304574;Priority 4;NA
SEC;BWI;SEC;SR;OK;TASK000013304746;Priority 4;NA
CNC;812;L1 ;SR;OK;TASK000013304941;Priority 3;NA
FUN;MNT;FUN;SR;Defect;TASK000013304991;Priority 4;NA
SEC;MNT;SEC;SR;OK;TASK000013305008;Priority 3;NA
FUN;MNT;FUN;SR;OK;TASK000013305010;Priority 4;NA
FUN;MNT;FUN;SR;OK;TASK000013305021;Priority 3;NA
FUN;MNT;FUN;SR;OK;TASK000013305043;Priority 3;NA
SEC;CAN;SEC;SR;OK;TASK000013305117;Priority 3;NA
FUN;812;FUN;SR;OK;TASK000013305130;Priority 4;NA
FUN;812;FUN;SR;OK;TASK000013305137;Priority 4;NA
APS;ETH;APS;SR;OK;TASK000013305144;Priority 3;NA
SCH;LAT;SCH;SR;OK;TASK000013305280;Priority 3;NA
SCH;LAT;SCH;SR;OK;TASK000013305284;Priority 3;NA
SCH;LAT;SCH;SR;OK;TASK000013305293;Priority 3;NA
SCH;LAT;SCH;SR;OK;TASK000013305347;Priority 4;NA
SCH;LAT;SCH;SR;OK;TASK000013305351;Priority 4;NA
SEC;BWI;SEC;SR;OK;TASK000013305491;Priority 4;NA
L1;BWI;L1 ;SR;OK;TASK000013305501;Priority 4;NA
L1;812;MON;SR;OK;TASK000013305685;Priority 3;NA
FUN;DCF;SEC;SR;OK;TASK000013305756;Priority 3;NA
SEC;812;SEC;SR;OK;TASK000013305842;Priority 3;NA
FUN;COR;FUN;SR;OK;TASK000013305854;Priority 3;NA
DBA;812;DBA;SR;OK;TASK000013305953;Priority 3;NA
DBA;812;DBA;SR;OK;TASK000013306029;Priority 3;NA
DBA;812;DBA;SR;OK;TASK000013306030;Priority 3;NA
L1;BWI;L1 ;SR;OK;TASK000013306123;Priority 4;NA
APS;ETH;APS;SR;OK;TASK000013306170;Priority 3;NA
FUN;812;FUN;SR;OK;TASK000013306172;Priority 3;NA
CNC;ETH;TEC;SR;OK;TASK000013306186;Priority 3;NA
SEC;EMS;SEC;SR;OK;TASK000013306212;Priority 3;NA
SEC;OXE;SEC;SR;OK;TASK000013306220;Priority 3;NA
SEC;DXE;SEC;SR;OK;TASK000013306274;Priority 3;NA
DBA;812;DBA;SR;OK;TASK000013306359;Priority 3;NA
DBA;812;DBA;SR;OK;TASK000013306387;Priority 3;NA
SEC;MNT;SEC;SR;OK;TASK000013306410;Priority 3;NA
APS;DCF;APS;SR;OK;TASK000013306421;Priority 3;NA
SEC;812;SEC;SR;OK;TASK000013306468;Priority 3;NA
SEC;EMS;SEC;SR;OK;TASK000013306516;Priority 3;NA
DBA;812;DBA;SR;OK;TASK000013306520;Priority 3;NA
SEC;812;SEC;SR;OK;TASK000013306534;Priority 3;NA
SEC;812;SEC;SR;OK;TASK000013306561;Priority 3;NA
SEC;812;SEC;SR;OK;TASK000013306692;Priority 3;NA
SEC;812;SEC;SR;OK;TASK000013306693;Priority 3;NA
SEC;OXE;SEC;SR;OK;TASK000013306740;Priority 3;NA
L1;BWI;L1 ;SR;OK;TASK000013306819;Priority 3;NA
SEC;812;SEC;SR;OK;TASK000013306853;Priority 3;NA
SEC;812;SEC;SR;OK;TASK000013306873;Priority 3;NA
SEC;812;SEC;SR;OK;TASK000013306879;Priority 3;NA
SEC;812;SEC;SR;OK;TASK000013306898;Priority 3;NA
SEC;812;SEC;SR;OK;TASK000013306950;Priority 3;NA
CNC;OXE;L1 ;SR;Defect;TASK000013306958;Priority 3;NA
FUN;812;FUN;SR;OK;TASK000013306977;Priority 4;NA
APS;ETH;APS;SR;OK;TASK000013307051;Priority 3;NA
L1;812;MON;SR;OK;TASK000013307058;Priority 3;NA
DBA;812;DBA;CHG;Defect;TASK000013307062;Priority 3;NA
DBA;812;DBA;SR;OK;TASK000013307109;Priority 3;NA
SEC;OXE;SEC;SR;OK;TASK000013307150;Priority 3;NA
APS;ETH;APS;SR;OK;TASK000013307161;Priority 3;NA
SEC;812;SEC;SR;OK;TASK000013307185;Priority 3;NA
APS;ETH;APS;SR;OK;TASK000013307227;Priority 3;NA
SEC;812;SEC;SR;OK;TASK000013307238;Priority 3;NA
SEC;BWI;SEC;SR;OK;TASK000013307251;Priority 4;NA
SEC;DXE;SEC;SR;OK;TASK000013307257;Priority 3;NA
DBA;812;DBA;SR;OK;TASK000013307381;Priority 3;NA
SEC;EMS;SEC;SR;OK;TASK000013307393;Priority 3;NA
DBA;812;DBA;SR;OK;TASK000013307420;Priority 3;NA
SEC;812;SEC;SR;OK;TASK000013307455;Priority 3;NA
L1;BWI;L1 ;INC;OK;TASK000013307474;Priority 3;NA
SEC;812;SEC;SR;OK;TASK000013307481;Priority 3;NA
CNC;ETH;CNC;SR;OK;TASK000013307511;Priority 3;NA
APS;ETH;APS;SR;OK;TASK000013307519;Priority 3;NA
SEC;812;SEC;SR;OK;TASK000013307529;Priority 3;NA
SEC;BWI;SEC;SR;OK;TASK000013307601;Priority 4;NA
CNC;OXE;CNC;SR;OK;TASK000013307685;Priority 3;NA
CNC;OXE;CNC;SR;OK;TASK000013307692;Priority 3;NA
SEC;BWI;SEC;SR;OK;TASK000013307752;Priority 4;NA
L1;BWI;L1 ;SR;OK;TASK000013307810;Priority 3;NA
SEC;812;SEC;SR;OK;TASK000013307866;Priority 3;NA
SEC;BWI;SEC;SR;OK;TASK000013307900;Priority 4;NA
SEC;BWI;SEC;SR;OK;TASK000013307903;Priority 4;NA
SEC;MNT;SEC;SR;OK;TASK000013308370;Priority 3;NA
SEC;BWI;SEC;SR;OK;TASK000013308454;Priority 4;NA
SEC;BWI;SEC;SR;OK;TASK000013308460;Priority 4;NA
SEC;DCF;SEC;SR;Defect;TASK000013308467;Priority 4;NA
FUN;DCF;SEC;SR;OK;TASK000013308517;Priority 3;NA
FUN;DCF;SEC;SR;OK;TASK000013308526;Priority 3;NA
SEC;DCF;SEC;SR;OK;TASK000013308574;Priority 3;NA
L1;BWI;L1 ;SR;OK;TASK000013308612;Priority 3;NA
FUN;CAN;FUN;SR;OK;TASK000013308752;Priority 3;NA
CNC;DCF;CNC;SR;OK;TASK000013308839;Priority 3;NA
SCH;LAT;SCH;SR;OK;TASK000013308880;Priority 3;NA
CNC;ETH;CNC;SR;OK;TASK000013309137;Priority 3;NA
SEC;WS;SEC;SR;OK;TASK000013309394;Priority 3;NA
DBA;812;DBA;SR;OK;TASK000013309667;Priority 3;NA
APS;ETH;APS;SR;OK;TASK000013309705;Priority 3;NA
SEC;OXE;SEC;SR;OK;TASK000013309746;Priority 3;NA
CNC;812;CNC;SR;OK;TASK000013309815;Priority 3;NA
SEC;OXE;SEC;SR;OK;TASK000013309853;Priority 3;NA
APS;ETH;APS;SR;OK;TASK000013310006;Priority 3;NA
SEC;812;SEC;SR;OK;TASK000013310114;Priority 3;NA
FUN;812;FUN;SR;OK;TASK000013310149;Priority 3;NA
CNC;LAT;L1 ;SR;OK;TASK000013310238;Priority 3;NA
OPS;EMS;OPS;SR;OK;TASK000013310267;Priority 3;NA
DBA;812;DBA;SR;OK;TASK000013310308;Priority 3;NA
SEC;812;SEC;SR;OK;TASK000013310336;Priority 3;NA
DBA;812;DBA;SR;OK;TASK000013310411;Priority 3;NA
SEC;812;SEC;SR;OK;TASK000013310427;Priority 3;NA
DBA;812;DBA;SR;OK;TASK000013310441;Priority 3;NA
DBA;812;DBA;SR;Defect;TASK000013310461;Priority 3;NA
SEC;EMS;SEC;SR;OK;TASK000013310493;Priority 3;NA
DBA;812;DBA;SR;OK;TASK000013310547;Priority 3;NA
SEC;812;SEC;SR;OK;TASK000013310555;Priority 3;NA
SEC;812;SEC;SR;OK;TASK000013310676;Priority 3;NA
SEC;812;SEC;SR;OK;TASK000013310699;Priority 3;NA
SEC;812;SEC;SR;OK;TASK000013310721;Priority 3;NA
APS;EES;APS;SR;OK;TASK000013310788;Priority 4;NA
SEC;812;SEC;SR;OK;TASK000013310805;Priority 3;NA
SEC;BWI;SEC;SR;OK;TASK000013310813;Priority 4;NA
CNC;BWI;L1 ;SR;OK;TASK000013310924;Priority 3;NA
APS;EES;APS;SR;OK;TASK000013310953;Priority 4;NA
APS;EES;APS;SR;OK;TASK000013310958;Priority 4;NA
FUN;EES;FUN;SR;OK;TASK000013310970;Priority 4;NA
SEC;CAN;SEC;SR;OK;TASK000013311066;Priority 3;NA
SEC;812;SEC;SR;OK;TASK000013311076;Priority 3;NA
SEC;CAN;SEC;SR;OK;TASK000013311081;Priority 3;NA
FUN;EES;FUN;SR;OK;TASK000013311093;Priority 4;NA
SEC;812;SEC;SR;OK;TASK000013311198;Priority 3;NA
SEC;812;SEC;SR;OK;TASK000013311202;Priority 3;NA
CNC;CAN;CNC;SR;OK;TASK000013311232;Priority 3;NA
SEC;812;SEC;SR;OK;TASK000013311278;Priority 3;NA
SEC;812;SEC;SR;OK;TASK000013311346;Priority 3;NA
SEC;812;SEC;SR;OK;TASK000013311363;Priority 3;NA
SEC;812;SEC;SR;OK;TASK000013311397;Priority 3;NA
SEC;812;SEC;SR;OK;TASK000013311475;Priority 3;NA
CNC;ETH;CNC;SR;OK;TASK000013311528;Priority 3;NA
SCH;LAT;SCH;SR;OK;TASK000013311574;Priority 3;NA
SEC;BWI;SEC;SR;OK;TASK000013311610;Priority 4;NA
SEC;LAT;SEC;SR;OK;TASK000013311626;Priority 3;NA
SEC;812;SEC;SR;OK;TASK000013311643;Priority 3;NA
SEC;CAN;SEC;SR;OK;TASK000013311676;Priority 3;NA
SCH;LAT;SCH;SR;OK;TASK000013311711;Priority 3;NA
SEC;DXE;SEC;SR;OK;TASK000013311750;Priority 3;NA
FUN;ETH;FUN;SR;OK;TASK000013311804;Priority 3;NA
CNC;812;L1 ;SR;OK;TASK000013311828;Priority 3;NA
SEC;MNT;SEC;SR;OK;TASK000013312043;Priority 3;NA
SEC;MNT;SEC;SR;OK;TASK000013312050;Priority 3;NA
SEC;MNT;SEC;SR;OK;TASK000013312054;Priority 3;NA
SEC;MNT;SEC;SR;OK;TASK000013312062;Priority 3;NA
APS;ETH;APS;SR;OK;TASK000013312075;Priority 3;NA
APS;EES;APS;SR;OK;TASK000013312175;Priority 3;NA
APS;ETH;APS;SR;OK;TASK000013312181;Priority 3;NA
APS;ETH;APS;SR;OK;TASK000013312194;Priority 3;NA
L1;BWI;L1 ;SR;OK;TASK000013312195;Priority 4;NA
OPS;EMS;OPS;SR;OK;TASK000013312258;Priority 4;NA
OPS;EMS;OPS;SR;OK;TASK000013312273;Priority 3;NA
SEC;BWI;SEC;SR;OK;TASK000013312325;Priority 4;NA
SEC;BWI;SEC;SR;OK;TASK000013312376;Priority 4;NA
SEC;BWI;SEC;SR;OK;TASK000013312435;Priority 4;NA
SEC;BWI;SEC;SR;OK;TASK000013312465;Priority 4;NA
SEC;BWI;SEC;SR;OK;TASK000013312485;Priority 4;NA
SEC;ETH;SEC;SR;OK;TASK000013312497;Priority 3;NA
SEC;BWI;SEC;SR;OK;TASK000013312506;Priority 4;NA
SEC;ETH;SEC;SR;OK;TASK000013312531;Priority 3;NA
SEC;ETH;SEC;SR;OK;TASK000013312567;Priority 3;NA
L1;BWI;MON;SR;OK;TASK000013312717;Priority 3;NA
L1;BWI;MON;SR;OK;TASK000013312740;Priority 3;NA
L1;BWI;L1 ;SR;OK;TASK000013312786;Priority 3;NA
SEC;MNT;SEC;SR;OK;TASK000013312953;Priority 3;NA
SEC;MNT;SEC;SR;OK;TASK000013312967;Priority 3;NA
L1;812;MON;SR;OK;TASK000013312989;Priority 4;NA
SEC;EMS;SEC;SR;OK;TASK000013313185;Priority 3;NA
SEC;EMS;SEC;SR;OK;TASK000013313192;Priority 3;NA
SEC;812;SEC;SR;OK;TASK000013313425;Priority 3;NA
DBA;812;DBA;SR;OK;TASK000013313436;Priority 3;NA
SEC;812;SEC;SR;OK;TASK000013313666;Priority 3;NA
CNC;812;L1 ;SR;OK;TASK000013313671;Priority 3;NA
FUN;812;FUN;SR;OK;TASK000013313827;Priority 3;NA
SEC;812;SEC;SR;OK;TASK000013313858;Priority 3;NA
SEC;812;SEC;SR;OK;TASK000013313865;Priority 3;NA
SEC;812;SEC;SR;OK;TASK000013313870;Priority 3;NA
SEC;812;SEC;SR;OK;TASK000013313872;Priority 3;NA
SEC;DXE;SEC;SR;OK;TASK000013313873;Priority 3;NA
SEC;812;SEC;SR;OK;TASK000013313878;Priority 3;NA
SEC;812;SEC;SR;OK;TASK000013313881;Priority 3;NA
APS;EES;APS;SR;OK;TASK000013313885;Priority 4;NA
SCH;LAT;SCH;SR;OK;TASK000013314002;Priority 3;NA
SEC;DXE;SEC;SR;OK;TASK000013314008;Priority 3;NA
SEC;DXE;SEC;SR;OK;TASK000013314038;Priority 3;NA
SEC;812;SEC;SR;OK;TASK000013314165;Priority 3;NA
SEC;BWI;SEC;SR;OK;TASK000013314178;Priority 4;NA
L1;812;MON;SR;OK;TASK000013314208;Priority 3;NA
DBA;812;DBA;SR;OK;TASK000013314265;Priority 3;NA
SEC;DPY;SEC;SR;OK;TASK000013314295;Priority 3;NA
SEC;OXE;SEC;SR;OK;TASK000013314306;Priority 3;NA
SEC;812;SEC;SR;OK;TASK000013314351;Priority 3;NA
APS;ETH;APS;SR;OK;TASK000013314384;Priority 3;NA
SEC;WS;SEC;SR;OK;TASK000013314503;Priority 3;NA
APS;ETH;APS;SR;OK;TASK000013314504;Priority 3;NA
APS;ETH;APS;SR;OK;TASK000013314538;Priority 3;NA
SEC;DCF;SEC;SR;OK;TASK000013314540;Priority 3;NA
SEC;CAN;SEC;SR;OK;TASK000013314570;Priority 3;NA
SEC;CAN;SEC;SR;OK;TASK000013314579;Priority 3;NA
SEC;BWI;SEC;SR;OK;TASK000013314590;Priority 4;NA
SEC;BWI;SEC;SR;OK;TASK000013314608;Priority 4;NA
SEC;MNT;SEC;SR;OK;TASK000013314610;Priority 3;NA
SEC;BWI;SEC;SR;OK;TASK000013314669;Priority 4;NA
SEC;ETH;SEC;SR;OK;TASK000013314707;Priority 3;NA
SEC;BWI;SEC;SR;OK;TASK000013314881;Priority 4;NA
SEC;DPY;SEC;SR;OK;TASK000013314922;Priority 3;NA
APS;DCF;APS;SR;Defect;TASK000013314998;Priority 3;NA
SEC;LAT;SEC;SR;OK;TASK000013315000;Priority 4;NA
APS;ETH;APS;SR;OK;TASK000013315001;Priority 3;NA
SEC;812;SEC;SR;OK;TASK000013315011;Priority 3;NA
CNC;DPY;CNC;SR;OK;TASK000013315054;Priority 3;NA
SEC;ETH;SEC;SR;OK;TASK000013315105;Priority 3;NA
SEC;ETH;SEC;SR;OK;TASK000013315147;Priority 3;NA
SEC;ETH;SEC;SR;OK;TASK000013315245;Priority 3;NA
SEC;BWI;SEC;SR;Defect;TASK000013315295;Priority 4;NA
SCH;LAT;SCH;SR;OK;TASK000013315336;Priority 4;NA
SEC;ETH;SEC;SR;OK;TASK000013315360;Priority 3;NA
SEC;BWI;SEC;SR;Defect;TASK000013315368;Priority 4;NA
SEC;ETH;SEC;SR;OK;TASK000013315385;Priority 3;NA
DCF;DCF;FUN;SR;Defect;TASK000013315420;Priority 3;NA
SEC;ETH;SEC;SR;OK;TASK000013315433;Priority 3;NA
SEC;ETH;SEC;SR;OK;TASK000013315470;Priority 3;NA
SEC;BWI;SEC;SR;OK;TASK000013315496;Priority 4;NA
SEC;ETH;SEC;SR;OK;TASK000013315550;Priority 3;NA
SEC;ETH;SEC;SR;OK;TASK000013315568;Priority 3;NA
SEC;ETH;SEC;SR;OK;TASK000013315590;Priority 3;NA
SEC;ETH;SEC;SR;OK;TASK000013315603;Priority 3;NA
SEC;ETH;SEC;SR;OK;TASK000013315609;Priority 3;NA
SEC;CAN;SEC;SR;OK;TASK000013315667;Priority 3;NA
L1;812;MON;SR;OK;TASK000013315735;Priority 3;NA
SEC;ETH;SEC;SR;OK;TASK000013315885;Priority 3;NA
SEC;ETH;SEC;SR;OK;TASK000013315890;Priority 3;NA
SEC;CAN;SEC;SR;OK;TASK000013315899;Priority 3;NA
CNC;812;MON;SR;OK;TASK000013316042;Priority 3;NA
L1;BWI;L1 ;SR;OK;TASK000013316384;Priority 3;NA
SEC;WS;SEC;SR;Defect;TASK000013316499;Priority 3;NA
FUN;WS;FUN;SR;OK;TASK000013316507;Priority 4;NA
CNC;EES;CNC;SR;OK;TASK000013316566;Priority 3;NA
CNC;EES;CNC;SR;OK;TASK000013316620;Priority 3;NA
FUN;COR;FUN;SR;OK;TASK000013316888;Priority 3;NA
CNC;DCF;CNC;SR;OK;TASK000013317023;Priority 3;NA
CNC;BWI;CNC;SR;OK;TASK000013317029;Priority 3;NA
DBA;812;DBA;SR;OK;TASK000013317523;Priority 3;NA
DBA;812;DBA;SR;OK;TASK000013317659;Priority 3;NA
APS;ETH;APS;SR;OK;TASK000013317668;Priority 3;NA
FUN;DCF;FUN;SR;OK;TASK000013317683;Priority 3;NA
DBA;812;DBA;SR;OK;TASK000013317833;Priority 3;NA
SEC;812;SEC;SR;OK;TASK000013317887;Priority 3;NA
APS;ETH;APS;SR;OK;TASK000013317972;Priority 3;NA
SEC;DCF;SEC;SR;Defect;TASK000013317978;Priority 4;NA
SEC;812;SEC;SR;OK;TASK000013318103;Priority 3;NA
SEC;812;SEC;SR;OK;TASK000013318115;Priority 3;NA
FUN;WS;FUN;SR;OK;TASK000013318229;Priority 4;NA
FUN;COR;FUN;SR;OK;TASK000013318243;Priority 3;NA
SEC;WS;SEC;SR;OK;TASK000013318283;Priority 3;NA
SEC;812;SEC;SR;OK;TASK000013318293;Priority 3;NA
SEC;812;SEC;SR;OK;TASK000013318300;Priority 3;NA
L1;812;MON;SR;OK;TASK000013318372;Priority 3;NA
SEC;BWI;SEC;SR;Defect;TASK000013318461;Priority 4;NA
DBA;812;DBA;CHG;Defect;TASK000013318510;Priority 3;NA
DBA;812;DBA;SR;OK;TASK000013318531;Priority 3;NA
SEC;WS;SEC;SR;OK;TASK000013318584;Priority 3;NA
L1;EDS;MON;SR;OK;TASK000013318616;Priority 3;NA
SEC;812;SEC;SR;OK;TASK000013318672;Priority 3;NA
SEC;812;SEC;SR;OK;TASK000013318716;Priority 3;NA
SEC;812;SEC;SR;OK;TASK000013318748;Priority 3;NA
SEC;DPY;SEC;SR;OK;TASK000013318784;Priority 3;NA
FUN;812;FUN;INC;OK;TASK000013318827;Priority 3;NA
SEC;812;SEC;SR;OK;TASK000013318914;Priority 3;NA
SEC;BWI;SEC;SR;OK;TASK000013318943;Priority 4;NA
FUN;WS;FUN;SR;OK;TASK000013319057;Priority 4;NA
APS;EES;APS;SR;OK;TASK000013319097;Priority 4;NA
APS;EES;APS;SR;OK;TASK000013319098;Priority 4;NA
DBA;812;DBA;SR;OK;TASK000013319203;Priority 3;NA
SEC;BWI;SEC;SR;OK;TASK000013319367;Priority 4;NA
DBA;812;DBA;SR;OK;TASK000013319368;Priority 3;NA
SEC;812;SEC;SR;OK;TASK000013319437;Priority 3;NA
FUN;812;FUN;SR;OK;TASK000013319467;Priority 4;NA
SEC;812;SEC;SR;OK;TASK000013319495;Priority 3;NA
SEC;BWI;SEC;SR;OK;TASK000013319539;Priority 4;NA
SCH;LAT;SCH;SR;OK;TASK000013319615;Priority 3;NA
SEC;812;SEC;SR;OK;TASK000013319641;Priority 3;NA
SEC;812;SEC;SR;OK;TASK000013319750;Priority 3;NA
SEC;MNT;SEC;SR;OK;TASK000013319931;Priority 3;NA
SEC;MNT;SEC;SR;OK;TASK000013319950;Priority 3;NA
SEC;812;SEC;SR;OK;TASK000013319974;Priority 3;NA
APS;ETH;APS;SR;OK;TASK000013320009;Priority 3;NA
SEC;BWI;SEC;SR;OK;TASK000013320033;Priority 4;NA
SEC;BWI;SEC;SR;OK;TASK000013320212;Priority 4;NA
SEC;BWI;SEC;SR;OK;TASK000013320222;Priority 4;NA
APS;EES;APS;SR;OK;TASK000013320454;Priority 4;NA
SEC;BWI;SEC;SR;OK;TASK000013320532;Priority 4;NA
DBA;812;DBA;SR;OK;TASK000013320703;Priority 3;NA
L1;BWI;L1 ;SR;OK;TASK000013320711;Priority 3;NA
CNC;DPY;CNC;SR;OK;TASK000013320771;Priority 3;NA
L1;BWI;L1 ;SR;OK;TASK000013320809;Priority 3;NA
DBA;812;DBA;SR;OK;TASK000013321508;Priority 3;NA
APS;ETH;APS;SR;OK;TASK000013321570;Priority 3;NA
DBA;812;DBA;SR;OK;TASK000013321664;Priority 3;NA
DBA;812;DBA;SR;OK;TASK000013321743;Priority 3;NA
SEC;812;SEC;SR;OK;TASK000013321968;Priority 3;NA
L1;812;MON;SR;OK;TASK000013321973;Priority 3;NA
SEC;EMS;SEC;SR;OK;TASK000013322012;Priority 3;NA
DBA;812;DBA;SR;OK;TASK000013322082;Priority 3;NA
FUN;DCF;FUN;SR;Defect;TASK000013322108;Priority 3;NA
DBA;812;DBA;SR;OK;TASK000013322127;Priority 3;NA
APS;ETH;APS;SR;OK;TASK000013322187;Priority 3;NA
SEC;812;SEC;SR;OK;TASK000013322265;Priority 3;NA
SEC;812;SEC;SR;OK;TASK000013322269;Priority 3;NA
SEC;812;SEC;SR;OK;TASK000013322575;Priority 3;NA
SEC;DXE;SEC;SR;OK;TASK000013322598;Priority 3;NA
SEC;DXE;SEC;SR;OK;TASK000013322606;Priority 3;NA
DBA;812;DBA;SR;OK;TASK000013322620;Priority 3;NA
APS;ETH;APS;SR;OK;TASK000013322653;Priority 4;NA
DBA;812;DBA;SR;OK;TASK000013322668;Priority 3;NA
DBA;812;DBA;SR;OK;TASK000013322669;Priority 3;NA
SEC;812;SEC;SR;OK;TASK000013322695;Priority 3;NA
DBA;812;DBA;SR;OK;TASK000013322729;Priority 3;NA
SEC;812;SEC;SR;OK;TASK000013322889;Priority 3;NA
FUN;DCF;SEC;SR;OK;TASK000013322911;Priority 3;NA
SEC;812;SEC;SR;OK;TASK000013322930;Priority 3;NA
L1;BWI;L1 ;SR;OK;TASK000013322978;Priority 3;NA
DBA;812;DBA;SR;OK;TASK000013323095;Priority 3;NA
L1;EDS;MON;SR;OK;TASK000013323122;Priority 3;NA
FIN;812;FUN;SR;OK;TASK000013323136;Priority 3;NA
SEC;MNT;SEC;SR;OK;TASK000013323168;Priority 3;NA
DBA;812;DBA;SR;OK;TASK000013323179;Priority 3;NA
SEC;812;SEC;SR;OK;TASK000013323203;Priority 3;NA
SEC;MNT;SEC;SR;OK;TASK000013323224;Priority 3;NA
SEC;MNT;SEC;SR;OK;TASK000013323263;Priority 3;NA
SEC;MNT;SEC;SR;OK;TASK000013323321;Priority 3;NA
SEC;DXE;SEC;SR;OK;TASK000013323331;Priority 3;NA
SEC;BWI;SEC;SR;OK;TASK000013323421;Priority 4;NA
DBA;812;DBA;SR;OK;TASK000013323455;Priority 3;NA
CNC;812;CNC;SR;OK;TASK000013323462;Priority 3;NA
DBA;812;DBA;SR;OK;TASK000013323497;Priority 3;NA
SEC;812;SEC;SR;OK;TASK000013323512;Priority 3;NA
SEC;BWI;SEC;SR;OK;TASK000013323513;Priority 4;NA
SEC;BWI;SEC;SR;OK;TASK000013323544;Priority 4;NA
APS;ETH;APS;SR;OK;TASK000013323559;Priority 3;NA
L1;812;MON;SR;OK;TASK000013323672;Priority 3;NA
DBA;812;DBA;SR;OK;TASK000013323695;Priority 3;NA
CNC;ETH;CNC;SR;OK;TASK000013323808;Priority 3;NA
SEC;812;SEC;SR;OK;TASK000013323834;Priority 3;NA
SEC;BWI;SEC;SR;OK;TASK000013323837;Priority 4;NA
SEC;BWI;SEC;SR;OK;TASK000013323911;Priority 4;NA
APS;ETH;APS;SR;OK;TASK000013323937;Priority 3;NA
FUN;DCF;SEC;SR;OK;TASK000013324004;Priority 3;NA
SEC;EMS;SEC;SR;OK;TASK000013324014;Priority 3;NA
SEC;DCF;SEC;SR;OK;TASK000013324015;Priority 3;NA
SEC;BWI;SEC;SR;OK;TASK000013324030;Priority 4;NA
L1;BWI;L1 ;SR;OK;TASK000013324123;Priority 3;NA
FUN;812;FUN;SR;OK;TASK000013324277;Priority 3;NA
SEC;MNT;SEC;SR;OK;TASK000013324322;Priority 3;NA
SEC;ETH;SEC;SR;OK;TASK000013324414;Priority 3;NA
L1;BWI;L1 ;SR;OK;TASK000013324444;Priority 3;NA
SEC;MNT;SEC;SR;OK;TASK000013324452;Priority 3;NA
SEC;EDS;SEC;SR;OK;TASK000013324455;Priority 3;NA
SEC;MNT;SEC;SR;OK;TASK000013324465;Priority 3;NA
SEC;MNT;SEC;SR;OK;TASK000013324482;Priority 3;NA
SEC;MNT;SEC;SR;OK;TASK000013324485;Priority 3;NA
SEC;BWI;SEC;SR;OK;TASK000013324495;Priority 4;NA
SEC;BWI;SEC;SR;OK;TASK000013324585;Priority 4;NA
APS;ETH;APS;SR;OK;TASK000013324985;Priority 4;NA
SEC;BWI;SEC;SR;OK;TASK000013325001;Priority 4;NA
SEC;BWI;SEC;SR;OK;TASK000013325003;Priority 4;NA
SEC;BWI;SEC;SR;OK;TASK000013325081;Priority 4;NA
SEC;OXE;SEC;SR;OK;TASK000013325160;Priority 3;NA
CNC;812;CNC;SR;OK;TASK000013325169;Priority 3;NA
L1;BWI;L1 ;SR;OK;TASK000013325263;Priority 3;NA
APS;ETH;APS;SR;OK;TASK000013325736;Priority 3;NA
SEC;BWI;SEC;SR;OK;TASK000013325827;Priority 4;NA
DBA;812;DBA;SR;OK;TASK000013325926;Priority 3;NA
FUN;DCF;FUN;SR;OK;TASK000013325970;Priority 3;NA
SEC;BWI;SEC;SR;OK;TASK000013325988;Priority 4;NA
SEC;BWI;SEC;SR;OK;TASK000013326006;Priority 4;NA
SEC;BWI;SEC;SR;OK;TASK000013326016;Priority 4;NA
SEC;BWI;SEC;SR;OK;TASK000013326028;Priority 4;NA
SEC;BWI;SEC;SR;OK;TASK000013326045;Priority 4;NA
SEC;BWI;SEC;SR;OK;TASK000013326068;Priority 4;NA
SEC;BWI;SEC;SR;OK;TASK000013326076;Priority 4;NA
DBA;812;DBA;SR;OK;TASK000013326115;Priority 3;NA
SEC;812;SEC;SR;OK;TASK000013326171;Priority 3;NA
DBA;812;DBA;SR;OK;TASK000013326198;Priority 3;NA
DBA;812;DBA;SR;OK;TASK000013326237;Priority 3;NA
FUN;812;FUN;SR;OK;TASK000013326243;Priority 3;NA
SEC;812;SEC;SR;OK;TASK000013326398;Priority 3;NA
SEC;OXE;SEC;SR;OK;TASK000013326431;Priority 3;NA
SEC;812;SEC;SR;OK;TASK000013326445;Priority 3;NA
SEC;812;SEC;SR;OK;TASK000013326524;Priority 3;NA
APS;ETH;APS;SR;OK;TASK000013326540;Priority 3;NA
DBA;812;DBA;SR;OK;TASK000013326624;Priority 3;NA
DBA;812;DBA;CHG;Defect;TASK000013326649;Priority 3;NA
DBA;812;DBA;CHG;OK;TASK000013326656;Priority 3;NA
APS;ETH;APS;SR;OK;TASK000013326669;Priority 3;NA
L1;812;MON;SR;OK;TASK000013326733;Priority 4;NA
L1;812;MON;SR;OK;TASK000013326760;Priority 4;NA
DBA;812;DBA;SR;OK;TASK000013326775;Priority 3;NA
APS;DCF;APS;SR;OK;TASK000013326939;Priority 3;NA
APS;ETH;APS;SR;OK;TASK000013326943;Priority 3;NA
DBA;812;DBA;SR;OK;TASK000013326964;Priority 3;NA
CNC;DCF;CNC;SR;OK;TASK000013327065;Priority 3;NA
SEC;DCF;SEC;SR;OK;TASK000013327069;Priority 3;NA
SEC;812;SEC;SR;OK;TASK000013327071;Priority 3;NA
SEC;812;SEC;SR;OK;TASK000013327082;Priority 3;NA
SEC;OXE;SEC;SR;OK;TASK000013327117;Priority 3;NA
APS;ETH;APS;SR;OK;TASK000013327181;Priority 3;NA
FUN;DCF;SEC;SR;OK;TASK000013327192;Priority 3;NA
APS;ETH;APS;SR;OK;TASK000013327219;Priority 3;NA
APS;ETH;APS;SR;OK;TASK000013327310;Priority 3;NA
SEC;812;SEC;SR;OK;TASK000013327356;Priority 3;NA
SEC;CAN;SEC;SR;OK;TASK000013327391;Priority 3;NA
DBA;812;DBA;SR;OK;TASK000013327432;Priority 3;NA
L1;EDS;MON;SR;OK;TASK000013327469;Priority 3;NA
APS;ETH;APS;SR;OK;TASK000013327527;Priority 3;NA
SEC;812;SEC;SR;OK;TASK000013327594;Priority 3;NA
SEC;812;SEC;SR;OK;TASK000013327606;Priority 3;NA
FUN;COR;FUN;SR;OK;TASK000013327651;Priority 3;NA
FUN;COR;FUN;SR;OK;TASK000013327652;Priority 3;NA
SEC;BWI;SEC;SR;OK;TASK000013327653;Priority 4;NA
SEC;MNT;SEC;SR;OK;TASK000013327663;Priority 3;NA
APS;ETH;APS;SR;OK;TASK000013327683;Priority 3;NA
SEC;DXE;SEC;SR;OK;TASK000013327692;Priority 3;NA
FUN;ETH;FUN;SR;OK;TASK000013327753;Priority 3;NA
L1;812;MON;SR;OK;TASK000013327847;Priority 3;NA
SEC;BWI;SEC;SR;OK;TASK000013327855;Priority 4;NA
SEC;BWI;SEC;SR;OK;TASK000013327889;Priority 4;NA
SEC;BWI;SEC;SR;OK;TASK000013327893;Priority 4;NA
APS;ETH;APS;SR;OK;TASK000013327898;Priority 3;NA
SEC;BWI;SEC;SR;OK;TASK000013327942;Priority 4;NA
LEAD;DCF;FUN;SR;Defect;TASK000013328134;Priority 3;NA
SEC;BWI;SEC;SR;OK;TASK000013328144;Priority 4;NA
MNT;MNT;FUN;SR;OK;TASK000013328162;Priority 3;NA
SEC;DXE;SEC;SR;OK;TASK000013328354;Priority 3;NA
APS;ETH;APS;SR;OK;TASK000013328358;Priority 3;NA
FUN;ETH;FUN;SR;OK;TASK000013328397;Priority 4;NA
SEC;BWI;SEC;SR;OK;TASK000013328544;Priority 4;NA
SEC;MNT;SEC;SR;OK;TASK000013328921;Priority 3;NA
SEC;MNT;SEC;SR;OK;TASK000013328943;Priority 3;NA
APS;ETH;APS;SR;OK;TASK000013329007;Priority 4;NA
SEC;BWI;SEC;SR;OK;TASK000013329035;Priority 4;NA
L1;BWI;L1 ;SR;OK;TASK000013329189;Priority 3;NA
APS;EES;APS;SR;OK;TASK000013329210;Priority 4;NA
CNC;BWI;L1 ;SR;OK;TASK000013329341;Priority 3;NA
FUN;CAN;FUN;SR;OK;TASK000013329391;Priority 3;NA
FUN;ETH;FUN;SR;OK;TASK000013329393;Priority 4;NA
L1;BWI;L1 ;SR;OK;TASK000013329441;Priority 3;NA
APS;ETH;APS;SR;OK;TASK000013329455;Priority 3;NA
SEC;DXE;SEC;SR;OK;TASK000013330018;Priority 3;NA
L1;812;MON;SR;OK;TASK000013330249;Priority 3;NA
L1;812;MON;SR;OK;TASK000013330253;Priority 3;NA
L1;812;MON;SR;OK;TASK000013330260;Priority 3;NA
L1;812;MON;SR;OK;TASK000013330270;Priority 3;NA
SEC;OXE;SEC;SR;OK;TASK000013330378;Priority 3;NA
FUN;812;FUN;SR;OK;TASK000013330383;Priority 3;NA
DBA;812;DBA;SR;OK;TASK000013330384;Priority 3;NA
SEC;812;SEC;SR;OK;TASK000013330398;Priority 3;NA
SCH;LAT;SCH;SR;OK;TASK000013330651;Priority 3;NA
SEC;DCF;SEC;SR;OK;TASK000013330652;Priority 3;NA
SEC;BWI;SEC;SR;OK;TASK000013330658;Priority 4;NA
SCH;LAT;SCH;SR;OK;TASK000013330683;Priority 3;NA
SEC;812;SEC;SR;OK;TASK000013330770;Priority 3;NA
SEC;DCF;SEC;SR;OK;TASK000013330799;Priority 4;NA
DBA;812;DBA;SR;OK;TASK000013330893;Priority 3;NA
DBA;812;DBA;SR;OK;TASK000013330897;Priority 3;NA
DBA;812;DBA;SR;OK;TASK000013330901;Priority 3;NA
FUN;812;FUN;SR;OK;TASK000013330902;Priority 3;NA
SEC;812;SEC;SR;OK;TASK000013330908;Priority 3;NA
CNC;812;CNC;SR;OK;TASK000013330945;Priority 3;NA
DBA;812;DBA;CHG;OK;TASK000013331050;Priority 3;NA
DBA;812;DBA;SR;OK;TASK000013331111;Priority 3;NA
CNC;OXE;CNC;SR;OK;TASK000013331186;Priority 3;NA
SEC;812;SEC;SR;OK;TASK000013331219;Priority 3;NA
SEC;812;SEC;SR;OK;TASK000013331238;Priority 3;NA
SEC;812;SEC;SR;OK;TASK000013331253;Priority 3;NA
APS;ETH;APS;SR;OK;TASK000013331337;Priority 3;NA
SEC;BWI;SEC;SR;OK;TASK000013331340;Priority 4;NA
APS;ETH;APS;SR;OK;TASK000013331393;Priority 3;NA
SEC;MNT;SEC;SR;OK;TASK000013331399;Priority 3;NA
APS;ETH;APS;SR;OK;TASK000013331438;Priority 3;NA
SEC;BWI;SEC;SR;OK;TASK000013331441;Priority 4;NA
SEC;812;SEC;SR;OK;TASK000013331455;Priority 3;NA
SEC;BWI;SEC;SR;OK;TASK000013331621;Priority 4;NA
CNC;812;CNC;SR;OK;TASK000013331715;Priority 3;NA
DCF;DCF;FUN;SR;Defect;TASK000013331899;Priority 3;NA
APS;ETH;APS;SR;OK;TASK000013331914;Priority 3;NA
SEC;LAT;SEC;SR;OK;TASK000013331941;Priority 3;NA
APS;ETH;APS;SR;OK;TASK000013331959;Priority 3;NA
SEC;BWI;SEC;SR;OK;TASK000013331971;Priority 4;NA
SEC;BWI;SEC;SR;OK;TASK000013331994;Priority 4;NA
SEC;MNT;SEC;SR;OK;TASK000013332027;Priority 3;NA
SEC;812;SEC;SR;OK;TASK000013332045;Priority 3;NA
SEC;BWI;SEC;SR;OK;TASK000013332078;Priority 4;NA
SEC;BWI;SEC;SR;OK;TASK000013332192;Priority 4;NA
L1;BWI;L1 ;SR;OK;TASK000013332378;Priority 3;NA
FUN;DCF;SEC;SR;OK;TASK000013332380;Priority 3;NA
SEC;BWI;SEC;SR;OK;TASK000013332469;Priority 4;NA
SEC;BWI;SEC;SR;OK;TASK000013332474;Priority 4;NA
SEC;BWI;SEC;SR;OK;TASK000013332475;Priority 4;NA
L1;BWI;L1 ;SR;OK;TASK000013332479;Priority 3;NA
SEC;BWI;SEC;SR;OK;TASK000013332481;Priority 4;NA
SEC;DCF;SEC;SR;OK;TASK000013332493;Priority 3;NA
FUN;ETH;FUN;SR;OK;TASK000013332644;Priority 4;NA
FUN;ETH;FUN;SR;OK;TASK000013332651;Priority 3;NA
FUN;DCF;SEC;SR;Defect;TASK000013332652;Priority 3;NA
SEC;ETH;SEC;SR;OK;TASK000013332707;Priority 3;NA
APS;DCF;APS;SR;OK;TASK000013332759;Priority 3;NA
SEC;MNT;SEC;SR;OK;TASK000013333179;Priority 3;NA
SEC;EMS;SEC;SR;OK;TASK000013333342;Priority 3;NA
FUN;EMS;FUN;SR;OK;TASK000013333359;Priority 3;NA
SEC;EMS;SEC;SR;OK;TASK000013333424;Priority 3;NA
SEC;EMS;SEC;SR;OK;TASK000013333444;Priority 3;NA
L1;EDS;MON;SR;OK;TASK000013333489;Priority 4;NA
FUN;812;FUN;SR;OK;TASK000013333553;Priority 3;NA
DBA;812;DBA;SR;OK;TASK000013333595;Priority 3;NA
FUN;EMS;FUN;SR;OK;TASK000013333658;Priority 3;NA
SEC;812;SEC;SR;OK;TASK000013333687;Priority 3;NA
SEC;812;SEC;SR;OK;TASK000013333749;Priority 3;NA
L1;DCF;CNC;SR;OK;TASK000013333783;Priority 3;NA
SEC;812;SEC;SR;OK;TASK000013333856;Priority 3;NA
APS;ETH;APS;SR;OK;TASK000013333873;Priority 3;NA
SEC;812;SEC;SR;OK;TASK000013333949;Priority 3;NA
SEC;WS;SEC;SR;OK;TASK000013333952;Priority 3;NA
SEC;812;SEC;SR;OK;TASK000013333969;Priority 3;NA
SEC;812;SEC;SR;OK;TASK000013334024;Priority 3;NA
SEC;812;SEC;SR;OK;TASK000013334057;Priority 3;NA
L1;BWI;L1 ;SR;OK;TASK000013334139;Priority 3;NA
L1;BWI;L1 ;SR;OK;TASK000013334171;Priority 3;NA
L1;BWI;L1 ;SR;OK;TASK000013334198;Priority 3;NA
FUN;DCF;SEC;SR;Defect;TASK000013334209;Priority 3;NA
SEC;812;SEC;SR;OK;TASK000013334232;Priority 3;NA
CNC;BWI;CNC;SR;OK;TASK000013334269;Priority 3;NA
APS;EES;APS;SR;OK;TASK000013334362;Priority 3;NA
SEC;EMS;SEC;SR;OK;TASK000013334375;Priority 3;NA
SEC;DPY;SEC;SR;OK;TASK000013334385;Priority 3;NA
DBA;812;DBA;SR;Defect;TASK000013334386;Priority 3;NA
APS;EES;APS;SR;OK;TASK000013334387;Priority 3;NA
CNC;812;CNC;SR;OK;TASK000013334397;Priority 3;NA
L1;812;MON;SR;OK;TASK000013334445;Priority 3;NA
SEC;BWI;SEC;SR;OK;TASK000013334552;Priority 4;NA
SEC;BWI;SEC;SR;OK;TASK000013334808;Priority 4;NA
FUN;CAN;FUN;SR;OK;TASK000013334839;Priority 3;NA
APS;ETH;APS;SR;OK;TASK000013334929;Priority 3;NA
SEC;MNT;SEC;SR;OK;TASK000013334935;Priority 3;NA
APS;ETH;APS;SR;OK;TASK000013334962;Priority 3;NA
FUN;COR;FUN;SR;OK;TASK000013335003;Priority 3;NA
CNC;DPY;CNC;SR;OK;TASK000013335025;Priority 3;NA
CNC;CAN;CNC;SR;OK;TASK000013335026;Priority 3;NA
CNC;LAT;CNC;SR;OK;TASK000013335027;Priority 3;NA
APS;ETH;APS;SR;OK;TASK000013335066;Priority 3;NA
FUN;DCF;SEC;SR;OK;TASK000013335104;Priority 3;NA
SEC;MNT;SEC;SR;OK;TASK000013335141;Priority 3;NA
OPS;EMS;OPS;SR;OK;TASK000013335160;Priority 3;NA
SEC;MNT;SEC;SR;OK;TASK000013335167;Priority 3;NA
SEC;MNT;SEC;SR;OK;TASK000013335175;Priority 3;NA
SEC;CAN;SEC;SR;OK;TASK000013335224;Priority 3;NA
FUN;812;FUN;SR;OK;TASK000013335426;Priority 3;NA
SEC;MNT;SEC;SR;OK;TASK000013335485;Priority 3;NA
SEC;BWI;SEC;SR;OK;TASK000013335548;Priority 4;NA
FUN;DCF;SEC;SR;OK;TASK000013335655;Priority 3;NA
SEC;BWI;SEC;SR;OK;TASK000013335696;Priority 4;NA
SEC;DPY;SEC;SR;OK;TASK000013335709;Priority 3;NA
SEC;MNT;SEC;SR;OK;TASK000013335828;Priority 3;NA
L1;BWI;L1 ;SR;OK;TASK000013335839;Priority 3;NA
SEC;ETH;SEC;SR;OK;TASK000013335840;Priority 3;NA
L1;MNT;MON;SR;OK;TASK000013335856;Priority 3;NA
L1;BWI;L1 ;SR;OK;TASK000013335865;Priority 3;NA
SEC;MNT;SEC;SR;OK;TASK000013336382;Priority 3;NA
SEC;BWI;SEC;SR;OK;TASK000013336538;Priority 4;NA
SEC;BWI;SEC;SR;OK;TASK000013336540;Priority 4;NA
APS;ETH;APS;SR;OK;TASK000013336612;Priority 4;NA
CNC;LAT;CNC;SR;OK;TASK000013336860;Priority 3;NA
CNC;DCF;CNC;SR;OK;TASK000013336893;Priority 3;NA
L1;812;MON;SR;OK;TASK000013337196;Priority 3;NA
L1;812;MON;SR;OK;TASK000013337206;Priority 3;NA
SEC;812;SEC;SR;OK;TASK000013337264;Priority 3;NA
L1;812;MON;SR;OK;TASK000013337394;Priority 3;NA
SEC;DXE;SEC;SR;OK;TASK000013337425;Priority 3;NA
APS;ETH;APS;SR;OK;TASK000013337472;Priority 4;NA
DBA;812;DBA;SR;OK;TASK000013337643;Priority 3;NA
SEC;812;SEC;SR;OK;TASK000013337706;Priority 3;NA
SEC;812;SEC;SR;OK;TASK000013337823;Priority 3;NA
SEC;812;SEC;SR;OK;TASK000013337824;Priority 3;NA
SEC;812;SEC;SR;OK;TASK000013337840;Priority 3;NA
SEC;812;SEC;SR;OK;TASK000013337868;Priority 3;NA
FUN;812;FUN;SR;OK;TASK000013337883;Priority 4;NA
DBA;812;DBA;SR;OK;TASK000013337885;Priority 3;NA
DBA;812;DBA;SR;OK;TASK000013337888;Priority 3;NA
SEC;812;SEC;SR;OK;TASK000013337925;Priority 3;NA
SEC;EDS;SEC;SR;OK;TASK000013338028;Priority 3;NA
L1;812;MON;SR;OK;TASK000013338142;Priority 3;NA
L1;812;MON;SR;OK;TASK000013338150;Priority 3;NA
L1;812;MON;SR;OK;TASK000013338160;Priority 3;NA
SEC;812;SEC;SR;OK;TASK000013338227;Priority 3;NA
CNC;DCF;CNC;SR;OK;TASK000013338289;Priority 3;NA
SEC;812;SEC;SR;OK;TASK000013338293;Priority 3;NA
FUN;812;FUN;SR;OK;TASK000013338323;Priority 3;NA
SEC;812;SEC;SR;OK;TASK000013338369;Priority 3;NA
SEC;812;SEC;SR;OK;TASK000013338374;Priority 3;NA
SEC;OXE;SEC;SR;Defect;TASK000013338387;Priority 3;NA
SEC;812;SEC;SR;OK;TASK000013338430;Priority 3;NA
DBA;812;DBA;CHG;Defect;TASK000013338508;Priority 3;NA
SEC;812;SEC;SR;OK;TASK000013338658;Priority 3;NA
SEC;812;SEC;SR;OK;TASK000013338673;Priority 3;NA
SEC;812;SEC;SR;OK;TASK000013338726;Priority 3;NA
SEC;DCF;SEC;SR;OK;TASK000013338913;Priority 4;NA
SEC;812;SEC;SR;OK;TASK000013339068;Priority 3;NA
DBA;812;DBA;SR;OK;TASK000013339150;Priority 3;NA
DBA;812;DBA;SR;OK;TASK000013339166;Priority 3;NA
L1;812;MON;SR;OK;TASK000013339249;Priority 3;NA
SEC;WS;SEC;SR;OK;TASK000013339294;Priority 3;NA
APS;EES;APS;SR;OK;TASK000013339311;Priority 4;NA
APS;EES;APS;SR;OK;TASK000013339317;Priority 4;NA
SEC;812;SEC;SR;OK;TASK000013339363;Priority 3;NA
DBA;812;DBA;SR;OK;TASK000013339407;Priority 3;NA
APS;EES;APS;SR;OK;TASK000013339411;Priority 4;NA
SEC;812;SEC;SR;OK;TASK000013339414;Priority 3;NA
DBA;812;DBA;CHG;Defect;TASK000013339445;Priority 3;NA
L1;BWI;L1 ;SR;OK;TASK000013339534;Priority 3;NA
SEC;BWI;SEC;SR;OK;TASK000013339554;Priority 4;NA
SEC;812;SEC;SR;OK;TASK000013339587;Priority 3;NA
L1;BWI;L1 ;SR;OK;TASK000013339616;Priority 3;NA
SEC;812;SEC;SR;OK;TASK000013339659;Priority 3;NA
APS;ETH;APS;SR;OK;TASK000013339672;Priority 3;NA
SEC;812;SEC;SR;OK;TASK000013339676;Priority 3;NA
SEC;DXE;SEC;SR;OK;TASK000013339848;Priority 3;NA
SEC;OXE;SEC;SR;OK;TASK000013339901;Priority 3;NA
SEC;MNT;SEC;SR;OK;TASK000013340038;Priority 3;NA
SEC;DPY;SEC;SR;OK;TASK000013340047;Priority 3;NA
SEC;BWI;SEC;SR;OK;TASK000013340214;Priority 4;NA
FUN;ETH;FUN;SR;OK;TASK000013340233;Priority 3;NA
MNT;MNT;FUN;SR;OK;TASK000013340327;Priority 4;NA
SEC;BWI;SEC;SR;OK;TASK000013340328;Priority 4;NA
SEC;BWI;SEC;SR;OK;TASK000013340333;Priority 4;NA
SEC;BWI;SEC;SR;OK;TASK000013340340;Priority 4;NA
SEC;BWI;SEC;SR;OK;TASK000013340341;Priority 4;NA
SEC;LAT;SEC;SR;OK;TASK000013340463;Priority 4;NA
CNC;MNT;L1 ;SR;OK;TASK000013340568;Priority 3;NA
CNC;DPY;CNC;SR;OK;TASK000013340624;Priority 3;NA
CNC;ETH;CNC;SR;OK;TASK000013340666;Priority 3;NA
SEC;ETH;SEC;SR;OK;TASK000013340845;Priority 3;NA
CNC;DCF;CNC;SR;OK;TASK000013340864;Priority 3;NA
SEC;ETH;SEC;SR;OK;TASK000013340867;Priority 3;NA
SEC;ETH;SEC;SR;OK;TASK000013340923;Priority 3;NA
SEC;ETH;SEC;SR;OK;TASK000013340936;Priority 3;NA
SEC;ETH;SEC;SR;OK;TASK000013340939;Priority 3;NA
SEC;ETH;SEC;SR;OK;TASK000013340951;Priority 3;NA
DBA;812;DBA;SR;OK;TASK000013341388;Priority 3;NA
SEC;812;SEC;SR;OK;TASK000013341540;Priority 3;NA
L1;812;MON;SR;OK;TASK000013341605;Priority 4;NA
FUN;DXE;FUN;SR;OK;TASK000013341679;Priority 4;NA
SEC;812;SEC;SR;OK;TASK000013341715;Priority 3;NA
DBA;812;DBA;SR;OK;TASK000013341722;Priority 3;NA
APS;ETH;APS;SR;OK;TASK000013341810;Priority 4;NA
DBA;812;DBA;SR;OK;TASK000013341813;Priority 3;NA
FUN;DCF;SEC;SR;Defect;TASK000013341815;Priority 3;NA
FUN;DCF;SEC;SR;Defect;TASK000013341831;Priority 3;NA
DBA;812;DBA;SR;OK;TASK000013341941;Priority 3;NA
L1;812;MON;SR;OK;TASK000013341979;Priority 4;NA
SEC;DCF;SEC;SR;OK;TASK000013342030;Priority 3;NA
SEC;812;SEC;SR;OK;TASK000013342076;Priority 3;NA
SEC;812;SEC;SR;OK;TASK000013342079;Priority 3;NA
DBA;812;DBA;SR;OK;TASK000013342084;Priority 3;NA
DBA;812;DBA;SR;OK;TASK000013342091;Priority 3;NA
DBA;812;DBA;SR;OK;TASK000013342097;Priority 3;NA
SEC;EDS;SEC;SR;OK;TASK000013342142;Priority 3;NA
APS;ETH;APS;SR;OK;TASK000013342175;Priority 4;NA
SEC;OXE;SEC;SR;OK;TASK000013342339;Priority 3;NA
APS;ETH;APS;SR;OK;TASK000013342360;Priority 3;NA
SEC;DXE;SEC;SR;OK;TASK000013342415;Priority 3;NA
CNC;812;CNC;SR;OK;TASK000013342567;Priority 3;NA
CNC;812;CNC;SR;OK;TASK000013342572;Priority 3;NA
FUN;DCF;SEC;SR;OK;TASK000013342827;Priority 3;NA
SEC;812;SEC;SR;OK;TASK000013342936;Priority 3;NA
SEC;ETH;SEC;SR;OK;TASK000013343063;Priority 3;NA
SEC;812;SEC;SR;OK;TASK000013343162;Priority 3;NA
L1;BWI;L1 ;SR;OK;TASK000013343208;Priority 3;NA
SEC;OXE;SEC;SR;OK;TASK000013343228;Priority 3;NA
DBA;812;DBA;SR;OK;TASK000013343313;Priority 3;NA
CNC;DXE;CNC;INC;OK;TASK000013343328;Priority 3;NA
SEC;812;SEC;SR;OK;TASK000013343339;Priority 3;NA
DBA;812;DBA;SR;OK;TASK000013343344;Priority 3;NA
SEC;812;SEC;SR;OK;TASK000013343350;Priority 3;NA
CNC;OXE;CNC;SR;OK;TASK000013343391;Priority 3;NA
SEC;BWI;SEC;SR;OK;TASK000013343407;Priority 4;NA
SEC;812;SEC;SR;OK;TASK000013343591;Priority 3;NA
SEC;812;SEC;SR;OK;TASK000013343611;Priority 3;NA
SEC;812;SEC;SR;OK;TASK000013343616;Priority 3;NA
SEC;812;SEC;SR;OK;TASK000013343634;Priority 3;NA
SEC;812;SEC;SR;OK;TASK000013343643;Priority 3;NA
SEC;BWI;SEC;SR;OK;TASK000013343654;Priority 4;NA
CNC;OXE;CNC;SR;OK;TASK000013343727;Priority 3;NA
APS;ETH;APS;SR;OK;TASK000013343859;Priority 3;NA
SEC;WS;SEC;SR;OK;TASK000013343865;Priority 3;NA
SEC;812;SEC;SR;OK;TASK000013343880;Priority 3;NA
APS;ETH;APS;SR;OK;TASK000013343894;Priority 3;NA
CNC;OXE;L1 ;SR;OK;TASK000013343988;Priority 3;NA
FUN;EES;FUN;SR;OK;TASK000013343994;Priority 4;NA
CNC;OXE;L1 ;SR;OK;TASK000013344015;Priority 3;NA
SEC;BWI;SEC;SR;OK;TASK000013344115;Priority 4;NA
SEC;BWI;SEC;SR;OK;TASK000013344235;Priority 4;NA
SEC;BWI;SEC;SR;OK;TASK000013344282;Priority 4;NA
SEC;BWI;SEC;SR;OK;TASK000013344310;Priority 4;NA
FUN;CAN;FUN;SR;OK;TASK000013344622;Priority 3;NA
FIN;DXE;FUN;SR;OK;TASK000013344694;Priority 4;NA
SEC;MNT;SEC;SR;OK;TASK000013344853;Priority 3;NA
L1;812;MON;SR;OK;TASK000013344877;Priority 3;NA
FUN;COR;FUN;SR;OK;TASK000013344991;Priority 3;NA
CNC;BWI;L1 ;SR;OK;TASK000013345016;Priority 3;NA
FUN;ETH;FUN;SR;OK;TASK000013345551;Priority 3;NA
SEC;DXE;SEC;SR;OK;TASK000013345557;Priority 3;NA
APS;ETH;APS;SR;OK;TASK000013345686;Priority 4;NA
SEC;812;SEC;SR;OK;TASK000013345702;Priority 3;NA
FUN;DXE;FUN;SR;OK;TASK000013345705;Priority 4;NA
SEC;812;SEC;SR;OK;TASK000013345713;Priority 3;NA
SEC;812;SEC;SR;OK;TASK000013345718;Priority 3;NA
SEC;812;SEC;SR;OK;TASK000013345728;Priority 3;NA
SEC;812;SEC;SR;OK;TASK000013345736;Priority 3;NA
DBA;812;DBA;SR;OK;TASK000013345765;Priority 3;NA
L1;812;MON;SR;OK;TASK000013345836;Priority 4;NA
L1;812;MON;SR;OK;TASK000013345877;Priority 4;NA
SEC;812;SEC;SR;OK;TASK000013345980;Priority 3;NA
DBA;812;DBA;SR;OK;TASK000013345989;Priority 3;NA
DBA;812;DBA;SR;OK;TASK000013345990;Priority 3;NA
SEC;DXE;SEC;SR;OK;TASK000013346022;Priority 3;NA
APS;ETH;APS;SR;OK;TASK000013346041;Priority 3;NA
SEC;EMS;SEC;SR;OK;TASK000013346079;Priority 3;NA
CNC;812;CNC;SR;OK;TASK000013346191;Priority 3;NA
SEC;812;SEC;SR;OK;TASK000013346254;Priority 3;NA
SEC;EDS;SEC;SR;OK;TASK000013346276;Priority 3;NA
FIN;812;FUN;SR;OK;TASK000013346320;Priority 3;NA
SEC;DXE;SEC;SR;OK;TASK000013346329;Priority 3;NA
SEC;MNT;SEC;SR;OK;TASK000013346339;Priority 3;NA
CNC;812;CNC;SR;OK;TASK000013346513;Priority 3;NA
APS;ETH;APS;SR;OK;TASK000013346544;Priority 3;NA
SEC;812;SEC;SR;OK;TASK000013346560;Priority 3;NA
SEC;812;SEC;SR;OK;TASK000013346593;Priority 3;NA
L1;EDS;MON;SR;OK;TASK000013346657;Priority 3;NA
APS;ETH;APS;SR;OK;TASK000013346712;Priority 3;NA
CNC;812;CNC;SR;OK;TASK000013346738;Priority 3;NA
SEC;812;SEC;SR;OK;TASK000013346920;Priority 3;NA
DBA;812;DBA;SR;OK;TASK000013346933;Priority 3;NA
SEC;DPY;SEC;SR;OK;TASK000013346935;Priority 3;NA
SEC;MNT;SEC;SR;OK;TASK000013346955;Priority 3;NA
FUN;812;FUN;SR;OK;TASK000013347000;Priority 4;NA
APS;ETH;APS;SR;OK;TASK000013347127;Priority 3;NA
FUN;DCF;SEC;SR;OK;TASK000013347139;Priority 3;NA
DBA;812;DBA;SR;OK;TASK000013347184;Priority 3;NA
L1;BWI;L1 ;SR;OK;TASK000013347271;Priority 3;NA
APS;ETH;APS;SR;OK;TASK000013347307;Priority 3;NA
SEC;DCF;SEC;SR;OK;TASK000013347421;Priority 3;NA
SEC;812;SEC;SR;OK;TASK000013347435;Priority 3;NA
SEC;812;SEC;SR;OK;TASK000013347460;Priority 3;NA
FUN;812;FUN;SR;OK;TASK000013347500;Priority 3;NA
L1;BWI;L1 ;SR;OK;TASK000013347513;Priority 3;NA
SEC;DXE;SEC;SR;OK;TASK000013347544;Priority 3;NA
SEC;OXE;SEC;SR;OK;TASK000013347580;Priority 3;NA
FUN;ETH;FUN;SR;OK;TASK000013347696;Priority 3;NA
APS;ETH;APS;SR;OK;TASK000013347699;Priority 3;NA
FIN;DCF;FUN;SR;OK;TASK000013347717;Priority 3;NA
APS;ETH;APS;SR;OK;TASK000013347735;Priority 3;NA
SEC;MNT;SEC;SR;OK;TASK000013347772;Priority 3;NA
SEC;BWI;SEC;SR;OK;TASK000013347809;Priority 4;NA
SEC;DXE;SEC;SR;OK;TASK000013347810;Priority 3;NA
SEC;812;SEC;SR;OK;TASK000013347847;Priority 3;NA
SCH;LAT;SCH;SR;OK;TASK000013347856;Priority 3;NA
SCH;812;SCH;INC;OK;TASK000013347914;Priority 3;NA
FUN;DCF;SEC;SR;OK;TASK000013347934;Priority 3;NA
SEC;BWI;SEC;SR;OK;TASK000013347958;Priority 4;NA
APS;DCF;APS;SR;OK;TASK000013348035;Priority 3;NA
SEC;CAN;SEC;SR;OK;TASK000013348110;Priority 3;NA
SEC;ETH;SEC;SR;OK;TASK000013348144;Priority 3;NA
APS;ETH;APS;SR;OK;TASK000013348301;Priority 3;NA
FUN;DCF;SEC;SR;OK;TASK000013348378;Priority 3;NA
SEC;DCF;SEC;SR;OK;TASK000013348440;Priority 3;NA
SEC;BWI;SEC;SR;OK;TASK000013348659;Priority 4;NA
APS;EES;APS;SR;OK;TASK000013348667;Priority 4;NA
SEC;BWI;SEC;SR;OK;TASK000013348824;Priority 4;NA
CNC;BWI;CNC;SR;OK;TASK000013348864;Priority 3;NA
CNC;BWI;L1 ;SR;OK;TASK000013348881;Priority 3;NA
SEC;BWI;SEC;SR;OK;TASK000013348893;Priority 4;NA
CNC;BWI;L1 ;SR;OK;TASK000013348903;Priority 3;NA
L1;BWI;L1 ;SR;OK;TASK000013348907;Priority 3;NA
CNC;BWI;L1 ;SR;OK;TASK000013348916;Priority 3;NA
SEC;ETH;SEC;SR;OK;TASK000013348927;Priority 3;NA
SEC;ETH;SEC;SR;OK;TASK000013348934;Priority 3;NA
CNC;ETH;CNC;SR;OK;TASK000013348943;Priority 3;NA
SEC;EDS;SEC;SR;OK;TASK000013349227;Priority 3;NA
SEC;EDS;SEC;SR;OK;TASK000013349507;Priority 3;NA
SEC;812;SEC;SR;OK;TASK000013349521;Priority 3;NA
APS;ETH;APS;SR;OK;TASK000013349527;Priority 3;NA
SEC;DCF;SEC;SR;OK;TASK000013349605;Priority 4;NA
DBA;812;DBA;SR;OK;TASK000013349630;Priority 3;NA
SEC;WS;SEC;SR;OK;TASK000013349652;Priority 3;NA
SEC;812;SEC;SR;OK;TASK000013349727;Priority 3;NA
SEC;EMS;SEC;SR;OK;TASK000013349742;Priority 3;NA
DBA;812;DBA;CHG;OK;TASK000013349853;Priority 3;NA
APS;ETH;APS;SR;OK;TASK000013349855;Priority 4;NA
DBA;812;DBA;SR;OK;TASK000013349878;Priority 3;NA
DBA;812;DBA;SR;OK;TASK000013349899;Priority 3;NA
FUN;812;FUN;SR;OK;TASK000013349912;Priority 3;NA
CNC;812;CNC;SR;OK;TASK000013349934;Priority 3;NA
SEC;812;SEC;SR;OK;TASK000013350118;Priority 3;NA
DBA;812;DBA;SR;OK;TASK000013350131;Priority 3;NA
SEC;812;SEC;SR;OK;TASK000013350174;Priority 3;NA
SEC;812;SEC;SR;OK;TASK000013350206;Priority 3;NA
SEC;812;SEC;SR;OK;TASK000013350265;Priority 3;NA
SEC;812;SEC;SR;OK;TASK000013350279;Priority 3;NA
FUN;812;FUN;SR;OK;TASK000013350306;Priority 3;NA
FUN;812;FUN;SR;OK;TASK000013350321;Priority 3;NA
SEC;LAT;SEC;SR;OK;TASK000013350364;Priority 3;NA
FUN;812;FUN;SR;OK;TASK000013350431;Priority 3;NA
SEC;812;SEC;SR;OK;TASK000013350469;Priority 3;NA
SEC;DXE;SEC;SR;OK;TASK000013350488;Priority 3;NA
L1;BWI;L1 ;SR;OK;TASK000013350589;Priority 3;NA
SEC;EDS;SEC;SR;OK;TASK000013350590;Priority 3;NA
SEC;OXE;SEC;SR;OK;TASK000013350611;Priority 3;NA
SEC;OXE;SEC;SR;OK;TASK000013350621;Priority 3;NA
SEC;812;SEC;SR;OK;TASK000013350639;Priority 3;NA
FUN;812;FUN;SR;OK;TASK000013350703;Priority 3;NA
DBA;812;DBA;SR;OK;TASK000013350720;Priority 3;NA
SEC;812;SEC;SR;OK;TASK000013350753;Priority 3;NA
SEC;OXE;SEC;SR;OK;TASK000013350766;Priority 3;NA
SEC;812;SEC;SR;OK;TASK000013350768;Priority 3;NA
SEC;BWI;SEC;SR;OK;TASK000013350845;Priority 4;NA
SEC;812;SEC;SR;OK;TASK000013350881;Priority 3;NA
DBA;812;DBA;SR;OK;TASK000013350886;Priority 3;NA
FUN;812;FUN;SR;OK;TASK000013350973;Priority 4;NA
FUN;812;FUN;SR;OK;TASK000013351001;Priority 4;NA
SEC;812;SEC;SR;OK;TASK000013351015;Priority 3;NA
DBA;812;DBA;SR;OK;TASK000013351031;Priority 3;NA
FUN;812;FUN;SR;OK;TASK000013351049;Priority 4;NA
SEC;DCF;SEC;SR;OK;TASK000013351109;Priority 3;NA
FUN;DCF;SEC;SR;OK;TASK000013351177;Priority 3;NA
SEC;EDS;SEC;SR;OK;TASK000013351188;Priority 3;NA
SEC;WS;SEC;SR;OK;TASK000013351249;Priority 3;NA
FUN;812;FUN;SR;OK;TASK000013351268;Priority 3;NA
FUN;812;FUN;SR;OK;TASK000013351436;Priority 3;NA
DBA;812;DBA;SR;OK;TASK000013351485;Priority 3;NA
FUN;DCF;FUN;SR;OK;TASK000013351598;Priority 3;NA
SEC;812;SEC;SR;OK;TASK000013351670;Priority 3;NA
FUN;DCF;FUN;SR;OK;TASK000013351734;Priority 3;NA
APS;ETH;APS;SR;OK;TASK000013351857;Priority 3;NA
SEC;ETH;SEC;SR;OK;TASK000013351858;Priority 3;NA
APS;ETH;APS;SR;OK;TASK000013351866;Priority 3;NA
SEC;OXE;SEC;SR;OK;TASK000013351885;Priority 3;NA
SEC;DXE;SEC;SR;OK;TASK000013351886;Priority 3;NA
SEC;ETH;SEC;SR;OK;TASK000013352031;Priority 3;NA
FUN;DCF;SEC;SR;OK;TASK000013352056;Priority 3;NA
APS;EES;APS;SR;OK;TASK000013352106;Priority 4;NA
SEC;BWI;SEC;SR;OK;TASK000013352477;Priority 4;NA
OPS;EDS;OPS;SR;OK;TASK000013352573;Priority 4;NA
SEC;BWI;SEC;SR;OK;TASK000013352620;Priority 4;NA
SEC;MNT;SEC;SR;OK;TASK000013352631;Priority 3;NA
L1;BWI;L1 ;SR;OK;TASK000013352691;Priority 3;NA
FUN;DCF;SEC;SR;OK;TASK000013352731;Priority 3;NA
CNC;ETH;CNC;SR;OK;TASK000013352767;Priority 3;NA
CNC;ETH;CNC;SR;OK;TASK000013352836;Priority 3;NA
CNC;812;MON;SR;OK;TASK000013352895;Priority 3;NA
SEC;812;SEC;SR;OK;TASK000013353099;Priority 3;NA
SEC;812;SEC;SR;OK;TASK000013353368;Priority 3;NA
L1;812;MON;SR;OK;TASK000013353398;Priority 4;NA
L1;812;MON;SR;OK;TASK000013353406;Priority 4;NA
SEC;812;SEC;SR;OK;TASK000013353525;Priority 3;NA
SEC;EDS;SEC;SR;OK;TASK000013353620;Priority 3;NA
SEC;EMS;SEC;SR;OK;TASK000013353677;Priority 3;NA
SEC;812;SEC;SR;OK;TASK000013353727;Priority 3;NA
SEC;812;SEC;SR;OK;TASK000013353763;Priority 3;NA
SEC;EDS;SEC;SR;OK;TASK000013353808;Priority 3;NA
APS;ETH;APS;SR;OK;TASK000013353916;Priority 3;NA
DBA;812;DBA;SR;OK;TASK000013353981;Priority 3;NA
FUN;812;FUN;SR;OK;TASK000013353991;Priority 3;NA
FUN;812;FUN;SR;Defect;TASK000013354013;Priority 4;NA
SEC;812;SEC;SR;OK;TASK000013354044;Priority 3;NA
SEC;EMS;SEC;SR;OK;TASK000013354055;Priority 3;NA
DBA;812;DBA;SR;OK;TASK000013354085;Priority 3;NA
SEC;EMS;SEC;SR;OK;TASK000013354092;Priority 3;NA
FUN;812;FUN;SR;OK;TASK000013354137;Priority 3;NA
APS;EES;APS;SR;OK;TASK000013354176;Priority 3;NA
L1;812;MON;SR;OK;TASK000013354212;Priority 3;NA
APS;EES;APS;SR;OK;TASK000013354339;Priority 3;NA
L1;812;MON;SR;OK;TASK000013354391;Priority 3;NA
SEC;EDS;SEC;SR;OK;TASK000013354394;Priority 3;NA
DBA;812;DBA;SR;Defect;TASK000013354417;Priority 3;NA
CNC;812;L1 ;SR;OK;TASK000013354577;Priority 3;NA
CNC;OXE;L1 ;SR;OK;TASK000013354584;Priority 3;NA
CNC;OXE;L1 ;SR;OK;TASK000013354585;Priority 3;NA
SEC;BWI;SEC;SR;OK;TASK000013354827;Priority 4;NA
L1;BWI;L1 ;SR;OK;TASK000013354842;Priority 3;NA
CNC;DXE;L1 ;SR;OK;TASK000013354879;Priority 3;NA
SEC;812;SEC;SR;OK;TASK000013354900;Priority 3;NA
SCH;LAT;SCH;SR;OK;TASK000013355077;Priority 3;NA
CNC;ETH;CNC;SR;OK;TASK000013355276;Priority 3;NA
L1;BWI;L1 ;SR;OK;TASK000013355352;Priority 3;NA
APS;ETH;APS;SR;OK;TASK000013355401;Priority 3;NA
SEC;ETH;SEC;SR;OK;TASK000013355404;Priority 3;NA
DBA;812;DBA;SR;OK;TASK000013355461;Priority 3;NA
APS;EES;APS;SR;OK;TASK000013355493;Priority 3;NA
SEC;CAN;SEC;SR;OK;TASK000013355501;Priority 3;NA
DBA;812;DBA;CHG;Defect;TASK000013355660;Priority 3;NA
DBA;812;DBA;CHG;Defect;TASK000013355686;Priority 3;NA
SEC;DPY;SEC;SR;OK;TASK000013355693;Priority 3;NA
FUN;DCF;SEC;SR;OK;TASK000013355750;Priority 3;NA
FUN;DCF;SEC;SR;OK;TASK000013355763;Priority 3;NA
APS;EES;APS;SR;OK;TASK000013355789;Priority 3;NA
CNC;BWI;CNC;SR;OK;TASK000013355818;Priority 3;NA
SEC;CAN;SEC;SR;OK;TASK000013355870;Priority 3;NA
APS;EES;APS;SR;OK;TASK000013355933;Priority 4;NA
L1;BWI;L1 ;SR;OK;TASK000013355935;Priority 3;NA
SEC;BWI;SEC;SR;OK;TASK000013356026;Priority 4;NA
L1;BWI;L1 ;SR;OK;TASK000013356179;Priority 3;NA
SEC;812;SEC;SR;OK;TASK000013356341;Priority 3;NA
FUN;DCF;SEC;SR;Defect;TASK000013356349;Priority 3;NA
FUN;DCF;SEC;SR;OK;TASK000013356350;Priority 3;NA
L1;BWI;L1 ;SR;OK;TASK000013356611;Priority 3;NA
L1;BWI;L1 ;SR;OK;TASK000013356722;Priority 3;NA
SEC;812;SEC;SR;OK;TASK000013356892;Priority 3;NA
SEC;BWI;SEC;SR;OK;TASK000013356940;Priority 4;NA
SEC;812;SEC;SR;OK;TASK000013356993;Priority 3;NA
CNC;DCF;CNC;SR;OK;TASK000013357346;Priority 3;NA
SEC;MNT;SEC;SR;OK;TASK000013357362;Priority 4;NA
SEC;MNT;SEC;SR;OK;TASK000013357366;Priority 4;NA
CNC;DCF;CNC;SR;OK;TASK000013357458;Priority 3;NA
CNC;BWI;CNC;SR;OK;TASK000013357460;Priority 3;NA
CNC;BWI;CNC;SR;OK;TASK000013357461;Priority 3;NA
CNC;EES;CNC;SR;OK;TASK000013357462;Priority 3;NA
SEC;BWI;SEC;SR;OK;TASK000013357670;Priority 4;NA
SEC;BWI;SEC;SR;OK;TASK000013357672;Priority 4;NA
SEC;DXE;SEC;SR;OK;TASK000013357896;Priority 3;NA
SEC;812;SEC;SR;OK;TASK000013358124;Priority 3;NA
SEC;OXE;SEC;SR;OK;TASK000013358171;Priority 3;NA
SEC;DXE;SEC;SR;OK;TASK000013358172;Priority 3;NA
SEC;812;SEC;SR;OK;TASK000013358217;Priority 3;NA
FUN;COR;FUN;SR;OK;TASK000013358219;Priority 3;NA
CNC;DCF;CNC;SR;OK;TASK000013358294;Priority 3;NA
FUN;812;FUN;SR;OK;TASK000013358303;Priority 4;NA
SEC;MNT;SEC;SR;OK;TASK000013358345;Priority 4;NA
SEC;812;SEC;SR;OK;TASK000013358413;Priority 3;NA
CNC;DCF;CNC;SR;OK;TASK000013358415;Priority 3;NA
FUN;812;FUN;SR;OK;TASK000013358497;Priority 3;NA
SEC;812;SEC;SR;OK;TASK000013358630;Priority 3;NA
FUN;812;FUN;SR;Defect;TASK000013358684;Priority 3;NA
SEC;DXE;SEC;SR;OK;TASK000013358723;Priority 3;NA
FIN;812;FUN;SR;OK;TASK000013358876;Priority 3;NA
SEC;ETH;SEC;SR;OK;TASK000013359029;Priority 3;NA
FUN;DCF;SEC;SR;OK;TASK000013359072;Priority 3;NA
DBA;812;DBA;SR;OK;TASK000013359133;Priority 3;NA
DBA;812;DBA;SR;OK;TASK000013359139;Priority 3;NA
DBA;812;DBA;SR;OK;TASK000013359144;Priority 3;NA
SEC;DXE;SEC;SR;OK;TASK000013359224;Priority 3;NA
SEC;812;SEC;SR;OK;TASK000013359346;Priority 3;NA
SEC;BWI;SEC;SR;OK;TASK000013359347;Priority 4;NA
FUN;DCF;SEC;SR;Defect;TASK000013359407;Priority 3;NA
SEC;812;SEC;SR;OK;TASK000013359418;Priority 3;NA
L1;BWI;L1 ;SR;OK;TASK000013359707;Priority 3;NA
SEC;BWI;SEC;SR;OK;TASK000013359914;Priority 4;NA
CNC;812;CNC;SR;OK;TASK000013359938;Priority 3;NA
SEC;LAT;SEC;SR;OK;TASK000013360174;Priority 4;NA
FUN;ETH;FUN;SR;OK;TASK000013360206;Priority 3;NA
L1;BWI;L1 ;SR;OK;TASK000013360520;Priority 3;NA
L1;812;MON;SR;OK;TASK000013360543;Priority 3;NA
APS;ETH;APS;SR;OK;TASK000013360557;Priority 3;NA
APS;ETH;APS;SR;OK;TASK000013360610;Priority 3;NA
SEC;MNT;SEC;SR;OK;TASK000013360794;Priority 4;NA
CNC;BWI;L1 ;SR;OK;TASK000013360837;Priority 3;NA
CNC;ETH;CNC;SR;OK;TASK000013360856;Priority 3;NA
SEC;BWI;SEC;SR;OK;TASK000013361005;Priority 4;NA
SEC;ETH;SEC;SR;OK;TASK000013361145;Priority 3;NA
SEC;ETH;SEC;SR;OK;TASK000013361173;Priority 3;NA
SEC;ETH;SEC;SR;OK;TASK000013361210;Priority 3;NA
SEC;ETH;SEC;SR;OK;TASK000013361235;Priority 3;NA
L1;812;MON;SR;OK;TASK000013361244;Priority 3;NA
L1;812;MON;SR;OK;TASK000013361246;Priority 3;NA
FUN;812;FUN;SR;Defect;TASK000013361573;Priority 3;NA
SEC;812;SEC;SR;OK;TASK000013361689;Priority 3;NA
SEC;812;SEC;SR;OK;TASK000013361697;Priority 3;NA
FUN;DCF;FUN;SR;OK;TASK000013361900;Priority 3;NA
FIN;812;FUN;SR;OK;TASK000013362048;Priority 3;NA
L1;812;MON;SR;OK;TASK000013362076;Priority 3;NA
L1;812;MON;HK;OK;TASK000013362219;Priority 4;NA
SEC;OXE;SEC;SR;OK;TASK000013362285;Priority 3;NA
L1;812;MON;SR;OK;TASK000013362295;Priority 3;NA
SEC;LAT;SEC;SR;OK;TASK000013362347;Priority 4;NA
SEC;LAT;SEC;SR;OK;TASK000013362356;Priority 4;NA
SCH;LAT;SCH;SR;OK;TASK000013362385;Priority 3;NA
SEC;WS;SEC;SR;OK;TASK000013362398;Priority 3;NA
SEC;DCF;SEC;SR;OK;TASK000013362404;Priority 3;NA
SEC;EMS;SEC;SR;OK;TASK000013362472;Priority 3;NA
CNC;812;CNC;SR;OK;TASK000013362538;Priority 3;NA
L1;812;MON;SR;OK;TASK000013362643;Priority 4;NA
CNC;812;CNC;SR;OK;TASK000013362688;Priority 3;NA
SEC;BWI;SEC;SR;OK;TASK000013362740;Priority 4;NA
SEC;812;SEC;SR;OK;TASK000013362769;Priority 3;NA
CNC;812;CNC;SR;OK;TASK000013362812;Priority 3;NA
SEC;812;SEC;SR;OK;TASK000013362859;Priority 3;NA
L1;812;MON;SR;OK;TASK000013362923;Priority 3;NA
SEC;812;SEC;SR;OK;TASK000013362935;Priority 3;NA
DBA;812;DBA;CHG;OK;TASK000013362948;Priority 3;NA
SEC;812;SEC;SR;OK;TASK000013362953;Priority 3;NA
L1;812;MON;SR;OK;TASK000013362960;Priority 3;NA
CNC;OXE;L1 ;SR;OK;TASK000013362967;Priority 3;NA
CNC;OXE;L1 ;SR;OK;TASK000013362985;Priority 3;NA
SEC;812;SEC;SR;OK;TASK000013363049;Priority 3;NA
APS;ETH;APS;SR;OK;TASK000013363061;Priority 3;NA
SEC;812;SEC;SR;OK;TASK000013363169;Priority 3;NA
SEC;812;SEC;SR;OK;TASK000013363204;Priority 3;NA
CNC;812;CNC;SR;OK;TASK000013363238;Priority 3;NA
CNC;812;CNC;SR;OK;TASK000013363422;Priority 3;NA
L1;812;MON;SR;OK;TASK000013363460;Priority 3;NA
SEC;812;SEC;SR;OK;TASK000013363480;Priority 3;NA
SEC;EDS;SEC;SR;Defect;TASK000013363509;Priority 3;NA
SEC;BWI;SEC;SR;OK;TASK000013363554;Priority 4;NA
SEC;ETH;SEC;SR;OK;TASK000013363580;Priority 3;NA
SEC;BWI;SEC;SR;OK;TASK000013363592;Priority 4;NA
SEC;812;SEC;SR;OK;TASK000013363641;Priority 3;NA
SEC;812;SEC;SR;OK;TASK000013363663;Priority 3;NA
SEC;MNT;SEC;SR;OK;TASK000013363673;Priority 3;NA
CNC;ETH;L1 ;SR;OK;TASK000013363689;Priority 3;NA
SEC;BWI;SEC;SR;OK;TASK000013363737;Priority 4;NA
SEC;ETH;SEC;SR;OK;TASK000013363806;Priority 4;NA
APS;ETH;APS;SR;OK;TASK000013363848;Priority 3;NA
DBA;812;DBA;SR;OK;TASK000013363855;Priority 3;NA
SEC;BWI;SEC;SR;OK;TASK000013363871;Priority 4;NA
DBA;812;DBA;SR;OK;TASK000013363885;Priority 3;NA
SEC;BWI;SEC;SR;OK;TASK000013363905;Priority 4;NA
FUN;DCF;SEC;SR;OK;TASK000013364022;Priority 3;NA
SEC;EMS;SEC;SR;OK;TASK000013364079;Priority 3;NA
CNC;MNT;CNC;SR;OK;TASK000013364126;Priority 3;NA
APS;ETH;APS;SR;OK;TASK000013364258;Priority 4;NA
SEC;BWI;SEC;SR;OK;TASK000013364286;Priority 4;NA
FUN;CAN;FUN;SR;OK;TASK000013364424;Priority 3;NA
SEC;BWI;SEC;SR;OK;TASK000013364587;Priority 4;NA
SEC;BWI;SEC;SR;OK;TASK000013364637;Priority 4;NA
SEC;BWI;SEC;SR;OK;TASK000013364703;Priority 4;NA
SEC;ETH;SEC;SR;OK;TASK000013364760;Priority 3;NA
SEC;ETH;SEC;SR;OK;TASK000013364861;Priority 3;NA
FUN;EES;FUN;SR;OK;TASK000013364931;Priority 3;NA
SEC;BWI;SEC;SR;OK;TASK000013364961;Priority 4;NA
SEC;ETH;SEC;SR;OK;TASK000013364962;Priority 3;NA
SEC;ETH;SEC;SR;OK;TASK000013364976;Priority 3;NA
SEC;ETH;SEC;SR;OK;TASK000013364992;Priority 3;NA
L1;BWI;L1 ;SR;OK;TASK000013365215;Priority 3;NA
L1;BWI;L1 ;SR;OK;TASK000013365225;Priority 3;NA
L1;BWI;L1 ;SR;OK;TASK000013365228;Priority 3;NA
L1;MNT;MON;SR;OK;TASK000013365310;Priority 3;NA
CNC;DCF;CNC;SR;OK;TASK000013365338;Priority 3;NA
SEC;ETH;SEC;SR;OK;TASK000013365494;Priority 3;NA
APS;ETH;APS;SR;OK;TASK000013365501;Priority 3;NA
SEC;MNT;SEC;SR;OK;TASK000013365652;Priority 3;NA
DBA;812;DBA;SR;OK;TASK000013365813;Priority 3;NA
SEC;MNT;SEC;SR;OK;TASK000013365815;Priority 3;NA
SEC;812;SEC;SR;OK;TASK000013365902;Priority 3;NA
SEC;EDS;SEC;SR;OK;TASK000013365939;Priority 3;NA
L1;BWI;L1 ;SR;OK;TASK000013366033;Priority 3;NA
SEC;812;SEC;SR;OK;TASK000013366060;Priority 3;NA
SEC;812;SEC;SR;OK;TASK000013366061;Priority 3;NA
SEC;812;SEC;SR;OK;TASK000013366086;Priority 3;NA
SEC;812;SEC;SR;OK;TASK000013366087;Priority 3;NA
SEC;812;SEC;SR;OK;TASK000013366102;Priority 3;NA
SEC;812;SEC;SR;OK;TASK000013366106;Priority 3;NA
DBA;812;DBA;SR;OK;TASK000013366162;Priority 3;NA
FUN;DXE;FUN;SR;OK;TASK000013366166;Priority 3;NA
FUN;DCF;SEC;SR;OK;TASK000013366250;Priority 3;NA
SEC;MNT;SEC;SR;OK;TASK000013366280;Priority 3;NA
SEC;MNT;SEC;SR;OK;TASK000013366331;Priority 3;NA
APS;EES;APS;SR;Defect;TASK000013366406;Priority 3;NA
SEC;LAT;SEC;SR;OK;TASK000013366436;Priority 3;NA
SEC;EDS;SEC;SR;OK;TASK000013366527;Priority 3;NA
SEC;812;SEC;SR;OK;TASK000013366632;Priority 3;NA
SEC;812;SEC;SR;OK;TASK000013366639;Priority 3;NA
SEC;812;SEC;SR;OK;TASK000013366705;Priority 3;NA
SEC;812;SEC;SR;OK;TASK000013366797;Priority 3;NA
SEC;812;SEC;SR;OK;TASK000013366800;Priority 3;NA
SEC;812;SEC;SR;OK;TASK000013366867;Priority 3;NA
DBA;812;DBA;SR;OK;TASK000013366871;Priority 3;NA
SEC;EDS;SEC;SR;OK;TASK000013366967;Priority 3;NA
L1;EDS;MON;SR;OK;TASK000013366999;Priority 3;NA
SEC;812;SEC;SR;OK;TASK000013367048;Priority 3;NA
FUN;DCF;SEC;SR;OK;TASK000013367099;Priority 3;NA
SEC;812;SEC;SR;OK;TASK000013367121;Priority 3;NA
SEC;812;SEC;SR;OK;TASK000013367196;Priority 3;NA
APS;ETH;APS;SR;OK;TASK000013367311;Priority 3;NA
APS;ETH;APS;SR;OK;TASK000013367321;Priority 3;NA
SEC;DXE;SEC;SR;OK;TASK000013367411;Priority 3;NA
APS;ETH;APS;SR;OK;TASK000013367958;Priority 3;NA
CNC;LAT;CNC;SR;OK;TASK000013367978;Priority 3;NA
SEC;812;SEC;SR;OK;TASK000013368083;Priority 3;NA
APS;ETH;APS;SR;OK;TASK000013368101;Priority 3;NA
SEC;812;SEC;SR;OK;TASK000013368148;Priority 3;NA
DBA;812;DBA;SR;OK;TASK000013368155;Priority 3;NA
SEC;ETH;SEC;SR;OK;TASK000013368158;Priority 3;NA
SEC;812;SEC;SR;OK;TASK000013368181;Priority 3;NA
L1;812;MON;SR;OK;TASK000013368227;Priority 3;NA
SEC;812;SEC;SR;OK;TASK000013368229;Priority 3;NA
SEC;812;SEC;SR;OK;TASK000013368255;Priority 3;NA
L1;BWI;L1 ;SR;OK;TASK000013368428;Priority 3;NA
L1;BWI;L1 ;SR;OK;TASK000013368440;Priority 3;NA
APS;ETH;APS;SR;OK;TASK000013368520;Priority 3;NA
APS;ETH;APS;SR;OK;TASK000013368768;Priority 3;NA
SEC;MNT;SEC;SR;OK;TASK000013368887;Priority 3;NA
L1;BWI;L1 ;SR;OK;TASK000013368895;Priority 3;NA
SEC;812;SEC;SR;OK;TASK000013369029;Priority 3;NA
L1;BWI;L1 ;SR;OK;TASK000013369338;Priority 3;NA
L1;BWI;L1 ;SR;OK;TASK000013369353;Priority 3;NA
SEC;BWI;SEC;SR;Defect;TASK000013369432;Priority 4;NA
MNT;MNT;FUN;SR;OK;TASK000013369600;Priority 4;NA
L1;BWI;L1 ;SR;OK;TASK000013369764;Priority 3;NA
L1;812;CNC;SR;OK;TASK000013369840;Priority 4;NA
L1;812;CNC;SR;OK;TASK000013370227;Priority 4;NA
FUN;812;FUN;SR;OK;TASK000013370419;Priority 4;NA
L1;812;CNC;SR;OK;TASK000013370839;Priority 4;NA
FIN;812;FUN;SR;OK;TASK000013371066;Priority 4;NA
SEC;BWI;SEC;SR;OK;TASK000013371395;Priority 4;NA
FUN;812;FUN;SR;OK;TASK000013371424;Priority 4;NA
FUN;WS;FUN;SR;OK;TASK000013371709;Priority 4;NA
SEC;BWI;SEC;SR;OK;TASK000013371807;Priority 4;NA
SEC;BWI;SEC;SR;OK;TASK000013372036;Priority 4;NA
SEC;DPY;SEC;SR;OK;TASK000013372044;Priority 4;NA
APS;EES;APS;SR;OK;TASK000013372593;Priority 4;NA
SEC;BWI;SEC;SR;OK;TASK000013372730;Priority 4;NA
FUN;812;FUN;SR;OK;TASK000013372922;Priority 4;NA
L1;812;CNC;SR;OK;TASK000013373817;Priority 4;NA
APS;ETH;APS;SR;OK;TASK000013374062;Priority 4;NA
FUN;812;FUN;SR;OK;TASK000013374207;Priority 4;NA
L1;812;CNC;SR;OK;TASK000013374295;Priority 4;NA
SEC;BWI;SEC;SR;OK;TASK000013375524;Priority 4;NA
SEC;BWI;SEC;SR;OK;TASK000013375817;Priority 4;NA
SEC;BWI;SEC;SR;OK;TASK000013376912;Priority 4;NA
SEC;BWI;SEC;SR;OK;TASK000013377317;Priority 4;NA
SEC;BWI;SEC;SR;OK;TASK000013377320;Priority 4;NA
SEC;BWI;SEC;SR;OK;TASK000013377321;Priority 4;NA
SEC;BWI;SEC;SR;OK;TASK000013377322;Priority 4;NA
SEC;BWI;SEC;SR;OK;TASK000013377323;Priority 4;NA
FUN;ETH;FUN;SR;OK;TASK000013379545;Priority 4;NA
FUN;EES;FUN;SR;OK;TASK000013379930;Priority 4;NA
FUN;812;FUN;SR;OK;TASK000013380107;Priority 4;NA
SEC;BWI;SEC;SR;OK;TASK000013381053;Priority 4;NA
APS;EES;APS;SR;OK;TASK000013381521;Priority 4;NA
SEC;BWI;SEC;SR;OK;TASK000013381907;Priority 4;NA
SEC;BWI;SEC;SR;OK;TASK000013381956;Priority 4;NA
SEC;BWI;SEC;SR;OK;TASK000013381963;Priority 4;NA
FUN;MNT;FUN;SR;OK;TASK000013383442;Priority 4;NA
FUN;812;FUN;SR;OK;TASK000013383642;Priority 4;NA
FUN;812;FUN;SR;OK;TASK000013383655;Priority 4;NA
FUN;812;FUN;SR;OK;TASK000013383866;Priority 4;NA
APS;ETH;APS;SR;OK;TASK000013384305;Priority 4;NA
FUN;WS;FUN;SR;OK;TASK000013384818;Priority 4;NA
SEC;BWI;SEC;SR;OK;TASK000013385170;Priority 4;NA
SEC;BWI;SEC;SR;OK;TASK000013385451;Priority 4;NA
SEC;BWI;SEC;SR;OK;TASK000013386040;Priority 4;NA
SEC;BWI;SEC;SR;OK;TASK000013386065;Priority 4;NA
APS;EES;APS;SR;OK;TASK000013386345;Priority 4;NA
FUN;ETH;FUN;SR;OK;TASK000013386687;Priority 4;NA
SEC;MNT;SEC;SR;OK;TASK000013387191;Priority 3;NA
L1;BWI;L1 ;SR;OK;TASK000013387366;Priority 3;NA
SEC;812;SEC;SR;OK;TASK000013387425;Priority 3;NA
APS;DCF;APS;SR;Defect;TASK000013387515;Priority 3;NA
SEC;WS;SEC;SR;OK;TASK000013387525;Priority 3;NA
SEC;WS;SEC;SR;OK;TASK000013387814;Priority 3;NA
FIN;812;FUN;SR;OK;TASK000013387966;Priority 4;NA
DBA;812;DBA;CHG;Defect;TASK000013387969;Priority 3;NA
FIN;812;FUN;SR;OK;TASK000013387976;Priority 4;NA
SEC;MNT;SEC;SR;OK;TASK000013388275;Priority 3;NA
SEC;812;SEC;SR;OK;TASK000013388287;Priority 3;NA
SEC;WS;SEC;SR;OK;TASK000013388526;Priority 3;NA
SEC;DXE;SEC;SR;OK;TASK000013388567;Priority 3;NA
DBA;812;DBA;CHG;OK;TASK000013388668;Priority 3;NA
L1;BWI;L1 ;SR;OK;TASK000013388737;Priority 3;NA
SEC;ETH;SEC;SR;OK;TASK000013388807;Priority 3;NA
FUN;DCF;SEC;SR;OK;TASK000013388831;Priority 3;NA
FUN;812;FUN;SR;OK;TASK000013388840;Priority 3;NA
FUN;812;FUN;SR;OK;TASK000013388853;Priority 3;NA
FUN;DCF;SEC;SR;Defect;TASK000013388922;Priority 3;NA
L1;812;CNC;SR;OK;TASK000013388957;Priority 3;NA
SEC;WS;SEC;SR;OK;TASK000013388998;Priority 3;NA
SEC;WS;SEC;SR;OK;TASK000013389016;Priority 3;NA
SEC;CAN;SEC;SR;OK;TASK000013389027;Priority 3;NA
SEC;WS;SEC;SR;OK;TASK000013389030;Priority 3;NA
FUN;DCF;SEC;SR;Defect;TASK000013389038;Priority 3;NA
FUN;DXE;FUN;SR;OK;TASK000013389119;Priority 4;NA
SEC;812;SEC;SR;OK;TASK000013389169;Priority 3;NA
SEC;DXE;SEC;SR;OK;TASK000013389178;Priority 3;NA
SCH;812;SCH;SR;OK;TASK000013389236;Priority 3;NA
APS;ETH;APS;SR;OK;TASK000013389432;Priority 3;NA
SEC;DXE;SEC;SR;OK;TASK000013389605;Priority 3;NA
CNC;CAN;CNC;SR;OK;TASK000013389644;Priority 3;NA
L1;BWI;L1 ;SR;OK;TASK000013389673;Priority 3;NA
SEC;BWI;SEC;SR;OK;TASK000013389720;Priority 4;NA
APS;ETH;APS;SR;OK;TASK000013390042;Priority 3;NA
L1;BWI;L1 ;SR;OK;TASK000013390120;Priority 3;NA
DCF;DCF;FUN;SR;Defect;TASK000013390189;Priority 3;NA
L1;BWI;L1 ;SR;OK;TASK000013390221;Priority 3;NA
SEC;ETH;SEC;SR;OK;TASK000013390238;Priority 3;NA
FUN;CAN;FUN;INC;OK;TASK000013390372;Priority 3;NA
SEC;WS;SEC;SR;OK;TASK000013390435;Priority 3;NA
DCF;DCF;FUN;SR;OK;TASK000013390450;Priority 3;NA
SEC;WS;SEC;SR;OK;TASK000013390464;Priority 3;NA
SEC;SYN;SEC;SR;Defect;TASK000013390490;Priority 3;NA
SEC;WS;SEC;SR;OK;TASK000013390516;Priority 3;NA
FUN;CAN;FUN;INC;OK;TASK000013390541;Priority 3;NA
L1;BWI;L1 ;SR;OK;TASK000013390566;Priority 3;NA
SEC;812;SEC;SR;OK;TASK000013390980;Priority 3;NA
SEC;812;SEC;SR;OK;TASK000013391045;Priority 3;NA
L1;812;CNC;SR;OK;TASK000013391257;Priority 4;NA
APS;ETH;APS;SR;OK;TASK000013391265;Priority 3;NA
SEC;812;SEC;SR;OK;TASK000013391503;Priority 3;NA
L1;EES;CNC;SR;OK;TASK000013391512;Priority 3;NA
SCH;812;SCH;SR;OK;TASK000013391526;Priority 3;NA
SCH;LAT;SCH;SR;OK;TASK000013391576;Priority 3;NA
FUN;812;FUN;SR;OK;TASK000013391589;Priority 3;NA
DBA;812;DBA;SR;OK;TASK000013391637;Priority 3;NA
SEC;DXE;SEC;SR;OK;TASK000013391646;Priority 3;NA
FUN;COR;FUN;SR;OK;TASK000013391647;Priority 3;NA
FUN;812;FUN;SR;OK;TASK000013391737;Priority 3;NA
APS;ETH;APS;SR;OK;TASK000013391753;Priority 3;NA
CNC;DCF;CNC;SR;OK;TASK000013391820;Priority 3;NA
SEC;WS;SEC;SR;OK;TASK000013391969;Priority 3;NA
L1;BWI;L1 ;SR;OK;TASK000013391979;Priority 3;NA
L1;BWI;L1 ;SR;OK;TASK000013392001;Priority 3;NA
L1;BWI;L1 ;SR;OK;TASK000013392039;Priority 3;NA
FUN;DCF;SEC;SR;OK;TASK000013392074;Priority 3;NA
SEC;812;SEC;SR;OK;TASK000013392076;Priority 3;NA
SEC;MNT;SEC;SR;OK;TASK000013392110;Priority 3;NA
L1;BWI;L1 ;SR;OK;TASK000013392119;Priority 3;NA
CNC;EMS;CNC;SR;OK;TASK000013392151;Priority 3;NA
SEC;BWI;SEC;SR;OK;TASK000013392174;Priority 4;NA
DBA;812;DBA;SR;OK;TASK000013392206;Priority 3;NA
FUN;DXE;FUN;SR;OK;TASK000013392432;Priority 3;NA
SEC;BWI;SEC;SR;OK;TASK000013392495;Priority 4;NA
FUN;DCF;SEC;SR;OK;TASK000013392561;Priority 3;NA
SEC;MNT;SEC;SR;OK;TASK000013392576;Priority 3;NA
FUN;812;FUN;SR;OK;TASK000013392588;Priority 3;NA
APS;EES;APS;SR;OK;TASK000013392593;Priority 3;NA
SEC;ETH;SEC;SR;OK;TASK000013392613;Priority 3;NA
SEC;WS;SEC;SR;OK;TASK000013392624;Priority 3;NA
SEC;MNT;SEC;SR;OK;TASK000013392837;Priority 3;NA
DBA;812;DBA;SR;OK;TASK000013392867;Priority 3;NA
SEC;BWI;SEC;SR;OK;TASK000013393021;Priority 4;NA
SEC;MNT;SEC;SR;OK;TASK000013393167;Priority 3;NA
SEC;BWI;SEC;SR;OK;TASK000013393192;Priority 4;NA
SEC;BWI;SEC;SR;OK;TASK000013393211;Priority 4;NA
L1;BWI;L1 ;SR;OK;TASK000013393272;Priority 3;NA
SEC;812;SEC;SR;OK;TASK000013393293;Priority 3;NA
APS;ETH;APS;SR;OK;TASK000013393378;Priority 3;NA
SEC;MNT;SEC;SR;OK;TASK000013393495;Priority 3;NA
CNC;BWI;CNC;SR;OK;TASK000013393542;Priority 3;NA
SEC;BWI;SEC;SR;OK;TASK000013393692;Priority 4;NA
FUN;DCF;SEC;SR;Defect;TASK000013393698;Priority 3;NA
FUN;DCF;SEC;SR;OK;TASK000013393720;Priority 3;NA
SEC;BWI;SEC;SR;OK;TASK000013393723;Priority 4;NA
CNC;BWI;CNC;SR;OK;TASK000013393915;Priority 3;NA
SEC;BWI;SEC;SR;OK;TASK000013393919;Priority 4;NA
SEC;BWI;SEC;SR;OK;TASK000013393966;Priority 4;NA
SEC;BWI;SEC;SR;OK;TASK000013394075;Priority 4;NA
SEC;MNT;SEC;SR;OK;TASK000013394110;Priority 3;NA
SEC;MNT;SEC;SR;OK;TASK000013394114;Priority 3;NA
L1;BWI;L1 ;SR;OK;TASK000013394237;Priority 3;NA
L1;812;CNC;SR;OK;TASK000013394354;Priority 4;NA
SEC;BWI;SEC;SR;OK;TASK000013394603;Priority 4;NA
SEC;BWI;SEC;SR;OK;TASK000013394609;Priority 4;NA
L1;BWI;L1 ;SR;OK;TASK000013394691;Priority 4;NA
SEC;812;SEC;SR;OK;TASK000013394741;Priority 3;NA
SEC;812;SEC;SR;OK;TASK000013394796;Priority 3;NA
SEC;MNT;SEC;SR;OK;TASK000013394825;Priority 3;NA
L1;812;CNC;SR;OK;TASK000013394873;Priority 4;NA
SEC;MNT;SEC;SR;OK;TASK000013394903;Priority 3;NA
SEC;812;SEC;SR;OK;TASK000013394925;Priority 3;NA
SEC;812;SEC;SR;OK;TASK000013394938;Priority 3;NA
SEC;812;SEC;SR;OK;TASK000013395024;Priority 3;NA
DBA;812;DBA;CHG;Defect;TASK000013395047;Priority 3;NA
SEC;812;SEC;SR;OK;TASK000013395096;Priority 3;NA
FUN;812;FUN;SR;OK;TASK000013395211;Priority 3;NA
DBA;812;DBA;SR;OK;TASK000013395310;Priority 3;NA
SEC;812;SEC;SR;OK;TASK000013395313;Priority 3;NA
SEC;812;SEC;SR;OK;TASK000013395493;Priority 3;NA
SEC;WS;SEC;SR;OK;TASK000013395524;Priority 3;NA
FUN;812;FUN;SR;OK;TASK000013395533;Priority 3;NA
SEC;WS;SEC;SR;OK;TASK000013395547;Priority 3;NA
L1;812;CNC;SR;OK;TASK000013395582;Priority 4;NA
FUN;812;FUN;SR;OK;TASK000013395615;Priority 3;NA
CNC;812;CNC;SR;OK;TASK000013395624;Priority 3;NA
CNC;ETH;CNC;SR;OK;TASK000013395835;Priority 3;NA
L1;812;CNC;SR;OK;TASK000013395883;Priority 3;NA
DBA;812;DBA;SR;OK;TASK000013395918;Priority 3;NA
SCH;LAT;SCH;SR;OK;TASK000013395934;Priority 3;NA
SEC;ETH;SEC;SR;OK;TASK000013395938;Priority 3;NA
SEC;DXE;SEC;SR;OK;TASK000013395945;Priority 3;NA
CNC;BWI;CNC;SR;OK;TASK000013396001;Priority 3;NA
SEC;WS;SEC;SR;OK;TASK000013396019;Priority 3;NA
CNC;ETH;CNC;SR;OK;TASK000013396038;Priority 3;NA
L1;BWI;L1 ;INC;OK;TASK000013396085;Priority 3;NA
SEC;812;SEC;SR;OK;TASK000013396127;Priority 3;NA
APS;ETH;APS;SR;OK;TASK000013396131;Priority 3;NA
CNC;812;CNC;SR;OK;TASK000013396141;Priority 3;NA
FUN;DCF;SEC;SR;OK;TASK000013396165;Priority 3;NA
CNC;DCF;CNC;SR;OK;TASK000013396200;Priority 3;NA
SEC;812;SEC;SR;OK;TASK000013396227;Priority 3;NA
SEC;DPY;SEC;SR;OK;TASK000013396277;Priority 3;NA
SEC;EMS;SEC;SR;OK;TASK000013396331;Priority 3;NA
SEC;BWI;SEC;SR;OK;TASK000013396337;Priority 4;NA
DBA;812;DBA;SR;OK;TASK000013396386;Priority 3;NA
CNC;BWI;CNC;SR;OK;TASK000013396421;Priority 3;NA
FUN;COR;FUN;SR;OK;TASK000013396516;Priority 3;NA
SEC;812;SEC;SR;OK;TASK000013396644;Priority 3;NA
SEC;LAT;SEC;SR;OK;TASK000013396698;Priority 3;NA
APS;EES;APS;SR;OK;TASK000013396727;Priority 3;NA
DBA;812;DBA;SR;OK;TASK000013396778;Priority 3;NA
CNC;EES;CNC;SR;OK;TASK000013396796;Priority 3;NA
SEC;WS;SEC;SR;OK;TASK000013396819;Priority 3;NA
APS;ETH;APS;SR;OK;TASK000013396838;Priority 4;NA
CNC;ETH;TEC;SR;OK;TASK000013396864;Priority 3;NA
SEC;MNT;SEC;SR;OK;TASK000013396884;Priority 3;NA
CNC;BWI;CNC;SR;OK;TASK000013396895;Priority 3;NA
SEC;BWI;SEC;SR;OK;TASK000013397012;Priority 4;NA
SEC;DXE;SEC;SR;OK;TASK000013397097;Priority 3;NA
SEC;EMS;SEC;SR;OK;TASK000013397099;Priority 3;NA
SEC;CAN;SEC;SR;OK;TASK000013397134;Priority 3;NA
SEC;BWI;SEC;SR;OK;TASK000013397165;Priority 4;NA
SEC;BWI;SEC;SR;OK;TASK000013397252;Priority 4;NA
FUN;CAN;FUN;SR;OK;TASK000013397328;Priority 3;NA
CNC;LAT;CNC;SR;OK;TASK000013397621;Priority 3;NA
CNC;DPY;CNC;SR;OK;TASK000013397623;Priority 3;NA
SEC;MNT;SEC;SR;Defect;TASK000013397740;Priority 3;NA
SEC;MNT;SEC;SR;OK;TASK000013397741;Priority 3;NA
SEC;MNT;SEC;SR;Defect;TASK000013397750;Priority 3;NA
SEC;MNT;SEC;SR;Defect;TASK000013397754;Priority 3;NA
SEC;MNT;SEC;SR;OK;TASK000013397755;Priority 3;NA
SEC;MNT;SEC;SR;OK;TASK000013397762;Priority 3;NA
SEC;MNT;SEC;SR;OK;TASK000013397768;Priority 3;NA
SEC;MNT;SEC;SR;OK;TASK000013397790;Priority 3;NA
SEC;MNT;SEC;SR;OK;TASK000013397818;Priority 3;NA
SEC;WS;SEC;SR;OK;TASK000013397819;Priority 3;NA
SEC;MNT;SEC;SR;OK;TASK000013397820;Priority 3;NA
SEC;MNT;SEC;SR;OK;TASK000013397821;Priority 3;NA
CNC;DCF;CNC;SR;OK;TASK000013398209;Priority 3;NA
CNC;BWI;CNC;SR;OK;TASK000013398212;Priority 3;NA
SEC;812;SEC;SR;OK;TASK000013398738;Priority 3;NA
L1;812;CNC;SR;OK;TASK000013398741;Priority 3;NA
SEC;812;SEC;SR;OK;TASK000013398755;Priority 3;NA
DBA;812;DBA;SR;OK;TASK000013398854;Priority 3;NA
APS;ETH;APS;SR;OK;TASK000013399005;Priority 3;NA
FUN;COR;FUN;SR;OK;TASK000013399157;Priority 3;NA
SEC;812;SEC;SR;OK;TASK000013399221;Priority 3;NA
DBA;812;DBA;SR;OK;TASK000013399246;Priority 3;NA
SEC;812;SEC;SR;OK;TASK000013399272;Priority 3;NA
SEC;812;SEC;SR;OK;TASK000013399274;Priority 3;NA
FUN;812;FUN;SR;OK;TASK000013399281;Priority 3;NA
SCH;812;SCH;SR;OK;TASK000013399330;Priority 3;NA
SEC;812;SEC;SR;OK;TASK000013399359;Priority 3;NA
SEC;EDS;SEC;SR;OK;TASK000013399442;Priority 3;NA
FUN;COR;FUN;SR;OK;TASK000013399508;Priority 3;NA
CNC;812;CNC;SR;OK;TASK000013399568;Priority 3;NA
DBA;812;DBA;SR;OK;TASK000013399623;Priority 3;NA
L1;MNT;CNC;SR;OK;TASK000013399686;Priority 3;NA
CNC;BWI;CNC;SR;OK;TASK000013399753;Priority 3;NA
SEC;812;SEC;SR;OK;TASK000013399785;Priority 3;NA
SEC;BWI;SEC;SR;OK;TASK000013399793;Priority 4;NA
SEC;812;SEC;SR;OK;TASK000013399799;Priority 3;NA
SEC;BWI;SEC;SR;Defect;TASK000013399804;Priority 4;NA
L1;BWI;L1 ;SR;OK;TASK000013399844;Priority 3;NA
SEC;DXE;SEC;SR;OK;TASK000013399892;Priority 3;NA
SEC;DPY;SEC;SR;OK;TASK000013399907;Priority 3;NA
SEC;812;SEC;SR;OK;TASK000013399915;Priority 3;NA
CNC;812;CNC;SR;OK;TASK000013399945;Priority 3;NA
SEC;DPY;SEC;SR;OK;TASK000013400179;Priority 3;NA
FUN;DCF;SEC;SR;Defect;TASK000013400213;Priority 3;NA
SEC;812;SEC;SR;OK;TASK000013400294;Priority 3;NA
SEC;812;SEC;SR;OK;TASK000013400327;Priority 3;NA
SEC;BWI;SEC;SR;OK;TASK000013400342;Priority 3;NA
SEC;BWI;SEC;SR;OK;TASK000013400353;Priority 3;NA
SEC;ETH;SEC;SR;OK;TASK000013400396;Priority 4;NA
FUN;CAN;FUN;INC;OK;TASK000013400409;Priority 3;NA
CNC;ETH;CNC;SR;OK;TASK000013400410;Priority 3;NA
L1;BWI;L1 ;SR;OK;TASK000013400432;Priority 3;NA
FUN;CAN;FUN;INC;OK;TASK000013400449;Priority 3;NA
CNC;ETH;L1 ;SR;OK;TASK000013400478;Priority 3;NA
SEC;BWI;SEC;SR;OK;TASK000013400616;Priority 4;NA
SEC;BWI;SEC;SR;OK;TASK000013400617;Priority 4;NA
SEC;BWI;SEC;SR;OK;TASK000013400646;Priority 4;NA
SEC;BWI;SEC;SR;OK;TASK000013400647;Priority 4;NA
CNC;ETH;L1 ;SR;OK;TASK000013400654;Priority 3;NA
L1;BWI;L1 ;SR;OK;TASK000013400663;Priority 3;NA
SEC;BWI;SEC;SR;OK;TASK000013400682;Priority 4;NA
SEC;BWI;SEC;SR;OK;TASK000013400683;Priority 4;NA
CNC;BWI;L1 ;SR;OK;TASK000013400767;Priority 3;NA
CNC;ETH;CNC;SR;OK;TASK000013400872;Priority 3;NA
SEC;812;SEC;SR;OK;TASK000013401209;Priority 3;NA
FUN;EDS;FUN;SR;OK;TASK000013401349;Priority 4;NA
SEC;812;SEC;SR;OK;TASK000013401480;Priority 3;NA
SEC;EMS;SEC;SR;OK;TASK000013401783;Priority 3;NA
FIN;812;FUN;SR;OK;TASK000013401808;Priority 4;NA
CNC;812;CNC;SR;OK;TASK000013401855;Priority 3;NA
FUN;WS;FUN;SR;OK;TASK000013401915;Priority 3;NA
FIN;812;INS;SR;OK;TASK000013401961;Priority 3;NA
CNC;812;CNC;SR;OK;TASK000013401963;Priority 3;NA
FUN;COR;FUN;SR;OK;TASK000013402000;Priority 3;NA
FUN;812;FUN;SR;OK;TASK000013402010;Priority 4;NA
CNC;812;CNC;SR;OK;TASK000013402064;Priority 3;NA
SEC;812;SEC;SR;OK;TASK000013402103;Priority 3;NA
SEC;EMS;SEC;SR;OK;TASK000013402143;Priority 3;NA
L1;812;CNC;SR;OK;TASK000013402247;Priority 3;NA
SCH;812;SCH;SR;OK;TASK000013402317;Priority 3;NA
SEC;812;SEC;SR;OK;TASK000013402422;Priority 3;NA
SCH;812;SCH;SR;Defect;TASK000013402436;Priority 3;NA
APS;DCF;APS;SR;OK;TASK000013402467;Priority 4;NA
SEC;812;SEC;SR;OK;TASK000013402556;Priority 3;NA
SEC;812;SEC;SR;OK;TASK000013402583;Priority 3;NA
SEC;EDS;SEC;SR;OK;TASK000013402646;Priority 3;NA
APS;ETH;APS;SR;OK;TASK000013402722;Priority 3;NA
FUN;DXE;FUN;SR;OK;TASK000013402749;Priority 3;NA
CNC;BWI;CNC;SR;OK;TASK000013402772;Priority 3;NA
CNC;812;CNC;SR;OK;TASK000013402773;Priority 3;NA
APS;ETH;APS;SR;OK;TASK000013402813;Priority 4;NA
FUN;DCF;SEC;SR;Defect;TASK000013402990;Priority 3;NA
L1;812;CNC;SR;OK;TASK000013403213;Priority 3;NA
SEC;812;SEC;SR;OK;TASK000013403471;Priority 3;NA
DCF;DCF;FUN;SR;OK;TASK000013403498;Priority 3;NA
SEC;BWI;SEC;SR;OK;TASK000013403610;Priority 4;NA
L1;BWI;L1 ;SR;OK;TASK000013403697;Priority 3;NA
SEC;ETH;SEC;SR;OK;TASK000013403716;Priority 3;NA
CNC;DXE;CNC;SR;OK;TASK000013403718;Priority 3;NA
APS;ETH;APS;SR;OK;TASK000013403726;Priority 3;NA
SEC;WS;SEC;SR;OK;TASK000013403750;Priority 3;NA
CNC;BWI;CNC;SR;OK;TASK000013403761;Priority 3;NA
SEC;BWI;SEC;SR;OK;TASK000013403764;Priority 4;NA
SEC;SYN;SEC;SR;OK;TASK000013403780;Priority 3;NA
SEC;SYN;SEC;SR;Defect;TASK000013403801;Priority 3;NA
L1;BWI;L1 ;SR;OK;TASK000013403823;Priority 3;NA
SEC;CAN;SEC;SR;OK;TASK000013403886;Priority 3;NA
CNC;812;CNC;SR;OK;TASK000013403891;Priority 3;NA
L1;BWI;L1 ;SR;OK;TASK000013403901;Priority 3;NA
FUN;EDS;FUN;SR;OK;TASK000013403903;Priority 4;NA
SEC;BWI;SEC;SR;OK;TASK000013403927;Priority 4;NA
FUN;DCF;SEC;SR;OK;TASK000013404149;Priority 3;NA
SEC;BWI;SEC;SR;OK;TASK000013404215;Priority 4;NA
SEC;MNT;SEC;SR;OK;TASK000013404234;Priority 3;NA
SEC;BWI;SEC;SR;OK;TASK000013404282;Priority 4;NA
SCH;LAT;SCH;SR;OK;TASK000013404413;Priority 3;NA
CNC;BWI;CNC;SR;OK;TASK000013404545;Priority 3;NA
L1;BWI;L1 ;SR;OK;TASK000013404596;Priority 3;NA
CNC;ETH;CNC;SR;OK;TASK000013404779;Priority 3;NA
L1;BWI;L1 ;SR;OK;TASK000013404828;Priority 3;NA
SEC;BWI;SEC;SR;OK;TASK000013404846;Priority 4;NA
SEC;BWI;SEC;SR;OK;TASK000013404864;Priority 4;NA
SEC;BWI;SEC;SR;OK;TASK000013404865;Priority 4;NA
SEC;BWI;SEC;SR;OK;TASK000013404870;Priority 4;NA
SEC;BWI;SEC;SR;OK;TASK000013404871;Priority 4;NA
L1;BWI;L1 ;SR;OK;TASK000013404952;Priority 3;NA
L1;DCF;CNC;SR;OK;TASK000013405469;Priority 3;NA
APS;DCF;APS;SR;OK;TASK000013405695;Priority 3;NA
CNC;812;CNC;SR;Defect;TASK000013405771;Priority 3;NA
FUN;DCF;SEC;SR;OK;TASK000013406035;Priority 3;NA
APS;ETH;APS;SR;OK;TASK000013406111;Priority 3;NA
FUN;812;FUN;SR;OK;TASK000013406115;Priority 4;NA
FUN;DCF;FUN;SR;OK;TASK000013406180;Priority 3;NA
FUN;812;FUN;SR;OK;TASK000013406317;Priority 4;NA
FUN;COR;FUN;SR;OK;TASK000013406352;Priority 3;NA
L1;812;CNC;SR;OK;TASK000013406418;Priority 3;NA
FUN;812;FUN;SR;OK;TASK000013406455;Priority 4;NA
APS;ETH;APS;SR;OK;TASK000013406529;Priority 3;NA
SEC;812;SEC;SR;OK;TASK000013406593;Priority 3;NA
SEC;812;SEC;SR;OK;TASK000013406614;Priority 3;NA
FUN;DCF;SEC;SR;OK;TASK000013406696;Priority 3;NA
APS;ETH;APS;SR;OK;TASK000013406697;Priority 3;NA
APS;ETH;APS;SR;OK;TASK000013406706;Priority 3;NA
APS;ETH;APS;SR;OK;TASK000013406729;Priority 3;NA
FUN;812;FUN;SR;OK;TASK000013406750;Priority 3;NA
SEC;BWI;SEC;SR;OK;TASK000013406755;Priority 4;NA
FUN;DCF;SEC;SR;OK;TASK000013406807;Priority 3;NA
DBA;812;DBA;SR;OK;TASK000013406966;Priority 3;NA
FUN;DCF;SEC;SR;OK;TASK000013406990;Priority 3;NA
SEC;DXE;SEC;SR;Defect;TASK000013407003;Priority 3;NA
CNC;ETH;CNC;SR;OK;TASK000013407005;Priority 3;NA
FUN;812;FUN;SR;OK;TASK000013407022;Priority 4;NA
FUN;812;FUN;SR;OK;TASK000013407046;Priority 3;NA
DCF;DCF;FUN;SR;Defect;TASK000013407101;Priority 3;NA
CNC;812;CNC;SR;OK;TASK000013407139;Priority 3;NA
SEC;812;SEC;SR;OK;TASK000013407158;Priority 3;NA
SEC;812;SEC;SR;OK;TASK000013407170;Priority 3;NA
DBA;812;DBA;SR;OK;TASK000013407177;Priority 3;NA
SEC;812;SEC;SR;OK;TASK000013407185;Priority 3;NA
FUN;DXE;FUN;SR;OK;TASK000013407199;Priority 4;NA
CNC;812;CNC;SR;OK;TASK000013407242;Priority 3;NA
APS;ETH;APS;SR;OK;TASK000013407418;Priority 3;NA
SEC;BWI;SEC;SR;OK;TASK000013407434;Priority 4;NA
FIN;812;FUN;SR;Defect;TASK000013407456;Priority 4;NA
FUN;COR;FUN;SR;OK;TASK000013407493;Priority 3;NA
CNC;812;CNC;SR;OK;TASK000013407502;Priority 3;NA
SEC;BWI;SEC;SR;OK;TASK000013407510;Priority 4;NA
SEC;812;SEC;SR;OK;TASK000013407597;Priority 3;NA
SEC;BWI;SEC;SR;OK;TASK000013407626;Priority 4;NA
APS;EES;APS;SR;OK;TASK000013407719;Priority 3;NA
SEC;812;SEC;SR;OK;TASK000013407754;Priority 3;NA
SEC;812;SEC;SR;OK;TASK000013407773;Priority 3;NA
APS;EES;APS;INC;OK;TASK000013407804;Priority 3;NA
APS;ETH;APS;SR;OK;TASK000013407824;Priority 3;NA
FUN;EES;FUN;SR;OK;TASK000013407831;Priority 3;NA
SEC;812;SEC;SR;OK;TASK000013407862;Priority 3;NA
SEC;DXE;SEC;SR;OK;TASK000013407901;Priority 3;NA
CNC;ETH;L1 ;SR;OK;TASK000013407909;Priority 3;NA
CNC;812;L1 ;SR;OK;TASK000013407949;Priority 3;NA
APS;ETH;APS;SR;OK;TASK000013408007;Priority 3;NA
SEC;BWI;SEC;SR;OK;TASK000013408008;Priority 4;NA
CNC;812;CNC;SR;OK;TASK000013408048;Priority 3;NA
L1;BWI;L1 ;SR;OK;TASK000013408102;Priority 3;NA
SEC;ETH;SEC;SR;OK;TASK000013408203;Priority 3;NA
DBA;812;DBA;SR;OK;TASK000013408219;Priority 3;NA
SEC;ETH;SEC;SR;OK;TASK000013408235;Priority 3;NA
L1;BWI;L1 ;SR;OK;TASK000013408260;Priority 3;NA
L1;BWI;L1 ;SR;OK;TASK000013408296;Priority 3;NA
APS;ETH;APS;SR;OK;TASK000013408387;Priority 3;NA
SEC;MNT;SEC;SR;OK;TASK000013408498;Priority 3;NA
CNC;BWI;CNC;SR;OK;TASK000013408539;Priority 3;NA
SEC;BWI;SEC;SR;OK;TASK000013408645;Priority 4;NA
L1;BWI;L1 ;SR;OK;TASK000013408668;Priority 3;NA
SEC;BWI;SEC;SR;OK;TASK000013408750;Priority 4;NA
CNC;BWI;L1 ;SR;OK;TASK000013408847;Priority 3;NA
SEC;812;SEC;SR;OK;TASK000013408988;Priority 3;NA
FUN;DCF;SEC;SR;OK;TASK000013409040;Priority 3;NA
FUN;COR;FUN;SR;OK;TASK000013409735;Priority 3;NA
SEC;812;SEC;SR;OK;TASK000013409749;Priority 3;NA
FUN;812;FUN;SR;OK;TASK000013409870;Priority 4;NA
SEC;WS;SEC;SR;OK;TASK000013410095;Priority 3;NA
L1;812;CNC;SR;OK;TASK000013410114;Priority 3;NA
SCH;812;SCH;SR;OK;TASK000013410159;Priority 3;NA
DBA;812;DBA;SR;OK;TASK000013410225;Priority 3;NA
SEC;812;SEC;SR;OK;TASK000013410226;Priority 3;NA
SEC;EMS;SEC;SR;OK;TASK000013410268;Priority 3;NA
SEC;812;SEC;SR;OK;TASK000013410408;Priority 3;NA
DBA;812;DBA;SR;OK;TASK000013410430;Priority 3;NA
SEC;MNT;SEC;SR;OK;TASK000013410443;Priority 3;NA
SEC;MNT;SEC;SR;OK;TASK000013410463;Priority 3;NA
SEC;812;SEC;SR;OK;TASK000013410497;Priority 3;NA
SEC;MNT;SEC;SR;OK;TASK000013410504;Priority 3;NA
SEC;MNT;SEC;SR;OK;TASK000013410529;Priority 3;NA
SEC;MNT;SEC;SR;OK;TASK000013410566;Priority 3;NA
FUN;DCF;FUN;SR;OK;TASK000013410574;Priority 3;NA
SEC;MNT;SEC;SR;OK;TASK000013410582;Priority 3;NA
CNC;812;CNC;SR;OK;TASK000013410598;Priority 3;NA
DBA;812;DBA;SR;OK;TASK000013410628;Priority 3;NA
SEC;CAN;SEC;SR;OK;TASK000013410640;Priority 3;NA
SEC;CAN;SEC;SR;OK;TASK000013410700;Priority 3;NA
SEC;SYN;SEC;SR;OK;TASK000013410756;Priority 3;NA
SEC;812;SEC;SR;OK;TASK000013410778;Priority 3;NA
SEC;812;SEC;SR;OK;TASK000013410807;Priority 3;NA
SEC;812;SEC;SR;OK;TASK000013410808;Priority 3;NA
L1;812;CNC;SR;OK;TASK000013410916;Priority 4;NA
SEC;WS;SEC;SR;OK;TASK000013411069;Priority 3;NA
SEC;DCF;SEC;SR;OK;TASK000013411095;Priority 3;NA
APS;ETH;APS;SR;OK;TASK000013411198;Priority 3;NA
APS;ETH;APS;SR;OK;TASK000013411232;Priority 3;NA
APS;ETH;APS;SR;OK;TASK000013411254;Priority 3;NA
FUN;DCF;FUN;SR;OK;TASK000013411294;Priority 3;NA
SEC;SYN;SEC;SR;Defect;TASK000013411303;Priority 3;NA
SEC;BWI;SEC;SR;OK;TASK000013411462;Priority 4;NA
CNC;ETH;L1 ;SR;OK;TASK000013411621;Priority 3;NA
APS;EES;APS;SR;OK;TASK000013411642;Priority 4;NA
SEC;ETH;SEC;SR;OK;TASK000013411663;Priority 3;NA
SEC;812;SEC;SR;OK;TASK000013411699;Priority 3;NA
APS;EES;APS;SR;OK;TASK000013411727;Priority 3;NA
FUN;EDS;FUN;SR;OK;TASK000013412255;Priority 4;NA
SEC;MNT;SEC;SR;OK;TASK000013412318;Priority 3;NA
SEC;MNT;SEC;SR;OK;TASK000013412337;Priority 3;NA
SEC;MNT;SEC;SR;OK;TASK000013412345;Priority 3;NA
SEC;MNT;SEC;SR;OK;TASK000013412349;Priority 3;NA
APS;EES;APS;SR;OK;TASK000013412434;Priority 3;NA
FUN;DCF;SEC;SR;OK;TASK000013412559;Priority 3;NA
FUN;DCF;SEC;SR;OK;TASK000013412734;Priority 3;NA
CNC;MNT;CNC;SR;OK;TASK000013412888;Priority 3;NA
CNC;MNT;CNC;SR;OK;TASK000013412891;Priority 3;NA
SCH;LAT;SCH;SR;OK;TASK000013413074;Priority 3;NA
SEC;BWI;SEC;SR;OK;TASK000013413099;Priority 4;NA
CNC;BWI;L1 ;SR;OK;TASK000013413130;Priority 3;NA
APS;EES;APS;SR;OK;TASK000013413147;Priority 3;NA
SCH;LAT;SCH;SR;OK;TASK000013413408;Priority 3;NA
FUN;DCF;SEC;SR;OK;TASK000013413930;Priority 3;NA
FUN;DCF;SEC;SR;Defect;TASK000013413964;Priority 3;NA
SEC;812;SEC;SR;OK;TASK000013414303;Priority 3;NA
APS;ETH;APS;SR;OK;TASK000013414360;Priority 3;NA
SEC;MNT;SEC;SR;OK;TASK000013414501;Priority 3;NA
SEC;ETH;SEC;SR;OK;TASK000013414527;Priority 3;NA
APS;ETH;APS;SR;OK;TASK000013414667;Priority 3;NA
SEC;812;SEC;SR;OK;TASK000013414798;Priority 3;NA
SCH;812;SCH;SR;OK;TASK000013414832;Priority 3;NA
DBA;812;DBA;SR;OK;TASK000013414848;Priority 3;NA
DBA;812;DBA;SR;OK;TASK000013414851;Priority 3;NA
DBA;812;DBA;SR;OK;TASK000013414865;Priority 3;NA
CNC;BWI;CNC;SR;OK;TASK000013415013;Priority 3;NA
SEC;812;SEC;SR;OK;TASK000013415054;Priority 3;NA
SEC;DXE;SEC;SR;OK;TASK000013415427;Priority 3;NA
SEC;812;SEC;SR;OK;TASK000013415517;Priority 3;NA
SEC;ETH;SEC;SR;OK;TASK000013415543;Priority 3;NA
SEC;812;SEC;SR;OK;TASK000013415565;Priority 3;NA
APS;ETH;APS;SR;OK;TASK000013415607;Priority 3;NA
DBA;812;DBA;SR;OK;TASK000013415744;Priority 3;NA
CNC;BWI;CNC;SR;OK;TASK000013415781;Priority 3;NA
APS;ETH;APS;SR;OK;TASK000013415782;Priority 3;NA
SEC;812;SEC;SR;OK;TASK000013415821;Priority 3;NA
SEC;812;SEC;SR;OK;TASK000013415900;Priority 3;NA
SEC;DPY;SEC;SR;OK;TASK000013415944;Priority 3;NA
L1;BWI;L1 ;SR;OK;TASK000013416082;Priority 3;NA
FIN;812;FUN;SR;OK;TASK000013416214;Priority 4;NA
SEC;BWI;SEC;SR;OK;TASK000013416219;Priority 4;NA
SEC;BWI;SEC;SR;OK;TASK000013416250;Priority 4;NA
CNC;BWI;CNC;SR;OK;TASK000013416412;Priority 3;NA
SEC;812;SEC;SR;OK;TASK000013416413;Priority 3;NA
CNC;BWI;CNC;SR;OK;TASK000013416429;Priority 3;NA
SEC;ETH;SEC;SR;OK;TASK000013416565;Priority 3;NA
APS;ETH;APS;SR;OK;TASK000013416566;Priority 3;NA
SEC;BWI;SEC;SR;OK;TASK000013416699;Priority 4;NA
SEC;CAN;SEC;SR;OK;TASK000013416782;Priority 3;NA
SEC;MNT;SEC;SR;OK;TASK000013416785;Priority 3;NA
SEC;BWI;SEC;SR;OK;TASK000013416905;Priority 4;NA
CNC;DCF;CNC;SR;OK;TASK000013417140;Priority 3;NA
SEC;BWI;SEC;SR;OK;TASK000013417149;Priority 4;NA
SCH;LAT;SCH;SR;OK;TASK000013417393;Priority 3;NA
L1;BWI;L1 ;SR;OK;TASK000013417408;Priority 3;NA
SEC;BWI;SEC;SR;OK;TASK000013417873;Priority 4;NA
CNC;LAT;CNC;SR;OK;TASK000013418211;Priority 3;NA
CNC;BWI;CNC;SR;OK;TASK000013418212;Priority 3;NA
CNC;BWI;CNC;SR;OK;TASK000013418214;Priority 3;NA
CNC;DCF;CNC;SR;OK;TASK000013418215;Priority 3;NA
CNC;LAT;CNC;SR;OK;TASK000013418216;Priority 3;NA
L1;812;CNC;SR;OK;TASK000013418247;Priority 3;NA
FIN;812;FUN;SR;OK;TASK000013418547;Priority 3;NA
SEC;812;SEC;SR;OK;TASK000013418639;Priority 3;NA
CNC;812;CNC;SR;OK;TASK000013418811;Priority 3;NA
CNC;812;CNC;SR;OK;TASK000013418890;Priority 3;NA
SEC;EMS;SEC;SR;Defect;TASK000013418902;Priority 3;NA
FUN;DCF;FUN;SR;OK;TASK000013419006;Priority 3;NA
SEC;812;SEC;SR;OK;TASK000013419007;Priority 3;NA
SEC;MNT;SEC;SR;OK;TASK000013419171;Priority 3;NA
SEC;812;SEC;SR;OK;TASK000013419189;Priority 3;NA
SEC;812;SEC;SR;OK;TASK000013419233;Priority 3;NA
SEC;812;SEC;SR;OK;TASK000013419255;Priority 3;NA
DBA;812;DBA;SR;OK;TASK000013419296;Priority 3;NA
SEC;812;SEC;SR;OK;TASK000013419348;Priority 3;NA
SEC;EMS;SEC;SR;OK;TASK000013419360;Priority 3;NA
SEC;ETH;SEC;SR;OK;TASK000013419362;Priority 3;NA
SCH;812;SCH;SR;OK;TASK000013419399;Priority 3;NA
SEC;EMS;SEC;SR;OK;TASK000013419412;Priority 3;NA
SEC;MNT;SEC;SR;OK;TASK000013419459;Priority 3;NA
FUN;812;FUN;SR;OK;TASK000013419476;Priority 4;NA
CNC;CAN;CNC;SR;OK;TASK000013419548;Priority 3;NA
DBA;812;DBA;SR;OK;TASK000013419624;Priority 3;NA
L1;812;CNC;SR;OK;TASK000013419643;Priority 4;NA
FUN;DCF;SEC;SR;OK;TASK000013419750;Priority 3;NA
FUN;812;FUN;SR;OK;TASK000013419762;Priority 3;NA
SEC;812;SEC;SR;OK;TASK000013419783;Priority 3;NA
SEC;812;SEC;SR;OK;TASK000013419784;Priority 3;NA
DBA;812;DBA;SR;OK;TASK000013419785;Priority 3;NA
FUN;ETH;FUN;SR;OK;TASK000013419792;Priority 4;NA
SEC;DPY;SEC;SR;OK;TASK000013419798;Priority 3;NA
SEC;EMS;SEC;SR;OK;TASK000013419815;Priority 3;NA
FUN;812;FUN;SR;OK;TASK000013419918;Priority 4;NA
SEC;812;SEC;SR;OK;TASK000013419953;Priority 3;NA
SEC;EMS;SEC;SR;OK;TASK000013419997;Priority 3;NA
FUN;WS;FUN;SR;OK;TASK000013419999;Priority 4;NA
FUN;812;FUN;SR;OK;TASK000013420016;Priority 4;NA
SEC;812;SEC;SR;OK;TASK000013420030;Priority 3;NA
FUN;812;FUN;SR;OK;TASK000013420124;Priority 3;NA
L1;812;CNC;SR;OK;TASK000013420189;Priority 4;NA
SEC;812;SEC;SR;OK;TASK000013420208;Priority 3;NA
FUN;812;FUN;SR;OK;TASK000013420234;Priority 4;NA
FUN;ETH;FUN;SR;OK;TASK000013420252;Priority 3;NA
FUN;812;FUN;SR;OK;TASK000013420258;Priority 3;NA
CNC;ETH;CNC;SR;OK;TASK000013420301;Priority 3;NA
L1;812;CNC;SR;OK;TASK000013420304;Priority 3;NA
SEC;MNT;SEC;SR;OK;TASK000013420311;Priority 3;NA
DBA;812;DBA;SR;OK;TASK000013420436;Priority 3;NA
CNC;EMS;CNC;SR;OK;TASK000013420446;Priority 3;NA
SEC;CAN;SEC;SR;OK;TASK000013420470;Priority 3;NA
APS;ETH;APS;SR;OK;TASK000013420487;Priority 3;NA
FUN;812;FUN;SR;Defect;TASK000013420530;Priority 4;NA
SEC;DPY;SEC;SR;OK;TASK000013420607;Priority 3;NA
CNC;CAN;CNC;SR;OK;TASK000013420614;Priority 3;NA
SEC;ETH;SEC;SR;OK;TASK000013420623;Priority 3;NA
SEC;BWI;SEC;SR;Defect;TASK000013420630;Priority 4;NA
APS;ETH;APS;SR;OK;TASK000013420643;Priority 3;NA
SEC;ETH;SEC;SR;OK;TASK000013420918;Priority 3;NA
L1;BWI;L1 ;SR;OK;TASK000013420932;Priority 4;NA
SEC;LAT;SEC;SR;OK;TASK000013420941;Priority 3;NA
SEC;812;SEC;SR;OK;TASK000013421092;Priority 3;NA
CNC;LAT;CNC;SR;OK;TASK000013421105;Priority 3;NA
SEC;BWI;SEC;SR;OK;TASK000013421146;Priority 4;NA
SEC;BWI;SEC;SR;OK;TASK000013421178;Priority 4;NA
DBA;812;DBA;SR;OK;TASK000013421303;Priority 3;NA
DBA;812;DBA;SR;Defect;TASK000013421309;Priority 3;NA
L1;BWI;L1 ;SR;OK;TASK000013421356;Priority 3;NA
SEC;BWI;SEC;SR;OK;TASK000013421374;Priority 4;NA
SEC;BWI;SEC;SR;OK;TASK000013421401;Priority 4;NA
SEC;812;SEC;SR;OK;TASK000013421578;Priority 3;NA
SEC;812;SEC;SR;OK;TASK000013421585;Priority 3;NA
DBA;812;DBA;SR;OK;TASK000013422064;Priority 3;NA
L1;EDS;CNC;SR;OK;TASK000013422095;Priority 3;NA
SEC;DXE;SEC;SR;OK;TASK000013422156;Priority 3;NA
L1;812;CNC;SR;OK;TASK000013422545;Priority 3;NA
APS;ETH;APS;SR;OK;TASK000013422588;Priority 3;NA
SEC;812;SEC;SR;OK;TASK000013422606;Priority 3;NA
DBA;812;DBA;SR;Defect;TASK000013422608;Priority 3;NA
SEC;812;SEC;SR;OK;TASK000013422624;Priority 3;NA
SEC;812;SEC;SR;OK;TASK000013422629;Priority 3;NA
SEC;812;SEC;SR;OK;TASK000013422636;Priority 3;NA
SEC;812;SEC;SR;OK;TASK000013422666;Priority 3;NA
L1;812;CNC;SR;OK;TASK000013422682;Priority 3;NA
SCH;812;SCH;SR;OK;TASK000013422691;Priority 3;NA
FIN;812;INS;SR;OK;TASK000013422795;Priority 4;NA
SEC;812;SEC;SR;OK;TASK000013422889;Priority 3;NA
APS;ETH;APS;SR;OK;TASK000013422913;Priority 3;NA
DBA;812;DBA;SR;OK;TASK000013422955;Priority 3;NA
CNC;812;CNC;SR;OK;TASK000013422982;Priority 3;NA
DBA;812;DBA;SR;OK;TASK000013423011;Priority 3;NA
SEC;812;SEC;SR;OK;TASK000013423039;Priority 3;NA
L1;812;CNC;SR;OK;TASK000013423133;Priority 4;NA
SEC;812;SEC;SR;OK;TASK000013423161;Priority 3;NA
OPS;EDS;CNC;SR;OK;TASK000013423172;Priority 3;NA
SEC;812;SEC;SR;OK;TASK000013423221;Priority 3;NA
OPS;EDS;CNC;SR;OK;TASK000013423296;Priority 3;NA
SEC;812;SEC;SR;OK;TASK000013423304;Priority 3;NA
SEC;SYN;SEC;SR;OK;TASK000013423376;Priority 3;NA
CNC;CAN;CNC;SR;OK;TASK000013423385;Priority 3;NA
FUN;EES;FUN;SR;OK;TASK000013423497;Priority 4;NA
FUN;ETH;FUN;SR;OK;TASK000013423515;Priority 4;NA
CNC;ETH;CNC;SR;OK;TASK000013423575;Priority 3;NA
SEC;812;SEC;SR;OK;TASK000013423603;Priority 3;NA
SEC;MNT;SEC;SR;OK;TASK000013423605;Priority 3;NA
CNC;LAT;CNC;SR;OK;TASK000013423632;Priority 3;NA
SEC;MNT;SEC;SR;OK;TASK000013423661;Priority 3;NA
DBA;812;DBA;SR;OK;TASK000013423673;Priority 3;NA
SEC;EMS;SEC;SR;Defect;TASK000013423686;Priority 3;NA
DBA;812;DBA;SR;OK;TASK000013423727;Priority 3;NA
SEC;EDS;SEC;SR;OK;TASK000013423739;Priority 3;NA
SEC;BWI;SEC;SR;OK;TASK000013423743;Priority 4;NA
CNC;LAT;CNC;SR;OK;TASK000013423757;Priority 3;NA
SEC;812;SEC;SR;OK;TASK000013423758;Priority 3;NA
SEC;812;SEC;SR;OK;TASK000013423813;Priority 3;NA
SCH;812;SCH;SR;OK;TASK000013423869;Priority 3;NA
FUN;812;FUN;SR;OK;TASK000013423902;Priority 3;NA
SEC;DXE;SEC;SR;Defect;TASK000013423926;Priority 3;NA
SEC;EDS;SEC;SR;OK;TASK000013423951;Priority 3;NA
SEC;EDS;SEC;SR;OK;TASK000013424159;Priority 3;NA
SEC;MNT;SEC;SR;OK;TASK000013424202;Priority 3;NA
SCH;812;SCH;SR;OK;TASK000013424344;Priority 3;NA
SCH;812;SCH;SR;OK;TASK000013424345;Priority 3;NA
DBA;812;DBA;SR;Defect;TASK000013424355;Priority 3;NA
CNC;812;CNC;SR;OK;TASK000013424365;Priority 3;NA
DBA;812;DBA;SR;Defect;TASK000013424372;Priority 3;NA
SEC;SYN;SEC;SR;OK;TASK000013424381;Priority 3;NA
DBA;812;DBA;SR;OK;TASK000013424445;Priority 3;NA
SEC;SYN;SEC;SR;OK;TASK000013424452;Priority 3;NA
CNC;CAN;CNC;SR;OK;TASK000013424498;Priority 3;NA
SEC;MNT;SEC;SR;OK;TASK000013424499;Priority 3;NA
SEC;SYN;SEC;SR;OK;TASK000013424500;Priority 3;NA
SEC;LAT;SEC;SR;OK;TASK000013424558;Priority 3;NA
CNC;812;CNC;SR;OK;TASK000013424568;Priority 3;NA
SEC;BWI;SEC;SR;OK;TASK000013424772;Priority 4;NA
SCH;BWI;SCH;SR;Defect;TASK000013424803;Priority 3;NA
SEC;BWI;SEC;SR;Defect;TASK000013424845;Priority 4;NA
L1;EES;CNC;SR;OK;TASK000013425040;Priority 3;NA
SEC;MNT;SEC;SR;OK;TASK000013425084;Priority 3;NA
FIN;MNT;FUN;SR;OK;TASK000013425177;Priority 4;NA
SEC;SYN;SEC;SR;OK;TASK000013425192;Priority 3;NA
SEC;MNT;SEC;SR;OK;TASK000013425214;Priority 3;NA
L1;BWI;L1 ;SR;OK;TASK000013425369;Priority 3;NA
L1;BWI;L1 ;SR;OK;TASK000013425391;Priority 3;NA
SEC;EMS;SEC;SR;OK;TASK000013425653;Priority 3;NA
SEC;BWI;SEC;SR;OK;TASK000013425670;Priority 4;NA
SEC;BWI;SEC;SR;OK;TASK000013425678;Priority 4;NA
SEC;812;SEC;SR;OK;TASK000013425720;Priority 3;NA
SEC;MNT;SEC;SR;OK;TASK000013425777;Priority 3;NA
L1;BWI;L1 ;SR;OK;TASK000013425842;Priority 3;NA
SEC;MNT;SEC;SR;OK;TASK000013425857;Priority 3;NA
SEC;MNT;SEC;SR;OK;TASK000013425879;Priority 3;NA
DBA;812;FUN;SR;OK;TASK000013426035;Priority 3;NA
L1;812;CNC;SR;OK;TASK000013426139;Priority 3;NA
L1;812;CNC;SR;OK;TASK000013426262;Priority 3;NA
DBA;812;DBA;SR;OK;TASK000013426268;Priority 3;NA
FUN;812;FUN;SR;OK;TASK000013426290;Priority 4;NA
FUN;812;FUN;SR;OK;TASK000013426414;Priority 4;NA
APS;ETH;APS;SR;OK;TASK000013426451;Priority 3;NA
FUN;WS;FUN;SR;OK;TASK000013426478;Priority 4;NA
FIN;MNT;FUN;SR;OK;TASK000013426526;Priority 3;NA
SEC;812;SEC;SR;OK;TASK000013426533;Priority 3;NA
APS;ETH;APS;SR;OK;TASK000013426568;Priority 3;NA
APS;ETH;APS;SR;OK;TASK000013426644;Priority 3;NA
SEC;DXE;SEC;SR;OK;TASK000013426658;Priority 3;NA
FUN;812;FUN;SR;OK;TASK000013426664;Priority 3;NA
L1;812;CNC;SR;OK;TASK000013426909;Priority 3;NA
SEC;812;SEC;SR;OK;TASK000013426938;Priority 3;NA
SEC;CAN;SEC;SR;OK;TASK000013426973;Priority 3;NA
SEC;BWI;SEC;SR;OK;TASK000013426981;Priority 4;NA
SEC;EMS;SEC;SR;OK;TASK000013427064;Priority 3;NA
FUN;812;FUN;SR;OK;TASK000013427077;Priority 4;NA
SEC;812;SEC;SR;OK;TASK000013427132;Priority 3;NA
FUN;DCF;SEC;SR;Defect;TASK000013427143;Priority 3;NA
SEC;812;SEC;SR;OK;TASK000013427183;Priority 3;NA
SEC;812;SEC;SR;OK;TASK000013427207;Priority 3;NA
SEC;DXE;SEC;SR;OK;TASK000013427274;Priority 3;NA
SEC;812;SEC;SR;OK;TASK000013427281;Priority 3;NA
SEC;812;SEC;SR;OK;TASK000013427313;Priority 3;NA
SEC;WS;SEC;SR;OK;TASK000013427381;Priority 3;NA
SEC;812;SEC;SR;OK;TASK000013427400;Priority 3;NA
DBA;812;DBA;SR;OK;TASK000013427498;Priority 3;NA
APS;ETH;APS;SR;OK;TASK000013427555;Priority 3;NA
DBA;812;DBA;SR;Defect;TASK000013427558;Priority 3;NA
DBA;812;DBA;SR;OK;TASK000013427604;Priority 3;NA
FUN;812;FUN;SR;OK;TASK000013427658;Priority 3;NA
CNC;BWI;CNC;SR;OK;TASK000013427670;Priority 3;NA
FUN;DCF;SEC;SR;Defect;TASK000013427753;Priority 3;NA
CNC;812;CNC;SR;OK;TASK000013427790;Priority 3;NA
SEC;BWI;SEC;SR;OK;TASK000013427840;Priority 4;NA
FUN;DCF;SEC;SR;OK;TASK000013427859;Priority 3;NA
L1;BWI;L1 ;SR;OK;TASK000013427952;Priority 4;NA
L1;BWI;L1 ;SR;OK;TASK000013427961;Priority 3;NA
SEC;MNT;SEC;SR;OK;TASK000013428125;Priority 3;NA
SEC;MNT;SEC;SR;OK;TASK000013428153;Priority 3;NA
FUN;DXE;FUN;SR;OK;TASK000013428155;Priority 3;NA
SEC;ETH;SEC;SR;OK;TASK000013428161;Priority 3;NA
FUN;ETH;FUN;SR;OK;TASK000013428257;Priority 3;NA
SEC;ETH;SEC;SR;OK;TASK000013428277;Priority 3;NA
SCH;812;SCH;SR;OK;TASK000013428369;Priority 3;NA
FUN;DCF;SEC;SR;Defect;TASK000013428414;Priority 3;NA
SCH;812;SCH;SR;OK;TASK000013428432;Priority 3;NA
FUN;812;FUN;SR;OK;TASK000013428472;Priority 4;NA
L1;BWI;L1 ;SR;OK;TASK000013428493;Priority 4;NA
SCH;812;SCH;SR;OK;TASK000013428498;Priority 3;NA
SEC;812;SEC;SR;OK;TASK000013428578;Priority 3;NA
L1;EMS;CNC;SR;OK;TASK000013428588;Priority 3;NA
SCH;LAT;SCH;SR;OK;TASK000013428724;Priority 3;NA
FUN;DCF;SEC;SR;OK;TASK000013428864;Priority 3;NA
FUN;DCF;SEC;SR;OK;TASK000013428914;Priority 3;NA
CNC;BWI;CNC;SR;OK;TASK000013428989;Priority 4;NA
L1;BWI;L1 ;SR;OK;TASK000013429020;Priority 3;NA
CNC;812;CNC;SR;OK;TASK000013429085;Priority 3;NA
SEC;BWI;SEC;SR;OK;TASK000013429422;Priority 4;NA
CNC;MNT;CNC;SR;OK;TASK000013429512;Priority 3;NA
FUN;MNT;FUN;SR;OK;TASK000013429527;Priority 3;NA
SEC;MNT;SEC;SR;OK;TASK000013429671;Priority 3;NA
SEC;MNT;SEC;SR;OK;TASK000013429672;Priority 3;NA
SEC;MNT;SEC;SR;OK;TASK000013429733;Priority 3;NA
SEC;812;SEC;SR;OK;TASK000013430219;Priority 3;NA
SEC;WS;SEC;SR;OK;TASK000013430233;Priority 3;NA
SEC;CAN;SEC;SR;OK;TASK000013430553;Priority 3;NA
SEC;812;SEC;SR;OK;TASK000013430744;Priority 3;NA
FIN;MNT;FUN;SR;OK;TASK000013430779;Priority 4;NA
DBA;812;DBA;SR;OK;TASK000013430910;Priority 3;NA
SEC;DXE;SEC;SR;OK;TASK000013431009;Priority 3;NA
FIN;812;FUN;SR;OK;TASK000013431063;Priority 4;NA
L1;812;CNC;SR;OK;TASK000013431163;Priority 3;NA
CNC;812;CNC;SR;OK;TASK000013431188;Priority 3;NA
CNC;BWI;CNC;SR;OK;TASK000013431297;Priority 3;NA
SEC;812;SEC;SR;OK;TASK000013431306;Priority 3;NA
APS;DCF;APS;SR;OK;TASK000013431355;Priority 3;NA
SEC;812;SEC;SR;OK;TASK000013431365;Priority 3;NA
FUN;812;FUN;SR;OK;TASK000013431412;Priority 4;NA
SEC;812;SEC;SR;OK;TASK000013431533;Priority 3;NA
DBA;812;DBA;SR;OK;TASK000013431580;Priority 3;NA
SEC;EDS;SEC;SR;OK;TASK000013431597;Priority 3;NA
L1;812;CNC;SR;OK;TASK000013431656;Priority 4;NA
SEC;DXE;SEC;SR;OK;TASK000013431680;Priority 3;NA
FUN;812;FUN;SR;OK;TASK000013431710;Priority 4;NA
CNC;EES;CNC;SR;OK;TASK000013431774;Priority 3;NA
CNC;ETH;CNC;SR;OK;TASK000013431780;Priority 3;NA
SEC;812;SEC;SR;OK;TASK000013431799;Priority 3;NA
DBA;812;DBA;SR;OK;TASK000013431843;Priority 3;NA
SEC;DXE;SEC;SR;OK;TASK000013431895;Priority 3;NA
SEC;812;SEC;SR;OK;TASK000013431926;Priority 3;NA
DBA;812;DBA;SR;OK;TASK000013431984;Priority 3;NA
SEC;MNT;SEC;SR;OK;TASK000013432069;Priority 3;NA
SEC;SYN;SEC;SR;Defect;TASK000013432088;Priority 3;NA
SEC;812;SEC;SR;OK;TASK000013432119;Priority 3;NA
CNC;812;CNC;SR;OK;TASK000013432209;Priority 3;NA
DBA;812;DBA;SR;OK;TASK000013432219;Priority 3;NA
APS;ETH;APS;SR;OK;TASK000013432354;Priority 3;NA
SCH;812;SCH;SR;OK;TASK000013432472;Priority 3;NA
L1;812;CNC;SR;OK;TASK000013432546;Priority 3;NA
SEC;SYN;SEC;SR;Defect;TASK000013432548;Priority 3;NA
L1;812;CNC;SR;OK;TASK000013432606;Priority 3;NA
SEC;812;SEC;SR;OK;TASK000013432613;Priority 3;NA
FUN;EES;FUN;SR;OK;TASK000013432635;Priority 4;NA
CNC;LAT;CNC;SR;OK;TASK000013432646;Priority 3;NA
L1;BWI;L1 ;SR;OK;TASK000013432651;Priority 4;NA
SEC;ETH;SEC;SR;OK;TASK000013432675;Priority 3;NA
SEC;MNT;SEC;SR;OK;TASK000013432692;Priority 3;NA
SEC;BWI;SEC;SR;OK;TASK000013432712;Priority 4;NA
DBA;812;DBA;SR;Defect;TASK000013432726;Priority 3;NA
SEC;MNT;SEC;SR;OK;TASK000013432839;Priority 3;NA
SEC;ETH;SEC;SR;OK;TASK000013432990;Priority 3;NA
CNC;ETH;CNC;SR;OK;TASK000013433073;Priority 3;NA
SEC;BWI;SEC;SR;OK;TASK000013433244;Priority 4;NA
SEC;812;SEC;SR;OK;TASK000013433319;Priority 3;NA
L1;EES;CNC;SR;OK;TASK000013433463;Priority 3;NA
FUN;CAN;FUN;SR;OK;TASK000013433562;Priority 3;NA
L1;BWI;L1 ;SR;OK;TASK000013433764;Priority 3;NA
L1;DCF;CNC;SR;OK;TASK000013433849;Priority 3;NA
FUN;ETH;FUN;SR;OK;TASK000013433857;Priority 3;NA
L1;BWI;L1 ;SR;OK;TASK000013434086;Priority 3;NA
L1;BWI;L1 ;SR;OK;TASK000013434207;Priority 3;NA
SEC;BWI;SEC;SR;OK;TASK000013434219;Priority 4;NA
SEC;812;SEC;SR;OK;TASK000013434341;Priority 3;NA
SEC;812;SEC;SR;OK;TASK000013434424;Priority 3;NA
L1;DPY;CNC;SR;OK;TASK000013434501;Priority 3;NA
L1;812;CNC;SR;OK;TASK000013434579;Priority 3;NA
SEC;812;SEC;SR;OK;TASK000013434696;Priority 3;NA
SEC;DXE;SEC;SR;OK;TASK000013434706;Priority 3;NA
SEC;DXE;SEC;SR;OK;TASK000013434716;Priority 3;NA
SEC;DXE;SEC;SR;OK;TASK000013434723;Priority 3;NA
APS;EES;APS;SR;OK;TASK000013434853;Priority 3;NA
SEC;DXE;SEC;SR;OK;TASK000013434860;Priority 3;NA
CNC;DPY;CNC;SR;OK;TASK000013434990;Priority 3;NA
FUN;EMS;FUN;SR;OK;TASK000013435031;Priority 3;NA
SEC;DXE;SEC;SR;OK;TASK000013435101;Priority 3;NA
SEC;812;SEC;SR;OK;TASK000013435117;Priority 3;NA
SEC;812;SEC;SR;OK;TASK000013435165;Priority 3;NA
APS;ETH;APS;SR;OK;TASK000013435177;Priority 3;NA
SEC;BWI;SEC;SR;OK;TASK000013435181;Priority 4;NA
FUN;DCF;SEC;SR;Defect;TASK000013435210;Priority 3;NA
APS;ETH;APS;SR;OK;TASK000013435253;Priority 3;NA
CNC;LAT;CNC;SR;OK;TASK000013435368;Priority 3;NA
CNC;EES;CNC;SR;OK;TASK000013435425;Priority 3;NA
SEC;BWI;SEC;SR;OK;TASK000013435521;Priority 4;NA
FUN;DCF;SEC;SR;OK;TASK000013435563;Priority 3;NA
SEC;DXE;SEC;SR;OK;TASK000013435598;Priority 3;NA
FUN;DCF;FUN;SR;OK;TASK000013435666;Priority 3;NA
FIN;812;FUN;SR;OK;TASK000013435708;Priority 4;NA
FUN;812;FUN;SR;OK;TASK000013435726;Priority 3;NA
FUN;DXE;FUN;SR;OK;TASK000013435742;Priority 4;NA
SEC;812;SEC;SR;OK;TASK000013435750;Priority 3;NA
APS;ETH;APS;SR;OK;TASK000013435781;Priority 3;NA
DBA;812;DBA;SR;OK;TASK000013435940;Priority 3;NA
DBA;812;DBA;SR;OK;TASK000013435947;Priority 3;NA
SEC;MNT;SEC;SR;OK;TASK000013435966;Priority 3;NA
SEC;EMS;SEC;SR;OK;TASK000013435999;Priority 3;NA
L1;BWI;L1 ;SR;OK;TASK000013436032;Priority 3;NA
FUN;MNT;FUN;SR;Defect;TASK000013436090;Priority 4;NA
FUN;MNT;FUN;SR;Defect;TASK000013436096;Priority 4;NA
CNC;BWI;CNC;SR;OK;TASK000013436158;Priority 3;NA
SEC;EMS;SEC;SR;OK;TASK000013436203;Priority 3;NA
FUN;DCF;SEC;SR;OK;TASK000013436280;Priority 3;NA
SEC;LAT;SEC;SR;Defect;TASK000013436290;Priority 3;NA
SEC;BWI;SEC;SR;OK;TASK000013436296;Priority 4;NA
SEC;ETH;SEC;SR;OK;TASK000013436335;Priority 3;NA
SEC;CAN;SEC;SR;OK;TASK000013436425;Priority 3;NA
FUN;ETH;FUN;SR;OK;TASK000013436575;Priority 4;NA
L1;BWI;L1 ;SR;OK;TASK000013436579;Priority 3;NA
FUN;DCF;SEC;SR;Defect;TASK000013436581;Priority 3;NA
FUN;CAN;FUN;SR;OK;TASK000013436592;Priority 3;NA
SEC;BWI;SEC;SR;OK;TASK000013436615;Priority 4;NA
SEC;ETH;SEC;SR;OK;TASK000013436640;Priority 3;NA
SEC;DPY;SEC;SR;Defect;TASK000013436675;Priority 3;NA
SEC;ETH;SEC;SR;OK;TASK000013436705;Priority 3;NA
SEC;DXE;SEC;SR;OK;TASK000013436788;Priority 3;NA
SEC;BWI;SEC;SR;OK;TASK000013436834;Priority 4;NA
SEC;BWI;SEC;SR;OK;TASK000013436843;Priority 4;NA
SEC;MNT;SEC;SR;Defect;TASK000013436863;Priority 3;NA
L1;BWI;L1 ;SR;OK;TASK000013437094;Priority 3;NA
L1;MNT;CNC;SR;OK;TASK000013437181;Priority 3;NA
SEC;BWI;SEC;SR;Defect;TASK000013437329;Priority 4;NA
L1;BWI;L1 ;SR;OK;TASK000013437352;Priority 3;NA
CNC;CAN;CNC;SR;OK;TASK000013437390;Priority 3;NA
SCH;LAT;SCH;SR;OK;TASK000013437547;Priority 3;NA
SEC;812;SEC;SR;OK;TASK000013437754;Priority 3;NA
SCH;LAT;SCH;SR;OK;TASK000013437932;Priority 3;NA
CNC;BWI;CNC;SR;OK;TASK000013438251;Priority 3;NA
CNC;BWI;CNC;SR;OK;TASK000013438252;Priority 3;NA
CNC;LAT;CNC;SR;OK;TASK000013438253;Priority 3;NA
CNC;BWI;CNC;SR;OK;TASK000013438254;Priority 3;NA
CNC;DCF;CNC;SR;OK;TASK000013438255;Priority 3;NA
FUN;DXE;FUN;SR;OK;TASK000013438602;Priority 3;NA
SEC;812;SEC;SR;OK;TASK000013438868;Priority 3;NA
SEC;812;SEC;SR;Defect;TASK000013439073;Priority 3;NA
SEC;DXE;SEC;SR;OK;TASK000013439144;Priority 3;NA
SEC;812;SEC;SR;OK;TASK000013439236;Priority 3;NA
SEC;812;SEC;SR;OK;TASK000013439305;Priority 3;NA
SEC;MNT;SEC;SR;OK;TASK000013439345;Priority 3;NA
L1;812;CNC;SR;OK;TASK000013439356;Priority 3;NA
SEC;812;SEC;SR;OK;TASK000013439376;Priority 3;NA
FIN;DCF;FUN;SR;Defect;TASK000013439409;Priority 3;NA
SEC;812;SEC;SR;OK;TASK000013439552;Priority 3;NA
SEC;812;SEC;SR;OK;TASK000013439609;Priority 3;NA
CNC;812;CNC;SR;OK;TASK000013439629;Priority 3;NA
SEC;BWI;SEC;SR;OK;TASK000013439652;Priority 4;NA
FIN;812;FUN;SR;OK;TASK000013439755;Priority 4;NA
SCH;812;SCH;SR;OK;TASK000013439773;Priority 3;NA
SEC;812;SEC;SR;OK;TASK000013439775;Priority 3;NA
DBA;812;DBA;SR;OK;TASK000013439845;Priority 3;NA
DBA;812;DBA;SR;OK;TASK000013439932;Priority 3;NA
DBA;812;DBA;SR;OK;TASK000013439945;Priority 3;NA
SEC;LAT;SEC;SR;OK;TASK000013439949;Priority 4;NA
L1;812;CNC;SR;OK;TASK000013439956;Priority 4;NA
SCH;812;SCH;SR;OK;TASK000013439968;Priority 3;NA
L1;BWI;L1 ;SR;OK;TASK000013439972;Priority 3;NA
SEC;812;SEC;SR;OK;TASK000013439982;Priority 3;NA
SEC;812;SEC;SR;OK;TASK000013439991;Priority 3;NA
OPS;EDS;CNC;SR;OK;TASK000013440028;Priority 3;NA
SEC;812;SEC;SR;OK;TASK000013440043;Priority 3;NA
SEC;WS;SEC;SR;OK;TASK000013440058;Priority 3;NA
L1;BWI;L1 ;SR;OK;TASK000013440305;Priority 3;NA
SCH;812;SCH;SR;OK;TASK000013440373;Priority 3;NA
DBA;812;DBA;SR;OK;TASK000013440479;Priority 3;NA
SCH;812;SCH;SR;OK;TASK000013440575;Priority 3;NA
SEC;DCF;SEC;SR;Defect;TASK000013440583;Priority 3;NA
FUN;DCF;SEC;SR;OK;TASK000013440696;Priority 3;NA
FUN;DCF;SEC;SR;OK;TASK000013440811;Priority 3;NA
FUN;DCF;SEC;SR;OK;TASK000013440842;Priority 3;NA
L1;812;CNC;SR;OK;TASK000013440900;Priority 3;NA
SEC;812;SEC;SR;OK;TASK000013440918;Priority 3;NA
SEC;ETH;SEC;SR;OK;TASK000013441054;Priority 3;NA
L1;BWI;L1 ;SR;OK;TASK000013441110;Priority 3;NA
SEC;MNT;SEC;SR;OK;TASK000013441312;Priority 3;NA
CNC;DCF;FUN;SR;OK;TASK000013441320;Priority 3;NA
L1;BWI;L1 ;SR;OK;TASK000013441389;Priority 3;NA
SEC;BWI;SEC;SR;OK;TASK000013441444;Priority 4;NA
L1;BWI;L1 ;SR;OK;TASK000013441596;Priority 3;NA
L1;BWI;L1 ;SR;OK;TASK000013441622;Priority 3;NA
SEC;ETH;SEC;SR;OK;TASK000013441624;Priority 3;NA
DBA;812;DBA;SR;OK;TASK000013441658;Priority 3;NA
SEC;ETH;SEC;SR;OK;TASK000013441931;Priority 3;NA
CNC;CAN;CNC;SR;OK;TASK000013441960;Priority 3;NA
FUN;ETH;FUN;SR;OK;TASK000013441978;Priority 3;NA
SEC;BWI;SEC;SR;OK;TASK000013441988;Priority 4;NA
SEC;ETH;SEC;SR;OK;TASK000013442053;Priority 3;NA
L1;BWI;L1 ;SR;OK;TASK000013442071;Priority 3;NA
SEC;ETH;SEC;SR;OK;TASK000013442073;Priority 3;NA
APS;ETH;APS;SR;OK;TASK000013442118;Priority 3;NA
SEC;ETH;SEC;SR;OK;TASK000013442137;Priority 3;NA
SEC;SYN;SEC;SR;OK;TASK000013442153;Priority 3;NA
APS;EES;APS;SR;OK;TASK000013442162;Priority 4;NA
SEC;SYN;SEC;SR;OK;TASK000013442217;Priority 3;NA
SEC;812;SEC;SR;OK;TASK000013442282;Priority 3;NA
L1;BWI;L1 ;SR;OK;TASK000013442712;Priority 3;NA
L1;BWI;L1 ;SR;OK;TASK000013442782;Priority 3;NA
SEC;812;SEC;SR;OK;TASK000013443097;Priority 3;NA
SEC;EMS;SEC;SR;OK;TASK000013443206;Priority 3;NA
SEC;812;SEC;SR;OK;TASK000013443247;Priority 3;NA
SEC;812;SEC;SR;OK;TASK000013443261;Priority 3;NA
FIN;MNT;FUN;SR;OK;TASK000013443363;Priority 4;NA
SEC;DXE;SEC;SR;OK;TASK000013443412;Priority 3;NA
SEC;EMS;SEC;SR;OK;TASK000013443414;Priority 3;NA
SEC;EDS;SEC;SR;OK;TASK000013443459;Priority 3;NA
DBA;812;DBA;SR;OK;TASK000013443688;Priority 3;NA
L1;812;CNC;SR;OK;TASK000013443728;Priority 3;NA
SEC;812;SEC;SR;OK;TASK000013443761;Priority 3;NA
CNC;812;CNC;SR;OK;TASK000013443788;Priority 3;NA
L1;BWI;L1 ;SR;OK;TASK000013443847;Priority 3;NA
APS;ETH;APS;SR;OK;TASK000013443862;Priority 3;NA
SCH;812;SCH;SR;OK;TASK000013443903;Priority 3;NA
SEC;DXE;SEC;SR;OK;TASK000013444391;Priority 3;NA
CNC;812;CNC;SR;OK;TASK000013444543;Priority 3;NA
SEC;812;SEC;SR;OK;TASK000013444566;Priority 3;NA
CNC;EES;CNC;SR;OK;TASK000013444580;Priority 3;NA
APS;ETH;APS;SR;OK;TASK000013444593;Priority 3;NA
SEC;BWI;SEC;SR;OK;TASK000013444609;Priority 4;NA
DBA;812;DBA;SR;OK;TASK000013444616;Priority 3;NA
L1;812;CNC;SR;OK;TASK000013444624;Priority 3;NA
SEC;ETH;SEC;SR;OK;TASK000013444642;Priority 3;NA
SEC;ETH;SEC;SR;OK;TASK000013444762;Priority 3;NA
L1;812;CNC;SR;OK;TASK000013444770;Priority 3;NA
SEC;ETH;SEC;SR;OK;TASK000013444844;Priority 3;NA
DBA;812;DBA;SR;OK;TASK000013444858;Priority 3;NA
DBA;812;DBA;SR;OK;TASK000013444875;Priority 3;NA
SEC;DXE;SEC;SR;OK;TASK000013444932;Priority 3;NA
DBA;812;DBA;SR;OK;TASK000013444945;Priority 3;NA
SEC;BWI;SEC;SR;OK;TASK000013444953;Priority 4;NA
SEC;812;SEC;SR;OK;TASK000013445040;Priority 3;NA
L1;BWI;L1 ;SR;OK;TASK000013445096;Priority 3;NA
SEC;ETH;SEC;SR;OK;TASK000013445146;Priority 3;NA
CNC;LAT;CNC;SR;OK;TASK000013445375;Priority 3;NA
SEC;BWI;SEC;SR;OK;TASK000013445376;Priority 4;NA
SEC;ETH;SEC;SR;OK;TASK000013445381;Priority 3;NA
L1;BWI;L1 ;SR;OK;TASK000013445392;Priority 3;NA
SEC;ETH;SEC;SR;OK;TASK000013445411;Priority 3;NA
SEC;ETH;SEC;SR;OK;TASK000013445487;Priority 3;NA
SEC;812;SEC;SR;OK;TASK000013445494;Priority 3;NA
SEC;ETH;SEC;SR;OK;TASK000013445763;Priority 3;NA
SEC;BWI;SEC;SR;OK;TASK000013445787;Priority 4;NA
SEC;812;SEC;SR;OK;TASK000013445798;Priority 3;NA
SEC;ETH;SEC;SR;OK;TASK000013445847;Priority 3;NA
SEC;MNT;SEC;SR;OK;TASK000013445848;Priority 3;NA
SEC;MNT;SEC;SR;OK;TASK000013445859;Priority 3;NA
SEC;BWI;SEC;SR;OK;TASK000013445895;Priority 4;NA
FUN;EES;FUN;SR;OK;TASK000013445977;Priority 4;NA
SEC;DXE;SEC;SR;OK;TASK000013446007;Priority 3;NA
SEC;812;SEC;SR;OK;TASK000013446051;Priority 3;NA
FUN;812;FUN;SR;OK;TASK000013446064;Priority 4;NA
SEC;ETH;SEC;SR;OK;TASK000013446308;Priority 3;NA
CNC;CAN;CNC;SR;OK;TASK000013446311;Priority 3;NA
FIN;MNT;FUN;SR;OK;TASK000013446333;Priority 3;NA
SEC;ETH;SEC;SR;OK;TASK000013446373;Priority 3;NA
SEC;ETH;SEC;SR;OK;TASK000013446415;Priority 3;NA
SEC;ETH;SEC;SR;OK;TASK000013446467;Priority 3;NA
FIN;MNT;FUN;SR;OK;TASK000013446502;Priority 4;NA
SEC;ETH;SEC;SR;OK;TASK000013446540;Priority 3;NA
FUN;CAN;FUN;SR;OK;TASK000013446636;Priority 3;NA
SEC;BWI;SEC;SR;OK;TASK000013446666;Priority 4;NA
SEC;ETH;SEC;SR;OK;TASK000013446729;Priority 3;NA
SEC;DXE;SEC;SR;OK;TASK000013446733;Priority 4;NA
SEC;MNT;SEC;SR;OK;TASK000013446783;Priority 3;NA
FUN;CAN;FUN;SR;OK;TASK000013446862;Priority 3;NA
APS;EES;APS;SR;OK;TASK000013446888;Priority 4;NA
SEC;ETH;SEC;SR;OK;TASK000013446918;Priority 3;NA
SEC;812;SEC;SR;OK;TASK000013446983;Priority 3;NA
FUN;COR;FUN;SR;OK;TASK000013446990;Priority 3;NA
SEC;812;SEC;SR;OK;TASK000013447001;Priority 3;NA
SEC;812;SEC;SR;OK;TASK000013447186;Priority 3;NA
SEC;EDS;SEC;SR;OK;TASK000013447367;Priority 3;NA
SEC;EMS;SEC;SR;OK;TASK000013447371;Priority 3;NA
SEC;812;SEC;SR;OK;TASK000013447444;Priority 3;NA
FUN;812;FUN;SR;OK;TASK000013447766;Priority 3;NA
FUN;812;FUN;SR;OK;TASK000013447793;Priority 4;NA
SEC;EMS;SEC;SR;OK;TASK000013447801;Priority 3;NA
SEC;812;SEC;SR;OK;TASK000013447804;Priority 3;NA
SEC;EMS;SEC;SR;OK;TASK000013447829;Priority 3;NA
L1;DPY;CNC;SR;OK;TASK000013447867;Priority 3;NA
DBA;812;DBA;SR;OK;TASK000013447916;Priority 3;NA
L1;812;CNC;SR;OK;TASK000013447926;Priority 3;NA
DBA;812;DBA;SR;OK;TASK000013448019;Priority 3;NA
SEC;812;SEC;SR;OK;TASK000013448031;Priority 3;NA
SCH;812;SCH;SR;OK;TASK000013448032;Priority 3;NA
SEC;812;SEC;SR;OK;TASK000013448072;Priority 3;NA
SEC;DXE;SEC;SR;OK;TASK000013448155;Priority 3;NA
SEC;812;SEC;SR;OK;TASK000013448181;Priority 3;NA
APS;EES;APS;SR;OK;TASK000013448196;Priority 3;NA
SEC;812;SEC;SR;OK;TASK000013448251;Priority 3;NA
SEC;DXE;SEC;SR;OK;TASK000013448277;Priority 3;NA
APS;ETH;APS;SR;OK;TASK000013448345;Priority 3;NA
FUN;DCF;SEC;SR;OK;TASK000013448354;Priority 3;NA
SEC;812;SEC;SR;OK;TASK000013448355;Priority 3;NA
FUN;DCF;SEC;SR;OK;TASK000013448423;Priority 3;NA
DBA;812;DBA;SR;Defect;TASK000013448590;Priority 3;NA
FUN;DCF;SEC;SR;Defect;TASK000013448632;Priority 3;NA
SEC;BWI;SEC;SR;OK;TASK000013448639;Priority 4;NA
FUN;812;FUN;SR;OK;TASK000013448849;Priority 3;NA
APS;ETH;APS;SR;OK;TASK000013448896;Priority 3;NA
CNC;LAT;CNC;SR;OK;TASK000013448923;Priority 3;NA
SEC;812;SEC;SR;OK;TASK000013449017;Priority 3;NA
SEC;812;SEC;SR;OK;TASK000013449170;Priority 3;NA
CNC;LAT;CNC;SR;OK;TASK000013449297;Priority 3;NA
SCH;812;SCH;SR;OK;TASK000013449548;Priority 3;NA
FUN;812;FUN;SR;OK;TASK000013449560;Priority 4;NA
SEC;BWI;SEC;SR;OK;TASK000013449985;Priority 4;NA
FUN;812;FUN;SR;OK;TASK000013450065;Priority 4;NA
APS;ETH;APS;SR;OK;TASK000013450129;Priority 3;NA
SEC;EES;SEC;SR;OK;TASK000013450169;Priority 3;NA
FUN;DCF;SEC;SR;Defect;TASK000013450390;Priority 3;NA
SCH;812;SCH;SR;OK;TASK000013450482;Priority 3;NA
CNC;EES;CNC;SR;OK;TASK000013450509;Priority 3;NA
SEC;ETH;SEC;SR;OK;TASK000013450582;Priority 3;NA
SEC;ETH;SEC;SR;OK;TASK000013450588;Priority 3;NA
SEC;ETH;SEC;SR;OK;TASK000013450630;Priority 3;NA
SEC;BWI;SEC;SR;OK;TASK000013450727;Priority 4;NA
L1;BWI;L1 ;SR;OK;TASK000013450731;Priority 3;NA
SEC;BWI;SEC;SR;OK;TASK000013450780;Priority 4;NA
SEC;BWI;SEC;SR;OK;TASK000013450787;Priority 4;NA
FUN;CAN;FUN;SR;OK;TASK000013450875;Priority 3;NA
FUN;EDS;FUN;SR;OK;TASK000013451048;Priority 4;NA
SEC;812;SEC;SR;OK;TASK000013451218;Priority 3;NA
SEC;812;SEC;SR;OK;TASK000013451356;Priority 3;NA
DBA;812;DBA;SR;OK;TASK000013451582;Priority 3;NA
FUN;DCF;SEC;SR;Defect;TASK000013451649;Priority 3;NA
SEC;ETH;SEC;SR;OK;TASK000013451673;Priority 3;NA
SEC;ETH;SEC;SR;OK;TASK000013451735;Priority 3;NA
SEC;ETH;SEC;SR;OK;TASK000013451742;Priority 3;NA
L1;812;CNC;SR;OK;TASK000013451861;Priority 3;NA
FUN;EMS;FUN;SR;OK;TASK000013452002;Priority 3;NA
SEC;812;SEC;SR;OK;TASK000013452108;Priority 3;NA
SCH;812;SCH;SR;OK;TASK000013452180;Priority 3;NA
SEC;812;SEC;SR;OK;TASK000013452236;Priority 3;NA
SEC;812;SEC;SR;OK;TASK000013452254;Priority 3;NA
L1;812;CNC;SR;OK;TASK000013452279;Priority 4;NA
SEC;812;SEC;SR;OK;TASK000013452324;Priority 3;NA
FUN;812;FUN;SR;OK;TASK000013452376;Priority 4;NA
SEC;812;SEC;SR;OK;TASK000013452434;Priority 3;NA
SEC;BWI;SEC;SR;OK;TASK000013452443;Priority 4;NA
CNC;812;CNC;SR;OK;TASK000013452478;Priority 3;NA
FUN;812;FUN;SR;OK;TASK000013452485;Priority 4;NA
FUN;812;FUN;SR;OK;TASK000013452696;Priority 3;NA
DCF;DCF;FUN;SR;OK;TASK000013452832;Priority 3;NA
SEC;ETH;SEC;SR;OK;TASK000013452864;Priority 3;NA
FUN;DCF;SEC;SR;OK;TASK000013452879;Priority 3;NA
FUN;812;FUN;SR;OK;TASK000013453003;Priority 4;NA
SEC;DXE;SEC;SR;OK;TASK000013453013;Priority 3;NA
FUN;DCF;SEC;SR;Defect;TASK000013453072;Priority 3;NA
SEC;ETH;SEC;SR;OK;TASK000013453087;Priority 3;NA
SEC;DXE;SEC;SR;OK;TASK000013453202;Priority 3;NA
SEC;BWI;SEC;SR;OK;TASK000013453342;Priority 4;NA
SEC;BWI;SEC;SR;OK;TASK000013453350;Priority 4;NA
SEC;BWI;SEC;SR;OK;TASK000013453352;Priority 4;NA
SEC;BWI;SEC;SR;OK;TASK000013453384;Priority 4;NA
DBA;812;DBA;SR;OK;TASK000013453401;Priority 3;NA
SEC;ETH;SEC;SR;OK;TASK000013453497;Priority 3;NA
SEC;812;SEC;SR;OK;TASK000013453511;Priority 3;NA
FUN;DXE;FUN;SR;OK;TASK000013453542;Priority 4;NA
DBA;812;DBA;SR;OK;TASK000013453607;Priority 3;NA
SEC;ETH;SEC;SR;OK;TASK000013453618;Priority 3;NA
SCH;812;SCH;SR;OK;TASK000013453657;Priority 3;NA
SEC;DPY;SEC;SR;OK;TASK000013453735;Priority 3;NA
DBA;812;DBA;SR;OK;TASK000013453756;Priority 3;NA
SEC;MNT;SEC;SR;OK;TASK000013453848;Priority 3;NA
APS;ETH;APS;SR;OK;TASK000013454038;Priority 3;NA
SEC;BWI;SEC;SR;OK;TASK000013454040;Priority 4;NA
CNC;812;CNC;SR;OK;TASK000013454109;Priority 3;NA
SEC;BWI;SEC;SR;OK;TASK000013454124;Priority 4;NA
SEC;BWI;SEC;SR;OK;TASK000013454136;Priority 4;NA
SEC;ETH;SEC;SR;OK;TASK000013454239;Priority 3;NA
SEC;BWI;SEC;SR;OK;TASK000013454307;Priority 4;NA
APS;EES;APS;SR;OK;TASK000013454342;Priority 3;NA
SEC;BWI;SEC;SR;OK;TASK000013454455;Priority 4;NA
L1;BWI;L1 ;SR;OK;TASK000013454478;Priority 3;NA
CNC;812;CNC;SR;OK;TASK000013454518;Priority 3;NA
L1;BWI;L1 ;SR;OK;TASK000013454776;Priority 3;NA
FUN;COR;FUN;SR;OK;TASK000013455378;Priority 3;NA
SEC;812;SEC;SR;OK;TASK000013455462;Priority 3;NA
L1;812;CNC;SR;OK;TASK000013455677;Priority 3;NA
SEC;812;SEC;SR;OK;TASK000013455740;Priority 3;NA
SEC;812;SEC;SR;OK;TASK000013455812;Priority 3;NA
CNC;DCF;CNC;SR;OK;TASK000013456091;Priority 3;NA
SEC;812;SEC;SR;OK;TASK000013456217;Priority 3;NA
DBA;812;DBA;SR;OK;TASK000013456259;Priority 3;NA
L1;BWI;L1 ;SR;OK;TASK000013456299;Priority 3;NA
SEC;812;SEC;SR;OK;TASK000013456581;Priority 3;NA
SEC;812;SEC;SR;OK;TASK000013456791;Priority 3;NA
CNC;ETH;CNC;SR;OK;TASK000013456952;Priority 3;NA
SEC;812;SEC;SR;OK;TASK000013457005;Priority 3;NA
APS;ETH;APS;SR;OK;TASK000013457008;Priority 3;NA
SEC;ETH;SEC;SR;OK;TASK000013457087;Priority 3;NA
SEC;ETH;SEC;SR;OK;TASK000013457242;Priority 3;NA
SEC;DXE;SEC;SR;OK;TASK000013457308;Priority 3;NA
APS;ETH;APS;SR;OK;TASK000013457356;Priority 3;NA
SEC;CAN;SEC;SR;OK;TASK000013457357;Priority 3;NA
CNC;LAT;CNC;SR;OK;TASK000013457453;Priority 3;NA
SCH;LAT;SCH;SR;OK;TASK000013457597;Priority 3;NA
OPS;EDS;CNC;SR;OK;TASK000013457683;Priority 3;NA
L1;BWI;L1 ;SR;OK;TASK000013457799;Priority 3;NA
CNC;MNT;CNC;SR;OK;TASK000013457907;Priority 3;NA
L1;812;CNC;SR;OK;TASK000013458184;Priority 3;NA
L1;BWI;L1 ;SR;OK;TASK000013458187;Priority 3;NA
CNC;BWI;L1 ;SR;OK;TASK000013458232;Priority 3;NA
CNC;DCF;CNC;SR;OK;TASK000013458532;Priority 3;NA
SEC;812;SEC;SR;OK;TASK000013458907;Priority 3;NA
FIN;812;INS;SR;Defect;TASK000013460458;Priority 4;NA
L1;812;MON;SR;OK;TASK000013461563;Priority 4;NA
L1;812;MON;SR;OK;TASK000013461592;Priority 4;NA
APS;EES;APS;SR;OK;TASK000013461788;Priority 4;NA
L1;DXE;MON;SR;OK;TASK000013462204;Priority 4;NA
SEC;EMS;SEC;SR;OK;TASK000013462990;Priority 4;NA
SEC;BWI;SEC;SR;OK;TASK000013463117;Priority 4;NA
FUN;812;FUN;SR;OK;TASK000013464228;Priority 4;NA
FIN;812;FUN;SR;OK;TASK000013464402;Priority 4;NA
SEC;BWI;SEC;SR;OK;TASK000013465008;Priority 4;NA
L1;812;MON;SR;OK;TASK000013465470;Priority 4;NA
FUN;ETH;FUN;SR;Defect;TASK000013465577;Priority 4;NA
FUN;ETH;FUN;SR;OK;TASK000013465668;Priority 4;NA
FUN;ETH;FUN;SR;OK;TASK000013465669;Priority 4;NA
SEC;BWI;SEC;SR;OK;TASK000013465783;Priority 4;NA
SEC;BWI;SEC;SR;OK;TASK000013465799;Priority 4;NA
SEC;BWI;SEC;SR;OK;TASK000013466146;Priority 4;NA
SEC;BWI;SEC;SR;OK;TASK000013466159;Priority 4;NA
SEC;BWI;SEC;SR;OK;TASK000013466175;Priority 4;NA
SEC;BWI;SEC;SR;OK;TASK000013466193;Priority 4;NA
L1;BWI;L1 ;SR;OK;TASK000013466268;Priority 4;NA
SEC;BWI;SEC;SR;OK;TASK000013466455;Priority 4;NA
FUN;ETH;FUN;SR;OK;TASK000013466535;Priority 4;NA
SEC;BWI;SEC;SR;OK;TASK000013466553;Priority 4;NA
SEC;BWI;SEC;SR;OK;TASK000013466558;Priority 4;NA
FUN;MNT;FUN;SR;Defect;TASK000013466567;Priority 4;NA
APS;EES;APS;SR;OK;TASK000013466848;Priority 4;NA
SEC;BWI;SEC;SR;OK;TASK000013467316;Priority 4;NA
SEC;BWI;SEC;SR;OK;TASK000013467402;Priority 4;NA
SEC;BWI;SEC;SR;OK;TASK000013468020;Priority 4;NA
FIN;812;FUN;SR;OK;TASK000013468181;Priority 4;NA
FUN;WS;FUN;SR;OK;TASK000013468539;Priority 4;NA
FUN;EDS;FUN;SR;OK;TASK000013469025;Priority 4;NA
SEC;EMS;SEC;SR;OK;TASK000013469715;Priority 4;NA
L1;812;MON;SR;OK;TASK000013470045;Priority 4;NA
L1;812;MON;SR;OK;TASK000013470055;Priority 4;NA
FUN;EES;FUN;SR;OK;TASK000013470364;Priority 4;NA
L1;BWI;L1 ;SR;OK;TASK000013470474;Priority 4;NA
L1;BWI;L1 ;SR;OK;TASK000013470499;Priority 4;NA
L1;BWI;MON;SR;OK;TASK000013470634;Priority 4;NA
SEC;BWI;SEC;SR;OK;TASK000013470697;Priority 4;NA
SEC;BWI;SEC;SR;OK;TASK000013471186;Priority 4;NA
SEC;BWI;SEC;SR;OK;TASK000013471187;Priority 4;NA
SEC;BWI;SEC;SR;OK;TASK000013471197;Priority 4;NA
FUN;ETH;FUN;SR;OK;TASK000013471474;Priority 4;NA
SEC;BWI;SEC;SR;OK;TASK000013471937;Priority 4;NA
FIN;MNT;FUN;SR;OK;TASK000013473256;Priority 4;NA
FUN;EDS;FUN;SR;OK;TASK000013473546;Priority 4;NA
FIN;812;INS;SR;OK;TASK000013473591;Priority 4;NA
SEC;BWI;SEC;SR;OK;TASK000013473882;Priority 4;NA
SEC;BWI;SEC;SR;OK;TASK000013474967;Priority 4;NA
L1;BWI;L1 ;SR;OK;TASK000013474981;Priority 4;NA
SEC;BWI;SEC;SR;OK;TASK000013475048;Priority 4;NA
SEC;BWI;SEC;SR;OK;TASK000013475067;Priority 4;NA
SEC;BWI;SEC;SR;OK;TASK000013475195;Priority 4;NA
SEC;BWI;SEC;SR;OK;TASK000013475453;Priority 4;NA
SEC;BWI;SEC;SR;OK;TASK000013475517;Priority 4;NA
SEC;BWI;SEC;SR;OK;TASK000013475582;Priority 4;NA
SEC;812;SEC;SR;OK;TASK000013476303;Priority 3;NA
SEC;812;SEC;SR;OK;TASK000013476355;Priority 3;NA
SEC;812;SEC;SR;OK;TASK000013476410;Priority 3;NA
SEC;DXE;SEC;SR;OK;TASK000013476416;Priority 3;NA
SEC;812;SEC;SR;OK;TASK000013476420;Priority 3;NA
SEC;812;SEC;SR;OK;TASK000013476470;Priority 3;NA
SEC;812;SEC;SR;OK;TASK000013476478;Priority 3;NA
SEC;812;SEC;SR;OK;TASK000013476557;Priority 3;NA
FUN;812;FUN;SR;OK;TASK000013476578;Priority 3;NA
FUN;812;FUN;SR;OK;TASK000013476584;Priority 3;NA
FUN;812;FUN;SR;OK;TASK000013476591;Priority 3;NA
L1;812;MON;SR;OK;TASK000013476612;Priority 3;NA
SEC;812;SEC;SR;OK;TASK000013476668;Priority 3;NA
DBA;812;DBA;SR;OK;TASK000013476747;Priority 3;NA
SEC;DXE;SEC;SR;OK;TASK000013476865;Priority 3;NA
SEC;DXE;SEC;SR;OK;TASK000013476874;Priority 3;NA
SEC;812;SEC;SR;OK;TASK000013477141;Priority 3;NA
CNC;DPY;CNC;SR;OK;TASK000013477252;Priority 3;NA
CNC;DPY;CNC;SR;OK;TASK000013477259;Priority 3;NA
CNC;812;CNC;SR;OK;TASK000013477263;Priority 3;NA
SEC;812;SEC;SR;OK;TASK000013477345;Priority 3;NA
SEC;812;SEC;SR;OK;TASK000013477415;Priority 3;NA
FUN;CAN;FUN;SR;OK;TASK000013477443;Priority 3;NA
SEC;SYN;SEC;SR;OK;TASK000013477451;Priority 3;NA
SCH;812;SCH;SR;OK;TASK000013477490;Priority 3;NA
SEC;DXE;SEC;SR;OK;TASK000013477636;Priority 3;NA
SEC;SYN;SEC;SR;Defect;TASK000013477670;Priority 3;NA
SEC;812;SEC;SR;OK;TASK000013477773;Priority 3;NA
L1;812;MON;SR;OK;TASK000013477808;Priority 4;NA
SEC;812;SEC;SR;OK;TASK000013477890;Priority 3;NA
SEC;812;SEC;SR;OK;TASK000013477926;Priority 3;NA
FIN;812;FUN;SR;OK;TASK000013477945;Priority 4;NA
L1;BWI;L1 ;SR;OK;TASK000013478035;Priority 4;NA
SEC;BWI;SEC;SR;OK;TASK000013478125;Priority 4;NA
L1;812;CNC;SR;OK;TASK000013478195;Priority 3;NA
SEC;EES;FUN;SR;OK;TASK000013478361;Priority 3;NA
SEC;SYN;SEC;SR;OK;TASK000013478369;Priority 3;NA
SEC;DXE;SEC;SR;OK;TASK000013478466;Priority 3;NA
SEC;LAT;SEC;SR;OK;TASK000013478496;Priority 3;NA
SEC;BWI;SEC;SR;OK;TASK000013478504;Priority 4;NA
SEC;SYN;SEC;SR;OK;TASK000013478525;Priority 3;NA
SEC;DCF;SEC;SR;OK;TASK000013478539;Priority 3;NA
FUN;DCF;SEC;SR;Defect;TASK000013478588;Priority 3;NA
FUN;ETH;FUN;SR;OK;TASK000013478633;Priority 4;NA
CNC;DXE;CNC;SR;OK;TASK000013478711;Priority 3;NA
FUN;CAN;FUN;SR;OK;TASK000013478776;Priority 3;NA
SEC;SYN;SEC;SR;OK;TASK000013478812;Priority 3;NA
FUN;ETH;FUN;SR;OK;TASK000013478832;Priority 3;NA
CNC;812;CNC;SR;OK;TASK000013478909;Priority 3;NA
SEC;CAN;SEC;SR;OK;TASK000013478916;Priority 3;NA
CNC;812;CNC;SR;OK;TASK000013479008;Priority 3;NA
SEC;DXE;SEC;SR;OK;TASK000013479009;Priority 3;NA
SEC;MNT;SEC;SR;OK;TASK000013479038;Priority 3;NA
SEC;MNT;SEC;SR;Defect;TASK000013479058;Priority 3;NA
SEC;MNT;SEC;SR;Defect;TASK000013479065;Priority 3;NA
L1;BWI;L1 ;SR;OK;TASK000013479106;Priority 3;NA
SEC;MNT;SEC;SR;Defect;TASK000013479126;Priority 3;NA
SEC;MNT;SEC;SR;Defect;TASK000013479133;Priority 3;NA
DBA;812;DBA;SR;OK;TASK000013479283;Priority 3;NA
L1;BWI;L1 ;SR;OK;TASK000013479611;Priority 3;NA
CNC;812;CNC;SR;OK;TASK000013479772;Priority 3;NA
CNC;812;CNC;SR;OK;TASK000013480047;Priority 3;NA
SEC;DXE;SEC;SR;OK;TASK000013480142;Priority 3;NA
CNC;812;CNC;SR;OK;TASK000013480175;Priority 3;NA
CNC;812;CNC;SR;OK;TASK000013480176;Priority 3;NA
SEC;MNT;SEC;SR;OK;TASK000013480277;Priority 3;NA
SEC;DXE;SEC;SR;OK;TASK000013480855;Priority 3;NA
FUN;COR;FUN;SR;OK;TASK000013480862;Priority 3;NA
FUN;COR;FUN;SR;OK;TASK000013480873;Priority 3;NA
FUN;COR;FUN;SR;OK;TASK000013480879;Priority 3;NA
SEC;812;SEC;SR;OK;TASK000013480882;Priority 3;NA
SEC;812;SEC;SR;OK;TASK000013480960;Priority 3;NA
SEC;DXE;SEC;SR;OK;TASK000013481059;Priority 3;NA
SEC;812;SEC;SR;OK;TASK000013481120;Priority 3;NA
SEC;812;SEC;SR;OK;TASK000013481150;Priority 3;NA
L1;812;MON;SR;OK;TASK000013481391;Priority 3;NA
L1;812;MON;SR;OK;TASK000013481407;Priority 3;NA
SCH;LAT;SCH;SR;OK;TASK000013481568;Priority 3;NA
SEC;SYN;SEC;SR;OK;TASK000013481652;Priority 3;NA
SEC;BWI;SEC;SR;OK;TASK000013481790;Priority 4;NA
FIN;812;FUN;SR;OK;TASK000013481871;Priority 4;NA
SEC;EDS;SEC;SR;OK;TASK000013481872;Priority 3;NA
SEC;812;SEC;SR;OK;TASK000013481972;Priority 3;NA
SEC;DXE;SEC;SR;OK;TASK000013482044;Priority 3;NA
OPS;EMS;MON;SR;OK;TASK000013482171;Priority 3;NA
SEC;DXE;SEC;SR;OK;TASK000013482188;Priority 3;NA
APS;EES;APS;SR;OK;TASK000013482194;Priority 4;NA
OPS;EMS;MON;SR;OK;TASK000013482214;Priority 3;NA
SEC;DPY;SEC;SR;OK;TASK000013482277;Priority 3;NA
FUN;DCF;SEC;SR;OK;TASK000013482350;Priority 3;NA
APS;EES;APS;SR;OK;TASK000013482362;Priority 4;NA
L1;BWI;L1 ;SR;OK;TASK000013482383;Priority 3;NA
L1;812;MON;SR;OK;TASK000013482404;Priority 4;NA
SEC;812;SEC;SR;OK;TASK000013482432;Priority 3;NA
CNC;812;L1 ;SR;OK;TASK000013482497;Priority 3;NA
APS;EES;APS;SR;OK;TASK000013482509;Priority 4;NA
CNC;812;L1 ;SR;OK;TASK000013482527;Priority 3;NA
SEC;BWI;SEC;SR;OK;TASK000013482559;Priority 4;NA
SEC;812;SEC;SR;OK;TASK000013482630;Priority 3;NA
FUN;DCF;SEC;SR;OK;TASK000013482779;Priority 3;NA
SEC;BWI;SEC;SR;OK;TASK000013482790;Priority 4;NA
CNC;812;L1 ;SR;OK;TASK000013482796;Priority 3;NA
SEC;EMS;SEC;SR;OK;TASK000013482885;Priority 3;NA
CNC;812;L1 ;SR;OK;TASK000013482942;Priority 3;NA
CNC;812;L1 ;SR;OK;TASK000013483023;Priority 3;NA
SEC;DXE;SEC;SR;OK;TASK000013483258;Priority 3;NA
FUN;DCF;SEC;SR;OK;TASK000013483313;Priority 3;NA
SEC;ETH;SEC;SR;OK;TASK000013483391;Priority 3;NA
CNC;812;L1 ;SR;OK;TASK000013483395;Priority 3;NA
SEC;BWI;SEC;SR;OK;TASK000013483640;Priority 4;NA
L1;BWI;L1 ;SR;OK;TASK000013483684;Priority 3;NA
SEC;SYN;SEC;SR;OK;TASK000013483881;Priority 3;NA
SEC;SYN;SEC;SR;OK;TASK000013483885;Priority 3;NA
SEC;BWI;SEC;SR;OK;TASK000013483912;Priority 4;NA
SEC;812;SEC;SR;OK;TASK000013484035;Priority 3;NA
SEC;BWI;SEC;SR;OK;TASK000013484101;Priority 4;NA
SEC;ETH;SEC;SR;OK;TASK000013484119;Priority 3;NA
SEC;ETH;SEC;SR;OK;TASK000013484133;Priority 3;NA
SEC;ETH;SEC;SR;OK;TASK000013484159;Priority 3;NA
SEC;ETH;SEC;SR;OK;TASK000013484203;Priority 3;NA
SEC;ETH;SEC;SR;OK;TASK000013484207;Priority 3;NA
SEC;LAT;SEC;SR;OK;TASK000013484840;Priority 3;NA
SEC;EDS;SEC;SR;OK;TASK000013484860;Priority 3;NA
SEC;EDS;SEC;SR;OK;TASK000013484968;Priority 3;NA
SEC;812;SEC;SR;OK;TASK000013485066;Priority 3;NA
FUN;812;FUN;SR;OK;TASK000013485385;Priority 3;NA
FUN;EDS;FUN;SR;OK;TASK000013485461;Priority 3;NA
SEC;812;SEC;SR;OK;TASK000013485496;Priority 3;NA
SEC;812;SEC;SR;OK;TASK000013485557;Priority 3;NA
SEC;EDS;SEC;SR;OK;TASK000013485599;Priority 3;NA
SEC;WS;SEC;SR;OK;TASK000013485607;Priority 3;NA
L1;812;CNC;SR;OK;TASK000013485614;Priority 3;NA
DBA;812;DBA;SR;OK;TASK000013485625;Priority 3;NA
FUN;812;FUN;SR;OK;TASK000013485706;Priority 4;NA
SEC;WS;SEC;SR;OK;TASK000013485807;Priority 3;NA
FIN;812;FUN;SR;OK;TASK000013485835;Priority 4;NA
SEC;WS;SEC;SR;OK;TASK000013485868;Priority 3;NA
SEC;WS;SEC;SR;OK;TASK000013485895;Priority 3;NA
SEC;SYN;SEC;SR;OK;TASK000013485961;Priority 3;NA
SEC;SYN;SEC;SR;OK;TASK000013485991;Priority 3;NA
SEC;DXE;SEC;SR;OK;TASK000013486004;Priority 3;NA
SEC;SYN;SEC;SR;OK;TASK000013486007;Priority 3;NA
CNC;812;CNC;SR;OK;TASK000013486212;Priority 3;NA
SEC;812;SEC;SR;OK;TASK000013486216;Priority 3;NA
APS;EES;APS;SR;OK;TASK000013486436;Priority 4;NA
DBA;812;DBA;SR;OK;TASK000013486438;Priority 3;NA
SEC;SYN;SEC;SR;OK;TASK000013486501;Priority 3;NA
SEC;SYN;SEC;SR;OK;TASK000013486536;Priority 3;NA
DBA;812;DBA;SR;OK;TASK000013486576;Priority 3;NA
L1;812;MON;SR;OK;TASK000013486583;Priority 3;NA
L1;BWI;L1 ;SR;OK;TASK000013486631;Priority 4;NA
FUN;812;FUN;SR;OK;TASK000013486651;Priority 4;NA
SEC;812;SEC;SR;OK;TASK000013486654;Priority 3;NA
SEC;DXE;SEC;SR;OK;TASK000013486662;Priority 3;NA
CNC;812;CNC;SR;OK;TASK000013486709;Priority 3;NA
CNC;812;CNC;SR;OK;TASK000013486876;Priority 3;NA
SEC;BWI;SEC;SR;OK;TASK000013486947;Priority 4;NA
SEC;SYN;SEC;SR;OK;TASK000013486973;Priority 3;NA
DBA;812;DBA;SR;OK;TASK000013487031;Priority 3;NA
SCH;812;SCH;SR;OK;TASK000013487033;Priority 3;NA
SEC;SYN;SEC;SR;OK;TASK000013487041;Priority 3;NA
DBA;812;DBA;SR;OK;TASK000013487057;Priority 3;NA
CNC;MNT;CNC;SR;OK;TASK000013487132;Priority 3;NA
SEC;ETH;SEC;SR;OK;TASK000013487200;Priority 3;NA
L1;BWI;L1 ;SR;OK;TASK000013487212;Priority 3;NA
SEC;DXE;SEC;SR;OK;TASK000013487225;Priority 3;NA
SEC;DXE;SEC;SR;OK;TASK000013487284;Priority 3;NA
FIN;812;FUN;SR;OK;TASK000013487309;Priority 3;NA
CNC;812;CNC;SR;OK;TASK000013487314;Priority 3;NA
SEC;SYN;SEC;SR;OK;TASK000013487342;Priority 3;NA
SEC;SYN;SEC;SR;OK;TASK000013487352;Priority 3;NA
APS;ETH;APS;SR;OK;TASK000013487444;Priority 3;NA
SEC;BWI;SEC;SR;OK;TASK000013487524;Priority 4;NA
SEC;ETH;SEC;SR;OK;TASK000013487806;Priority 3;NA
SEC;BWI;SEC;SR;OK;TASK000013487816;Priority 4;NA
SEC;ETH;SEC;SR;OK;TASK000013488165;Priority 3;NA
SEC;ETH;SEC;SR;OK;TASK000013488202;Priority 3;NA
SEC;ETH;SEC;SR;OK;TASK000013488212;Priority 3;NA
SEC;ETH;SEC;SR;OK;TASK000013488220;Priority 3;NA
SEC;ETH;SEC;SR;OK;TASK000013488222;Priority 3;NA
SEC;ETH;SEC;SR;OK;TASK000013488227;Priority 3;NA
SEC;ETH;SEC;SR;OK;TASK000013488231;Priority 3;NA
FUN;MNT;FUN;SR;OK;TASK000013488245;Priority 4;NA
SEC;BWI;SEC;SR;OK;TASK000013488249;Priority 4;NA
FUN;812;FUN;SR;OK;TASK000013488259;Priority 3;NA
SEC;BWI;SEC;SR;OK;TASK000013488299;Priority 4;NA
FUN;ETH;FUN;SR;OK;TASK000013488309;Priority 4;NA
L1;BWI;L1 ;SR;OK;TASK000013488352;Priority 3;NA
FUN;CAN;FUN;SR;OK;TASK000013488393;Priority 3;NA
SEC;BWI;SEC;SR;OK;TASK000013488474;Priority 4;NA
FUN;ETH;FUN;SR;OK;TASK000013488646;Priority 4;NA
SEC;812;SEC;SR;OK;TASK000013488792;Priority 3;NA
SEC;812;SEC;SR;OK;TASK000013489047;Priority 3;NA
SEC;812;SEC;SR;OK;TASK000013489077;Priority 3;NA
SEC;812;SEC;SR;OK;TASK000013489113;Priority 3;NA
SEC;812;SEC;SR;OK;TASK000013489318;Priority 3;NA
SEC;812;SEC;SR;OK;TASK000013489391;Priority 3;NA
FUN;DCF;SEC;SR;Defect;TASK000013489448;Priority 3;NA
SEC;DXE;SEC;SR;OK;TASK000013489495;Priority 3;NA
FUN;812;FUN;SR;OK;TASK000013489544;Priority 3;NA
FUN;COR;FUN;SR;OK;TASK000013489583;Priority 3;NA
L1;812;MON;SR;OK;TASK000013489598;Priority 3;NA
SEC;812;SEC;SR;OK;TASK000013489617;Priority 3;NA
SCH;812;SCH;SR;OK;TASK000013489703;Priority 3;NA
CNC;812;CNC;SR;OK;TASK000013489716;Priority 3;NA
DBA;812;DBA;SR;OK;TASK000013489733;Priority 3;NA
SEC;EMS;SEC;SR;OK;TASK000013489759;Priority 3;NA
SCH;812;SCH;SR;OK;TASK000013489779;Priority 3;NA
DBA;812;DBA;SR;OK;TASK000013489822;Priority 3;NA
SEC;812;SEC;SR;OK;TASK000013489866;Priority 3;NA
FUN;DCF;SEC;SR;OK;TASK000013489872;Priority 3;NA
FUN;EDS;FUN;SR;OK;TASK000013489907;Priority 3;NA
L1;812;MON;SR;OK;TASK000013490010;Priority 4;NA
DBA;812;DBA;SR;OK;TASK000013490027;Priority 3;NA
L1;BWI;L1 ;SR;OK;TASK000013490253;Priority 4;NA
SEC;LAT;SEC;SR;OK;TASK000013490272;Priority 3;NA
SEC;WS;SEC;SR;OK;TASK000013490285;Priority 3;NA
FUN;DCF;SEC;SR;OK;TASK000013490295;Priority 3;NA
SEC;BWI;SEC;SR;OK;TASK000013490308;Priority 4;NA
APS;ETH;APS;SR;OK;TASK000013490436;Priority 3;NA
FUN;DCF;SEC;SR;OK;TASK000013490444;Priority 3;NA
FUN;DCF;SEC;SR;OK;TASK000013490457;Priority 3;NA
FUN;DCF;SEC;SR;OK;TASK000013490464;Priority 3;NA
FUN;812;FUN;SR;OK;TASK000013490467;Priority 3;NA
FUN;812;FUN;SR;OK;TASK000013490470;Priority 4;NA
FUN;WS;FUN;SR;OK;TASK000013490493;Priority 4;NA
SEC;SYN;SEC;SR;OK;TASK000013490560;Priority 3;NA
FUN;DCF;SEC;SR;OK;TASK000013490570;Priority 3;NA
SEC;SYN;SEC;SR;OK;TASK000013490573;Priority 3;NA
SEC;SYN;SEC;SR;OK;TASK000013490651;Priority 3;NA
SEC;SYN;SEC;SR;OK;TASK000013490791;Priority 3;NA
FUN;DCF;SEC;SR;OK;TASK000013490798;Priority 3;NA
FUN;ETH;FUN;SR;OK;TASK000013490808;Priority 4;NA
SEC;812;SEC;SR;OK;TASK000013490835;Priority 3;NA
DBA;812;DBA;SR;OK;TASK000013490906;Priority 3;NA
SEC;MNT;SEC;SR;Defect;TASK000013490961;Priority 3;NA
CNC;MNT;CNC;SR;OK;TASK000013491021;Priority 3;NA
SEC;812;SEC;SR;OK;TASK000013491070;Priority 3;NA
FUN;812;FUN;SR;OK;TASK000013491099;Priority 3;NA
SCH;LAT;SCH;SR;OK;TASK000013491151;Priority 3;NA
FUN;812;FUN;SR;OK;TASK000013491177;Priority 3;NA
L1;812;MON;SR;OK;TASK000013491197;Priority 3;NA
FUN;DCF;SEC;SR;OK;TASK000013491222;Priority 3;NA
SEC;812;SEC;SR;OK;TASK000013491228;Priority 3;NA
SEC;MNT;SEC;SR;OK;TASK000013491234;Priority 3;NA
SEC;MNT;SEC;SR;OK;TASK000013491238;Priority 3;NA
L1;BWI;L1 ;SR;OK;TASK000013491248;Priority 3;NA
SEC;MNT;SEC;SR;Defect;TASK000013491260;Priority 3;NA
SEC;MNT;SEC;SR;OK;TASK000013491264;Priority 3;NA
FUN;812;FUN;SR;OK;TASK000013491265;Priority 3;NA
SCH;812;SCH;SR;OK;TASK000013491273;Priority 3;NA
SEC;MNT;SEC;SR;OK;TASK000013491274;Priority 3;NA
SEC;BWI;SEC;SR;OK;TASK000013491365;Priority 4;NA
SEC;SYN;SEC;SR;OK;TASK000013491381;Priority 3;NA
SEC;SYN;SEC;SR;OK;TASK000013491396;Priority 3;NA
FUN;812;FUN;SR;OK;TASK000013491401;Priority 3;NA
SEC;BWI;SEC;SR;OK;TASK000013491420;Priority 4;NA
SEC;BWI;SEC;SR;OK;TASK000013491454;Priority 4;NA
SEC;BWI;SEC;SR;OK;TASK000013491464;Priority 4;NA
SEC;BWI;SEC;SR;OK;TASK000013491474;Priority 3;NA
SEC;BWI;SEC;SR;OK;TASK000013491505;Priority 4;NA
SEC;DPY;SEC;SR;OK;TASK000013491726;Priority 3;NA
SEC;DPY;SEC;SR;OK;TASK000013491789;Priority 3;NA
SEC;ETH;SEC;SR;OK;TASK000013491884;Priority 3;NA
CNC;ETH;CNC;SR;OK;TASK000013491935;Priority 3;NA
SEC;MNT;SEC;SR;Defect;TASK000013491936;Priority 3;NA
SEC;MNT;SEC;SR;Defect;TASK000013492125;Priority 3;NA
FUN;DCF;SEC;SR;Defect;TASK000013492130;Priority 3;NA
SEC;BWI;SEC;SR;OK;TASK000013492325;Priority 4;NA
L1;812;MON;SR;OK;TASK000013492690;Priority 3;NA
SEC;DXE;SEC;SR;OK;TASK000013492856;Priority 3;NA
L1;812;MON;SR;OK;TASK000013493087;Priority 3;NA
SEC;WS;SEC;SR;OK;TASK000013493261;Priority 3;NA
SEC;WS;SEC;SR;OK;TASK000013493269;Priority 3;NA
SEC;812;SEC;SR;OK;TASK000013493356;Priority 3;NA
SEC;WS;SEC;SR;OK;TASK000013493638;Priority 3;NA
L1;OCD;CNC;SR;OK;TASK000013493656;Priority 3;NA
SEC;DXE;SEC;SR;OK;TASK000013493760;Priority 3;NA
L1;812;MON;SR;OK;TASK000013493773;Priority 3;NA
L1;812;MON;SR;OK;TASK000013493930;Priority 4;NA
DBA;812;DBA;SR;OK;TASK000013493939;Priority 3;NA
L1;812;MON;SR;OK;TASK000013493940;Priority 4;NA
L1;812;MON;SR;OK;TASK000013493999;Priority 3;NA
SEC;812;SEC;SR;OK;TASK000013494007;Priority 3;NA
SEC;BWI;SEC;SR;OK;TASK000013494042;Priority 4;NA
L1;EDS;MON;SR;OK;TASK000013494133;Priority 4;NA
APS;ETH;APS;SR;OK;TASK000013494148;Priority 3;NA
SEC;WS;SEC;SR;OK;TASK000013494155;Priority 4;NA
SEC;LAT;SEC;SR;OK;TASK000013494189;Priority 4;NA
L1;BWI;L1 ;SR;OK;TASK000013494384;Priority 4;NA
SEC;EMS;SEC;SR;OK;TASK000013494500;Priority 3;NA
SEC;812;SEC;SR;OK;TASK000013494541;Priority 3;NA
SEC;SYN;SEC;SR;OK;TASK000013494602;Priority 3;NA
SEC;EMS;SEC;SR;OK;TASK000013494713;Priority 3;NA
SEC;EMS;SEC;SR;OK;TASK000013494749;Priority 3;NA
L1;BWI;L1 ;SR;OK;TASK000013494776;Priority 3;NA
SEC;BWI;SEC;SR;OK;TASK000013494798;Priority 4;NA
CNC;DPY;CNC;SR;OK;TASK000013494863;Priority 3;NA
APS;ETH;APS;SR;OK;TASK000013494964;Priority 3;NA
SCH;BWI;SCH;SR;OK;TASK000013495008;Priority 3;NA
SEC;MNT;SEC;SR;OK;TASK000013495133;Priority 3;NA
L1;BWI;L1 ;SR;OK;TASK000013495210;Priority 3;NA
CNC;812;CNC;SR;OK;TASK000013495219;Priority 3;NA
SEC;BWI;SEC;SR;OK;TASK000013495264;Priority 4;NA
L1;BWI;L1 ;SR;OK;TASK000013495283;Priority 4;NA
L1;BWI;L1 ;SR;OK;TASK000013495343;Priority 4;NA
CNC;812;CNC;SR;OK;TASK000013495362;Priority 3;NA
SEC;BWI;SEC;SR;OK;TASK000013495372;Priority 4;NA
L1;BWI;L1 ;SR;OK;TASK000013495404;Priority 4;NA
SEC;BWI;SEC;SR;OK;TASK000013495472;Priority 4;NA
SEC;BWI;SEC;SR;OK;TASK000013495477;Priority 4;NA
SEC;LAT;SEC;SR;OK;TASK000013495498;Priority 3;NA
DBA;812;DBA;SR;OK;TASK000013495531;Priority 3;NA
CNC;DPY;CNC;SR;OK;TASK000013495578;Priority 3;NA
SEC;LAT;SEC;SR;OK;TASK000013495666;Priority 4;NA
SEC;BWI;SEC;SR;OK;TASK000013495732;Priority 4;NA
CNC;812;CNC;SR;OK;TASK000013495773;Priority 3;NA
SEC;BWI;SEC;SR;OK;TASK000013495779;Priority 4;NA
SEC;BWI;SEC;SR;OK;TASK000013495785;Priority 4;NA
SEC;BWI;SEC;SR;OK;TASK000013495787;Priority 4;NA
SEC;CAN;SEC;SR;OK;TASK000013495903;Priority 3;NA
L1;EDS;MON;SR;OK;TASK000013496119;Priority 3;NA
CNC;WS;MON;SR;OK;TASK000013496289;Priority 3;NA
SEC;812;SEC;SR;OK;TASK000013496709;Priority 3;NA
SEC;812;SEC;SR;OK;TASK000013496712;Priority 3;NA
SEC;EDS;SEC;SR;OK;TASK000013496716;Priority 3;NA
FUN;DCF;FUN;SR;OK;TASK000013496758;Priority 4;NA
SEC;812;SEC;SR;OK;TASK000013496788;Priority 3;NA
SEC;EMS;SEC;SR;OK;TASK000013496851;Priority 3;NA
CNC;812;CNC;SR;OK;TASK000013496854;Priority 3;NA
SEC;DXE;SEC;SR;OK;TASK000013496887;Priority 3;NA
SEC;BWI;SEC;SR;OK;TASK000013496910;Priority 4;NA
SEC;812;SEC;SR;OK;TASK000013497056;Priority 3;NA
SEC;MNT;SEC;SR;OK;TASK000013497251;Priority 3;NA
CNC;MNT;CNC;SR;OK;TASK000013497253;Priority 3;NA
SEC;812;SEC;SR;OK;TASK000013497323;Priority 3;NA
SEC;EMS;SEC;SR;OK;TASK000013497379;Priority 3;NA
FUN;EDS;FUN;SR;OK;TASK000013497404;Priority 4;NA
SEC;812;SEC;SR;OK;TASK000013497458;Priority 3;NA
FUN;EDS;FUN;SR;OK;TASK000013497516;Priority 4;NA
SEC;812;SEC;SR;OK;TASK000013497692;Priority 3;NA
SEC;DXE;SEC;SR;OK;TASK000013497716;Priority 3;NA
DBA;812;DBA;SR;OK;TASK000013497734;Priority 3;NA
SEC;812;SEC;SR;OK;TASK000013497892;Priority 3;NA
SEC;SYN;SEC;SR;OK;TASK000013497901;Priority 3;NA
FUN;EES;FUN;SR;OK;TASK000013497902;Priority 3;NA
SEC;SYN;SEC;SR;OK;TASK000013497927;Priority 3;NA
CNC;812;CNC;SR;OK;TASK000013497978;Priority 3;NA
L1;BWI;L1 ;SR;OK;TASK000013498028;Priority 3;NA
CNC;812;CNC;SR;OK;TASK000013498072;Priority 3;NA
SEC;812;SEC;SR;OK;TASK000013498165;Priority 3;NA
SEC;BWI;SEC;SR;OK;TASK000013498174;Priority 4;NA
SEC;BWI;SEC;SR;OK;TASK000013498184;Priority 4;NA
SEC;EMS;SEC;SR;OK;TASK000013498191;Priority 3;NA
SEC;812;SEC;SR;OK;TASK000013498200;Priority 3;NA
SEC;812;SEC;SR;OK;TASK000013498221;Priority 3;NA
OPS;EMS;MON;SR;OK;TASK000013498252;Priority 3;NA
FUN;812;FUN;SR;OK;TASK000013498313;Priority 3;NA
SEC;BWI;SEC;SR;OK;TASK000013498327;Priority 4;NA
SEC;812;SEC;SR;OK;TASK000013498377;Priority 3;NA
DBA;812;DBA;SR;OK;TASK000013498393;Priority 3;NA
SEC;DXE;SEC;SR;OK;TASK000013498434;Priority 3;NA
FIN;812;FUN;SR;OK;TASK000013498437;Priority 4;NA
SEC;812;SEC;SR;OK;TASK000013498456;Priority 3;NA
FUN;812;FUN;SR;OK;TASK000013498486;Priority 3;NA
L1;BWI;L1 ;SR;OK;TASK000013498505;Priority 3;NA
SCH;812;SCH;SR;OK;TASK000013498606;Priority 3;NA
SEC;812;SEC;SR;OK;TASK000013498722;Priority 3;NA
SEC;BWI;SEC;SR;OK;TASK000013498872;Priority 4;NA
SEC;812;SEC;SR;OK;TASK000013498921;Priority 3;NA
CNC;MNT;CNC;SR;OK;TASK000013499029;Priority 3;NA
SEC;ETH;SEC;SR;OK;TASK000013499112;Priority 3;NA
SEC;BWI;SEC;SR;OK;TASK000013499134;Priority 4;NA
FUN;EES;FUN;SR;OK;TASK000013499140;Priority 4;NA
FUN;812;FUN;SR;OK;TASK000013499212;Priority 3;NA
APS;ETH;APS;SR;OK;TASK000013499435;Priority 3;NA
SEC;812;SEC;SR;OK;TASK000013499513;Priority 3;NA
SEC;SYN;SEC;SR;OK;TASK000013499517;Priority 3;NA
SEC;BWI;SEC;SR;OK;TASK000013499527;Priority 4;NA
SEC;LAT;SEC;SR;OK;TASK000013499614;Priority 3;NA
SEC;MNT;SEC;SR;Defect;TASK000013499706;Priority 3;NA
SEC;BWI;SEC;SR;OK;TASK000013499832;Priority 4;NA
FUN;DCF;SEC;SR;OK;TASK000013499934;Priority 3;NA
DBA;812;DBA;SR;OK;TASK000013499944;Priority 3;NA
DBA;812;DBA;SR;OK;TASK000013499977;Priority 3;NA
SEC;BWI;SEC;SR;OK;TASK000013500357;Priority 4;NA
L1;BWI;L1 ;SR;OK;TASK000013500402;Priority 3;NA
SEC;CAN;SEC;SR;OK;TASK000013500417;Priority 3;NA
SEC;DXE;SEC;SR;OK;TASK000013501533;Priority 3;NA
DBA;812;DBA;SR;OK;TASK000013501748;Priority 3;NA
L1;812;MON;SR;OK;TASK000013502319;Priority 3;NA
SEC;812;SEC;SR;OK;TASK000013502362;Priority 3;NA
SEC;812;SEC;SR;OK;TASK000013502420;Priority 3;NA
DBA;812;DBA;SR;Defect;TASK000013502501;Priority 3;NA
L1;812;MON;SR;OK;TASK000013502554;Priority 3;NA
L1;812;MON;SR;OK;TASK000013502564;Priority 3;NA
SEC;812;SEC;SR;OK;TASK000013502596;Priority 3;NA
SEC;DXE;SEC;SR;OK;TASK000013502629;Priority 3;NA
DBA;812;DBA;SR;OK;TASK000013502665;Priority 3;NA
DBA;812;DBA;SR;OK;TASK000013502769;Priority 3;NA
CNC;BWI;CNC;SR;OK;TASK000013502830;Priority 3;NA
FUN;WS;FUN;SR;OK;TASK000013502867;Priority 3;NA
APS;ETH;APS;SR;OK;TASK000013502911;Priority 3;NA
SCH;812;SCH;SR;OK;TASK000013502915;Priority 3;NA
FUN;812;FUN;SR;OK;TASK000013502918;Priority 3;NA
DBA;812;DBA;SR;OK;TASK000013503071;Priority 3;NA
SEC;EMS;SEC;SR;OK;TASK000013503137;Priority 3;NA
FUN;COR;FUN;SR;OK;TASK000013503156;Priority 3;NA
CNC;MNT;CNC;SR;OK;TASK000013503193;Priority 3;NA
SEC;812;SEC;SR;OK;TASK000013503201;Priority 3;NA
SEC;812;SEC;SR;OK;TASK000013503232;Priority 3;NA
SEC;SYN;SEC;SR;OK;TASK000013503267;Priority 3;NA
SEC;812;SEC;SR;OK;TASK000013503385;Priority 3;NA
SEC;EMS;SEC;SR;OK;TASK000013503388;Priority 3;NA
SEC;812;SEC;SR;OK;TASK000013503413;Priority 3;NA
SEC;SYN;SEC;SR;OK;TASK000013503435;Priority 3;NA
DBA;812;DBA;SR;Defect;TASK000013503446;Priority 3;NA
SEC;WS;SEC;SR;OK;TASK000013503501;Priority 3;NA
L1;812;MON;SR;OK;TASK000013503564;Priority 3;NA
APS;ETH;APS;SR;OK;TASK000013503582;Priority 3;NA
L1;812;MON;SR;OK;TASK000013503661;Priority 3;NA
SEC;812;SEC;SR;OK;TASK000013503666;Priority 3;NA
SEC;812;SEC;SR;OK;TASK000013503670;Priority 3;NA
SEC;EES;FUN;SR;Defect;TASK000013503720;Priority 3;NA
SEC;812;SEC;SR;OK;TASK000013503731;Priority 3;NA
SEC;812;SEC;SR;OK;TASK000013503745;Priority 3;NA
L1;812;MON;SR;OK;TASK000013503801;Priority 3;NA
SCH;LAT;SCH;SR;OK;TASK000013503806;Priority 3;NA
FUN;812;FUN;SR;OK;TASK000013503807;Priority 3;NA
SCH;812;SCH;SR;OK;TASK000013503809;Priority 3;NA
SCH;LAT;SCH;SR;OK;TASK000013503846;Priority 3;NA
FIN;812;FUN;SR;OK;TASK000013503879;Priority 3;NA
DBA;812;DBA;SR;OK;TASK000013503892;Priority 3;NA
SEC;EMS;SEC;SR;OK;TASK000013503925;Priority 3;NA
L1;BWI;L1 ;SR;OK;TASK000013503944;Priority 3;NA
SEC;812;SEC;SR;OK;TASK000013503965;Priority 3;NA
SEC;BWI;SEC;SR;OK;TASK000013504055;Priority 4;NA
L1;BWI;L1 ;SR;OK;TASK000013504059;Priority 3;NA
SEC;812;SEC;SR;OK;TASK000013504071;Priority 3;NA
SEC;812;SEC;SR;OK;TASK000013504076;Priority 3;NA
SEC;BWI;SEC;SR;OK;TASK000013504078;Priority 4;NA
DBA;812;DBA;SR;OK;TASK000013504080;Priority 3;NA
DBA;812;DBA;SR;OK;TASK000013504120;Priority 3;NA
FIN;812;FUN;SR;OK;TASK000013504128;Priority 4;NA
SEC;ETH;SEC;SR;OK;TASK000013504149;Priority 3;NA
L1;BWI;L1 ;SR;OK;TASK000013504199;Priority 3;NA
SEC;BWI;SEC;SR;OK;TASK000013504200;Priority 4;NA
FUN;ETH;FUN;SR;OK;TASK000013504219;Priority 3;NA
FUN;ETH;FUN;SR;OK;TASK000013504261;Priority 3;NA
SEC;BWI;SEC;SR;OK;TASK000013504325;Priority 4;NA
SEC;812;SEC;SR;OK;TASK000013504330;Priority 3;NA
L1;BWI;L1 ;SR;OK;TASK000013504367;Priority 3;NA
SEC;SYN;SEC;SR;OK;TASK000013504382;Priority 3;NA
CNC;EES;CNC;SR;OK;TASK000013504398;Priority 3;NA
SEC;BWI;SEC;SR;OK;TASK000013504469;Priority 4;NA
SCH;LAT;SCH;SR;OK;TASK000013504490;Priority 3;NA
L1;812;MON;SR;OK;TASK000013504787;Priority 3;NA
SEC;BWI;SEC;SR;OK;TASK000013504806;Priority 4;NA
SEC;WS;SEC;SR;OK;TASK000013505112;Priority 3;NA
SEC;WS;SEC;SR;OK;TASK000013505152;Priority 3;NA
SEC;812;SEC;SR;OK;TASK000013505317;Priority 3;NA
CNC;812;CNC;SR;OK;TASK000013505361;Priority 3;NA
SEC;812;SEC;SR;OK;TASK000013505363;Priority 3;NA
SEC;812;SEC;SR;OK;TASK000013505370;Priority 3;NA
FUN;WS;FUN;SR;OK;TASK000013505594;Priority 3;NA
FUN;812;FUN;SR;OK;TASK000013505603;Priority 3;NA
L1;812;MON;SR;OK;TASK000013505671;Priority 3;NA
FIN;812;INS;SR;OK;TASK000013505682;Priority 3;NA
FIN;812;INS;SR;OK;TASK000013505688;Priority 3;NA
SEC;812;SEC;SR;OK;TASK000013505739;Priority 3;NA
L1;812;MON;SR;OK;TASK000013505742;Priority 4;NA
SEC;EDS;SEC;SR;Defect;TASK000013505778;Priority 3;NA
SEC;812;SEC;SR;OK;TASK000013505833;Priority 3;NA
FUN;DCF;SEC;SR;OK;TASK000013505834;Priority 3;NA
FUN;812;FUN;SR;OK;TASK000013505847;Priority 4;NA
FUN;WS;FUN;SR;OK;TASK000013505980;Priority 4;NA
CNC;WS;MON;SR;OK;TASK000013505982;Priority 3;NA
SEC;812;SEC;SR;OK;TASK000013506031;Priority 3;NA
FIN;812;INS;SR;OK;TASK000013506071;Priority 4;NA
SEC;EDS;SEC;SR;OK;TASK000013506180;Priority 3;NA
SEC;EDS;SEC;SR;OK;TASK000013506195;Priority 3;NA
SEC;EMS;SEC;SR;OK;TASK000013506234;Priority 3;NA
SEC;DXE;SEC;SR;OK;TASK000013506237;Priority 3;NA
SEC;812;SEC;SR;OK;TASK000013506369;Priority 3;NA
SEC;BWI;SEC;SR;OK;TASK000013506471;Priority 4;NA
SEC;812;SEC;SR;OK;TASK000013506521;Priority 3;NA
SEC;812;SEC;SR;OK;TASK000013506547;Priority 3;NA
L1;812;MON;SR;OK;TASK000013506550;Priority 3;NA
L1;812;MON;SR;OK;TASK000013506571;Priority 3;NA
CNC;ETH;CNC;SR;OK;TASK000013506592;Priority 3;NA
L1;812;MON;SR;OK;TASK000013506631;Priority 3;NA
DBA;812;FUN;SR;OK;TASK000013506720;Priority 3;NA
APS;ETH;APS;SR;OK;TASK000013506762;Priority 3;NA
SEC;812;SEC;SR;OK;TASK000013506885;Priority 3;NA
APS;EES;APS;SR;OK;TASK000013506894;Priority 4;NA
SEC;BWI;SEC;SR;OK;TASK000013506924;Priority 4;NA
SEC;DXE;SEC;SR;OK;TASK000013507023;Priority 3;NA
SEC;BWI;SEC;SR;OK;TASK000013507031;Priority 4;NA
SCH;812;SCH;SR;OK;TASK000013507033;Priority 3;NA
CNC;LFS;CNC;SR;OK;TASK000013507143;Priority 3;NA
SEC;EES;SEC;SR;Defect;TASK000013507147;Priority 3;NA
CNC;ETH;CNC;SR;OK;TASK000013507170;Priority 3;NA
SEC;LAT;SEC;SR;OK;TASK000013507234;Priority 3;NA
APS;ETH;APS;SR;OK;TASK000013507338;Priority 3;NA
CNC;DPY;CNC;SR;OK;TASK000013507358;Priority 3;NA
SEC;812;SEC;SR;OK;TASK000013507391;Priority 3;NA
SEC;SYN;SEC;SR;OK;TASK000013507425;Priority 3;NA
SEC;BWI;SEC;SR;OK;TASK000013507432;Priority 4;NA
SEC;EES;SEC;SR;OK;TASK000013507622;Priority 3;NA
SEC;DCF;SEC;SR;OK;TASK000013507630;Priority 3;NA
L1;812;MON;SR;OK;TASK000013507710;Priority 4;NA
SEC;SYN;SEC;SR;OK;TASK000013507764;Priority 3;NA
APS;EES;APS;SR;OK;TASK000013507780;Priority 4;NA
SEC;SYN;SEC;SR;OK;TASK000013507799;Priority 3;NA
FUN;ETH;FUN;SR;OK;TASK000013507871;Priority 3;NA
FUN;ETH;FUN;SR;OK;TASK000013507872;Priority 3;NA
FUN;ETH;FUN;SR;OK;TASK000013507873;Priority 3;NA
SEC;BWI;SEC;SR;OK;TASK000013507915;Priority 4;NA
SEC;SYN;SEC;SR;OK;TASK000013507956;Priority 3;NA
L1;BWI;L1 ;SR;OK;TASK000013508142;Priority 4;NA
SEC;BWI;SEC;SR;OK;TASK000013508244;Priority 4;NA
L1;BWI;MON;SR;OK;TASK000013508390;Priority 3;NA
L1;BWI;L1 ;SR;OK;TASK000013508462;Priority 3;NA
L1;BWI;L1 ;SR;OK;TASK000013508493;Priority 3;NA
SEC;BWI;SEC;SR;OK;TASK000013508511;Priority 4;NA
L1;EMS;OPS;SR;OK;TASK000013508618;Priority 3;NA
L1;EMS;OPS;SR;OK;TASK000013508645;Priority 3;NA
SEC;DCF;SEC;SR;OK;TASK000013508664;Priority 3;NA
L1;BWI;L1 ;SR;OK;TASK000013508667;Priority 3;NA
L1;BWI;L1 ;SR;OK;TASK000013508669;Priority 4;NA
L1;812;MON;SR;OK;TASK000013508671;Priority 3;NA
SEC;MNT;SEC;SR;OK;TASK000013508679;Priority 3;NA
L1;BWI;L1 ;SR;OK;TASK000013508680;Priority 3;NA
SEC;MNT;SEC;SR;OK;TASK000013508683;Priority 3;NA
L1;812;L1 ;SR;OK;TASK000013508710;Priority 3;NA
SEC;MNT;SEC;SR;OK;TASK000013508766;Priority 3;NA
L1;BWI;L1 ;SR;OK;TASK000013508784;Priority 3;NA
SEC;EMS;SEC;SR;OK;TASK000013509468;Priority 3;NA
DBA;812;DBA;SR;OK;TASK000013509471;Priority 3;NA
CNC;BWI;CNC;SR;OK;TASK000013509548;Priority 3;NA
SEC;812;SEC;SR;OK;TASK000013509577;Priority 3;NA
APS;ETH;APS;SR;OK;TASK000013509636;Priority 4;NA
CNC;812;MON;SR;OK;TASK000013509663;Priority 3;NA
SEC;812;SEC;SR;OK;TASK000013509683;Priority 3;NA
CNC;ETH;MON;SR;OK;TASK000013509696;Priority 3;NA
SEC;EMS;SEC;SR;OK;TASK000013509784;Priority 3;NA
FIN;DCF;FUN;SR;OK;TASK000013509788;Priority 3;NA
DBA;812;DBA;SR;OK;TASK000013509820;Priority 3;NA
FIN;DCF;FUN;SR;OK;TASK000013509835;Priority 4;NA
FUN;DCF;SEC;SR;OK;TASK000013509840;Priority 3;NA
DBA;812;DBA;SR;OK;TASK000013509959;Priority 3;NA
SEC;812;SEC;SR;OK;TASK000013509966;Priority 3;NA
SEC;DCF;SEC;SR;Defect;TASK000013510011;Priority 3;NA
DBA;812;DBA;SR;OK;TASK000013510014;Priority 3;NA
SEC;812;SEC;SR;OK;TASK000013510039;Priority 3;NA
FUN;DCF;SEC;SR;OK;TASK000013510160;Priority 3;NA
SEC;812;SEC;SR;OK;TASK000013510203;Priority 3;NA
SEC;SYN;SEC;SR;OK;TASK000013510260;Priority 3;NA
SEC;SYN;SEC;SR;OK;TASK000013510302;Priority 3;NA
SEC;812;SEC;SR;OK;TASK000013510355;Priority 3;NA
SEC;SYN;SEC;SR;OK;TASK000013510373;Priority 3;NA
SEC;WS;SEC;SR;OK;TASK000013510399;Priority 3;NA
DBA;812;DBA;SR;OK;TASK000013510430;Priority 3;NA
SEC;SYN;SEC;SR;Defect;TASK000013510471;Priority 3;NA
SEC;SYN;SEC;SR;Defect;TASK000013510513;Priority 3;NA
DBA;812;DBA;SR;OK;TASK000013510515;Priority 3;NA
SEC;SYN;SEC;SR;OK;TASK000013510550;Priority 3;NA
L1;812;MON;SR;OK;TASK000013510641;Priority 3;NA
SEC;812;SEC;SR;OK;TASK000013510651;Priority 3;NA
FUN;812;FUN;SR;OK;TASK000013510795;Priority 3;NA
CNC;ETH;CNC;SR;OK;TASK000013510947;Priority 3;NA
SEC;812;SEC;SR;OK;TASK000013511084;Priority 3;NA
SEC;DXE;SEC;SR;OK;TASK000013511118;Priority 3;NA
SEC;DXE;SEC;SR;OK;TASK000013511128;Priority 3;NA
FUN;812;FUN;SR;OK;TASK000013511222;Priority 3;NA
FIN;812;FUN;SR;OK;TASK000013511237;Priority 4;NA
L1;BWI;L1 ;SR;OK;TASK000013511273;Priority 4;NA
SEC;812;SEC;SR;OK;TASK000013511495;Priority 3;NA
OPS;WS;MON;SR;OK;TASK000013511538;Priority 3;NA
SEC;DXE;SEC;SR;OK;TASK000013511541;Priority 3;NA
SEC;BWI;SEC;SR;OK;TASK000013511586;Priority 4;NA
SEC;BWI;SEC;SR;OK;TASK000013511648;Priority 4;NA
SEC;BWI;SEC;SR;OK;TASK000013511735;Priority 4;NA
FUN;DCF;SEC;SR;Defect;TASK000013511785;Priority 3;NA
FUN;DCF;SEC;SR;Defect;TASK000013511823;Priority 3;NA
CNC;ETH;CNC;SR;OK;TASK000013511880;Priority 3;NA
FUN;ETH;FUN;SR;OK;TASK000013511894;Priority 3;NA
SEC;DPY;SEC;SR;OK;TASK000013512002;Priority 3;NA
SEC;812;SEC;SR;OK;TASK000013512022;Priority 3;NA
SEC;BWI;SEC;SR;OK;TASK000013512036;Priority 4;NA
FUN;ETH;FUN;SR;OK;TASK000013512129;Priority 3;NA
APS;EES;APS;SR;OK;TASK000013512133;Priority 4;NA
SEC;BWI;SEC;SR;OK;TASK000013512219;Priority 4;NA
SEC;BWI;SEC;SR;OK;TASK000013512229;Priority 4;NA
FUN;DCF;SEC;SR;OK;TASK000013512240;Priority 3;NA
FUN;ETH;FUN;SR;OK;TASK000013512252;Priority 4;NA
SCH;LAT;SCH;SR;OK;TASK000013512339;Priority 3;NA
SCH;LAT;SCH;SR;OK;TASK000013512369;Priority 3;NA
SEC;812;SEC;SR;OK;TASK000013512448;Priority 3;NA
SEC;EMS;SEC;SR;OK;TASK000013512452;Priority 3;NA
SEC;ETH;SEC;SR;OK;TASK000013512664;Priority 3;NA
SEC;812;SEC;SR;OK;TASK000013513050;Priority 3;NA
SEC;812;SEC;SR;OK;TASK000013513056;Priority 3;NA
SEC;812;SEC;SR;OK;TASK000013513064;Priority 3;NA
SEC;812;SEC;SR;OK;TASK000013513211;Priority 3;NA
FUN;WS;FUN;SR;OK;TASK000013513224;Priority 3;NA
FUN;DCF;FUN;SR;OK;TASK000013513232;Priority 4;NA
APS;ETH;APS;SR;OK;TASK000013513272;Priority 4;NA
SEC;DXE;SEC;SR;OK;TASK000013513327;Priority 3;NA
SEC;DPY;SEC;SR;OK;TASK000013513372;Priority 3;NA
SEC;812;SEC;SR;OK;TASK000013513530;Priority 3;NA
FUN;812;FUN;SR;OK;TASK000013513555;Priority 4;NA
SEC;812;SEC;SR;OK;TASK000013513943;Priority 3;NA
FUN;COR;FUN;SR;OK;TASK000013513959;Priority 3;NA
L1;812;MON;SR;OK;TASK000013513966;Priority 3;NA
FUN;812;FUN;SR;OK;TASK000013513968;Priority 3;NA
SEC;BWI;SEC;SR;OK;TASK000013514192;Priority 4;NA
SCH;812;SCH;SR;OK;TASK000013514201;Priority 3;NA
SEC;DXE;SEC;SR;OK;TASK000013514339;Priority 3;NA
SEC;DXE;SEC;SR;OK;TASK000013514366;Priority 3;NA
SEC;BWI;SEC;SR;OK;TASK000013514464;Priority 4;NA
SEC;DXE;SEC;SR;OK;TASK000013514517;Priority 3;NA
SEC;WS;SEC;SR;OK;TASK000013514586;Priority 3;NA
FIN;DCF;FUN;SR;OK;TASK000013514587;Priority 4;NA
FUN;812;FUN;SR;OK;TASK000013514808;Priority 3;NA
SEC;SYN;SEC;SR;OK;TASK000013514865;Priority 3;NA
SEC;DXE;SEC;SR;OK;TASK000013514882;Priority 3;NA
FUN;812;FUN;SR;OK;TASK000013514908;Priority 4;NA
SEC;SYN;SEC;SR;OK;TASK000013514927;Priority 3;NA
SEC;DXE;SEC;SR;OK;TASK000013514971;Priority 3;NA
SEC;812;SEC;SR;OK;TASK000013514975;Priority 3;NA
SEC;BWI;SEC;SR;OK;TASK000013515012;Priority 4;NA
SEC;DXE;SEC;SR;OK;TASK000013515025;Priority 3;NA
L1;BWI;L1 ;SR;OK;TASK000013515080;Priority 3;NA
SEC;812;SEC;SR;OK;TASK000013515138;Priority 3;NA
L1;812;MON;SR;OK;TASK000013515141;Priority 3;NA
SEC;812;SEC;SR;OK;TASK000013515234;Priority 3;NA
SEC;BWI;SEC;SR;OK;TASK000013515467;Priority 4;NA
SEC;BWI;SEC;SR;OK;TASK000013515471;Priority 4;NA
SEC;SYN;SEC;SR;OK;TASK000013515494;Priority 3;NA
L1;BWI;MON;SR;OK;TASK000013515611;Priority 4;NA
SEC;DPY;SEC;SR;Defect;TASK000013515691;Priority 3;NA
CNC;812;L1 ;SR;OK;TASK000013515767;Priority 3;NA
SEC;EES;FUN;SR;Defect;TASK000013515777;Priority 3;NA
SEC;MNT;SEC;SR;OK;TASK000013515794;Priority 3;NA
SEC;MNT;SEC;SR;Defect;TASK000013515829;Priority 3;NA
L1;MNT;MON;SR;OK;TASK000013515834;Priority 4;NA
L1;MNT;MON;SR;OK;TASK000013515841;Priority 3;NA
FUN;DCF;SEC;SR;OK;TASK000013515949;Priority 3;NA
SEC;SYN;SEC;SR;OK;TASK000013515991;Priority 3;NA
L1;BWI;L1 ;SR;OK;TASK000013516504;Priority 3;NA
L1;BWI;L1 ;SR;OK;TASK000013516507;Priority 4;NA
SEC;EMS;SEC;SR;OK;TASK000013516843;Priority 3;NA
SEC;EDS;SEC;SR;OK;TASK000013516848;Priority 3;NA
APS;ETH;APS;SR;OK;TASK000013516884;Priority 3;NA
SEC;812;SEC;SR;OK;TASK000013517166;Priority 3;NA
CNC;812;L1 ;SR;OK;TASK000013517261;Priority 3;NA
APS;ETH;APS;SR;OK;TASK000013517745;Priority 3;NA
FUN;DCF;SEC;SR;OK;TASK000013517859;Priority 3;NA
FIN;812;FUN;SR;OK;TASK000013517999;Priority 4;NA
CNC;812;L1 ;SR;OK;TASK000013518085;Priority 3;NA
SEC;SYN;SEC;SR;OK;TASK000013518107;Priority 3;NA
SEC;SYN;SEC;SR;OK;TASK000013518148;Priority 3;NA
SEC;CAN;SEC;SR;OK;TASK000013518179;Priority 3;NA
FUN;EES;FUN;SR;OK;TASK000013518205;Priority 4;NA
SEC;BWI;SEC;SR;OK;TASK000013518248;Priority 4;NA
SEC;CAN;SEC;SR;OK;TASK000013518337;Priority 3;NA
CNC;DXE;L1 ;SR;OK;TASK000013518338;Priority 3;NA
SEC;BWI;SEC;SR;OK;TASK000013518368;Priority 4;NA
SEC;DXE;SEC;SR;OK;TASK000013518404;Priority 3;NA
SEC;812;SEC;SR;OK;TASK000013518495;Priority 3;NA
CNC;812;L1 ;SR;OK;TASK000013518525;Priority 3;NA
SEC;812;SEC;SR;OK;TASK000013518530;Priority 3;NA
SEC;CAN;SEC;SR;OK;TASK000013518661;Priority 3;NA
SEC;812;SEC;SR;OK;TASK000013518700;Priority 3;NA
TEC;DCF;TEC;SR;Defect;TASK000013518971;Priority 3;NA
SEC;EES;FUN;SR;Defect;TASK000013518984;Priority 3;NA
SEC;812;SEC;SR;OK;TASK000013519150;Priority 3;NA
SEC;812;SEC;SR;OK;TASK000013519181;Priority 3;NA
SEC;DCF;SEC;SR;Defect;TASK000013519267;Priority 3;NA
SEC;EES;SEC;SR;Defect;TASK000013519570;Priority 3;NA
CNC;812;L1 ;SR;OK;TASK000013519603;Priority 3;NA
SEC;CAN;SEC;SR;OK;TASK000013519695;Priority 3;NA
FUN;MNT;FUN;SR;OK;TASK000013519785;Priority 3;NA
SEC;BWI;SEC;SR;OK;TASK000013519861;Priority 4;NA
SEC;BWI;SEC;SR;OK;TASK000013520055;Priority 4;NA
FUN;ETH;FUN;SR;OK;TASK000013520142;Priority 4;NA
SEC;BWI;SEC;SR;OK;TASK000013520180;Priority 4;NA
CNC;812;L1 ;SR;OK;TASK000013520357;Priority 3;NA
CNC;812;L1 ;SR;OK;TASK000013520463;Priority 3;NA
L1;BWI;L1 ;SR;OK;TASK000013520470;Priority 3;NA
SEC;SYN;SEC;SR;OK;TASK000013520880;Priority 3;NA
CNC;812;L1 ;SR;OK;TASK000013521151;Priority 3;NA
SEC;812;SEC;SR;OK;TASK000013521211;Priority 3;NA
CNC;DXE;L1 ;SR;OK;TASK000013521239;Priority 3;NA
SEC;812;SEC;SR;OK;TASK000013521242;Priority 3;NA
L1;812;MON;SR;OK;TASK000013521419;Priority 3;NA
CNC;DXE;L1 ;SR;OK;TASK000013521433;Priority 3;NA
CNC;DXE;L1 ;SR;OK;TASK000013521549;Priority 3;NA
FUN;DCF;SEC;SR;Defect;TASK000013521560;Priority 3;NA
SEC;WS;SEC;SR;OK;TASK000013521775;Priority 3;NA
APS;ETH;APS;SR;OK;TASK000013521852;Priority 4;NA
SEC;DXE;SEC;SR;OK;TASK000013521872;Priority 3;NA
SEC;812;SEC;SR;OK;TASK000013521879;Priority 3;NA
SEC;812;SEC;SR;OK;TASK000013521958;Priority 3;NA
SEC;812;SEC;SR;OK;TASK000013521982;Priority 3;NA
DBA;812;DBA;SR;OK;TASK000013522018;Priority 3;NA
DBA;812;DBA;SR;OK;TASK000013522027;Priority 3;NA
SCH;812;SCH;SR;OK;TASK000013522042;Priority 3;NA
SEC;812;SEC;SR;OK;TASK000013522136;Priority 3;NA
FUN;DXE;FUN;SR;OK;TASK000013522221;Priority 4;NA
DBA;812;DBA;SR;OK;TASK000013522271;Priority 3;NA
L1;812;MON;SR;OK;TASK000013522344;Priority 3;NA
SEC;812;SEC;SR;OK;TASK000013522463;Priority 3;NA
CNC;DXE;L1 ;SR;OK;TASK000013522518;Priority 3;NA
SEC;812;SEC;SR;OK;TASK000013522592;Priority 3;NA
FUN;812;FUN;SR;OK;TASK000013522635;Priority 3;NA
SEC;812;SEC;SR;OK;TASK000013522716;Priority 3;NA
FUN;812;FUN;SR;OK;TASK000013522738;Priority 4;NA
FIN;812;FUN;SR;OK;TASK000013522795;Priority 3;NA
SEC;812;SEC;SR;OK;TASK000013522890;Priority 3;NA
SEC;ETH;SEC;SR;OK;TASK000013522964;Priority 3;NA
FUN;DCF;SEC;SR;Defect;TASK000013523039;Priority 3;NA
SEC;DXE;SEC;SR;OK;TASK000013523103;Priority 3;NA
SEC;MNT;SEC;SR;OK;TASK000013523176;Priority 3;NA
APS;EES;APS;SR;OK;TASK000013523208;Priority 3;NA
L1;812;MON;SR;OK;TASK000013523246;Priority 3;NA
SEC;DPY;SEC;SR;OK;TASK000013523304;Priority 3;NA
SEC;812;SEC;SR;OK;TASK000013523367;Priority 3;NA
SEC;SYN;SEC;SR;OK;TASK000013523409;Priority 3;NA
SEC;812;SEC;SR;OK;TASK000013523413;Priority 3;NA
FUN;812;FUN;SR;OK;TASK000013523431;Priority 3;NA
SEC;SYN;SEC;SR;Defect;TASK000013523496;Priority 3;NA
L1;812;MON;SR;OK;TASK000013523564;Priority 3;NA
SEC;DXE;SEC;SR;Defect;TASK000013523608;Priority 3;NA
FUN;ETH;FUN;SR;OK;TASK000013523617;Priority 4;NA
SEC;DXE;SEC;SR;OK;TASK000013523627;Priority 3;NA
SEC;SYN;SEC;SR;Defect;TASK000013523685;Priority 3;NA
SEC;SYN;SEC;SR;OK;TASK000013523747;Priority 3;NA
CNC;812;L1 ;SR;OK;TASK000013523897;Priority 3;NA
SEC;BWI;SEC;SR;OK;TASK000013523980;Priority 4;NA
CNC;812;L1 ;SR;OK;TASK000013524080;Priority 3;NA
FUN;812;FUN;SR;OK;TASK000013524266;Priority 4;NA
CNC;812;CNC;SR;OK;TASK000013524269;Priority 3;NA
FUN;EES;FUN;SR;OK;TASK000013524559;Priority 4;NA
SEC;DCF;SEC;SR;Defect;TASK000013524634;Priority 3;NA
SEC;MNT;SEC;SR;OK;TASK000013524665;Priority 3;NA
CNC;LAT;CNC;SR;OK;TASK000013524678;Priority 3;NA
SEC;EMS;SEC;SR;OK;TASK000013524709;Priority 3;NA
SEC;812;SEC;SR;OK;TASK000013524750;Priority 3;NA
SEC;BWI;SEC;SR;OK;TASK000013524779;Priority 4;NA
SEC;812;SEC;SR;OK;TASK000013524782;Priority 3;NA
SEC;BWI;SEC;SR;OK;TASK000013524796;Priority 4;NA
SEC;MNT;SEC;SR;OK;TASK000013525091;Priority 3;NA
SEC;ETH;SEC;SR;OK;TASK000013525154;Priority 3;NA
SEC;EES;FUN;SR;OK;TASK000013525229;Priority 3;NA
CNC;ETH;L1 ;SR;Defect;TASK000013525389;Priority 3;NA
SEC;EMS;SEC;SR;OK;TASK000013525713;Priority 3;NA
SEC;EMS;SEC;SR;OK;TASK000013525717;Priority 3;NA
SEC;EMS;SEC;SR;OK;TASK000013525738;Priority 3;NA
SEC;EMS;SEC;SR;OK;TASK000013526356;Priority 3;NA
SEC;812;SEC;SR;OK;TASK000013526396;Priority 3;NA
CNC;BWI;L1 ;SR;OK;TASK000013526655;Priority 3;NA
SEC;DXE;SEC;SR;OK;TASK000013526702;Priority 3;NA
SEC;812;SEC;SR;OK;TASK000013526734;Priority 3;NA
SEC;812;SEC;SR;OK;TASK000013526757;Priority 3;NA
SEC;812;SEC;SR;OK;TASK000013526763;Priority 3;NA
SEC;812;SEC;SR;OK;TASK000013526801;Priority 3;NA
CNC;MNT;CNC;SR;OK;TASK000013526944;Priority 3;NA
SEC;812;SEC;SR;OK;TASK000013526975;Priority 3;NA
DBA;812;DBA;SR;OK;TASK000013527014;Priority 3;NA
L1;BWI;L1 ;SR;OK;TASK000013527142;Priority 4;NA
SEC;BWI;SEC;SR;OK;TASK000013527209;Priority 4;NA
SEC;BWI;SEC;SR;OK;TASK000013527242;Priority 4;NA
OPS;EMS;MON;SR;OK;TASK000013527268;Priority 3;NA
SEC;DXE;SEC;SR;OK;TASK000013527316;Priority 3;NA
FUN;COR;FUN;SR;OK;TASK000013527389;Priority 3;NA
SEC;SYN;SEC;SR;OK;TASK000013527530;Priority 3;NA
FUN;812;FUN;SR;OK;TASK000013527573;Priority 3;NA
SEC;DXE;SEC;SR;OK;TASK000013527661;Priority 3;NA
L1;BWI;L1 ;SR;OK;TASK000013527723;Priority 4;NA
SEC;812;SEC;SR;OK;TASK000013527837;Priority 3;NA
FUN;WS;FUN;SR;OK;TASK000013527878;Priority 3;NA
FUN;ETH;FUN;SR;OK;TASK000013527879;Priority 3;NA
SEC;812;SEC;SR;OK;TASK000013527941;Priority 3;NA
SEC;SYN;SEC;SR;OK;TASK000013527961;Priority 3;NA
DBA;812;DBA;SR;OK;TASK000013528006;Priority 3;NA
FUN;812;FUN;SR;OK;TASK000013528029;Priority 4;NA
SEC;BWI;SEC;SR;OK;TASK000013528058;Priority 4;NA
SCH;812;SCH;SR;OK;TASK000013528079;Priority 3;NA
SEC;BWI;SEC;SR;OK;TASK000013528136;Priority 4;NA
SEC;812;SEC;SR;OK;TASK000013528170;Priority 3;NA
SEC;MNT;SEC;SR;Defect;TASK000013528189;Priority 3;NA
SEC;MNT;SEC;SR;Defect;TASK000013528202;Priority 3;NA
SEC;MNT;SEC;SR;Defect;TASK000013528209;Priority 3;NA
SEC;MNT;SEC;SR;Defect;TASK000013528414;Priority 3;NA
DBA;812;DBA;SR;OK;TASK000013528442;Priority 3;NA
SEC;BWI;SEC;SR;OK;TASK000013528518;Priority 4;NA
L1;EDS;MON;SR;OK;TASK000013528653;Priority 3;NA
SEC;DCF;SEC;SR;OK;TASK000013528677;Priority 3;NA
SEC;EES;SEC;SR;OK;TASK000013528700;Priority 3;NA
FUN;812;FUN;SR;OK;TASK000013528791;Priority 3;NA
SEC;EES;SEC;SR;OK;TASK000013528850;Priority 3;NA
CNC;DCF;CNC;SR;OK;TASK000013528888;Priority 3;NA
SEC;EES;FUN;SR;OK;TASK000013528952;Priority 3;NA
SEC;DPY;SEC;SR;OK;TASK000013528987;Priority 3;NA
SEC;DPY;SEC;SR;OK;TASK000013529023;Priority 3;NA
CNC;OCD;CNC;SR;OK;TASK000013529146;Priority 3;NA
SEC;DCF;SEC;SR;OK;TASK000013529171;Priority 3;NA
SEC;SYN;SEC;SR;OK;TASK000013529376;Priority 3;NA
SEC;BWI;SEC;SR;OK;TASK000013529401;Priority 4;NA
SEC;SYN;SEC;SR;OK;TASK000013529481;Priority 3;NA
L1;BWI;L1 ;SR;OK;TASK000013529506;Priority 4;NA
FUN;DCF;SEC;SR;Defect;TASK000013529670;Priority 3;NA
SEC;MNT;SEC;SR;Defect;TASK000013529673;Priority 3;NA
FUN;DCF;SEC;SR;Defect;TASK000013529704;Priority 3;NA
L1;MNT;MON;SR;OK;TASK000013529718;Priority 3;NA
SEC;EES;FUN;SR;OK;TASK000013529748;Priority 3;NA
FUN;DXE;FUN;SR;OK;TASK000013530107;Priority 4;NA
SEC;812;SEC;SR;OK;TASK000013530393;Priority 3;NA
SEC;DXE;SEC;SR;OK;TASK000013530445;Priority 3;NA
SEC;812;SEC;SR;OK;TASK000013530456;Priority 3;NA
FUN;812;FUN;SR;OK;TASK000013530494;Priority 4;NA
L1;812;MON;SR;OK;TASK000013530497;Priority 3;NA
CNC;ETH;L1 ;SR;OK;TASK000013530558;Priority 3;NA
DBA;812;DBA;SR;OK;TASK000013530750;Priority 3;NA
SEC;812;SEC;SR;OK;TASK000013530857;Priority 3;NA
SEC;EMS;SEC;SR;OK;TASK000013530907;Priority 3;NA
SEC;812;SEC;SR;OK;TASK000013531059;Priority 3;NA
SEC;812;SEC;SR;OK;TASK000013531078;Priority 3;NA
SEC;EMS;SEC;SR;OK;TASK000013531102;Priority 3;NA
OPS;WS;MON;SR;OK;TASK000013531110;Priority 3;NA
APS;ETH;APS;SR;OK;TASK000013531123;Priority 3;NA
FUN;812;FUN;SR;OK;TASK000013531172;Priority 3;NA
SEC;812;SEC;SR;OK;TASK000013531195;Priority 3;NA
DBA;812;DBA;SR;OK;TASK000013531240;Priority 3;NA
DBA;812;DBA;SR;Defect;TASK000013531247;Priority 3;NA
SCH;812;SCH;SR;OK;TASK000013531268;Priority 3;NA
SEC;812;SEC;SR;OK;TASK000013531324;Priority 3;NA
CNC;CAN;CNC;SR;OK;TASK000013531366;Priority 3;NA
SEC;812;SEC;SR;OK;TASK000013531503;Priority 3;NA
SEC;812;SEC;SR;OK;TASK000013531514;Priority 3;NA
SEC;812;SEC;SR;OK;TASK000013531645;Priority 3;NA
L1;BWI;L1 ;SR;OK;TASK000013531669;Priority 4;NA
L1;BWI;L1 ;SR;OK;TASK000013531873;Priority 3;NA
APS;ETH;APS;SR;OK;TASK000013531925;Priority 3;NA
SEC;812;SEC;SR;OK;TASK000013531930;Priority 3;NA
SEC;DCF;SEC;SR;OK;TASK000013531940;Priority 3;NA
FIN;MNT;FUN;SR;OK;TASK000013531992;Priority 4;NA
OPS;EMS;MON;SR;OK;TASK000013532026;Priority 3;NA
SEC;DCF;SEC;SR;OK;TASK000013532111;Priority 3;NA
SEC;SYN;SEC;SR;OK;TASK000013532117;Priority 3;NA
DBA;812;DBA;SR;OK;TASK000013532137;Priority 3;NA
SEC;812;SEC;SR;OK;TASK000013532163;Priority 3;NA
SEC;812;SEC;SR;OK;TASK000013532168;Priority 3;NA
SEC;MNT;SEC;SR;OK;TASK000013532242;Priority 3;NA
SEC;BWI;SEC;SR;OK;TASK000013532336;Priority 4;NA
SEC;SYN;SEC;SR;OK;TASK000013532370;Priority 3;NA
SEC;812;SEC;SR;OK;TASK000013532404;Priority 3;NA
SEC;BWI;SEC;SR;OK;TASK000013532463;Priority 4;NA
SEC;BWI;SEC;SR;OK;TASK000013532468;Priority 4;NA
SEC;BWI;SEC;SR;OK;TASK000013532478;Priority 4;NA
SEC;BWI;SEC;SR;OK;TASK000013532511;Priority 4;NA
SEC;SYN;SEC;SR;OK;TASK000013532532;Priority 3;NA
SEC;LAT;SEC;SR;OK;TASK000013532578;Priority 3;NA
TEC;EMS;MON;SR;Defect;TASK000013532657;Priority 3;NA
L1;BWI;L1 ;SR;OK;TASK000013532665;Priority 4;NA
SEC;DXE;SEC;SR;OK;TASK000013532677;Priority 3;NA
SEC;BWI;SEC;SR;OK;TASK000013532679;Priority 4;NA
CNC;BWI;CNC;SR;OK;TASK000013532726;Priority 3;NA
CNC;CAN;CNC;SR;OK;TASK000013532732;Priority 3;NA
SEC;SYN;SEC;SR;OK;TASK000013532757;Priority 3;NA
APS;ETH;APS;SR;OK;TASK000013532770;Priority 3;NA
SEC;SYN;SEC;SR;OK;TASK000013532860;Priority 3;NA
FUN;812;FUN;SR;OK;TASK000013532877;Priority 3;NA
SEC;SYN;SEC;SR;OK;TASK000013532913;Priority 3;NA
L1;BWI;L1 ;SR;OK;TASK000013532923;Priority 3;NA
SEC;SYN;SEC;SR;OK;TASK000013532964;Priority 3;NA
DCF;DCF;FUN;SR;Defect;TASK000013532983;Priority 3;NA
SEC;SYN;SEC;SR;OK;TASK000013533128;Priority 3;NA
APS;ETH;APS;SR;OK;TASK000013533146;Priority 3;NA
CNC;ETH;CNC;SR;OK;TASK000013533148;Priority 3;NA
SEC;BWI;SEC;SR;OK;TASK000013533150;Priority 4;NA
SEC;BWI;SEC;SR;OK;TASK000013533169;Priority 4;NA
SEC;BWI;SEC;SR;OK;TASK000013533198;Priority 4;NA
SEC;BWI;SEC;SR;OK;TASK000013533230;Priority 4;NA
SEC;BWI;SEC;SR;OK;TASK000013533240;Priority 4;NA
SEC;BWI;SEC;SR;OK;TASK000013533244;Priority 4;NA
FUN;ETH;FUN;SR;OK;TASK000013533288;Priority 3;NA
L1;BWI;L1 ;SR;OK;TASK000013533295;Priority 3;NA
SEC;BWI;SEC;SR;OK;TASK000013533310;Priority 4;NA
APS;ETH;APS;SR;OK;TASK000013533364;Priority 3;NA
CNC;OCD;CNC;SR;OK;TASK000013533423;Priority 3;NA
CNC;OCD;CNC;SR;OK;TASK000013533424;Priority 3;NA
SEC;CAN;SEC;SR;OK;TASK000013533476;Priority 3;NA
APS;ETH;APS;SR;OK;TASK000013533488;Priority 3;NA
SEC;BWI;SEC;SR;OK;TASK000013533607;Priority 4;NA
SEC;ETH;SEC;SR;OK;TASK000013533738;Priority 3;NA
SEC;BWI;SEC;SR;OK;TASK000013533762;Priority 4;NA
L1;BWI;L1 ;SR;OK;TASK000013533934;Priority 4;NA
L1;BWI;L1 ;SR;OK;TASK000013534405;Priority 3;NA
SEC;812;SEC;SR;OK;TASK000013534566;Priority 3;NA
SEC;812;SEC;SR;OK;TASK000013534585;Priority 3;NA
L1;OCD;CNC;SR;OK;TASK000013534592;Priority 3;NA
FUN;COR;FUN;SR;OK;TASK000013534633;Priority 3;NA
SEC;812;SEC;SR;OK;TASK000013534869;Priority 3;NA
SEC;812;SEC;SR;OK;TASK000013534876;Priority 3;NA
SEC;812;SEC;SR;OK;TASK000013534892;Priority 3;NA
SEC;812;SEC;SR;OK;TASK000013534904;Priority 3;NA
SEC;BWI;SEC;SR;OK;TASK000013534935;Priority 4;NA
DBA;812;DBA;SR;OK;TASK000013534971;Priority 3;NA
DBA;812;DBA;SR;OK;TASK000013534975;Priority 3;NA
SEC;812;SEC;SR;OK;TASK000013535004;Priority 3;NA
FUN;812;FUN;SR;OK;TASK000013535014;Priority 3;NA
DBA;812;DBA;SR;OK;TASK000013535075;Priority 3;NA
CNC;LFS;CNC;SR;OK;TASK000013535135;Priority 3;NA
SEC;812;SEC;SR;OK;TASK000013535176;Priority 3;NA
SEC;812;SEC;SR;OK;TASK000013535211;Priority 3;NA
FUN;812;FUN;SR;OK;TASK000013535249;Priority 3;NA
SEC;EDS;SEC;SR;OK;TASK000013535308;Priority 3;NA
L1;812;MON;SR;OK;TASK000013535357;Priority 3;NA
SEC;812;SEC;SR;OK;TASK000013535459;Priority 3;NA
SEC;DXE;SEC;SR;OK;TASK000013535655;Priority 3;NA
SEC;DXE;SEC;SR;OK;TASK000013535679;Priority 3;NA
DBA;812;DBA;SR;OK;TASK000013535684;Priority 3;NA
DBA;812;DBA;SR;OK;TASK000013535801;Priority 3;NA
SEC;MNT;SEC;SR;OK;TASK000013535866;Priority 3;NA
FUN;COR;FUN;SR;OK;TASK000013535937;Priority 3;NA
DBA;812;DBA;SR;OK;TASK000013535997;Priority 3;NA
SEC;SYN;SEC;SR;OK;TASK000013536009;Priority 3;NA
DBA;812;DBA;SR;OK;TASK000013536012;Priority 3;NA
SEC;812;SEC;SR;OK;TASK000013536097;Priority 3;NA
SEC;EDS;SEC;SR;OK;TASK000013536098;Priority 3;NA
SEC;ETH;SEC;SR;OK;TASK000013536121;Priority 3;NA
SEC;CAN;SEC;SR;OK;TASK000013536125;Priority 3;NA
FIN;812;FUN;SR;OK;TASK000013536289;Priority 3;NA
L1;812;MON;SR;OK;TASK000013536316;Priority 4;NA
FUN;812;FUN;SR;OK;TASK000013536334;Priority 3;NA
DBA;812;DBA;SR;OK;TASK000013536357;Priority 3;NA
SEC;SYN;SEC;SR;OK;TASK000013536575;Priority 3;NA
CNC;ETH;CNC;SR;OK;TASK000013536670;Priority 3;NA
FUN;DCF;SEC;SR;OK;TASK000013536736;Priority 3;NA
CNC;DPY;CNC;SR;OK;TASK000013536781;Priority 3;NA
FUN;DCF;SEC;SR;OK;TASK000013536896;Priority 3;NA
FUN;EES;FUN;SR;OK;TASK000013536904;Priority 3;NA
CNC;ETH;CNC;SR;OK;TASK000013536935;Priority 3;NA
SEC;812;SEC;SR;OK;TASK000013537038;Priority 3;NA
L1;BWI;L1 ;SR;OK;TASK000013537088;Priority 3;NA
L1;BWI;L1 ;SR;OK;TASK000013537307;Priority 3;NA
L1;BWI;L1 ;SR;OK;TASK000013537365;Priority 4;NA
L1;BWI;L1 ;SR;OK;TASK000013537398;Priority 3;NA
SEC;CAN;SEC;SR;OK;TASK000013537561;Priority 3;NA
SEC;ETH;SEC;SR;OK;TASK000013537633;Priority 3;NA
SEC;ETH;SEC;SR;OK;TASK000013537678;Priority 3;NA
SEC;SYN;SEC;SR;Defect;TASK000013537686;Priority 3;NA
SEC;BWI;SEC;SR;OK;TASK000013537741;Priority 4;NA
L1;BWI;L1 ;SR;OK;TASK000013537899;Priority 4;NA
APS;DCF;APS;SR;OK;TASK000013538423;Priority 3;NA
DBA;812;DBA;SR;OK;TASK000013538689;Priority 3;NA
APS;ETH;APS;SR;OK;TASK000013538755;Priority 3;NA
SEC;812;SEC;SR;OK;TASK000013538782;Priority 3;NA
SEC;812;SEC;SR;OK;TASK000013538816;Priority 3;NA
SEC;EMS;SEC;SR;Defect;TASK000013538911;Priority 3;NA
FUN;812;FUN;SR;OK;TASK000013538916;Priority 3;NA
APS;ETH;APS;SR;OK;TASK000013538956;Priority 3;NA
L1;ETH;CNC;SR;OK;TASK000013538973;Priority 3;NA
CNC;BWI;CNC;SR;OK;TASK000013539103;Priority 4;NA
SEC;812;SEC;SR;OK;TASK000013539116;Priority 3;NA
SEC;812;SEC;SR;OK;TASK000013539141;Priority 3;NA
CNC;BWI;CNC;SR;OK;TASK000013539244;Priority 3;NA
FUN;MNT;FUN;SR;OK;TASK000013539336;Priority 3;NA
FUN;812;FUN;SR;OK;TASK000013539515;Priority 3;NA
SCH;812;SCH;SR;OK;TASK000013539552;Priority 3;NA
FUN;DCF;SEC;SR;Defect;TASK000013539553;Priority 3;NA
CNC;ETH;CNC;SR;OK;TASK000013539585;Priority 3;NA
DBA;812;DBA;SR;OK;TASK000013539586;Priority 3;NA
SEC;MNT;SEC;SR;OK;TASK000013539704;Priority 3;NA
DBA;812;DBA;SR;OK;TASK000013539811;Priority 3;NA
L1;812;MON;SR;OK;TASK000013539836;Priority 3;NA
SEC;BWI;SEC;SR;OK;TASK000013539851;Priority 4;NA
SEC;BWI;SEC;SR;OK;TASK000013539867;Priority 4;NA
OPS;EDS;MON;SR;OK;TASK000013539879;Priority 3;NA
APS;ETH;APS;SR;OK;TASK000013540005;Priority 3;NA
CNC;EES;CNC;SR;OK;TASK000013540126;Priority 3;NA
SEC;SYN;SEC;SR;OK;TASK000013540222;Priority 3;NA
FUN;812;FUN;SR;OK;TASK000013540302;Priority 4;NA
SEC;MNT;SEC;SR;OK;TASK000013540304;Priority 3;NA
SEC;812;SEC;SR;OK;TASK000013540384;Priority 3;NA
SEC;BWI;SEC;SR;OK;TASK000013540450;Priority 4;NA
SEC;SYN;SEC;SR;Defect;TASK000013540474;Priority 3;NA
SEC;BWI;SEC;SR;OK;TASK000013540478;Priority 4;NA
CNC;CAN;CNC;SR;OK;TASK000013540614;Priority 3;NA
CNC;BWI;CNC;SR;OK;TASK000013540842;Priority 3;NA
CNC;DXE;SEC;SR;OK;TASK000013540853;Priority 3;NA
SEC;ETH;SEC;SR;OK;TASK000013540862;Priority 3;NA
CNC;BWI;CNC;SR;OK;TASK000013540886;Priority 3;NA
SEC;MNT;SEC;SR;OK;TASK000013540920;Priority 3;NA
SEC;CAN;SEC;SR;OK;TASK000013540971;Priority 3;NA
SEC;ETH;SEC;SR;OK;TASK000013541229;Priority 3;NA
SEC;ETH;SEC;SR;OK;TASK000013541230;Priority 3;NA
SEC;MNT;SEC;SR;OK;TASK000013541231;Priority 3;NA
SEC;ETH;SEC;SR;OK;TASK000013541233;Priority 3;NA
SEC;ETH;SEC;SR;OK;TASK000013541237;Priority 3;NA
SEC;ETH;SEC;SR;OK;TASK000013541239;Priority 3;NA
SEC;ETH;SEC;SR;OK;TASK000013541245;Priority 3;NA
SEC;ETH;SEC;SR;OK;TASK000013541246;Priority 3;NA
SEC;CAN;SEC;SR;OK;TASK000013541259;Priority 3;NA
L1;BWI;L1 ;SR;OK;TASK000013541306;Priority 3;NA
SEC;MNT;SEC;SR;OK;TASK000013541344;Priority 3;NA
APS;ETH;APS;SR;OK;TASK000013541348;Priority 3;NA
APS;ETH;APS;SR;OK;TASK000013541350;Priority 3;NA
L1;BWI;L1 ;SR;OK;TASK000013541431;Priority 3;NA
L1;BWI;L1 ;SR;OK;TASK000013541446;Priority 3;NA
L1;BWI;L1 ;SR;OK;TASK000013541810;Priority 4;NA
APS;ETH;APS;SR;OK;TASK000013542083;Priority 4;NA
SEC;SYN;SEC;SR;Defect;TASK000013542112;Priority 3;NA
L1;MNT;MON;SR;OK;TASK000013542145;Priority 3;NA
CNC;LAT;CNC;SR;OK;TASK000013542170;Priority 3;NA
CNC;812;CNC;SR;OK;TASK000013542172;Priority 3;NA
FUN;ETH;FUN;SR;OK;TASK000013544176;Priority 4;NA
FIN;812;FUN;SR;OK;TASK000013544325;Priority 4;NA
OPS;WS;OPS;SR;OK;TASK000013544368;Priority 4;NA
SEC;BWI;SEC;SR;OK;TASK000013545450;Priority 4;NA
SEC;BWI;SEC;SR;OK;TASK000013545574;Priority 4;NA
L1;BWI;L1 ;SR;OK;TASK000013545637;Priority 4;NA
SEC;BWI;SEC;SR;OK;TASK000013545965;Priority 4;NA
SEC;BWI;SEC;SR;OK;TASK000013545987;Priority 4;NA
SEC;EES;FUN;SR;OK;TASK000013546027;Priority 4;NA
SEC;BWI;SEC;SR;OK;TASK000013546450;Priority 4;NA
SEC;BWI;SEC;SR;OK;TASK000013546498;Priority 4;NA
L1;812;MON;SR;OK;TASK000013547839;Priority 4;NA
L1;812;MON;SR;OK;TASK000013548515;Priority 4;NA
APS;EES;APS;SR;OK;TASK000013548610;Priority 4;NA
FUN;812;FUN;SR;OK;TASK000013549309;Priority 4;NA
SEC;BWI;SEC;SR;OK;TASK000013549683;Priority 4;NA
SEC;BWI;SEC;SR;OK;TASK000013549696;Priority 4;NA
APS;EES;APS;SR;OK;TASK000013549725;Priority 4;NA
APS;ETH;APS;SR;OK;TASK000013550123;Priority 4;NA
L1;812;MON;SR;OK;TASK000013550504;Priority 4;NA
APS;EES;APS;SR;OK;TASK000013552960;Priority 4;NA
SEC;BWI;SEC;SR;OK;TASK000013553119;Priority 4;NA
SEC;BWI;SEC;SR;OK;TASK000013553481;Priority 4;NA
SEC;BWI;SEC;SR;OK;TASK000013553503;Priority 4;NA
L1;BWI;L1 ;SR;OK;TASK000013553603;Priority 4;NA
SEC;BWI;SEC;SR;OK;TASK000013553920;Priority 4;NA
SEC;BWI;SEC;SR;OK;TASK000013554012;Priority 4;NA
SEC;BWI;SEC;SR;OK;TASK000013554139;Priority 4;NA
SEC;BWI;SEC;SR;OK;TASK000013554338;Priority 4;NA
SEC;BWI;SEC;SR;OK;TASK000013554478;Priority 4;NA
L1;BWI;L1 ;SR;OK;TASK000013554522;Priority 4;NA
SEC;BWI;SEC;SR;OK;TASK000013554525;Priority 4;NA
SEC;BWI;SEC;SR;OK;TASK000013554689;Priority 4;NA
SEC;BWI;SEC;SR;OK;TASK000013554759;Priority 4;NA
L1;BWI;L1 ;SR;OK;TASK000013556280;Priority 4;NA
L1;812;MON;SR;OK;TASK000013556362;Priority 4;NA
L1;812;MON;SR;OK;TASK000013556377;Priority 4;NA
L1;812;MON;SR;OK;TASK000013556395;Priority 4;NA
L1;812;MON;SR;OK;TASK000013556409;Priority 4;NA
L1;DPY;MON;SR;OK;TASK000013556732;Priority 4;NA
FUN;ETH;FUN;SR;OK;TASK000013556760;Priority 4;NA
SEC;BWI;SEC;SR;OK;TASK000013557195;Priority 4;NA
APS;EES;APS;SR;OK;TASK000013557521;Priority 4;NA
SEC;BWI;SEC;SR;OK;TASK000013557709;Priority 4;NA
L1;BWI;L1 ;SR;OK;TASK000013557737;Priority 4;NA
SCH;LAT;SCH;SR;OK;TASK000013557763;Priority 4;NA
SEC;BWI;SEC;SR;OK;TASK000013557933;Priority 4;NA
L1;BWI;L1 ;SR;OK;TASK000013558529;Priority 4;NA
L1;BWI;L1 ;SR;OK;TASK000013558533;Priority 4;NA
L1;BWI;L1 ;SR;OK;TASK000013558851;Priority 4;NA
SEC;BWI;SEC;SR;OK;TASK000013559332;Priority 4;NA
SEC;BWI;SEC;SR;OK;TASK000013559350;Priority 4;NA
APS;EES;APS;SR;OK;TASK000013559356;Priority 4;NA
APS;ETH;APS;SR;OK;TASK000013559640;Priority 4;NA
FUN;812;FUN;SR;OK;TASK000013559655;Priority 4;NA
FUN;812;FUN;SR;OK;TASK000013560068;Priority 4;NA
SEC;BWI;SEC;SR;OK;TASK000013560172;Priority 4;NA
SEC;BWI;SEC;SR;OK;TASK000013560629;Priority 4;NA
L1;812;MON;SR;OK;TASK000013560814;Priority 4;NA
SEC;BWI;SEC;SR;OK;TASK000013560821;Priority 4;NA
SEC;BWI;SEC;SR;OK;TASK000013560918;Priority 4;NA
FUN;WS;FUN;SR;OK;TASK000013561030;Priority 4;NA
L1;BWI;L1 ;SR;OK;TASK000013561141;Priority 4;NA
L1;812;MON;SR;OK;TASK000013561275;Priority 4;NA
FUN;ETH;FUN;SR;OK;TASK000013561521;Priority 4;NA
FUN;ETH;FUN;SR;OK;TASK000013561716;Priority 4;NA
SEC;BWI;SEC;SR;OK;TASK000013561868;Priority 4;NA
SEC;BWI;SEC;SR;OK;TASK000013561921;Priority 4;NA
L1;BWI;L1 ;SR;OK;TASK000013562496;Priority 4;NA
L1;812;MON;SR;OK;TASK000013563378;Priority 3;NA
DBA;812;DBA;SR;OK;TASK000013563737;Priority 3;NA
SEC;812;SEC;SR;OK;TASK000013563777;Priority 3;NA
SEC;812;SEC;SR;OK;TASK000013563892;Priority 3;NA
SEC;812;SEC;SR;OK;TASK000013563960;Priority 3;NA
SEC;812;SEC;SR;OK;TASK000013564005;Priority 3;NA
SEC;812;SEC;SR;OK;TASK000013564321;Priority 3;NA
SEC;812;SEC;SR;OK;TASK000013564442;Priority 3;NA
DBA;812;DBA;SR;OK;TASK000013564459;Priority 3;NA
SEC;812;SEC;SR;OK;TASK000013564505;Priority 3;NA
SEC;DXE;SEC;SR;OK;TASK000013564560;Priority 3;NA
CNC;812;CNC;SR;OK;TASK000013564570;Priority 3;NA
L1;812;MON;SR;OK;TASK000013564594;Priority 3;NA
SEC;812;SEC;SR;OK;TASK000013564631;Priority 3;NA
SEC;812;SEC;SR;OK;TASK000013564646;Priority 3;NA
DBA;812;DBA;SR;OK;TASK000013564648;Priority 3;NA
DBA;812;DBA;SR;OK;TASK000013564736;Priority 3;NA
L1;BWI;L1 ;SR;OK;TASK000013564743;Priority 3;NA
SEC;812;SEC;SR;OK;TASK000013564760;Priority 3;NA
DBA;812;DBA;SR;OK;TASK000013564786;Priority 3;NA
SEC;812;SEC;SR;OK;TASK000013564865;Priority 3;NA
SCH;812;SCH;SR;OK;TASK000013564867;Priority 3;NA
SEC;812;SEC;SR;OK;TASK000013564882;Priority 3;NA
SEC;812;SEC;SR;OK;TASK000013564985;Priority 3;NA
OPS;WS;OPS;SR;OK;TASK000013565005;Priority 4;NA
SEC;DXE;SEC;SR;OK;TASK000013565029;Priority 3;NA
SEC;812;SEC;SR;OK;TASK000013565053;Priority 3;NA
SEC;812;SEC;SR;OK;TASK000013565194;Priority 3;NA
SEC;DXE;SEC;SR;OK;TASK000013565203;Priority 3;NA
CNC;812;MON;SR;OK;TASK000013565265;Priority 3;NA
APS;ETH;APS;SR;OK;TASK000013565386;Priority 3;NA
FUN;812;FUN;SR;OK;TASK000013565517;Priority 3;NA
SEC;WS;SEC;SR;OK;TASK000013565674;Priority 3;NA
SEC;812;SEC;SR;OK;TASK000013565727;Priority 3;NA
DBA;812;DBA;SR;OK;TASK000013565783;Priority 3;NA
DBA;812;DBA;SR;OK;TASK000013565784;Priority 3;NA
CNC;LAT;CNC;SR;OK;TASK000013565795;Priority 3;NA
OPS;WS;OPS;SR;OK;TASK000013565852;Priority 3;NA
CNC;LFS;CNC;SR;OK;TASK000013565860;Priority 3;NA
L1;BWI;L1 ;SR;OK;TASK000013565897;Priority 3;NA
SEC;EMS;SEC;SR;OK;TASK000013565954;Priority 3;NA
CNC;812;MON;SR;OK;TASK000013566098;Priority 3;NA
SEC;WS;SEC;SR;OK;TASK000013566148;Priority 3;NA
SEC;812;SEC;SR;OK;TASK000013566223;Priority 3;NA
DBA;812;DBA;SR;OK;TASK000013566235;Priority 3;NA
FUN;DCF;SEC;SR;OK;TASK000013566243;Priority 3;NA
SEC;812;SEC;SR;OK;TASK000013566274;Priority 3;NA
SEC;BWI;SEC;SR;OK;TASK000013566572;Priority 4;NA
SEC;812;SEC;SR;OK;TASK000013566645;Priority 3;NA
CNC;BWI;MON;SR;OK;TASK000013566683;Priority 3;NA
CNC;BWI;L1 ;SR;OK;TASK000013566724;Priority 3;NA
SEC;LAT;SEC;SR;OK;TASK000013566738;Priority 3;NA
SEC;WS;SEC;SR;OK;TASK000013566743;Priority 3;NA
SEC;MNT;SEC;SR;OK;TASK000013566907;Priority 3;NA
FUN;EES;FUN;SR;OK;TASK000013566979;Priority 3;NA
CNC;EES;CNC;SR;OK;TASK000013567060;Priority 3;NA
SEC;BWI;SEC;SR;OK;TASK000013567097;Priority 4;NA
SEC;BWI;SEC;SR;OK;TASK000013567287;Priority 4;NA
L1;812;MON;SR;OK;TASK000013567291;Priority 3;NA
SEC;BWI;SEC;SR;OK;TASK000013567312;Priority 4;NA
SCH;812;SCH;SR;OK;TASK000013567383;Priority 3;NA
SEC;MNT;SEC;SR;OK;TASK000013567442;Priority 3;NA
FUN;DCF;SEC;SR;OK;TASK000013568070;Priority 3;NA
SEC;DXE;SEC;SR;OK;TASK000013568113;Priority 3;NA
L1;BWI;L1 ;SR;OK;TASK000013568129;Priority 3;NA
FUN;WS;FUN;SR;OK;TASK000013568211;Priority 3;NA
SEC;812;SEC;SR;OK;TASK000013568396;Priority 3;NA
FUN;812;FUN;SR;OK;TASK000013568429;Priority 3;NA
SEC;812;SEC;SR;OK;TASK000013568459;Priority 3;NA
FIN;812;FUN;SR;OK;TASK000013568501;Priority 3;NA
CNC;DPY;CNC;SR;OK;TASK000013568578;Priority 3;NA
FUN;DCF;SEC;SR;OK;TASK000013568639;Priority 3;NA
SEC;812;SEC;SR;OK;TASK000013568657;Priority 3;NA
DBA;812;DBA;SR;OK;TASK000013568747;Priority 3;NA
DBA;812;DBA;SR;OK;TASK000013568770;Priority 3;NA
FUN;812;FUN;SR;OK;TASK000013568781;Priority 3;NA
SEC;812;SEC;SR;OK;TASK000013568805;Priority 3;NA
L1;812;MON;SR;OK;TASK000013568824;Priority 3;NA
SEC;MNT;SEC;SR;OK;TASK000013568889;Priority 3;NA
DBA;812;DBA;SR;OK;TASK000013568891;Priority 3;NA
SEC;812;SEC;SR;OK;TASK000013568933;Priority 3;NA
SEC;812;SEC;SR;OK;TASK000013568979;Priority 3;NA
L1;812;MON;SR;OK;TASK000013569020;Priority 3;NA
L1;812;MON;SR;OK;TASK000013569051;Priority 3;NA
L1;812;MON;SR;OK;TASK000013569057;Priority 3;NA
DBA;812;DBA;SR;Defect;TASK000013569118;Priority 3;NA
SEC;ETH;SEC;SR;OK;TASK000013569128;Priority 3;NA
SEC;WS;SEC;SR;OK;TASK000013569158;Priority 3;NA
SEC;WS;SEC;SR;OK;TASK000013569179;Priority 3;NA
SEC;EMS;SEC;SR;OK;TASK000013569199;Priority 3;NA
DBA;812;DBA;SR;OK;TASK000013569276;Priority 3;NA
CNC;812;CNC;SR;OK;TASK000013569289;Priority 3;NA
SEC;812;SEC;SR;OK;TASK000013569412;Priority 3;NA
SEC;812;SEC;SR;OK;TASK000013569421;Priority 3;NA
SEC;WS;SEC;SR;OK;TASK000013569427;Priority 3;NA
L1;BWI;L1 ;SR;OK;TASK000013569524;Priority 4;NA
SEC;BWI;SEC;SR;OK;TASK000013569568;Priority 4;NA
L1;BWI;L1 ;SR;OK;TASK000013569613;Priority 4;NA
SEC;812;SEC;SR;OK;TASK000013569758;Priority 3;NA
APS;EES;APS;SR;OK;TASK000013569805;Priority 3;NA
CNC;812;CNC;SR;OK;TASK000013569868;Priority 3;NA
APS;EES;APS;SR;OK;TASK000013569897;Priority 3;NA
L1;BWI;L1 ;SR;OK;TASK000013569914;Priority 4;NA
APS;ETH;APS;SR;OK;TASK000013569976;Priority 3;NA
SEC;ETH;SEC;SR;OK;TASK000013570010;Priority 3;NA
FUN;COR;FUN;SR;OK;TASK000013570030;Priority 3;NA
SEC;EDS;SEC;SR;OK;TASK000013570031;Priority 3;NA
DBA;812;DBA;SR;OK;TASK000013570044;Priority 3;NA
SEC;EDS;SEC;SR;OK;TASK000013570076;Priority 3;NA
SEC;MNT;SEC;SR;OK;TASK000013570107;Priority 3;NA
L1;DPY;MON;SR;OK;TASK000013570126;Priority 3;NA
DBA;812;DBA;SR;OK;TASK000013570178;Priority 3;NA
SEC;MNT;SEC;SR;OK;TASK000013570202;Priority 3;NA
DBA;812;DBA;SR;OK;TASK000013570208;Priority 3;NA
DBA;812;DBA;SR;OK;TASK000013570226;Priority 3;NA
SEC;BWI;SEC;SR;Defect;TASK000013570292;Priority 4;NA
SEC;812;SEC;SR;OK;TASK000013570420;Priority 3;NA
SEC;812;SEC;SR;OK;TASK000013570425;Priority 3;NA
L1;BWI;L1 ;SR;OK;TASK000013570505;Priority 3;NA
SEC;BWI;SEC;SR;OK;TASK000013570651;Priority 4;NA
APS;ETH;APS;SR;OK;TASK000013570666;Priority 3;NA
L1;BWI;L1 ;SR;OK;TASK000013570686;Priority 4;NA
SEC;WS;SEC;SR;OK;TASK000013570730;Priority 3;NA
SEC;MNT;SEC;SR;OK;TASK000013570779;Priority 3;NA
SEC;EES;SEC;SR;Defect;TASK000013570789;Priority 3;NA
DBA;812;DBA;SR;OK;TASK000013570796;Priority 3;NA
SEC;WS;SEC;SR;OK;TASK000013570802;Priority 3;NA
FUN;EES;FUN;SR;OK;TASK000013570803;Priority 3;NA
SEC;CAN;SEC;SR;OK;TASK000013571087;Priority 3;NA
FUN;812;FUN;SR;Defect;TASK000013571183;Priority 4;NA
SEC;MNT;SEC;SR;OK;TASK000013571185;Priority 3;NA
DBA;812;DBA;SR;OK;TASK000013571208;Priority 3;NA
FUN;DCF;SEC;SR;Defect;TASK000013571232;Priority 3;NA
SEC;MNT;SEC;SR;OK;TASK000013571234;Priority 3;NA
APS;ETH;APS;SR;OK;TASK000013571262;Priority 4;NA
APS;ETH;APS;SR;OK;TASK000013571263;Priority 4;NA
SEC;MNT;SEC;SR;OK;TASK000013571274;Priority 3;NA
SEC;MNT;SEC;SR;OK;TASK000013571287;Priority 3;NA
SEC;MNT;SEC;SR;OK;TASK000013571329;Priority 3;NA
SEC;MNT;SEC;SR;OK;TASK000013571360;Priority 3;NA
SEC;BWI;SEC;SR;OK;TASK000013571363;Priority 4;NA
SEC;MNT;SEC;SR;OK;TASK000013571375;Priority 3;NA
SEC;MNT;SEC;SR;OK;TASK000013571392;Priority 3;NA
SEC;MNT;SEC;SR;OK;TASK000013571402;Priority 3;NA
SEC;MNT;SEC;SR;OK;TASK000013571447;Priority 3;NA
SEC;MNT;SEC;SR;OK;TASK000013571454;Priority 3;NA
SEC;MNT;SEC;SR;OK;TASK000013571462;Priority 3;NA
SEC;BWI;SEC;SR;OK;TASK000013571592;Priority 4;NA
SEC;EES;SEC;SR;Defect;TASK000013571620;Priority 3;NA
SEC;BWI;SEC;SR;OK;TASK000013571631;Priority 4;NA
SEC;MNT;SEC;SR;OK;TASK000013571688;Priority 3;NA
SEC;BWI;SEC;SR;OK;TASK000013571758;Priority 4;NA
L1;BWI;L1 ;SR;OK;TASK000013571794;Priority 4;NA
DBA;812;DBA;SR;OK;TASK000013572264;Priority 3;NA
DBA;812;DBA;SR;OK;TASK000013572265;Priority 3;NA
CNC;ETH;CNC;SR;OK;TASK000013572282;Priority 3;NA
FUN;DCF;SEC;SR;Defect;TASK000013572283;Priority 3;NA
DBA;812;DBA;SR;OK;TASK000013572297;Priority 3;NA
DBA;812;DBA;SR;OK;TASK000013572303;Priority 3;NA
SEC;812;SEC;SR;OK;TASK000013572382;Priority 3;NA
L1;812;MON;SR;OK;TASK000013572432;Priority 3;NA
SEC;OXE;SEC;SR;OK;TASK000013572468;Priority 3;NA
SEC;812;SEC;SR;OK;TASK000013572482;Priority 3;NA
SEC;MNT;SEC;SR;OK;TASK000013572536;Priority 3;NA
FIN;MNT;FUN;SR;OK;TASK000013572662;Priority 4;NA
L1;812;MON;SR;OK;TASK000013572695;Priority 3;NA
SEC;812;SEC;SR;OK;TASK000013572713;Priority 3;NA
SEC;WS;SEC;SR;OK;TASK000013572918;Priority 3;NA
SEC;812;SEC;SR;OK;TASK000013572959;Priority 3;NA
DBA;812;DBA;SR;OK;TASK000013572984;Priority 3;NA
L1;812;MON;SR;OK;TASK000013573175;Priority 3;NA
L1;812;MON;SR;OK;TASK000013573281;Priority 3;NA
APS;ETH;APS;SR;OK;TASK000013573307;Priority 3;NA
SEC;812;SEC;SR;OK;TASK000013573311;Priority 3;NA
SCH;812;SCH;SR;Defect;TASK000013573321;Priority 3;NA
SEC;LAT;SEC;SR;OK;TASK000013573444;Priority 3;NA
SEC;MNT;SEC;SR;OK;TASK000013573478;Priority 3;NA
SEC;812;SEC;SR;OK;TASK000013573488;Priority 3;NA
FUN;WS;FUN;SR;OK;TASK000013573529;Priority 4;NA
DBA;812;DBA;SR;OK;TASK000013573578;Priority 3;NA
FUN;DCF;SEC;SR;Defect;TASK000013573707;Priority 3;NA
FUN;DCF;SEC;SR;OK;TASK000013573795;Priority 3;NA
SEC;WS;SEC;SR;OK;TASK000013573847;Priority 3;NA
CNC;OXE;L1 ;SR;OK;TASK000013573866;Priority 3;NA
SEC;MNT;SEC;SR;OK;TASK000013573869;Priority 3;NA
SEC;MNT;SEC;SR;OK;TASK000013573953;Priority 3;NA
SEC;WS;SEC;SR;OK;TASK000013573961;Priority 3;NA
FUN;DCF;SEC;SR;OK;TASK000013573968;Priority 3;NA
SEC;EMS;SEC;SR;OK;TASK000013573984;Priority 3;NA
SEC;MNT;SEC;SR;OK;TASK000013573985;Priority 3;NA
SEC;EMS;SEC;SR;OK;TASK000013573987;Priority 3;NA
APS;ETH;APS;SR;OK;TASK000013574085;Priority 3;NA
FUN;COR;FUN;SR;OK;TASK000013574095;Priority 3;NA
SEC;BWI;SEC;SR;OK;TASK000013574116;Priority 4;NA
SEC;MNT;SEC;SR;OK;TASK000013574135;Priority 3;NA
CNC;BWI;CNC;SR;OK;TASK000013574157;Priority 3;NA
SEC;WS;SEC;SR;OK;TASK000013574168;Priority 3;NA
FUN;DCF;SEC;SR;OK;TASK000013574249;Priority 3;NA
SEC;DCF;SEC;SR;Defect;TASK000013574451;Priority 3;NA
SEC;DXE;SEC;SR;OK;TASK000013574458;Priority 3;NA
SCH;LAT;SCH;SR;OK;TASK000013574509;Priority 3;NA
SEC;DCF;SEC;SR;Defect;TASK000013574735;Priority 3;NA
SEC;BWI;SEC;SR;OK;TASK000013574749;Priority 4;NA
SEC;BWI;SEC;SR;OK;TASK000013574857;Priority 4;NA
FUN;DCF;SEC;SR;OK;TASK000013574919;Priority 3;NA
SEC;MNT;SEC;SR;OK;TASK000013574966;Priority 3;NA
SEC;MNT;SEC;SR;OK;TASK000013574972;Priority 3;NA
FUN;DCF;SEC;SR;Defect;TASK000013574989;Priority 3;NA
SEC;WS;SEC;SR;OK;TASK000013575064;Priority 3;NA
DBA;812;DBA;SR;OK;TASK000013575131;Priority 3;NA
APS;ETH;APS;SR;OK;TASK000013575149;Priority 3;NA
SEC;BWI;SEC;SR;OK;TASK000013575210;Priority 3;NA
APS;ETH;APS;SR;OK;TASK000013575235;Priority 4;NA
SEC;WS;SEC;SR;Defect;TASK000013575258;Priority 3;NA
FUN;DCF;SEC;SR;Defect;TASK000013575290;Priority 3;NA
CNC;BWI;CNC;SR;OK;TASK000013575305;Priority 3;NA
SEC;WS;SEC;SR;OK;TASK000013575338;Priority 3;NA
SEC;EES;SEC;SR;Defect;TASK000013575346;Priority 3;NA
L1;BWI;L1 ;SR;OK;TASK000013575489;Priority 3;NA
L1;BWI;L1 ;SR;OK;TASK000013575490;Priority 3;NA
SEC;LAT;SEC;SR;Defect;TASK000013575625;Priority 3;NA
SEC;ETH;SEC;SR;OK;TASK000013575646;Priority 3;NA
SEC;MNT;SEC;SR;OK;TASK000013575682;Priority 3;NA
SEC;ETH;SEC;SR;OK;TASK000013575715;Priority 3;NA
SEC;ETH;SEC;SR;OK;TASK000013575724;Priority 3;NA
SEC;ETH;SEC;SR;OK;TASK000013575725;Priority 3;NA
SEC;ETH;SEC;SR;OK;TASK000013575770;Priority 3;NA
SEC;ETH;SEC;SR;OK;TASK000013575773;Priority 3;NA
L1;BWI;L1 ;SR;OK;TASK000013575791;Priority 4;NA
FUN;COR;FUN;SR;OK;TASK000013575936;Priority 3;NA
DBA;812;DBA;SR;OK;TASK000013576294;Priority 3;NA
FUN;DCF;SEC;SR;OK;TASK000013576315;Priority 3;NA
L1;812;MON;SR;OK;TASK000013576342;Priority 3;NA
L1;812;MON;SR;OK;TASK000013576367;Priority 3;NA
L1;812;MON;SR;OK;TASK000013576369;Priority 3;NA
SEC;MNT;SEC;SR;OK;TASK000013576399;Priority 3;NA
SEC;DXE;SEC;SR;OK;TASK000013576583;Priority 3;NA
SEC;DXE;SEC;SR;OK;TASK000013576647;Priority 3;NA
SEC;812;SEC;SR;OK;TASK000013576748;Priority 3;NA
SEC;DXE;SEC;SR;OK;TASK000013576760;Priority 3;NA
APS;ETH;APS;SR;OK;TASK000013576807;Priority 3;NA
APS;ETH;APS;SR;OK;TASK000013576832;Priority 3;NA
APS;ETH;APS;SR;OK;TASK000013576849;Priority 3;NA
APS;ETH;APS;SR;OK;TASK000013576884;Priority 3;NA
SEC;812;SEC;SR;OK;TASK000013576968;Priority 3;NA
L1;OCD;MON;SR;OK;TASK000013577021;Priority 3;NA
FUN;WS;FUN;SR;OK;TASK000013577045;Priority 4;NA
DBA;812;DBA;SR;OK;TASK000013577050;Priority 3;NA
SEC;812;SEC;SR;OK;TASK000013577058;Priority 3;NA
FUN;DCF;SEC;SR;OK;TASK000013577227;Priority 3;NA
SEC;812;SEC;SR;OK;TASK000013577248;Priority 3;NA
DBA;812;DBA;SR;OK;TASK000013577291;Priority 3;NA
CNC;812;CNC;SR;OK;TASK000013577356;Priority 3;NA
SEC;EMS;SEC;SR;OK;TASK000013577471;Priority 3;NA
SEC;812;SEC;SR;OK;TASK000013577535;Priority 3;NA
SEC;812;SEC;SR;OK;TASK000013577563;Priority 3;NA
SEC;BWI;SEC;SR;OK;TASK000013577602;Priority 4;NA
SEC;WS;SEC;SR;OK;TASK000013577612;Priority 3;NA
L1;BWI;L1 ;SR;OK;TASK000013577668;Priority 3;NA
SEC;DXE;SEC;SR;OK;TASK000013577692;Priority 3;NA
SEC;DXE;SEC;SR;OK;TASK000013577703;Priority 3;NA
FUN;EES;FUN;SR;OK;TASK000013577822;Priority 4;NA
CNC;ETH;CNC;SR;OK;TASK000013577834;Priority 3;NA
APS;DCF;APS;SR;OK;TASK000013577984;Priority 3;NA
SEC;EMS;SEC;SR;OK;TASK000013578065;Priority 3;NA
DBA;812;DBA;SR;OK;TASK000013578158;Priority 3;NA
SEC;LAT;SEC;SR;OK;TASK000013578213;Priority 3;NA
DBA;812;DBA;SR;OK;TASK000013578226;Priority 3;NA
APS;ETH;APS;SR;OK;TASK000013578230;Priority 4;NA
SCH;812;SCH;SR;OK;TASK000013578386;Priority 3;NA
APS;EES;APS;SR;OK;TASK000013578478;Priority 4;NA
SEC;812;SEC;SR;OK;TASK000013578564;Priority 3;NA
SEC;ETH;SEC;SR;OK;TASK000013578612;Priority 3;NA
SEC;DXE;SEC;SR;OK;TASK000013578704;Priority 3;NA
SEC;BWI;SEC;SR;OK;TASK000013578780;Priority 4;NA
CNC;EES;CNC;SR;OK;TASK000013578835;Priority 3;NA
SEC;812;SEC;SR;OK;TASK000013578840;Priority 3;NA
L1;BWI;L1 ;SR;OK;TASK000013578948;Priority 3;NA
SEC;DCF;SEC;SR;OK;TASK000013578989;Priority 3;NA
FUN;DCF;SEC;SR;Defect;TASK000013578997;Priority 3;NA
SEC;DCF;SEC;SR;OK;TASK000013579128;Priority 3;NA
SEC;EDS;SEC;SR;OK;TASK000013579151;Priority 3;NA
SEC;ETH;SEC;SR;OK;TASK000013579257;Priority 3;NA
SEC;WS;SEC;SR;OK;TASK000013579297;Priority 3;NA
SEC;BWI;SEC;SR;OK;TASK000013579450;Priority 4;NA
FUN;EES;FUN;SR;OK;TASK000013579514;Priority 4;NA
SEC;WS;SEC;SR;Defect;TASK000013579736;Priority 3;NA
SEC;MNT;SEC;SR;OK;TASK000013579751;Priority 3;NA
SEC;WS;SEC;SR;Defect;TASK000013579759;Priority 3;NA
CNC;812;CNC;SR;OK;TASK000013579802;Priority 3;NA
MNT;MNT;FUN;SR;OK;TASK000013580000;Priority 4;NA
FUN;ETH;FUN;SR;OK;TASK000013580001;Priority 3;NA
SEC;ETH;SEC;SR;OK;TASK000013580050;Priority 3;NA
L1;BWI;L1 ;SR;OK;TASK000013580241;Priority 3;NA
L1;812;MON;SR;OK;TASK000013580328;Priority 3;NA
DBA;812;DBA;SR;OK;TASK000013580483;Priority 3;NA
DBA;812;DBA;SR;OK;TASK000013580489;Priority 3;NA
DBA;812;DBA;SR;OK;TASK000013580490;Priority 3;NA
SEC;812;SEC;SR;OK;TASK000013580528;Priority 3;NA
FIN;812;INS;SR;Defect;TASK000013580749;Priority 4;NA
FUN;MNT;FUN;SR;Defect;TASK000013580784;Priority 3;NA
SCH;812;SCH;SR;OK;TASK000013581051;Priority 3;NA
SEC;812;SEC;SR;OK;TASK000013581239;Priority 3;NA
SEC;DCF;SEC;SR;Defect;TASK000013581305;Priority 3;NA
DBA;812;DBA;SR;OK;TASK000013581324;Priority 3;NA
L1;812;MON;SR;OK;TASK000013581330;Priority 4;NA
DBA;812;DBA;SR;OK;TASK000013581338;Priority 3;NA
FUN;812;FUN;SR;OK;TASK000013581365;Priority 3;NA
SEC;812;SEC;SR;OK;TASK000013581528;Priority 3;NA
SCH;812;SCH;SR;OK;TASK000013581572;Priority 3;NA
APS;ETH;APS;SR;OK;TASK000013581573;Priority 4;NA
APS;ETH;APS;SR;OK;TASK000013581655;Priority 3;NA
APS;ETH;APS;SR;OK;TASK000013581689;Priority 3;NA
SEC;DPY;SEC;SR;OK;TASK000013581759;Priority 3;NA
SEC;ETH;SEC;SR;OK;TASK000013581782;Priority 3;NA
SEC;DCF;SEC;SR;OK;TASK000013581906;Priority 3;NA
CNC;LAT;JDE;SR;OK;TASK000013581913;Priority 3;NA
APS;ETH;APS;SR;OK;TASK000013581935;Priority 3;NA
SEC;WS;SEC;SR;Defect;TASK000013582031;Priority 3;NA
DBA;812;DBA;SR;OK;TASK000013582038;Priority 3;NA
DBA;812;DBA;SR;OK;TASK000013582039;Priority 3;NA
APS;ETH;APS;SR;OK;TASK000013582045;Priority 3;NA
SEC;DPY;SEC;SR;OK;TASK000013582050;Priority 3;NA
APS;ETH;APS;SR;OK;TASK000013582055;Priority 4;NA
FUN;812;FUN;SR;OK;TASK000013582113;Priority 3;NA
SEC;BWI;SEC;SR;OK;TASK000013582121;Priority 4;NA
SCH;LAT;SCH;SR;OK;TASK000013582139;Priority 3;NA
SEC;DPY;SEC;SR;OK;TASK000013582166;Priority 3;NA
FUN;812;FUN;SR;OK;TASK000013582198;Priority 3;NA
SEC;DPY;SEC;SR;OK;TASK000013582249;Priority 3;NA
SEC;WS;SEC;SR;OK;TASK000013582250;Priority 3;NA
SEC;DPY;SEC;SR;OK;TASK000013582336;Priority 3;NA
SCH;812;SCH;SR;OK;TASK000013582390;Priority 3;NA
SEC;WS;SEC;SR;OK;TASK000013582404;Priority 3;NA
SEC;EES;FUN;SR;OK;TASK000013582406;Priority 3;NA
APS;EES;APS;SR;OK;TASK000013582552;Priority 4;NA
SEC;WS;SEC;SR;OK;TASK000013582575;Priority 3;NA
SEC;ETH;SEC;SR;OK;TASK000013582669;Priority 3;NA
L1;BWI;L1 ;SR;OK;TASK000013582682;Priority 3;NA
SEC;ETH;SEC;SR;OK;TASK000013582690;Priority 3;NA
SEC;ETH;SEC;SR;OK;TASK000013582695;Priority 3;NA
SEC;ETH;SEC;SR;OK;TASK000013582706;Priority 3;NA
SEC;ETH;SEC;SR;OK;TASK000013582716;Priority 3;NA
SEC;ETH;SEC;SR;OK;TASK000013582730;Priority 3;NA
SEC;BWI;SEC;SR;OK;TASK000013582923;Priority 4;NA
SEC;DPY;SEC;SR;Defect;TASK000013583013;Priority 3;NA
SEC;CAN;SEC;SR;OK;TASK000013583088;Priority 3;NA
APS;ETH;APS;SR;OK;TASK000013583095;Priority 3;NA
APS;ETH;APS;SR;OK;TASK000013583107;Priority 3;NA
APS;EES;APS;SR;OK;TASK000013583214;Priority 4;NA
L1;BWI;L1 ;SR;OK;TASK000013583270;Priority 3;NA
L1;BWI;L1 ;SR;OK;TASK000013583308;Priority 3;NA
L1;BWI;L1 ;SR;OK;TASK000013583489;Priority 4;NA
FUN;DCF;SEC;SR;Defect;TASK000013583668;Priority 3;NA
SEC;ETH;SEC;SR;Defect;TASK000013583681;Priority 3;NA
SEC;WS;SEC;SR;OK;TASK000013583829;Priority 3;NA
APS;EES;APS;SR;OK;TASK000013584844;Priority 4;NA
SEC;812;SEC;SR;OK;TASK000013585007;Priority 3;NA
SEC;812;SEC;SR;OK;TASK000013585136;Priority 3;NA
SEC;812;SEC;SR;OK;TASK000013585142;Priority 3;NA
SEC;812;SEC;SR;OK;TASK000013585156;Priority 3;NA
SEC;DXE;SEC;SR;OK;TASK000013585302;Priority 3;NA
L1;812;MON;SR;OK;TASK000013585418;Priority 3;NA
APS;EES;APS;SR;OK;TASK000013585478;Priority 4;NA
CNC;ETH;L1 ;SR;Defect;TASK000013585504;Priority 3;NA
DBA;812;DBA;SR;OK;TASK000013585561;Priority 3;NA
DBA;812;DBA;SR;OK;TASK000013585566;Priority 3;NA
SEC;812;SEC;SR;OK;TASK000013585577;Priority 3;NA
SEC;812;SEC;SR;OK;TASK000013585668;Priority 3;NA
DBA;812;DBA;SR;OK;TASK000013585671;Priority 3;NA
CNC;812;CNC;SR;OK;TASK000013585678;Priority 3;NA
SEC;WS;SEC;SR;OK;TASK000013585727;Priority 3;NA
SEC;812;SEC;SR;OK;TASK000013585738;Priority 3;NA
SEC;DXE;SEC;SR;OK;TASK000013585773;Priority 3;NA
DBA;812;DBA;SR;OK;TASK000013585785;Priority 3;NA
DBA;812;DBA;SR;OK;TASK000013585816;Priority 3;NA
SEC;EMS;SEC;SR;OK;TASK000013585908;Priority 3;NA
SEC;812;SEC;SR;OK;TASK000013585948;Priority 3;NA
DBA;812;DBA;SR;OK;TASK000013585991;Priority 3;NA
SEC;WS;SEC;SR;Defect;TASK000013586007;Priority 3;NA
APS;EES;APS;SR;OK;TASK000013586018;Priority 4;NA
SEC;812;SEC;SR;OK;TASK000013586046;Priority 3;NA
L1;812;MON;SR;OK;TASK000013586051;Priority 3;NA
APS;ETH;APS;SR;OK;TASK000013586126;Priority 3;NA
SEC;812;SEC;SR;OK;TASK000013586128;Priority 3;NA
SEC;DXE;SEC;SR;OK;TASK000013586132;Priority 3;NA
SEC;812;SEC;SR;OK;TASK000013586199;Priority 3;NA
L1;812;MON;SR;OK;TASK000013586258;Priority 4;NA
SEC;WS;SEC;SR;OK;TASK000013586271;Priority 3;NA
CNC;LAT;CNC;SR;OK;TASK000013586340;Priority 3;NA
L1;812;MON;SR;OK;TASK000013586420;Priority 3;NA
DBA;812;DBA;SR;OK;TASK000013586475;Priority 3;NA
SEC;812;SEC;SR;OK;TASK000013586522;Priority 3;NA
CNC;BWI;CNC;SR;OK;TASK000013586557;Priority 3;NA
SEC;BWI;SEC;SR;OK;TASK000013586587;Priority 4;NA
SEC;BWI;SEC;SR;Defect;TASK000013586686;Priority 4;NA
SEC;812;SEC;SR;OK;TASK000013586688;Priority 3;NA
L1;BWI;L1 ;SR;OK;TASK000013586711;Priority 4;NA
FUN;812;FUN;SR;Defect;TASK000013586714;Priority 4;NA
APS;EES;APS;SR;OK;TASK000013586838;Priority 4;NA
APS;EES;APS;SR;OK;TASK000013586875;Priority 4;NA
APS;EES;APS;SR;OK;TASK000013586879;Priority 4;NA
DBA;812;DBA;SR;OK;TASK000013587122;Priority 3;NA
FUN;ETH;FUN;SR;OK;TASK000013587153;Priority 3;NA
DBA;812;DBA;SR;OK;TASK000013587158;Priority 3;NA
APS;ETH;APS;SR;OK;TASK000013587520;Priority 3;NA
SEC;812;SEC;SR;OK;TASK000013587643;Priority 3;NA
SEC;BWI;SEC;SR;OK;TASK000013587754;Priority 4;NA
L1;BWI;L1 ;SR;OK;TASK000013587990;Priority 3;NA
SEC;MNT;SEC;SR;OK;TASK000013588220;Priority 3;NA
SEC;812;SEC;SR;OK;TASK000013588257;Priority 3;NA
DBA;812;DBA;SR;OK;TASK000013588290;Priority 3;NA
FUN;MNT;FUN;SR;Defect;TASK000013588413;Priority 4;NA
SCH;LAT;SCH;SR;OK;TASK000013588416;Priority 3;NA
MNT;MNT;FUN;SR;OK;TASK000013588431;Priority 3;NA
SCH;LAT;SCH;SR;OK;TASK000013588438;Priority 3;NA
SEC;DXE;SEC;SR;OK;TASK000013588551;Priority 3;NA
SEC;ETH;SEC;SR;OK;TASK000013588629;Priority 3;NA
SEC;MNT;SEC;SR;OK;TASK000013588639;Priority 3;NA
L1;BWI;L1 ;SR;OK;TASK000013588643;Priority 3;NA
SEC;ETH;SEC;SR;OK;TASK000013588650;Priority 3;NA
SEC;ETH;SEC;SR;OK;TASK000013588690;Priority 3;NA
SEC;ETH;SEC;SR;OK;TASK000013588695;Priority 3;NA
SEC;ETH;SEC;SR;OK;TASK000013588699;Priority 3;NA
SEC;ETH;SEC;SR;OK;TASK000013588704;Priority 3;NA
SEC;ETH;SEC;SR;OK;TASK000013588706;Priority 3;NA
SEC;LAT;SEC;SR;OK;TASK000013588717;Priority 4;NA
SEC;WS;SEC;SR;Defect;TASK000013588733;Priority 3;NA
SEC;WS;SEC;SR;OK;TASK000013588759;Priority 3;NA
L1;BWI;L1 ;SR;OK;TASK000013588958;Priority 3;NA
FUN;812;FUN;SR;OK;TASK000013590433;Priority 4;NA
CNC;812;CNC;SR;OK;TASK000013590476;Priority 3;NA
SEC;812;SEC;SR;OK;TASK000013590586;Priority 3;NA
SEC;812;SEC;SR;OK;TASK000013590647;Priority 3;NA
SEC;812;SEC;SR;OK;TASK000013590753;Priority 3;NA
SEC;812;SEC;SR;OK;TASK000013590758;Priority 3;NA
SEC;EMS;SEC;SR;OK;TASK000013590799;Priority 3;NA
SEC;812;SEC;SR;OK;TASK000013590887;Priority 3;NA
CNC;CAN;L1 ;SR;OK;TASK000013590899;Priority 3;NA
APS;ETH;APS;SR;OK;TASK000013590979;Priority 3;NA
APS;ETH;APS;SR;OK;TASK000013590988;Priority 3;NA
DBA;812;DBA;SR;OK;TASK000013591085;Priority 3;NA
SEC;DXE;SEC;SR;OK;TASK000013591158;Priority 3;NA
FUN;DXE;FUN;SR;OK;TASK000013591186;Priority 4;NA
SEC;812;SEC;SR;OK;TASK000013591239;Priority 3;NA
SEC;ETH;SEC;SR;Defect;TASK000013591249;Priority 3;NA
DBA;812;DBA;SR;OK;TASK000013591271;Priority 3;NA
DBA;812;DBA;SR;OK;TASK000013591335;Priority 3;NA
DBA;812;DBA;SR;OK;TASK000013591391;Priority 3;NA
SEC;812;SEC;SR;OK;TASK000013591394;Priority 3;NA
L1;BWI;L1 ;SR;OK;TASK000013591536;Priority 3;NA
L1;BWI;L1 ;SR;OK;TASK000013591642;Priority 3;NA
APS;ETH;APS;SR;OK;TASK000013591719;Priority 3;NA
SEC;WS;SEC;SR;OK;TASK000013591785;Priority 3;NA
DBA;812;DBA;SR;OK;TASK000013591951;Priority 3;NA
SEC;MNT;SEC;SR;OK;TASK000013591990;Priority 3;NA
DBA;812;DBA;SR;OK;TASK000013592069;Priority 3;NA
CNC;BWI;CNC;SR;OK;TASK000013592109;Priority 3;NA
SEC;ETH;SEC;SR;OK;TASK000013592158;Priority 3;NA
SEC;812;SEC;SR;OK;TASK000013592168;Priority 3;NA
L1;BWI;L1 ;SR;OK;TASK000013592175;Priority 4;NA
CNC;812;L1 ;SR;OK;TASK000013592190;Priority 3;NA
FUN;DCF;SEC;SR;OK;TASK000013592260;Priority 3;NA
L1;812;MON;SR;OK;TASK000013592423;Priority 4;NA
SEC;MNT;SEC;SR;OK;TASK000013592633;Priority 3;NA
SEC;812;SEC;SR;OK;TASK000013592700;Priority 3;NA
SEC;BWI;SEC;SR;OK;TASK000013592947;Priority 4;NA
L1;BWI;L1 ;SR;OK;TASK000013593006;Priority 3;NA
SEC;WS;SEC;SR;OK;TASK000013593011;Priority 3;NA
SEC;MNT;SEC;SR;OK;TASK000013593107;Priority 3;NA
FUN;EES;FUN;SR;OK;TASK000013593108;Priority 3;NA
SEC;DCF;SEC;SR;Defect;TASK000013593212;Priority 3;NA
SEC;MNT;SEC;SR;OK;TASK000013593259;Priority 3;NA
SEC;MNT;SEC;SR;OK;TASK000013593298;Priority 3;NA
SEC;WS;SEC;SR;OK;TASK000013593326;Priority 3;NA
APS;ETH;APS;SR;OK;TASK000013593406;Priority 3;NA
L1;BWI;L1 ;SR;OK;TASK000013593444;Priority 3;NA
SEC;EES;SEC;SR;Defect;TASK000013593609;Priority 3;NA
SCH;LAT;SCH;SR;OK;TASK000013593911;Priority 3;NA
SEC;BWI;SEC;SR;OK;TASK000013594125;Priority 4;NA
APS;DCF;APS;SR;OK;TASK000013594628;Priority 3;NA
FUN;812;FUN;SR;OK;TASK000013594635;Priority 3;NA
SEC;812;SEC;SR;OK;TASK000013594653;Priority 3;NA
DBA;812;DBA;SR;OK;TASK000013594657;Priority 3;NA
SEC;812;SEC;SR;OK;TASK000013594753;Priority 3;NA
FUN;DCF;SEC;SR;OK;TASK000013594880;Priority 3;NA
SEC;DXE;SEC;SR;OK;TASK000013594891;Priority 3;NA
FUN;DCF;SEC;SR;OK;TASK000013594920;Priority 3;NA
DBA;812;DBA;SR;OK;TASK000013594934;Priority 3;NA
SEC;812;SEC;SR;OK;TASK000013595103;Priority 3;NA
SEC;812;SEC;SR;OK;TASK000013595114;Priority 3;NA
DBA;812;DBA;SR;OK;TASK000013595130;Priority 3;NA
DBA;812;DBA;SR;OK;TASK000013595167;Priority 3;NA
FUN;DCF;SEC;SR;OK;TASK000013595171;Priority 3;NA
DBA;812;DBA;SR;OK;TASK000013595189;Priority 3;NA
FUN;DCF;SEC;SR;OK;TASK000013595238;Priority 3;NA
DBA;812;DBA;SR;OK;TASK000013595292;Priority 3;NA
SEC;ETH;SEC;SR;OK;TASK000013595373;Priority 3;NA
L1;BWI;L1 ;SR;OK;TASK000013595374;Priority 3;NA
CNC;812;L1 ;SR;OK;TASK000013595391;Priority 4;NA
SEC;ETH;SEC;SR;OK;TASK000013595399;Priority 3;NA
SEC;MNT;SEC;SR;OK;TASK000013595447;Priority 3;NA
CNC;812;CNC;SR;OK;TASK000013595460;Priority 3;NA
SEC;812;SEC;SR;OK;TASK000013595639;Priority 3;NA
SEC;812;SEC;SR;OK;TASK000013595714;Priority 3;NA
SEC;WS;SEC;SR;OK;TASK000013595743;Priority 3;NA
SEC;WS;SEC;SR;OK;TASK000013595851;Priority 3;NA
SEC;WS;SEC;SR;OK;TASK000013595872;Priority 3;NA
L1;MNT;MON;SR;OK;TASK000013595880;Priority 3;NA
CNC;812;CNC;SR;OK;TASK000013595886;Priority 3;NA
CNC;812;L1 ;SR;OK;TASK000013595946;Priority 3;NA
CNC;812;CNC;SR;OK;TASK000013595956;Priority 3;NA
SEC;MNT;SEC;SR;OK;TASK000013596003;Priority 3;NA
DBA;812;DBA;SR;OK;TASK000013596112;Priority 3;NA
L1;812;MON;SR;OK;TASK000013596121;Priority 3;NA
DBA;812;DBA;SR;OK;TASK000013596125;Priority 3;NA
L1;BWI;MON;SR;OK;TASK000013596131;Priority 4;NA
SEC;812;SEC;SR;OK;TASK000013596140;Priority 3;NA
DBA;812;DBA;SR;OK;TASK000013596159;Priority 3;NA
SEC;DXE;SEC;SR;OK;TASK000013596181;Priority 3;NA
APS;ETH;APS;SR;OK;TASK000013596190;Priority 3;NA
L1;812;MON;SR;OK;TASK000013596208;Priority 3;NA
SEC;812;SEC;SR;OK;TASK000013596223;Priority 3;NA
DBA;812;DBA;SR;OK;TASK000013596277;Priority 3;NA
DBA;812;DBA;SR;OK;TASK000013596304;Priority 3;NA
SEC;812;SEC;SR;OK;TASK000013596386;Priority 3;NA
FUN;DCF;FUN;SR;OK;TASK000013596489;Priority 3;NA
DBA;812;DBA;SR;OK;TASK000013596608;Priority 3;NA
CNC;812;CNC;SR;OK;TASK000013596663;Priority 3;NA
SEC;MNT;SEC;SR;OK;TASK000013596692;Priority 3;NA
APS;ETH;APS;SR;OK;TASK000013596719;Priority 4;NA
APS;ETH;APS;SR;OK;TASK000013596789;Priority 4;NA
CNC;812;L1 ;SR;OK;TASK000013596825;Priority 3;NA
APS;ETH;APS;SR;OK;TASK000013596866;Priority 3;NA
APS;EES;APS;SR;OK;TASK000013596893;Priority 4;NA
SEC;BWI;SEC;SR;OK;TASK000013597001;Priority 4;NA
SCH;812;SCH;SR;OK;TASK000013597101;Priority 3;NA
CNC;812;CNC;SR;OK;TASK000013597110;Priority 3;NA
CNC;812;CNC;SR;OK;TASK000013597111;Priority 3;NA
SEC;WS;SEC;SR;OK;TASK000013597173;Priority 3;NA
APS;ETH;APS;SR;OK;TASK000013597298;Priority 3;NA
SEC;BWI;SEC;SR;OK;TASK000013597321;Priority 4;NA
SEC;WS;SEC;SR;OK;TASK000013597348;Priority 3;NA
SEC;ETH;SEC;SR;OK;TASK000013597523;Priority 3;NA
FUN;DCF;SEC;SR;OK;TASK000013597844;Priority 3;NA
FUN;DCF;SEC;SR;OK;TASK000013597857;Priority 3;NA
FUN;DCF;SEC;SR;OK;TASK000013597932;Priority 3;NA
SEC;MNT;SEC;SR;OK;TASK000013598002;Priority 3;NA
L1;BWI;L1 ;SR;OK;TASK000013598023;Priority 3;NA
SCH;LAT;SCH;SR;OK;TASK000013598136;Priority 3;NA
FUN;DCF;SEC;SR;OK;TASK000013598898;Priority 3;NA
L1;812;MON;SR;OK;TASK000013598927;Priority 4;NA
L1;812;MON;SR;OK;TASK000013598935;Priority 3;NA
SEC;812;SEC;SR;OK;TASK000013599017;Priority 3;NA
SEC;812;SEC;SR;OK;TASK000013599023;Priority 3;NA
L1;812;MON;SR;OK;TASK000013599070;Priority 3;NA
FUN;DCF;FUN;SR;OK;TASK000013599073;Priority 3;NA
DBA;812;DBA;SR;OK;TASK000013599077;Priority 3;NA
DBA;812;DBA;SR;OK;TASK000013599135;Priority 3;NA
SEC;WS;SEC;SR;OK;TASK000013599146;Priority 3;NA
DBA;812;DBA;SR;OK;TASK000013599217;Priority 3;NA
SEC;WS;SEC;SR;OK;TASK000013599235;Priority 3;NA
SEC;EDS;SEC;SR;OK;TASK000013599274;Priority 3;NA
FUN;812;FUN;SR;OK;TASK000013599285;Priority 4;NA
CNC;812;CNC;SR;OK;TASK000013599319;Priority 3;NA
DBA;812;DBA;SR;OK;TASK000013599421;Priority 3;NA
CNC;DPY;CNC;SR;OK;TASK000013599551;Priority 3;NA
FIN;DCF;FUN;SR;OK;TASK000013599596;Priority 3;NA
DBA;812;DBA;SR;OK;TASK000013599602;Priority 3;NA
SEC;812;SEC;SR;OK;TASK000013599747;Priority 3;NA
FIN;812;FUN;SR;OK;TASK000013599781;Priority 4;NA
SEC;EDS;SEC;SR;OK;TASK000013599805;Priority 3;NA
FUN;812;FUN;SR;OK;TASK000013599912;Priority 3;NA
SEC;DXE;SEC;SR;OK;TASK000013599926;Priority 3;NA
SEC;WS;SEC;SR;OK;TASK000013599985;Priority 3;NA
SEC;BWI;SEC;SR;OK;TASK000013599988;Priority 4;NA
SEC;BWI;SEC;SR;OK;TASK000013600051;Priority 4;NA
SEC;812;SEC;SR;OK;TASK000013600177;Priority 3;NA
SEC;812;SEC;SR;OK;TASK000013600236;Priority 3;NA
SEC;DXE;SEC;SR;Defect;TASK000013600342;Priority 3;NA
SCH;LAT;SCH;SR;OK;TASK000013600344;Priority 3;NA
SEC;812;SEC;SR;OK;TASK000013600355;Priority 3;NA
CNC;812;CNC;SR;OK;TASK000013600363;Priority 3;NA
SCH;LAT;SCH;SR;OK;TASK000013600476;Priority 3;NA
SEC;MNT;SEC;SR;OK;TASK000013600487;Priority 3;NA
SEC;WS;SEC;SR;OK;TASK000013600507;Priority 3;NA
FIN;DCF;FUN;SR;OK;TASK000013600588;Priority 4;NA
SEC;812;SEC;SR;OK;TASK000013600589;Priority 3;NA
SEC;DXE;SEC;SR;OK;TASK000013600615;Priority 3;NA
APS;ETH;APS;SR;OK;TASK000013600729;Priority 4;NA
SEC;WS;SEC;SR;OK;TASK000013600741;Priority 3;NA
SEC;812;SEC;SR;OK;TASK000013600768;Priority 3;NA
SEC;ETH;SEC;SR;OK;TASK000013600853;Priority 3;NA
SEC;WS;SEC;SR;OK;TASK000013601075;Priority 3;NA
SEC;WS;SEC;SR;OK;TASK000013601107;Priority 3;NA
SEC;WS;SEC;SR;OK;TASK000013601118;Priority 3;NA
L1;BWI;MON;SR;OK;TASK000013601239;Priority 4;NA
APS;ETH;APS;SR;OK;TASK000013601249;Priority 3;NA
FUN;812;FUN;SR;OK;TASK000013601278;Priority 4;NA
FUN;ETH;FUN;SR;OK;TASK000013601281;Priority 3;NA
APS;ETH;APS;SR;OK;TASK000013601283;Priority 3;NA
APS;ETH;APS;SR;OK;TASK000013601316;Priority 3;NA
SCH;812;SCH;SR;OK;TASK000013601339;Priority 3;NA
APS;EES;APS;SR;OK;TASK000013601346;Priority 3;NA
DBA;812;DBA;SR;OK;TASK000013601381;Priority 3;NA
CNC;812;CNC;SR;OK;TASK000013601386;Priority 3;NA
SEC;DCF;SEC;SR;OK;TASK000013601451;Priority 3;NA
SEC;BWI;SEC;SR;OK;TASK000013601507;Priority 4;NA
SEC;WS;SEC;SR;OK;TASK000013601612;Priority 3;NA
FUN;DCF;SEC;SR;OK;TASK000013601800;Priority 3;NA
SEC;LAT;SEC;SR;OK;TASK000013601847;Priority 3;NA
FUN;BWI;FUN;SR;OK;TASK000013601883;Priority 3;NA
SEC;EES;SEC;SR;Defect;TASK000013601900;Priority 3;NA
SEC;BWI;SEC;SR;OK;TASK000013601910;Priority 4;NA
SEC;BWI;SEC;SR;OK;TASK000013601926;Priority 4;NA
L1;BWI;L1 ;SR;OK;TASK000013602020;Priority 3;NA
SEC;MNT;SEC;SR;OK;TASK000013602026;Priority 3;NA
L1;BWI;L1 ;SR;OK;TASK000013602080;Priority 3;NA
APS;EES;APS;SR;OK;TASK000013602174;Priority 4;NA
SEC;812;SEC;SR;OK;TASK000013602709;Priority 3;NA
SEC;812;SEC;SR;OK;TASK000013602798;Priority 3;NA
FUN;812;FUN;SR;OK;TASK000013602834;Priority 3;NA
SEC;812;SEC;SR;OK;TASK000013602931;Priority 3;NA
SEC;812;SEC;SR;OK;TASK000013602971;Priority 3;NA
SEC;EMS;SEC;SR;OK;TASK000013602978;Priority 3;NA
SEC;812;SEC;SR;OK;TASK000013602979;Priority 3;NA
DBA;812;DBA;SR;OK;TASK000013603090;Priority 3;NA
APS;ETH;APS;SR;OK;TASK000013603140;Priority 4;NA
DBA;812;DBA;SR;OK;TASK000013603193;Priority 3;NA
SEC;812;SEC;SR;OK;TASK000013603270;Priority 3;NA
SEC;DCF;SEC;SR;OK;TASK000013603351;Priority 3;NA
FUN;812;FUN;SR;OK;TASK000013603398;Priority 3;NA
DBA;812;DBA;SR;OK;TASK000013603416;Priority 3;NA
SEC;812;SEC;SR;OK;TASK000013603440;Priority 3;NA
FUN;EES;FUN;SR;OK;TASK000013603565;Priority 4;NA
CNC;EMS;CNC;SR;OK;TASK000013603591;Priority 3;NA
SEC;WS;SEC;SR;OK;TASK000013603655;Priority 3;NA
L1;BWI;L1 ;SR;OK;TASK000013603672;Priority 3;NA
SEC;WS;SEC;SR;OK;TASK000013603675;Priority 3;NA
SEC;ETH;SEC;SR;OK;TASK000013603803;Priority 3;NA
SEC;812;SEC;SR;OK;TASK000013603809;Priority 3;NA
FUN;DCF;FUN;SR;OK;TASK000013603815;Priority 3;NA
SEC;812;SEC;SR;OK;TASK000013603839;Priority 3;NA
SEC;ETH;SEC;SR;OK;TASK000013603903;Priority 3;NA
SEC;812;SEC;SR;OK;TASK000013603916;Priority 3;NA
SEC;EMS;SEC;SR;OK;TASK000013603929;Priority 3;NA
SEC;812;SEC;SR;OK;TASK000013604088;Priority 3;NA
SEC;ETH;SEC;SR;OK;TASK000013604406;Priority 3;NA
L1;BWI;MON;SR;OK;TASK000013604500;Priority 3;NA
SEC;812;SEC;SR;OK;TASK000013604546;Priority 3;NA
CNC;LAT;CNC;SR;OK;TASK000013604571;Priority 3;NA
CNC;812;CNC;SR;OK;TASK000013604594;Priority 3;NA
L1;BWI;L1 ;SR;OK;TASK000013604645;Priority 3;NA
CNC;BWI;CNC;SR;OK;TASK000013604719;Priority 3;NA
SEC;DPY;SEC;SR;OK;TASK000013604743;Priority 3;NA
SEC;DCF;SEC;SR;OK;TASK000013604744;Priority 3;NA
SEC;DPY;SEC;SR;OK;TASK000013604817;Priority 3;NA
SEC;LAT;SEC;SR;OK;TASK000013604848;Priority 4;NA
SEC;MNT;SEC;SR;OK;TASK000013604909;Priority 3;NA
SEC;MNT;SEC;SR;OK;TASK000013604934;Priority 3;NA
SEC;MNT;SEC;SR;OK;TASK000013604955;Priority 3;NA
SEC;MNT;SEC;SR;OK;TASK000013604965;Priority 3;NA
SEC;BWI;SEC;SR;OK;TASK000013604967;Priority 4;NA
FUN;DCF;SEC;SR;OK;TASK000013604986;Priority 3;NA
SEC;ETH;SEC;SR;OK;TASK000013605010;Priority 3;NA
SEC;MNT;SEC;SR;OK;TASK000013605105;Priority 3;NA
SEC;DPY;SEC;SR;Defect;TASK000013605266;Priority 3;NA
APS;ETH;APS;SR;OK;TASK000013605440;Priority 3;NA
SEC;BWI;SEC;SR;OK;TASK000013605608;Priority 4;NA
SEC;BWI;SEC;SR;OK;TASK000013605633;Priority 4;NA
L1;BWI;L1 ;SR;OK;TASK000013605704;Priority 3;NA
L1;BWI;L1 ;SR;OK;TASK000013605784;Priority 3;NA
L1;BWI;L1 ;SR;OK;TASK000013605895;Priority 3;NA
FUN;COR;FUN;SR;OK;TASK000013606068;Priority 3;NA
CNC;DPY;CNC;SR;OK;TASK000013606209;Priority 3;NA
CNC;LFS;CNC;SR;OK;TASK000013606253;Priority 3;NA
SEC;812;SEC;SR;OK;TASK000013606346;Priority 3;NA
CNC;DPY;CNC;SR;OK;TASK000013606850;Priority 3;NA
SEC;812;SEC;SR;OK;TASK000013607124;Priority 3;NA
L1;812;MON;SR;OK;TASK000013607230;Priority 3;NA
DBA;812;DBA;SR;OK;TASK000013607255;Priority 3;NA
L1;812;MON;SR;OK;TASK000013607259;Priority 3;NA
L1;812;MON;SR;OK;TASK000013607281;Priority 3;NA
SEC;812;SEC;SR;OK;TASK000013607287;Priority 3;NA
L1;812;MON;SR;OK;TASK000013607336;Priority 3;NA
APS;ETH;APS;SR;OK;TASK000013607840;Priority 3;NA
SEC;812;SEC;SR;OK;TASK000013607879;Priority 3;NA
CNC;812;CNC;SR;OK;TASK000013607913;Priority 3;NA
CNC;812;CNC;SR;OK;TASK000013608012;Priority 3;NA
SEC;812;SEC;SR;OK;TASK000013608206;Priority 3;NA
L1;812;MON;SR;OK;TASK000013608267;Priority 4;NA
SEC;WS;SEC;SR;OK;TASK000013608302;Priority 3;NA
SEC;812;SEC;SR;OK;TASK000013608430;Priority 3;NA
L1;812;MON;SR;OK;TASK000013608435;Priority 4;NA
SEC;812;SEC;SR;OK;TASK000013608442;Priority 3;NA
L1;812;MON;SR;OK;TASK000013608461;Priority 4;NA
L1;OCD;MON;SR;OK;TASK000013608516;Priority 3;NA
DBA;812;DBA;SR;OK;TASK000013608544;Priority 3;NA
CNC;ETH;CNC;SR;OK;TASK000013608611;Priority 3;NA
SEC;WS;SEC;SR;OK;TASK000013608626;Priority 3;NA
SEC;WS;SEC;SR;OK;TASK000013608641;Priority 3;NA
OPS;EMS;OPS;SR;OK;TASK000013608711;Priority 3;NA
SEC;WS;SEC;SR;OK;TASK000013608714;Priority 3;NA
L1;BWI;L1 ;SR;OK;TASK000013608737;Priority 3;NA
SEC;812;SEC;SR;OK;TASK000013608742;Priority 3;NA
SEC;DXE;SEC;SR;OK;TASK000013608853;Priority 3;NA
APS;EES;APS;SR;OK;TASK000013608857;Priority 4;NA
FUN;DCF;SEC;SR;OK;TASK000013608902;Priority 3;NA
CNC;LFS;CNC;SR;OK;TASK000013608908;Priority 3;NA
L1;812;MON;SR;OK;TASK000013608922;Priority 4;NA
SEC;812;SEC;SR;OK;TASK000013609068;Priority 3;NA
SEC;812;SEC;SR;OK;TASK000013609135;Priority 3;NA
SEC;WS;SEC;SR;OK;TASK000013609284;Priority 3;NA
L1;BWI;L1 ;SR;OK;TASK000013609286;Priority 3;NA
CNC;812;CNC;SR;OK;TASK000013609292;Priority 3;NA
SEC;812;SEC;SR;OK;TASK000013609379;Priority 3;NA
L1;BWI;L1 ;SR;OK;TASK000013609421;Priority 3;NA
SEC;EMS;SEC;SR;OK;TASK000013609444;Priority 3;NA
SCH;812;SCH;SR;OK;TASK000013609478;Priority 3;NA
CNC;LAT;CNC;SR;OK;TASK000013609532;Priority 3;NA
SEC;DPY;SEC;SR;OK;TASK000013609630;Priority 3;NA
SEC;DXE;SEC;SR;OK;TASK000013609672;Priority 3;NA
SEC;812;SEC;SR;OK;TASK000013609830;Priority 3;NA
SEC;WS;SEC;SR;OK;TASK000013609883;Priority 3;NA
CNC;EES;CNC;SR;OK;TASK000013609900;Priority 3;NA
SEC;WS;SEC;SR;OK;TASK000013609915;Priority 3;NA
SEC;WS;SEC;SR;OK;TASK000013609997;Priority 3;NA
FUN;DCF;SEC;SR;OK;TASK000013610005;Priority 3;NA
FUN;DCF;SEC;SR;OK;TASK000013610006;Priority 3;NA
SEC;812;SEC;SR;OK;TASK000013610020;Priority 3;NA
SEC;WS;SEC;SR;OK;TASK000013610103;Priority 3;NA
SEC;BWI;SEC;SR;OK;TASK000013610164;Priority 4;NA
FIN;MNT;FUN;SR;OK;TASK000013610230;Priority 3;NA
SEC;BWI;SEC;SR;OK;TASK000013610469;Priority 4;NA
L1;812;MON;SR;OK;TASK000013610624;Priority 4;NA
CNC;LAT;CNC;SR;OK;TASK000013610765;Priority 3;NA
CNC;LFS;CNC;SR;OK;TASK000013610931;Priority 3;NA
SEC;BWI;SEC;SR;OK;TASK000013611068;Priority 4;NA
SEC;BWI;SEC;SR;OK;TASK000013611075;Priority 4;NA
L1;BWI;L1 ;SR;OK;TASK000013611121;Priority 3;NA
L1;BWI;L1 ;SR;OK;TASK000013611199;Priority 3;NA
L1;812;MON;SR;OK;TASK000013611631;Priority 3;NA
L1;812;MON;SR;OK;TASK000013611632;Priority 3;NA
SEC;EMS;SEC;SR;OK;TASK000013611772;Priority 3;NA
SEC;EMS;SEC;SR;OK;TASK000013611788;Priority 3;NA
SEC;EMS;SEC;SR;OK;TASK000013611802;Priority 3;NA
APS;ETH;APS;SR;OK;TASK000013611911;Priority 3;NA
DBA;812;DBA;SR;OK;TASK000013612121;Priority 3;NA
CNC;812;CNC;SR;OK;TASK000013612175;Priority 3;NA
SEC;812;SEC;SR;OK;TASK000013612321;Priority 3;NA
SEC;WS;SEC;SR;OK;TASK000013612467;Priority 3;NA
SEC;DXE;SEC;SR;OK;TASK000013612475;Priority 3;NA
SEC;812;SEC;SR;OK;TASK000013612490;Priority 3;NA
DBA;812;DBA;SR;OK;TASK000013612503;Priority 3;NA
L1;812;MON;SR;OK;TASK000013612529;Priority 3;NA
L1;812;MON;SR;OK;TASK000013612573;Priority 3;NA
CNC;812;CNC;SR;OK;TASK000013612578;Priority 3;NA
SEC;LAT;SEC;SR;OK;TASK000013612582;Priority 3;NA
APS;ETH;APS;SR;OK;TASK000013612619;Priority 4;NA
CNC;LFS;CNC;SR;OK;TASK000013612741;Priority 3;NA
SEC;DXE;SEC;SR;OK;TASK000013612793;Priority 3;NA
SEC;BWI;SEC;SR;OK;TASK000013612814;Priority 4;NA
SEC;DCF;SEC;SR;Defect;TASK000013612869;Priority 3;NA
SEC;BWI;SEC;SR;OK;TASK000013612904;Priority 4;NA
SEC;WS;SEC;SR;OK;TASK000013612957;Priority 3;NA
SEC;812;SEC;SR;OK;TASK000013612994;Priority 3;NA
SEC;812;SEC;SR;OK;TASK000013613075;Priority 3;NA
DBA;812;DBA;SR;OK;TASK000013613084;Priority 3;NA
SEC;812;SEC;SR;OK;TASK000013613110;Priority 3;NA
DBA;812;DBA;SR;OK;TASK000013613255;Priority 3;NA
SEC;BWI;SEC;SR;OK;TASK000013613282;Priority 4;NA
SEC;812;SEC;SR;OK;TASK000013613308;Priority 3;NA
CNC;BWI;CNC;SR;OK;TASK000013613325;Priority 3;NA
DBA;812;DBA;SR;OK;TASK000013613362;Priority 3;NA
CNC;812;CNC;SR;OK;TASK000013613460;Priority 3;NA
CNC;EMS;CNC;SR;Defect;TASK000013613480;Priority 3;NA
APS;ETH;APS;SR;OK;TASK000013613570;Priority 4;NA
SEC;DPY;SEC;SR;OK;TASK000013613600;Priority 3;NA
SEC;ETH;SEC;SR;OK;TASK000013613634;Priority 3;NA
SEC;ETH;SEC;SR;OK;TASK000013613635;Priority 3;NA
SEC;DXE;SEC;SR;OK;TASK000013613721;Priority 3;NA
FUN;812;FUN;SR;Defect;TASK000013613826;Priority 4;NA
SEC;812;SEC;SR;OK;TASK000013613883;Priority 3;NA
SEC;MNT;SEC;SR;OK;TASK000013613936;Priority 3;NA
SEC;EMS;SEC;SR;OK;TASK000013614001;Priority 3;NA
SEC;WS;SEC;SR;OK;TASK000013614019;Priority 3;NA
SEC;WS;SEC;SR;OK;TASK000013614054;Priority 3;NA
SEC;WS;SEC;SR;OK;TASK000013614064;Priority 3;NA
SEC;ETH;SEC;SR;OK;TASK000013614227;Priority 3;NA
SEC;BWI;SEC;SR;OK;TASK000013614250;Priority 4;NA
SEC;WS;SEC;SR;OK;TASK000013614608;Priority 3;NA
SEC;BWI;SEC;SR;OK;TASK000013614674;Priority 4;NA
L1;812;MON;SR;OK;TASK000013614694;Priority 3;NA
SEC;WS;SEC;SR;OK;TASK000013614732;Priority 3;NA
SEC;BWI;SEC;SR;OK;TASK000013614761;Priority 4;NA
SEC;WS;SEC;SR;Defect;TASK000013614783;Priority 3;NA
CNC;BWI;CNC;SR;OK;TASK000013615092;Priority 3;NA
SEC;WS;SEC;SR;OK;TASK000013615148;Priority 3;NA
FUN;812;FUN;SR;OK;TASK000013615285;Priority 4;NA
DBA;812;DBA;SR;OK;TASK000013615593;Priority 3;NA
L1;BWI;L1 ;SR;OK;TASK000013615612;Priority 3;NA
APS;ETH;APS;SR;OK;TASK000013615613;Priority 3;NA
SEC;BWI;SEC;SR;OK;TASK000013615752;Priority 4;NA
L1;BWI;L1 ;SR;OK;TASK000013615775;Priority 3;NA
L1;BWI;L1 ;SR;OK;TASK000013615992;Priority 4;NA
CNC;LFS;CNC;SR;OK;TASK000013616031;Priority 3;NA
SEC;EMS;SEC;SR;OK;TASK000013616145;Priority 3;NA
L1;BWI;L1 ;SR;OK;TASK000013616252;Priority 4;NA
APS;ETH;APS;SR;OK;TASK000013616285;Priority 3;NA
DBA;812;DBA;SR;OK;TASK000013616445;Priority 3;NA
DBA;812;DBA;SR;OK;TASK000013616480;Priority 3;NA
SEC;ETH;SEC;SR;OK;TASK000013616604;Priority 3;NA
L1;812;MON;SR;OK;TASK000013616698;Priority 3;NA
DBA;812;DBA;SR;OK;TASK000013616722;Priority 3;NA
SEC;812;SEC;SR;OK;TASK000013616796;Priority 3;NA
FUN;812;FUN;SR;OK;TASK000013616882;Priority 4;NA
SEC;812;SEC;SR;OK;TASK000013617096;Priority 3;NA
APS;ETH;APS;SR;OK;TASK000013617114;Priority 3;NA
SEC;DXE;SEC;SR;OK;TASK000013617238;Priority 3;NA
SEC;EMS;SEC;SR;OK;TASK000013617294;Priority 3;NA
APS;ETH;APS;SR;OK;TASK000013617542;Priority 3;NA
FUN;EES;FUN;SR;OK;TASK000013617603;Priority 4;NA
SEC;LAT;SEC;SR;OK;TASK000013617622;Priority 3;NA
SEC;WS;SEC;SR;OK;TASK000013617650;Priority 3;NA
APS;ETH;APS;SR;OK;TASK000013617696;Priority 3;NA
L1;812;MON;SR;OK;TASK000013617699;Priority 3;NA
SEC;DCF;SEC;SR;OK;TASK000013617829;Priority 3;NA
SEC;812;SEC;SR;OK;TASK000013617838;Priority 3;NA
SEC;ETH;SEC;SR;OK;TASK000013617860;Priority 3;NA
L1;BWI;L1 ;SR;OK;TASK000013617890;Priority 4;NA
SEC;WS;SEC;SR;OK;TASK000013617944;Priority 3;NA
CNC;812;L1 ;SR;OK;TASK000013617948;Priority 3;NA
FUN;DCF;SEC;SR;OK;TASK000013617991;Priority 3;NA
SEC;812;SEC;SR;OK;TASK000013618037;Priority 3;NA
SEC;EDS;SEC;SR;OK;TASK000013618043;Priority 3;NA
SEC;EMS;SEC;SR;OK;TASK000013618046;Priority 3;NA
SCH;812;SCH;SR;OK;TASK000013618080;Priority 3;NA
L1;BWI;L1 ;SR;OK;TASK000013618291;Priority 4;NA
DBA;812;DBA;SR;OK;TASK000013618307;Priority 3;NA
CNC;DPY;CNC;SR;OK;TASK000013618372;Priority 3;NA
SEC;BWI;SEC;SR;OK;TASK000013618513;Priority 4;NA
DBA;812;DBA;SR;OK;TASK000013618610;Priority 3;NA
SEC;WS;SEC;SR;OK;TASK000013618665;Priority 3;NA
FUN;DCF;SEC;SR;Defect;TASK000013618710;Priority 3;NA
L1;BWI;L1 ;SR;OK;TASK000013618714;Priority 4;NA
SEC;WS;SEC;SR;OK;TASK000013618732;Priority 3;NA
APS;ETH;APS;SR;OK;TASK000013618768;Priority 3;NA
APS;ETH;APS;SR;OK;TASK000013618803;Priority 3;NA
FUN;DCF;SEC;SR;OK;TASK000013619118;Priority 3;NA
CNC;EES;CNC;SR;OK;TASK000013619124;Priority 3;NA
L1;BWI;L1 ;SR;OK;TASK000013619144;Priority 4;NA
SEC;BWI;SEC;SR;OK;TASK000013619149;Priority 4;NA
L1;BWI;L1 ;SR;OK;TASK000013619152;Priority 4;NA
L1;BWI;L1 ;SR;OK;TASK000013619477;Priority 3;NA
SCH;LAT;SCH;SR;OK;TASK000013619562;Priority 3;NA
L1;OCD;MON;SR;OK;TASK000013619577;Priority 3;NA
APS;ETH;APS;SR;OK;TASK000013620008;Priority 3;NA
L1;BWI;L1 ;SR;OK;TASK000013620025;Priority 3;NA
FUN;MNT;FUN;SR;OK;TASK000013620218;Priority 3;NA
SEC;EDS;SEC;SR;OK;TASK000013620287;Priority 3;NA
SEC;812;SEC;SR;OK;TASK000013620318;Priority 3;NA
SEC;812;SEC;SR;OK;TASK000013620377;Priority 3;NA
SEC;812;SEC;SR;OK;TASK000013620402;Priority 3;NA
SEC;EMS;SEC;SR;OK;TASK000013620420;Priority 3;NA
SEC;EMS;SEC;SR;OK;TASK000013620424;Priority 3;NA
SEC;EMS;SEC;SR;OK;TASK000013620428;Priority 3;NA
SEC;812;SEC;SR;OK;TASK000013620488;Priority 3;NA
APS;ETH;APS;SR;OK;TASK000013620536;Priority 3;NA
APS;ETH;APS;SR;OK;TASK000013620546;Priority 3;NA
SEC;812;SEC;SR;OK;TASK000013620617;Priority 3;NA
FUN;812;FUN;SR;OK;TASK000013620658;Priority 3;NA
CNC;LFS;CNC;SR;OK;TASK000013620667;Priority 3;NA
SEC;812;SEC;SR;OK;TASK000013620759;Priority 3;NA
SEC;812;SEC;SR;OK;TASK000013620889;Priority 3;NA
L1;812;MON;SR;OK;TASK000013621047;Priority 3;NA
SEC;BWI;SEC;SR;OK;TASK000013621057;Priority 4;NA
CNC;812;CNC;SR;OK;TASK000013621058;Priority 3;NA
SEC;812;SEC;SR;OK;TASK000013621081;Priority 3;NA
DBA;812;DBA;SR;OK;TASK000013621111;Priority 3;NA
SEC;812;SEC;SR;OK;TASK000013621295;Priority 3;NA
SEC;812;SEC;SR;OK;TASK000013621319;Priority 3;NA
FUN;812;FUN;SR;OK;TASK000013621345;Priority 3;NA
CNC;812;CNC;SR;OK;TASK000013621424;Priority 3;NA
CNC;812;CNC;SR;OK;TASK000013621457;Priority 3;NA
OPS;WS;OPS;SR;OK;TASK000013621533;Priority 4;NA
SEC;WS;SEC;SR;OK;TASK000013621597;Priority 3;NA
SEC;WS;SEC;SR;OK;TASK000013621644;Priority 3;NA
SEC;ETH;SEC;SR;OK;TASK000013621656;Priority 3;NA
SCH;LAT;SCH;SR;OK;TASK000013621670;Priority 3;NA
SEC;EDS;SEC;SR;OK;TASK000013621755;Priority 3;NA
APS;ETH;APS;SR;OK;TASK000013621758;Priority 3;NA
SEC;WS;SEC;SR;OK;TASK000013621916;Priority 3;NA
L1;OCD;MON;SR;OK;TASK000013622008;Priority 3;NA
CNC;812;CNC;SR;OK;TASK000013622019;Priority 3;NA
SEC;WS;SEC;SR;OK;TASK000013622022;Priority 3;NA
SEC;BWI;SEC;SR;OK;TASK000013622071;Priority 4;NA
L1;BWI;L1 ;SR;OK;TASK000013622103;Priority 3;NA
SEC;MNT;SEC;SR;OK;TASK000013622122;Priority 3;NA
CNC;LAT;CNC;SR;OK;TASK000013622128;Priority 3;NA
L1;BWI;L1 ;SR;OK;TASK000013622211;Priority 3;NA
CNC;LFS;CNC;SR;OK;TASK000013622295;Priority 3;NA
L1;BWI;L1 ;SR;OK;TASK000013622296;Priority 4;NA
CNC;LFS;CNC;SR;OK;TASK000013622297;Priority 3;NA
SEC;MNT;SEC;SR;OK;TASK000013622397;Priority 3;NA
APS;ETH;APS;SR;OK;TASK000013622484;Priority 4;NA
CNC;BWI;CNC;SR;OK;TASK000013622504;Priority 3;NA
SEC;LAT;SEC;SR;Defect;TASK000013622506;Priority 3;NA
APS;ETH;APS;SR;OK;TASK000013622516;Priority 4;NA
CNC;LFS;CNC;SR;Defect;TASK000013622559;Priority 3;NA
CNC;LFS;CNC;SR;OK;TASK000013622654;Priority 3;NA
CNC;LFS;CNC;SR;OK;TASK000013622666;Priority 3;NA
L1;BWI;L1 ;SR;OK;TASK000013622754;Priority 3;NA
SEC;EES;FUN;SR;OK;TASK000013622794;Priority 3;NA
SEC;ETH;SEC;SR;OK;TASK000013622910;Priority 3;NA
SEC;BWI;SEC;SR;OK;TASK000013622925;Priority 4;NA
SEC;WS;SEC;SR;Defect;TASK000013622926;Priority 3;NA
SEC;WS;SEC;SR;Defect;TASK000013622934;Priority 3;NA
FUN;812;FUN;SR;OK;TASK000013622968;Priority 4;NA
SEC;MNT;SEC;SR;OK;TASK000013623012;Priority 3;NA
L1;BWI;L1 ;SR;OK;TASK000013623260;Priority 3;NA
L1;BWI;L1 ;SR;OK;TASK000013623273;Priority 4;NA
FUN;COR;FUN;SR;OK;TASK000013623468;Priority 3;NA
SEC;ETH;SEC;SR;OK;TASK000013623568;Priority 3;NA
L1;812;MON;SR;OK;TASK000013623769;Priority 4;NA
SEC;DXE;SEC;SR;OK;TASK000013623939;Priority 3;NA
DBA;812;DBA;SR;OK;TASK000013624034;Priority 3;NA
FIN;DCF;FUN;SR;OK;TASK000013624072;Priority 4;NA
CNC;812;L1 ;SR;OK;TASK000013624086;Priority 3;NA
CNC;812;CNC;SR;OK;TASK000013624109;Priority 3;NA
DBA;812;DBA;SR;OK;TASK000013624121;Priority 3;NA
SCH;812;SCH;SR;OK;TASK000013624181;Priority 3;NA
SCH;812;SCH;SR;OK;TASK000013624277;Priority 3;NA
DBA;812;DBA;SR;OK;TASK000013624340;Priority 3;NA
DBA;812;DBA;SR;OK;TASK000013624366;Priority 3;NA
APS;ETH;APS;SR;OK;TASK000013624436;Priority 3;NA
SEC;MNT;SEC;SR;OK;TASK000013624439;Priority 3;NA
SEC;812;SEC;SR;OK;TASK000013624498;Priority 3;NA
SCH;LAT;SCH;SR;OK;TASK000013624592;Priority 3;NA
DBA;812;DBA;SR;OK;TASK000013624608;Priority 3;NA
SEC;WS;SEC;SR;OK;TASK000013624727;Priority 3;NA
CNC;MNT;CNC;SR;OK;TASK000013624811;Priority 3;NA
L1;ETH;CNC;SR;OK;TASK000013624866;Priority 3;NA
APS;ETH;APS;SR;OK;TASK000013624878;Priority 3;NA
L1;BWI;L1 ;SR;OK;TASK000013624927;Priority 3;NA
SEC;WS;SEC;SR;OK;TASK000013624929;Priority 3;NA
L1;BWI;L1 ;SR;OK;TASK000013624988;Priority 3;NA
APS;ETH;APS;SR;OK;TASK000013625027;Priority 3;NA
CNC;812;CNC;SR;OK;TASK000013625048;Priority 3;NA
CNC;WS;OPS;SR;Defect;TASK000013625071;Priority 3;NA
FUN;EES;FUN;SR;OK;TASK000013625149;Priority 4;NA
SEC;MNT;SEC;SR;OK;TASK000013625162;Priority 3;NA
SEC;812;SEC;SR;OK;TASK000013625191;Priority 3;NA
L1;812;MON;SR;OK;TASK000013625197;Priority 3;NA
APS;ETH;APS;SR;OK;TASK000013625318;Priority 3;NA
SEC;BWI;SEC;SR;OK;TASK000013625423;Priority 4;NA
APS;ETH;APS;SR;OK;TASK000013625443;Priority 3;NA
DBA;812;DBA;SR;OK;TASK000013625493;Priority 3;NA
DBA;812;DBA;SR;OK;TASK000013625519;Priority 3;NA
DBA;812;DBA;SR;OK;TASK000013625538;Priority 3;NA
L1;812;MON;SR;OK;TASK000013625589;Priority 3;NA
DBA;812;DBA;SR;OK;TASK000013625597;Priority 3;NA
SEC;DPY;SEC;SR;OK;TASK000013625773;Priority 3;NA
SEC;BWI;SEC;SR;OK;TASK000013625811;Priority 4;NA
L1;812;MON;SR;OK;TASK000013625960;Priority 3;NA
APS;EES;APS;SR;OK;TASK000013625978;Priority 3;NA
APS;ETH;APS;SR;OK;TASK000013626007;Priority 3;NA
SEC;MNT;SEC;SR;OK;TASK000013626084;Priority 3;NA
SEC;812;SEC;SR;OK;TASK000013626151;Priority 3;NA
SEC;MNT;SEC;SR;OK;TASK000013626163;Priority 3;NA
APS;EES;APS;SR;OK;TASK000013626256;Priority 4;NA
SEC;ETH;SEC;SR;Defect;TASK000013626283;Priority 3;NA
SEC;DPY;SEC;SR;OK;TASK000013626289;Priority 3;NA
SEC;812;SEC;SR;OK;TASK000013626302;Priority 3;NA
SEC;BWI;SEC;SR;OK;TASK000013626317;Priority 4;NA
APS;ETH;APS;SR;OK;TASK000013626320;Priority 4;NA
FUN;812;FUN;SR;Defect;TASK000013626379;Priority 3;NA
SEC;BWI;SEC;SR;OK;TASK000013626380;Priority 4;NA
SEC;WS;SEC;SR;OK;TASK000013626392;Priority 3;NA
SEC;BWI;SEC;SR;OK;TASK000013626431;Priority 4;NA
SEC;BWI;SEC;SR;OK;TASK000013626521;Priority 4;NA
SEC;CAN;SEC;SR;OK;TASK000013626604;Priority 3;NA
SEC;ETH;SEC;SR;OK;TASK000013626664;Priority 3;NA
L1;BWI;L1 ;SR;OK;TASK000013626735;Priority 3;NA
L1;BWI;L1 ;SR;OK;TASK000013626849;Priority 3;NA
SEC;812;SEC;SR;OK;TASK000013626950;Priority 3;NA
SEC;MNT;SEC;SR;OK;TASK000013627482;Priority 3;NA
CNC;DPY;CNC;SR;OK;TASK000013627552;Priority 3;NA
APS;EES;APS;SR;OK;TASK000013627656;Priority 3;NA
DBA;812;DBA;SR;OK;TASK000013628392;Priority 3;NA
SEC;WS;SEC;SR;OK;TASK000013628461;Priority 3;NA
DBA;812;DBA;SR;OK;TASK000013628491;Priority 3;NA
SEC;WS;SEC;SR;Defect;TASK000013628500;Priority 3;NA
FIN;812;FUN;SR;OK;TASK000013628679;Priority 4;NA
DBA;812;DBA;SR;OK;TASK000013628843;Priority 3;NA
L1;812;MON;SR;OK;TASK000013628868;Priority 3;NA
SEC;812;SEC;SR;OK;TASK000013628950;Priority 3;NA
APS;ETH;APS;SR;OK;TASK000013628971;Priority 3;NA
L1;BWI;L1 ;SR;OK;TASK000013629007;Priority 4;NA
DBA;812;DBA;SR;OK;TASK000013629031;Priority 3;NA
SEC;EMS;SEC;SR;OK;TASK000013629076;Priority 3;NA
DBA;812;DBA;SR;OK;TASK000013629124;Priority 3;NA
L1;812;MON;SR;OK;TASK000013629171;Priority 3;NA
SEC;BWI;SEC;SR;OK;TASK000013629251;Priority 4;NA
SCH;812;SCH;SR;OK;TASK000013629338;Priority 3;NA
SEC;WS;SEC;SR;OK;TASK000013629360;Priority 3;NA
FUN;812;FUN;SR;OK;TASK000013629429;Priority 3;NA
DBA;812;DBA;SR;OK;TASK000013629562;Priority 3;NA
L1;BWI;L1 ;SR;OK;TASK000013629745;Priority 3;NA
SEC;WS;SEC;SR;OK;TASK000013629782;Priority 3;NA
FUN;DCF;SEC;SR;Defect;TASK000013629815;Priority 3;NA
SEC;ETH;SEC;SR;OK;TASK000013629927;Priority 3;NA
SEC;ETH;SEC;SR;OK;TASK000013630014;Priority 3;NA
CNC;DPY;CNC;SR;OK;TASK000013630035;Priority 3;NA
SEC;ETH;SEC;SR;OK;TASK000013630070;Priority 3;NA
SEC;ETH;SEC;SR;OK;TASK000013630084;Priority 3;NA
SEC;812;SEC;SR;OK;TASK000013630140;Priority 3;NA
SEC;MNT;SEC;SR;OK;TASK000013630167;Priority 3;NA
FUN;812;FUN;SR;OK;TASK000013630227;Priority 3;NA
SEC;812;SEC;SR;OK;TASK000013630230;Priority 3;NA
SEC;LAT;SEC;SR;OK;TASK000013630266;Priority 3;NA
SEC;LAT;SEC;SR;OK;TASK000013630269;Priority 3;NA
SEC;DPY;SEC;SR;OK;TASK000013630505;Priority 3;NA
L1;BWI;L1 ;SR;OK;TASK000013630681;Priority 3;NA
SEC;BWI;SEC;SR;OK;TASK000013630835;Priority 4;NA
SEC;BWI;SEC;SR;OK;TASK000013630963;Priority 4;NA
SEC;BWI;SEC;SR;OK;TASK000013631134;Priority 4;NA
L1;812;MON;SR;OK;TASK000013631459;Priority 4;NA
DBA;812;DBA;SR;OK;TASK000013631851;Priority 3;NA
SEC;812;SEC;SR;OK;TASK000013631957;Priority 3;NA
FIN;DCF;FUN;SR;OK;TASK000013632006;Priority 4;NA
SEC;WS;SEC;SR;OK;TASK000013632044;Priority 3;NA
DBA;812;DBA;SR;OK;TASK000013632209;Priority 3;NA
FIN;DXE;FUN;SR;OK;TASK000013632211;Priority 3;NA
L1;812;MON;SR;OK;TASK000013632226;Priority 4;NA
OPS;WS;OPS;SR;OK;TASK000013632234;Priority 4;NA
DBA;812;DBA;SR;OK;TASK000013632278;Priority 3;NA
FUN;COR;FUN;SR;OK;TASK000013632376;Priority 3;NA
SEC;ETH;SEC;SR;OK;TASK000013632386;Priority 3;NA
DBA;812;DBA;SR;OK;TASK000013632444;Priority 3;NA
DBA;812;DBA;SR;OK;TASK000013632446;Priority 3;NA
SEC;812;SEC;SR;OK;TASK000013632464;Priority 3;NA
FUN;812;FUN;SR;OK;TASK000013632495;Priority 3;NA
CNC;DPY;CNC;SR;OK;TASK000013632520;Priority 3;NA
CNC;812;CNC;SR;OK;TASK000013632530;Priority 3;NA
SEC;812;SEC;SR;OK;TASK000013632563;Priority 3;NA
CNC;LFS;CNC;SR;OK;TASK000013632630;Priority 3;NA
APS;ETH;APS;SR;OK;TASK000013632701;Priority 3;NA
APS;ETH;APS;SR;OK;TASK000013632717;Priority 3;NA
CNC;812;CNC;SR;OK;TASK000013632745;Priority 3;NA
FUN;812;FUN;SR;OK;TASK000013632757;Priority 3;NA
SEC;DXE;SEC;SR;OK;TASK000013632787;Priority 3;NA
SEC;812;SEC;SR;OK;TASK000013632840;Priority 3;NA
SEC;812;SEC;SR;OK;TASK000013632854;Priority 3;NA
FUN;812;FUN;SR;OK;TASK000013632885;Priority 4;NA
DBA;812;DBA;SR;OK;TASK000013632938;Priority 3;NA
L1;812;MON;SR;OK;TASK000013632958;Priority 3;NA
SEC;DXE;SEC;SR;OK;TASK000013632994;Priority 3;NA
SEC;812;SEC;SR;OK;TASK000013633026;Priority 3;NA
SEC;DXE;SEC;SR;OK;TASK000013633152;Priority 3;NA
L1;BWI;L1 ;SR;OK;TASK000013633158;Priority 4;NA
SEC;WS;SEC;SR;OK;TASK000013633166;Priority 3;NA
SEC;BWI;SEC;SR;OK;TASK000013633207;Priority 4;NA
DBA;812;DBA;SR;OK;TASK000013633210;Priority 3;NA
SEC;WS;SEC;SR;Defect;TASK000013633292;Priority 3;NA
SEC;WS;SEC;SR;OK;TASK000013633305;Priority 3;NA
L1;812;MON;SR;OK;TASK000013633347;Priority 4;NA
CNC;812;CNC;SR;OK;TASK000013633447;Priority 3;NA
FUN;EES;FUN;SR;OK;TASK000013633538;Priority 3;NA
L1;812;MON;SR;OK;TASK000013633581;Priority 3;NA
LEAD;DCF;FUN;SR;OK;TASK000013633626;Priority 3;NA
SEC;812;SEC;SR;OK;TASK000013633694;Priority 3;NA
SEC;812;SEC;SR;OK;TASK000013633763;Priority 3;NA
SEC;812;SEC;SR;OK;TASK000013633774;Priority 3;NA
SEC;812;SEC;SR;OK;TASK000013633844;Priority 3;NA
SEC;DPY;SEC;SR;OK;TASK000013634052;Priority 3;NA
CNC;LAT;CNC;SR;OK;TASK000013634082;Priority 3;NA
SEC;EMS;SEC;SR;OK;TASK000013634095;Priority 3;NA
L1;812;MON;SR;OK;TASK000013634132;Priority 3;NA
CNC;EES;CNC;SR;OK;TASK000013634148;Priority 3;NA
L1;812;MON;SR;OK;TASK000013634160;Priority 3;NA
FUN;EES;FUN;SR;OK;TASK000013634247;Priority 3;NA
SEC;DXE;SEC;SR;OK;TASK000013634366;Priority 3;NA
SEC;WS;SEC;SR;Defect;TASK000013634409;Priority 3;NA
SCH;812;SCH;SR;OK;TASK000013634428;Priority 3;NA
APS;ETH;APS;SR;OK;TASK000013634452;Priority 4;NA
L1;BWI;L1 ;SR;OK;TASK000013634518;Priority 4;NA
SEC;BWI;SEC;SR;OK;TASK000013634634;Priority 4;NA
L1;BWI;L1 ;SR;OK;TASK000013634643;Priority 3;NA
L1;BWI;L1 ;SR;OK;TASK000013634675;Priority 3;NA
SEC;812;SEC;SR;OK;TASK000013634727;Priority 3;NA
L1;BWI;L1 ;SR;OK;TASK000013634734;Priority 4;NA
L1;812;MON;SR;OK;TASK000013635125;Priority 3;NA
SEC;WS;SEC;SR;OK;TASK000013635131;Priority 3;NA
L1;812;MON;SR;OK;TASK000013635262;Priority 3;NA
APS;ETH;APS;SR;OK;TASK000013635409;Priority 3;NA
APS;ETH;APS;SR;OK;TASK000013635482;Priority 3;NA
APS;ETH;APS;SR;OK;TASK000013635731;Priority 3;NA
SEC;BWI;SEC;SR;OK;TASK000013635754;Priority 4;NA
L1;812;MON;SR;OK;TASK000013635777;Priority 3;NA
L1;BWI;L1 ;SR;OK;TASK000013635967;Priority 3;NA
SEC;BWI;SEC;SR;OK;TASK000013636097;Priority 4;NA
SEC;BWI;SEC;SR;OK;TASK000013636100;Priority 4;NA
SEC;BWI;SEC;SR;OK;TASK000013636146;Priority 4;NA
L1;OCD;MON;SR;OK;TASK000013636148;Priority 3;NA
L1;OCD;MON;SR;OK;TASK000013636165;Priority 3;NA
SEC;ETH;SEC;SR;OK;TASK000013636293;Priority 3;NA
CNC;LFS;CNC;SR;OK;TASK000013636402;Priority 3;NA
FUN;COR;FUN;SR;OK;TASK000013636509;Priority 3;NA
DBA;812;DBA;SR;OK;TASK000013636546;Priority 3;NA
SEC;812;SEC;SR;OK;TASK000013636587;Priority 3;NA
L1;812;SEC;SR;Defect;TASK000013636589;Priority 3;NA
SEC;BWI;SEC;SR;OK;TASK000013636654;Priority 4;NA
SEC;BWI;SEC;SR;OK;TASK000013636693;Priority 4;NA
SEC;BWI;SEC;SR;OK;TASK000013636706;Priority 4;NA
SEC;BWI;SEC;SR;OK;TASK000013636712;Priority 4;NA
SEC;BWI;SEC;SR;OK;TASK000013636725;Priority 4;NA
SEC;812;SEC;SR;OK;TASK000013636729;Priority 3;NA
SEC;812;SEC;SR;OK;TASK000013636767;Priority 3;NA
SEC;812;SEC;SR;OK;TASK000013636790;Priority 3;NA
L1;812;MON;SR;OK;TASK000013636887;Priority 4;NA
DBA;812;DBA;SR;OK;TASK000013636948;Priority 3;NA
SEC;812;SEC;SR;OK;TASK000013636965;Priority 3;NA
DBA;812;DBA;SR;OK;TASK000013636972;Priority 3;NA
SEC;812;SEC;SR;OK;TASK000013637115;Priority 3;NA
FUN;812;FUN;SR;OK;TASK000013637218;Priority 3;NA
CNC;LFS;CNC;SR;OK;TASK000013637257;Priority 3;NA
DBA;812;DBA;SR;OK;TASK000013637343;Priority 3;NA
SEC;812;SEC;SR;OK;TASK000013637366;Priority 3;NA
SCH;LAT;SCH;SR;OK;TASK000013637418;Priority 3;NA
SEC;MNT;SEC;SR;OK;TASK000013637572;Priority 3;NA
SEC;812;SEC;SR;OK;TASK000013637576;Priority 3;NA
SEC;812;SEC;SR;OK;TASK000013637631;Priority 3;NA
SEC;812;SEC;SR;OK;TASK000013637654;Priority 3;NA
FUN;EES;FUN;SR;OK;TASK000013637721;Priority 4;NA
SEC;812;SEC;SR;OK;TASK000013637764;Priority 3;NA
FUN;DCF;SEC;SR;OK;TASK000013638005;Priority 3;NA
CNC;812;L1 ;SR;OK;TASK000013638124;Priority 3;NA
SEC;BWI;SEC;SR;OK;TASK000013638150;Priority 4;NA
SEC;812;SEC;SR;OK;TASK000013638186;Priority 3;NA
SEC;BWI;SEC;SR;OK;TASK000013638396;Priority 4;NA
APS;ETH;APS;SR;OK;TASK000013638513;Priority 3;NA
SEC;BWI;SEC;SR;OK;TASK000013638575;Priority 4;NA
SEC;BWI;SEC;SR;OK;TASK000013638609;Priority 4;NA
FUN;DCF;SEC;SR;OK;TASK000013638625;Priority 3;NA
SEC;BWI;SEC;SR;OK;TASK000013638639;Priority 4;NA
APS;ETH;APS;SR;OK;TASK000013638977;Priority 3;NA
CNC;812;CNC;SR;OK;TASK000013639077;Priority 3;NA
FUN;DCF;SEC;SR;OK;TASK000013639156;Priority 3;NA
SEC;BWI;SEC;SR;OK;TASK000013639228;Priority 4;NA
SEC;WS;SEC;SR;OK;TASK000013639234;Priority 3;NA
SEC;BWI;SEC;SR;OK;TASK000013639237;Priority 4;NA
L1;BWI;L1 ;SR;OK;TASK000013639258;Priority 3;NA
SEC;WS;SEC;SR;OK;TASK000013639260;Priority 3;NA
SEC;BWI;SEC;SR;OK;TASK000013639299;Priority 4;NA
DBA;812;DBA;SR;OK;TASK000013639308;Priority 3;NA
SEC;BWI;SEC;SR;OK;TASK000013639324;Priority 4;NA
SEC;BWI;SEC;SR;OK;TASK000013639344;Priority 4;NA
APS;ETH;APS;SR;OK;TASK000013639389;Priority 3;NA
SEC;BWI;SEC;SR;OK;TASK000013639396;Priority 4;NA
APS;ETH;APS;SR;OK;TASK000013639401;Priority 3;NA
CNC;EES;CNC;SR;OK;TASK000013639412;Priority 3;NA
SEC;WS;SEC;SR;OK;TASK000013639418;Priority 3;NA
SEC;BWI;SEC;SR;OK;TASK000013639517;Priority 4;NA
SEC;BWI;SEC;SR;OK;TASK000013639557;Priority 4;NA
CNC;ETH;CNC;SR;OK;TASK000013639615;Priority 3;NA
APS;ETH;APS;SR;OK;TASK000013639673;Priority 4;NA
SEC;ETH;SEC;SR;OK;TASK000013639784;Priority 3;NA
SEC;BWI;SEC;SR;OK;TASK000013639907;Priority 4;NA
L1;OCD;MON;SR;OK;TASK000013640221;Priority 3;NA
L1;OCD;MON;SR;OK;TASK000013640227;Priority 3;NA
SEC;BWI;SEC;SR;OK;TASK000013641965;Priority 4;NA
SEC;BWI;SEC;SR;OK;TASK000013642116;Priority 4;NA
FUN;812;FUN;SR;OK;TASK000013642464;Priority 4;NA
APS;ETH;APS;SR;OK;TASK000013642538;Priority 4;NA
L1;BWI;L1 ;SR;OK;TASK000013642845;Priority 4;NA
SEC;BWI;SEC;SR;OK;TASK000013643826;Priority 4;NA
FUN;812;FUN;SR;OK;TASK000013644064;Priority 4;NA
L1;BWI;L1 ;SR;OK;TASK000013644127;Priority 4;NA
L1;BWI;L1 ;SR;OK;TASK000013644383;Priority 4;NA
APS;ETH;APS;SR;OK;TASK000013645284;Priority 4;NA
L1;BWI;L1 ;SR;OK;TASK000013646171;Priority 4;NA
SEC;BWI;SEC;SR;OK;TASK000013646505;Priority 4;NA
SEC;BWI;SEC;SR;OK;TASK000013646525;Priority 4;NA
APS;ETH;APS;SR;OK;TASK000013646959;Priority 4;NA
FUN;812;FUN;SR;Defect;TASK000013647141;Priority 4;NA
SEC;BWI;SEC;SR;OK;TASK000013647414;Priority 4;NA
L1;BWI;L1 ;SR;OK;TASK000013647546;Priority 4;NA
SEC;BWI;SEC;SR;OK;TASK000013647646;Priority 4;NA
L1;BWI;L1 ;SR;OK;TASK000013647657;Priority 4;NA
L1;812;MON;SR;OK;TASK000013647793;Priority 4;NA
FIN;DXE;FUN;SR;OK;TASK000013650241;Priority 4;NA
APS;EES;APS;SR;OK;TASK000013650939;Priority 4;NA
FUN;EES;FUN;SR;OK;TASK000013651524;Priority 4;NA
FUN;ETH;FUN;SR;OK;TASK000013651537;Priority 4;NA
SEC;BWI;SEC;SR;OK;TASK000013651581;Priority 4;NA
APS;EES;APS;SR;OK;TASK000013651584;Priority 4;NA
FUN;EES;FUN;SR;OK;TASK000013651687;Priority 4;NA
SEC;BWI;SEC;SR;OK;TASK000013652156;Priority 4;NA
L1;BWI;L1 ;SR;OK;TASK000013652380;Priority 4;NA
SEC;BWI;SEC;SR;OK;TASK000013652860;Priority 4;NA
SEC;BWI;SEC;SR;OK;TASK000013652861;Priority 4;NA
SEC;BWI;SEC;SR;OK;TASK000013655033;Priority 4;NA
L1;812;MON;SR;OK;TASK000013655078;Priority 4;NA
FUN;812;FUN;SR;OK;TASK000013655140;Priority 4;NA
SEC;BWI;SEC;SR;OK;TASK000013655296;Priority 4;NA
FUN;EES;FUN;SR;OK;TASK000013655663;Priority 4;NA
SEC;BWI;SEC;SR;OK;TASK000013655761;Priority 4;NA
SEC;BWI;SEC;SR;OK;TASK000013655790;Priority 4;NA
SEC;BWI;SEC;SR;OK;TASK000013656587;Priority 4;NA
APS;EES;APS;SR;OK;TASK000013656895;Priority 4;NA
SEC;BWI;SEC;SR;OK;TASK000013656908;Priority 4;NA
SEC;BWI;SEC;SR;OK;TASK000013656927;Priority 4;NA
SEC;BWI;SEC;SR;OK;TASK000013657605;Priority 4;NA
L1;812;MON;SR;OK;TASK000013658394;Priority 4;NA
FUN;812;FUN;SR;OK;TASK000013659178;Priority 4;NA
SEC;BWI;SEC;SR;OK;TASK000013660631;Priority 4;NA
L1;BWI;L1 ;SR;OK;TASK000013660696;Priority 4;NA
SEC;BWI;SEC;SR;OK;TASK000013660699;Priority 4;NA
L1;BWI;L1 ;SR;OK;TASK000013660705;Priority 4;NA
FUN;MNT;FUN;SR;OK;TASK000013660921;Priority 4;NA
SEC;BWI;SEC;SR;OK;TASK000013661642;Priority 4;NA
L1;BWI;L1 ;SR;OK;TASK000013661726;Priority 4;NA
FUN;ETH;FUN;SR;OK;TASK000013661828;Priority 4;NA
L1;812;MON;SR;OK;TASK000013661923;Priority 4;NA
SEC;BWI;SEC;SR;OK;TASK000013662347;Priority 4;NA
L1;812;MON;SR;OK;TASK000013662444;Priority 3;NA
L1;812;MON;SR;OK;TASK000013662452;Priority 3;NA
L1;812;MON;SR;OK;TASK000013662457;Priority 3;NA
L1;MNT;MON;SR;OK;TASK000013662614;Priority 3;NA
SEC;SYN;SEC;SR;OK;TASK000013662756;Priority 3;NA
FUN;DCF;SEC;SR;Defect;TASK000013662765;Priority 3;NA
SEC;SYN;SEC;SR;OK;TASK000013662834;Priority 3;NA
SEC;EDS;SEC;SR;OK;TASK000013662843;Priority 3;NA
SEC;DXE;SEC;SR;OK;TASK000013663076;Priority 3;NA
DBA;812;DBA;SR;OK;TASK000013663142;Priority 3;NA
SCH;812;SCH;SR;OK;TASK000013663364;Priority 3;NA
CNC;812;CNC;SR;OK;TASK000013663401;Priority 3;NA
DBA;812;DBA;SR;Defect;TASK000013663402;Priority 3;NA
FUN;812;FUN;SR;OK;TASK000013663442;Priority 4;NA
SEC;EMS;SEC;SR;OK;TASK000013663463;Priority 3;NA
SEC;812;SEC;SR;OK;TASK000013663483;Priority 3;NA
SCH;LAT;SCH;SR;OK;TASK000013663717;Priority 3;NA
CNC;812;CNC;SR;OK;TASK000013663785;Priority 3;NA
SEC;812;SEC;SR;OK;TASK000013663890;Priority 3;NA
SEC;812;SEC;SR;OK;TASK000013663914;Priority 3;NA
OPS;EMS;OPS;SR;OK;TASK000013664055;Priority 4;NA
SEC;812;SEC;SR;OK;TASK000013664281;Priority 3;NA
FUN;EES;FUN;SR;OK;TASK000013664307;Priority 3;NA
SEC;SYN;SEC;SR;OK;TASK000013664592;Priority 3;NA
SEC;WS;SEC;SR;OK;TASK000013664681;Priority 3;NA
SEC;LAT;SEC;SR;OK;TASK000013664693;Priority 4;NA
CNC;812;CNC;SR;OK;TASK000013664710;Priority 3;NA
FUN;812;FUN;SR;OK;TASK000013664801;Priority 3;NA
SEC;SYN;SEC;SR;OK;TASK000013664877;Priority 3;NA
SEC;812;SEC;SR;OK;TASK000013664984;Priority 3;NA
CNC;812;CNC;SR;OK;TASK000013665088;Priority 3;NA
CNC;DCF;CNC;SR;OK;TASK000013665203;Priority 3;NA
CNC;DCF;CNC;SR;OK;TASK000013665240;Priority 3;NA
FUN;DCF;SEC;SR;OK;TASK000013665280;Priority 3;NA
SEC;MNT;SEC;SR;OK;TASK000013665314;Priority 3;NA
CNC;ETH;CNC;SR;OK;TASK000013665324;Priority 3;NA
SEC;LAT;SEC;SR;OK;TASK000013665449;Priority 3;NA
APS;ETH;APS;SR;OK;TASK000013665451;Priority 4;NA
DBA;812;DBA;SR;OK;TASK000013665543;Priority 3;NA
FUN;EES;FUN;SR;OK;TASK000013665815;Priority 4;NA
CNC;ETH;CNC;SR;OK;TASK000013665898;Priority 3;NA
L1;BWI;L1 ;SR;OK;TASK000013665965;Priority 4;NA
L1;BWI;L1 ;SR;OK;TASK000013666066;Priority 4;NA
SEC;MNT;SEC;SR;OK;TASK000013666085;Priority 3;NA
APS;ETH;APS;SR;OK;TASK000013666114;Priority 4;NA
SEC;BWI;SEC;SR;OK;TASK000013666203;Priority 4;NA
SEC;812;SEC;SR;OK;TASK000013666655;Priority 3;NA
FUN;COR;FUN;SR;OK;TASK000013666662;Priority 3;NA
L1;812;MON;SR;OK;TASK000013666680;Priority 4;NA
FUN;812;FUN;SR;OK;TASK000013666739;Priority 4;NA
L1;812;MON;SR;OK;TASK000013666795;Priority 4;NA
SEC;812;SEC;SR;OK;TASK000013666824;Priority 3;NA
SEC;812;SEC;SR;OK;TASK000013667134;Priority 3;NA
SEC;812;SEC;SR;OK;TASK000013667232;Priority 3;NA
SEC;812;SEC;SR;OK;TASK000013667252;Priority 3;NA
SEC;812;SEC;SR;OK;TASK000013667306;Priority 3;NA
FUN;DCF;FUN;SR;OK;TASK000013667358;Priority 3;NA
SEC;812;SEC;SR;OK;TASK000013667365;Priority 3;NA
APS;ETH;APS;SR;OK;TASK000013667371;Priority 3;NA
SEC;EMS;SEC;SR;OK;TASK000013667408;Priority 3;NA
DBA;812;DBA;SR;OK;TASK000013667419;Priority 3;NA
SEC;812;SEC;SR;OK;TASK000013667434;Priority 3;NA
APS;ETH;APS;SR;OK;TASK000013667477;Priority 3;NA
APS;ETH;APS;SR;OK;TASK000013667483;Priority 3;NA
APS;ETH;APS;SR;OK;TASK000013667569;Priority 4;NA
FUN;812;FUN;SR;OK;TASK000013667585;Priority 4;NA
FUN;ETH;FUN;SR;OK;TASK000013667645;Priority 4;NA
SEC;812;SEC;SR;OK;TASK000013667666;Priority 3;NA
SEC;BWI;SEC;SR;OK;TASK000013667667;Priority 3;NA
L1;812;MON;SR;OK;TASK000013667693;Priority 3;NA
SEC;MNT;SEC;SR;OK;TASK000013667733;Priority 3;NA
FUN;812;FUN;SR;OK;TASK000013667752;Priority 4;NA
DBA;812;DBA;SR;OK;TASK000013668038;Priority 3;NA
SEC;812;SEC;SR;OK;TASK000013668122;Priority 3;NA
SEC;812;SEC;SR;OK;TASK000013668288;Priority 3;NA
CNC;DPY;CNC;SR;OK;TASK000013668469;Priority 3;NA
SEC;BWI;SEC;SR;OK;TASK000013668726;Priority 4;NA
APS;DCF;APS;SR;OK;TASK000013668746;Priority 3;NA
SEC;812;SEC;SR;OK;TASK000013668808;Priority 3;NA
SEC;ETH;SEC;SR;OK;TASK000013668884;Priority 3;NA
CNC;812;CNC;SR;OK;TASK000013668961;Priority 3;NA
CNC;812;CNC;SR;OK;TASK000013668962;Priority 3;NA
CNC;EES;CNC;SR;OK;TASK000013669069;Priority 3;NA
SEC;MNT;SEC;SR;OK;TASK000013669100;Priority 3;NA
SEC;ETH;SEC;SR;Defect;TASK000013669419;Priority 3;NA
APS;EES;APS;SR;OK;TASK000013669476;Priority 4;NA
L1;BWI;CNC;SR;OK;TASK000013669529;Priority 3;NA
SCH;812;SCH;SR;OK;TASK000013669530;Priority 3;NA
SEC;ETH;SEC;SR;OK;TASK000013669550;Priority 3;NA
FUN;ETH;FUN;SR;OK;TASK000013669564;Priority 3;NA
APS;ETH;APS;SR;OK;TASK000013669576;Priority 3;NA
SEC;CAN;SEC;SR;OK;TASK000013669587;Priority 3;NA
L1;BWI;CNC;SR;OK;TASK000013669662;Priority 3;NA
SEC;ETH;SEC;SR;OK;TASK000013669669;Priority 3;NA
SEC;ETH;SEC;SR;OK;TASK000013669670;Priority 3;NA
SEC;ETH;SEC;SR;OK;TASK000013669673;Priority 3;NA
SEC;MNT;SEC;SR;OK;TASK000013669799;Priority 3;NA
SEC;DXE;SEC;SR;OK;TASK000013669997;Priority 3;NA
FUN;DCF;SEC;SR;OK;TASK000013670118;Priority 3;NA
L1;BWI;L1 ;SR;OK;TASK000013670136;Priority 3;NA
OPS;EMS;OPS;SR;OK;TASK000013670920;Priority 3;NA
L1;812;MON;SR;OK;TASK000013670934;Priority 3;NA
L1;812;MON;SR;OK;TASK000013671293;Priority 3;NA
FUN;812;FUN;SR;OK;TASK000013671359;Priority 4;NA
SEC;812;SEC;SR;OK;TASK000013671415;Priority 3;NA
SEC;812;SEC;SR;OK;TASK000013671460;Priority 3;NA
SEC;MNT;SEC;SR;OK;TASK000013671493;Priority 3;NA
L1;812;MON;SR;OK;TASK000013671497;Priority 3;NA
SEC;812;SEC;SR;OK;TASK000013671736;Priority 3;NA
L1;812;MON;SR;OK;TASK000013671777;Priority 3;NA
SEC;EMS;SEC;SR;OK;TASK000013671850;Priority 3;NA
SEC;812;SEC;SR;OK;TASK000013671892;Priority 3;NA
SEC;812;SEC;SR;OK;TASK000013671894;Priority 3;NA
SEC;WS;SEC;SR;OK;TASK000013672045;Priority 3;NA
DBA;812;DBA;SR;OK;TASK000013672090;Priority 3;NA
SEC;ETH;SEC;SR;OK;TASK000013672114;Priority 3;NA
SCH;LAT;SCH;SR;OK;TASK000013672216;Priority 3;NA
0;LAT;SEC;SR;OK;TASK000013672264;Priority 3;NA
SCH;812;SCH;SR;OK;TASK000013672382;Priority 3;NA
SEC;ETH;SEC;SR;OK;TASK000013672397;Priority 3;NA
SCH;LAT;SCH;SR;OK;TASK000013672475;Priority 3;NA
L1;812;MON;SR;OK;TASK000013672715;Priority 4;NA
FUN;DCF;SEC;SR;Defect;TASK000013672726;Priority 3;NA
APS;ETH;APS;SR;OK;TASK000013672797;Priority 3;NA
SEC;SYN;SEC;SR;OK;TASK000013672798;Priority 3;NA
SEC;812;SEC;SR;OK;TASK000013672828;Priority 3;NA
SEC;DXE;SEC;SR;OK;TASK000013672841;Priority 3;NA
SEC;SYN;SEC;SR;Defect;TASK000013672850;Priority 3;NA
APS;ETH;APS;SR;OK;TASK000013672856;Priority 3;NA
SEC;812;SEC;SR;OK;TASK000013672881;Priority 3;NA
SEC;SYN;SEC;SR;OK;TASK000013672908;Priority 3;NA
SEC;SYN;SEC;SR;OK;TASK000013672924;Priority 3;NA
SEC;812;SEC;SR;OK;TASK000013672933;Priority 3;NA
APS;ETH;APS;SR;OK;TASK000013672981;Priority 3;NA
DBA;812;DBA;SR;OK;TASK000013673023;Priority 3;NA
SEC;LAT;SEC;SR;OK;TASK000013673024;Priority 3;NA
SCH;812;SCH;SR;OK;TASK000013673034;Priority 3;NA
FUN;COR;FUN;SR;OK;TASK000013673072;Priority 4;NA
CNC;812;CNC;SR;OK;TASK000013673109;Priority 3;NA
SEC;812;SEC;SR;OK;TASK000013673160;Priority 3;NA
APS;EES;APS;SR;OK;TASK000013673292;Priority 4;NA
SEC;812;SEC;SR;OK;TASK000013673432;Priority 3;NA
SEC;ETH;SEC;SR;OK;TASK000013673674;Priority 3;NA
SEC;ETH;SEC;SR;OK;TASK000013673695;Priority 3;NA
L1;BWI;L1 ;SR;OK;TASK000013673730;Priority 3;NA
SEC;DPY;SEC;SR;OK;TASK000013673805;Priority 3;NA
SEC;DPY;SEC;SR;OK;TASK000013673816;Priority 3;NA
SEC;ETH;SEC;SR;OK;TASK000013673818;Priority 3;NA
SEC;DPY;SEC;SR;OK;TASK000013673821;Priority 3;NA
SEC;ETH;SEC;SR;OK;TASK000013673824;Priority 3;NA
SEC;ETH;SEC;SR;OK;TASK000013673832;Priority 3;NA
FUN;812;FUN;SR;OK;TASK000013673839;Priority 3;NA
SCH;812;SCH;SR;OK;TASK000013673891;Priority 3;NA
SEC;ETH;SEC;SR;OK;TASK000013673920;Priority 3;NA
SEC;ETH;SEC;SR;OK;TASK000013674002;Priority 3;NA
SEC;ETH;SEC;SR;OK;TASK000013674045;Priority 3;NA
SEC;ETH;SEC;SR;OK;TASK000013674080;Priority 3;NA
SEC;MNT;SEC;SR;OK;TASK000013674131;Priority 3;NA
SEC;ETH;SEC;SR;OK;TASK000013674143;Priority 3;NA
SEC;SYN;SEC;SR;OK;TASK000013674206;Priority 3;NA
SEC;SYN;SEC;SR;OK;TASK000013674225;Priority 3;NA
SEC;SYN;SEC;SR;OK;TASK000013674246;Priority 3;NA
L1;BWI;L1 ;SR;OK;TASK000013674258;Priority 3;NA
CNC;ETH;CNC;SR;OK;TASK000013674356;Priority 3;NA
FUN;DCF;SEC;SR;OK;TASK000013674501;Priority 3;NA
L1;BWI;L1 ;SR;OK;TASK000013674549;Priority 4;NA
FUN;DCF;SEC;SR;OK;TASK000013674602;Priority 3;NA
SEC;MNT;SEC;SR;OK;TASK000013674633;Priority 3;NA
L1;BWI;L1 ;SR;OK;TASK000013674671;Priority 3;NA
L1;BWI;L1 ;SR;OK;TASK000013674676;Priority 4;NA
L1;BWI;L1 ;SR;OK;TASK000013674692;Priority 4;NA
L1;BWI;L1 ;SR;OK;TASK000013674700;Priority 4;NA
L1;BWI;L1 ;SR;OK;TASK000013674727;Priority 3;NA
L1;BWI;L1 ;SR;OK;TASK000013674737;Priority 3;NA
L1;BWI;L1 ;SR;OK;TASK000013674740;Priority 4;NA
L1;BWI;L1 ;SR;OK;TASK000013674751;Priority 3;NA
SEC;ETH;SEC;SR;OK;TASK000013675221;Priority 3;NA
L1;812;MON;SR;OK;TASK000013675447;Priority 3;NA
L1;BWI;L1 ;SR;OK;TASK000013675455;Priority 3;NA
L1;812;MON;SR;OK;TASK000013675498;Priority 3;NA
SEC;ETH;SEC;SR;OK;TASK000013675979;Priority 3;NA
SEC;EDS;SEC;SR;OK;TASK000013676007;Priority 3;NA
SEC;812;SEC;SR;OK;TASK000013676336;Priority 3;NA
FUN;DCF;FUN;SR;OK;TASK000013676590;Priority 3;NA
L1;812;MON;SR;OK;TASK000013676672;Priority 4;NA
SCH;812;SCH;SR;OK;TASK000013676693;Priority 3;NA
SEC;812;SEC;SR;OK;TASK000013676747;Priority 3;NA
L1;812;MON;SR;OK;TASK000013676779;Priority 4;NA
FIN;812;INS;SR;OK;TASK000013676847;Priority 4;NA
SEC;812;SEC;SR;OK;TASK000013676878;Priority 3;NA
SEC;812;SEC;SR;OK;TASK000013676898;Priority 3;NA
FUN;812;FUN;SR;OK;TASK000013677174;Priority 4;NA
SEC;812;SEC;SR;OK;TASK000013677267;Priority 3;NA
SEC;SYN;SEC;SR;OK;TASK000013677331;Priority 3;NA
SEC;SYN;SEC;SR;OK;TASK000013677416;Priority 3;NA
APS;ETH;APS;SR;OK;TASK000013677423;Priority 3;NA
SEC;SYN;SEC;SR;OK;TASK000013677439;Priority 3;NA
SEC;SYN;SEC;SR;OK;TASK000013677448;Priority 3;NA
SEC;812;SEC;SR;OK;TASK000013677456;Priority 3;NA
FUN;812;FUN;SR;OK;TASK000013677493;Priority 3;NA
SEC;812;SEC;SR;OK;TASK000013677599;Priority 3;NA
DBA;812;DBA;SR;OK;TASK000013677684;Priority 3;NA
L1;BWI;L1 ;SR;OK;TASK000013677689;Priority 3;NA
FUN;DXE;FUN;SR;OK;TASK000013677736;Priority 4;NA
FUN;DXE;FUN;SR;OK;TASK000013677774;Priority 3;NA
FUN;DXE;FUN;SR;OK;TASK000013677827;Priority 3;NA
SEC;MNT;SEC;SR;OK;TASK000013677858;Priority 3;NA
SEC;812;SEC;SR;OK;TASK000013677867;Priority 3;NA
SEC;BWI;SEC;SR;OK;TASK000013677971;Priority 4;NA
SEC;DXE;SEC;SR;OK;TASK000013678051;Priority 3;NA
DBA;812;DBA;SR;OK;TASK000013678062;Priority 3;NA
L1;812;MON;SR;OK;TASK000013678066;Priority 3;NA
DBA;812;DBA;SR;OK;TASK000013678077;Priority 3;NA
CNC;BWI;CNC;SR;OK;TASK000013678193;Priority 3;NA
DBA;812;DBA;SR;OK;TASK000013678286;Priority 3;NA
SEC;MNT;SEC;SR;OK;TASK000013678424;Priority 3;NA
CNC;EES;CNC;SR;OK;TASK000013678589;Priority 3;NA
SCH;LAT;SCH;SR;OK;TASK000013678692;Priority 3;NA
SEC;SYN;SEC;SR;OK;TASK000013678931;Priority 3;NA
SEC;SYN;SEC;SR;OK;TASK000013678946;Priority 3;NA
SEC;SYN;SEC;SR;OK;TASK000013678948;Priority 3;NA
SEC;ETH;SEC;SR;OK;TASK000013679153;Priority 3;NA
SEC;ETH;SEC;SR;OK;TASK000013679158;Priority 3;NA
0;ETH;FUN;SR;OK;TASK000013679213;Priority 4;NA
SEC;DCF;SEC;SR;OK;TASK000013679375;Priority 3;NA
SEC;BWI;SEC;SR;OK;TASK000013679402;Priority 4;NA
SEC;SYN;SEC;SR;OK;TASK000013679423;Priority 3;NA
SEC;BWI;SEC;SR;OK;TASK000013679462;Priority 4;NA
SEC;MNT;SEC;SR;OK;TASK000013679485;Priority 3;NA
L1;BWI;L1 ;SR;OK;TASK000013679714;Priority 3;NA
SEC;BWI;SEC;SR;OK;TASK000013679786;Priority 4;NA
SEC;BWI;SEC;SR;OK;TASK000013679787;Priority 4;NA
SEC;SYN;SEC;SR;OK;TASK000013679840;Priority 3;NA
L1;BWI;L1 ;SR;OK;TASK000013680045;Priority 3;NA
L1;812;MON;SR;OK;TASK000013680560;Priority 3;NA
FIN;812;FUN;SR;OK;TASK000013680594;Priority 4;NA
CNC;812;CNC;SR;OK;TASK000013680715;Priority 3;NA
SEC;812;SEC;SR;OK;TASK000013680716;Priority 3;NA
FUN;812;FUN;SR;OK;TASK000013680736;Priority 3;NA
DBA;812;DBA;SR;OK;TASK000013680741;Priority 3;NA
APS;ETH;APS;SR;OK;TASK000013680866;Priority 3;NA
FIN;812;FUN;SR;OK;TASK000013680891;Priority 3;NA
OPS;EMS;OPS;SR;OK;TASK000013681076;Priority 4;NA
SEC;812;SEC;SR;OK;TASK000013681104;Priority 3;NA
FUN;812;FUN;SR;OK;TASK000013681197;Priority 3;NA
CNC;812;CNC;SR;OK;TASK000013681249;Priority 3;NA
L1;812;MON;SR;OK;TASK000013681312;Priority 3;NA
DBA;812;DBA;SR;OK;TASK000013681338;Priority 3;NA
SEC;DXE;SEC;SR;OK;TASK000013681556;Priority 3;NA
FUN;812;FUN;SR;OK;TASK000013681660;Priority 4;NA
SEC;SYN;SEC;SR;OK;TASK000013681828;Priority 3;NA
FUN;COR;FUN;SR;OK;TASK000013681836;Priority 3;NA
SEC;MNT;SEC;SR;OK;TASK000013681898;Priority 3;NA
SEC;812;SEC;SR;OK;TASK000013681935;Priority 3;NA
L1;BWI;L1 ;SR;Defect;TASK000013681982;Priority 3;NA
SEC;BWI;SEC;SR;OK;TASK000013682004;Priority 4;NA
CNC;812;CNC;SR;OK;TASK000013682064;Priority 3;NA
DBA;812;DBA;SR;OK;TASK000013682087;Priority 3;NA
FIN;812;FUN;SR;OK;TASK000013682185;Priority 3;NA
FUN;812;FUN;SR;OK;TASK000013682284;Priority 3;NA
L1;812;MON;SR;OK;TASK000013682334;Priority 4;NA
CNC;812;CNC;SR;OK;TASK000013682364;Priority 3;NA
SEC;SYN;SEC;SR;OK;TASK000013682374;Priority 3;NA
SEC;812;SEC;SR;OK;TASK000013682398;Priority 3;NA
FUN;ETH;FUN;SR;OK;TASK000013682403;Priority 3;NA
SEC;812;SEC;SR;OK;TASK000013682422;Priority 3;NA
SEC;812;SEC;SR;OK;TASK000013682444;Priority 3;NA
SEC;DXE;SEC;SR;OK;TASK000013682493;Priority 3;NA
FUN;DCF;SEC;SR;OK;TASK000013682531;Priority 3;NA
L1;BWI;L1 ;SR;OK;TASK000013682679;Priority 3;NA
SEC;EDS;SEC;SR;OK;TASK000013682712;Priority 3;NA
APS;ETH;APS;SR;OK;TASK000013682790;Priority 3;NA
SEC;BWI;SEC;SR;OK;TASK000013682796;Priority 4;NA
FUN;DCF;SEC;SR;OK;TASK000013682811;Priority 3;NA
SEC;ETH;SEC;SR;OK;TASK000013682882;Priority 3;NA
APS;ETH;APS;SR;OK;TASK000013682920;Priority 3;NA
APS;ETH;APS;SR;OK;TASK000013683055;Priority 3;NA
CNC;BWI;CNC;SR;OK;TASK000013683122;Priority 3;NA
CNC;BWI;CNC;SR;OK;TASK000013683161;Priority 3;NA
APS;ETH;APS;SR;OK;TASK000013683175;Priority 3;NA
APS;ETH;APS;SR;OK;TASK000013683186;Priority 3;NA
APS;ETH;APS;SR;OK;TASK000013683213;Priority 3;NA
SEC;ETH;SEC;SR;OK;TASK000013683235;Priority 3;NA
FUN;DCF;SEC;SR;Defect;TASK000013683277;Priority 3;NA
SEC;SYN;SEC;SR;OK;TASK000013683364;Priority 3;NA
APS;ETH;APS;SR;OK;TASK000013683441;Priority 3;NA
SEC;ETH;SEC;SR;OK;TASK000013683456;Priority 3;NA
SEC;ETH;SEC;SR;OK;TASK000013683497;Priority 3;NA
FUN;EES;FUN;SR;OK;TASK000013683591;Priority 4;NA
CNC;DCF;CNC;SR;OK;TASK000013683663;Priority 3;NA
L1;BWI;L1 ;SR;OK;TASK000013683690;Priority 3;NA
APS;ETH;APS;SR;OK;TASK000013683831;Priority 4;NA
SEC;SYN;SEC;SR;OK;TASK000013683891;Priority 3;NA
SEC;SYN;SEC;SR;Defect;TASK000013683897;Priority 3;NA
SEC;DPY;SEC;SR;OK;TASK000013683898;Priority 3;NA
SEC;DPY;SEC;SR;OK;TASK000013683903;Priority 3;NA
SEC;SYN;SEC;SR;Defect;TASK000013683904;Priority 3;NA
SEC;ETH;SEC;SR;OK;TASK000013684113;Priority 3;NA
CNC;EES;CNC;SR;OK;TASK000013684160;Priority 3;NA
SEC;MNT;SEC;SR;OK;TASK000013684238;Priority 3;NA
L1;BWI;L1 ;SR;OK;TASK000013684451;Priority 4;NA
FUN;DCF;SEC;SR;OK;TASK000013684469;Priority 3;NA
L1;BWI;L1 ;SR;OK;TASK000013684559;Priority 3;NA
L1;BWI;L1 ;SR;OK;TASK000013684578;Priority 3;NA
L1;BWI;L1 ;SR;OK;TASK000013684583;Priority 3;NA
L1;BWI;L1 ;SR;OK;TASK000013684586;Priority 3;NA
L1;BWI;L1 ;SR;OK;TASK000013684596;Priority 3;NA
L1;BWI;L1 ;SR;OK;TASK000013684608;Priority 3;NA
L1;BWI;L1 ;SR;OK;TASK000013684895;Priority 3;NA
SEC;812;SEC;SR;OK;TASK000013685372;Priority 3;NA
FUN;DCF;FUN;SR;OK;TASK000013685485;Priority 3;NA
SEC;812;SEC;SR;OK;TASK000013685636;Priority 3;NA
SEC;812;SEC;SR;OK;TASK000013685699;Priority 3;NA
SEC;EMS;SEC;SR;OK;TASK000013685739;Priority 3;NA
DBA;812;DBA;SR;OK;TASK000013685857;Priority 3;NA
CNC;812;CNC;SR;OK;TASK000013686008;Priority 3;NA
SEC;BWI;SEC;SR;OK;TASK000013686090;Priority 4;NA
SEC;812;SEC;SR;OK;TASK000013686166;Priority 3;NA
FUN;812;FUN;SR;OK;TASK000013686304;Priority 4;NA
SEC;DXE;SEC;SR;OK;TASK000013686389;Priority 4;NA
SEC;812;SEC;SR;OK;TASK000013686521;Priority 3;NA
SEC;812;SEC;SR;OK;TASK000013686698;Priority 3;NA
SEC;812;SEC;SR;OK;TASK000013686785;Priority 3;NA
CNC;BWI;CNC;SR;OK;TASK000013686820;Priority 3;NA
SEC;SYN;SEC;SR;OK;TASK000013686878;Priority 3;NA
0;SYN;SEC;SR;OK;TASK000013687080;Priority 3;NA
DBA;812;DBA;SR;OK;TASK000013687143;Priority 3;NA
SEC;812;SEC;SR;OK;TASK000013687153;Priority 3;NA
0;SYN;SEC;SR;OK;TASK000013687176;Priority 3;NA
APS;ETH;APS;SR;OK;TASK000013687213;Priority 3;NA
SEC;812;SEC;SR;OK;TASK000013687214;Priority 3;NA
FUN;812;FUN;SR;OK;TASK000013687390;Priority 3;NA
DBA;812;DBA;SR;OK;TASK000013687476;Priority 3;NA
SEC;812;SEC;SR;OK;TASK000013687480;Priority 3;NA
CNC;LAT;CNC;SR;OK;TASK000013687482;Priority 3;NA
CNC;812;CNC;SR;OK;TASK000013687547;Priority 3;NA
SEC;812;SEC;SR;OK;TASK000013687665;Priority 3;NA
SEC;MNT;SEC;SR;OK;TASK000013687745;Priority 3;NA
SEC;812;SEC;SR;OK;TASK000013687780;Priority 3;NA
SEC;ETH;SEC;SR;OK;TASK000013687783;Priority 3;NA
DBA;812;DBA;SR;OK;TASK000013687842;Priority 3;NA
SEC;812;SEC;SR;OK;TASK000013687975;Priority 3;NA
DBA;812;DBA;SR;OK;TASK000013687987;Priority 3;NA
SEC;812;SEC;SR;OK;TASK000013688004;Priority 3;NA
SEC;BWI;SEC;SR;OK;TASK000013688029;Priority 4;NA
CNC;BWI;CNC;SR;OK;TASK000013688061;Priority 3;NA
CNC;812;CNC;SR;OK;TASK000013688097;Priority 3;NA
FUN;812;FUN;SR;OK;TASK000013688107;Priority 3;NA
CNC;EES;CNC;SR;OK;TASK000013688235;Priority 3;NA
L1;BWI;L1 ;SR;OK;TASK000013688353;Priority 3;NA
SEC;SYN;SEC;SR;OK;TASK000013688424;Priority 3;NA
SEC;SYN;SEC;SR;Defect;TASK000013688431;Priority 3;NA
SEC;SYN;SEC;SR;Defect;TASK000013688441;Priority 3;NA
SEC;SYN;SEC;SR;Defect;TASK000013688447;Priority 3;NA
APS;ETH;APS;SR;OK;TASK000013688478;Priority 3;NA
APS;ETH;APS;SR;OK;TASK000013688484;Priority 3;NA
APS;ETH;APS;SR;OK;TASK000013688487;Priority 3;NA
L1;812;MON;SR;OK;TASK000013688494;Priority 3;NA
SEC;ETH;SEC;SR;OK;TASK000013688628;Priority 3;NA
0;SYN;SEC;SR;OK;TASK000013688644;Priority 3;NA
0;SYN;SEC;SR;OK;TASK000013688670;Priority 3;NA
SEC;MNT;SEC;SR;OK;TASK000013688778;Priority 3;NA
SEC;BWI;SEC;SR;OK;TASK000013688787;Priority 4;NA
CNC;DPY;CNC;SR;OK;TASK000013688999;Priority 3;NA
SEC;BWI;SEC;SR;OK;TASK000013689013;Priority 4;NA
SEC;LAT;SEC;SR;OK;TASK000013689090;Priority 3;NA
CNC;BWI;CNC;SR;OK;TASK000013689104;Priority 3;NA
L1;BWI;L1 ;SR;OK;TASK000013689670;Priority 4;NA
SEC;BWI;SEC;SR;OK;TASK000013689797;Priority 4;NA
SEC;BWI;SEC;SR;OK;TASK000013689800;Priority 4;NA
SEC;LAT;SEC;SR;OK;TASK000013690110;Priority 3;NA
DBA;812;DBA;SR;OK;TASK000013690286;Priority 3;NA
DBA;812;DBA;SR;OK;TASK000013690333;Priority 3;NA
FUN;812;FUN;SR;OK;TASK000013690574;Priority 3;NA
SEC;812;SEC;SR;OK;TASK000013690761;Priority 3;NA
SCH;812;SCH;SR;OK;TASK000013690764;Priority 3;NA
SEC;812;SEC;SR;OK;TASK000013690808;Priority 3;NA
SEC;EMS;SEC;SR;OK;TASK000013690832;Priority 3;NA
SEC;812;SEC;SR;OK;TASK000013690851;Priority 3;NA
SEC;812;SEC;SR;OK;TASK000013690895;Priority 3;NA
SEC;WS;SEC;SR;OK;TASK000013690900;Priority 3;NA
SEC;EMS;SEC;SR;OK;TASK000013690909;Priority 3;NA
SEC;DXE;SEC;SR;OK;TASK000013690925;Priority 3;NA
SEC;812;SEC;SR;OK;TASK000013690936;Priority 3;NA
CNC;812;CNC;SR;OK;TASK000013691024;Priority 3;NA
APS;ETH;APS;SR;OK;TASK000013691230;Priority 3;NA
SEC;812;SEC;SR;OK;TASK000013691315;Priority 3;NA
SEC;812;SEC;SR;OK;TASK000013691377;Priority 3;NA
0;SYN;SEC;SR;OK;TASK000013691396;Priority 3;NA
0;SYN;SEC;SR;OK;TASK000013691427;Priority 3;NA
L1;BWI;L1 ;SR;OK;TASK000013691579;Priority 3;NA
SEC;BWI;SEC;SR;OK;TASK000013691668;Priority 4;NA
SEC;812;SEC;SR;OK;TASK000013691727;Priority 3;NA
L1;BWI;L1 ;SR;OK;TASK000013691936;Priority 3;NA
L1;BWI;L1 ;SR;OK;TASK000013691937;Priority 3;NA
FUN;812;FUN;SR;OK;TASK000013692094;Priority 4;NA
APS;ETH;APS;SR;OK;TASK000013692133;Priority 3;NA
L1;MNT;MON;SR;OK;TASK000013692139;Priority 3;NA
CNC;812;CNC;SR;OK;TASK000013692261;Priority 3;NA
L1;BWI;L1 ;SR;OK;TASK000013692312;Priority 3;NA
SEC;ETH;SEC;SR;OK;TASK000013692331;Priority 3;NA
CNC;DCF;CNC;SR;Defect;TASK000013692420;Priority 3;NA
FIN;DCF;FUN;SR;OK;TASK000013692565;Priority 3;NA
SEC;MNT;SEC;SR;OK;TASK000013692581;Priority 3;NA
0;SYN;SEC;SR;OK;TASK000013692609;Priority 3;NA
FUN;WS;FUN;SR;OK;TASK000013692663;Priority 4;NA
SEC;BWI;SEC;SR;OK;TASK000013692724;Priority 4;NA
APS;ETH;APS;SR;OK;TASK000013692732;Priority 3;NA
SEC;SYN;SEC;SR;OK;TASK000013692780;Priority 3;NA
APS;ETH;APS;SR;OK;TASK000013692805;Priority 3;NA
SEC;BWI;SEC;SR;OK;TASK000013692828;Priority 4;NA
L1;BWI;L1 ;SR;OK;TASK000013692905;Priority 3;NA
APS;ETH;APS;SR;OK;TASK000013692920;Priority 3;NA
CNC;BWI;CNC;SR;OK;TASK000013692931;Priority 3;NA
SEC;CAN;SEC;SR;OK;TASK000013692967;Priority 3;NA
L1;BWI;L1 ;SR;OK;TASK000013692981;Priority 4;NA
SEC;BWI;SEC;SR;OK;TASK000013693027;Priority 4;NA
SEC;BWI;SEC;SR;OK;TASK000013693081;Priority 4;NA
L1;BWI;L1 ;SR;OK;TASK000013693109;Priority 3;NA
SEC;BWI;SEC;SR;OK;TASK000013693122;Priority 4;NA
SEC;BWI;SEC;SR;OK;TASK000013693124;Priority 4;NA
APS;ETH;APS;SR;OK;TASK000013693188;Priority 3;NA
L1;BWI;L1 ;SR;OK;TASK000013693268;Priority 3;NA
CNC;ETH;CNC;SR;OK;TASK000013693337;Priority 3;NA
CNC;LAT;CNC;SR;OK;TASK000013693339;Priority 3;NA
SEC;ETH;SEC;SR;OK;TASK000013693674;Priority 3;NA
L1;BWI;L1 ;SR;OK;TASK000013693771;Priority 3;NA
FUN;DCF;FUN;SR;OK;TASK000013693791;Priority 3;NA
OPS;EMS;OPS;SR;OK;TASK000013694458;Priority 4;NA
SEC;812;SEC;SR;OK;TASK000013694967;Priority 3;NA
FUN;DCF;FUN;SR;OK;TASK000013695026;Priority 3;NA
SEC;812;SEC;SR;OK;TASK000013695055;Priority 3;NA
L1;812;MON;SR;OK;TASK000013695171;Priority 4;NA
SEC;EMS;SEC;SR;OK;TASK000013695212;Priority 3;NA
SEC;812;SEC;SR;OK;TASK000013695231;Priority 3;NA
CNC;DCF;FUN;SR;OK;TASK000013695333;Priority 3;NA
L1;812;MON;SR;OK;TASK000013695498;Priority 4;NA
SEC;DXE;SEC;SR;OK;TASK000013695591;Priority 3;NA
FIN;812;FUN;SR;OK;TASK000013695593;Priority 4;NA
SEC;812;SEC;SR;OK;TASK000013695731;Priority 3;NA
SEC;812;SEC;SR;OK;TASK000013695761;Priority 3;NA
DBA;812;DBA;SR;OK;TASK000013695774;Priority 3;NA
L1;812;MON;SR;OK;TASK000013695883;Priority 3;NA
SEC;812;SEC;SR;OK;TASK000013695894;Priority 3;NA
L1;812;MON;SR;OK;TASK000013695936;Priority 3;NA
SEC;812;SEC;SR;OK;TASK000013695940;Priority 3;NA
SEC;812;SEC;SR;OK;TASK000013696097;Priority 3;NA
SEC;812;SEC;SR;OK;TASK000013696102;Priority 3;NA
SEC;812;SEC;SR;OK;TASK000013696136;Priority 3;NA
SEC;DXE;SEC;SR;OK;TASK000013696143;Priority 3;NA
FUN;EES;FUN;SR;OK;TASK000013696151;Priority 4;NA
SEC;812;SEC;SR;OK;TASK000013696163;Priority 3;NA
SEC;812;SEC;SR;OK;TASK000013696164;Priority 3;NA
SEC;812;SEC;SR;OK;TASK000013696165;Priority 3;NA
SEC;812;SEC;SR;OK;TASK000013696166;Priority 3;NA
SEC;812;SEC;SR;OK;TASK000013696168;Priority 3;NA
SEC;812;SEC;SR;OK;TASK000013696169;Priority 3;NA
SEC;812;SEC;SR;OK;TASK000013696171;Priority 3;NA
FUN;COR;FUN;SR;OK;TASK000013696205;Priority 3;NA
CNC;LAT;CNC;SR;OK;TASK000013696277;Priority 3;NA
SEC;812;SEC;SR;OK;TASK000013696286;Priority 3;NA
SEC;812;SEC;SR;OK;TASK000013696323;Priority 3;NA
L1;812;MON;SR;OK;TASK000013696344;Priority 3;NA
SEC;812;SEC;SR;OK;TASK000013696459;Priority 3;NA
CNC;812;CNC;SR;OK;TASK000013696490;Priority 3;NA
L1;BWI;L1 ;SR;OK;TASK000013696504;Priority 3;NA
OPS;EMS;OPS;SR;OK;TASK000013696611;Priority 3;NA
L1;BWI;L1 ;SR;OK;TASK000013696641;Priority 3;NA
CNC;EES;CNC;SR;OK;TASK000013696747;Priority 3;NA
SEC;EES;FUN;SR;OK;TASK000013696773;Priority 3;NA
FUN;LAT;FUN;SR;OK;TASK000013696784;Priority 3;NA
L1;BWI;L1 ;SR;OK;TASK000013696815;Priority 3;NA
SEC;EMS;SEC;SR;OK;TASK000013696816;Priority 3;NA
SEC;ETH;SEC;SR;OK;TASK000013696925;Priority 3;NA
SEC;LAT;SEC;SR;OK;TASK000013696961;Priority 3;NA
SEC;812;SEC;SR;OK;TASK000013697015;Priority 3;NA
L1;EES;CNC;SR;OK;TASK000013697022;Priority 3;NA
CNC;DCF;CNC;SR;OK;TASK000013697417;Priority 3;NA
SEC;SYN;SEC;SR;OK;TASK000013697735;Priority 3;NA
SEC;SYN;SEC;SR;OK;TASK000013697753;Priority 3;NA
SEC;SYN;SEC;SR;OK;TASK000013697767;Priority 3;NA
SEC;SYN;SEC;SR;OK;TASK000013697832;Priority 3;NA
SEC;SYN;SEC;SR;OK;TASK000013697843;Priority 3;NA
DBA;812;DBA;SR;OK;TASK000013697846;Priority 3;NA
SEC;DXE;SEC;SR;OK;TASK000013697941;Priority 3;NA
L1;812;MON;SR;OK;TASK000013698019;Priority 3;NA
CNC;812;CNC;SR;OK;TASK000013698104;Priority 3;NA
DBA;812;DBA;SR;OK;TASK000013698332;Priority 3;NA
DBA;812;DBA;SR;OK;TASK000013698335;Priority 3;NA
SEC;EMS;SEC;SR;OK;TASK000013698770;Priority 3;NA
FUN;812;FUN;SR;OK;TASK000013698865;Priority 3;NA
SEC;812;SEC;SR;OK;TASK000013698907;Priority 3;NA
SEC;812;SEC;SR;OK;TASK000013698983;Priority 3;NA
SCH;LAT;SCH;SR;OK;TASK000013699014;Priority 3;NA
0;SYN;SEC;SR;OK;TASK000013699043;Priority 3;NA
CNC;812;CNC;SR;OK;TASK000013699058;Priority 3;NA
SEC;SYN;SEC;SR;OK;TASK000013699080;Priority 3;NA
SCH;812;SCH;SR;OK;TASK000013699087;Priority 3;NA
SEC;SYN;SEC;SR;OK;TASK000013699199;Priority 3;NA
SEC;ETH;SEC;SR;OK;TASK000013699248;Priority 3;NA
SEC;LAT;SEC;SR;OK;TASK000013699279;Priority 3;NA
L1;BWI;L1 ;SR;OK;TASK000013699403;Priority 3;NA
SEC;812;SEC;SR;OK;TASK000013699411;Priority 3;NA
SEC;SYN;SEC;SR;OK;TASK000013699630;Priority 3;NA
SEC;812;SEC;SR;OK;TASK000013699726;Priority 3;NA
SEC;812;SEC;SR;OK;TASK000013699743;Priority 3;NA
0;SYN;SEC;SR;OK;TASK000013699848;Priority 3;NA
DBA;812;DBA;SR;OK;TASK000013699927;Priority 3;NA
0;ETH;FUN;SR;OK;TASK000013699990;Priority 3;NA
APS;EES;APS;SR;OK;TASK000013700093;Priority 4;NA
FUN;DCF;FUN;SR;OK;TASK000013700102;Priority 3;NA
SEC;DXE;SEC;SR;OK;TASK000013700254;Priority 3;NA
SEC;DXE;SEC;SR;Defect;TASK000013700258;Priority 3;NA
SEC;DXE;SEC;SR;OK;TASK000013700260;Priority 3;NA
CNC;812;CNC;SR;OK;TASK000013700319;Priority 3;NA
FUN;EES;FUN;SR;OK;TASK000013700503;Priority 3;NA
SEC;MNT;SEC;SR;OK;TASK000013700583;Priority 3;NA
SEC;BWI;SEC;SR;OK;TASK000013700599;Priority 4;NA
SEC;MNT;SEC;SR;OK;TASK000013700606;Priority 3;NA
FUN;LAT;FUN;SR;OK;TASK000013700682;Priority 3;NA
L1;BWI;L1 ;SR;OK;TASK000013700690;Priority 4;NA
SEC;MNT;SEC;SR;OK;TASK000013701119;Priority 3;NA
SEC;MNT;SEC;SR;OK;TASK000013701133;Priority 3;NA
CNC;DPY;CNC;SR;OK;TASK000013701207;Priority 3;NA
CNC;812;CNC;SR;OK;TASK000013701310;Priority 3;NA
SEC;BWI;SEC;SR;OK;TASK000013701413;Priority 4;NA
SEC;BWI;SEC;SR;OK;TASK000013701415;Priority 4;NA
L1;BWI;L1 ;SR;OK;TASK000013701469;Priority 4;NA
SEC;BWI;SEC;SR;OK;TASK000013701586;Priority 4;NA
0;SYN;SEC;SR;OK;TASK000013701669;Priority 3;NA
SEC;BWI;SEC;SR;OK;TASK000013701673;Priority 4;NA
SEC;ETH;SEC;SR;OK;TASK000013701734;Priority 4;NA
L1;BWI;L1 ;SR;OK;TASK000013701782;Priority 3;NA
L1;BWI;L1 ;SR;OK;TASK000013701897;Priority 3;NA
L1;BWI;L1 ;SR;OK;TASK000013701901;Priority 3;NA
L1;BWI;L1 ;SR;OK;TASK000013701969;Priority 3;NA
SEC;812;SEC;SR;OK;TASK000013701978;Priority 3;NA
SEC;EES;FUN;SR;OK;TASK000013702234;Priority 3;NA
L1;BWI;L1 ;SR;OK;TASK000013702283;Priority 4;NA
L1;812;MON;SR;OK;TASK000013702655;Priority 4;NA
SEC;DXE;SEC;SR;OK;TASK000013702753;Priority 3;NA
SEC;DXE;SEC;SR;OK;TASK000013702763;Priority 3;NA
SEC;812;SEC;SR;OK;TASK000013702787;Priority 3;NA
SEC;DXE;SEC;SR;OK;TASK000013702808;Priority 3;NA
SEC;DXE;SEC;SR;OK;TASK000013702839;Priority 3;NA
SEC;DXE;SEC;SR;OK;TASK000013702854;Priority 3;NA
SEC;DXE;SEC;SR;OK;TASK000013702866;Priority 3;NA
SEC;DXE;SEC;SR;OK;TASK000013702874;Priority 3;NA
SEC;812;SEC;SR;OK;TASK000013702908;Priority 3;NA
SEC;EDS;SEC;SR;OK;TASK000013703329;Priority 3;NA
SEC;812;SEC;SR;OK;TASK000013703334;Priority 3;NA
CNC;812;CNC;SR;OK;TASK000013703404;Priority 3;NA
FUN;DCF;SEC;SR;OK;TASK000013703416;Priority 3;NA
SEC;812;SEC;SR;OK;TASK000013703453;Priority 3;NA
SEC;812;SEC;SR;OK;TASK000013703630;Priority 3;NA
FUN;812;FUN;SR;OK;TASK000013703716;Priority 3;NA
SEC;812;SEC;SR;OK;TASK000013703998;Priority 3;NA
SEC;DXE;SEC;SR;OK;TASK000013704104;Priority 3;NA
SCH;812;SCH;SR;OK;TASK000013704142;Priority 3;NA
L1;BWI;L1 ;SR;OK;TASK000013704182;Priority 3;NA
FUN;COR;FUN;SR;OK;TASK000013704285;Priority 3;NA
SEC;MNT;SEC;SR;OK;TASK000013704322;Priority 3;NA
DBA;812;DBA;SR;OK;TASK000013704332;Priority 3;NA
OPS;EMS;OPS;SR;OK;TASK000013704345;Priority 4;NA
SEC;BWI;SEC;SR;OK;TASK000013704379;Priority 4;NA
SEC;DCF;SEC;SR;OK;TASK000013704405;Priority 3;NA
SEC;812;SEC;SR;OK;TASK000013704430;Priority 3;NA
FUN;WS;FUN;SR;OK;TASK000013704467;Priority 3;NA
FUN;DCF;SEC;SR;OK;TASK000013704475;Priority 3;NA
L1;812;MON;SR;OK;TASK000013704547;Priority 3;NA
SEC;MNT;SEC;SR;OK;TASK000013704599;Priority 3;NA
SEC;812;SEC;SR;OK;TASK000013704641;Priority 3;NA
DBA;812;DBA;SR;OK;TASK000013704824;Priority 3;NA
0;SYN;SEC;SR;OK;TASK000013704840;Priority 3;NA
SEC;DCF;SEC;SR;OK;TASK000013704869;Priority 3;NA
SEC;SYN;SEC;SR;OK;TASK000013704883;Priority 3;NA
SEC;DXE;SEC;SR;OK;TASK000013704927;Priority 3;NA
SEC;DXE;SEC;SR;OK;TASK000013704963;Priority 3;NA
SEC;DXE;SEC;SR;OK;TASK000013704998;Priority 3;NA
CNC;ETH;CNC;SR;OK;TASK000013705070;Priority 3;NA
SEC;812;SEC;SR;OK;TASK000013705095;Priority 3;NA
SEC;DXE;SEC;SR;OK;TASK000013705099;Priority 3;NA
SEC;DXE;SEC;SR;OK;TASK000013705128;Priority 3;NA
SEC;DXE;SEC;SR;OK;TASK000013705163;Priority 3;NA
SEC;DXE;SEC;SR;OK;TASK000013705187;Priority 3;NA
SEC;DXE;SEC;SR;OK;TASK000013705238;Priority 3;NA
SEC;DXE;SEC;SR;OK;TASK000013705259;Priority 3;NA
DBA;812;DBA;SR;OK;TASK000013705270;Priority 3;NA
L1;BWI;L1 ;SR;OK;TASK000013705421;Priority 4;NA
CNC;BWI;CNC;SR;OK;TASK000013705525;Priority 3;NA
SEC;812;SEC;SR;OK;TASK000013705594;Priority 3;NA
FUN;DCF;SEC;SR;OK;TASK000013705674;Priority 3;NA
0;SYN;SEC;SR;OK;TASK000013705712;Priority 3;NA
0;SYN;SEC;SR;OK;TASK000013705763;Priority 3;NA
CNC;ETH;CNC;SR;OK;TASK000013705920;Priority 3;NA
APS;ETH;APS;SR;OK;TASK000013705923;Priority 3;NA
APS;ETH;APS;SR;OK;TASK000013705924;Priority 4;NA
SEC;DCF;SEC;SR;OK;TASK000013706095;Priority 3;NA
APS;ETH;APS;SR;OK;TASK000013706151;Priority 3;NA
APS;ETH;APS;SR;OK;TASK000013706152;Priority 3;NA
SEC;DCF;SEC;SR;OK;TASK000013706154;Priority 3;NA
FUN;COR;FUN;SR;OK;TASK000013706159;Priority 3;NA
SCH;LAT;SCH;SR;OK;TASK000013706167;Priority 3;NA
SEC;BWI;SEC;SR;OK;TASK000013706194;Priority 4;NA
APS;ETH;APS;SR;OK;TASK000013706209;Priority 3;NA
APS;ETH;APS;SR;OK;TASK000013706265;Priority 3;NA
0;SYN;SEC;SR;OK;TASK000013706320;Priority 3;NA
SEC;BWI;SEC;SR;OK;TASK000013706516;Priority 4;NA
0;SYN;SEC;SR;OK;TASK000013706559;Priority 3;NA
SEC;BWI;SEC;SR;OK;TASK000013706589;Priority 4;NA
SEC;BWI;SEC;SR;OK;TASK000013706592;Priority 4;NA
SEC;CAN;SEC;SR;OK;TASK000013706596;Priority 3;NA
SEC;SYN;SEC;SR;OK;TASK000013706613;Priority 3;NA
SEC;SYN;SEC;SR;OK;TASK000013706638;Priority 3;NA
SEC;BWI;SEC;SR;OK;TASK000013706776;Priority 4;NA
SEC;BWI;SEC;SR;OK;TASK000013706847;Priority 4;NA
SEC;BWI;SEC;SR;OK;TASK000013707069;Priority 4;NA
SEC;DCF;SEC;SR;OK;TASK000013707072;Priority 3;NA
SEC;BWI;SEC;SR;OK;TASK000013707129;Priority 4;NA
SEC;BWI;SEC;SR;OK;TASK000013707146;Priority 4;NA
SEC;BWI;SEC;SR;OK;TASK000013707147;Priority 4;NA
SEC;BWI;SEC;SR;OK;TASK000013707151;Priority 4;NA
SEC;BWI;SEC;SR;OK;TASK000013707158;Priority 4;NA
SEC;DXE;SEC;SR;OK;TASK000013707417;Priority 3;NA
SEC;DXE;SEC;SR;OK;TASK000013707433;Priority 4;NA
SEC;BWI;SEC;SR;OK;TASK000013707438;Priority 4;NA
SEC;DXE;SEC;SR;OK;TASK000013707696;Priority 3;NA
CNC;DXE;CNC;SR;OK;TASK000013707720;Priority 3;NA
SEC;DXE;SEC;SR;OK;TASK000013707729;Priority 3;NA
FIN;DCF;FUN;SR;OK;TASK000013707870;Priority 3;NA
SEC;DXE;SEC;SR;OK;TASK000013708161;Priority 3;NA
SEC;ETH;SEC;SR;OK;TASK000013708168;Priority 3;NA
SEC;812;SEC;SR;OK;TASK000013708207;Priority 3;NA
SEC;812;SEC;SR;OK;TASK000013708249;Priority 3;NA
SEC;812;SEC;SR;OK;TASK000013708310;Priority 3;NA
SEC;812;SEC;SR;OK;TASK000013708396;Priority 3;NA
SEC;EMS;SEC;SR;OK;TASK000013708425;Priority 3;NA
L1;812;MON;SR;OK;TASK000013708490;Priority 3;NA
DBA;812;DBA;SR;OK;TASK000013708496;Priority 3;NA
FUN;812;FUN;SR;OK;TASK000013708624;Priority 3;NA
SEC;812;SEC;SR;OK;TASK000013708637;Priority 3;NA
SEC;812;SEC;SR;OK;TASK000013708657;Priority 3;NA
SCH;LAT;SCH;SR;OK;TASK000013708683;Priority 3;NA
SEC;SYN;SEC;SR;OK;TASK000013708795;Priority 3;NA
CNC;BWI;CNC;SR;OK;TASK000013708896;Priority 3;NA
DBA;812;DBA;SR;OK;TASK000013708958;Priority 3;NA
SEC;812;SEC;SR;OK;TASK000013708980;Priority 3;NA
SEC;EDS;SEC;SR;OK;TASK000013709169;Priority 3;NA
SEC;SYN;SEC;SR;OK;TASK000013709247;Priority 3;NA
CNC;812;CNC;SR;OK;TASK000013709260;Priority 3;NA
SEC;DXE;SEC;SR;OK;TASK000013709279;Priority 3;NA
SEC;812;SEC;SR;OK;TASK000013709282;Priority 3;NA
SEC;812;SEC;SR;OK;TASK000013709284;Priority 3;NA
SEC;MNT;SEC;SR;OK;TASK000013709290;Priority 3;NA
SEC;DXE;SEC;SR;OK;TASK000013709306;Priority 3;NA
SEC;ETH;SEC;SR;OK;TASK000013709307;Priority 3;NA
SEC;812;SEC;SR;OK;TASK000013709319;Priority 3;NA
SEC;MNT;SEC;SR;OK;TASK000013709335;Priority 3;NA
L1;812;MON;SR;OK;TASK000013709346;Priority 4;NA
DBA;812;DBA;SR;OK;TASK000013709410;Priority 3;NA
FUN;812;FUN;SR;OK;TASK000013709497;Priority 3;NA
CNC;812;CNC;SR;OK;TASK000013709597;Priority 4;NA
L1;812;MON;SR;OK;TASK000013709641;Priority 4;NA
APS;ETH;APS;SR;OK;TASK000013709979;Priority 3;NA
CNC;BWI;CNC;SR;OK;TASK000013710276;Priority 3;NA
SEC;ETH;SEC;SR;OK;TASK000013710313;Priority 3;NA
L1;BWI;L1 ;SR;OK;TASK000013710395;Priority 3;NA
0;ETH;FUN;SR;OK;TASK000013710436;Priority 3;NA
APS;ETH;APS;SR;OK;TASK000013710453;Priority 3;NA
0;SYN;SEC;SR;OK;TASK000013710522;Priority 3;NA
APS;ETH;APS;SR;OK;TASK000013710538;Priority 3;NA
APS;ETH;APS;SR;OK;TASK000013710557;Priority 3;NA
0;SYN;SEC;SR;OK;TASK000013710609;Priority 3;NA
CNC;LAT;CNC;SR;OK;TASK000013710642;Priority 3;NA
0;SYN;SEC;SR;OK;TASK000013710691;Priority 3;NA
0;SYN;SEC;SR;OK;TASK000013710908;Priority 3;NA
CNC;812;CNC;SR;OK;TASK000013710977;Priority 3;NA
CNC;812;CNC;SR;OK;TASK000013710978;Priority 3;NA
CNC;BWI;CNC;SR;OK;TASK000013711013;Priority 3;NA
SEC;BWI;SEC;SR;OK;TASK000013711018;Priority 4;NA
CNC;BWI;CNC;SR;OK;TASK000013711141;Priority 3;NA
APS;EES;APS;SR;OK;TASK000013711259;Priority 4;NA
SEC;MNT;SEC;SR;OK;TASK000013711473;Priority 3;NA
APS;ETH;APS;SR;OK;TASK000013711661;Priority 4;NA
SEC;812;SEC;SR;OK;TASK000013712177;Priority 3;NA
SEC;812;SEC;SR;OK;TASK000013712320;Priority 3;NA
SEC;812;SEC;SR;OK;TASK000013712470;Priority 3;NA
SEC;SYN;SEC;SR;OK;TASK000013712730;Priority 3;NA
DBA;812;DBA;SR;OK;TASK000013712736;Priority 3;NA
SEC;812;SEC;SR;OK;TASK000013712779;Priority 3;NA
L1;812;MON;SR;OK;TASK000013712798;Priority 4;NA
SEC;812;SEC;SR;OK;TASK000013712829;Priority 3;NA
SEC;812;SEC;SR;OK;TASK000013712844;Priority 3;NA
DBA;812;DBA;SR;OK;TASK000013712922;Priority 3;NA
SEC;812;SEC;SR;OK;TASK000013713186;Priority 3;NA
SEC;DCF;SEC;SR;OK;TASK000013713299;Priority 4;NA
CNC;MNT;CNC;SR;OK;TASK000013713327;Priority 3;NA
FUN;LAT;FUN;SR;OK;TASK000013713347;Priority 3;NA
CNC;LAT;CNC;SR;OK;TASK000013713462;Priority 3;NA
CNC;DPY;CNC;SR;OK;TASK000013713534;Priority 3;NA
FUN;812;FUN;SR;OK;TASK000013713552;Priority 3;NA
SEC;LAT;SEC;SR;OK;TASK000013713595;Priority 3;NA
CNC;812;CNC;SR;OK;TASK000013713596;Priority 3;NA
SEC;BWI;SEC;SR;OK;TASK000013713705;Priority 4;NA
SCH;812;SCH;SR;OK;TASK000013713893;Priority 3;NA
SEC;812;SEC;SR;OK;TASK000013713914;Priority 3;NA
DBA;812;DBA;SR;OK;TASK000013713972;Priority 3;NA
SEC;812;SEC;SR;OK;TASK000013713978;Priority 3;NA
DBA;812;DBA;SR;OK;TASK000013713990;Priority 3;NA
SEC;812;SEC;SR;OK;TASK000013713999;Priority 3;NA
SEC;812;SEC;SR;OK;TASK000013714018;Priority 3;NA
SEC;MNT;SEC;SR;OK;TASK000013714025;Priority 3;NA
CNC;LAT;CNC;SR;OK;TASK000013714026;Priority 4;NA
DBA;812;DBA;SR;OK;TASK000013714035;Priority 3;NA
FUN;DCF;FUN;SR;OK;TASK000013714054;Priority 3;NA
FUN;812;FUN;SR;OK;TASK000013714103;Priority 4;NA
SEC;812;SEC;SR;OK;TASK000013714109;Priority 3;NA
SEC;BWI;SEC;SR;OK;TASK000013714234;Priority 4;NA
CNC;812;CNC;SR;OK;TASK000013714324;Priority 3;NA
SEC;812;SEC;SR;OK;TASK000013714432;Priority 3;NA
CNC;BWI;CNC;SR;OK;TASK000013714544;Priority 3;NA
SEC;MNT;SEC;SR;OK;TASK000013714679;Priority 3;NA
APS;ETH;APS;SR;OK;TASK000013714742;Priority 3;NA
SEC;BWI;SEC;SR;OK;TASK000013714762;Priority 4;NA
L1;BWI;L1 ;SR;OK;TASK000013714887;Priority 3;NA
APS;ETH;APS;SR;OK;TASK000013714953;Priority 3;NA
L1;812;MON;SR;OK;TASK000013714958;Priority 3;NA
SEC;SYN;SEC;SR;OK;TASK000013715291;Priority 3;NA
APS;ETH;APS;SR;OK;TASK000013715608;Priority 3;NA
APS;EES;APS;SR;OK;TASK000013715701;Priority 3;NA
SEC;BWI;SEC;SR;OK;TASK000013715727;Priority 4;NA
SEC;BWI;SEC;SR;OK;TASK000013715791;Priority 4;NA
L1;BWI;L1 ;SR;OK;TASK000013715797;Priority 4;NA
L1;BWI;L1 ;SR;OK;TASK000013716062;Priority 3;NA
L1;812;MON;SR;OK;TASK000013716219;Priority 3;NA
CNC;BWI;CNC;SR;OK;TASK000013716266;Priority 3;NA
OPS;EMS;OPS;SR;OK;TASK000013716706;Priority 3;NA
L1;812;MON;SR;OK;TASK000013716724;Priority 3;NA
CNC;LAT;CNC;SR;OK;TASK000013716938;Priority 3;NA
L1;812;MON;SR;OK;TASK000013717095;Priority 3;NA
L1;812;MON;SR;OK;TASK000013717116;Priority 3;NA
CNC;812;CNC;SR;OK;TASK000013717143;Priority 3;NA
L1;812;MON;SR;OK;TASK000013717252;Priority 4;NA
SEC;812;SEC;SR;OK;TASK000013717256;Priority 3;NA
FUN;DCF;FUN;SR;OK;TASK000013717412;Priority 4;NA
SEC;EDS;SEC;SR;OK;TASK000013717561;Priority 3;NA
SEC;DXE;SEC;SR;OK;TASK000013717645;Priority 3;NA
SEC;812;SEC;SR;OK;TASK000013717659;Priority 3;NA
SCH;812;SCH;SR;OK;TASK000013717766;Priority 3;NA
SEC;812;SEC;SR;OK;TASK000013717835;Priority 3;NA
CNC;BWI;CNC;SR;OK;TASK000013717915;Priority 3;NA
CNC;DCF;CNC;SR;OK;TASK000013718048;Priority 3;NA
SEC;812;SEC;SR;OK;TASK000013718109;Priority 3;NA
SEC;812;SEC;SR;OK;TASK000013718270;Priority 3;NA
CNC;812;CNC;SR;OK;TASK000013718298;Priority 3;NA
SEC;812;SEC;SR;OK;TASK000013718318;Priority 3;NA
SEC;812;SEC;SR;OK;TASK000013718334;Priority 3;NA
0;SYN;SEC;SR;OK;TASK000013718402;Priority 3;NA
SEC;812;SEC;SR;OK;TASK000013718434;Priority 3;NA
0;SYN;SEC;SR;OK;TASK000013718470;Priority 3;NA
APS;EES;APS;SR;OK;TASK000013718526;Priority 3;NA
SEC;812;SEC;SR;OK;TASK000013718579;Priority 3;NA
CNC;812;CNC;SR;OK;TASK000013718602;Priority 3;NA
SEC;812;SEC;SR;OK;TASK000013718669;Priority 3;NA
SEC;812;SEC;SR;OK;TASK000013718680;Priority 3;NA
SEC;ETH;SEC;SR;OK;TASK000013718809;Priority 3;NA
SEC;MNT;SEC;SR;OK;TASK000013718911;Priority 3;NA
SEC;SYN;SEC;SR;OK;TASK000013718964;Priority 3;NA
DBA;812;DBA;SR;OK;TASK000013718992;Priority 3;NA
SEC;812;SEC;SR;OK;TASK000013718997;Priority 3;NA
SEC;812;SEC;SR;OK;TASK000013719030;Priority 3;NA
APS;EES;APS;SR;OK;TASK000013719105;Priority 4;NA
APS;EES;APS;SR;OK;TASK000013719136;Priority 4;NA
DBA;812;DBA;SR;OK;TASK000013719170;Priority 3;NA
DBA;812;DBA;SR;OK;TASK000013719190;Priority 3;NA
L1;812;MON;SR;OK;TASK000013719225;Priority 3;NA
SEC;812;SEC;SR;OK;TASK000013719267;Priority 3;NA
SEC;EMS;SEC;SR;OK;TASK000013719280;Priority 3;NA
L1;812;MON;SR;OK;TASK000013719281;Priority 3;NA
L1;BWI;L1 ;SR;OK;TASK000013719544;Priority 3;NA
0;SYN;SEC;SR;OK;TASK000013719549;Priority 3;NA
CNC;DCF;CNC;SR;OK;TASK000013719554;Priority 3;NA
DBA;812;DBA;SR;OK;TASK000013719629;Priority 3;NA
DBA;812;DBA;SR;OK;TASK000013719649;Priority 3;NA
SEC;812;SEC;SR;OK;TASK000013719659;Priority 3;NA
CNC;BWI;CNC;SR;OK;TASK000013719765;Priority 3;NA
SEC;DXE;SEC;SR;OK;TASK000013719791;Priority 3;NA
SEC;812;SEC;SR;OK;TASK000013719837;Priority 3;NA
SEC;ETH;SEC;SR;OK;TASK000013719846;Priority 3;NA
CNC;DCF;CNC;SR;OK;TASK000013719856;Priority 3;NA
CNC;812;CNC;SR;OK;TASK000013719889;Priority 3;NA
SEC;SYN;SEC;SR;OK;TASK000013720130;Priority 3;NA
CNC;EES;CNC;SR;OK;TASK000013720169;Priority 3;NA
SEC;ETH;SEC;SR;OK;TASK000013720186;Priority 3;NA
CNC;812;CNC;SR;OK;TASK000013720205;Priority 3;NA
SEC;ETH;SEC;SR;OK;TASK000013720225;Priority 3;NA
0;SYN;SEC;SR;OK;TASK000013720347;Priority 3;NA
SEC;812;SEC;SR;OK;TASK000013720549;Priority 3;NA
0;SYN;SEC;SR;OK;TASK000013720557;Priority 3;NA
L1;BWI;L1 ;SR;OK;TASK000013720736;Priority 3;NA
0;SYN;SEC;SR;OK;TASK000013720755;Priority 3;NA
0;SYN;SEC;SR;OK;TASK000013720820;Priority 3;NA
FUN;ETH;FUN;SR;OK;TASK000013720927;Priority 3;NA
SEC;ETH;SEC;SR;OK;TASK000013720930;Priority 3;NA
SEC;BWI;SEC;SR;OK;TASK000013720973;Priority 4;NA
L1;BWI;L1 ;SR;OK;TASK000013721002;Priority 3;NA
L1;812;MON;SR;OK;TASK000013721048;Priority 3;NA
L1;BWI;L1 ;SR;OK;TASK000013721343;Priority 3;NA
SEC;EDS;SEC;SR;OK;TASK000013721674;Priority 3;NA
SEC;EMS;SEC;SR;OK;TASK000013721787;Priority 3;NA
SEC;ETH;SEC;SR;OK;TASK000013721794;Priority 3;NA
CNC;812;CNC;SR;OK;TASK000013721799;Priority 4;NA
DBA;812;DBA;SR;OK;TASK000013722006;Priority 3;NA
SEC;DCF;SEC;SR;OK;TASK000013722097;Priority 3;NA
SEC;812;SEC;SR;OK;TASK000013722241;Priority 3;NA
SEC;812;SEC;SR;OK;TASK000013722322;Priority 3;NA
SEC;DXE;SEC;SR;OK;TASK000013722397;Priority 3;NA
L1;812;MON;SR;OK;TASK000013722447;Priority 3;NA
DBA;812;DBA;SR;OK;TASK000013722453;Priority 3;NA
SEC;812;SEC;SR;OK;TASK000013722490;Priority 3;NA
SEC;812;SEC;SR;OK;TASK000013722505;Priority 3;NA
SEC;812;SEC;SR;OK;TASK000013722548;Priority 3;NA
SEC;812;SEC;SR;OK;TASK000013722566;Priority 3;NA
SEC;812;SEC;SR;OK;TASK000013722620;Priority 3;NA
FUN;812;FUN;SR;OK;TASK000013722911;Priority 3;NA
CNC;DCF;CNC;SR;OK;TASK000013722951;Priority 3;NA
SEC;812;SEC;SR;OK;TASK000013722961;Priority 3;NA
SEC;812;SEC;SR;OK;TASK000013723060;Priority 3;NA
0;SYN;SEC;SR;OK;TASK000013723087;Priority 3;NA
SCH;812;SCH;SR;OK;TASK000013723089;Priority 3;NA
SEC;812;SEC;SR;OK;TASK000013723092;Priority 3;NA
SEC;SYN;SEC;SR;OK;TASK000013723101;Priority 3;NA
0;SYN;SEC;SR;OK;TASK000013723108;Priority 3;NA
0;SYN;SEC;SR;OK;TASK000013723141;Priority 3;NA
L1;BWI;L1 ;SR;OK;TASK000013723183;Priority 3;NA
SEC;812;SEC;SR;OK;TASK000013723190;Priority 3;NA
DBA;812;DBA;SR;OK;TASK000013723210;Priority 3;NA
CNC;812;CNC;SR;OK;TASK000013723220;Priority 3;NA
SEC;SYN;SEC;SR;OK;TASK000013723265;Priority 3;NA
0;SYN;SEC;SR;OK;TASK000013723274;Priority 3;NA
SEC;SYN;SEC;SR;OK;TASK000013723317;Priority 3;NA
0;SYN;SEC;SR;OK;TASK000013723337;Priority 3;NA
L1;812;MON;SR;OK;TASK000013723353;Priority 3;NA
CNC;812;CNC;SR;OK;TASK000013723372;Priority 3;NA
OPS;EMS;OPS;SR;OK;TASK000013723384;Priority 3;NA
SEC;812;SEC;SR;OK;TASK000013723465;Priority 3;NA
SEC;SYN;SEC;SR;OK;TASK000013723483;Priority 3;NA
SEC;DPY;SEC;SR;OK;TASK000013723517;Priority 3;NA
SEC;DPY;SEC;SR;OK;TASK000013723522;Priority 3;NA
SEC;DPY;SEC;SR;OK;TASK000013723525;Priority 3;NA
SCH;812;SCH;SR;OK;TASK000013723531;Priority 3;NA
DBA;812;DBA;SR;OK;TASK000013723576;Priority 3;NA
SEC;DCF;SEC;SR;OK;TASK000013723761;Priority 3;NA
SEC;DXE;SEC;SR;OK;TASK000013723915;Priority 3;NA
SEC;SYN;SEC;SR;OK;TASK000013723951;Priority 3;NA
FUN;ETH;FUN;SR;OK;TASK000013723991;Priority 3;NA
DBA;812;DBA;SR;OK;TASK000013724000;Priority 3;NA
DBA;812;DBA;SR;OK;TASK000013724053;Priority 3;NA
SEC;DPY;SEC;SR;OK;TASK000013724128;Priority 3;NA
SEC;DPY;SEC;SR;OK;TASK000013724141;Priority 3;NA
SEC;DPY;SEC;SR;OK;TASK000013724147;Priority 3;NA
SEC;DPY;SEC;SR;OK;TASK000013724192;Priority 3;NA
L1;BWI;L1 ;SR;OK;TASK000013724340;Priority 4;NA
0;SYN;SEC;SR;OK;TASK000013724409;Priority 3;NA
SEC;DCF;SEC;SR;OK;TASK000013724510;Priority 3;NA
SEC;ETH;SEC;SR;OK;TASK000013724547;Priority 3;NA
SEC;DCF;SEC;SR;OK;TASK000013724561;Priority 3;NA
SEC;ETH;SEC;SR;OK;TASK000013724564;Priority 3;NA
0;SYN;SEC;SR;OK;TASK000013724721;Priority 3;NA
SEC;SYN;SEC;SR;OK;TASK000013724735;Priority 3;NA
0;SYN;SEC;SR;OK;TASK000013724817;Priority 3;NA
CNC;ETH;CNC;SR;OK;TASK000013725131;Priority 3;NA
APS;ETH;APS;SR;OK;TASK000013725253;Priority 3;NA
APS;EES;APS;SR;OK;TASK000013725563;Priority 3;NA
SEC;BWI;SEC;SR;OK;TASK000013725602;Priority 4;NA
FUN;812;FUN;SR;OK;TASK000013726084;Priority 3;NA
SEC;EMS;SEC;SR;OK;TASK000013726342;Priority 3;NA
L1;DPY;CNC;SR;OK;TASK000013726578;Priority 3;NA
DBA;812;DBA;SR;OK;TASK000013726606;Priority 3;NA
DBA;812;DBA;SR;OK;TASK000013726607;Priority 3;NA
CNC;DPY;CNC;SR;OK;TASK000013726691;Priority 3;NA
SEC;DXE;SEC;SR;OK;TASK000013726779;Priority 3;NA
SEC;812;SEC;SR;OK;TASK000013726946;Priority 3;NA
APS;ETH;APS;SR;OK;TASK000013726961;Priority 3;NA
SEC;812;SEC;SR;OK;TASK000013727080;Priority 3;NA
CNC;DPY;CNC;SR;OK;TASK000013727085;Priority 3;NA
SEC;EMS;SEC;SR;OK;TASK000013727094;Priority 3;NA
CNC;812;CNC;SR;OK;TASK000013727105;Priority 3;NA
SEC;812;SEC;SR;OK;TASK000013727227;Priority 3;NA
CNC;812;CNC;SR;OK;TASK000013727303;Priority 3;NA
SEC;812;SEC;SR;OK;TASK000013727315;Priority 3;NA
SEC;812;SEC;SR;OK;TASK000013727344;Priority 3;NA
SEC;812;SEC;SR;OK;TASK000013727348;Priority 3;NA
SEC;812;SEC;SR;OK;TASK000013727368;Priority 3;NA
CNC;812;CNC;SR;OK;TASK000013727400;Priority 3;NA
CNC;DCF;CNC;SR;OK;TASK000013727410;Priority 3;NA
SEC;812;SEC;SR;OK;TASK000013727460;Priority 3;NA
DBA;812;DBA;SR;OK;TASK000013727566;Priority 3;NA
L1;812;MON;SR;OK;TASK000013727596;Priority 3;NA
DBA;812;DBA;SR;OK;TASK000013727608;Priority 3;NA
L1;812;MON;SR;OK;TASK000013727624;Priority 3;NA
L1;BWI;L1 ;SR;OK;TASK000013727635;Priority 4;NA
CNC;812;CNC;SR;OK;TASK000013727646;Priority 3;NA
CNC;ETH;CNC;SR;OK;TASK000013727683;Priority 3;NA
DBA;812;DBA;SR;OK;TASK000013727700;Priority 3;NA
SEC;812;SEC;SR;OK;TASK000013727902;Priority 3;NA
APS;ETH;APS;SR;OK;TASK000013727942;Priority 3;NA
SEC;DXE;SEC;SR;OK;TASK000013727963;Priority 3;NA
SEC;DXE;SEC;SR;OK;TASK000013728031;Priority 3;NA
DBA;812;DBA;SR;OK;TASK000013728104;Priority 3;NA
L1;812;MON;SR;OK;TASK000013728108;Priority 4;NA
APS;ETH;APS;SR;OK;TASK000013728131;Priority 3;NA
L1;812;MON;SR;OK;TASK000013728187;Priority 4;NA
SEC;EDS;SEC;SR;OK;TASK000013728276;Priority 3;NA
SEC;812;SEC;SR;OK;TASK000013728372;Priority 3;NA
SEC;DXE;SEC;SR;OK;TASK000013728437;Priority 3;NA
SEC;DXE;SEC;SR;OK;TASK000013728450;Priority 3;NA
SEC;DXE;SEC;SR;OK;TASK000013728459;Priority 3;NA
SEC;DXE;SEC;SR;OK;TASK000013728472;Priority 3;NA
SEC;DXE;SEC;SR;OK;TASK000013728486;Priority 3;NA
SEC;DCF;SEC;SR;OK;TASK000013728498;Priority 3;NA
SEC;DXE;SEC;SR;OK;TASK000013728502;Priority 3;NA
SEC;DXE;SEC;SR;OK;TASK000013728527;Priority 3;NA
SEC;DXE;SEC;SR;OK;TASK000013728545;Priority 3;NA
SEC;DXE;SEC;SR;OK;TASK000013728589;Priority 3;NA
L1;MNT;MON;SR;OK;TASK000013728603;Priority 3;NA
L1;812;MON;SR;OK;TASK000013728889;Priority 3;NA
SEC;BWI;SEC;SR;OK;TASK000013728942;Priority 3;NA
CNC;EES;CNC;SR;OK;TASK000013729129;Priority 3;NA
APS;ETH;APS;SR;OK;TASK000013729198;Priority 3;NA
L1;BWI;L1 ;SR;OK;TASK000013729213;Priority 3;NA
0;SYN;SEC;SR;OK;TASK000013729265;Priority 3;NA
L1;BWI;L1 ;SR;OK;TASK000013729283;Priority 3;NA
APS;ETH;APS;SR;OK;TASK000013729343;Priority 3;NA
SEC;BWI;SEC;SR;OK;TASK000013729369;Priority 4;NA
APS;ETH;APS;SR;OK;TASK000013729370;Priority 3;NA
SEC;DCF;SEC;SR;OK;TASK000013729714;Priority 3;NA
APS;EES;APS;SR;OK;TASK000013729939;Priority 3;NA
L1;BWI;L1 ;SR;OK;TASK000013730198;Priority 3;NA
L1;ETH;CNC;SR;OK;TASK000013730222;Priority 3;NA
L1;DCF;CNC;SR;OK;TASK000013730674;Priority 3;NA
SEC;DXE;SEC;SR;OK;TASK000013730694;Priority 3;NA
L1;812;MON;SR;OK;TASK000013730695;Priority 3;NA
SEC;DXE;SEC;SR;OK;TASK000013730697;Priority 3;NA
SEC;DXE;SEC;SR;OK;TASK000013730714;Priority 3;NA
SEC;DXE;SEC;SR;OK;TASK000013730719;Priority 3;NA
SEC;DXE;SEC;SR;OK;TASK000013730734;Priority 3;NA
SEC;DXE;SEC;SR;OK;TASK000013730737;Priority 3;NA
SEC;DXE;SEC;SR;OK;TASK000013730748;Priority 3;NA
SEC;DXE;SEC;SR;OK;TASK000013730766;Priority 3;NA
CNC;812;CNC;SR;OK;TASK000013731061;Priority 3;NA
SCH;812;SCH;SR;OK;TASK000013731233;Priority 3;NA
SEC;DXE;SEC;SR;OK;TASK000013731306;Priority 3;NA
SEC;812;SEC;SR;OK;TASK000013731317;Priority 3;NA
DBA;812;DBA;SR;OK;TASK000013731464;Priority 3;NA
SEC;DCF;SEC;SR;OK;TASK000013731485;Priority 3;NA
0;SYN;SEC;SR;OK;TASK000013731647;Priority 3;NA
SEC;812;SEC;SR;OK;TASK000013731835;Priority 3;NA
SEC;812;SEC;SR;OK;TASK000013731885;Priority 3;NA
SEC;812;SEC;SR;OK;TASK000013731886;Priority 3;NA
DBA;812;DBA;SR;OK;TASK000013731957;Priority 3;NA
CNC;ETH;CNC;SR;OK;TASK000013731996;Priority 3;NA
0;SYN;SEC;SR;OK;TASK000013732063;Priority 3;NA
DBA;812;DBA;SR;OK;TASK000013732079;Priority 3;NA
0;SYN;SEC;SR;OK;TASK000013732092;Priority 3;NA
SEC;BWI;SEC;SR;OK;TASK000013732114;Priority 3;NA
CNC;ETH;CNC;SR;OK;TASK000013732126;Priority 3;NA
SEC;BWI;SEC;SR;OK;TASK000013732149;Priority 4;NA
SEC;MNT;SEC;SR;OK;TASK000013732152;Priority 3;NA
0;SYN;SEC;SR;OK;TASK000013732162;Priority 3;NA
SEC;BWI;SEC;SR;OK;TASK000013732182;Priority 4;NA
SEC;MNT;SEC;SR;OK;TASK000013732183;Priority 3;NA
DBA;812;DBA;SR;OK;TASK000013732294;Priority 3;NA
SEC;BWI;SEC;SR;OK;TASK000013732296;Priority 4;NA
FUN;812;FUN;SR;OK;TASK000013732311;Priority 4;NA
L1;BWI;L1 ;SR;OK;TASK000013732314;Priority 3;NA
APS;ETH;APS;SR;OK;TASK000013732324;Priority 3;NA
APS;ETH;APS;SR;OK;TASK000013732353;Priority 3;NA
0;SYN;SEC;SR;OK;TASK000013732563;Priority 3;NA
CNC;ETH;CNC;SR;OK;TASK000013732744;Priority 3;NA
SEC;DCF;SEC;SR;OK;TASK000013733113;Priority 3;NA
FUN;812;FUN;SR;OK;TASK000013733234;Priority 4;NA
DBA;812;DBA;SR;OK;TASK000013733280;Priority 3;NA
SEC;812;SEC;SR;OK;TASK000013733302;Priority 3;NA
CNC;ETH;CNC;SR;OK;TASK000013733368;Priority 3;NA
APS;ETH;APS;SR;OK;TASK000013733530;Priority 3;NA
APS;ETH;APS;SR;OK;TASK000013733540;Priority 3;NA
CNC;ETH;CNC;SR;OK;TASK000013733643;Priority 3;NA
CNC;EES;CNC;SR;OK;TASK000013733692;Priority 3;NA
SEC;812;SEC;SR;OK;TASK000013733740;Priority 3;NA
SEC;LAT;SEC;SR;OK;TASK000013733798;Priority 3;NA
CNC;812;CNC;SR;OK;TASK000013734047;Priority 3;NA
CNC;812;CNC;SR;OK;TASK000013734049;Priority 3;NA
FUN;EES;FUN;SR;OK;TASK000013734145;Priority 3;NA
CNC;LAT;CNC;SR;OK;TASK000013734198;Priority 3;NA
L1;ETH;CNC;SR;OK;TASK000013734527;Priority 3;NA
SEC;MNT;SEC;SR;OK;TASK000013734942;Priority 3;NA
SEC;DCF;SEC;SR;OK;TASK000013735029;Priority 3;NA
SEC;DCF;SEC;SR;OK;TASK000013735042;Priority 3;NA
L1;DCF;CNC;SR;OK;TASK000013735057;Priority 3;NA
SEC;MNT;SEC;SR;OK;TASK000013735224;Priority 3;NA
SEC;MNT;SEC;SR;OK;TASK000013735240;Priority 3;NA
L1;812;MON;SR;OK;TASK000013735294;Priority 3;NA
SEC;812;SEC;SR;OK;TASK000013735581;Priority 3;NA
L1;BWI;L1 ;SR;OK;TASK000013736745;Priority 3;NA
SEC;BWI;SEC;SR;OK;TASK000013736767;Priority 4;NA
SEC;BWI;SEC;SR;OK;TASK000013736803;Priority 4;NA
SEC;BWI;SEC;SR;OK;TASK000013736819;Priority 4;NA
DBA;812;DBA;SR;OK;TASK000013736914;Priority 3;NA
0;SYN;SEC;SR;OK;TASK000013737282;Priority 3;NA
APS;ETH;APS;SR;OK;TASK000013737349;Priority 3;NA
0;SYN;SEC;SR;OK;TASK000013737593;Priority 3;NA
L1;BWI;L1 ;SR;OK;TASK000013737631;Priority 3;NA
SEC;MNT;SEC;SR;OK;TASK000013737692;Priority 3;NA
L1;BWI;L1 ;SR;OK;TASK000013737711;Priority 3;NA
SEC;BWI;SEC;SR;OK;TASK000013737724;Priority 4;NA
SEC;BWI;SEC;SR;OK;TASK000013737744;Priority 4;NA
SEC;BWI;SEC;SR;OK;TASK000013737749;Priority 4;NA
SEC;BWI;SEC;SR;OK;TASK000013737751;Priority 4;NA
0;SYN;SEC;SR;OK;TASK000013737757;Priority 3;NA
SEC;CAN;SEC;SR;OK;TASK000013737813;Priority 3;NA
APS;ETH;APS;SR;OK;TASK000013737877;Priority 3;NA
APS;ETH;APS;SR;OK;TASK000013737896;Priority 3;NA
APS;ETH;APS;SR;OK;TASK000013737975;Priority 3;NA
L1;BWI;L1 ;SR;OK;TASK000013738013;Priority 4;NA
L1;DCF;CNC;SR;OK;TASK000013738248;Priority 3;NA
CNC;EES;CNC;SR;OK;TASK000013738296;Priority 3;NA
FUN;ETH;FUN;SR;OK;TASK000013739696;Priority 4;NA
APS;EES;APS;SR;OK;TASK000013739825;Priority 4;NA
L1;812;MON;SR;OK;TASK000013740075;Priority 4;NA
APS;EES;APS;SR;OK;TASK000013740132;Priority 4;NA
APS;ETH;APS;SR;OK;TASK000013740237;Priority 4;NA
SEC;BWI;SEC;SR;OK;TASK000013740434;Priority 4;NA
SEC;BWI;SEC;SR;OK;TASK000013740933;Priority 4;NA
SEC;BWI;SEC;SR;OK;TASK000013740968;Priority 4;NA
APS;EES;APS;SR;OK;TASK000013741027;Priority 4;NA
SEC;BWI;SEC;SR;OK;TASK000013741497;Priority 4;NA
SEC;BWI;SEC;SR;OK;TASK000013742206;Priority 4;NA
FUN;WS;FUN;SR;OK;TASK000013743450;Priority 4;NA
APS;EES;APS;SR;OK;TASK000013744669;Priority 4;NA
FUN;DXE;FUN;SR;OK;TASK000013744908;Priority 4;NA
SEC;812;SEC;SR;OK;TASK000013745712;Priority 4;NA
FUN;ETH;FUN;SR;OK;TASK000013745886;Priority 4;NA
L1;BWI;L1 ;SR;OK;TASK000013746145;Priority 4;NA
SEC;BWI;SEC;SR;OK;TASK000013747045;Priority 4;NA
SEC;BWI;SEC;SR;OK;TASK000013747979;Priority 4;NA
SEC;BWI;SEC;SR;OK;TASK000013748338;Priority 4;NA
FIN;812;FUN;SR;OK;TASK000013748919;Priority 4;NA
SEC;BWI;SEC;SR;OK;TASK000013748925;Priority 4;NA
SEC;BWI;SEC;SR;OK;TASK000013748950;Priority 4;NA
FIN;812;FUN;SR;OK;TASK000013749459;Priority 4;NA
FUN;812;FUN;SR;OK;TASK000013750163;Priority 4;NA
SEC;BWI;SEC;SR;OK;TASK000013750353;Priority 4;NA
SEC;BWI;SEC;SR;OK;TASK000013750383;Priority 4;NA
SEC;BWI;SEC;SR;OK;TASK000013750398;Priority 4;NA
SEC;BWI;SEC;SR;OK;TASK000013750481;Priority 4;NA
APS;ETH;APS;SR;OK;TASK000013751381;Priority 4;NA
L1;812;MON;SR;OK;TASK000013751387;Priority 4;NA
SEC;BWI;SEC;SR;OK;TASK000013751667;Priority 4;NA
FUN;EES;FUN;SR;OK;TASK000013751934;Priority 4;NA
SEC;BWI;SEC;SR;OK;TASK000013752021;Priority 4;NA
FUN;EDS;FUN;SR;OK;TASK000013752106;Priority 4;NA
SEC;BWI;SEC;SR;OK;TASK000013754865;Priority 4;NA
SEC;LAT;SEC;SR;Defect;TASK000013754904;Priority 4;NA
APS;EES;APS;SR;OK;TASK000013755165;Priority 4;NA
FUN;EMS;FUN;SR;OK;TASK000013755249;Priority 4;NA
L1;BWI;L1 ;SR;OK;TASK000013755310;Priority 4;NA
FUN;DXE;FUN;SR;OK;TASK000013755314;Priority 4;NA
SEC;BWI;SEC;SR;OK;TASK000013755531;Priority 4;NA
SEC;BWI;SEC;SR;OK;TASK000013755574;Priority 4;NA
SEC;BWI;SEC;SR;OK;TASK000013756193;Priority 4;NA
APS;ETH;APS;SR;OK;TASK000013756442;Priority 4;NA
L1;BWI;L1 ;SR;OK;TASK000013756443;Priority 4;NA
SEC;BWI;SEC;SR;OK;TASK000013757620;Priority 4;NA
APS;ETH;APS;SR;OK;TASK000013758540;Priority 4;NA
APS;ETH;APS;SR;OK;TASK000013758561;Priority 4;NA
FUN;MNT;FUN;SR;OK;TASK000013758621;Priority 4;NA
FIN;MNT;FUN;SR;OK;TASK000013758710;Priority 4;NA
L1;BWI;L1 ;SR;OK;TASK000013759063;Priority 4;NA
APS;EES;APS;SR;OK;TASK000013759166;Priority 4;NA
FUN;WS;FUN;SR;OK;TASK000013759366;Priority 4;NA
SEC;BWI;SEC;SR;OK;TASK000013760684;Priority 4;NA
APS;ETH;APS;SR;OK;TASK000013760748;Priority 4;NA
L1;BWI;L1 ;SR;OK;TASK000013760854;Priority 4;NA
SEC;BWI;SEC;SR;OK;TASK000013761482;Priority 4;NA
SEC;BWI;SEC;SR;OK;TASK000013762188;Priority 4;NA
OPS;EMS;OPS;SR;OK;TASK000013762832;Priority 4;NA
L1;812;MON;SR;OK;TASK000013763239;Priority 4;NA
L1;812;MON;SR;OK;TASK000013763247;Priority 4;NA
APS;ETH;APS;SR;OK;TASK000013763311;Priority 3;NA
DBA;812;DBA;SR;OK;TASK000013763324;Priority 3;NA
CNC;DCF;CNC;SR;OK;TASK000013763382;Priority 3;NA
L1;812;MON;SR;OK;TASK000013763450;Priority 4;NA
SEC;812;SEC;SR;OK;TASK000013763471;Priority 3;NA
L1;812;MON;SR;OK;TASK000013763503;Priority 4;NA
SEC;DCF;SEC;SR;OK;TASK000013763598;Priority 3;NA
SEC;DCF;SEC;SR;OK;TASK000013763622;Priority 3;NA
CNC;812;CNC;SR;OK;TASK000013763860;Priority 3;NA
CNC;812;CNC;SR;OK;TASK000013764209;Priority 3;NA
SCH;LAT;SCH;SR;OK;TASK000013764267;Priority 3;NA
FIN;812;FUN;SR;OK;TASK000013764335;Priority 3;NA
DBA;812;DBA;SR;OK;TASK000013764341;Priority 3;NA
SEC;ETH;SEC;SR;Defect;TASK000013764396;Priority 3;NA
L1;BWI;L1 ;SR;OK;TASK000013764399;Priority 3;NA
SEC;812;SEC;SR;OK;TASK000013764439;Priority 3;NA
SEC;812;SEC;SR;OK;TASK000013764454;Priority 3;NA
SEC;812;SEC;SR;OK;TASK000013764480;Priority 3;NA
APS;ETH;APS;SR;OK;TASK000013764481;Priority 4;NA
SEC;812;SEC;SR;OK;TASK000013764558;Priority 3;NA
SEC;SYN;SEC;SR;OK;TASK000013764575;Priority 3;NA
SEC;BWI;SEC;SR;OK;TASK000013764739;Priority 4;NA
L1;812;MON;SR;OK;TASK000013764854;Priority 3;NA
CNC;BWI;CNC;SR;OK;TASK000013764943;Priority 3;NA
SEC;ETH;SEC;SR;OK;TASK000013764955;Priority 3;NA
SEC;ETH;SEC;SR;OK;TASK000013764974;Priority 3;NA
SEC;812;SEC;SR;OK;TASK000013765052;Priority 3;NA
SEC;BWI;SEC;SR;OK;TASK000013765081;Priority 4;NA
SEC;BWI;SEC;SR;OK;TASK000013765114;Priority 4;NA
SEC;812;SEC;SR;OK;TASK000013765131;Priority 3;NA
DBA;812;DBA;SR;OK;TASK000013765158;Priority 3;NA
SEC;BWI;SEC;SR;OK;TASK000013765168;Priority 4;NA
DBA;812;DBA;SR;OK;TASK000013765184;Priority 3;NA
SEC;812;SEC;SR;OK;TASK000013765208;Priority 3;NA
CNC;LAT;CNC;SR;OK;TASK000013765239;Priority 3;NA
SEC;MNT;SEC;SR;OK;TASK000013765260;Priority 3;NA
SEC;EDS;SEC;SR;OK;TASK000013765269;Priority 3;NA
SEC;DCF;SEC;SR;OK;TASK000013765343;Priority 3;NA
CNC;812;CNC;SR;OK;TASK000013765379;Priority 3;NA
SEC;BWI;SEC;SR;OK;TASK000013765399;Priority 4;NA
SEC;812;SEC;SR;OK;TASK000013765450;Priority 3;NA
SEC;BWI;SEC;SR;OK;TASK000013765467;Priority 4;NA
SEC;WS;SEC;SR;OK;TASK000013765474;Priority 3;NA
SEC;BWI;SEC;SR;OK;TASK000013765533;Priority 4;NA
SEC;EMS;SEC;SR;OK;TASK000013765617;Priority 3;NA
SEC;DXE;SEC;SR;OK;TASK000013765625;Priority 3;NA
SEC;MNT;SEC;SR;OK;TASK000013765664;Priority 3;NA
APS;EES;APS;SR;OK;TASK000013765681;Priority 3;NA
SEC;BWI;SEC;SR;OK;TASK000013765699;Priority 4;NA
L1;BWI;L1 ;SR;OK;TASK000013765847;Priority 3;NA
MNT;MNT;FUN;SR;OK;TASK000013765907;Priority 4;NA
DBA;812;DBA;SR;OK;TASK000013765931;Priority 3;NA
SCH;812;SCH;SR;OK;TASK000013765958;Priority 3;NA
DBA;812;DBA;SR;OK;TASK000013765962;Priority 3;NA
SEC;BWI;SEC;SR;OK;TASK000013766020;Priority 4;NA
CNC;812;CNC;SR;OK;TASK000013766050;Priority 3;NA
SEC;DPY;SEC;SR;Defect;TASK000013766068;Priority 3;NA
SEC;MNT;SEC;SR;Defect;TASK000013766170;Priority 3;NA
L1;BWI;L1 ;SR;OK;TASK000013766178;Priority 3;NA
SEC;BWI;SEC;SR;OK;TASK000013766183;Priority 4;NA
SEC;SYN;SEC;SR;OK;TASK000013766283;Priority 3;NA
SEC;SYN;SEC;SR;OK;TASK000013766297;Priority 3;NA
FUN;DCF;SEC;SR;OK;TASK000013766452;Priority 3;NA
APS;ETH;APS;SR;OK;TASK000013766461;Priority 3;NA
APS;EES;APS;SR;OK;TASK000013766487;Priority 3;NA
SEC;DCF;SEC;SR;Defect;TASK000013766590;Priority 3;NA
SEC;DPY;SEC;SR;OK;TASK000013766593;Priority 3;NA
CNC;812;CNC;SR;OK;TASK000013766732;Priority 3;NA
CNC;812;CNC;SR;OK;TASK000013766733;Priority 3;NA
SCH;BWI;SCH;SR;OK;TASK000013766757;Priority 4;NA
SEC;SYN;SEC;SR;OK;TASK000013766760;Priority 3;NA
SEC;SYN;SEC;SR;OK;TASK000013766767;Priority 3;NA
SEC;BWI;SEC;SR;OK;TASK000013766799;Priority 4;NA
APS;EES;APS;SR;OK;TASK000013766869;Priority 4;NA
SEC;BWI;SEC;SR;OK;TASK000013766944;Priority 4;NA
L1;BWI;L1 ;SR;OK;TASK000013767348;Priority 3;NA
SEC;DXE;SEC;SR;OK;TASK000013767407;Priority 3;NA
APS;DCF;APS;SR;OK;TASK000013767842;Priority 3;NA
APS;ETH;APS;SR;OK;TASK000013767916;Priority 3;NA
DBA;812;DBA;SR;OK;TASK000013767918;Priority 3;NA
L1;812;MON;SR;OK;TASK000013767929;Priority 4;NA
SEC;812;SEC;SR;OK;TASK000013767962;Priority 3;NA
SEC;812;SEC;SR;OK;TASK000013768121;Priority 3;NA
SEC;812;SEC;SR;OK;TASK000013768129;Priority 3;NA
L1;812;MON;SR;OK;TASK000013768268;Priority 4;NA
SEC;812;SEC;SR;OK;TASK000013768422;Priority 3;NA
L1;812;MON;SR;OK;TASK000013768618;Priority 4;NA
DBA;812;DBA;SR;OK;TASK000013768640;Priority 3;NA
SEC;MNT;SEC;SR;OK;TASK000013768668;Priority 3;NA
SEC;812;SEC;SR;OK;TASK000013768669;Priority 3;NA
SEC;DXE;SEC;SR;OK;TASK000013768726;Priority 3;NA
SEC;812;SEC;SR;OK;TASK000013768792;Priority 3;NA
SEC;DXE;SEC;SR;OK;TASK000013768794;Priority 3;NA
SEC;MNT;SEC;SR;OK;TASK000013768882;Priority 3;NA
SEC;812;SEC;SR;OK;TASK000013768997;Priority 3;NA
SEC;SYN;SEC;SR;OK;TASK000013769056;Priority 3;NA
DBA;812;DBA;SR;OK;TASK000013769092;Priority 3;NA
APS;DCF;APS;SR;OK;TASK000013769109;Priority 3;NA
DBA;812;DBA;SR;OK;TASK000013769125;Priority 3;NA
L1;812;MON;SR;OK;TASK000013769156;Priority 3;NA
APS;DCF;APS;SR;OK;TASK000013769167;Priority 3;NA
SEC;812;SEC;SR;OK;TASK000013769194;Priority 3;NA
SEC;SYN;SEC;SR;OK;TASK000013769197;Priority 3;NA
SEC;ETH;SEC;SR;OK;TASK000013769213;Priority 3;NA
SEC;ETH;SEC;SR;OK;TASK000013769288;Priority 3;NA
SEC;BWI;SEC;SR;OK;TASK000013769319;Priority 4;NA
SEC;812;SEC;SR;OK;TASK000013769375;Priority 3;NA
SEC;SYN;SEC;SR;OK;TASK000013769394;Priority 3;NA
SEC;DXE;SEC;SR;OK;TASK000013769415;Priority 3;NA
FUN;EES;FUN;SR;OK;TASK000013769419;Priority 4;NA
SEC;ETH;SEC;SR;OK;TASK000013769468;Priority 3;NA
CNC;812;CNC;SR;OK;TASK000013769523;Priority 3;NA
APS;ETH;APS;SR;OK;TASK000013769579;Priority 4;NA
CNC;812;CNC;SR;OK;TASK000013769780;Priority 3;NA
SEC;BWI;SEC;SR;OK;TASK000013769916;Priority 4;NA
SEC;812;SEC;SR;OK;TASK000013769921;Priority 3;NA
SEC;ETH;SEC;SR;OK;TASK000013769945;Priority 3;NA
FUN;812;FUN;SR;OK;TASK000013770015;Priority 3;NA
SEC;812;SEC;SR;OK;TASK000013770059;Priority 3;NA
SEC;812;SEC;SR;OK;TASK000013770089;Priority 3;NA
L1;BWI;L1 ;SR;OK;TASK000013770105;Priority 3;NA
SEC;812;SEC;SR;OK;TASK000013770165;Priority 3;NA
SEC;BWI;SEC;SR;OK;TASK000013770211;Priority 4;NA
SEC;812;SEC;SR;OK;TASK000013770215;Priority 3;NA
APS;ETH;APS;SR;OK;TASK000013770285;Priority 3;NA
SEC;BWI;SEC;SR;OK;TASK000013770756;Priority 4;NA
FUN;812;FUN;SR;OK;TASK000013770778;Priority 3;NA
SEC;BWI;SEC;SR;OK;TASK000013770963;Priority 4;NA
SEC;MNT;SEC;SR;OK;TASK000013771062;Priority 3;NA
SEC;MNT;SEC;SR;OK;TASK000013771074;Priority 3;NA
CNC;812;CNC;SR;OK;TASK000013771141;Priority 3;NA
CNC;812;CNC;SR;OK;TASK000013771143;Priority 3;NA
SEC;SYN;SEC;SR;Defect;TASK000013771249;Priority 3;NA
FUN;DCF;SEC;SR;Defect;TASK000013771263;Priority 3;NA
FUN;DCF;SEC;SR;OK;TASK000013771398;Priority 3;NA
SEC;SYN;SEC;SR;OK;TASK000013771403;Priority 3;NA
FUN;DCF;SEC;SR;Defect;TASK000013771482;Priority 3;NA
SEC;EES;SEC;SR;Defect;TASK000013771507;Priority 3;NA
FUN;DCF;SEC;SR;Defect;TASK000013771523;Priority 3;NA
SEC;ETH;SEC;SR;OK;TASK000013771642;Priority 3;NA
SEC;BWI;SEC;SR;OK;TASK000013771663;Priority 4;NA
FUN;DCF;SEC;SR;Defect;TASK000013771752;Priority 3;NA
FUN;DCF;SEC;SR;OK;TASK000013771805;Priority 3;NA
L1;BWI;L1 ;SR;OK;TASK000013771947;Priority 3;NA
SEC;BWI;SEC;SR;OK;TASK000013771989;Priority 4;NA
SEC;MNT;SEC;SR;OK;TASK000013771997;Priority 3;NA
SEC;BWI;SEC;SR;OK;TASK000013772044;Priority 4;NA
L1;812;MON;SR;OK;TASK000013772084;Priority 3;NA
SEC;BWI;SEC;SR;OK;TASK000013772101;Priority 4;NA
SEC;BWI;SEC;SR;OK;TASK000013772249;Priority 4;NA
APS;DCF;APS;SR;OK;TASK000013772793;Priority 4;NA
SEC;812;SEC;SR;OK;TASK000013772884;Priority 3;NA
SEC;812;SEC;SR;OK;TASK000013772915;Priority 3;NA
APS;ETH;APS;SR;OK;TASK000013772945;Priority 3;NA
FUN;812;FUN;SR;OK;TASK000013772951;Priority 3;NA
CNC;812;CNC;SR;OK;TASK000013773130;Priority 3;NA
SEC;812;SEC;SR;OK;TASK000013773162;Priority 3;NA
SEC;812;SEC;SR;Defect;TASK000013773204;Priority 3;NA
L1;812;MON;SR;OK;TASK000013773206;Priority 3;NA
SEC;DCF;SEC;SR;OK;TASK000013773208;Priority 3;NA
FUN;WS;FUN;SR;OK;TASK000013773228;Priority 4;NA
SEC;EDS;SEC;SR;OK;TASK000013773335;Priority 3;NA
L1;812;MON;SR;OK;TASK000013773381;Priority 4;NA
SEC;BWI;SEC;SR;OK;TASK000013773388;Priority 4;NA
SEC;DXE;SEC;SR;OK;TASK000013773393;Priority 3;NA
SEC;EMS;SEC;SR;OK;TASK000013773394;Priority 3;NA
SEC;812;SEC;SR;OK;TASK000013773414;Priority 3;NA
SEC;812;SEC;SR;OK;TASK000013773421;Priority 3;NA
SEC;DCF;SEC;SR;OK;TASK000013773426;Priority 3;NA
DBA;812;DBA;SR;OK;TASK000013773455;Priority 3;NA
SEC;DCF;SEC;SR;OK;TASK000013773505;Priority 3;NA
APS;ETH;APS;SR;OK;TASK000013773532;Priority 3;NA
DBA;812;DBA;SR;OK;TASK000013773634;Priority 3;NA
SEC;812;SEC;SR;OK;TASK000013773688;Priority 3;NA
FUN;ETH;FUN;SR;OK;TASK000013773758;Priority 3;NA
SEC;SYN;SEC;SR;OK;TASK000013773823;Priority 3;NA
FIN;DCF;FUN;SR;OK;TASK000013773868;Priority 4;NA
SEC;SYN;SEC;SR;OK;TASK000013773889;Priority 3;NA
DBA;812;DBA;SR;OK;TASK000013773890;Priority 3;NA
L1;BWI;L1 ;SR;OK;TASK000013773908;Priority 4;NA
SEC;812;SEC;SR;OK;TASK000013773938;Priority 3;NA
CNC;DPY;CNC;SR;OK;TASK000013773979;Priority 3;NA
APS;ETH;APS;SR;OK;TASK000013774062;Priority 3;NA
SEC;812;SEC;SR;OK;TASK000013774092;Priority 3;NA
SEC;812;SEC;SR;OK;TASK000013774183;Priority 3;NA
OPS;WS;SEC;SR;OK;TASK000013774216;Priority 3;NA
SEC;BWI;SEC;SR;OK;TASK000013774279;Priority 3;NA
SCH;812;SCH;SR;OK;TASK000013774283;Priority 3;NA
APS;ETH;APS;SR;OK;TASK000013774446;Priority 3;NA
CNC;812;CNC;SR;OK;TASK000013774493;Priority 3;NA
DBA;812;DBA;SR;OK;TASK000013774650;Priority 3;NA
SEC;SYN;SEC;SR;OK;TASK000013774716;Priority 3;NA
FIN;DCF;FUN;SR;OK;TASK000013774744;Priority 4;NA
DBA;812;DBA;SR;OK;TASK000013774746;Priority 3;NA
SEC;812;SEC;SR;OK;TASK000013774750;Priority 3;NA
SEC;LAT;SEC;SR;OK;TASK000013774794;Priority 3;NA
APS;EES;APS;SR;OK;TASK000013774825;Priority 4;NA
SEC;EDS;SEC;SR;OK;TASK000013774873;Priority 3;NA
CNC;812;CNC;SR;OK;TASK000013774886;Priority 3;NA
SEC;812;SEC;SR;OK;TASK000013774890;Priority 3;NA
APS;ETH;APS;SR;OK;TASK000013774922;Priority 3;NA
SEC;DCF;SEC;SR;Defect;TASK000013774967;Priority 3;NA
FUN;812;FUN;SR;OK;TASK000013775070;Priority 4;NA
L1;BWI;L1 ;SR;OK;TASK000013775091;Priority 4;NA
SEC;812;SEC;SR;OK;TASK000013775133;Priority 3;NA
CNC;LAT;CNC;SR;OK;TASK000013775242;Priority 3;NA
CNC;812;CNC;SR;OK;TASK000013775404;Priority 3;NA
L1;BWI;L1 ;SR;OK;TASK000013775451;Priority 3;NA
FUN;ETH;FUN;SR;OK;TASK000013775464;Priority 3;NA
FUN;DCF;SEC;SR;Defect;TASK000013775496;Priority 3;NA
CNC;BWI;CNC;SR;OK;TASK000013775501;Priority 3;NA
FUN;ETH;FUN;SR;OK;TASK000013775553;Priority 3;NA
L1;BWI;L1 ;SR;OK;TASK000013775578;Priority 4;NA
APS;ETH;APS;SR;OK;TASK000013775584;Priority 3;NA
FUN;EES;FUN;SR;OK;TASK000013775611;Priority 4;NA
SEC;ETH;SEC;SR;OK;TASK000013775715;Priority 3;NA
SEC;BWI;SEC;SR;OK;TASK000013775740;Priority 4;NA
SEC;BWI;SEC;SR;OK;TASK000013775776;Priority 4;NA
SEC;BWI;SEC;SR;OK;TASK000013775793;Priority 4;NA
SEC;BWI;SEC;SR;OK;TASK000013775800;Priority 4;NA
SEC;BWI;SEC;SR;OK;TASK000013775807;Priority 4;NA
L1;BWI;L1 ;SR;OK;TASK000013775897;Priority 4;NA
SEC;BWI;SEC;SR;OK;TASK000013775910;Priority 4;NA
SEC;BWI;SEC;SR;OK;TASK000013775923;Priority 4;NA
APS;ETH;APS;SR;OK;TASK000013775935;Priority 3;NA
SEC;BWI;SEC;SR;OK;TASK000013775938;Priority 4;NA
SEC;BWI;SEC;SR;OK;TASK000013775946;Priority 4;NA
APS;ETH;APS;SR;OK;TASK000013775952;Priority 3;NA
SEC;BWI;SEC;SR;OK;TASK000013775954;Priority 4;NA
SEC;BWI;SEC;SR;OK;TASK000013775958;Priority 4;NA
SEC;BWI;SEC;SR;OK;TASK000013775965;Priority 4;NA
SEC;BWI;SEC;SR;OK;TASK000013775985;Priority 4;NA
APS;ETH;APS;SR;OK;TASK000013776020;Priority 3;NA
APS;ETH;APS;SR;OK;TASK000013776029;Priority 3;NA
FUN;ETH;FUN;SR;OK;TASK000013776072;Priority 3;NA
APS;ETH;APS;SR;OK;TASK000013776287;Priority 3;NA
L1;BWI;L1 ;SR;OK;TASK000013776315;Priority 4;NA
SEC;BWI;SEC;SR;OK;TASK000013776345;Priority 4;NA
SEC;SYN;SEC;SR;OK;TASK000013776350;Priority 3;NA
SEC;BWI;SEC;SR;OK;TASK000013776354;Priority 4;NA
SEC;BWI;SEC;SR;OK;TASK000013776360;Priority 4;NA
SEC;ETH;SEC;SR;OK;TASK000013776510;Priority 3;NA
L1;BWI;L1 ;SR;OK;TASK000013776600;Priority 3;NA
SEC;BWI;SEC;SR;OK;TASK000013776837;Priority 4;NA
SEC;BWI;SEC;SR;OK;TASK000013776852;Priority 4;NA
FUN;DCF;FUN;SR;OK;TASK000013777324;Priority 3;NA
DBA;812;DBA;SR;OK;TASK000013777383;Priority 3;NA
FUN;812;FUN;SR;OK;TASK000013777398;Priority 3;NA
SEC;812;SEC;SR;OK;TASK000013777523;Priority 3;NA
SEC;DCF;SEC;SR;OK;TASK000013777619;Priority 3;NA
FUN;DXE;FUN;SR;OK;TASK000013777625;Priority 3;NA
SEC;812;SEC;SR;OK;TASK000013777659;Priority 3;NA
SEC;812;SEC;SR;OK;TASK000013777697;Priority 3;NA
SEC;812;SEC;SR;OK;TASK000013777887;Priority 3;NA
SEC;DXE;SEC;SR;OK;TASK000013777938;Priority 3;NA
FUN;812;FUN;SR;OK;TASK000013778389;Priority 4;NA
SEC;812;SEC;SR;OK;TASK000013778416;Priority 3;NA
SEC;812;SEC;SR;OK;TASK000013778420;Priority 3;NA
APS;ETH;APS;SR;OK;TASK000013778459;Priority 3;NA
SEC;812;SEC;SR;OK;TASK000013778680;Priority 3;NA
SEC;ETH;SEC;SR;OK;TASK000013778702;Priority 3;NA
SEC;812;SEC;SR;OK;TASK000013778766;Priority 3;NA
SEC;812;SEC;SR;OK;TASK000013778913;Priority 3;NA
FUN;EMS;FUN;SR;OK;TASK000013778954;Priority 3;NA
SCH;812;SCH;SR;OK;TASK000013779023;Priority 3;NA
FUN;EMS;FUN;SR;OK;TASK000013779066;Priority 4;NA
SEC;812;SEC;SR;OK;TASK000013779084;Priority 3;NA
SEC;DCF;SEC;SR;OK;TASK000013779130;Priority 3;NA
L1;BWI;L1 ;SR;OK;TASK000013779160;Priority 4;NA
CNC;812;CNC;SR;OK;TASK000013779227;Priority 3;NA
APS;ETH;APS;SR;OK;TASK000013779301;Priority 3;NA
SEC;MNT;SEC;SR;OK;TASK000013779321;Priority 3;NA
SEC;SYN;SEC;SR;OK;TASK000013779375;Priority 3;NA
SEC;BWI;SEC;SR;OK;TASK000013779382;Priority 4;NA
L1;BWI;L1 ;SR;OK;TASK000013779485;Priority 4;NA
SEC;812;SEC;SR;OK;TASK000013779492;Priority 3;NA
FUN;812;FUN;SR;OK;TASK000013779573;Priority 3;NA
L1;BWI;L1 ;SR;OK;TASK000013779601;Priority 3;NA
SEC;BWI;SEC;SR;OK;TASK000013779619;Priority 4;NA
CNC;812;CNC;SR;OK;TASK000013779622;Priority 3;NA
L1;BWI;L1 ;SR;OK;TASK000013779677;Priority 3;NA
SEC;DXE;SEC;SR;OK;TASK000013779724;Priority 3;NA
SEC;BWI;SEC;SR;OK;TASK000013779790;Priority 4;NA
APS;ETH;APS;SR;OK;TASK000013779893;Priority 3;NA
APS;ETH;APS;SR;OK;TASK000013779906;Priority 3;NA
APS;ETH;APS;SR;OK;TASK000013779916;Priority 3;NA
SCH;LAT;SCH;SR;OK;TASK000013780092;Priority 3;NA
SEC;DCF;SEC;SR;Defect;TASK000013780313;Priority 3;NA
SEC;SYN;SEC;SR;OK;TASK000013780377;Priority 3;NA
SEC;EMS;SEC;SR;OK;TASK000013780440;Priority 3;NA
SEC;SYN;SEC;SR;OK;TASK000013780469;Priority 3;NA
FUN;ETH;FUN;SR;OK;TASK000013780515;Priority 3;NA
SEC;MNT;SEC;SR;OK;TASK000013780550;Priority 3;NA
SEC;SYN;SEC;SR;OK;TASK000013780590;Priority 3;NA
SEC;BWI;SEC;SR;OK;TASK000013780800;Priority 4;NA
SEC;DCF;SEC;SR;Defect;TASK000013780885;Priority 3;NA
L1;BWI;L1 ;SR;OK;TASK000013780980;Priority 3;NA
SEC;ETH;SEC;SR;OK;TASK000013781002;Priority 3;NA
L1;812;MON;SR;OK;TASK000013781059;Priority 3;NA
FUN;EDS;FUN;SR;OK;TASK000013781361;Priority 3;NA
L1;812;MON;SR;OK;TASK000013781588;Priority 3;NA
SEC;812;SEC;SR;OK;TASK000013781670;Priority 3;NA
FUN;DCF;FUN;SR;OK;TASK000013781761;Priority 3;NA
SEC;812;SEC;SR;OK;TASK000013782010;Priority 3;NA
L1;812;MON;SR;OK;TASK000013782084;Priority 3;NA
FIN;812;FUN;SR;OK;TASK000013782118;Priority 4;NA
DBA;812;DBA;SR;OK;TASK000013782160;Priority 3;NA
CNC;812;CNC;SR;OK;TASK000013782219;Priority 3;NA
SEC;ETH;SEC;SR;OK;TASK000013782283;Priority 3;NA
SEC;812;SEC;SR;OK;TASK000013782289;Priority 3;NA
SEC;ETH;SEC;SR;OK;TASK000013782317;Priority 3;NA
FUN;ETH;FUN;SR;OK;TASK000013782398;Priority 4;NA
SEC;812;SEC;SR;OK;TASK000013782456;Priority 3;NA
SEC;812;SEC;SR;OK;TASK000013782535;Priority 3;NA
APS;EES;APS;SR;OK;TASK000013782624;Priority 3;NA
SEC;812;SEC;SR;OK;TASK000013782650;Priority 3;NA
SEC;SYN;SEC;SR;OK;TASK000013782674;Priority 3;NA
SEC;812;SEC;SR;OK;TASK000013782715;Priority 3;NA
SEC;812;SEC;SR;OK;TASK000013782772;Priority 3;NA
SEC;SYN;SEC;SR;OK;TASK000013782805;Priority 3;NA
SEC;SYN;SEC;SR;OK;TASK000013782833;Priority 3;NA
SEC;ETH;SEC;SR;OK;TASK000013782919;Priority 3;NA
SEC;ETH;SEC;SR;OK;TASK000013782944;Priority 3;NA
SEC;ETH;SEC;SR;OK;TASK000013783095;Priority 3;NA
DBA;812;DBA;SR;OK;TASK000013783099;Priority 3;NA
SEC;DPY;SEC;SR;Defect;TASK000013783156;Priority 3;NA
SEC;ETH;SEC;SR;OK;TASK000013783161;Priority 3;NA
SEC;ETH;SEC;SR;OK;TASK000013783186;Priority 3;NA
SEC;812;SEC;SR;OK;TASK000013783262;Priority 3;NA
SCH;812;SCH;SR;OK;TASK000013783268;Priority 3;NA
APS;ETH;APS;SR;OK;TASK000013783274;Priority 3;NA
DBA;812;DBA;SR;OK;TASK000013783434;Priority 3;NA
APS;DCF;APS;SR;OK;TASK000013783618;Priority 3;NA
SEC;812;SEC;SR;OK;TASK000013783631;Priority 3;NA
SEC;812;SEC;SR;OK;TASK000013783772;Priority 3;NA
SEC;812;SEC;SR;OK;TASK000013783852;Priority 3;NA
SCH;812;SCH;SR;OK;TASK000013783959;Priority 3;NA
L1;BWI;L1 ;SR;OK;TASK000013783995;Priority 3;NA
SEC;ETH;SEC;SR;OK;TASK000013784052;Priority 3;NA
L1;BWI;L1 ;SR;OK;TASK000013784053;Priority 4;NA
SEC;MNT;SEC;SR;OK;TASK000013784146;Priority 3;NA
SCH;LAT;SCH;SR;OK;TASK000013784218;Priority 3;NA
SEC;SYN;SEC;SR;OK;TASK000013784238;Priority 3;NA
SEC;MNT;SEC;SR;OK;TASK000013784239;Priority 3;NA
L1;BWI;L1 ;SR;OK;TASK000013784279;Priority 4;NA
APS;ETH;APS;SR;OK;TASK000013784344;Priority 3;NA
APS;ETH;APS;SR;OK;TASK000013784349;Priority 3;NA
SEC;BWI;SEC;SR;OK;TASK000013784377;Priority 4;NA
DBA;812;DBA;SR;Defect;TASK000013784406;Priority 3;NA
SEC;SYN;SEC;SR;OK;TASK000013784474;Priority 3;NA
SEC;SYN;SEC;SR;OK;TASK000013784533;Priority 3;NA
SEC;CAN;SEC;SR;Defect;TASK000013784542;Priority 3;NA
SEC;DPY;SEC;SR;Defect;TASK000013784644;Priority 3;NA
SEC;SYN;SEC;SR;Defect;TASK000013784696;Priority 3;NA
FUN;812;FUN;SR;OK;TASK000013784708;Priority 3;NA
SEC;MNT;SEC;SR;OK;TASK000013784780;Priority 3;NA
APS;ETH;APS;SR;OK;TASK000013784824;Priority 3;NA
L1;MNT;MON;SR;OK;TASK000013784862;Priority 3;NA
SEC;MNT;SEC;SR;OK;TASK000013784923;Priority 3;NA
SEC;MNT;SEC;SR;OK;TASK000013784970;Priority 3;NA
SEC;BWI;SEC;SR;OK;TASK000013784983;Priority 4;NA
SEC;BWI;SEC;SR;OK;TASK000013784984;Priority 4;NA
APS;ETH;APS;SR;OK;TASK000013785324;Priority 4;NA
SEC;WS;SEC;SR;OK;TASK000013785514;Priority 3;NA
CNC;812;CNC;SR;OK;TASK000013785616;Priority 3;NA
SEC;EMS;SEC;SR;OK;TASK000013785620;Priority 3;NA
L1;BWI;L1 ;SR;OK;TASK000013785697;Priority 3;NA
FUN;ETH;FUN;SR;OK;TASK000013785751;Priority 4;NA
SEC;812;SEC;SR;OK;TASK000013785772;Priority 3;NA
APS;EES;APS;SR;OK;TASK000013785781;Priority 3;NA
SEC;812;SEC;SR;OK;TASK000013785833;Priority 3;NA
L1;MNT;MON;SR;OK;TASK000013785903;Priority 3;NA
APS;ETH;APS;SR;OK;TASK000013786766;Priority 4;NA
CNC;812;CNC;SR;OK;TASK000013786941;Priority 3;NA
APS;ETH;APS;SR;OK;TASK000013786999;Priority 3;NA
L1;BWI;CNC;SR;OK;TASK000013787167;Priority 3;NA
DBA;812;DBA;SR;OK;TASK000013787213;Priority 3;NA
CNC;812;CNC;SR;OK;TASK000013787214;Priority 3;NA
CNC;812;CNC;SR;OK;TASK000013787254;Priority 3;NA
SEC;EMS;SEC;SR;OK;TASK000013787276;Priority 3;NA
SEC;EMS;SEC;SR;OK;TASK000013787300;Priority 4;NA
CNC;812;CNC;SR;OK;TASK000013787374;Priority 3;NA
FUN;WS;FUN;SR;OK;TASK000013787384;Priority 3;NA
SEC;812;SEC;SR;OK;TASK000013787399;Priority 3;NA
SEC;812;SEC;SR;OK;TASK000013787408;Priority 3;NA
SEC;812;SEC;SR;OK;TASK000013787443;Priority 3;NA
APS;ETH;APS;SR;OK;TASK000013787449;Priority 4;NA
APS;ETH;APS;SR;OK;TASK000013787458;Priority 4;NA
DBA;812;DBA;SR;OK;TASK000013787574;Priority 3;NA
SEC;812;SEC;SR;OK;TASK000013787627;Priority 3;NA
FUN;COR;FUN;SR;OK;TASK000013787654;Priority 4;NA
SCH;812;SCH;SR;OK;TASK000013787685;Priority 3;NA
SEC;812;SEC;SR;OK;TASK000013787721;Priority 3;NA
SEC;EDS;SEC;SR;OK;TASK000013787767;Priority 3;NA
CNC;BWI;CNC;SR;OK;TASK000013787863;Priority 3;NA
SEC;812;SEC;SR;OK;TASK000013787872;Priority 3;NA
SEC;EDS;SEC;SR;OK;TASK000013787926;Priority 3;NA
SEC;EMS;SEC;SR;OK;TASK000013788008;Priority 3;NA
SEC;SYN;SEC;SR;OK;TASK000013788084;Priority 3;NA
FUN;ETH;FUN;SR;OK;TASK000013788194;Priority 3;NA
SCH;812;SCH;SR;OK;TASK000013788245;Priority 3;NA
SEC;812;SEC;SR;OK;TASK000013788255;Priority 3;NA
SCH;LAT;SCH;SR;OK;TASK000013788291;Priority 3;NA
APS;ETH;APS;SR;OK;TASK000013788304;Priority 3;NA
SEC;ETH;SEC;SR;OK;TASK000013788319;Priority 3;NA
FUN;812;FUN;SR;OK;TASK000013788381;Priority 4;NA
SEC;BWI;SEC;SR;OK;TASK000013788431;Priority 4;NA
APS;ETH;APS;SR;OK;TASK000013788505;Priority 4;NA
SEC;812;SEC;SR;OK;TASK000013788637;Priority 3;NA
SEC;DCF;SEC;SR;OK;TASK000013788680;Priority 3;NA
SEC;EMS;SEC;SR;OK;TASK000013788724;Priority 3;NA
CNC;812;CNC;SR;OK;TASK000013788752;Priority 3;NA
SEC;812;SEC;SR;OK;TASK000013788809;Priority 3;NA
L1;812;MON;SR;OK;TASK000013788878;Priority 4;NA
CNC;ETH;CNC;SR;OK;TASK000013788891;Priority 3;NA
SEC;812;SEC;SR;OK;TASK000013788892;Priority 3;NA
SEC;812;SEC;SR;OK;TASK000013788939;Priority 3;NA
CNC;DCF;CNC;SR;OK;TASK000013789023;Priority 3;NA
CNC;DCF;CNC;SR;OK;TASK000013789024;Priority 3;NA
SEC;EMS;SEC;SR;OK;TASK000013789038;Priority 3;NA
APS;ETH;APS;SR;OK;TASK000013789073;Priority 3;NA
DBA;812;DBA;SR;OK;TASK000013789120;Priority 3;NA
DBA;812;DBA;SR;OK;TASK000013789165;Priority 3;NA
SEC;812;SEC;SR;OK;TASK000013789197;Priority 3;NA
SCH;LAT;SCH;SR;OK;TASK000013789289;Priority 3;NA
L1;BWI;L1 ;SR;OK;TASK000013789482;Priority 3;NA
L1;BWI;L1 ;SR;OK;TASK000013789489;Priority 3;NA
SCH;812;SCH;SR;OK;TASK000013789497;Priority 3;NA
FUN;ETH;FUN;SR;OK;TASK000013789529;Priority 3;NA
L1;812;MON;SR;OK;TASK000013789550;Priority 3;NA
SEC;DXE;SEC;SR;OK;TASK000013789615;Priority 3;NA
CNC;812;CNC;SR;OK;TASK000013789637;Priority 3;NA
SEC;SYN;SEC;SR;OK;TASK000013789649;Priority 3;NA
SEC;WS;SEC;SR;OK;TASK000013789703;Priority 3;NA
SEC;BWI;SEC;SR;OK;TASK000013789715;Priority 4;NA
SEC;BWI;SEC;SR;OK;TASK000013789790;Priority 4;NA
SEC;BWI;SEC;SR;OK;TASK000013790186;Priority 4;NA
SEC;DXE;SEC;SR;OK;TASK000013790234;Priority 3;NA
CNC;LAT;CNC;SR;OK;TASK000013790301;Priority 3;NA
FUN;DXE;FUN;SR;OK;TASK000013790355;Priority 3;NA
FUN;DXE;FUN;SR;OK;TASK000013790391;Priority 3;NA
FUN;DXE;FUN;SR;OK;TASK000013790404;Priority 3;NA
FUN;DXE;FUN;SR;OK;TASK000013790419;Priority 3;NA
L1;BWI;L1 ;SR;OK;TASK000013790588;Priority 3;NA
SEC;812;SEC;SR;OK;TASK000013790651;Priority 3;NA
SEC;LAT;SEC;SR;OK;TASK000013790812;Priority 4;NA
SEC;BWI;SEC;SR;OK;TASK000013791009;Priority 4;NA
SEC;BWI;SEC;SR;OK;TASK000013791012;Priority 4;NA
L1;BWI;L1 ;SR;OK;TASK000013791051;Priority 3;NA
L1;MNT;MON;SR;OK;TASK000013791516;Priority 4;NA
SEC;DCF;SEC;SR;Defect;TASK000013791598;Priority 3;NA
FUN;812;FUN;SR;OK;TASK000013791610;Priority 4;NA
SEC;812;SEC;SR;OK;TASK000013791637;Priority 3;NA
SEC;812;SEC;SR;OK;TASK000013791801;Priority 3;NA
FUN;WS;FUN;SR;OK;TASK000013791880;Priority 4;NA
SEC;DCF;SEC;SR;OK;TASK000013792003;Priority 3;NA
FUN;812;FUN;SR;OK;TASK000013792122;Priority 3;NA
CNC;812;CNC;SR;OK;TASK000013792143;Priority 3;NA
SEC;812;SEC;SR;OK;TASK000013792238;Priority 3;NA
SEC;MNT;SEC;SR;OK;TASK000013792255;Priority 3;NA
FUN;WS;FUN;SR;OK;TASK000013792367;Priority 4;NA
DBA;812;DBA;SR;OK;TASK000013792446;Priority 3;NA
DBA;812;DBA;SR;OK;TASK000013792448;Priority 3;NA
DBA;812;DBA;SR;OK;TASK000013792449;Priority 3;NA
DBA;812;DBA;SR;OK;TASK000013792450;Priority 3;NA
SEC;812;SEC;SR;OK;TASK000013792493;Priority 3;NA
SEC;812;SEC;SR;OK;TASK000013792506;Priority 3;NA
SEC;812;SEC;SR;OK;TASK000013792560;Priority 3;NA
FUN;812;FUN;SR;OK;TASK000013792566;Priority 3;NA
SEC;812;SEC;SR;OK;TASK000013792602;Priority 3;NA
SEC;DXE;SEC;SR;OK;TASK000013792607;Priority 3;NA
SEC;DXE;SEC;SR;OK;TASK000013792690;Priority 3;NA
CNC;812;CNC;SR;OK;TASK000013792788;Priority 3;NA
SEC;SYN;SEC;SR;OK;TASK000013792806;Priority 3;NA
SEC;SYN;SEC;SR;OK;TASK000013792828;Priority 3;NA
SEC;SYN;SEC;SR;OK;TASK000013793009;Priority 3;NA
SEC;812;SEC;SR;OK;TASK000013793074;Priority 3;NA
SEC;SYN;SEC;SR;OK;TASK000013793110;Priority 3;NA
SEC;812;SEC;SR;OK;TASK000013793189;Priority 3;NA
SEC;BWI;SEC;SR;OK;TASK000013793205;Priority 4;NA
SEC;DXE;SEC;SR;OK;TASK000013793357;Priority 3;NA
SEC;DXE;SEC;SR;OK;TASK000013793419;Priority 3;NA
SEC;MNT;SEC;SR;OK;TASK000013793424;Priority 3;NA
SCH;812;SCH;SR;OK;TASK000013793468;Priority 3;NA
SEC;SYN;SEC;SR;OK;TASK000013793506;Priority 3;NA
SEC;ETH;SEC;SR;OK;TASK000013793802;Priority 3;NA
SEC;812;SEC;SR;OK;TASK000013794016;Priority 3;NA
FUN;WS;FUN;SR;OK;TASK000013794047;Priority 3;NA
SEC;DCF;SEC;SR;OK;TASK000013794084;Priority 3;NA
DBA;812;DBA;SR;OK;TASK000013794219;Priority 3;NA
L1;BWI;L1 ;SR;OK;TASK000013794288;Priority 4;NA
APS;ETH;APS;SR;OK;TASK000013794320;Priority 4;NA
SEC;SYN;SEC;SR;OK;TASK000013794331;Priority 3;NA
L1;BWI;L1 ;SR;OK;TASK000013794372;Priority 4;NA
L1;BWI;L1 ;SR;OK;TASK000013794559;Priority 4;NA
SEC;MNT;SEC;SR;OK;TASK000013794671;Priority 3;NA
FUN;ETH;FUN;SR;OK;TASK000013794761;Priority 3;NA
APS;ETH;APS;SR;OK;TASK000013794830;Priority 3;NA
APS;ETH;APS;SR;OK;TASK000013794872;Priority 3;NA
SEC;SYN;SEC;SR;OK;TASK000013794970;Priority 3;NA
SEC;EES;SEC;SR;Defect;TASK000013795107;Priority 3;NA
SEC;BWI;SEC;SR;OK;TASK000013795132;Priority 4;NA
SEC;SYN;SEC;SR;OK;TASK000013795256;Priority 3;NA
SEC;EMS;SEC;SR;OK;TASK000013795293;Priority 3;NA
APS;ETH;APS;SR;OK;TASK000013795381;Priority 3;NA
L1;BWI;L1 ;SR;OK;TASK000013795388;Priority 3;NA
L1;BWI;L1 ;SR;OK;TASK000013795399;Priority 3;NA
SEC;MNT;SEC;SR;OK;TASK000013795431;Priority 3;NA
SEC;DCF;SEC;SR;Defect;TASK000013795537;Priority 3;NA
SEC;SYN;SEC;SR;OK;TASK000013795788;Priority 3;NA
CNC;ETH;CNC;SR;OK;TASK000013795803;Priority 3;NA
L1;BWI;L1 ;SR;OK;TASK000013795868;Priority 3;NA
SEC;BWI;SEC;SR;OK;TASK000013796201;Priority 4;NA
SEC;BWI;SEC;SR;OK;TASK000013796235;Priority 4;NA
APS;ETH;APS;SR;OK;TASK000013796359;Priority 3;NA
L1;812;MON;SR;OK;TASK000013796394;Priority 3;NA
L1;812;MON;SR;OK;TASK000013796421;Priority 3;NA
L1;812;MON;SR;OK;TASK000013796447;Priority 3;NA
L1;812;MON;SR;OK;TASK000013796468;Priority 3;NA
SEC;EMS;SEC;SR;OK;TASK000013796539;Priority 3;NA
SEC;DXE;SEC;SR;OK;TASK000013796546;Priority 3;NA
DBA;812;DBA;SR;OK;TASK000013796632;Priority 3;NA
APS;ETH;APS;SR;OK;TASK000013796699;Priority 3;NA
SEC;812;SEC;SR;OK;TASK000013796726;Priority 3;NA
SEC;MNT;SEC;SR;OK;TASK000013796787;Priority 3;NA
SEC;812;SEC;SR;OK;TASK000013796795;Priority 3;NA
SEC;MNT;SEC;SR;OK;TASK000013796798;Priority 3;NA
FUN;812;FUN;SR;OK;TASK000013796843;Priority 3;NA
SCH;812;SCH;SR;OK;TASK000013796855;Priority 3;NA
CNC;EES;CNC;SR;OK;TASK000013796881;Priority 3;NA
SEC;812;SEC;SR;OK;TASK000013796889;Priority 3;NA
SEC;MNT;SEC;SR;OK;TASK000013797042;Priority 3;NA
SEC;MNT;SEC;SR;OK;TASK000013797061;Priority 3;NA
SEC;MNT;SEC;SR;OK;TASK000013797084;Priority 3;NA
DBA;812;DBA;SR;OK;TASK000013797151;Priority 3;NA
CNC;DCF;CNC;SR;OK;TASK000013797171;Priority 3;NA
SCH;LAT;SCH;SR;OK;TASK000013797258;Priority 3;NA
SCH;LAT;SCH;SR;OK;TASK000013797318;Priority 3;NA
SCH;LAT;SCH;SR;OK;TASK000013797434;Priority 3;NA
FIN;812;FUN;SR;OK;TASK000013797444;Priority 4;NA
SEC;SYN;SEC;SR;OK;TASK000013797445;Priority 3;NA
SEC;812;SEC;SR;OK;TASK000013797555;Priority 3;NA
SEC;MNT;SEC;SR;OK;TASK000013797629;Priority 3;NA
SEC;BWI;SEC;SR;OK;TASK000013797708;Priority 4;NA
SEC;812;SEC;SR;OK;TASK000013797783;Priority 3;NA
FUN;812;FUN;SR;OK;TASK000013797824;Priority 4;NA
SEC;DPY;SEC;SR;OK;TASK000013797905;Priority 3;NA
SEC;812;SEC;SR;OK;TASK000013797929;Priority 3;NA
FUN;812;FUN;SR;OK;TASK000013797959;Priority 4;NA
SEC;812;SEC;SR;OK;TASK000013797984;Priority 3;NA
SCH;812;SCH;SR;OK;TASK000013797987;Priority 3;NA
DBA;812;DBA;SR;OK;TASK000013798269;Priority 3;NA
SEC;DXE;SEC;SR;OK;TASK000013798450;Priority 3;NA
SEC;812;SEC;SR;OK;TASK000013798617;Priority 3;NA
L1;MNT;MON;SR;OK;TASK000013798690;Priority 3;NA
SEC;DCF;SEC;SR;OK;TASK000013798753;Priority 3;NA
DBA;812;DBA;SR;OK;TASK000013798767;Priority 3;NA
SEC;DCF;SEC;SR;OK;TASK000013798785;Priority 3;NA
SEC;812;SEC;SR;OK;TASK000013798956;Priority 3;NA
SEC;SYN;SEC;SR;OK;TASK000013799044;Priority 3;NA
FUN;COR;FUN;SR;OK;TASK000013799139;Priority 3;NA
SEC;DCF;SEC;SR;OK;TASK000013799229;Priority 3;NA
SEC;WS;SEC;SR;OK;TASK000013799356;Priority 3;NA
APS;ETH;APS;SR;OK;TASK000013799485;Priority 3;NA
CNC;812;CNC;SR;OK;TASK000013799495;Priority 3;NA
CNC;812;CNC;SR;OK;TASK000013799496;Priority 3;NA
SEC;SYN;SEC;SR;Defect;TASK000013799656;Priority 3;NA
L1;812;MON;SR;OK;TASK000013799846;Priority 3;NA
SEC;MNT;SEC;SR;Defect;TASK000013799892;Priority 3;NA
L1;BWI;L1 ;SR;OK;TASK000013799904;Priority 3;NA
SEC;MNT;SEC;SR;OK;TASK000013800247;Priority 3;NA
SEC;MNT;SEC;SR;OK;TASK000013800261;Priority 3;NA
SEC;MNT;SEC;SR;OK;TASK000013800268;Priority 3;NA
L1;BWI;L1 ;SR;OK;TASK000013800319;Priority 3;NA
SEC;MNT;SEC;SR;OK;TASK000013800366;Priority 3;NA
SEC;MNT;SEC;SR;Defect;TASK000013800369;Priority 3;NA
DBA;812;DBA;SR;OK;TASK000013800451;Priority 3;NA
DBA;812;DBA;SR;OK;TASK000013800457;Priority 3;NA
DBA;812;DBA;SR;OK;TASK000013800466;Priority 3;NA
DBA;812;DBA;SR;OK;TASK000013800478;Priority 3;NA
L1;EES;CNC;SR;OK;TASK000013800533;Priority 3;NA
DBA;812;DBA;SR;OK;TASK000013800693;Priority 3;NA
SEC;ETH;SEC;SR;OK;TASK000013800824;Priority 3;NA
CNC;812;CNC;SR;OK;TASK000013800934;Priority 3;NA
CNC;812;CNC;SR;OK;TASK000013801016;Priority 3;NA
FUN;DCF;SEC;SR;Defect;TASK000013801051;Priority 3;NA
APS;ETH;APS;SR;OK;TASK000013801078;Priority 3;NA
FUN;DCF;FUN;SR;OK;TASK000013801153;Priority 3;NA
APS;ETH;APS;SR;OK;TASK000013801188;Priority 3;NA
APS;ETH;APS;SR;OK;TASK000013801204;Priority 3;NA
SEC;812;SEC;SR;OK;TASK000013801315;Priority 3;NA
SCH;812;SCH;SR;OK;TASK000013801404;Priority 4;NA
CNC;DCF;CNC;SR;OK;TASK000013801459;Priority 3;NA
APS;DCF;APS;SR;OK;TASK000013801496;Priority 3;NA
CNC;812;CNC;SR;OK;TASK000013801509;Priority 3;NA
CNC;DCF;CNC;SR;OK;TASK000013801609;Priority 3;NA
SCH;812;SCH;SR;OK;TASK000013801611;Priority 3;NA
SEC;DCF;SEC;SR;Defect;TASK000013801671;Priority 3;NA
SCH;812;SCH;SR;OK;TASK000013801737;Priority 3;NA
APS;ETH;APS;SR;OK;TASK000013801828;Priority 4;NA
SEC;SYN;SEC;SR;OK;TASK000013801849;Priority 3;NA
SCH;LAT;SCH;SR;OK;TASK000013801966;Priority 3;NA
CNC;BWI;CNC;SR;OK;TASK000013802070;Priority 3;NA
SEC;SYN;SEC;SR;OK;TASK000013802120;Priority 3;NA
CNC;DPY;CNC;SR;OK;TASK000013802182;Priority 3;NA
FUN;812;FUN;SR;OK;TASK000013802254;Priority 4;NA
SEC;EMS;SEC;SR;OK;TASK000013802265;Priority 3;NA
CNC;812;CNC;SR;OK;TASK000013802269;Priority 3;NA
SEC;DXE;SEC;SR;OK;TASK000013802337;Priority 3;NA
CNC;DCF;CNC;SR;OK;TASK000013802340;Priority 3;NA
SCH;LAT;SCH;SR;OK;TASK000013802434;Priority 3;NA
FUN;EMS;FUN;SR;OK;TASK000013802595;Priority 3;NA
SEC;812;SEC;SR;OK;TASK000013802648;Priority 3;NA
FUN;COR;FUN;SR;OK;TASK000013802741;Priority 3;NA
SEC;812;SEC;SR;OK;TASK000013802857;Priority 3;NA
SEC;ETH;SEC;SR;OK;TASK000013802954;Priority 3;NA
SEC;812;SEC;SR;OK;TASK000013803221;Priority 3;NA
CNC;812;CNC;SR;OK;TASK000013803238;Priority 3;NA
FUN;ETH;FUN;SR;OK;TASK000013803310;Priority 4;NA
FUN;ETH;FUN;SR;OK;TASK000013803319;Priority 3;NA
FUN;ETH;FUN;SR;OK;TASK000013803326;Priority 4;NA
FUN;ETH;FUN;SR;OK;TASK000013803330;Priority 3;NA
FUN;ETH;FUN;SR;OK;TASK000013803342;Priority 3;NA
FUN;ETH;FUN;SR;OK;TASK000013803366;Priority 3;NA
SEC;SYN;SEC;SR;OK;TASK000013803440;Priority 3;NA
FUN;WS;FUN;SR;OK;TASK000013803538;Priority 3;NA
SEC;MNT;SEC;SR;OK;TASK000013803849;Priority 3;NA
APS;ETH;APS;SR;OK;TASK000013803921;Priority 3;NA
FUN;DCF;SEC;SR;Defect;TASK000013803969;Priority 3;NA
OPS;EMS;OPS;SR;OK;TASK000013804189;Priority 3;NA
SEC;MNT;SEC;SR;Defect;TASK000013804250;Priority 3;NA
FUN;ETH;FUN;SR;OK;TASK000013804252;Priority 4;NA
SEC;BWI;SEC;SR;OK;TASK000013804389;Priority 4;NA
SEC;BWI;SEC;SR;OK;TASK000013804457;Priority 4;NA
L1;812;MON;SR;OK;TASK000013804577;Priority 3;NA
CNC;ETH;CNC;SR;OK;TASK000013804597;Priority 3;NA
SEC;DCF;SEC;SR;OK;TASK000013804742;Priority 3;NA
SEC;812;SEC;SR;OK;TASK000013805050;Priority 3;NA
SEC;812;SEC;SR;OK;TASK000013805054;Priority 3;NA
CNC;812;CNC;SR;Defect;TASK000013805193;Priority 3;NA
APS;ETH;APS;SR;OK;TASK000013805253;Priority 3;NA
FUN;812;FUN;SR;OK;TASK000013805270;Priority 3;NA
SEC;812;SEC;SR;OK;TASK000013805411;Priority 3;NA
DBA;812;DBA;SR;OK;TASK000013805651;Priority 3;NA
APS;ETH;APS;SR;OK;TASK000013805700;Priority 4;NA
SCH;812;SCH;SR;OK;TASK000013805717;Priority 3;NA
SEC;812;SEC;SR;OK;TASK000013805798;Priority 3;NA
FUN;WS;FUN;SR;OK;TASK000013805824;Priority 4;NA
SEC;812;SEC;SR;OK;TASK000013805830;Priority 3;NA
SEC;812;SEC;SR;OK;TASK000013805967;Priority 3;NA
CNC;DCF;CNC;SR;OK;TASK000013805982;Priority 3;NA
CNC;DPY;CNC;SR;OK;TASK000013805985;Priority 3;NA
SEC;SYN;SEC;SR;OK;TASK000013805987;Priority 3;NA
SEC;DXE;SEC;SR;OK;TASK000013805995;Priority 3;NA
SEC;SYN;SEC;SR;Defect;TASK000013806026;Priority 3;NA
SEC;DXE;SEC;SR;OK;TASK000013806040;Priority 3;NA
SEC;DXE;SEC;SR;OK;TASK000013806083;Priority 3;NA
SEC;812;SEC;SR;OK;TASK000013806200;Priority 4;NA
SEC;812;SEC;SR;OK;TASK000013806281;Priority 3;NA
SEC;SYN;SEC;SR;OK;TASK000013806327;Priority 3;NA
SEC;812;SEC;SR;OK;TASK000013806346;Priority 3;NA
CNC;812;CNC;SR;OK;TASK000013806399;Priority 3;NA
CNC;812;CNC;SR;OK;TASK000013806481;Priority 3;NA
CNC;812;CNC;SR;OK;TASK000013806489;Priority 3;NA
SEC;812;SEC;SR;OK;TASK000013806514;Priority 3;NA
SEC;812;SEC;SR;OK;TASK000013806575;Priority 3;NA
SEC;SYN;SEC;SR;OK;TASK000013806596;Priority 3;NA
SEC;812;SEC;SR;OK;TASK000013806598;Priority 3;NA
SEC;812;SEC;SR;OK;TASK000013806604;Priority 3;NA
SEC;812;SEC;SR;OK;TASK000013806609;Priority 3;NA
SEC;812;SEC;SR;OK;TASK000013806620;Priority 3;NA
SEC;SYN;SEC;SR;OK;TASK000013806659;Priority 3;NA
SEC;SYN;SEC;SR;OK;TASK000013807133;Priority 3;NA
CNC;ETH;CNC;SR;OK;TASK000013807156;Priority 3;NA
SEC;812;SEC;SR;OK;TASK000013807220;Priority 3;NA
SEC;ETH;SEC;SR;OK;TASK000013807233;Priority 3;NA
CNC;812;CNC;SR;OK;TASK000013807313;Priority 3;NA
CNC;812;CNC;SR;OK;TASK000013807329;Priority 3;NA
APS;EES;APS;SR;OK;TASK000013807600;Priority 3;NA
APS;EES;APS;SR;OK;TASK000013807601;Priority 4;NA
SEC;BWI;SEC;SR;OK;TASK000013807636;Priority 4;NA
SEC;MNT;SEC;SR;OK;TASK000013807650;Priority 3;NA
L1;BWI;L1 ;SR;OK;TASK000013807674;Priority 3;NA
L1;BWI;L1 ;SR;OK;TASK000013807857;Priority 3;NA
SEC;LAT;SEC;SR;OK;TASK000013807879;Priority 4;NA
CNC;812;CNC;SR;OK;TASK000013807890;Priority 3;NA
FUN;ETH;FUN;SR;OK;TASK000013807900;Priority 4;NA
SEC;ETH;SEC;SR;OK;TASK000013807934;Priority 3;NA
APS;ETH;APS;SR;OK;TASK000013807989;Priority 4;NA
SEC;BWI;SEC;SR;OK;TASK000013808071;Priority 4;NA
CNC;MNT;CNC;SR;OK;TASK000013808079;Priority 3;NA
APS;ETH;APS;SR;OK;TASK000013808152;Priority 3;NA
SEC;812;SEC;SR;OK;TASK000013808265;Priority 3;NA
SEC;EES;FUN;SR;OK;TASK000013808321;Priority 3;NA
SEC;BWI;SEC;SR;OK;TASK000013808552;Priority 4;NA
SEC;812;SEC;SR;OK;TASK000013808575;Priority 3;NA
CNC;812;CNC;SR;OK;TASK000013809165;Priority 3;NA
SEC;812;SEC;SR;OK;TASK000013809198;Priority 3;NA
SEC;ETH;SEC;SR;OK;TASK000013809256;Priority 3;NA
APS;ETH;APS;SR;OK;TASK000013810040;Priority 4;NA
SEC;DXE;SEC;SR;OK;TASK000013810054;Priority 3;NA
APS;ETH;APS;SR;OK;TASK000013810092;Priority 4;NA
FUN;812;FUN;SR;OK;TASK000013810132;Priority 4;NA
SEC;812;SEC;SR;OK;TASK000013810189;Priority 3;NA
SEC;812;SEC;SR;OK;TASK000013810373;Priority 3;NA
SEC;DXE;SEC;SR;OK;TASK000013810531;Priority 3;NA
SEC;DCF;SEC;SR;OK;TASK000013810677;Priority 3;NA
SEC;DCF;SEC;SR;OK;TASK000013810681;Priority 3;NA
SEC;EMS;SEC;SR;OK;TASK000013810683;Priority 4;NA
SEC;EMS;SEC;SR;OK;TASK000013810795;Priority 3;NA
SEC;EMS;SEC;SR;OK;TASK000013810800;Priority 3;NA
CNC;812;CNC;SR;OK;TASK000013810883;Priority 3;NA
APS;ETH;APS;SR;OK;TASK000013810917;Priority 4;NA
FUN;DCF;FUN;SR;OK;TASK000013810944;Priority 3;NA
SEC;812;SEC;SR;OK;TASK000013811123;Priority 3;NA
CNC;812;CNC;SR;OK;TASK000013811245;Priority 3;NA
CNC;812;CNC;SR;OK;TASK000013811321;Priority 3;NA
APS;EES;APS;SR;OK;TASK000013811332;Priority 3;NA
FUN;812;FUN;SR;OK;TASK000013811338;Priority 4;NA
SEC;SYN;SEC;SR;OK;TASK000013811444;Priority 3;NA
APS;ETH;APS;SR;OK;TASK000013811483;Priority 3;NA
SEC;812;SEC;SR;OK;TASK000013811489;Priority 3;NA
L1;812;MON;SR;OK;TASK000013811542;Priority 4;NA
SEC;ETH;SEC;SR;OK;TASK000013811547;Priority 3;NA
SEC;ETH;SEC;SR;OK;TASK000013811582;Priority 3;NA
APS;EES;APS;SR;OK;TASK000013811665;Priority 3;NA
FUN;WS;FUN;SR;OK;TASK000013811841;Priority 4;NA
SEC;SYN;SEC;SR;OK;TASK000013811853;Priority 3;NA
L1;812;MON;SR;OK;TASK000013812152;Priority 3;NA
SEC;ETH;SEC;SR;OK;TASK000013812232;Priority 3;NA
FUN;812;FUN;SR;OK;TASK000013812346;Priority 4;NA
SCH;812;SCH;SR;OK;TASK000013812548;Priority 3;NA
SEC;ETH;SEC;SR;OK;TASK000013812652;Priority 3;NA
SEC;MNT;SEC;SR;OK;TASK000013812722;Priority 3;NA
L1;BWI;L1 ;SR;OK;TASK000013812770;Priority 3;NA
FUN;812;FUN;SR;OK;TASK000013812817;Priority 4;NA
SEC;ETH;SEC;SR;OK;TASK000013812838;Priority 3;NA
SEC;ETH;SEC;SR;OK;TASK000013812840;Priority 3;NA
DBA;812;DBA;SR;OK;TASK000013812933;Priority 3;NA
DCF;DCF;FUN;SR;OK;TASK000013813016;Priority 3;NA
SEC;BWI;SEC;SR;OK;TASK000013813028;Priority 4;NA
APS;ETH;APS;SR;OK;TASK000013813061;Priority 4;NA
SEC;ETH;SEC;SR;OK;TASK000013813297;Priority 3;NA
DBA;812;DBA;SR;OK;TASK000013813306;Priority 3;NA
SCH;LAT;SCH;SR;OK;TASK000013813381;Priority 3;NA
SEC;MNT;SEC;SR;OK;TASK000013813395;Priority 3;NA
L1;BWI;L1 ;SR;OK;TASK000013813414;Priority 3;NA
SEC;ETH;SEC;SR;OK;TASK000013813474;Priority 3;NA
SEC;DXE;SEC;SR;OK;TASK000013813579;Priority 3;NA
SEC;BWI;SEC;SR;OK;TASK000013813677;Priority 4;NA
SEC;BWI;SEC;SR;OK;TASK000013813761;Priority 4;NA
APS;EES;APS;SR;OK;TASK000013813763;Priority 3;NA
SEC;ETH;SEC;SR;OK;TASK000013813785;Priority 3;NA
SEC;ETH;SEC;SR;OK;TASK000013813910;Priority 3;NA
CNC;812;CNC;SR;OK;TASK000013814090;Priority 3;NA
L1;DCF;CNC;SR;OK;TASK000013814212;Priority 3;NA
DBA;812;DBA;SR;OK;TASK000013814252;Priority 3;NA
L1;812;MON;SR;OK;TASK000013814378;Priority 4;NA
L1;LFS;CNC;SR;OK;TASK000013814468;Priority 3;NA
L1;812;MON;SR;OK;TASK000013814563;Priority 3;NA
L1;812;MON;SR;OK;TASK000013814565;Priority 4;NA
L1;812;MON;SR;OK;TASK000013814567;Priority 3;NA
L1;812;MON;SR;OK;TASK000013814580;Priority 4;NA
FUN;DCF;FUN;SR;Defect;TASK000013814612;Priority 3;NA
SEC;812;SEC;SR;OK;TASK000013814642;Priority 3;NA
CNC;812;CNC;SR;OK;TASK000013814649;Priority 3;NA
SEC;MNT;SEC;SR;OK;TASK000013814677;Priority 3;NA
SEC;MNT;SEC;SR;OK;TASK000013814684;Priority 3;NA
SEC;MNT;SEC;SR;OK;TASK000013814692;Priority 3;NA
DBA;812;DBA;SR;OK;TASK000013814716;Priority 3;NA
SEC;812;SEC;SR;OK;TASK000013814736;Priority 3;NA
L1;812;MON;SR;OK;TASK000013814811;Priority 3;NA
FUN;812;FUN;SR;OK;TASK000013814840;Priority 4;NA
FUN;812;FUN;SR;OK;TASK000013814946;Priority 3;NA
APS;ETH;APS;SR;OK;TASK000013815121;Priority 3;NA
SEC;MNT;SEC;SR;OK;TASK000013815306;Priority 3;NA
CNC;812;CNC;SR;OK;TASK000013815319;Priority 3;NA
SEC;812;SEC;SR;OK;TASK000013815321;Priority 3;NA
SEC;WS;SEC;SR;OK;TASK000013815363;Priority 3;NA
CNC;DCF;CNC;SR;OK;TASK000013815366;Priority 3;NA
CNC;812;CNC;SR;OK;TASK000013815445;Priority 3;NA
SEC;812;SEC;SR;OK;TASK000013815447;Priority 3;NA
CNC;812;CNC;SR;OK;TASK000013815467;Priority 3;NA
SEC;812;SEC;SR;OK;TASK000013815468;Priority 3;NA
SEC;812;SEC;SR;OK;TASK000013815481;Priority 3;NA
L1;BWI;L1 ;SR;OK;TASK000013815509;Priority 3;NA
DBA;812;DBA;SR;OK;TASK000013815512;Priority 3;NA
SEC;SYN;SEC;SR;OK;TASK000013815627;Priority 3;NA
SEC;SYN;SEC;SR;Defect;TASK000013815676;Priority 3;NA
SEC;812;SEC;SR;OK;TASK000013815677;Priority 3;NA
CNC;812;CNC;SR;OK;TASK000013815727;Priority 3;NA
CNC;812;CNC;SR;OK;TASK000013815730;Priority 3;NA
CNC;812;CNC;SR;OK;TASK000013815810;Priority 3;NA
CNC;812;CNC;SR;OK;TASK000013815869;Priority 3;NA
SEC;812;SEC;SR;OK;TASK000013815873;Priority 3;NA
CNC;812;CNC;SR;OK;TASK000013815907;Priority 3;NA
SEC;BWI;SEC;SR;OK;TASK000013815967;Priority 4;NA
SEC;SYN;SEC;SR;Defect;TASK000013815977;Priority 3;NA
SEC;812;SEC;SR;OK;TASK000013815984;Priority 3;NA
DBA;812;DBA;SR;OK;TASK000013816011;Priority 3;NA
FUN;812;FUN;SR;OK;TASK000013816044;Priority 4;NA
SEC;812;SEC;SR;OK;TASK000013816149;Priority 3;NA
SEC;DXE;SEC;SR;OK;TASK000013816220;Priority 3;NA
SEC;812;SEC;SR;OK;TASK000013816233;Priority 3;NA
SEC;DXE;SEC;SR;OK;TASK000013816237;Priority 3;NA
SEC;ETH;SEC;SR;OK;TASK000013816238;Priority 3;NA
SEC;812;SEC;SR;OK;TASK000013816247;Priority 3;NA
SEC;812;SEC;SR;OK;TASK000013816311;Priority 3;NA
FUN;COR;FUN;SR;OK;TASK000013816465;Priority 3;NA
FUN;ETH;FUN;SR;OK;TASK000013816543;Priority 4;NA
FUN;812;FUN;SR;OK;TASK000013816578;Priority 3;NA
SEC;BWI;SEC;SR;OK;TASK000013816582;Priority 4;NA
SEC;EES;FUN;SR;OK;TASK000013816587;Priority 3;NA
FUN;812;FUN;SR;OK;TASK000013816599;Priority 3;NA
APS;ETH;APS;SR;OK;TASK000013816620;Priority 4;NA
SCH;812;SCH;SR;OK;TASK000013816622;Priority 3;NA
CNC;812;CNC;SR;OK;TASK000013816759;Priority 3;NA
APS;ETH;APS;SR;OK;TASK000013816771;Priority 3;NA
L1;BWI;L1 ;SR;OK;TASK000013816935;Priority 4;NA
CNC;812;CNC;SR;OK;TASK000013817092;Priority 3;NA
SEC;BWI;SEC;SR;OK;TASK000013817239;Priority 4;NA
SEC;SYN;SEC;SR;OK;TASK000013817254;Priority 3;NA
SEC;LAT;SEC;SR;OK;TASK000013817330;Priority 4;NA
SEC;DXE;SEC;SR;OK;TASK000013817381;Priority 3;NA
APS;ETH;APS;SR;OK;TASK000013817439;Priority 3;NA
SEC;MNT;SEC;SR;OK;TASK000013817451;Priority 3;NA
FUN;ETH;FUN;SR;OK;TASK000013817552;Priority 4;NA
SEC;BWI;SEC;SR;OK;TASK000013817605;Priority 4;NA
SCH;LAT;SCH;SR;OK;TASK000013817637;Priority 3;NA
SEC;SYN;SEC;SR;Defect;TASK000013817652;Priority 3;NA
FUN;ETH;FUN;SR;OK;TASK000013817899;Priority 3;NA
SEC;EES;FUN;SR;OK;TASK000013817959;Priority 3;NA
SEC;BWI;SEC;SR;OK;TASK000013817973;Priority 4;NA
SEC;MNT;SEC;SR;OK;TASK000013818007;Priority 3;NA
SEC;ETH;SEC;SR;OK;TASK000013818020;Priority 3;NA
SEC;ETH;SEC;SR;OK;TASK000013818024;Priority 3;NA
SEC;812;SEC;SR;OK;TASK000013818363;Priority 3;NA
L1;MNT;MON;SR;OK;TASK000013818788;Priority 3;NA
L1;812;MON;SR;OK;TASK000013818816;Priority 3;NA
APS;ETH;APS;SR;OK;TASK000013818836;Priority 3;NA
SEC;812;SEC;SR;OK;TASK000013819314;Priority 3;NA
SEC;812;SEC;SR;OK;TASK000013819418;Priority 3;NA
SEC;812;SEC;SR;OK;TASK000013819819;Priority 3;NA
SEC;WS;SEC;SR;OK;TASK000013819823;Priority 3;NA
SEC;SYN;SEC;SR;OK;TASK000013819902;Priority 3;NA
CNC;DCF;CNC;SR;OK;TASK000013819905;Priority 3;NA
SEC;DCF;SEC;SR;OK;TASK000013819947;Priority 3;NA
APS;ETH;APS;SR;OK;TASK000013819986;Priority 4;NA
FUN;812;FUN;SR;OK;TASK000013820022;Priority 3;NA
SEC;DXE;SEC;SR;OK;TASK000013820062;Priority 3;NA
SEC;SYN;SEC;SR;OK;TASK000013820159;Priority 3;NA
SEC;ETH;SEC;SR;OK;TASK000013820203;Priority 3;NA
SEC;ETH;SEC;SR;OK;TASK000013820221;Priority 3;NA
SEC;SYN;SEC;SR;OK;TASK000013820233;Priority 3;NA
SEC;812;SEC;SR;OK;TASK000013820252;Priority 3;NA
APS;ETH;APS;SR;OK;TASK000013820259;Priority 3;NA
SEC;MNT;SEC;SR;OK;TASK000013820301;Priority 3;NA
SEC;SYN;SEC;SR;OK;TASK000013820333;Priority 3;NA
CNC;812;CNC;SR;OK;TASK000013820502;Priority 3;NA
SEC;DCF;SEC;SR;OK;TASK000013820534;Priority 3;NA
SEC;DCF;SEC;SR;OK;TASK000013820535;Priority 3;NA
SEC;DCF;SEC;SR;OK;TASK000013820536;Priority 3;NA
SEC;DCF;SEC;SR;OK;TASK000013820538;Priority 3;NA
SEC;DCF;SEC;SR;OK;TASK000013820580;Priority 3;NA
SEC;DCF;SEC;SR;OK;TASK000013820593;Priority 3;NA
SEC;DCF;SEC;SR;OK;TASK000013820618;Priority 3;NA
SEC;SYN;SEC;SR;OK;TASK000013820641;Priority 3;NA
L1;BWI;L1 ;SR;OK;TASK000013820658;Priority 4;NA
SEC;BWI;SEC;SR;OK;TASK000013820660;Priority 4;NA
SEC;812;SEC;SR;OK;TASK000013820679;Priority 3;NA
SEC;BWI;SEC;SR;OK;TASK000013820722;Priority 4;NA
SEC;BWI;SEC;SR;OK;TASK000013820738;Priority 4;NA
FUN;DCF;SEC;SR;Defect;TASK000013820757;Priority 3;NA
SEC;812;SEC;SR;OK;TASK000013820763;Priority 3;NA
SEC;BWI;SEC;SR;OK;TASK000013820789;Priority 4;NA
SEC;DCF;SEC;SR;OK;TASK000013820853;Priority 3;NA
SEC;EMS;SEC;SR;OK;TASK000013820859;Priority 3;NA
SEC;LAT;SEC;SR;OK;TASK000013820916;Priority 3;NA
APS;ETH;APS;SR;OK;TASK000013821034;Priority 3;NA
SEC;BWI;SEC;SR;OK;TASK000013821076;Priority 4;NA
FUN;DCF;FUN;SR;OK;TASK000013821101;Priority 3;NA
APS;ETH;APS;SR;OK;TASK000013821328;Priority 3;NA
SEC;BWI;SEC;SR;OK;TASK000013821351;Priority 4;NA
SEC;BWI;SEC;SR;OK;TASK000013821477;Priority 4;NA
APS;ETH;APS;SR;OK;TASK000013821503;Priority 3;NA
SEC;SYN;SEC;SR;OK;TASK000013821698;Priority 3;NA
SEC;ETH;SEC;SR;OK;TASK000013821756;Priority 3;NA
FUN;DCF;SEC;SR;Defect;TASK000013821770;Priority 3;NA
SEC;SYN;SEC;SR;Defect;TASK000013821848;Priority 3;NA
SEC;BWI;SEC;SR;OK;TASK000013822116;Priority 3;NA
L1;BWI;L1 ;SR;OK;TASK000013822140;Priority 3;NA
L1;BWI;L1 ;SR;OK;TASK000013822143;Priority 3;NA
SEC;MNT;SEC;SR;OK;TASK000013822255;Priority 3;NA
SEC;EES;FUN;SR;OK;TASK000013822260;Priority 3;NA
SEC;EES;FUN;SR;OK;TASK000013822340;Priority 3;NA
SEC;MNT;SEC;SR;OK;TASK000013822349;Priority 3;NA
L1;BWI;L1 ;SR;OK;TASK000013822414;Priority 3;NA
CNC;ETH;CNC;SR;OK;TASK000013822574;Priority 3;NA
FUN;DCF;SEC;SR;OK;TASK000013822632;Priority 4;NA
L1;DCF;CNC;SR;OK;TASK000013822657;Priority 3;NA
SEC;812;SEC;SR;OK;TASK000013822708;Priority 3;NA
SEC;DXE;SEC;SR;OK;TASK000013822743;Priority 3;NA
SEC;EDS;SEC;SR;OK;TASK000013822913;Priority 3;NA
SEC;812;SEC;SR;OK;TASK000013822970;Priority 3;NA
SEC;EMS;SEC;SR;OK;TASK000013823207;Priority 3;NA
FUN;812;FUN;SR;OK;TASK000013823213;Priority 4;NA
DBA;812;DBA;SR;OK;TASK000013823264;Priority 3;NA
SEC;BWI;SEC;SR;OK;TASK000013823269;Priority 4;NA
FUN;812;FUN;SR;OK;TASK000013823343;Priority 4;NA
SEC;DXE;SEC;SR;OK;TASK000013823434;Priority 3;NA
SEC;812;SEC;SR;OK;TASK000013823437;Priority 3;NA
SEC;EMS;SEC;SR;OK;TASK000013823438;Priority 3;NA
APS;ETH;APS;SR;OK;TASK000013823522;Priority 3;NA
DBA;812;DBA;SR;OK;TASK000013823695;Priority 3;NA
SEC;812;SEC;SR;OK;TASK000013823725;Priority 3;NA
SEC;DXE;SEC;SR;OK;TASK000013823842;Priority 3;NA
FUN;812;FUN;SR;OK;TASK000013823843;Priority 3;NA
SEC;WS;SEC;SR;OK;TASK000013823849;Priority 3;NA
SEC;812;SEC;SR;OK;TASK000013823943;Priority 3;NA
SEC;EDS;SEC;SR;OK;TASK000013824002;Priority 3;NA
L1;812;MON;SR;OK;TASK000013824012;Priority 3;NA
L1;812;MON;SR;OK;TASK000013824150;Priority 4;NA
CNC;812;CNC;SR;OK;TASK000013824328;Priority 3;NA
SEC;SYN;SEC;SR;Defect;TASK000013824331;Priority 3;NA
SEC;812;SEC;SR;OK;TASK000013824446;Priority 3;NA
FIN;DCF;FUN;SR;OK;TASK000013824476;Priority 4;NA
FUN;812;FUN;SR;OK;TASK000013824490;Priority 4;NA
FUN;ETH;FUN;SR;OK;TASK000013824539;Priority 3;NA
SEC;SYN;SEC;SR;OK;TASK000013824623;Priority 3;NA
SEC;SYN;SEC;SR;OK;TASK000013824717;Priority 3;NA
DBA;812;DBA;SR;OK;TASK000013824834;Priority 3;NA
SEC;WS;SEC;SR;OK;TASK000013825104;Priority 3;NA
SCH;812;SCH;SR;OK;TASK000013825379;Priority 3;NA
FIN;812;FUN;SR;OK;TASK000013825485;Priority 3;NA
CNC;812;CNC;SR;OK;TASK000013825539;Priority 3;NA
CNC;812;CNC;SR;OK;TASK000013825685;Priority 3;NA
SEC;MNT;SEC;SR;OK;TASK000013825788;Priority 3;NA
L1;BWI;L1 ;SR;OK;TASK000013825923;Priority 4;NA
SEC;MNT;SEC;SR;OK;TASK000013826103;Priority 3;NA
SCH;LAT;SCH;SR;OK;TASK000013826215;Priority 3;NA
SEC;BWI;SEC;SR;OK;TASK000013826327;Priority 4;NA
SEC;BWI;SEC;SR;OK;TASK000013826332;Priority 4;NA
L1;BWI;L1 ;SR;OK;TASK000013826350;Priority 3;NA
L1;BWI;L1 ;SR;OK;TASK000013826367;Priority 3;NA
CNC;ETH;CNC;SR;OK;TASK000013826380;Priority 3;NA
L1;BWI;L1 ;SR;OK;TASK000013826385;Priority 3;NA
SEC;SYN;SEC;SR;OK;TASK000013826488;Priority 3;NA
L1;BWI;L1 ;SR;OK;TASK000013826509;Priority 4;NA
SEC;BWI;SEC;SR;OK;TASK000013826546;Priority 4;NA
SEC;EMS;SEC;SR;OK;TASK000013826550;Priority 3;NA
SEC;SYN;SEC;SR;OK;TASK000013826617;Priority 3;NA
APS;ETH;APS;SR;OK;TASK000013826628;Priority 3;NA
CNC;MNT;CNC;SR;OK;TASK000013826676;Priority 3;NA
L1;BWI;L1 ;SR;OK;TASK000013827143;Priority 3;NA
L1;BWI;L1 ;SR;OK;TASK000013827148;Priority 3;NA
SEC;812;SEC;SR;OK;TASK000013827208;Priority 3;NA
SEC;812;SEC;SR;OK;TASK000013827247;Priority 3;NA
SEC;812;SEC;SR;OK;TASK000013827255;Priority 3;NA
L1;MNT;MON;SR;OK;TASK000013827387;Priority 4;NA
SEC;812;SEC;SR;OK;TASK000013827492;Priority 3;NA
SEC;DXE;SEC;SR;OK;TASK000013827498;Priority 3;NA
SEC;812;SEC;SR;OK;TASK000013827506;Priority 3;NA
SEC;812;SEC;SR;OK;TASK000013827544;Priority 3;NA
DBA;812;DBA;SR;OK;TASK000013827750;Priority 3;NA
L1;812;MON;SR;OK;TASK000013827769;Priority 4;NA
DBA;812;DBA;SR;OK;TASK000013827843;Priority 3;NA
FUN;812;FUN;SR;OK;TASK000013827867;Priority 3;NA
FUN;812;FUN;SR;OK;TASK000013827928;Priority 3;NA
DBA;812;DBA;SR;OK;TASK000013827985;Priority 3;NA
SCH;812;SCH;SR;OK;TASK000013828032;Priority 3;NA
SEC;ETH;SEC;SR;OK;TASK000013828114;Priority 3;NA
SEC;812;SEC;SR;OK;TASK000013828221;Priority 3;NA
L1;812;MON;SR;OK;TASK000013828224;Priority 4;NA
CNC;812;CNC;SR;OK;TASK000013828253;Priority 3;NA
CNC;DCF;CNC;SR;OK;TASK000013828260;Priority 3;NA
SEC;BWI;SEC;SR;OK;TASK000013828275;Priority 4;NA
SEC;MNT;SEC;SR;OK;TASK000013828282;Priority 3;NA
FUN;DCF;FUN;SR;OK;TASK000013828300;Priority 3;NA
SEC;WS;SEC;SR;OK;TASK000013828309;Priority 3;NA
DBA;812;DBA;SR;OK;TASK000013828352;Priority 3;NA
SEC;SYN;SEC;SR;OK;TASK000013828471;Priority 3;NA
DBA;812;DBA;SR;OK;TASK000013828472;Priority 3;NA
L1;812;MON;SR;OK;TASK000013828511;Priority 4;NA
SCH;812;SCH;SR;OK;TASK000013828607;Priority 3;NA
L1;812;MON;SR;OK;TASK000013828710;Priority 4;NA
SEC;BWI;SEC;SR;OK;TASK000013828819;Priority 4;NA
L1;812;MON;SR;OK;TASK000013828861;Priority 4;NA
SEC;BWI;SEC;SR;OK;TASK000013828906;Priority 4;NA
SEC;BWI;SEC;SR;OK;TASK000013828941;Priority 4;NA
SEC;BWI;SEC;SR;OK;TASK000013828985;Priority 4;NA
CNC;BWI;CNC;SR;OK;TASK000013829027;Priority 3;NA
FUN;812;FUN;SR;OK;TASK000013829028;Priority 3;NA
CNC;ETH;CNC;SR;OK;TASK000013829256;Priority 3;NA
CNC;ETH;CNC;SR;OK;TASK000013829278;Priority 3;NA
SEC;SYN;SEC;SR;OK;TASK000013829303;Priority 3;NA
SEC;812;SEC;SR;OK;TASK000013829350;Priority 3;NA
APS;EES;APS;SR;OK;TASK000013829367;Priority 3;NA
DBA;812;DBA;SR;OK;TASK000013829480;Priority 3;NA
SEC;MNT;SEC;SR;OK;TASK000013829489;Priority 3;NA
FUN;812;FUN;SR;OK;TASK000013829528;Priority 4;NA
APS;ETH;APS;SR;OK;TASK000013829620;Priority 3;NA
CNC;812;CNC;SR;OK;TASK000013829658;Priority 3;NA
L1;BWI;L1 ;SR;OK;TASK000013829767;Priority 3;NA
SEC;ETH;SEC;SR;OK;TASK000013829862;Priority 3;NA
SEC;BWI;SEC;SR;OK;TASK000013830217;Priority 4;NA
SEC;BWI;SEC;SR;OK;TASK000013830240;Priority 4;NA
SEC;BWI;SEC;SR;OK;TASK000013830261;Priority 4;NA
SEC;SYN;SEC;SR;Defect;TASK000013830342;Priority 3;NA
SEC;ETH;SEC;SR;Defect;TASK000013830346;Priority 3;NA
SEC;BWI;SEC;SR;OK;TASK000013830347;Priority 4;NA
APS;ETH;APS;SR;OK;TASK000013830355;Priority 3;NA
SEC;BWI;SEC;SR;OK;TASK000013830359;Priority 4;NA
SEC;EES;FUN;SR;OK;TASK000013830362;Priority 3;NA
DBA;812;DBA;SR;OK;TASK000013830365;Priority 3;NA
SEC;BWI;SEC;SR;OK;TASK000013830375;Priority 4;NA
SEC;BWI;SEC;SR;OK;TASK000013830380;Priority 4;NA
SEC;BWI;SEC;SR;OK;TASK000013830381;Priority 4;NA
SEC;BWI;SEC;SR;OK;TASK000013830384;Priority 4;NA
SEC;BWI;SEC;SR;OK;TASK000013830387;Priority 4;NA
APS;ETH;APS;SR;OK;TASK000013830409;Priority 3;NA
SEC;CAN;SEC;SR;Defect;TASK000013830452;Priority 3;NA
CNC;ETH;CNC;SR;OK;TASK000013830701;Priority 3;NA
SEC;BWI;SEC;SR;OK;TASK000013830798;Priority 4;NA
CNC;EES;CNC;SR;OK;TASK000013830997;Priority 3;NA
L1;812;CNC;SR;OK;TASK000013831112;Priority 3;NA
APS;ETH;APS;SR;OK;TASK000013831987;Priority 3;NA
DBA;812;DBA;SR;OK;TASK000013832078;Priority 3;NA
SEC;EES;FUN;SR;OK;TASK000013832082;Priority 3;NA
CNC;812;CNC;SR;OK;TASK000013832221;Priority 3;NA
SEC;DCF;SEC;SR;OK;TASK000013832258;Priority 3;NA
FUN;WS;FUN;SR;OK;TASK000013832312;Priority 3;NA
CNC;812;CNC;SR;OK;TASK000013832555;Priority 3;NA
SEC;812;SEC;SR;OK;TASK000013832753;Priority 3;NA
DBA;812;DBA;SR;OK;TASK000013832758;Priority 3;NA
SEC;812;SEC;SR;OK;TASK000013832763;Priority 3;NA
SEC;812;SEC;SR;OK;TASK000013832780;Priority 3;NA
FUN;812;FUN;SR;OK;TASK000013832818;Priority 3;NA
SEC;812;SEC;SR;OK;TASK000013832840;Priority 3;NA
SEC;SYN;SEC;SR;OK;TASK000013832851;Priority 3;NA
SEC;812;SEC;SR;OK;TASK000013832853;Priority 3;NA
SEC;EMS;SEC;SR;OK;TASK000013832865;Priority 3;NA
SEC;812;SEC;SR;OK;TASK000013832870;Priority 3;NA
DBA;812;DBA;SR;OK;TASK000013832971;Priority 3;NA
FUN;812;FUN;SR;OK;TASK000013833009;Priority 3;NA
SEC;DXE;SEC;SR;OK;TASK000013833030;Priority 3;NA
DBA;812;DBA;SR;OK;TASK000013833056;Priority 3;NA
DBA;812;DBA;SR;OK;TASK000013833120;Priority 3;NA
DBA;812;DBA;SR;OK;TASK000013833184;Priority 3;NA
SEC;SYN;SEC;SR;OK;TASK000013833207;Priority 3;NA
SEC;812;SEC;SR;OK;TASK000013833279;Priority 3;NA
SEC;812;SEC;SR;OK;TASK000013833289;Priority 3;NA
APS;EES;APS;SR;OK;TASK000013833307;Priority 3;NA
SEC;812;SEC;SR;OK;TASK000013833324;Priority 3;NA
SEC;BWI;SEC;SR;OK;TASK000013833350;Priority 4;NA
SEC;MNT;SEC;SR;Defect;TASK000013833377;Priority 3;NA
CNC;812;CNC;SR;OK;TASK000013833430;Priority 3;NA
SEC;BWI;SEC;SR;OK;TASK000013833518;Priority 4;NA
SEC;DCF;SEC;SR;OK;TASK000013833532;Priority 3;NA
SEC;BWI;SEC;SR;OK;TASK000013833653;Priority 4;NA
CNC;812;CNC;SR;OK;TASK000013833825;Priority 3;NA
L1;812;MON;SR;OK;TASK000013833873;Priority 4;NA
SEC;812;SEC;SR;OK;TASK000013834087;Priority 3;NA
SEC;BWI;SEC;SR;OK;TASK000013834133;Priority 4;NA
CNC;LFS;CNC;SR;OK;TASK000013834254;Priority 3;NA
SEC;812;SEC;SR;OK;TASK000013834390;Priority 3;NA
SEC;BWI;SEC;SR;OK;TASK000013834431;Priority 4;NA
SEC;WS;SEC;SR;OK;TASK000013834460;Priority 3;NA
SEC;DPY;SEC;SR;OK;TASK000013834479;Priority 3;NA
SEC;BWI;SEC;SR;OK;TASK000013834545;Priority 4;NA
SEC;SYN;SEC;SR;OK;TASK000013834565;Priority 3;NA
SEC;ETH;SEC;SR;OK;TASK000013834571;Priority 3;NA
SEC;ETH;SEC;SR;OK;TASK000013834582;Priority 3;NA
SEC;DPY;SEC;SR;OK;TASK000013834585;Priority 3;NA
SEC;DXE;SEC;SR;OK;TASK000013834601;Priority 3;NA
SEC;DPY;SEC;SR;OK;TASK000013834635;Priority 3;NA
SEC;BWI;SEC;SR;OK;TASK000013834637;Priority 4;NA
SEC;BWI;SEC;SR;OK;TASK000013834696;Priority 4;NA
SEC;BWI;SEC;SR;OK;TASK000013834782;Priority 4;NA
APS;EES;APS;SR;OK;TASK000013834793;Priority 3;NA
SEC;EES;FUN;SR;OK;TASK000013834861;Priority 3;NA
SEC;BWI;SEC;SR;OK;TASK000013834939;Priority 4;NA
SEC;BWI;SEC;SR;OK;TASK000013834940;Priority 4;NA
CNC;812;CNC;SR;OK;TASK000013834963;Priority 3;NA
SEC;BWI;SEC;SR;OK;TASK000013834966;Priority 4;NA
SEC;SYN;SEC;SR;OK;TASK000013834997;Priority 3;NA
SEC;812;SEC;SR;OK;TASK000013835041;Priority 3;NA
SEC;EMS;SEC;SR;OK;TASK000013835077;Priority 3;NA
SEC;EMS;SEC;SR;OK;TASK000013835111;Priority 3;NA
CNC;ETH;CNC;SR;OK;TASK000013835126;Priority 3;NA
FUN;812;FUN;SR;OK;TASK000013835199;Priority 4;NA
SCH;LAT;SCH;SR;OK;TASK000013835200;Priority 3;NA
APS;ETH;APS;SR;OK;TASK000013835274;Priority 4;NA
APS;ETH;APS;SR;OK;TASK000013835311;Priority 4;NA
APS;ETH;APS;SR;OK;TASK000013835341;Priority 3;NA
APS;ETH;APS;SR;OK;TASK000013835342;Priority 4;NA
DBA;812;DBA;SR;OK;TASK000013835356;Priority 3;NA
APS;ETH;APS;SR;OK;TASK000013835393;Priority 3;NA
SEC;EES;FUN;SR;OK;TASK000013835474;Priority 3;NA
L1;BWI;L1 ;SR;OK;TASK000013835668;Priority 3;NA
SEC;DCF;SEC;SR;Defect;TASK000013835709;Priority 3;NA
SEC;MNT;SEC;SR;OK;TASK000013835999;Priority 3;NA
DBA;812;DBA;SR;OK;TASK000013836000;Priority 3;NA
APS;ETH;APS;SR;OK;TASK000013836700;Priority 4;NA
L1;812;MON;SR;OK;TASK000013837210;Priority 4;NA
L1;812;MON;SR;OK;TASK000013837728;Priority 4;NA
SEC;BWI;SEC;SR;OK;TASK000013838236;Priority 4;NA
SEC;BWI;SEC;SR;OK;TASK000013838246;Priority 4;NA
SEC;BWI;SEC;SR;OK;TASK000013838254;Priority 4;NA
FIN;DXE;FUN;SR;OK;TASK000013838422;Priority 4;NA
SEC;BWI;SEC;SR;OK;TASK000013838790;Priority 4;NA
SEC;BWI;SEC;SR;OK;TASK000013838792;Priority 4;NA
SEC;BWI;SEC;SR;OK;TASK000013839308;Priority 4;NA
SEC;BWI;SEC;SR;Defect;TASK000013839554;Priority 4;NA
APS;ETH;APS;SR;OK;TASK000013840346;Priority 4;NA
FIN;812;FUN;SR;OK;TASK000013841425;Priority 4;NA
SEC;BWI;SEC;SR;OK;TASK000013842701;Priority 4;NA
APS;ETH;APS;SR;OK;TASK000013842920;Priority 4;NA
SEC;BWI;SEC;SR;OK;TASK000013844413;Priority 4;NA
APS;ETH;APS;SR;OK;TASK000013845758;Priority 4;NA
SEC;LAT;SEC;SR;OK;TASK000013846840;Priority 4;NA
SEC;BWI;SEC;SR;OK;TASK000013847054;Priority 4;NA
L1;812;MON;SR;OK;TASK000013847113;Priority 4;NA
SEC;LAT;SEC;SR;OK;TASK000013847144;Priority 4;NA
TEC;ETH;FUN;SR;OK;TASK000013847236;Priority 4;NA
FIN;DCF;FUN;SR;OK;TASK000013847549;Priority 4;NA
L1;BWI;L1 ;SR;OK;TASK000013848845;Priority 4;NA
L1;BWI;L1 ;SR;OK;TASK000013848878;Priority 4;NA
L1;BWI;L1 ;SR;OK;TASK000013848911;Priority 4;NA
SEC;BWI;SEC;SR;OK;TASK000013849127;Priority 4;NA
SEC;BWI;SEC;SR;OK;TASK000013849658;Priority 4;NA
L1;BWI;L1 ;SR;OK;TASK000013851044;Priority 4;NA
APS;ETH;APS;SR;OK;TASK000013851093;Priority 4;NA
FUN;812;FUN;SR;OK;TASK000013851170;Priority 4;NA
FUN;812;FUN;SR;OK;TASK000013851285;Priority 4;NA
L1;812;MON;SR;OK;TASK000013851746;Priority 4;NA
L1;812;MON;SR;OK;TASK000013852153;Priority 4;NA
L1;BWI;L1 ;SR;OK;TASK000013853101;Priority 4;NA
SEC;BWI;SEC;SR;OK;TASK000013853247;Priority 4;NA
APS;ETH;APS;SR;OK;TASK000013853702;Priority 4;NA
APS;EES;APS;SR;OK;TASK000013854480;Priority 4;NA
FUN;812;FUN;SR;OK;TASK000013856218;Priority 4;NA
L1;CRD;MON;SR;OK;TASK000013856668;Priority 4;NA
L1;MNT;MON;SR;OK;TASK000013856781;Priority 4;NA
FUN;EES;FUN;SR;OK;TASK000013857292;Priority 4;NA
SEC;BWI;SEC;SR;OK;TASK000013857320;Priority 4;NA
APS;ETH;APS;SR;OK;TASK000013857851;Priority 4;NA
L1;BWI;L1 ;SR;OK;TASK000013859764;Priority 3;NA
L1;BWI;L1 ;SR;OK;TASK000013859865;Priority 3;NA
DBA;812;DBA;SR;OK;TASK000013859994;Priority 3;NA
DBA;812;DBA;SR;OK;TASK000013860078;Priority 3;NA
FUN;812;FUN;SR;OK;TASK000013860109;Priority 4;NA
SEC;ETH;SEC;SR;OK;TASK000013860173;Priority 3;NA
DBA;812;DBA;SR;OK;TASK000013860382;Priority 3;NA
SEC;812;SEC;SR;OK;TASK000013860445;Priority 3;NA
SEC;EMS;SEC;SR;OK;TASK000013860464;Priority 3;NA
SCH;812;SCH;SR;OK;TASK000013860525;Priority 3;NA
SEC;812;SEC;SR;OK;TASK000013860537;Priority 3;NA
SCH;812;SCH;SR;OK;TASK000013860578;Priority 3;NA
DBA;812;DBA;SR;OK;TASK000013860592;Priority 3;NA
SEC;812;SEC;SR;OK;TASK000013860621;Priority 3;NA
SCH;812;SCH;SR;OK;TASK000013860676;Priority 3;NA
SCH;812;SCH;SR;OK;TASK000013860689;Priority 3;NA
FUN;812;FUN;SR;OK;TASK000013860731;Priority 4;NA
SCH;812;SCH;SR;OK;TASK000013860733;Priority 3;NA
CNC;BWI;CNC;SR;OK;TASK000013860768;Priority 3;NA
SCH;812;SCH;SR;OK;TASK000013860773;Priority 3;NA
DBA;812;DBA;SR;OK;TASK000013860803;Priority 3;NA
CNC;DCF;CNC;SR;OK;TASK000013860866;Priority 3;NA
SEC;DXE;SEC;SR;OK;TASK000013860927;Priority 3;NA
SEC;812;SEC;SR;OK;TASK000013861003;Priority 3;NA
SEC;812;SEC;SR;OK;TASK000013861004;Priority 3;NA
DBA;812;DBA;SR;OK;TASK000013861035;Priority 3;NA
APS;ETH;APS;SR;OK;TASK000013861045;Priority 3;NA
SEC;SYN;SEC;SR;OK;TASK000013861081;Priority 3;NA
APS;ETH;APS;SR;OK;TASK000013861093;Priority 3;NA
SEC;812;SEC;SR;OK;TASK000013861205;Priority 3;NA
SEC;WS;SEC;SR;OK;TASK000013861227;Priority 3;NA
SEC;SYN;SEC;SR;OK;TASK000013861318;Priority 3;NA
DBA;812;DBA;SR;OK;TASK000013861402;Priority 3;NA
CNC;812;CNC;SR;OK;TASK000013861454;Priority 3;NA
CNC;812;CNC;SR;OK;TASK000013861455;Priority 3;NA
CNC;812;CNC;SR;OK;TASK000013861470;Priority 3;NA
FUN;812;FUN;SR;OK;TASK000013861538;Priority 4;NA
APS;ETH;APS;SR;OK;TASK000013861642;Priority 3;NA
SEC;812;SEC;SR;OK;TASK000013861738;Priority 3;NA
FIN;DXE;FUN;SR;OK;TASK000013861740;Priority 4;NA
SEC;812;SEC;SR;OK;TASK000013861761;Priority 3;NA
SEC;812;SEC;SR;OK;TASK000013861789;Priority 3;NA
SEC;BWI;SEC;SR;OK;TASK000013861833;Priority 4;NA
SEC;BWI;SEC;SR;OK;TASK000013861868;Priority 4;NA
L1;812;MON;SR;OK;TASK000013861923;Priority 4;NA
SEC;812;SEC;SR;OK;TASK000013861991;Priority 3;NA
SEC;EES;SEC;SR;Defect;TASK000013862085;Priority 3;NA
SEC;MNT;SEC;SR;OK;TASK000013862095;Priority 3;NA
L1;MNT;MON;SR;OK;TASK000013862250;Priority 4;NA
APS;EES;APS;SR;OK;TASK000013862306;Priority 3;NA
SEC;BWI;SEC;SR;OK;TASK000013862318;Priority 4;NA
SEC;MNT;SEC;SR;OK;TASK000013862347;Priority 3;NA
L1;MNT;MON;SR;OK;TASK000013862354;Priority 4;NA
CNC;812;CNC;SR;OK;TASK000013862457;Priority 3;NA
SEC;BWI;SEC;SR;OK;TASK000013862490;Priority 4;NA
SEC;812;SEC;SR;OK;TASK000013862502;Priority 3;NA
DBA;812;DBA;SR;OK;TASK000013862531;Priority 3;NA
SEC;BWI;SEC;SR;OK;TASK000013862829;Priority 4;NA
SEC;DCF;SEC;SR;Defect;TASK000013862911;Priority 3;NA
SEC;SYN;SEC;SR;Defect;TASK000013862928;Priority 3;NA
SEC;SYN;SEC;SR;OK;TASK000013862944;Priority 3;NA
APS;EES;APS;SR;OK;TASK000013862949;Priority 3;NA
SEC;SYN;SEC;SR;Defect;TASK000013863012;Priority 3;NA
SEC;BWI;SEC;SR;OK;TASK000013863355;Priority 4;NA
SEC;SYN;SEC;SR;Defect;TASK000013863384;Priority 3;NA
CNC;812;CNC;SR;OK;TASK000013863419;Priority 3;NA
L1;BWI;L1 ;SR;OK;TASK000013863462;Priority 4;NA
SEC;MNT;SEC;SR;OK;TASK000013863473;Priority 3;NA
SEC;MNT;SEC;SR;OK;TASK000013863474;Priority 3;NA
SEC;BWI;SEC;SR;OK;TASK000013863515;Priority 4;NA
SEC;MNT;SEC;SR;OK;TASK000013863542;Priority 3;NA
SCH;DPY;SCH;SR;OK;TASK000013863743;Priority 3;NA
L1;812;MON;SR;OK;TASK000013863880;Priority 3;NA
SEC;BWI;SEC;SR;OK;TASK000013863890;Priority 4;NA
SEC;BWI;SEC;SR;OK;TASK000013863901;Priority 4;NA
SEC;BWI;SEC;SR;Defect;TASK000013863909;Priority 4;NA
SEC;MNT;SEC;SR;OK;TASK000013864103;Priority 3;NA
SEC;MNT;SEC;SR;OK;TASK000013864104;Priority 3;NA
L1;BWI;L1 ;SR;OK;TASK000013864213;Priority 3;NA
CNC;812;CNC;SR;OK;TASK000013864220;Priority 3;NA
SEC;812;SEC;SR;OK;TASK000013864455;Priority 3;NA
L1;CRD;MON;SR;OK;TASK000013864574;Priority 3;NA
TEC;DCF;TEC;SR;OK;TASK000013864591;Priority 3;NA
APS;ETH;APS;SR;OK;TASK000013864669;Priority 3;NA
DBA;812;DBA;SR;OK;TASK000013864720;Priority 3;NA
DBA;812;DBA;SR;OK;TASK000013864996;Priority 3;NA
DBA;812;DBA;SR;OK;TASK000013865010;Priority 3;NA
FUN;812;FUN;SR;OK;TASK000013865024;Priority 3;NA
SEC;812;SEC;SR;OK;TASK000013865046;Priority 3;NA
DBA;812;DBA;SR;OK;TASK000013865048;Priority 3;NA
SEC;DXE;SEC;SR;OK;TASK000013865176;Priority 3;NA
SEC;812;SEC;SR;OK;TASK000013865255;Priority 3;NA
SEC;812;SEC;SR;OK;TASK000013865299;Priority 3;NA
L1;812;MON;SR;OK;TASK000013865363;Priority 3;NA
CNC;DCF;CNC;SR;OK;TASK000013865398;Priority 3;NA
DBA;812;DBA;SR;OK;TASK000013865399;Priority 3;NA
CNC;812;CNC;SR;OK;TASK000013865474;Priority 3;NA
CNC;812;CNC;SR;OK;TASK000013865558;Priority 3;NA
SEC;EMS;SEC;SR;OK;TASK000013865678;Priority 3;NA
SEC;812;SEC;SR;OK;TASK000013865715;Priority 3;NA
CNC;812;CNC;SR;OK;TASK000013865732;Priority 3;NA
SCH;LAT;SCH;SR;OK;TASK000013865799;Priority 3;NA
SEC;DCF;SEC;SR;OK;TASK000013865868;Priority 3;NA
SEC;812;SEC;SR;OK;TASK000013865870;Priority 3;NA
FUN;DXE;FUN;SR;OK;TASK000013865877;Priority 4;NA
SEC;812;SEC;SR;OK;TASK000013866017;Priority 3;NA
SEC;BWI;SEC;SR;OK;TASK000013866063;Priority 4;NA
CNC;ETH;CNC;SR;OK;TASK000013866119;Priority 3;NA
SEC;SYN;SEC;SR;Defect;TASK000013866131;Priority 3;NA
CNC;DXE;CNC;SR;OK;TASK000013866149;Priority 3;NA
SEC;BWI;SEC;SR;OK;TASK000013866259;Priority 4;NA
APS;ETH;APS;SR;OK;TASK000013866440;Priority 3;NA
APS;EES;APS;SR;OK;TASK000013866441;Priority 3;NA
FUN;EES;FUN;SR;OK;TASK000013866522;Priority 4;NA
L1;MNT;MON;SR;OK;TASK000013866526;Priority 4;NA
SEC;812;SEC;SR;OK;TASK000013866604;Priority 3;NA
DBA;812;DBA;SR;OK;TASK000013866683;Priority 3;NA
SEC;SYN;SEC;SR;OK;TASK000013866738;Priority 3;NA
CNC;812;CNC;SR;OK;TASK000013866805;Priority 3;NA
SEC;812;SEC;SR;OK;TASK000013866861;Priority 3;NA
SEC;SYN;SEC;SR;OK;TASK000013866880;Priority 3;NA
SEC;812;SEC;SR;OK;TASK000013867057;Priority 3;NA
SEC;DPY;SEC;SR;OK;TASK000013867083;Priority 3;NA
APS;ETH;APS;SR;OK;TASK000013867103;Priority 3;NA
SEC;SYN;SEC;SR;Defect;TASK000013867109;Priority 3;NA
APS;ETH;APS;SR;OK;TASK000013867117;Priority 3;NA
SEC;DPY;SEC;SR;OK;TASK000013867168;Priority 3;NA
SEC;DPY;SEC;SR;OK;TASK000013867227;Priority 3;NA
SEC;BWI;SEC;SR;OK;TASK000013867271;Priority 4;NA
FUN;ETH;FUN;SR;OK;TASK000013867385;Priority 4;NA
SEC;BWI;SEC;SR;OK;TASK000013867484;Priority 4;NA
SEC;SYN;SEC;SR;Defect;TASK000013867523;Priority 3;NA
CNC;ETH;CNC;SR;OK;TASK000013867524;Priority 3;NA
APS;ETH;APS;SR;OK;TASK000013867593;Priority 3;NA
APS;EES;APS;SR;OK;TASK000013867606;Priority 3;NA
SEC;EMS;SEC;SR;OK;TASK000013867677;Priority 3;NA
SEC;BWI;SEC;SR;Defect;TASK000013867707;Priority 4;NA
SEC;BWI;SEC;SR;OK;TASK000013867716;Priority 4;NA
FUN;ETH;FUN;SR;OK;TASK000013867723;Priority 3;NA
APS;ETH;APS;SR;OK;TASK000013867724;Priority 3;NA
FUN;WS;FUN;SR;OK;TASK000013867790;Priority 3;NA
APS;ETH;APS;SR;OK;TASK000013867836;Priority 3;NA
SEC;BWI;SEC;SR;OK;TASK000013867950;Priority 4;NA
SEC;SYN;SEC;SR;OK;TASK000013867973;Priority 3;NA
CNC;812;CNC;SR;OK;TASK000013868001;Priority 3;NA
SEC;ETH;SEC;SR;OK;TASK000013868046;Priority 3;NA
L1;BWI;L1 ;SR;OK;TASK000013868121;Priority 4;NA
L1;BWI;L1 ;SR;OK;TASK000013868466;Priority 3;NA
SEC;ETH;SEC;SR;OK;TASK000013868557;Priority 3;NA
SEC;EMS;SEC;SR;OK;TASK000013869028;Priority 3;NA
FUN;WS;FUN;SR;OK;TASK000013869090;Priority 3;NA
FUN;812;FUN;SR;OK;TASK000013869190;Priority 4;NA
FUN;DCF;FUN;SR;OK;TASK000013869192;Priority 3;NA
FUN;812;FUN;SR;OK;TASK000013869225;Priority 4;NA
DBA;812;DBA;SR;OK;TASK000013869396;Priority 3;NA
DBA;812;DBA;SR;OK;TASK000013869465;Priority 3;NA
SEC;812;SEC;SR;OK;TASK000013869536;Priority 3;NA
DBA;812;DBA;SR;OK;TASK000013869587;Priority 3;NA
SEC;812;SEC;SR;OK;TASK000013869655;Priority 3;NA
SEC;812;SEC;SR;OK;TASK000013869752;Priority 3;NA
FUN;DXE;FUN;SR;OK;TASK000013869789;Priority 3;NA
CNC;812;CNC;SR;OK;TASK000013869944;Priority 3;NA
CNC;812;CNC;SR;OK;TASK000013869987;Priority 3;NA
L1;DCF;CNC;SR;OK;TASK000013870040;Priority 3;NA
SEC;SYN;SEC;SR;OK;TASK000013870136;Priority 3;NA
SEC;812;SEC;SR;OK;TASK000013870156;Priority 3;NA
SEC;SYN;SEC;SR;OK;TASK000013870179;Priority 3;NA
SEC;EMS;SEC;SR;OK;TASK000013870206;Priority 3;NA
SEC;SYN;SEC;SR;OK;TASK000013870212;Priority 3;NA
SEC;SYN;SEC;SR;OK;TASK000013870252;Priority 3;NA
SEC;SYN;SEC;SR;OK;TASK000013870270;Priority 3;NA
SCH;812;SCH;SR;OK;TASK000013870281;Priority 3;NA
SCH;LAT;SCH;SR;OK;TASK000013870303;Priority 3;NA
SEC;812;SEC;SR;OK;TASK000013870312;Priority 3;NA
SEC;SYN;SEC;SR;OK;TASK000013870313;Priority 3;NA
SEC;812;SEC;SR;OK;TASK000013870345;Priority 3;NA
SEC;SYN;SEC;SR;OK;TASK000013870346;Priority 3;NA
SEC;SYN;SEC;SR;OK;TASK000013870479;Priority 3;NA
SEC;DXE;SEC;SR;OK;TASK000013870562;Priority 3;NA
L1;812;MON;SR;OK;TASK000013870604;Priority 4;NA
SEC;812;SEC;SR;OK;TASK000013870618;Priority 3;NA
SEC;SYN;SEC;SR;Defect;TASK000013870654;Priority 3;NA
OPS;EMS;OPS;SR;OK;TASK000013870712;Priority 3;NA
SEC;DXE;SEC;SR;OK;TASK000013870728;Priority 3;NA
APS;ETH;APS;SR;OK;TASK000013870730;Priority 3;NA
SCH;LAT;SCH;SR;OK;TASK000013870799;Priority 3;NA
SEC;DXE;SEC;SR;OK;TASK000013870867;Priority 3;NA
SCH;LAT;SCH;SR;OK;TASK000013870876;Priority 3;NA
L1;BWI;L1 ;SR;OK;TASK000013870940;Priority 3;NA
SEC;SYN;SEC;SR;Defect;TASK000013871011;Priority 3;NA
SEC;ETH;SEC;SR;OK;TASK000013871018;Priority 3;NA
SEC;BWI;SEC;SR;OK;TASK000013871049;Priority 4;NA
CNC;812;CNC;SR;OK;TASK000013871096;Priority 3;NA
SEC;BWI;SEC;SR;OK;TASK000013871175;Priority 4;NA
SEC;SYN;SEC;SR;OK;TASK000013871185;Priority 3;NA
L1;MNT;MON;SR;OK;TASK000013871266;Priority 4;NA
SEC;812;SEC;SR;OK;TASK000013871283;Priority 3;NA
CNC;812;CNC;SR;OK;TASK000013871322;Priority 3;NA
APS;ETH;APS;SR;OK;TASK000013871384;Priority 3;NA
FUN;ETH;FUN;SR;OK;TASK000013871449;Priority 4;NA
FUN;ETH;FUN;SR;OK;TASK000013871523;Priority 3;NA
APS;ETH;APS;SR;OK;TASK000013871621;Priority 3;NA
L1;BWI;L1 ;SR;OK;TASK000013871647;Priority 4;NA
SEC;WS;SEC;SR;OK;TASK000013871653;Priority 3;NA
CNC;812;CNC;SR;OK;TASK000013871792;Priority 3;NA
SEC;SYN;SEC;SR;OK;TASK000013871848;Priority 3;NA
APS;ETH;APS;SR;OK;TASK000013871853;Priority 3;NA
L1;BWI;L1 ;SR;OK;TASK000013871870;Priority 3;NA
SEC;SYN;SEC;SR;OK;TASK000013871973;Priority 3;NA
SEC;DCF;SEC;SR;OK;TASK000013871977;Priority 3;NA
SEC;ETH;SEC;SR;OK;TASK000013872052;Priority 3;NA
SEC;SYN;SEC;SR;Defect;TASK000013872113;Priority 3;NA
SEC;BWI;SEC;SR;OK;TASK000013872184;Priority 4;NA
CNC;BWI;CNC;SR;OK;TASK000013872273;Priority 3;NA
CNC;BWI;CNC;SR;OK;TASK000013872282;Priority 3;NA
CNC;ETH;CNC;SR;OK;TASK000013872419;Priority 3;NA
L1;BWI;L1 ;SR;OK;TASK000013872427;Priority 3;NA
FIN;MNT;FUN;SR;OK;TASK000013872513;Priority 4;NA
APS;EES;APS;SR;OK;TASK000013872627;Priority 3;NA
DBA;812;DBA;SR;OK;TASK000013873044;Priority 3;NA
DBA;812;DBA;SR;OK;TASK000013873239;Priority 3;NA
APS;ETH;APS;SR;OK;TASK000013873420;Priority 4;NA
SEC;812;SEC;SR;OK;TASK000013873580;Priority 3;NA
FUN;812;FUN;SR;OK;TASK000013873668;Priority 3;NA
DBA;812;DBA;SR;OK;TASK000013873866;Priority 3;NA
SEC;DXE;SEC;SR;OK;TASK000013873867;Priority 3;NA
CNC;DCF;CNC;SR;OK;TASK000013873890;Priority 3;NA
FUN;812;FUN;SR;OK;TASK000013874010;Priority 3;NA
L1;812;MON;SR;OK;TASK000013874067;Priority 4;NA
SEC;DXE;SEC;SR;OK;TASK000013874192;Priority 3;NA
SEC;BWI;SEC;SR;OK;TASK000013874233;Priority 4;NA
SEC;WS;SEC;SR;OK;TASK000013874296;Priority 3;NA
SEC;SYN;SEC;SR;OK;TASK000013874311;Priority 3;NA
L1;BWI;L1 ;SR;OK;TASK000013874349;Priority 4;NA
SEC;DCF;SEC;SR;Defect;TASK000013874367;Priority 3;NA
CNC;BWI;CNC;SR;OK;TASK000013874426;Priority 3;NA
CNC;812;CNC;SR;OK;TASK000013874454;Priority 3;NA
CNC;812;CNC;SR;OK;TASK000013874456;Priority 3;NA
APS;ETH;FUN;SR;OK;TASK000013874507;Priority 3;NA
SEC;812;SEC;SR;OK;TASK000013874554;Priority 3;NA
SEC;MNT;SEC;SR;OK;TASK000013874596;Priority 3;NA
SEC;812;SEC;SR;OK;TASK000013874600;Priority 3;NA
SEC;SYN;SEC;SR;OK;TASK000013874614;Priority 3;NA
SEC;BWI;SEC;SR;OK;TASK000013874623;Priority 4;NA
SEC;DCF;SEC;SR;OK;TASK000013874785;Priority 3;NA
FIN;812;FUN;SR;OK;TASK000013874810;Priority 4;NA
SEC;812;SEC;SR;OK;TASK000013874929;Priority 3;NA
SCH;812;SCH;SR;OK;TASK000013874964;Priority 3;NA
SEC;BWI;SEC;SR;OK;TASK000013875154;Priority 4;NA
SEC;BWI;SEC;SR;OK;TASK000013875249;Priority 4;NA
SEC;BWI;SEC;SR;OK;TASK000013875256;Priority 4;NA
SEC;BWI;SEC;SR;OK;TASK000013875260;Priority 4;NA
SEC;BWI;SEC;SR;OK;TASK000013875267;Priority 4;NA
MNT;MNT;FUN;SR;OK;TASK000013875305;Priority 4;NA
SEC;DCF;SEC;SR;OK;TASK000013875321;Priority 3;NA
SEC;DCF;SEC;SR;OK;TASK000013875336;Priority 3;NA
SEC;ETH;SEC;SR;Defect;TASK000013875388;Priority 3;NA
FUN;WS;FUN;SR;OK;TASK000013875414;Priority 3;NA
SEC;SYN;SEC;SR;OK;TASK000013875469;Priority 3;NA
CNC;812;CNC;SR;OK;TASK000013875549;Priority 3;NA
SEC;BWI;SEC;SR;OK;TASK000013875629;Priority 4;NA
CNC;ETH;CNC;SR;OK;TASK000013875659;Priority 3;NA
SEC;BWI;SEC;SR;OK;TASK000013875661;Priority 4;NA
SEC;MNT;SEC;SR;OK;TASK000013875672;Priority 3;NA
SEC;BWI;SEC;SR;OK;TASK000013875696;Priority 4;NA
SEC;CAN;SEC;SR;OK;TASK000013875843;Priority 3;NA
DBA;812;DBA;SR;OK;TASK000013875851;Priority 3;NA
SEC;MNT;SEC;SR;OK;TASK000013875905;Priority 3;NA
SEC;MNT;SEC;SR;OK;TASK000013875918;Priority 3;NA
APS;ETH;APS;SR;OK;TASK000013875969;Priority 4;NA
CNC;ETH;CNC;SR;OK;TASK000013876009;Priority 3;NA
L1;BWI;L1 ;SR;OK;TASK000013876092;Priority 3;NA
SEC;DXE;SEC;SR;OK;TASK000013876093;Priority 3;NA
SEC;ETH;SEC;SR;OK;TASK000013876097;Priority 3;NA
CNC;812;CNC;SR;OK;TASK000013876270;Priority 3;NA
CNC;812;CNC;SR;OK;TASK000013876591;Priority 3;NA
SEC;812;SEC;SR;OK;TASK000013876746;Priority 3;NA
CNC;812;CNC;SR;OK;TASK000013877210;Priority 3;NA
APS;ETH;APS;SR;OK;TASK000013877586;Priority 3;NA
SEC;SYN;SEC;SR;OK;TASK000013877603;Priority 3;NA
DBA;812;DBA;SR;OK;TASK000013877761;Priority 3;NA
SEC;812;SEC;SR;OK;TASK000013877768;Priority 3;NA
SEC;812;SEC;SR;OK;TASK000013877770;Priority 3;NA
SEC;812;SEC;SR;OK;TASK000013877832;Priority 3;NA
DBA;812;DBA;SR;OK;TASK000013877871;Priority 3;NA
L1;BWI;L1 ;SR;OK;TASK000013878049;Priority 4;NA
DBA;812;DBA;SR;OK;TASK000013878176;Priority 3;NA
FUN;812;FUN;SR;OK;TASK000013878218;Priority 4;NA
SEC;812;SEC;SR;OK;TASK000013878226;Priority 3;NA
SEC;EDS;SEC;SR;OK;TASK000013878249;Priority 3;NA
SEC;812;SEC;SR;OK;TASK000013878291;Priority 3;NA
L1;812;MON;SR;OK;TASK000013878303;Priority 3;NA
SEC;LAT;SEC;SR;Defect;TASK000013878343;Priority 3;NA
CNC;812;CNC;SR;OK;TASK000013878394;Priority 3;NA
DBA;812;DBA;SR;OK;TASK000013878520;Priority 3;NA
SEC;DCF;SEC;SR;OK;TASK000013878521;Priority 3;NA
SEC;EMS;SEC;SR;OK;TASK000013878526;Priority 3;NA
SEC;DCF;SEC;SR;Defect;TASK000013878553;Priority 3;NA
SEC;DCF;SEC;SR;OK;TASK000013878606;Priority 3;NA
DBA;812;DBA;SR;OK;TASK000013878674;Priority 3;NA
SEC;DCF;SEC;SR;OK;TASK000013878697;Priority 3;NA
SEC;BWI;SEC;SR;OK;TASK000013878764;Priority 4;NA
SEC;DCF;SEC;SR;OK;TASK000013878773;Priority 3;NA
CNC;812;CNC;SR;OK;TASK000013878776;Priority 3;NA
SEC;DCF;SEC;SR;OK;TASK000013878807;Priority 3;NA
FUN;812;FUN;SR;OK;TASK000013879087;Priority 3;NA
SEC;SYN;SEC;SR;OK;TASK000013879155;Priority 3;NA
SEC;DXE;SEC;SR;OK;TASK000013879168;Priority 3;NA
SEC;812;SEC;SR;OK;TASK000013879307;Priority 3;NA
SEC;812;SEC;SR;OK;TASK000013879308;Priority 3;NA
SEC;812;SEC;SR;OK;TASK000013879309;Priority 3;NA
SEC;DPY;SEC;SR;OK;TASK000013879525;Priority 3;NA
SEC;DXE;SEC;SR;OK;TASK000013879534;Priority 3;NA
CNC;EMS;CNC;SR;OK;TASK000013879536;Priority 3;NA
APS;ETH;APS;SR;OK;TASK000013879543;Priority 3;NA
MNT;MNT;FUN;SR;OK;TASK000013879557;Priority 4;NA
SEC;MNT;SEC;SR;OK;TASK000013879660;Priority 3;NA
SEC;MNT;SEC;SR;Defect;TASK000013879667;Priority 3;NA
SEC;812;SEC;SR;OK;TASK000013879695;Priority 3;NA
DBA;812;DBA;SR;OK;TASK000013879769;Priority 3;NA
DBA;812;DBA;SR;OK;TASK000013879770;Priority 3;NA
SEC;SYN;SEC;SR;OK;TASK000013879799;Priority 3;NA
SEC;SYN;SEC;SR;OK;TASK000013879844;Priority 3;NA
SEC;SYN;SEC;SR;OK;TASK000013879894;Priority 3;NA
FUN;ETH;FUN;SR;OK;TASK000013879899;Priority 3;NA
SEC;EES;SEC;SR;Defect;TASK000013879928;Priority 3;NA
CNC;EES;CNC;SR;OK;TASK000013880017;Priority 3;NA
SEC;BWI;SEC;SR;OK;TASK000013880112;Priority 4;NA
L1;BWI;L1 ;SR;OK;TASK000013880384;Priority 4;NA
SEC;812;SEC;SR;OK;TASK000013880983;Priority 3;NA
CNC;812;CNC;SR;OK;TASK000013881060;Priority 3;NA
FUN;DXE;FUN;SR;OK;TASK000013881373;Priority 4;NA
DBA;812;DBA;SR;OK;TASK000013881387;Priority 3;NA
DBA;812;DBA;SR;OK;TASK000013881396;Priority 3;NA
DBA;812;DBA;SR;OK;TASK000013881409;Priority 3;NA
SEC;DXE;SEC;SR;OK;TASK000013881420;Priority 3;NA
DBA;812;DBA;SR;OK;TASK000013881422;Priority 3;NA
DBA;812;DBA;SR;OK;TASK000013881423;Priority 3;NA
DBA;812;DBA;SR;OK;TASK000013881432;Priority 3;NA
FUN;812;FUN;SR;OK;TASK000013881465;Priority 4;NA
L1;812;MON;SR;OK;TASK000013881468;Priority 4;NA
CNC;812;CNC;SR;OK;TASK000013881664;Priority 3;NA
L1;BWI;CNC;SR;OK;TASK000013881680;Priority 3;NA
SEC;BWI;SEC;SR;OK;TASK000013881749;Priority 4;NA
DBA;812;DBA;SR;OK;TASK000013881760;Priority 3;NA
SEC;EMS;SEC;SR;OK;TASK000013881769;Priority 3;NA
SEC;WS;SEC;SR;OK;TASK000013881780;Priority 3;NA
SEC;DXE;SEC;SR;Defect;TASK000013881807;Priority 3;NA
SEC;812;SEC;SR;OK;TASK000013881884;Priority 3;NA
SEC;SYN;SEC;SR;OK;TASK000013881892;Priority 3;NA
SEC;812;SEC;SR;OK;TASK000013881898;Priority 3;NA
SEC;812;SEC;SR;OK;TASK000013881905;Priority 3;NA
SEC;SYN;SEC;SR;OK;TASK000013881916;Priority 3;NA
SEC;SYN;SEC;SR;OK;TASK000013881941;Priority 3;NA
SEC;812;SEC;SR;OK;TASK000013881954;Priority 3;NA
DBA;812;DBA;SR;OK;TASK000013881992;Priority 3;NA
SEC;812;SEC;SR;OK;TASK000013882018;Priority 3;NA
CNC;BWI;CNC;SR;OK;TASK000013882028;Priority 3;NA
SEC;812;SEC;SR;OK;TASK000013882172;Priority 3;NA
SEC;SYN;SEC;SR;Defect;TASK000013882223;Priority 3;NA
FIN;812;FUN;SR;OK;TASK000013882264;Priority 3;NA
SEC;BWI;SEC;SR;OK;TASK000013882274;Priority 4;NA
SEC;DXE;SEC;SR;OK;TASK000013882297;Priority 3;NA
CNC;EES;CNC;SR;OK;TASK000013882298;Priority 3;NA
SEC;812;SEC;SR;OK;TASK000013882315;Priority 3;NA
DBA;812;DBA;SR;OK;TASK000013882613;Priority 3;NA
DBA;812;DBA;SR;OK;TASK000013882624;Priority 3;NA
SEC;SYN;SEC;SR;OK;TASK000013882737;Priority 3;NA
SEC;BWI;SEC;SR;OK;TASK000013882744;Priority 4;NA
SEC;DPY;SEC;SR;OK;TASK000013883164;Priority 3;NA
SEC;CAN;SEC;SR;OK;TASK000013883237;Priority 3;NA
SEC;SYN;SEC;SR;OK;TASK000013883270;Priority 3;NA
SEC;SYN;SEC;SR;OK;TASK000013883286;Priority 3;NA
APS;ETH;APS;SR;OK;TASK000013883389;Priority 3;NA
CNC;BWI;CNC;SR;OK;TASK000013883661;Priority 3;NA
CNC;812;CNC;SR;OK;TASK000013883694;Priority 3;NA
SEC;SYN;SEC;SR;OK;TASK000013883779;Priority 3;NA
SEC;SYN;SEC;SR;OK;TASK000013883807;Priority 3;NA
SEC;ETH;SEC;SR;OK;TASK000013883809;Priority 3;NA
SEC;SYN;SEC;SR;OK;TASK000013883836;Priority 3;NA
SEC;SYN;SEC;SR;OK;TASK000013883849;Priority 3;NA
SEC;BWI;SEC;SR;OK;TASK000013883887;Priority 4;NA
CNC;ETH;CNC;SR;OK;TASK000013884001;Priority 3;NA
SEC;SYN;SEC;SR;Defect;TASK000013884006;Priority 3;NA
SEC;MNT;SEC;SR;Defect;TASK000013884111;Priority 3;NA
SEC;SYN;SEC;SR;OK;TASK000013884158;Priority 3;NA
APS;ETH;APS;SR;OK;TASK000013884362;Priority 3;NA
L1;BWI;L1 ;SR;OK;TASK000013884435;Priority 4;NA
SEC;DCF;SEC;SR;OK;TASK000013884455;Priority 3;NA
CNC;ETH;CNC;SR;OK;TASK000013884574;Priority 3;NA
SEC;EDS;SEC;SR;OK;TASK000013885198;Priority 3;NA
FUN;DCF;FUN;SR;OK;TASK000013885299;Priority 3;NA
DBA;812;DBA;SR;OK;TASK000013885326;Priority 3;NA
DBA;812;DBA;SR;OK;TASK000013885329;Priority 3;NA
FUN;812;FUN;SR;OK;TASK000013885415;Priority 3;NA
APS;ETH;APS;SR;OK;TASK000013885545;Priority 3;NA
SEC;812;SEC;SR;OK;TASK000013885574;Priority 3;NA
FUN;812;FUN;SR;OK;TASK000013885621;Priority 3;NA
CNC;812;CNC;SR;OK;TASK000013885658;Priority 3;NA
SEC;812;SEC;SR;OK;TASK000013885699;Priority 3;NA
SEC;812;SEC;SR;OK;TASK000013885756;Priority 3;NA
FUN;COR;FUN;SR;OK;TASK000013885801;Priority 3;NA
FUN;COR;FUN;SR;OK;TASK000013885802;Priority 3;NA
DBA;812;DBA;SR;OK;TASK000013885808;Priority 3;NA
SEC;812;SEC;SR;OK;TASK000013885914;Priority 3;NA
SEC;812;SEC;SR;OK;TASK000013885917;Priority 3;NA
FUN;DXE;FUN;SR;OK;TASK000013885920;Priority 3;NA
SEC;812;SEC;SR;OK;TASK000013886050;Priority 3;NA
SEC;812;SEC;SR;OK;TASK000013886058;Priority 3;NA
SEC;BWI;SEC;SR;OK;TASK000013886116;Priority 4;NA
FUN;812;FUN;SR;OK;TASK000013886166;Priority 3;NA
SEC;812;SEC;SR;OK;TASK000013886213;Priority 3;NA
SEC;SYN;SEC;SR;OK;TASK000013886230;Priority 3;NA
SEC;DCF;SEC;SR;OK;TASK000013886309;Priority 3;NA
SEC;ETH;SEC;SR;OK;TASK000013886536;Priority 3;NA
SEC;SYN;SEC;SR;Defect;TASK000013886545;Priority 3;NA
DBA;812;DBA;SR;OK;TASK000013886607;Priority 3;NA
DBA;812;DBA;SR;OK;TASK000013886608;Priority 3;NA
SEC;812;SEC;SR;OK;TASK000013886613;Priority 3;NA
SEC;SYN;SEC;SR;OK;TASK000013886618;Priority 3;NA
SEC;BWI;SEC;SR;OK;TASK000013886624;Priority 4;NA
L1;812;MON;SR;OK;TASK000013886648;Priority 3;NA
SEC;DCF;SEC;SR;OK;TASK000013886666;Priority 3;NA
SEC;DCF;SEC;SR;OK;TASK000013886731;Priority 3;NA
SEC;BWI;SEC;SR;OK;TASK000013886757;Priority 4;NA
DBA;812;DBA;SR;OK;TASK000013886797;Priority 3;NA
APS;ETH;APS;SR;OK;TASK000013886804;Priority 3;NA
DBA;812;DBA;SR;OK;TASK000013886852;Priority 3;NA
SEC;812;SEC;SR;OK;TASK000013886877;Priority 3;NA
SCH;812;SCH;SR;OK;TASK000013886906;Priority 3;NA
SEC;BWI;SEC;SR;OK;TASK000013886949;Priority 4;NA
SEC;SYN;SEC;SR;Defect;TASK000013887066;Priority 3;NA
SCH;812;SCH;SR;OK;TASK000013887150;Priority 3;NA
APS;ETH;APS;SR;OK;TASK000013887188;Priority 3;NA
APS;EES;APS;SR;OK;TASK000013887229;Priority 3;NA
APS;ETH;APS;SR;OK;TASK000013887268;Priority 3;NA
SEC;WS;SEC;SR;OK;TASK000013887321;Priority 3;NA
APS;ETH;APS;SR;OK;TASK000013887415;Priority 3;NA
SEC;BWI;SEC;SR;OK;TASK000013887479;Priority 4;NA
SEC;BWI;SEC;SR;OK;TASK000013887483;Priority 4;NA
SEC;BWI;SEC;SR;OK;TASK000013887487;Priority 4;NA
APS;ETH;APS;SR;OK;TASK000013887656;Priority 3;NA
SEC;ETH;SEC;SR;OK;TASK000013887742;Priority 3;NA
SEC;SYN;SEC;SR;OK;TASK000013887751;Priority 3;NA
SEC;SYN;SEC;SR;OK;TASK000013887800;Priority 3;NA
SEC;SYN;SEC;SR;OK;TASK000013887844;Priority 3;NA
SEC;BWI;SEC;SR;OK;TASK000013887944;Priority 4;NA
SEC;BWI;SEC;SR;OK;TASK000013888034;Priority 4;NA
FUN;LAT;FUN;SR;OK;TASK000013888267;Priority 3;NA
SEC;812;SEC;SR;OK;TASK000013889206;Priority 3;NA
SEC;812;SEC;SR;OK;TASK000013889220;Priority 3;NA
SEC;812;SEC;SR;OK;TASK000013889289;Priority 3;NA
APS;ETH;APS;SR;OK;TASK000013889394;Priority 3;NA
FUN;DCF;FUN;SR;OK;TASK000013889537;Priority 3;NA
CNC;812;CNC;SR;OK;TASK000013889543;Priority 3;NA
FUN;DCF;FUN;SR;OK;TASK000013889545;Priority 3;NA
DBA;812;DBA;SR;OK;TASK000013889717;Priority 3;NA
DBA;812;DBA;SR;OK;TASK000013889758;Priority 3;NA
DBA;812;DBA;SR;OK;TASK000013889826;Priority 3;NA
CNC;812;CNC;SR;OK;TASK000013889848;Priority 3;NA
CNC;812;CNC;SR;OK;TASK000013889870;Priority 3;NA
APS;ETH;APS;SR;OK;TASK000013889905;Priority 3;NA
SEC;812;SEC;SR;OK;TASK000013889912;Priority 3;NA
DBA;812;DBA;SR;OK;TASK000013889925;Priority 3;NA
APS;ETH;APS;SR;OK;TASK000013889939;Priority 3;NA
DBA;812;DBA;SR;OK;TASK000013889943;Priority 3;NA
FUN;812;FUN;SR;OK;TASK000013890038;Priority 3;NA
SEC;DXE;SEC;SR;OK;TASK000013890047;Priority 3;NA
DBA;812;DBA;SR;OK;TASK000013890053;Priority 3;NA
DBA;812;DBA;SR;OK;TASK000013890059;Priority 3;NA
SEC;812;SEC;SR;OK;TASK000013890089;Priority 3;NA
CNC;812;CNC;SR;OK;TASK000013890098;Priority 3;NA
FIN;812;FUN;SR;OK;TASK000013890141;Priority 3;NA
CNC;812;CNC;SR;OK;TASK000013890211;Priority 3;NA
DBA;812;DBA;SR;OK;TASK000013890260;Priority 3;NA
SEC;812;SEC;SR;OK;TASK000013890280;Priority 3;NA
SEC;812;SEC;SR;OK;TASK000013890309;Priority 3;NA
SEC;SYN;SEC;SR;OK;TASK000013890449;Priority 3;NA
SEC;SYN;SEC;SR;Defect;TASK000013890493;Priority 3;NA
SEC;812;SEC;SR;OK;TASK000013890505;Priority 3;NA
CNC;812;CNC;SR;OK;TASK000013890588;Priority 3;NA
APS;ETH;APS;SR;OK;TASK000013890597;Priority 3;NA
APS;EES;APS;SR;OK;TASK000013890661;Priority 4;NA
SEC;BWI;SEC;SR;OK;TASK000013890813;Priority 4;NA
SEC;812;SEC;SR;OK;TASK000013890938;Priority 3;NA
SEC;WS;SEC;SR;OK;TASK000013890947;Priority 3;NA
SEC;812;SEC;SR;OK;TASK000013891000;Priority 3;NA
FUN;812;FUN;SR;OK;TASK000013891046;Priority 3;NA
DBA;812;DBA;SR;OK;TASK000013891063;Priority 3;NA
FUN;812;FUN;SR;OK;TASK000013891089;Priority 4;NA
SEC;SYN;SEC;SR;OK;TASK000013891139;Priority 3;NA
APS;ETH;APS;SR;OK;TASK000013891183;Priority 3;NA
L1;BWI;L1 ;SR;OK;TASK000013891184;Priority 3;NA
SEC;812;SEC;SR;OK;TASK000013891191;Priority 3;NA
FUN;812;FUN;SR;OK;TASK000013891246;Priority 3;NA
SEC;DCF;SEC;SR;OK;TASK000013891309;Priority 3;NA
CNC;812;CNC;SR;OK;TASK000013891463;Priority 3;NA
FUN;812;FUN;SR;OK;TASK000013891470;Priority 3;NA
SCH;812;SCH;SR;OK;TASK000013891519;Priority 3;NA
SEC;BWI;SEC;SR;OK;TASK000013891547;Priority 4;NA
FIN;812;FUN;SR;OK;TASK000013891583;Priority 4;NA
APS;ETH;APS;SR;OK;TASK000013891658;Priority 3;NA
CNC;LAT;CNC;SR;OK;TASK000013891723;Priority 3;NA
CNC;812;CNC;SR;OK;TASK000013891910;Priority 3;NA
DBA;812;DBA;SR;OK;TASK000013891911;Priority 3;NA
CNC;812;CNC;SR;OK;TASK000013891965;Priority 3;NA
SEC;ETH;SEC;SR;OK;TASK000013892049;Priority 3;NA
DBA;812;DBA;SR;OK;TASK000013892053;Priority 3;NA
SEC;BWI;SEC;SR;OK;TASK000013892096;Priority 4;NA
APS;ETH;APS;SR;OK;TASK000013892159;Priority 3;NA
FUN;812;FUN;SR;OK;TASK000013892166;Priority 4;NA
SEC;ETH;SEC;SR;OK;TASK000013892184;Priority 3;NA
SEC;SYN;SEC;SR;OK;TASK000013892213;Priority 3;NA
SEC;BWI;SEC;SR;OK;TASK000013892353;Priority 4;NA
APS;ETH;APS;SR;OK;TASK000013892393;Priority 3;NA
FUN;DCF;FUN;SR;OK;TASK000013892394;Priority 3;NA
L1;BWI;L1 ;SR;OK;TASK000013892403;Priority 3;NA
SEC;ETH;SEC;SR;OK;TASK000013892529;Priority 3;NA
FUN;COR;FUN;SR;OK;TASK000013892695;Priority 3;NA
SEC;SYN;SEC;SR;OK;TASK000013892724;Priority 3;NA
APS;EES;APS;SR;OK;TASK000013892954;Priority 3;NA
CNC;DPY;CNC;SR;OK;TASK000013893345;Priority 3;NA
SEC;DCF;SEC;SR;OK;TASK000013893456;Priority 3;NA
APS;EES;APS;SR;OK;TASK000013893472;Priority 4;NA
CNC;DCF;CNC;SR;OK;TASK000013893474;Priority 3;NA
DBA;812;DBA;SR;OK;TASK000013894068;Priority 3;NA
DBA;812;DBA;SR;OK;TASK000013894149;Priority 3;NA
L1;812;MON;SR;OK;TASK000013894333;Priority 3;NA
DBA;812;DBA;SR;OK;TASK000013894403;Priority 3;NA
SEC;DXE;SEC;SR;OK;TASK000013894433;Priority 3;NA
SEC;812;SEC;SR;OK;TASK000013894437;Priority 3;NA
CNC;BWI;CNC;SR;OK;TASK000013894470;Priority 3;NA
CNC;BWI;CNC;SR;OK;TASK000013894501;Priority 3;NA
DBA;812;DBA;SR;OK;TASK000013894503;Priority 3;NA
DBA;812;DBA;SR;OK;TASK000013894610;Priority 3;NA
SEC;812;SEC;SR;OK;TASK000013894619;Priority 3;NA
SEC;812;SEC;SR;OK;TASK000013894627;Priority 3;NA
SEC;SYN;SEC;SR;OK;TASK000013894714;Priority 3;NA
SEC;SYN;SEC;SR;OK;TASK000013894753;Priority 3;NA
SCH;812;SCH;SR;OK;TASK000013894761;Priority 3;NA
L1;BWI;L1 ;SR;OK;TASK000013894818;Priority 3;NA
SEC;SYN;SEC;SR;OK;TASK000013894823;Priority 3;NA
DBA;812;DBA;SR;OK;TASK000013894854;Priority 3;NA
APS;ETH;APS;SR;OK;TASK000013894943;Priority 3;NA
SEC;EMS;SEC;SR;OK;TASK000013895005;Priority 3;NA
OPS;EMS;OPS;SR;OK;TASK000013895029;Priority 3;NA
OPS;EDS;TEC;SR;OK;TASK000013895037;Priority 3;NA
SEC;SYN;SEC;SR;Defect;TASK000013895052;Priority 3;NA
DCF;DCF;FUN;SR;Defect;TASK000013895073;Priority 3;NA
SEC;SYN;SEC;SR;OK;TASK000013895110;Priority 3;NA
SEC;812;SEC;SR;OK;TASK000013895254;Priority 3;NA
APS;ETH;APS;SR;OK;TASK000013895264;Priority 3;NA
SEC;812;SEC;SR;OK;TASK000013895268;Priority 3;NA
SEC;812;SEC;SR;OK;TASK000013895277;Priority 3;NA
SEC;812;SEC;SR;OK;TASK000013895281;Priority 3;NA
SEC;DCF;SEC;SR;OK;TASK000013895326;Priority 3;NA
SEC;SYN;SEC;SR;OK;TASK000013895333;Priority 3;NA
SEC;812;SEC;SR;OK;TASK000013895354;Priority 3;NA
CNC;812;CNC;SR;OK;TASK000013895360;Priority 3;NA
SEC;812;SEC;SR;OK;TASK000013895374;Priority 3;NA
SEC;SYN;SEC;SR;OK;TASK000013895403;Priority 3;NA
SEC;812;SEC;SR;OK;TASK000013895431;Priority 3;NA
CNC;812;CNC;SR;OK;TASK000013895507;Priority 3;NA
FUN;EES;FUN;SR;OK;TASK000013895605;Priority 4;NA
SEC;DCF;SEC;SR;OK;TASK000013895626;Priority 3;NA
SEC;EMS;SEC;SR;OK;TASK000013895661;Priority 3;NA
CNC;812;CNC;SR;OK;TASK000013895666;Priority 3;NA
SEC;812;SEC;SR;OK;TASK000013895668;Priority 3;NA
APS;ETH;APS;SR;OK;TASK000013895670;Priority 3;NA
DBA;812;DBA;SR;OK;TASK000013895697;Priority 3;NA
APS;ETH;APS;SR;OK;TASK000013895701;Priority 3;NA
L1;812;MON;SR;OK;TASK000013895715;Priority 3;NA
FUN;EES;FUN;SR;OK;TASK000013895727;Priority 3;NA
SEC;812;SEC;SR;OK;TASK000013895765;Priority 3;NA
SEC;BWI;SEC;SR;OK;TASK000013895808;Priority 4;NA
MNT;MNT;FUN;SR;OK;TASK000013895869;Priority 4;NA
SEC;812;SEC;SR;OK;TASK000013895901;Priority 3;NA
SEC;812;SEC;SR;OK;TASK000013896035;Priority 3;NA
APS;ETH;APS;SR;OK;TASK000013896091;Priority 3;NA
SCH;812;SCH;SR;OK;TASK000013896208;Priority 3;NA
SEC;ETH;SEC;SR;OK;TASK000013896381;Priority 3;NA
APS;ETH;APS;SR;OK;TASK000013896535;Priority 3;NA
APS;ETH;APS;SR;OK;TASK000013896746;Priority 3;NA
SEC;SYN;SEC;SR;OK;TASK000013896765;Priority 3;NA
APS;ETH;APS;SR;OK;TASK000013896766;Priority 3;NA
SEC;SYN;SEC;SR;Defect;TASK000013896862;Priority 3;NA
SEC;ETH;SEC;SR;OK;TASK000013896896;Priority 3;NA
SEC;ETH;SEC;SR;OK;TASK000013896912;Priority 3;NA
SEC;EMS;SEC;SR;OK;TASK000013896916;Priority 3;NA
DBA;812;DBA;SR;OK;TASK000013896958;Priority 3;NA
DBA;812;DBA;SR;OK;TASK000013896961;Priority 3;NA
SEC;ETH;SEC;SR;OK;TASK000013896964;Priority 3;NA
APS;ETH;APS;SR;OK;TASK000013897018;Priority 3;NA
SEC;MNT;SEC;SR;OK;TASK000013897115;Priority 3;NA
FUN;ETH;FUN;SR;OK;TASK000013897125;Priority 3;NA
CNC;ETH;CNC;SR;OK;TASK000013897132;Priority 3;NA
L1;BWI;L1 ;SR;OK;TASK000013897155;Priority 3;NA
SEC;DXE;SEC;SR;OK;TASK000013897175;Priority 3;NA
FUN;ETH;FUN;SR;OK;TASK000013897493;Priority 3;NA
CNC;ETH;CNC;SR;OK;TASK000013897685;Priority 3;NA
APS;EES;APS;SR;OK;TASK000013897898;Priority 4;NA
DBA;812;DBA;SR;OK;TASK000013898749;Priority 3;NA
DBA;812;DBA;SR;OK;TASK000013898792;Priority 3;NA
SEC;812;SEC;SR;OK;TASK000013898808;Priority 3;NA
SEC;EMS;SEC;SR;OK;TASK000013898873;Priority 3;NA
DBA;812;DBA;SR;OK;TASK000013898897;Priority 3;NA
DBA;812;DBA;SR;OK;TASK000013898901;Priority 3;NA
DBA;812;DBA;SR;OK;TASK000013898981;Priority 3;NA
CNC;812;CNC;SR;OK;TASK000013899023;Priority 3;NA
DBA;812;DBA;SR;OK;TASK000013899107;Priority 3;NA
SEC;DXE;SEC;SR;OK;TASK000013899306;Priority 3;NA
SEC;812;SEC;SR;OK;TASK000013899415;Priority 3;NA
SEC;812;SEC;SR;OK;TASK000013899473;Priority 3;NA
SEC;812;SEC;SR;OK;TASK000013899478;Priority 3;NA
APS;ETH;APS;SR;OK;TASK000013899491;Priority 3;NA
SEC;DXE;SEC;SR;OK;TASK000013899523;Priority 3;NA
DBA;812;DBA;SR;OK;TASK000013899529;Priority 3;NA
FUN;812;FUN;SR;OK;TASK000013899559;Priority 4;NA
FUN;DCF;FUN;SR;OK;TASK000013899834;Priority 3;NA
SEC;812;SEC;SR;OK;TASK000013899863;Priority 3;NA
SEC;812;SEC;SR;OK;TASK000013899919;Priority 3;NA
SEC;EMS;SEC;SR;OK;TASK000013899931;Priority 3;NA
SEC;EMS;SEC;SR;OK;TASK000013900041;Priority 3;NA
SEC;812;SEC;SR;OK;TASK000013900083;Priority 3;NA
SEC;SYN;SEC;SR;OK;TASK000013900099;Priority 3;NA
SEC;812;SEC;SR;OK;TASK000013900130;Priority 3;NA
SEC;SYN;SEC;SR;OK;TASK000013900134;Priority 3;NA
SEC;EMS;SEC;SR;OK;TASK000013900142;Priority 3;NA
SEC;DCF;SEC;SR;OK;TASK000013900157;Priority 3;NA
SEC;EMS;SEC;SR;OK;TASK000013900169;Priority 3;NA
SEC;EMS;SEC;SR;OK;TASK000013900191;Priority 3;NA
SEC;DCF;SEC;SR;OK;TASK000013900292;Priority 3;NA
SEC;BWI;SEC;SR;OK;TASK000013900308;Priority 4;NA
CNC;812;CNC;SR;OK;TASK000013900326;Priority 3;NA
SEC;812;SEC;SR;OK;TASK000013900329;Priority 3;NA
SEC;DXE;SEC;SR;OK;TASK000013900363;Priority 3;NA
SEC;DCF;SEC;SR;OK;TASK000013900387;Priority 3;NA
DBA;812;DBA;SR;OK;TASK000013900388;Priority 3;NA
SEC;812;SEC;SR;OK;TASK000013900513;Priority 3;NA
APS;ETH;APS;SR;OK;TASK000013900581;Priority 3;NA
SEC;SYN;SEC;SR;Defect;TASK000013900583;Priority 3;NA
CNC;812;CNC;SR;OK;TASK000013900593;Priority 3;NA
SEC;DPY;SEC;SR;OK;TASK000013900709;Priority 4;NA
SEC;BWI;SEC;SR;OK;TASK000013900750;Priority 4;NA
FUN;812;FUN;SR;OK;TASK000013900763;Priority 3;NA
APS;ETH;APS;SR;OK;TASK000013900829;Priority 3;NA
SEC;DPY;SEC;SR;Defect;TASK000013900892;Priority 3;NA
SEC;DPY;SEC;SR;OK;TASK000013900923;Priority 3;NA
L1;BWI;L1 ;SR;OK;TASK000013900939;Priority 3;NA
SEC;CAN;SEC;SR;OK;TASK000013901022;Priority 3;NA
SEC;812;SEC;SR;OK;TASK000013901038;Priority 3;NA
FUN;ETH;FUN;SR;OK;TASK000013901136;Priority 4;NA
SEC;SYN;SEC;SR;Defect;TASK000013901334;Priority 3;NA
SEC;812;SEC;SR;OK;TASK000013901422;Priority 3;NA
SEC;DXE;SEC;SR;OK;TASK000013901452;Priority 3;NA
SEC;MNT;SEC;SR;Defect;TASK000013901469;Priority 3;NA
APS;ETH;APS;SR;OK;TASK000013901698;Priority 3;NA
SEC;SYN;SEC;SR;OK;TASK000013901756;Priority 3;NA
SEC;BWI;SEC;SR;OK;TASK000013901816;Priority 4;NA
SEC;SYN;SEC;SR;OK;TASK000013901862;Priority 3;NA
SEC;812;SEC;SR;OK;TASK000013901869;Priority 3;NA
SEC;SYN;SEC;SR;OK;TASK000013901902;Priority 3;NA
SEC;SYN;SEC;SR;OK;TASK000013901947;Priority 3;NA
SEC;ETH;SEC;SR;Defect;TASK000013901966;Priority 3;NA
SEC;812;SEC;SR;OK;TASK000013901970;Priority 3;NA
FUN;EES;FUN;SR;OK;TASK000013901975;Priority 4;NA
SEC;BWI;SEC;SR;OK;TASK000013901981;Priority 4;NA
SEC;EES;SEC;SR;Defect;TASK000013902116;Priority 3;NA
FUN;ETH;FUN;SR;OK;TASK000013902161;Priority 4;NA
SEC;BWI;SEC;SR;OK;TASK000013902175;Priority 4;NA
CNC;812;CNC;SR;OK;TASK000013902230;Priority 3;NA
CNC;BWI;CNC;SR;OK;TASK000013902249;Priority 3;NA
L1;BWI;L1 ;SR;OK;TASK000013902250;Priority 3;NA
DBA;812;DBA;SR;OK;TASK000013902360;Priority 3;NA
SEC;DXE;SEC;SR;OK;TASK000013902374;Priority 3;NA
SEC;ETH;SEC;SR;OK;TASK000013902462;Priority 3;NA
APS;ETH;APS;SR;OK;TASK000013902466;Priority 3;NA
DBA;812;DBA;SR;OK;TASK000013902709;Priority 3;NA
DBA;812;DBA;SR;OK;TASK000013902715;Priority 3;NA
CNC;ETH;CNC;SR;OK;TASK000013902744;Priority 3;NA
CNC;DPY;CNC;SR;OK;TASK000013902909;Priority 3;NA
CNC;DCF;CNC;SR;OK;TASK000013903077;Priority 3;NA
SEC;812;SEC;SR;OK;TASK000013903609;Priority 3;NA
CNC;DXE;CNC;SR;OK;TASK000013903719;Priority 3;NA
APS;ETH;APS;SR;OK;TASK000013903721;Priority 3;NA
FUN;COR;FUN;SR;OK;TASK000013903727;Priority 3;NA
DBA;812;DBA;SR;OK;TASK000013903760;Priority 3;NA
DBA;812;DBA;SR;OK;TASK000013903783;Priority 3;NA
CNC;812;CNC;SR;OK;TASK000013903866;Priority 3;NA
FUN;DCF;FUN;SR;OK;TASK000013903885;Priority 3;NA
DBA;812;DBA;SR;OK;TASK000013904001;Priority 3;NA
SEC;EMS;SEC;SR;OK;TASK000013904021;Priority 3;NA
SEC;EMS;SEC;SR;OK;TASK000013904022;Priority 3;NA
SEC;812;SEC;SR;OK;TASK000013904024;Priority 3;NA
APS;ETH;APS;SR;OK;TASK000013904185;Priority 3;NA
FUN;WS;FUN;SR;OK;TASK000013904201;Priority 4;NA
DBA;812;DBA;SR;OK;TASK000013904253;Priority 3;NA
L1;812;MON;SR;OK;TASK000013904273;Priority 3;NA
SEC;812;SEC;SR;OK;TASK000013904434;Priority 3;NA
SEC;SYN;SEC;SR;Defect;TASK000013904696;Priority 3;NA
SEC;BWI;SEC;SR;OK;TASK000013904774;Priority 4;NA
SEC;SYN;SEC;SR;OK;TASK000013904783;Priority 3;NA
SEC;DXE;SEC;SR;OK;TASK000013904790;Priority 3;NA
SEC;SYN;SEC;SR;OK;TASK000013904864;Priority 3;NA
DBA;812;DBA;SR;OK;TASK000013904895;Priority 3;NA
SEC;SYN;SEC;SR;OK;TASK000013904961;Priority 3;NA
DBA;812;DBA;SR;OK;TASK000013905056;Priority 3;NA
FIN;812;FUN;SR;OK;TASK000013905205;Priority 3;NA
FUN;COR;FUN;SR;OK;TASK000013905400;Priority 3;NA
SEC;DXE;SEC;SR;OK;TASK000013905442;Priority 3;NA
SEC;812;SEC;SR;OK;TASK000013905591;Priority 3;NA
SEC;812;SEC;SR;OK;TASK000013905731;Priority 3;NA
SEC;SYN;SEC;SR;OK;TASK000013905740;Priority 3;NA
APS;EES;APS;SR;OK;TASK000013905877;Priority 4;NA
APS;EES;APS;SR;OK;TASK000013905895;Priority 4;NA
SEC;DCF;SEC;SR;OK;TASK000013905919;Priority 3;NA
CNC;812;CNC;SR;OK;TASK000013905952;Priority 3;NA
DBA;812;DBA;SR;OK;TASK000013906079;Priority 3;NA
SEC;MNT;SEC;SR;OK;TASK000013906122;Priority 4;NA
MNT;MNT;FUN;SR;OK;TASK000013906123;Priority 3;NA
CNC;812;CNC;SR;OK;TASK000013906129;Priority 3;NA
DBA;812;DBA;SR;OK;TASK000013906338;Priority 3;NA
CNC;812;CNC;SR;OK;TASK000013906374;Priority 3;NA
APS;ETH;APS;SR;OK;TASK000013906380;Priority 3;NA
CNC;812;CNC;SR;OK;TASK000013906485;Priority 3;NA
SEC;SYN;SEC;SR;Defect;TASK000013906651;Priority 3;NA
SEC;BWI;SEC;SR;OK;TASK000013906656;Priority 4;NA
SEC;SYN;SEC;SR;Defect;TASK000013906667;Priority 3;NA
SEC;SYN;SEC;SR;OK;TASK000013906675;Priority 3;NA
SEC;SYN;SEC;SR;OK;TASK000013906697;Priority 3;NA
FUN;ETH;FUN;SR;OK;TASK000013906916;Priority 4;NA
FUN;ETH;FUN;SR;OK;TASK000013906917;Priority 4;NA
SEC;BWI;SEC;SR;OK;TASK000013906922;Priority 4;NA
SEC;ETH;SEC;SR;OK;TASK000013906962;Priority 3;NA
SEC;SYN;SEC;SR;Defect;TASK000013906981;Priority 3;NA
CNC;ETH;CNC;SR;OK;TASK000013906987;Priority 3;NA
SEC;BWI;SEC;SR;OK;TASK000013907063;Priority 4;NA
SEC;BWI;SEC;SR;OK;TASK000013907070;Priority 4;NA
SEC;BWI;SEC;SR;OK;TASK000013907080;Priority 4;NA
SEC;BWI;SEC;SR;OK;TASK000013907121;Priority 4;NA
FIN;812;FUN;SR;OK;TASK000013907183;Priority 4;NA
FIN;812;FUN;SR;OK;TASK000013907184;Priority 3;NA
APS;ETH;APS;SR;OK;TASK000013907192;Priority 3;NA
FIN;812;FUN;SR;OK;TASK000013907195;Priority 4;NA
SEC;DCF;SEC;SR;OK;TASK000013907256;Priority 3;NA
APS;ETH;APS;SR;OK;TASK000013907276;Priority 3;NA
SEC;DXE;SEC;SR;OK;TASK000013907574;Priority 3;NA
SEC;ETH;SEC;SR;OK;TASK000013907872;Priority 3;NA
APS;ETH;APS;SR;OK;TASK000013907994;Priority 3;NA
CNC;ETH;CNC;SR;OK;TASK000013908005;Priority 3;NA
L1;BWI;L1 ;SR;OK;TASK000013908092;Priority 3;NA
L1;DCF;CNC;SR;OK;TASK000013908152;Priority 3;NA
SEC;812;SEC;SR;OK;TASK000013908318;Priority 3;NA
SEC;ETH;SEC;SR;OK;TASK000013908370;Priority 3;NA
SEC;BWI;SEC;SR;OK;TASK000013908507;Priority 4;NA
APS;ETH;APS;SR;OK;TASK000013908558;Priority 3;NA
DBA;812;DBA;SR;OK;TASK000013908620;Priority 3;NA
SEC;SYN;SEC;SR;OK;TASK000013908670;Priority 3;NA
SEC;812;SEC;SR;OK;TASK000013908732;Priority 3;NA
DBA;812;DBA;SR;OK;TASK000013908788;Priority 3;NA
OPS;WS;OPS;SR;OK;TASK000013908796;Priority 4;NA
SEC;ETH;SEC;SR;OK;TASK000013908801;Priority 3;NA
SEC;812;SEC;SR;OK;TASK000013908803;Priority 3;NA
DBA;812;DBA;SR;OK;TASK000013908845;Priority 3;NA
CNC;812;CNC;SR;OK;TASK000013908923;Priority 3;NA
DBA;812;DBA;SR;OK;TASK000013908924;Priority 3;NA
DBA;812;DBA;SR;OK;TASK000013908937;Priority 3;NA
CNC;812;CNC;SR;OK;TASK000013908973;Priority 3;NA
SEC;DXE;SEC;SR;OK;TASK000013909004;Priority 3;NA
DBA;812;DBA;SR;OK;TASK000013909073;Priority 3;NA
SEC;DCF;SEC;SR;Defect;TASK000013909110;Priority 3;NA
DBA;812;DBA;SR;OK;TASK000013909119;Priority 3;NA
DBA;812;DBA;SR;OK;TASK000013909125;Priority 3;NA
DBA;812;DBA;SR;OK;TASK000013909134;Priority 3;NA
SEC;812;SEC;SR;OK;TASK000013909136;Priority 3;NA
SEC;812;SEC;SR;OK;TASK000013909200;Priority 3;NA
SEC;812;SEC;SR;OK;TASK000013909202;Priority 3;NA
CNC;812;CNC;SR;OK;TASK000013909297;Priority 3;NA
SCH;812;SCH;SR;OK;TASK000013909399;Priority 3;NA
SEC;SYN;SEC;SR;OK;TASK000013909421;Priority 3;NA
APS;ETH;APS;SR;OK;TASK000013909455;Priority 3;NA
SEC;SYN;SEC;SR;OK;TASK000013909471;Priority 3;NA
CNC;812;CNC;SR;OK;TASK000013909518;Priority 3;NA
SEC;EMS;SEC;SR;OK;TASK000013909662;Priority 3;NA
SEC;SYN;SEC;SR;Defect;TASK000013909674;Priority 3;NA
SEC;SYN;SEC;SR;Defect;TASK000013909742;Priority 3;NA
SEC;SYN;SEC;SR;Defect;TASK000013909770;Priority 3;NA
L1;BWI;L1 ;SR;OK;TASK000013909788;Priority 3;NA
APS;ETH;APS;SR;OK;TASK000013909842;Priority 3;NA
SEC;SYN;SEC;SR;OK;TASK000013909852;Priority 3;NA
CNC;812;CNC;SR;OK;TASK000013909877;Priority 3;NA
SEC;812;SEC;SR;OK;TASK000013909879;Priority 3;NA
DBA;812;DBA;SR;OK;TASK000013909931;Priority 3;NA
SEC;ETH;SEC;SR;OK;TASK000013910032;Priority 3;NA
CNC;812;CNC;SR;OK;TASK000013910040;Priority 3;NA
SEC;812;SEC;SR;OK;TASK000013910049;Priority 3;NA
CNC;812;CNC;SR;OK;TASK000013910084;Priority 3;NA
SEC;DCF;SEC;SR;OK;TASK000013910132;Priority 3;NA
DBA;812;DBA;SR;OK;TASK000013910165;Priority 3;NA
FUN;DCF;FUN;SR;OK;TASK000013910167;Priority 3;NA
DBA;812;DBA;SR;OK;TASK000013910240;Priority 3;NA
SEC;812;SEC;SR;OK;TASK000013910264;Priority 3;NA
SEC;SYN;SEC;SR;Defect;TASK000013910273;Priority 3;NA
APS;ETH;APS;SR;OK;TASK000013910396;Priority 3;NA
DBA;812;DBA;SR;OK;TASK000013910415;Priority 3;NA
APS;ETH;APS;SR;OK;TASK000013910436;Priority 3;NA
APS;ETH;APS;SR;OK;TASK000013910586;Priority 3;NA
DBA;812;DBA;SR;OK;TASK000013910597;Priority 3;NA
DBA;812;DBA;SR;OK;TASK000013910658;Priority 3;NA
SEC;DXE;SEC;SR;OK;TASK000013910666;Priority 3;NA
SEC;MNT;SEC;SR;OK;TASK000013910667;Priority 3;NA
FUN;DXE;FUN;SR;OK;TASK000013910676;Priority 3;NA
APS;ETH;APS;SR;OK;TASK000013910678;Priority 3;NA
APS;ETH;APS;SR;OK;TASK000013910685;Priority 3;NA
APS;ETH;APS;SR;OK;TASK000013910687;Priority 3;NA
SEC;DCF;SEC;SR;OK;TASK000013910733;Priority 3;NA
DBA;812;DBA;SR;OK;TASK000013910759;Priority 3;NA
L1;BWI;L1 ;SR;OK;TASK000013910817;Priority 4;NA
CNC;ETH;CNC;SR;OK;TASK000013910933;Priority 3;NA
SEC;BWI;SEC;SR;OK;TASK000013910946;Priority 4;NA
SEC;SYN;SEC;SR;OK;TASK000013911014;Priority 3;NA
FUN;812;FUN;SR;OK;TASK000013911110;Priority 4;NA
SEC;DPY;SEC;SR;OK;TASK000013911139;Priority 3;NA
SEC;LAT;SEC;SR;OK;TASK000013911203;Priority 4;NA
APS;ETH;APS;SR;OK;TASK000013911243;Priority 3;NA
SEC;SYN;SEC;SR;OK;TASK000013911313;Priority 3;NA
APS;ETH;APS;SR;OK;TASK000013911336;Priority 3;NA
CNC;812;CNC;SR;OK;TASK000013911413;Priority 3;NA
SEC;BWI;SEC;SR;OK;TASK000013911476;Priority 4;NA
CNC;ETH;CNC;SR;OK;TASK000013911756;Priority 3;NA
SEC;812;SEC;SR;OK;TASK000013911831;Priority 3;NA
L1;BWI;L1 ;SR;OK;TASK000013911844;Priority 4;NA
CNC;BWI;CNC;SR;OK;TASK000013912231;Priority 3;NA
CNC;812;CNC;SR;OK;TASK000013912432;Priority 3;NA
DBA;812;DBA;SR;OK;TASK000013912642;Priority 3;NA
DBA;812;DBA;SR;OK;TASK000013912661;Priority 3;NA
DBA;812;DBA;SR;OK;TASK000013912686;Priority 3;NA
DBA;812;DBA;SR;OK;TASK000013912693;Priority 3;NA
FUN;DCF;FUN;SR;OK;TASK000013912703;Priority 3;NA
CNC;812;CNC;SR;OK;TASK000013912749;Priority 3;NA
CNC;812;CNC;SR;OK;TASK000013912807;Priority 3;NA
DBA;812;DBA;SR;OK;TASK000013912828;Priority 3;NA
CNC;812;CNC;SR;OK;TASK000013912836;Priority 3;NA
FIN;DXE;FUN;SR;OK;TASK000013912888;Priority 4;NA
SEC;EMS;SEC;SR;OK;TASK000013912972;Priority 3;NA
FUN;812;FUN;SR;OK;TASK000013913044;Priority 3;NA
SEC;812;SEC;SR;OK;TASK000013913102;Priority 3;NA
L1;812;MON;SR;OK;TASK000013913130;Priority 4;NA
CNC;812;CNC;SR;OK;TASK000013913209;Priority 3;NA
DBA;812;DBA;SR;Defect;TASK000013913278;Priority 3;NA
SEC;ETH;SEC;SR;OK;TASK000013913366;Priority 3;NA
SEC;EMS;SEC;SR;OK;TASK000013913373;Priority 3;NA
SEC;ETH;SEC;SR;OK;TASK000013913381;Priority 3;NA
SEC;ETH;SEC;SR;OK;TASK000013913392;Priority 3;NA
SEC;ETH;SEC;SR;OK;TASK000013913396;Priority 3;NA
SEC;812;SEC;SR;OK;TASK000013913404;Priority 3;NA
SEC;ETH;SEC;SR;OK;TASK000013913408;Priority 3;NA
SEC;ETH;SEC;SR;OK;TASK000013913412;Priority 3;NA
SEC;ETH;SEC;SR;OK;TASK000013913421;Priority 3;NA
SEC;812;SEC;SR;OK;TASK000013913501;Priority 3;NA
CNC;ETH;CNC;SR;OK;TASK000013913548;Priority 3;NA
SEC;812;SEC;SR;OK;TASK000013913583;Priority 3;NA
SEC;BWI;SEC;SR;OK;TASK000013913717;Priority 4;NA
SEC;812;SEC;SR;OK;TASK000013913758;Priority 3;NA
CNC;812;CNC;SR;OK;TASK000013913763;Priority 3;NA
SEC;EDS;SEC;SR;OK;TASK000013913774;Priority 3;NA
SEC;BWI;SEC;SR;OK;TASK000013913786;Priority 4;NA
SEC;MNT;SEC;SR;OK;TASK000013913787;Priority 3;NA
SEC;812;SEC;SR;OK;TASK000013913848;Priority 3;NA
FUN;812;FUN;SR;OK;TASK000013913882;Priority 3;NA
L1;812;MON;SR;OK;TASK000013913893;Priority 4;NA
SEC;EMS;SEC;SR;OK;TASK000013913939;Priority 3;NA
SEC;812;SEC;SR;OK;TASK000013913993;Priority 3;NA
SEC;DCF;SEC;SR;OK;TASK000013914034;Priority 3;NA
SEC;EMS;SEC;SR;OK;TASK000013914050;Priority 3;NA
SEC;DXE;SEC;SR;OK;TASK000013914057;Priority 3;NA
SEC;812;SEC;SR;OK;TASK000013914111;Priority 3;NA
SEC;812;SEC;SR;OK;TASK000013914119;Priority 3;NA
SEC;BWI;SEC;SR;OK;TASK000013914150;Priority 4;NA
APS;EES;APS;SR;OK;TASK000013914201;Priority 3;NA
CNC;812;CNC;SR;OK;TASK000013914207;Priority 3;NA
SEC;EMS;SEC;SR;OK;TASK000013914248;Priority 3;NA
SEC;SYN;SEC;SR;OK;TASK000013914287;Priority 3;NA
OPS;EMS;OPS;SR;OK;TASK000013914292;Priority 3;NA
SEC;812;SEC;SR;OK;TASK000013914308;Priority 3;NA
OPS;EMS;OPS;SR;OK;TASK000013914318;Priority 3;NA
SEC;SYN;SEC;SR;OK;TASK000013914326;Priority 3;NA
L1;BWI;L1 ;SR;OK;TASK000013914420;Priority 4;NA
FUN;DXE;FUN;SR;OK;TASK000013914505;Priority 4;NA
SEC;ETH;SEC;SR;OK;TASK000013914509;Priority 3;NA
SEC;812;SEC;SR;OK;TASK000013914764;Priority 3;NA
L1;BWI;L1 ;SR;OK;TASK000013914868;Priority 4;NA
SCH;LAT;SCH;SR;OK;TASK000013914894;Priority 3;NA
SEC;DCF;SEC;SR;OK;TASK000013914906;Priority 3;NA
APS;ETH;APS;SR;OK;TASK000013914937;Priority 3;NA
CNC;DCF;CNC;SR;OK;TASK000013914950;Priority 3;NA
CNC;LAT;CNC;SR;OK;TASK000013915004;Priority 3;NA
APS;ETH;APS;SR;OK;TASK000013915016;Priority 3;NA
APS;ETH;APS;SR;OK;TASK000013915087;Priority 3;NA
APS;ETH;APS;SR;OK;TASK000013915119;Priority 3;NA
CNC;812;CNC;SR;OK;TASK000013915134;Priority 3;NA
SEC;812;SEC;SR;OK;TASK000013915230;Priority 3;NA
APS;ETH;APS;SR;OK;TASK000013915477;Priority 3;NA
SEC;ETH;SEC;SR;OK;TASK000013915508;Priority 3;NA
SEC;SYN;SEC;SR;OK;TASK000013915631;Priority 3;NA
CNC;EES;CNC;SR;OK;TASK000013915636;Priority 3;NA
CNC;EES;CNC;SR;OK;TASK000013915672;Priority 3;NA
CNC;ETH;CNC;SR;OK;TASK000013916045;Priority 3;NA
CNC;ETH;CNC;SR;OK;TASK000013916082;Priority 3;NA
APS;ETH;APS;SR;OK;TASK000013916165;Priority 4;NA
SEC;BWI;SEC;SR;Defect;TASK000013916230;Priority 4;NA
SEC;812;SEC;SR;OK;TASK000013916291;Priority 3;NA
SEC;812;SEC;SR;OK;TASK000013916458;Priority 3;NA
SEC;DXE;SEC;SR;OK;TASK000013916567;Priority 3;NA
DBA;812;DBA;SR;OK;TASK000013916573;Priority 3;NA
SEC;DXE;SEC;SR;OK;TASK000013916785;Priority 3;NA
SEC;MNT;SEC;SR;OK;TASK000013916891;Priority 3;NA
DBA;812;DBA;SR;OK;TASK000013916942;Priority 3;NA
SEC;812;SEC;SR;OK;TASK000013916985;Priority 3;NA
SEC;DXE;SEC;SR;OK;TASK000013917025;Priority 3;NA
FUN;ETH;FUN;SR;OK;TASK000013917324;Priority 4;NA
SEC;812;SEC;SR;OK;TASK000013917327;Priority 3;NA
DBA;812;DBA;SR;OK;TASK000013917372;Priority 3;NA
SEC;812;SEC;SR;OK;TASK000013917397;Priority 3;NA
SCH;812;SCH;SR;OK;TASK000013917398;Priority 3;NA
APS;ETH;APS;SR;OK;TASK000013917436;Priority 3;NA
APS;ETH;APS;SR;OK;TASK000013917693;Priority 3;NA
FUN;812;FUN;SR;OK;TASK000013917778;Priority 3;NA
APS;ETH;APS;SR;OK;TASK000013917784;Priority 3;NA
APS;ETH;APS;SR;OK;TASK000013917817;Priority 3;NA
SEC;812;SEC;SR;OK;TASK000013917892;Priority 3;NA
CNC;812;CNC;SR;OK;TASK000013917906;Priority 3;NA
L1;BWI;L1 ;SR;OK;TASK000013918085;Priority 3;NA
CNC;812;CNC;SR;OK;TASK000013918103;Priority 3;NA
SEC;812;SEC;SR;OK;TASK000013918172;Priority 3;NA
L1;BWI;L1 ;SR;OK;TASK000013918195;Priority 3;NA
SEC;812;SEC;SR;OK;TASK000013918198;Priority 3;NA
CNC;LAT;CNC;SR;OK;TASK000013918394;Priority 3;NA
SEC;812;SEC;SR;OK;TASK000013918412;Priority 3;NA
SEC;812;SEC;SR;OK;TASK000013918863;Priority 3;NA
SEC;812;SEC;SR;OK;TASK000013918865;Priority 3;NA
APS;ETH;APS;SR;OK;TASK000013919082;Priority 4;NA
SEC;BWI;SEC;SR;OK;TASK000013919101;Priority 4;NA
SEC;ETH;SEC;SR;OK;TASK000013919187;Priority 3;NA
SEC;SYN;SEC;SR;OK;TASK000013919191;Priority 3;NA
SEC;DXE;SEC;SR;OK;TASK000013919240;Priority 3;NA
L1;BWI;L1 ;SR;OK;TASK000013919277;Priority 3;NA
SEC;812;SEC;SR;OK;TASK000013919367;Priority 3;NA
SEC;812;SEC;SR;OK;TASK000013919369;Priority 3;NA
DBA;812;DBA;SR;OK;TASK000013919414;Priority 3;NA
SEC;DXE;SEC;SR;OK;TASK000013919540;Priority 3;NA
L1;BWI;L1 ;SR;OK;TASK000013919572;Priority 3;NA
SEC;MNT;SEC;SR;OK;TASK000013919574;Priority 3;NA
SEC;SYN;SEC;SR;OK;TASK000013919625;Priority 3;NA
APS;ETH;APS;SR;OK;TASK000013919688;Priority 3;NA
APS;ETH;APS;SR;OK;TASK000013919714;Priority 3;NA
SEC;BWI;SEC;SR;OK;TASK000013919801;Priority 4;NA
SEC;BWI;SEC;SR;OK;TASK000013919826;Priority 4;NA
SEC;ETH;SEC;SR;OK;TASK000013920214;Priority 3;NA
FUN;COR;FUN;SR;OK;TASK000013920250;Priority 3;NA
SEC;ETH;SEC;SR;OK;TASK000013920357;Priority 3;NA
SEC;BWI;SEC;SR;OK;TASK000013920509;Priority 4;NA
SEC;BWI;SEC;SR;OK;TASK000013920521;Priority 4;NA
SEC;BWI;SEC;SR;OK;TASK000013920539;Priority 4;NA
DBA;812;DBA;SR;OK;TASK000013921050;Priority 3;NA
L1;812;MON;SR;OK;TASK000013921281;Priority 3;NA
L1;812;MON;SR;OK;TASK000013921460;Priority 3;NA
SEC;812;SEC;SR;OK;TASK000013921477;Priority 3;NA
L1;812;MON;SR;OK;TASK000013921531;Priority 3;NA
L1;812;MON;SR;OK;TASK000013921560;Priority 3;NA
L1;812;MON;SR;OK;TASK000013921564;Priority 3;NA
SEC;812;SEC;SR;OK;TASK000013921744;Priority 3;NA
SEC;812;SEC;SR;OK;TASK000013921772;Priority 3;NA
SEC;812;SEC;SR;OK;TASK000013921800;Priority 3;NA
SEC;DXE;SEC;SR;OK;TASK000013921802;Priority 3;NA
SEC;DXE;SEC;SR;OK;TASK000013921852;Priority 3;NA
SEC;812;SEC;SR;OK;TASK000013921871;Priority 3;NA
SCH;812;SCH;SR;OK;TASK000013921916;Priority 3;NA
SCH;812;SCH;SR;OK;TASK000013921919;Priority 3;NA
SEC;812;SEC;SR;OK;TASK000013921950;Priority 3;NA
DBA;812;DBA;SR;OK;TASK000013921974;Priority 3;NA
SEC;812;SEC;SR;OK;TASK000013922013;Priority 3;NA
L1;812;MON;SR;OK;TASK000013922040;Priority 3;NA
SEC;812;SEC;SR;OK;TASK000013922043;Priority 3;NA
L1;812;MON;SR;OK;TASK000013922053;Priority 3;NA
DBA;812;DBA;SR;OK;TASK000013922121;Priority 3;NA
SEC;812;SEC;SR;OK;TASK000013922123;Priority 3;NA
SEC;812;SEC;SR;OK;TASK000013922153;Priority 3;NA
FUN;WS;FUN;SR;OK;TASK000013922216;Priority 4;NA
CNC;812;CNC;SR;OK;TASK000013922236;Priority 3;NA
CNC;812;CNC;SR;OK;TASK000013922306;Priority 3;NA
SEC;DPY;SEC;SR;OK;TASK000013922465;Priority 3;NA
SEC;EMS;SEC;SR;OK;TASK000013922586;Priority 3;NA
APS;DCF;APS;SR;OK;TASK000013922610;Priority 3;NA
SEC;ETH;SEC;SR;OK;TASK000013922693;Priority 3;NA
SEC;DCF;SEC;SR;OK;TASK000013922721;Priority 3;NA
SEC;DXE;SEC;SR;OK;TASK000013922740;Priority 3;NA
SEC;DCF;SEC;SR;OK;TASK000013922798;Priority 3;NA
L1;BWI;L1 ;SR;OK;TASK000013922799;Priority 4;NA
SEC;812;SEC;SR;OK;TASK000013922846;Priority 3;NA
DBA;812;DBA;SR;OK;TASK000013922872;Priority 3;NA
SEC;EMS;SEC;SR;OK;TASK000013922899;Priority 3;NA
DBA;812;DBA;SR;OK;TASK000013923100;Priority 3;NA
SEC;SYN;SEC;SR;OK;TASK000013923108;Priority 3;NA
SCH;LAT;SCH;SR;OK;TASK000013923141;Priority 3;NA
SEC;812;SEC;SR;OK;TASK000013923163;Priority 3;NA
SEC;EMS;SEC;SR;OK;TASK000013923263;Priority 3;NA
FUN;812;FUN;SR;Defect;TASK000013923283;Priority 3;NA
FUN;812;FUN;SR;OK;TASK000013923335;Priority 3;NA
SEC;DPY;SEC;SR;OK;TASK000013923366;Priority 3;NA
SEC;812;SEC;SR;OK;TASK000013923454;Priority 3;NA
SCH;812;SCH;SR;OK;TASK000013923461;Priority 3;NA
L1;812;MON;SR;OK;TASK000013923532;Priority 3;NA
SCH;812;SCH;SR;OK;TASK000013923613;Priority 3;NA
SEC;SYN;SEC;SR;OK;TASK000013923645;Priority 3;NA
SEC;DPY;SEC;SR;OK;TASK000013923737;Priority 3;NA
SEC;812;SEC;SR;OK;TASK000013923820;Priority 3;NA
MNT;MNT;FUN;SR;OK;TASK000013923835;Priority 4;NA
SEC;DXE;SEC;SR;OK;TASK000013923886;Priority 3;NA
CNC;812;CNC;SR;OK;TASK000013923984;Priority 3;NA
SEC;ETH;SEC;SR;OK;TASK000013924002;Priority 3;NA
SEC;BWI;SEC;SR;OK;TASK000013924067;Priority 4;NA
CNC;812;CNC;SR;OK;TASK000013924102;Priority 3;NA
SEC;BWI;SEC;SR;OK;TASK000013924106;Priority 4;NA
SCH;812;SCH;SR;OK;TASK000013924229;Priority 3;NA
SEC;BWI;SEC;SR;OK;TASK000013924355;Priority 4;NA
CNC;LAT;CNC;SR;OK;TASK000013924395;Priority 3;NA
CNC;812;CNC;SR;OK;TASK000013924396;Priority 3;NA
CNC;ETH;CNC;SR;OK;TASK000013924484;Priority 3;NA
SEC;EES;SEC;SR;OK;TASK000013924507;Priority 3;NA
L1;MNT;MON;SR;OK;TASK000013924610;Priority 3;NA
SEC;BWI;SEC;SR;OK;TASK000013924622;Priority 4;NA
SEC;SYN;SEC;SR;OK;TASK000013924788;Priority 3;NA
SEC;MNT;SEC;SR;OK;TASK000013924793;Priority 3;NA
SEC;812;SEC;SR;OK;TASK000013925020;Priority 3;NA
SEC;BWI;SEC;SR;OK;TASK000013925165;Priority 4;NA
L1;BWI;L1 ;SR;OK;TASK000013925225;Priority 3;NA
SEC;BWI;SEC;SR;OK;TASK000013925391;Priority 4;NA
SEC;SYN;SEC;SR;OK;TASK000013925446;Priority 3;NA
L1;BWI;L1 ;SR;OK;TASK000013925453;Priority 3;NA
SEC;BWI;SEC;SR;OK;TASK000013925460;Priority 4;NA
CNC;ETH;CNC;SR;OK;TASK000013925489;Priority 3;NA
CNC;DPY;CNC;SR;OK;TASK000013925505;Priority 3;NA
CNC;ETH;CNC;SR;OK;TASK000013925508;Priority 3;NA
L1;BWI;L1 ;SR;OK;TASK000013925567;Priority 3;NA
CNC;ETH;CNC;SR;OK;TASK000013925813;Priority 3;NA
CNC;ETH;CNC;SR;OK;TASK000013925905;Priority 3;NA
SEC;812;SEC;SR;OK;TASK000013926228;Priority 3;NA
SEC;812;SEC;SR;OK;TASK000013926232;Priority 3;NA
SEC;DCF;SEC;SR;OK;TASK000013926538;Priority 3;NA
SEC;DCF;SEC;SR;OK;TASK000013926552;Priority 3;NA
SEC;DCF;SEC;SR;OK;TASK000013926555;Priority 3;NA
DBA;812;DBA;SR;OK;TASK000013926605;Priority 3;NA
SEC;DXE;SEC;SR;OK;TASK000013926606;Priority 3;NA
FUN;812;FUN;SR;OK;TASK000013926630;Priority 3;NA
SEC;EMS;SEC;SR;OK;TASK000013926632;Priority 3;NA
SCH;812;SCH;SR;OK;TASK000013926658;Priority 3;NA
SEC;EDS;SEC;SR;OK;TASK000013926661;Priority 3;NA
SCH;812;SCH;SR;OK;TASK000013926728;Priority 3;NA
SEC;812;SEC;SR;OK;TASK000013926804;Priority 3;NA
SEC;812;SEC;SR;OK;TASK000013926917;Priority 3;NA
DBA;812;DBA;SR;OK;TASK000013926962;Priority 3;NA
SEC;812;SEC;SR;OK;TASK000013927060;Priority 3;NA
SEC;812;SEC;SR;OK;TASK000013927079;Priority 3;NA
CNC;DPY;CNC;SR;OK;TASK000013927129;Priority 3;NA
DBA;812;DBA;SR;OK;TASK000013927156;Priority 3;NA
FUN;812;FUN;SR;OK;TASK000013927178;Priority 3;NA
APS;ETH;APS;SR;OK;TASK000013927198;Priority 3;NA
APS;ETH;APS;SR;OK;TASK000013927202;Priority 3;NA
SEC;812;SEC;SR;OK;TASK000013927212;Priority 3;NA
SEC;812;SEC;SR;OK;TASK000013927220;Priority 3;NA
DBA;812;DBA;SR;OK;TASK000013927264;Priority 3;NA
DBA;812;DBA;SR;OK;TASK000013927338;Priority 3;NA
SEC;812;SEC;SR;OK;TASK000013927340;Priority 3;NA
SEC;SYN;SEC;SR;OK;TASK000013927346;Priority 3;NA
DBA;812;DBA;SR;OK;TASK000013927393;Priority 3;NA
SEC;812;SEC;SR;OK;TASK000013927416;Priority 3;NA
SEC;812;SEC;SR;OK;TASK000013927473;Priority 3;NA
SEC;812;SEC;SR;OK;TASK000013927572;Priority 3;NA
SEC;812;SEC;SR;OK;TASK000013927624;Priority 3;NA
SEC;BWI;SEC;SR;OK;TASK000013927663;Priority 4;NA
SEC;812;SEC;SR;OK;TASK000013927693;Priority 3;NA
SEC;DPY;SEC;SR;OK;TASK000013927704;Priority 3;NA
SEC;ETH;SEC;SR;OK;TASK000013927764;Priority 3;NA
DBA;812;DBA;SR;OK;TASK000013927967;Priority 3;NA
SEC;812;SEC;SR;OK;TASK000013927979;Priority 3;NA
SEC;DCF;SEC;SR;OK;TASK000013927981;Priority 3;NA
APS;EES;APS;SR;OK;TASK000013927994;Priority 4;NA
SEC;812;SEC;SR;OK;TASK000013928061;Priority 3;NA
APS;ETH;APS;SR;OK;TASK000013928163;Priority 3;NA
SEC;BWI;SEC;SR;OK;TASK000013928268;Priority 4;NA
CNC;812;CNC;SR;OK;TASK000013928287;Priority 3;NA
CNC;ETH;CNC;SR;OK;TASK000013928300;Priority 3;NA
SEC;ETH;SEC;SR;OK;TASK000013928309;Priority 3;NA
FUN;COR;FUN;SR;OK;TASK000013928313;Priority 3;NA
SEC;CAN;SEC;SR;OK;TASK000013928349;Priority 3;NA
SEC;EDS;SEC;SR;OK;TASK000013928419;Priority 3;NA
SEC;812;SEC;SR;OK;TASK000013928492;Priority 3;NA
SCH;812;SCH;SR;OK;TASK000013928514;Priority 3;NA
FUN;ETH;FUN;SR;OK;TASK000013928630;Priority 3;NA
DBA;812;DBA;SR;OK;TASK000013928676;Priority 3;NA
APS;EES;APS;SR;OK;TASK000013928687;Priority 3;NA
L1;BWI;L1 ;SR;OK;TASK000013928745;Priority 4;NA
SEC;SYN;SEC;SR;OK;TASK000013928784;Priority 3;NA
SEC;SYN;SEC;SR;OK;TASK000013928829;Priority 3;NA
SEC;BWI;SEC;SR;OK;TASK000013928841;Priority 4;NA
SEC;SYN;SEC;SR;OK;TASK000013928934;Priority 3;NA
SEC;ETH;SEC;SR;OK;TASK000013929018;Priority 3;NA
SEC;ETH;SEC;SR;OK;TASK000013929079;Priority 3;NA
SEC;SYN;SEC;SR;OK;TASK000013929158;Priority 3;NA
CNC;812;CNC;SR;OK;TASK000013929231;Priority 3;NA
SEC;SYN;SEC;SR;OK;TASK000013929306;Priority 3;NA
SEC;DXE;SEC;SR;OK;TASK000013929338;Priority 3;NA
SCH;LAT;SCH;SR;OK;TASK000013929378;Priority 3;NA
SEC;DXE;SEC;SR;OK;TASK000013929396;Priority 3;NA
L1;DPY;MON;SR;OK;TASK000013929411;Priority 4;NA
SEC;DPY;SEC;SR;OK;TASK000013929447;Priority 3;NA
SEC;DPY;SEC;SR;OK;TASK000013929562;Priority 3;NA
SEC;ETH;SEC;SR;OK;TASK000013929756;Priority 3;NA
CNC;EES;CNC;SR;OK;TASK000013929797;Priority 3;NA
SEC;ETH;SEC;SR;OK;TASK000013929813;Priority 3;NA
SEC;ETH;SEC;SR;OK;TASK000013929817;Priority 3;NA
SEC;ETH;SEC;SR;OK;TASK000013929851;Priority 3;NA
SEC;LAT;SEC;SR;OK;TASK000013929852;Priority 4;NA
SEC;ETH;SEC;SR;OK;TASK000013929858;Priority 3;NA
SEC;ETH;SEC;SR;OK;TASK000013929866;Priority 3;NA
SEC;ETH;SEC;SR;OK;TASK000013929886;Priority 3;NA
SEC;ETH;SEC;SR;OK;TASK000013929905;Priority 3;NA
SEC;ETH;SEC;SR;OK;TASK000013929908;Priority 3;NA
SEC;ETH;SEC;SR;OK;TASK000013929922;Priority 3;NA
SEC;ETH;SEC;SR;OK;TASK000013929929;Priority 3;NA
SEC;ETH;SEC;SR;OK;TASK000013929934;Priority 3;NA
SEC;ETH;SEC;SR;OK;TASK000013929935;Priority 3;NA
SEC;ETH;SEC;SR;OK;TASK000013929943;Priority 3;NA
DBA;812;DBA;SR;OK;TASK000013929985;Priority 3;NA
CNC;812;CNC;SR;OK;TASK000013929988;Priority 3;NA
L1;BWI;L1 ;SR;OK;TASK000013930030;Priority 3;NA
L1;BWI;L1 ;SR;OK;TASK000013930031;Priority 3;NA
L1;BWI;L1 ;SR;OK;TASK000013930034;Priority 3;NA
CNC;ETH;CNC;SR;OK;TASK000013930035;Priority 3;NA
CNC;ETH;CNC;SR;OK;TASK000013930251;Priority 3;NA
DBA;812;DBA;SR;OK;TASK000013930358;Priority 3;NA
L1;812;MON;SR;OK;TASK000013930407;Priority 4;NA
L1;812;MON;SR;OK;TASK000013930418;Priority 4;NA
SEC;ETH;SEC;SR;OK;TASK000013930500;Priority 3;NA
FUN;DXE;FUN;SR;OK;TASK000013930746;Priority 4;NA
CNC;812;CNC;SR;OK;TASK000013930789;Priority 3;NA
FIN;812;FUN;SR;OK;TASK000013930833;Priority 3;NA
CNC;812;CNC;SR;OK;TASK000013930840;Priority 3;NA
SEC;812;SEC;SR;OK;TASK000013930864;Priority 3;NA
DBA;812;DBA;SR;OK;TASK000013930877;Priority 3;NA
DBA;812;DBA;SR;OK;TASK000013930910;Priority 3;NA
DBA;812;DBA;SR;OK;TASK000013930974;Priority 3;NA
DBA;812;DBA;SR;OK;TASK000013931062;Priority 3;NA
FUN;WS;FUN;SR;OK;TASK000013931157;Priority 4;NA
SCH;812;SCH;SR;OK;TASK000013931274;Priority 3;NA
DBA;812;DBA;SR;OK;TASK000013931342;Priority 3;NA
SEC;SYN;SEC;SR;OK;TASK000013931453;Priority 3;NA
OPS;EMS;OPS;SR;OK;TASK000013931497;Priority 3;NA
APS;ETH;APS;SR;OK;TASK000013931657;Priority 3;NA
SEC;812;SEC;SR;OK;TASK000013931746;Priority 3;NA
SEC;812;SEC;SR;OK;TASK000013931789;Priority 3;NA
DBA;812;DBA;SR;OK;TASK000013931810;Priority 3;NA
SEC;812;SEC;SR;OK;TASK000013931836;Priority 3;NA
APS;ETH;APS;SR;OK;TASK000013931897;Priority 3;NA
SCH;812;SCH;SR;OK;TASK000013931911;Priority 3;NA
SCH;LAT;SCH;SR;OK;TASK000013932025;Priority 3;NA
DBA;812;DBA;SR;OK;TASK000013932175;Priority 3;NA
SEC;812;SEC;SR;OK;TASK000013932185;Priority 3;NA
SEC;SYN;SEC;SR;OK;TASK000013932267;Priority 3;NA
CNC;812;CNC;SR;OK;TASK000013932299;Priority 3;NA
FUN;812;FUN;SR;OK;TASK000013932303;Priority 4;NA
CNC;812;CNC;SR;OK;TASK000013932429;Priority 3;NA
SEC;812;SEC;SR;OK;TASK000013932504;Priority 3;NA
SEC;812;SEC;SR;OK;TASK000013932517;Priority 3;NA
SEC;812;SEC;SR;OK;TASK000013932528;Priority 3;NA
SEC;LAT;SEC;SR;OK;TASK000013932626;Priority 4;NA
SEC;812;SEC;SR;OK;TASK000013932645;Priority 3;NA
SEC;812;SEC;SR;OK;TASK000013932697;Priority 3;NA
DCF;DCF;FUN;SR;OK;TASK000013932703;Priority 3;NA
SEC;DXE;SEC;SR;OK;TASK000013932748;Priority 3;NA
CNC;812;CNC;SR;OK;TASK000013932785;Priority 3;NA
SEC;BWI;SEC;SR;OK;TASK000013932789;Priority 4;NA
CNC;DPY;CNC;SR;OK;TASK000013932837;Priority 3;NA
FUN;MNT;FUN;SR;OK;TASK000013932887;Priority 3;NA
SCH;812;SCH;SR;OK;TASK000013932913;Priority 3;NA
DBA;812;DBA;SR;OK;TASK000013933045;Priority 3;NA
DBA;812;DBA;SR;OK;TASK000013933071;Priority 3;NA
CNC;812;CNC;SR;OK;TASK000013933122;Priority 3;NA
APS;ETH;APS;SR;OK;TASK000013933155;Priority 3;NA
APS;ETH;APS;SR;OK;TASK000013933167;Priority 3;NA
SEC;ETH;SEC;SR;OK;TASK000013933213;Priority 3;NA
SEC;ETH;SEC;SR;OK;TASK000013933223;Priority 3;NA
APS;ETH;APS;SR;OK;TASK000013933224;Priority 3;NA
SEC;ETH;SEC;SR;OK;TASK000013933292;Priority 3;NA
APS;ETH;APS;SR;OK;TASK000013933334;Priority 3;NA
L1;MNT;MON;SR;OK;TASK000013933481;Priority 4;NA
CNC;812;CNC;SR;OK;TASK000013933501;Priority 3;NA
SEC;SYN;SEC;SR;OK;TASK000013933713;Priority 3;NA
SEC;SYN;SEC;SR;OK;TASK000013933735;Priority 3;NA
FUN;ETH;FUN;SR;OK;TASK000013933754;Priority 3;NA
APS;ETH;APS;SR;OK;TASK000013934105;Priority 3;NA
SEC;MNT;SEC;SR;Defect;TASK000013934200;Priority 3;NA
SEC;DXE;SEC;SR;OK;TASK000013934243;Priority 3;NA
OPS;WS;OPS;SR;OK;TASK000013934258;Priority 3;NA
L1;DPY;MON;SR;OK;TASK000013934268;Priority 4;NA
SEC;SYN;SEC;SR;OK;TASK000013934328;Priority 3;NA
SEC;MNT;SEC;SR;Defect;TASK000013934373;Priority 3;NA
L1;BWI;L1 ;SR;OK;TASK000013934383;Priority 3;NA
L1;BWI;L1 ;SR;OK;TASK000013934406;Priority 3;NA
APS;ETH;APS;SR;OK;TASK000013935385;Priority 4;NA
OPS;EMS;OPS;SR;OK;TASK000013935433;Priority 4;NA
APS;ETH;APS;SR;OK;TASK000013936101;Priority 4;NA
SEC;BWI;SEC;SR;OK;TASK000013936233;Priority 4;NA
FUN;EES;FUN;SR;OK;TASK000013936707;Priority 4;NA
L1;812;MON;SR;OK;TASK000013936878;Priority 4;NA
SEC;BWI;SEC;SR;OK;TASK000013937310;Priority 4;NA
SEC;BWI;SEC;SR;OK;TASK000013937316;Priority 4;NA
SEC;BWI;SEC;SR;OK;TASK000013937420;Priority 4;NA
FUN;WS;FUN;SR;OK;TASK000013937784;Priority 4;NA
SEC;BWI;SEC;SR;OK;TASK000013938088;Priority 4;NA
SEC;BWI;SEC;SR;OK;TASK000013938812;Priority 4;NA
APS;EES;APS;SR;OK;TASK000013939262;Priority 4;NA
FUN;DXE;FUN;SR;OK;TASK000013940098;Priority 4;NA
L1;812;MON;SR;OK;TASK000013940541;Priority 4;NA
SEC;BWI;SEC;SR;OK;TASK000013942192;Priority 4;NA
SEC;BWI;SEC;SR;OK;TASK000013942438;Priority 4;NA
DBA;812;DBA;SR;OK;TASK000013944617;Priority 4;NA
SEC;BWI;SEC;SR;OK;TASK000013945274;Priority 4;NA
SEC;BWI;SEC;SR;OK;TASK000013945724;Priority 4;NA
SEC;BWI;SEC;SR;OK;TASK000013945753;Priority 4;NA
SEC;BWI;SEC;SR;Defect;TASK000013945792;Priority 4;NA
SEC;BWI;SEC;SR;OK;TASK000013945867;Priority 4;NA
SEC;DPY;SEC;SR;OK;TASK000013945950;Priority 4;NA
SEC;812;SEC;SR;OK;TASK000013946258;Priority 4;NA
SEC;BWI;SEC;SR;OK;TASK000013947453;Priority 4;NA
SEC;BWI;SEC;SR;OK;TASK000013948175;Priority 4;NA
SEC;DCF;SEC;SR;OK;TASK000013949465;Priority 4;NA
APS;ETH;APS;SR;OK;TASK000013949634;Priority 4;NA
SEC;BWI;SEC;SR;OK;TASK000013949635;Priority 4;NA
SEC;BWI;SEC;SR;OK;TASK000013949752;Priority 4;NA
SEC;BWI;SEC;SR;OK;TASK000013949821;Priority 4;NA
L1;812;MON;SR;OK;TASK000013950004;Priority 4;NA
L1;812;MON;SR;OK;TASK000013950658;Priority 4;NA
SEC;BWI;SEC;SR;OK;TASK000013950786;Priority 4;NA
FUN;ETH;FUN;SR;OK;TASK000013951123;Priority 4;NA
FUN;812;FUN;SR;OK;TASK000013951517;Priority 4;NA
FUN;812;FUN;SR;OK;TASK000013951532;Priority 4;NA
FUN;812;FUN;SR;OK;TASK000013951555;Priority 4;NA
SEC;BWI;SEC;SR;OK;TASK000013952398;Priority 4;NA
SEC;BWI;SEC;SR;Defect;TASK000013952789;Priority 4;NA
APS;ETH;APS;SR;OK;TASK000013953078;Priority 4;NA
FIN;MNT;FUN;SR;OK;TASK000013953459;Priority 4;NA
SEC;LAT;SEC;SR;OK;TASK000013954948;Priority 4;NA
FUN;WS;FUN;SR;OK;TASK000013955446;Priority 4;NA
L1;BWI;L1 ;SR;OK;TASK000013955691;Priority 4;NA
L1;BWI;L1 ;SR;OK;TASK000013955755;Priority 4;NA
SEC;BWI;SEC;SR;OK;TASK000013956000;Priority 4;NA
SEC;BWI;SEC;SR;OK;TASK000013956018;Priority 4;NA
SEC;BWI;SEC;SR;OK;TASK000013956160;Priority 4;NA
L1;BWI;L1 ;SR;OK;TASK000013956161;Priority 4;NA
SEC;BWI;SEC;SR;OK;TASK000013956217;Priority 4;NA
CNC;DXE;CNC;SR;OK;TASK000013957082;Priority 3;NA
DBA;812;DBA;SR;OK;TASK000013957088;Priority 3;NA
SEC;812;SEC;SR;OK;TASK000013957157;Priority 3;NA
SEC;812;SEC;SR;OK;TASK000013957181;Priority 3;NA
CNC;812;CNC;SR;OK;TASK000013957339;Priority 3;NA
DBA;812;DBA;SR;OK;TASK000013957431;Priority 3;NA
CNC;812;CNC;SR;OK;TASK000013957821;Priority 3;NA
SEC;812;SEC;SR;OK;TASK000013957944;Priority 3;NA
FIN;DCF;FUN;SR;OK;TASK000013957961;Priority 4;NA
APS;ETH;APS;SR;OK;TASK000013958077;Priority 3;NA
APS;ETH;APS;SR;OK;TASK000013958134;Priority 3;NA
APS;ETH;APS;SR;OK;TASK000013958167;Priority 3;NA
DBA;812;DBA;SR;OK;TASK000013958198;Priority 3;NA
SEC;SYN;SEC;SR;OK;TASK000013958249;Priority 3;NA
SEC;SYN;SEC;SR;OK;TASK000013958286;Priority 3;NA
SEC;812;SEC;SR;OK;TASK000013958321;Priority 3;NA
SEC;SYN;SEC;SR;OK;TASK000013958328;Priority 3;NA
MNT;MNT;FUN;SR;OK;TASK000013958336;Priority 4;NA
SEC;SYN;SEC;SR;OK;TASK000013958342;Priority 3;NA
SEC;812;SEC;SR;OK;TASK000013958343;Priority 3;NA
SEC;812;SEC;SR;OK;TASK000013958349;Priority 3;NA
FUN;812;FUN;SR;OK;TASK000013958352;Priority 3;NA
SCH;812;SCH;SR;OK;TASK000013958375;Priority 3;NA
SCH;812;SCH;SR;OK;TASK000013958390;Priority 3;NA
APS;ETH;APS;SR;OK;TASK000013958393;Priority 3;NA
CNC;812;CNC;SR;OK;TASK000013958415;Priority 3;NA
CNC;812;CNC;SR;OK;TASK000013958426;Priority 3;NA
APS;ETH;APS;SR;OK;TASK000013958459;Priority 3;NA
APS;ETH;APS;SR;OK;TASK000013958480;Priority 3;NA
DBA;812;DBA;SR;OK;TASK000013958485;Priority 3;NA
DBA;812;DBA;SR;OK;TASK000013958486;Priority 3;NA
SEC;812;SEC;SR;OK;TASK000013958573;Priority 3;NA
FUN;812;FUN;SR;OK;TASK000013958592;Priority 4;NA
SEC;812;SEC;SR;OK;TASK000013958608;Priority 3;NA
SEC;DCF;SEC;SR;OK;TASK000013958663;Priority 3;NA
SEC;812;SEC;SR;OK;TASK000013958713;Priority 3;NA
SEC;DCF;SEC;SR;OK;TASK000013958722;Priority 3;NA
SEC;812;SEC;SR;OK;TASK000013958742;Priority 3;NA
SCH;812;SCH;SR;OK;TASK000013958763;Priority 3;NA
SEC;EMS;SEC;SR;OK;TASK000013958800;Priority 3;NA
FUN;COR;FUN;SR;OK;TASK000013958819;Priority 3;NA
APS;ETH;APS;SR;OK;TASK000013958834;Priority 3;NA
L1;812;MON;SR;OK;TASK000013958845;Priority 4;NA
SEC;DXE;SEC;SR;OK;TASK000013959180;Priority 3;NA
SCH;LAT;SCH;SR;OK;TASK000013959188;Priority 3;NA
SEC;DXE;SEC;SR;OK;TASK000013959218;Priority 3;NA
SEC;DXE;SEC;SR;OK;TASK000013959222;Priority 3;NA
SEC;DXE;SEC;SR;OK;TASK000013959226;Priority 3;NA
SCH;LAT;SCH;SR;OK;TASK000013959274;Priority 3;NA
L1;DPY;MON;SR;OK;TASK000013959285;Priority 3;NA
SEC;DXE;SEC;SR;OK;TASK000013959289;Priority 3;NA
SEC;DXE;SEC;SR;OK;TASK000013959290;Priority 3;NA
SEC;DXE;SEC;SR;OK;TASK000013959297;Priority 3;NA
SEC;DXE;SEC;SR;OK;TASK000013959328;Priority 3;NA
L1;DPY;MON;SR;OK;TASK000013959333;Priority 3;NA
L1;DPY;MON;SR;OK;TASK000013959343;Priority 3;NA
SEC;DXE;SEC;SR;OK;TASK000013959439;Priority 3;NA
SEC;DXE;SEC;SR;OK;TASK000013959449;Priority 3;NA
SEC;DXE;SEC;SR;OK;TASK000013959473;Priority 3;NA
SEC;DXE;SEC;SR;OK;TASK000013959478;Priority 3;NA
SEC;DXE;SEC;SR;OK;TASK000013959500;Priority 3;NA
SEC;DXE;SEC;SR;OK;TASK000013959502;Priority 3;NA
SEC;DXE;SEC;SR;OK;TASK000013959504;Priority 3;NA
SEC;812;SEC;SR;OK;TASK000013959876;Priority 3;NA
DBA;812;DBA;SR;OK;TASK000013959899;Priority 3;NA
FUN;WS;FUN;SR;OK;TASK000013959950;Priority 4;NA
SEC;812;SEC;SR;OK;TASK000013960000;Priority 3;NA
SEC;812;SEC;SR;OK;TASK000013960122;Priority 3;NA
SEC;812;SEC;SR;OK;TASK000013960129;Priority 3;NA
SEC;812;SEC;SR;OK;TASK000013960196;Priority 3;NA
SEC;812;SEC;SR;OK;TASK000013960229;Priority 3;NA
CNC;812;CNC;SR;OK;TASK000013960253;Priority 3;NA
DBA;812;DBA;SR;OK;TASK000013960265;Priority 3;NA
DBA;812;DBA;SR;OK;TASK000013960276;Priority 3;NA
SEC;DXE;SEC;SR;OK;TASK000013960302;Priority 3;NA
SEC;812;SEC;SR;OK;TASK000013960335;Priority 3;NA
DBA;812;DBA;SR;OK;TASK000013960343;Priority 3;NA
DBA;812;DBA;SR;OK;TASK000013960387;Priority 3;NA
CNC;812;CNC;SR;OK;TASK000013960405;Priority 3;NA
APS;DCF;APS;SR;Defect;TASK000013960426;Priority 3;NA
CNC;812;CNC;SR;OK;TASK000013960436;Priority 3;NA
APS;ETH;APS;SR;OK;TASK000013960477;Priority 3;NA
DBA;812;DBA;SR;OK;TASK000013960480;Priority 3;NA
DBA;812;DBA;SR;OK;TASK000013960537;Priority 3;NA
DBA;812;DBA;SR;OK;TASK000013960546;Priority 3;NA
SEC;812;SEC;SR;OK;TASK000013960571;Priority 3;NA
SEC;812;SEC;SR;OK;TASK000013960574;Priority 3;NA
SEC;812;SEC;SR;OK;TASK000013960604;Priority 3;NA
SEC;BWI;SEC;SR;OK;TASK000013960607;Priority 4;NA
SEC;812;SEC;SR;OK;TASK000013960613;Priority 3;NA
SEC;812;SEC;SR;OK;TASK000013960642;Priority 3;NA
SEC;812;SEC;SR;OK;TASK000013960664;Priority 3;NA
SEC;DXE;SEC;SR;OK;TASK000013960831;Priority 3;NA
SEC;DXE;SEC;SR;OK;TASK000013960856;Priority 3;NA
CNC;812;CNC;SR;OK;TASK000013960878;Priority 3;NA
SEC;812;SEC;SR;OK;TASK000013960887;Priority 3;NA
SEC;812;SEC;SR;OK;TASK000013960908;Priority 3;NA
DBA;812;DBA;SR;OK;TASK000013960936;Priority 3;NA
CNC;ETH;CNC;SR;OK;TASK000013960998;Priority 3;NA
CNC;812;CNC;SR;OK;TASK000013961011;Priority 3;NA
SCH;812;SCH;SR;OK;TASK000013961138;Priority 3;NA
L1;DPY;MON;SR;OK;TASK000013961240;Priority 3;NA
L1;DPY;MON;SR;OK;TASK000013961257;Priority 3;NA
L1;812;L1 ;SR;OK;TASK000013961265;Priority 3;NA
SEC;812;SEC;SR;OK;TASK000013961281;Priority 3;NA
TEC;DCF;TEC;SR;Defect;TASK000013961295;Priority 3;NA
SCH;LAT;SCH;SR;OK;TASK000013961367;Priority 3;NA
CNC;ETH;CNC;SR;OK;TASK000013961572;Priority 3;NA
DBA;812;DBA;SR;OK;TASK000013962739;Priority 3;NA
APS;ETH;APS;SR;OK;TASK000013962978;Priority 3;NA
FUN;WS;FUN;SR;OK;TASK000013963127;Priority 4;NA
DBA;812;DBA;SR;OK;TASK000013963206;Priority 3;NA
SEC;DXE;SEC;SR;OK;TASK000013963210;Priority 3;NA
TEC;DCF;TEC;SR;OK;TASK000013963406;Priority 3;NA
FUN;WS;FUN;SR;OK;TASK000013963594;Priority 3;NA
FIN;812;FUN;SR;OK;TASK000013963620;Priority 4;NA
APS;ETH;APS;SR;OK;TASK000013963623;Priority 3;NA
CNC;812;CNC;SR;OK;TASK000013963771;Priority 3;NA
DBA;812;DBA;SR;OK;TASK000013963855;Priority 3;NA
SEC;SYN;SEC;SR;OK;TASK000013963931;Priority 3;NA
DBA;812;DBA;SR;OK;TASK000013963948;Priority 3;NA
SEC;SYN;SEC;SR;OK;TASK000013963962;Priority 3;NA
SEC;WS;SEC;SR;OK;TASK000013963980;Priority 3;NA
APS;ETH;APS;SR;OK;TASK000013964194;Priority 4;NA
L1;812;MON;SR;OK;TASK000013964214;Priority 4;NA
SEC;BWI;SEC;SR;OK;TASK000013964221;Priority 4;NA
SEC;BWI;SEC;SR;OK;TASK000013964246;Priority 4;NA
L1;812;MON;SR;OK;TASK000013964305;Priority 4;NA
CNC;812;CNC;SR;OK;TASK000013964409;Priority 3;NA
SEC;SYN;SEC;SR;OK;TASK000013964442;Priority 3;NA
SEC;SYN;SEC;SR;OK;TASK000013964500;Priority 3;NA
SEC;812;SEC;SR;OK;TASK000013964528;Priority 3;NA
SEC;812;SEC;SR;OK;TASK000013964546;Priority 3;NA
SEC;812;SEC;SR;OK;TASK000013964564;Priority 3;NA
SEC;812;SEC;SR;OK;TASK000013964606;Priority 3;NA
SEC;BWI;SEC;SR;OK;TASK000013964661;Priority 4;NA
SEC;WS;SEC;SR;OK;TASK000013964725;Priority 3;NA
SEC;812;SEC;SR;OK;TASK000013964748;Priority 3;NA
SEC;ETH;SEC;SR;OK;TASK000013964774;Priority 3;NA
SEC;SYN;SEC;SR;OK;TASK000013964869;Priority 3;NA
SEC;812;SEC;SR;OK;TASK000013965077;Priority 3;NA
SEC;812;SEC;SR;OK;TASK000013965141;Priority 3;NA
FUN;812;FUN;SR;OK;TASK000013965207;Priority 4;NA
SEC;EMS;SEC;SR;OK;TASK000013965209;Priority 3;NA
SEC;SYN;SEC;SR;OK;TASK000013965220;Priority 3;NA
SEC;BWI;SEC;SR;OK;TASK000013965265;Priority 4;NA
SEC;DPY;SEC;SR;OK;TASK000013965277;Priority 3;NA
SEC;DPY;SEC;SR;OK;TASK000013965291;Priority 3;NA
SEC;DPY;SEC;SR;OK;TASK000013965299;Priority 3;NA
SEC;SYN;SEC;SR;OK;TASK000013965583;Priority 3;NA
DBA;812;DBA;SR;OK;TASK000013965751;Priority 3;NA
SEC;812;SEC;SR;OK;TASK000013965868;Priority 3;NA
SCH;LAT;SCH;SR;OK;TASK000013966035;Priority 3;NA
SEC;812;SEC;SR;OK;TASK000013966047;Priority 3;NA
SEC;BWI;SEC;SR;OK;TASK000013966122;Priority 4;NA
SEC;SYN;SEC;SR;OK;TASK000013966177;Priority 3;NA
APS;ETH;APS;SR;OK;TASK000013966256;Priority 3;NA
SEC;BWI;SEC;SR;OK;TASK000013966260;Priority 4;NA
DBA;812;DBA;SR;OK;TASK000013966585;Priority 3;NA
DBA;812;DBA;SR;OK;TASK000013966613;Priority 3;NA
FUN;ETH;FUN;SR;OK;TASK000013966671;Priority 3;NA
SEC;SYN;SEC;SR;OK;TASK000013966694;Priority 3;NA
SEC;BWI;SEC;SR;OK;TASK000013966883;Priority 4;NA
CNC;DCF;CNC;SR;OK;TASK000013966999;Priority 3;NA
SEC;812;SEC;SR;OK;TASK000013967221;Priority 3;NA
SEC;812;SEC;SR;OK;TASK000013967222;Priority 3;NA
SEC;812;SEC;SR;OK;TASK000013967538;Priority 3;NA
L1;BWI;L1 ;SR;OK;TASK000013967636;Priority 3;NA
L1;812;MON;SR;OK;TASK000013967747;Priority 3;NA
APS;ETH;APS;SR;OK;TASK000013967751;Priority 4;NA
SEC;ETH;SEC;SR;OK;TASK000013967754;Priority 3;NA
SEC;812;SEC;SR;OK;TASK000013967804;Priority 3;NA
DBA;812;DBA;SR;OK;TASK000013967836;Priority 3;NA
SCH;812;SCH;SR;OK;TASK000013967837;Priority 3;NA
CNC;812;CNC;SR;OK;TASK000013967874;Priority 3;NA
SEC;SYN;SEC;SR;OK;TASK000013968015;Priority 3;NA
SEC;SYN;SEC;SR;OK;TASK000013968058;Priority 3;NA
SEC;SYN;SEC;SR;OK;TASK000013968079;Priority 3;NA
SEC;EMS;SEC;SR;OK;TASK000013968208;Priority 3;NA
SEC;812;SEC;SR;OK;TASK000013968248;Priority 3;NA
SEC;812;SEC;SR;OK;TASK000013968253;Priority 3;NA
L1;812;MON;SR;OK;TASK000013968346;Priority 4;NA
SEC;EMS;SEC;SR;OK;TASK000013968358;Priority 3;NA
CNC;812;CNC;SR;OK;TASK000013968408;Priority 3;NA
SCH;812;SCH;SR;OK;TASK000013968533;Priority 3;NA
SEC;EMS;SEC;SR;OK;TASK000013968540;Priority 3;NA
DBA;812;DBA;SR;OK;TASK000013968618;Priority 3;NA
SEC;DXE;SEC;SR;OK;TASK000013968682;Priority 3;NA
SEC;812;SEC;SR;OK;TASK000013968733;Priority 3;NA
DBA;812;DBA;SR;OK;TASK000013968913;Priority 3;NA
SEC;SYN;SEC;SR;OK;TASK000013968929;Priority 3;NA
FIN;812;FUN;SR;OK;TASK000013968986;Priority 4;NA
L1;BWI;L1 ;SR;OK;TASK000013968997;Priority 3;NA
L1;BWI;L1 ;SR;OK;TASK000013969000;Priority 3;NA
DBA;812;DBA;SR;OK;TASK000013969065;Priority 3;NA
APS;ETH;APS;SR;OK;TASK000013969066;Priority 3;NA
DBA;812;DBA;SR;OK;TASK000013969203;Priority 3;NA
SEC;DCF;SEC;SR;Defect;TASK000013969293;Priority 3;NA
SEC;DXE;SEC;SR;OK;TASK000013969360;Priority 3;NA
SCH;LAT;SCH;SR;OK;TASK000013969402;Priority 3;NA
SEC;DCF;SEC;SR;OK;TASK000013969451;Priority 3;NA
SEC;CAN;SEC;SR;OK;TASK000013969492;Priority 3;NA
SEC;812;SEC;SR;OK;TASK000013969603;Priority 3;NA
SEC;BWI;SEC;SR;OK;TASK000013969616;Priority 4;NA
L1;812;MON;SR;OK;TASK000013969626;Priority 4;NA
SEC;812;SEC;SR;OK;TASK000013969711;Priority 3;NA
FIN;812;FUN;SR;OK;TASK000013969832;Priority 3;NA
CNC;812;CNC;SR;OK;TASK000013969835;Priority 3;NA
SEC;CAN;SEC;SR;OK;TASK000013969851;Priority 3;NA
SEC;812;SEC;SR;OK;TASK000013969893;Priority 3;NA
SEC;812;SEC;SR;OK;TASK000013969960;Priority 3;NA
SEC;812;SEC;SR;OK;TASK000013970085;Priority 3;NA
SEC;DCF;SEC;SR;OK;TASK000013970276;Priority 3;NA
SEC;DCF;SEC;SR;OK;TASK000013970283;Priority 3;NA
SEC;DCF;SEC;SR;OK;TASK000013970339;Priority 3;NA
SEC;DCF;SEC;SR;OK;TASK000013970398;Priority 3;NA
SEC;BWI;SEC;SR;OK;TASK000013970413;Priority 4;NA
APS;ETH;APS;SR;OK;TASK000013970463;Priority 3;NA
SEC;DXE;SEC;SR;OK;TASK000013970627;Priority 3;NA
DBA;812;DBA;SR;OK;TASK000013970632;Priority 3;NA
FUN;DCF;FUN;SR;OK;TASK000013970742;Priority 3;NA
SEC;DCF;SEC;SR;Defect;TASK000013970763;Priority 3;NA
SEC;EMS;SEC;SR;OK;TASK000013970797;Priority 3;NA
FUN;ETH;FUN;SR;OK;TASK000013970889;Priority 3;NA
SEC;812;SEC;SR;OK;TASK000013970900;Priority 3;NA
SEC;SYN;SEC;SR;OK;TASK000013970901;Priority 3;NA
FUN;ETH;FUN;SR;OK;TASK000013970916;Priority 3;NA
APS;ETH;APS;SR;OK;TASK000013971122;Priority 3;NA
SEC;BWI;SEC;SR;OK;TASK000013971301;Priority 4;NA
SEC;BWI;SEC;SR;OK;TASK000013971512;Priority 4;NA
SEC;SYN;SEC;SR;OK;TASK000013971551;Priority 3;NA
SEC;BWI;SEC;SR;OK;TASK000013971610;Priority 4;NA
SEC;SYN;SEC;SR;OK;TASK000013971615;Priority 3;NA
SEC;ETH;SEC;SR;OK;TASK000013971619;Priority 3;NA
SEC;BWI;SEC;SR;OK;TASK000013971643;Priority 4;NA
SEC;BWI;SEC;SR;OK;TASK000013971649;Priority 4;NA
FUN;ETH;FUN;SR;OK;TASK000013971795;Priority 4;NA
SEC;DXE;SEC;SR;OK;TASK000013971799;Priority 3;NA
L1;BWI;L1 ;SR;OK;TASK000013971850;Priority 4;NA
L1;BWI;L1 ;SR;OK;TASK000013971878;Priority 4;NA
SEC;DCF;SEC;SR;OK;TASK000013971888;Priority 3;NA
SEC;ETH;SEC;SR;OK;TASK000013972051;Priority 3;NA
SEC;BWI;SEC;SR;OK;TASK000013972113;Priority 4;NA
L1;BWI;L1 ;SR;OK;TASK000013972208;Priority 3;NA
L1;812;MON;SR;OK;TASK000013972722;Priority 4;NA
SEC;DCF;SEC;SR;OK;TASK000013973165;Priority 3;NA
FUN;WS;FUN;SR;OK;TASK000013973172;Priority 3;NA
SEC;812;SEC;SR;OK;TASK000013973250;Priority 3;NA
APS;ETH;APS;SR;OK;TASK000013973273;Priority 3;NA
L1;812;MON;SR;OK;TASK000013973281;Priority 4;NA
SEC;EMS;SEC;SR;OK;TASK000013973345;Priority 3;NA
SEC;EMS;SEC;SR;OK;TASK000013973420;Priority 3;NA
APS;ETH;APS;SR;OK;TASK000013973504;Priority 3;NA
L1;812;MON;SR;OK;TASK000013973507;Priority 4;NA
FUN;DCF;FUN;SR;OK;TASK000013973558;Priority 3;NA
SCH;812;SCH;SR;OK;TASK000013973667;Priority 3;NA
APS;ETH;APS;SR;OK;TASK000013973669;Priority 3;NA
SEC;812;SEC;SR;OK;TASK000013973763;Priority 3;NA
SEC;812;SEC;SR;OK;TASK000013973816;Priority 3;NA
SEC;DXE;SEC;SR;OK;TASK000013973855;Priority 3;NA
SEC;SYN;SEC;SR;OK;TASK000013973907;Priority 3;NA
L1;812;MON;SR;OK;TASK000013973918;Priority 3;NA
L1;812;MON;SR;OK;TASK000013973930;Priority 3;NA
L1;MNT;MON;SR;OK;TASK000013973971;Priority 4;NA
APS;ETH;APS;SR;OK;TASK000013973978;Priority 3;NA
SEC;BWI;SEC;SR;OK;TASK000013974002;Priority 4;NA
SEC;BWI;SEC;SR;OK;TASK000013974028;Priority 4;NA
SEC;WS;SEC;SR;OK;TASK000013974125;Priority 3;NA
SCH;LAT;SCH;SR;OK;TASK000013974150;Priority 3;NA
SEC;WS;SEC;SR;OK;TASK000013974158;Priority 2;NA
APS;ETH;APS;SR;OK;TASK000013974182;Priority 3;NA
SEC;DPY;SEC;SR;OK;TASK000013974199;Priority 3;NA
SEC;SYN;SEC;SR;OK;TASK000013974425;Priority 3;NA
FUN;EES;FUN;SR;OK;TASK000013974428;Priority 4;NA
FUN;EES;FUN;SR;OK;TASK000013974446;Priority 4;NA
APS;ETH;APS;SR;OK;TASK000013974516;Priority 3;NA
APS;ETH;APS;SR;OK;TASK000013974531;Priority 3;NA
SEC;BWI;SEC;SR;OK;TASK000013974532;Priority 4;NA
SEC;SYN;SEC;SR;OK;TASK000013974537;Priority 3;NA
SEC;812;SEC;SR;OK;TASK000013974552;Priority 3;NA
CNC;812;CNC;SR;OK;TASK000013974613;Priority 3;NA
SEC;SYN;SEC;SR;OK;TASK000013974614;Priority 3;NA
SEC;BWI;SEC;SR;OK;TASK000013974617;Priority 4;NA
APS;ETH;APS;SR;OK;TASK000013974683;Priority 3;NA
SEC;EDS;SEC;SR;Defect;TASK000013974890;Priority 3;NA
SEC;EMS;SEC;SR;Defect;TASK000013974919;Priority 3;NA
APS;ETH;APS;SR;OK;TASK000013975004;Priority 3;NA
APS;ETH;APS;SR;OK;TASK000013975048;Priority 3;NA
SEC;812;SEC;SR;OK;TASK000013975049;Priority 3;NA
SEC;SYN;SEC;SR;OK;TASK000013975052;Priority 3;NA
SEC;SYN;SEC;SR;OK;TASK000013975097;Priority 3;NA
SEC;812;SEC;SR;OK;TASK000013975137;Priority 3;NA
SEC;812;SEC;SR;OK;TASK000013975314;Priority 3;NA
APS;ETH;APS;SR;OK;TASK000013975331;Priority 3;NA
SEC;812;SEC;SR;OK;TASK000013975375;Priority 3;NA
SEC;EMS;SEC;SR;OK;TASK000013975388;Priority 3;NA
DBA;812;DBA;SR;OK;TASK000013975392;Priority 3;NA
APS;ETH;APS;SR;OK;TASK000013975428;Priority 3;NA
SCH;LAT;SCH;SR;OK;TASK000013975554;Priority 3;NA
APS;ETH;APS;SR;OK;TASK000013975859;Priority 3;NA
APS;ETH;APS;SR;OK;TASK000013975971;Priority 3;NA
SEC;BWI;SEC;SR;OK;TASK000013975983;Priority 4;NA
SEC;ETH;SEC;SR;OK;TASK000013975998;Priority 3;NA
APS;ETH;APS;SR;OK;TASK000013976119;Priority 3;NA
FUN;DCF;FUN;SR;Defect;TASK000013976158;Priority 3;NA
APS;ETH;APS;SR;OK;TASK000013976177;Priority 3;NA
SEC;EDS;SEC;SR;OK;TASK000013976190;Priority 3;NA
SEC;SYN;SEC;SR;OK;TASK000013976193;Priority 3;NA
APS;ETH;APS;SR;OK;TASK000013976216;Priority 3;NA
APS;ETH;APS;SR;OK;TASK000013976306;Priority 3;NA
SEC;ETH;SEC;SR;OK;TASK000013976391;Priority 3;NA
SEC;DCF;SEC;SR;OK;TASK000013976496;Priority 3;NA
DBA;812;DBA;SR;OK;TASK000013976686;Priority 3;NA
DBA;812;DBA;SR;OK;TASK000013976823;Priority 3;NA
L1;BWI;L1 ;SR;OK;TASK000013977014;Priority 3;NA
CNC;ETH;CNC;SR;OK;TASK000013977075;Priority 3;NA
FUN;DCF;FUN;SR;OK;TASK000013977657;Priority 3;NA
FUN;DCF;FUN;SR;OK;TASK000013977665;Priority 3;NA
SEC;812;SEC;SR;OK;TASK000013977706;Priority 3;NA
L1;812;MON;SR;OK;TASK000013977869;Priority 3;NA
SEC;812;SEC;SR;OK;TASK000013977970;Priority 3;NA
SEC;ETH;SEC;SR;OK;TASK000013978155;Priority 3;NA
DBA;812;DBA;SR;OK;TASK000013978218;Priority 3;NA
SEC;812;SEC;SR;OK;TASK000013978240;Priority 3;NA
SEC;WS;SEC;SR;OK;TASK000013978277;Priority 3;NA
SEC;812;SEC;SR;OK;TASK000013978304;Priority 3;NA
SEC;MNT;SEC;SR;OK;TASK000013978329;Priority 3;NA
APS;ETH;APS;SR;OK;TASK000013978336;Priority 3;NA
DBA;812;DBA;SR;OK;TASK000013978425;Priority 3;NA
SEC;812;SEC;SR;OK;TASK000013978454;Priority 3;NA
SEC;812;SEC;SR;OK;TASK000013978477;Priority 3;NA
SEC;812;SEC;SR;OK;TASK000013978490;Priority 3;NA
SEC;812;SEC;SR;OK;TASK000013978521;Priority 3;NA
SCH;LAT;SCH;SR;OK;TASK000013978526;Priority 3;NA
SEC;812;SEC;SR;OK;TASK000013978529;Priority 3;NA
APS;ETH;APS;SR;OK;TASK000013978535;Priority 3;NA
SEC;812;SEC;SR;OK;TASK000013978536;Priority 3;NA
APS;ETH;APS;SR;OK;TASK000013978545;Priority 3;NA
SEC;812;SEC;SR;OK;TASK000013978550;Priority 3;NA
SEC;812;SEC;SR;OK;TASK000013978552;Priority 3;NA
SCH;LAT;SCH;SR;OK;TASK000013978554;Priority 3;NA
SEC;BWI;SEC;SR;OK;TASK000013978600;Priority 4;NA
APS;EES;APS;SR;OK;TASK000013978656;Priority 4;NA
SCH;812;SCH;SR;OK;TASK000013978694;Priority 3;NA
SEC;812;SEC;SR;OK;TASK000013978726;Priority 3;NA
CNC;LAT;CNC;SR;OK;TASK000013978785;Priority 3;NA
SEC;SYN;SEC;SR;OK;TASK000013978786;Priority 3;NA
SEC;812;SEC;SR;OK;TASK000013978797;Priority 3;NA
SEC;SYN;SEC;SR;Defect;TASK000013978843;Priority 3;NA
FUN;812;FUN;SR;OK;TASK000013978902;Priority 3;NA
SEC;DPY;SEC;SR;OK;TASK000013978978;Priority 4;NA
SEC;SYN;SEC;SR;OK;TASK000013979096;Priority 3;NA
SEC;DCF;SEC;SR;OK;TASK000013979099;Priority 3;NA
SEC;812;SEC;SR;OK;TASK000013979101;Priority 3;NA
SEC;812;SEC;SR;OK;TASK000013979112;Priority 3;NA
SEC;812;SEC;SR;OK;TASK000013979114;Priority 3;NA
L1;BWI;L1 ;SR;OK;TASK000013979217;Priority 3;NA
SEC;812;SEC;SR;OK;TASK000013979266;Priority 3;NA
CNC;812;CNC;SR;OK;TASK000013979341;Priority 3;NA
SEC;ETH;SEC;SR;OK;TASK000013979348;Priority 3;NA
CNC;ETH;CNC;SR;OK;TASK000013979445;Priority 3;NA
SEC;SYN;SEC;SR;OK;TASK000013979486;Priority 3;NA
SEC;SYN;SEC;SR;OK;TASK000013979517;Priority 3;NA
APS;ETH;APS;SR;OK;TASK000013979868;Priority 3;NA
SEC;812;SEC;SR;OK;TASK000013979873;Priority 3;NA
CNC;812;CNC;SR;OK;TASK000013979921;Priority 3;NA
SEC;EMS;SEC;SR;OK;TASK000013979946;Priority 3;NA
CNC;812;CNC;SR;OK;TASK000013979995;Priority 3;NA
FUN;812;FUN;SR;OK;TASK000013980085;Priority 3;NA
SEC;SYN;SEC;SR;OK;TASK000013980156;Priority 3;NA
SEC;SYN;SEC;SR;OK;TASK000013980179;Priority 3;NA
SEC;SYN;SEC;SR;OK;TASK000013980207;Priority 3;NA
SEC;SYN;SEC;SR;OK;TASK000013980230;Priority 3;NA
SEC;BWI;SEC;SR;OK;TASK000013980246;Priority 4;NA
SEC;SYN;SEC;SR;OK;TASK000013980255;Priority 3;NA
SEC;SYN;SEC;SR;Defect;TASK000013980327;Priority 3;NA
SEC;EMS;SEC;SR;OK;TASK000013980408;Priority 3;NA
APS;ETH;APS;SR;OK;TASK000013980524;Priority 3;NA
SEC;BWI;SEC;SR;OK;TASK000013980621;Priority 4;NA
SEC;SYN;SEC;SR;OK;TASK000013980630;Priority 3;NA
SCH;LAT;SCH;SR;OK;TASK000013980650;Priority 3;NA
SEC;SYN;SEC;SR;OK;TASK000013980677;Priority 3;NA
SEC;SYN;SEC;SR;OK;TASK000013980738;Priority 3;NA
CNC;ETH;CNC;SR;OK;TASK000013980927;Priority 3;NA
SEC;DPY;SEC;SR;OK;TASK000013981020;Priority 3;NA
SEC;SYN;SEC;SR;Defect;TASK000013981066;Priority 3;NA
SEC;DPY;SEC;SR;OK;TASK000013981110;Priority 3;NA
SEC;BWI;SEC;SR;OK;TASK000013981167;Priority 4;NA
SEC;MNT;SEC;SR;OK;TASK000013981335;Priority 3;NA
SEC;ETH;SEC;SR;OK;TASK000013981408;Priority 3;NA
SEC;812;SEC;SR;OK;TASK000013981544;Priority 3;NA
L1;BWI;L1 ;SR;OK;TASK000013981678;Priority 3;NA
CNC;DPY;CNC;SR;OK;TASK000013981901;Priority 3;NA
L1;812;MON;SR;OK;TASK000013981998;Priority 3;NA
CNC;ETH;CNC;SR;OK;TASK000013982089;Priority 3;NA
DBA;812;DBA;SR;OK;TASK000013982726;Priority 3;NA
SEC;812;SEC;SR;OK;TASK000013982840;Priority 3;NA
SCH;812;SCH;SR;OK;TASK000013983031;Priority 3;NA
SEC;812;SEC;SR;OK;TASK000013983178;Priority 3;NA
SEC;SYN;SEC;SR;OK;TASK000013983229;Priority 3;NA
SEC;BWI;SEC;SR;OK;TASK000013983295;Priority 4;NA
SEC;SYN;SEC;SR;OK;TASK000013983300;Priority 3;NA
SEC;BWI;SEC;SR;OK;TASK000013983350;Priority 4;NA
SEC;LAT;SEC;SR;OK;TASK000013983388;Priority 4;NA
SEC;812;SEC;SR;OK;TASK000013983421;Priority 3;NA
SCH;812;SCH;SR;OK;TASK000013983450;Priority 3;NA
L1;812;MON;SR;OK;TASK000013983575;Priority 4;NA
FUN;EES;FUN;SR;OK;TASK000013983616;Priority 4;NA
SEC;CAN;SEC;SR;OK;TASK000013983770;Priority 3;NA
SEC;MNT;SEC;SR;OK;TASK000013983797;Priority 3;NA
SEC;SYN;SEC;SR;OK;TASK000013983800;Priority 3;NA
FUN;EES;FUN;SR;Defect;TASK000013983802;Priority 3;NA
SEC;812;SEC;SR;OK;TASK000013983886;Priority 3;NA
SEC;812;SEC;SR;OK;TASK000013983917;Priority 3;NA
SEC;EMS;SEC;SR;OK;TASK000013983921;Priority 3;NA
SCH;812;SCH;SR;OK;TASK000013984013;Priority 3;NA
SEC;BWI;SEC;SR;OK;TASK000013984073;Priority 4;NA
CNC;ETH;CNC;SR;OK;TASK000013984184;Priority 3;NA
CNC;ETH;CNC;SR;OK;TASK000013984254;Priority 3;NA
SEC;812;SEC;SR;OK;TASK000013984262;Priority 3;NA
FUN;812;FUN;SR;OK;TASK000013984279;Priority 3;NA
SEC;DXE;SEC;SR;OK;TASK000013984305;Priority 3;NA
SEC;812;SEC;SR;OK;TASK000013984383;Priority 3;NA
SEC;ETH;SEC;SR;OK;TASK000013984439;Priority 3;NA
APS;ETH;APS;SR;OK;TASK000013984540;Priority 3;NA
CNC;812;CNC;SR;OK;TASK000013984829;Priority 3;NA
SEC;DCF;SEC;SR;OK;TASK000013984988;Priority 3;NA
SEC;DCF;SEC;SR;Defect;TASK000013985132;Priority 3;NA
CNC;812;CNC;SR;OK;TASK000013985134;Priority 3;NA
APS;ETH;APS;SR;OK;TASK000013985278;Priority 3;NA
SEC;EDS;SEC;SR;OK;TASK000013985463;Priority 3;NA
SEC;WS;SEC;SR;OK;TASK000013985464;Priority 3;NA
SEC;WS;SEC;SR;OK;TASK000013985467;Priority 3;NA
SEC;WS;SEC;SR;OK;TASK000013985472;Priority 3;NA
SEC;EMS;SEC;SR;OK;TASK000013985477;Priority 3;NA
APS;DCF;APS;SR;OK;TASK000013985688;Priority 3;NA
APS;ETH;APS;SR;OK;TASK000013985727;Priority 3;NA
SEC;BWI;SEC;SR;OK;TASK000013985752;Priority 4;NA
CNC;ETH;CNC;SR;OK;TASK000013985769;Priority 3;NA
CNC;ETH;CNC;SR;OK;TASK000013985771;Priority 3;NA
SEC;812;SEC;SR;OK;TASK000013986573;Priority 3;NA
SEC;BWI;SEC;SR;OK;TASK000013986575;Priority 4;NA
APS;ETH;APS;SR;OK;TASK000013987230;Priority 3;NA
CNC;DPY;CNC;SR;OK;TASK000013987323;Priority 3;NA
SEC;812;SEC;SR;OK;TASK000013987328;Priority 3;NA
DBA;812;DBA;SR;OK;TASK000013987436;Priority 3;NA
SEC;812;SEC;SR;OK;TASK000013987474;Priority 3;NA
SEC;EDS;SEC;SR;OK;TASK000013987490;Priority 3;NA
L1;812;MON;SR;OK;TASK000013987514;Priority 3;NA
SEC;812;SEC;SR;OK;TASK000013987524;Priority 3;NA
CNC;812;CNC;SR;OK;TASK000013987572;Priority 3;NA
SEC;EDS;SEC;SR;Defect;TASK000013987575;Priority 3;NA
CNC;812;CNC;SR;OK;TASK000013987607;Priority 3;NA
CNC;812;CNC;SR;OK;TASK000013987614;Priority 3;NA
DBA;812;DBA;SR;OK;TASK000013987615;Priority 3;NA
SEC;812;SEC;SR;OK;TASK000013987635;Priority 3;NA
DBA;812;DBA;SR;OK;TASK000013987714;Priority 3;NA
SEC;MNT;SEC;SR;OK;TASK000013987716;Priority 3;NA
SEC;EMS;SEC;SR;OK;TASK000013987784;Priority 3;NA
FUN;ETH;FUN;SR;OK;TASK000013987787;Priority 3;NA
SEC;812;SEC;SR;OK;TASK000013987837;Priority 3;NA
SEC;SYN;SEC;SR;OK;TASK000013987974;Priority 3;NA
CNC;812;CNC;SR;OK;TASK000013988018;Priority 3;NA
SEC;812;SEC;SR;OK;TASK000013988062;Priority 3;NA
SEC;BWI;SEC;SR;OK;TASK000013988086;Priority 4;NA
SEC;DCF;SEC;SR;OK;TASK000013988088;Priority 3;NA
SEC;SYN;SEC;SR;Defect;TASK000013988160;Priority 3;NA
SEC;DCF;SEC;SR;OK;TASK000013988187;Priority 3;NA
CNC;812;CNC;SR;OK;TASK000013988236;Priority 3;NA
SEC;DCF;SEC;SR;OK;TASK000013988253;Priority 3;NA
CNC;812;CNC;SR;OK;TASK000013988267;Priority 3;NA
DBA;812;DBA;SR;OK;TASK000013988344;Priority 3;NA
SEC;812;SEC;SR;OK;TASK000013988366;Priority 3;NA
SEC;DCF;SEC;SR;OK;TASK000013988384;Priority 3;NA
DBA;812;DBA;SR;OK;TASK000013988387;Priority 3;NA
L1;812;MON;SR;OK;TASK000013988424;Priority 3;NA
CNC;812;CNC;SR;OK;TASK000013988557;Priority 3;NA
FUN;EDS;FUN;SR;OK;TASK000013988594;Priority 4;NA
L1;812;MON;SR;OK;TASK000013988647;Priority 3;NA
SEC;DCF;SEC;SR;OK;TASK000013988700;Priority 3;NA
APS;ETH;APS;SR;OK;TASK000013988712;Priority 3;NA
SEC;812;SEC;SR;OK;TASK000013988726;Priority 3;NA
DBA;812;DBA;SR;OK;TASK000013988745;Priority 3;NA
SEC;ETH;SEC;SR;OK;TASK000013988794;Priority 3;NA
SEC;ETH;SEC;SR;OK;TASK000013988836;Priority 3;NA
FUN;DCF;FUN;SR;OK;TASK000013988852;Priority 3;NA
SEC;DCF;SEC;SR;OK;TASK000013988857;Priority 3;NA
SCH;812;SCH;SR;OK;TASK000013988999;Priority 3;NA
SEC;SYN;SEC;SR;OK;TASK000013989042;Priority 3;NA
SEC;DCF;SEC;SR;OK;TASK000013989044;Priority 3;NA
SEC;EES;FUN;SR;Defect;TASK000013989064;Priority 3;NA
FUN;DCF;FUN;SR;OK;TASK000013989066;Priority 3;NA
SEC;ETH;SEC;SR;OK;TASK000013989136;Priority 3;NA
SEC;BWI;SEC;SR;OK;TASK000013989178;Priority 4;NA
CNC;812;CNC;SR;OK;TASK000013989204;Priority 3;NA
SEC;BWI;SEC;SR;OK;TASK000013989236;Priority 4;NA
SEC;SYN;SEC;SR;OK;TASK000013989337;Priority 3;NA
L1;BWI;L1 ;SR;OK;TASK000013989356;Priority 3;NA
SEC;DCF;SEC;SR;OK;TASK000013989376;Priority 3;NA
SEC;BWI;SEC;SR;OK;TASK000013989437;Priority 4;NA
SEC;EMS;SEC;SR;OK;TASK000013989443;Priority 3;NA
SEC;ETH;SEC;SR;OK;TASK000013989466;Priority 3;NA
SEC;DCF;SEC;SR;OK;TASK000013989467;Priority 3;NA
APS;ETH;APS;SR;OK;TASK000013989521;Priority 3;NA
SEC;CAN;SEC;SR;OK;TASK000013989535;Priority 3;NA
APS;ETH;APS;SR;OK;TASK000013989562;Priority 3;NA
SEC;MNT;SEC;SR;OK;TASK000013989579;Priority 3;NA
SEC;BWI;SEC;SR;OK;TASK000013989617;Priority 4;NA
SEC;BWI;SEC;SR;OK;TASK000013989657;Priority 4;NA
L1;812;MON;SR;OK;TASK000013989731;Priority 3;NA
SEC;ETH;SEC;SR;OK;TASK000013989784;Priority 3;NA
SEC;ETH;SEC;SR;OK;TASK000013989795;Priority 3;NA
SEC;DXE;SEC;SR;OK;TASK000013990118;Priority 3;NA
L1;ETH;CNC;SR;OK;TASK000013990179;Priority 3;NA
L1;ETH;CNC;SR;OK;TASK000013990222;Priority 3;NA
L1;812;MON;SR;OK;TASK000013990423;Priority 4;NA
SEC;EDS;SEC;SR;OK;TASK000013991002;Priority 3;NA
CNC;812;CNC;SR;OK;TASK000013991047;Priority 3;NA
SEC;812;SEC;SR;OK;TASK000013991060;Priority 3;NA
DBA;812;DBA;SR;OK;TASK000013991357;Priority 3;NA
SEC;812;SEC;SR;OK;TASK000013991379;Priority 3;NA
SEC;812;SEC;SR;OK;TASK000013991436;Priority 3;NA
SEC;812;SEC;SR;OK;TASK000013991446;Priority 3;NA
SEC;812;SEC;SR;OK;TASK000013991579;Priority 3;NA
SEC;812;SEC;SR;OK;TASK000013991614;Priority 3;NA
SEC;812;SEC;SR;OK;TASK000013991639;Priority 3;NA
CNC;812;CNC;SR;OK;TASK000013991657;Priority 3;NA
APS;DCF;APS;SR;OK;TASK000013991760;Priority 3;NA
SEC;812;SEC;SR;OK;TASK000013991828;Priority 3;NA
SEC;812;SEC;SR;OK;TASK000013991839;Priority 3;NA
SEC;812;SEC;SR;OK;TASK000013991890;Priority 3;NA
L1;812;MON;SR;OK;TASK000013991971;Priority 4;NA
SCH;812;SCH;SR;Defect;TASK000013992019;Priority 3;NA
SEC;DXE;SEC;SR;OK;TASK000013992089;Priority 3;NA
SEC;812;SEC;SR;OK;TASK000013992172;Priority 3;NA
SEC;812;SEC;SR;OK;TASK000013992315;Priority 3;NA
SEC;SYN;SEC;SR;OK;TASK000013992320;Priority 3;NA
SEC;812;SEC;SR;OK;TASK000013992324;Priority 3;NA
L1;812;MON;SR;OK;TASK000013992364;Priority 3;NA
APS;EES;APS;SR;OK;TASK000013992365;Priority 4;NA
L1;812;MON;SR;OK;TASK000013992413;Priority 3;NA
SEC;DCF;SEC;SR;OK;TASK000013992440;Priority 3;NA
SEC;812;SEC;SR;OK;TASK000013992482;Priority 3;NA
FUN;812;FUN;SR;OK;TASK000013992506;Priority 4;NA
CNC;812;CNC;SR;OK;TASK000013992594;Priority 3;NA
SEC;812;SEC;SR;OK;TASK000013992652;Priority 3;NA
SEC;DPY;SEC;SR;OK;TASK000013992660;Priority 3;NA
SEC;ETH;SEC;SR;OK;TASK000013992661;Priority 3;NA
OPS;EDS;OPS;SR;OK;TASK000013992665;Priority 3;NA
APS;ETH;APS;SR;OK;TASK000013992686;Priority 3;NA
APS;ETH;APS;SR;OK;TASK000013992730;Priority 3;NA
L1;BWI;L1 ;SR;OK;TASK000013992746;Priority 3;NA
DBA;812;DBA;SR;OK;TASK000013992754;Priority 3;NA
SEC;DPY;SEC;SR;OK;TASK000013992774;Priority 3;NA
L1;812;MON;SR;OK;TASK000013992986;Priority 3;NA
SCH;812;SCH;SR;OK;TASK000013993037;Priority 3;NA
SEC;SYN;SEC;SR;OK;TASK000013993085;Priority 3;NA
SEC;ETH;SEC;SR;OK;TASK000013993113;Priority 3;NA
SEC;ETH;SEC;SR;OK;TASK000013993135;Priority 3;NA
SEC;ETH;SEC;SR;OK;TASK000013993156;Priority 3;NA
FUN;ETH;FUN;SR;OK;TASK000013993205;Priority 3;NA
SEC;812;SEC;SR;OK;TASK000013993208;Priority 3;NA
SEC;ETH;SEC;SR;OK;TASK000013993257;Priority 3;NA
SEC;ETH;SEC;SR;OK;TASK000013993292;Priority 3;NA
DBA;812;DBA;SR;OK;TASK000013993339;Priority 3;NA
SEC;812;SEC;SR;OK;TASK000013993352;Priority 3;NA
SEC;812;SEC;SR;OK;TASK000013993387;Priority 3;NA
SEC;BWI;SEC;SR;OK;TASK000013993492;Priority 4;NA
SEC;SYN;SEC;SR;OK;TASK000013993502;Priority 3;NA
CNC;812;CNC;SR;OK;TASK000013993540;Priority 3;NA
SEC;LAT;SEC;SR;OK;TASK000013993647;Priority 3;NA
SEC;SYN;SEC;SR;OK;TASK000013993668;Priority 3;NA
L1;812;MON;SR;OK;TASK000013993783;Priority 4;NA
SEC;BWI;SEC;SR;OK;TASK000013993799;Priority 4;NA
SEC;SYN;SEC;SR;OK;TASK000013993892;Priority 3;NA
SEC;812;SEC;SR;OK;TASK000013994295;Priority 3;NA
APS;ETH;APS;SR;OK;TASK000013994301;Priority 3;NA
SEC;DCF;SEC;SR;OK;TASK000013994401;Priority 3;NA
L1;BWI;CNC;SR;OK;TASK000013994753;Priority 3;NA
FUN;LAT;FUN;SR;OK;TASK000013994898;Priority 3;NA
SEC;BWI;SEC;SR;OK;TASK000013994939;Priority 4;NA
APS;ETH;APS;SR;OK;TASK000013995063;Priority 3;NA
SEC;ETH;SEC;SR;OK;TASK000013995095;Priority 3;NA
SEC;812;SEC;SR;OK;TASK000013995988;Priority 3;NA
SEC;812;SEC;SR;OK;TASK000013995992;Priority 3;NA
DBA;812;DBA;SR;OK;TASK000013996080;Priority 3;NA
DBA;812;DBA;SR;OK;TASK000013996135;Priority 3;NA
SEC;812;SEC;SR;OK;TASK000013996147;Priority 3;NA
SEC;812;SEC;SR;OK;TASK000013996186;Priority 3;NA
CNC;812;CNC;SR;OK;TASK000013996235;Priority 3;NA
SEC;812;SEC;SR;OK;TASK000013996242;Priority 3;NA
SEC;812;SEC;SR;OK;TASK000013996257;Priority 3;NA
APS;ETH;APS;SR;OK;TASK000013996318;Priority 3;NA
SEC;812;SEC;SR;OK;TASK000013996356;Priority 3;NA
APS;ETH;APS;SR;OK;TASK000013996364;Priority 3;NA
DBA;812;DBA;SR;OK;TASK000013996418;Priority 3;NA
SEC;812;SEC;SR;OK;TASK000013996431;Priority 3;NA
L1;812;MON;SR;OK;TASK000013996586;Priority 4;NA
APS;ETH;APS;SR;OK;TASK000013996690;Priority 3;NA
SEC;EDS;SEC;SR;OK;TASK000013996752;Priority 3;NA
SEC;SYN;SEC;SR;Defect;TASK000013996771;Priority 3;NA
SEC;DXE;SEC;SR;OK;TASK000013996806;Priority 3;NA
SCH;LAT;SCH;SR;OK;TASK000013996910;Priority 3;NA
SEC;EMS;SEC;SR;OK;TASK000013997045;Priority 3;NA
SEC;EMS;SEC;SR;OK;TASK000013997195;Priority 3;NA
FIN;812;FUN;SR;OK;TASK000013997313;Priority 3;NA
SEC;BWI;SEC;SR;OK;TASK000013997441;Priority 4;NA
SEC;812;SEC;SR;OK;TASK000013997443;Priority 3;NA
DBA;812;DBA;SR;OK;TASK000013997486;Priority 3;NA
SEC;MNT;SEC;SR;OK;TASK000013997564;Priority 3;NA
SEC;EMS;SEC;SR;OK;TASK000013997588;Priority 3;NA
SEC;DXE;SEC;SR;OK;TASK000013997759;Priority 3;NA
SEC;DXE;SEC;SR;OK;TASK000013997767;Priority 3;NA
SEC;DXE;SEC;SR;OK;TASK000013997770;Priority 3;NA
SEC;812;SEC;SR;OK;TASK000013997778;Priority 3;NA
SEC;EES;FUN;SR;OK;TASK000013997791;Priority 3;NA
SEC;MNT;SEC;SR;OK;TASK000013997803;Priority 3;NA
SEC;812;SEC;SR;OK;TASK000013997805;Priority 3;NA
L1;BWI;L1 ;SR;OK;TASK000013997811;Priority 3;NA
SEC;812;SEC;SR;OK;TASK000013997824;Priority 3;NA
APS;ETH;APS;SR;OK;TASK000013997914;Priority 3;NA
APS;ETH;APS;SR;OK;TASK000013997961;Priority 3;NA
SEC;SYN;SEC;SR;OK;TASK000013998123;Priority 3;NA
SEC;SYN;SEC;SR;OK;TASK000013998154;Priority 3;NA
TEC;DCF;TEC;SR;Defect;TASK000013998179;Priority 3;NA
SEC;SYN;SEC;SR;OK;TASK000013998193;Priority 3;NA
APS;ETH;APS;SR;OK;TASK000013998229;Priority 3;NA
SEC;812;SEC;SR;OK;TASK000013998289;Priority 3;NA
SEC;812;SEC;SR;OK;TASK000013998318;Priority 3;NA
FUN;EMS;FUN;SR;OK;TASK000013998396;Priority 4;NA
SEC;SYN;SEC;SR;OK;TASK000013998474;Priority 3;NA
L1;BWI;L1 ;SR;OK;TASK000013998537;Priority 3;NA
SEC;MNT;SEC;SR;Defect;TASK000013998577;Priority 3;NA
SCH;LAT;SCH;SR;OK;TASK000013998680;Priority 3;NA
SCH;LAT;SCH;SR;OK;TASK000013998747;Priority 3;NA
SEC;SYN;SEC;SR;OK;TASK000013998766;Priority 3;NA
APS;ETH;APS;SR;OK;TASK000013998839;Priority 3;NA
APS;ETH;APS;SR;OK;TASK000013999113;Priority 3;NA
SEC;EES;FUN;SR;OK;TASK000013999129;Priority 3;NA
APS;ETH;APS;SR;OK;TASK000013999133;Priority 3;NA
APS;ETH;APS;SR;OK;TASK000013999214;Priority 3;NA
SEC;BWI;SEC;SR;OK;TASK000013999270;Priority 4;NA
APS;ETH;APS;SR;OK;TASK000013999282;Priority 3;NA
APS;ETH;APS;SR;OK;TASK000013999296;Priority 3;NA
SEC;EES;SEC;SR;OK;TASK000013999508;Priority 3;NA
SEC;EES;FUN;SR;OK;TASK000013999676;Priority 3;NA
SEC;EES;FUN;SR;OK;TASK000013999886;Priority 3;NA
CNC;ETH;CNC;SR;OK;TASK000013999921;Priority 3;NA
SEC;MNT;SEC;SR;OK;TASK000013999968;Priority 3;NA
L1;BWI;L1 ;SR;OK;TASK000014000077;Priority 3;NA
L1;BWI;L1 ;SR;OK;TASK000014000146;Priority 3;NA
SEC;DXE;SEC;SR;OK;TASK000014000742;Priority 3;NA
CNC;812;CNC;SR;OK;TASK000014000805;Priority 3;NA
SEC;812;SEC;SR;OK;TASK000014000858;Priority 3;NA
SEC;812;SEC;SR;OK;TASK000014001068;Priority 3;NA
L1;812;MON;SR;OK;TASK000014001117;Priority 4;NA
SEC;812;SEC;SR;OK;TASK000014001227;Priority 3;NA
L1;812;MON;SR;OK;TASK000014001236;Priority 3;NA
SEC;SYN;SEC;SR;OK;TASK000014001440;Priority 3;NA
SEC;SYN;SEC;SR;OK;TASK000014001476;Priority 3;NA
SEC;SYN;SEC;SR;OK;TASK000014001508;Priority 3;NA
SEC;812;SEC;SR;OK;TASK000014001587;Priority 3;NA
APS;ETH;APS;SR;OK;TASK000014001690;Priority 3;NA
SEC;DXE;SEC;SR;OK;TASK000014001770;Priority 3;NA
SEC;812;SEC;SR;OK;TASK000014001883;Priority 3;NA
DBA;812;DBA;SR;OK;TASK000014001894;Priority 3;NA
SEC;812;SEC;SR;OK;TASK000014002159;Priority 3;NA
SEC;812;SEC;SR;OK;TASK000014002235;Priority 3;NA
L1;BWI;L1 ;SR;OK;TASK000014002290;Priority 3;NA
SEC;EMS;SEC;SR;Defect;TASK000014002374;Priority 3;NA
APS;ETH;APS;SR;OK;TASK000014002386;Priority 3;NA
APS;ETH;APS;SR;OK;TASK000014002448;Priority 3;NA
APS;ETH;APS;SR;OK;TASK000014002454;Priority 3;NA
APS;ETH;APS;SR;OK;TASK000014002475;Priority 3;NA
APS;ETH;APS;SR;OK;TASK000014002482;Priority 3;NA
SEC;812;SEC;SR;OK;TASK000014002590;Priority 3;NA
SEC;812;SEC;SR;OK;TASK000014002652;Priority 3;NA
SEC;SYN;SEC;SR;OK;TASK000014002766;Priority 3;NA
SEC;SYN;SEC;SR;OK;TASK000014002877;Priority 3;NA
L1;BWI;L1 ;SR;OK;TASK000014003022;Priority 3;NA
L1;BWI;L1 ;SR;OK;TASK000014003059;Priority 3;NA
L1;BWI;L1 ;SR;OK;TASK000014003078;Priority 3;NA
SEC;ETH;SEC;SR;OK;TASK000014003251;Priority 3;NA
SEC;MNT;SEC;SR;OK;TASK000014003581;Priority 3;NA
APS;ETH;APS;SR;OK;TASK000014003627;Priority 3;NA
SEC;SYN;SEC;SR;OK;TASK000014003705;Priority 3;NA
APS;EES;APS;SR;OK;TASK000014003808;Priority 3;NA
SEC;812;SEC;SR;OK;TASK000014003860;Priority 3;NA
L1;BWI;L1 ;SR;OK;TASK000014004132;Priority 3;NA
CNC;ETH;CNC;SR;OK;TASK000014004286;Priority 3;NA
SEC;812;SEC;SR;OK;TASK000014004609;Priority 3;NA
L1;812;MON;SR;OK;TASK000014004803;Priority 4;NA
SEC;812;SEC;SR;OK;TASK000014004906;Priority 3;NA
SEC;812;SEC;SR;OK;TASK000014004971;Priority 3;NA
SEC;812;SEC;SR;OK;TASK000014005013;Priority 3;NA
SEC;812;SEC;SR;OK;TASK000014005020;Priority 3;NA
DBA;812;DBA;SR;OK;TASK000014005021;Priority 3;NA
DBA;812;DBA;SR;OK;TASK000014005022;Priority 3;NA
SEC;812;SEC;SR;OK;TASK000014005227;Priority 3;NA
FUN;EMS;FUN;SR;OK;TASK000014005261;Priority 3;NA
SCH;812;SCH;SR;OK;TASK000014005269;Priority 3;NA
FUN;DCF;FUN;SR;OK;TASK000014005288;Priority 3;NA
FIN;MNT;FUN;SR;OK;TASK000014005292;Priority 4;NA
SCH;812;SCH;SR;OK;TASK000014005334;Priority 3;NA
SEC;DXE;SEC;SR;OK;TASK000014005349;Priority 3;NA
SEC;812;SEC;SR;OK;TASK000014005703;Priority 3;NA
L1;812;MON;SR;OK;TASK000014005780;Priority 4;NA
SEC;812;SEC;SR;OK;TASK000014005850;Priority 3;NA
SEC;SYN;SEC;SR;OK;TASK000014005916;Priority 3;NA
SEC;812;SEC;SR;OK;TASK000014005945;Priority 3;NA
SEC;812;SEC;SR;OK;TASK000014006027;Priority 3;NA
DBA;812;DBA;SR;OK;TASK000014006115;Priority 3;NA
SEC;DXE;SEC;SR;OK;TASK000014006130;Priority 3;NA
SEC;MNT;SEC;SR;OK;TASK000014006231;Priority 3;NA
FUN;COR;FUN;SR;OK;TASK000014006384;Priority 3;NA
SEC;812;SEC;SR;OK;TASK000014006606;Priority 3;NA
SEC;MNT;SEC;SR;OK;TASK000014006641;Priority 3;NA
SEC;812;SEC;SR;OK;TASK000014006645;Priority 3;NA
SEC;LAT;SEC;SR;OK;TASK000014006663;Priority 3;NA
SEC;812;SEC;SR;OK;TASK000014006764;Priority 3;NA
DBA;812;DBA;SR;OK;TASK000014006849;Priority 3;NA
CNC;812;CNC;SR;OK;TASK000014006913;Priority 3;NA
SEC;ETH;SEC;SR;OK;TASK000014007007;Priority 3;NA
SEC;BWI;SEC;SR;OK;TASK000014007010;Priority 4;NA
SEC;BWI;SEC;SR;OK;TASK000014007030;Priority 4;NA
SEC;ETH;SEC;SR;OK;TASK000014007047;Priority 3;NA
FUN;DXE;FUN;SR;OK;TASK000014007051;Priority 3;NA
CNC;812;CNC;SR;OK;TASK000014007119;Priority 3;NA
APS;ETH;APS;SR;OK;TASK000014007699;Priority 3;NA
APS;ETH;APS;SR;OK;TASK000014007714;Priority 3;NA
APS;EES;APS;SR;OK;TASK000014007765;Priority 3;NA
L1;BWI;L1 ;SR;OK;TASK000014007774;Priority 3;NA
APS;ETH;APS;SR;OK;TASK000014007798;Priority 3;NA
FUN;ETH;FUN;SR;OK;TASK000014007805;Priority 3;NA
APS;ETH;APS;SR;OK;TASK000014007827;Priority 3;NA
SEC;BWI;SEC;SR;OK;TASK000014007830;Priority 4;NA
L1;BWI;L1 ;SR;OK;TASK000014007910;Priority 3;NA
SEC;ETH;SEC;SR;OK;TASK000014008048;Priority 3;NA
CNC;DCF;CNC;SR;OK;TASK000014008263;Priority 3;NA
CNC;DPY;CNC;SR;OK;TASK000014008413;Priority 3;NA
CNC;ETH;CNC;SR;OK;TASK000014008480;Priority 3;NA
OPS;EMS;OPS;SR;OK;TASK000014009005;Priority 3;NA
FUN;812;FUN;SR;OK;TASK000014009330;Priority 3;NA
DBA;812;DBA;SR;OK;TASK000014009569;Priority 3;NA
SEC;812;SEC;SR;OK;TASK000014009584;Priority 3;NA
SEC;EMS;SEC;SR;OK;TASK000014009609;Priority 3;NA
SEC;812;SEC;SR;OK;TASK000014009675;Priority 3;NA
SEC;812;SEC;SR;OK;TASK000014009816;Priority 3;NA
APS;ETH;APS;SR;OK;TASK000014009842;Priority 3;NA
FUN;812;FUN;SR;OK;TASK000014009868;Priority 3;NA
DBA;812;DBA;SR;OK;TASK000014009878;Priority 3;NA
CNC;ETH;CNC;SR;OK;TASK000014009895;Priority 3;NA
SEC;812;SEC;SR;OK;TASK000014009923;Priority 3;NA
DBA;812;DBA;SR;OK;TASK000014009937;Priority 3;NA
SEC;812;SEC;SR;OK;TASK000014010016;Priority 3;NA
FUN;812;FUN;SR;OK;TASK000014010047;Priority 3;NA
SEC;DXE;SEC;SR;OK;TASK000014010065;Priority 3;NA
DBA;812;DBA;SR;OK;TASK000014010111;Priority 3;NA
SCH;812;SCH;SR;OK;TASK000014010151;Priority 3;NA
APS;ETH;APS;SR;OK;TASK000014010152;Priority 3;NA
CNC;DPY;CNC;SR;OK;TASK000014010168;Priority 3;NA
SEC;MNT;SEC;SR;OK;TASK000014010179;Priority 3;NA
CNC;LAT;CNC;SR;OK;TASK000014010344;Priority 3;NA
SEC;812;SEC;SR;OK;TASK000014010365;Priority 3;NA
CNC;812;CNC;SR;OK;TASK000014010371;Priority 3;NA
SEC;812;SEC;SR;OK;TASK000014010437;Priority 3;NA
L1;812;MON;SR;OK;TASK000014010455;Priority 3;NA
FUN;EMS;FUN;SR;OK;TASK000014010458;Priority 3;NA
SEC;WS;SEC;SR;OK;TASK000014010465;Priority 3;NA
SEC;CAN;SEC;SR;OK;TASK000014010751;Priority 3;NA
SEC;812;SEC;SR;OK;TASK000014010787;Priority 3;NA
DBA;812;DBA;SR;OK;TASK000014011043;Priority 3;NA
SEC;DCF;SEC;SR;OK;TASK000014011059;Priority 3;NA
L1;812;MON;SR;OK;TASK000014011100;Priority 3;NA
SEC;DCF;SEC;SR;OK;TASK000014011105;Priority 3;NA
SEC;812;SEC;SR;OK;TASK000014011225;Priority 3;NA
SEC;BWI;SEC;SR;OK;TASK000014011436;Priority 4;NA
SEC;BWI;SEC;SR;OK;TASK000014011450;Priority 4;NA
SEC;812;SEC;SR;OK;TASK000014011506;Priority 3;NA
SEC;812;SEC;SR;OK;TASK000014011547;Priority 3;NA
SEC;812;SEC;SR;OK;TASK000014011566;Priority 3;NA
FIN;812;FUN;SR;OK;TASK000014011649;Priority 4;NA
SEC;DPY;SEC;SR;OK;TASK000014011691;Priority 3;NA
DBA;812;DBA;SR;OK;TASK000014011713;Priority 3;NA
SEC;BWI;SEC;SR;OK;TASK000014011844;Priority 4;NA
SEC;812;SEC;SR;OK;TASK000014011923;Priority 3;NA
SEC;BWI;SEC;SR;OK;TASK000014011931;Priority 4;NA
FUN;812;FUN;SR;OK;TASK000014011962;Priority 3;NA
APS;ETH;APS;SR;OK;TASK000014012046;Priority 3;NA
SEC;ETH;SEC;SR;OK;TASK000014012086;Priority 3;NA
SCH;812;SCH;SR;OK;TASK000014012255;Priority 3;NA
APS;ETH;APS;SR;OK;TASK000014012290;Priority 3;NA
SEC;MNT;SEC;SR;OK;TASK000014012578;Priority 3;NA
SEC;BWI;SEC;SR;OK;TASK000014012636;Priority 4;NA
SEC;DCF;SEC;SR;OK;TASK000014012679;Priority 3;NA
L1;DPY;CNC;SR;OK;TASK000014012799;Priority 3;NA
FUN;LAT;FUN;SR;OK;TASK000014012855;Priority 3;NA
SEC;ETH;SEC;SR;OK;TASK000014013086;Priority 3;NA
SEC;EES;SEC;SR;OK;TASK000014013088;Priority 3;NA
L1;BWI;L1 ;SR;OK;TASK000014013565;Priority 3;NA
FUN;812;FUN;SR;OK;TASK000014013770;Priority 3;NA
SEC;MNT;SEC;SR;OK;TASK000014013992;Priority 3;NA
SEC;812;SEC;SR;OK;TASK000014014039;Priority 3;NA
SEC;812;SEC;SR;OK;TASK000014014227;Priority 3;NA
SEC;812;SEC;SR;OK;TASK000014014300;Priority 3;NA
SCH;812;SCH;SR;OK;TASK000014014340;Priority 3;NA
SEC;812;SEC;SR;OK;TASK000014014365;Priority 3;NA
APS;ETH;APS;SR;OK;TASK000014014626;Priority 3;NA
SEC;812;SEC;SR;OK;TASK000014014680;Priority 3;NA
CNC;812;CNC;SR;OK;TASK000014014684;Priority 3;NA
SEC;812;SEC;SR;OK;TASK000014014704;Priority 3;NA
APS;ETH;APS;SR;OK;TASK000014014711;Priority 3;NA
APS;ETH;APS;SR;OK;TASK000014014754;Priority 3;NA
SEC;BWI;SEC;SR;OK;TASK000014014819;Priority 4;NA
FUN;EMS;FUN;SR;OK;TASK000014014837;Priority 3;NA
SEC;EMS;SEC;SR;OK;TASK000014014902;Priority 3;NA
SCH;812;SCH;SR;OK;TASK000014014991;Priority 3;NA
SEC;812;SEC;SR;OK;TASK000014015084;Priority 3;NA
SEC;812;SEC;SR;OK;TASK000014015324;Priority 3;NA
FUN;LAT;FUN;SR;OK;TASK000014015517;Priority 3;NA
CNC;812;CNC;SR;OK;TASK000014015531;Priority 3;NA
SEC;SYN;SEC;SR;OK;TASK000014015716;Priority 3;NA
SEC;812;SEC;SR;OK;TASK000014015760;Priority 3;NA
SEC;SYN;SEC;SR;OK;TASK000014015763;Priority 3;NA
SEC;812;SEC;SR;OK;TASK000014015811;Priority 3;NA
SEC;812;SEC;SR;OK;TASK000014015827;Priority 3;NA
CNC;ETH;CNC;SR;OK;TASK000014015834;Priority 3;NA
SEC;812;SEC;SR;OK;TASK000014015865;Priority 3;NA
L1;812;MON;SR;OK;TASK000014015866;Priority 3;NA
SEC;812;SEC;SR;OK;TASK000014015877;Priority 3;NA
CNC;812;CNC;SR;OK;TASK000014015883;Priority 3;NA
CNC;812;CNC;SR;OK;TASK000014015896;Priority 3;NA
SEC;812;SEC;SR;OK;TASK000014016341;Priority 3;NA
SEC;812;SEC;SR;OK;TASK000014016357;Priority 3;NA
SEC;SYN;SEC;SR;OK;TASK000014016490;Priority 3;NA
SEC;MNT;SEC;SR;OK;TASK000014016523;Priority 3;NA
SEC;MNT;SEC;SR;OK;TASK000014016524;Priority 3;NA
SEC;MNT;SEC;SR;OK;TASK000014016525;Priority 3;NA
SEC;SYN;SEC;SR;OK;TASK000014016574;Priority 3;NA
FUN;ETH;FUN;SR;OK;TASK000014016614;Priority 3;NA
SEC;MNT;SEC;SR;OK;TASK000014016831;Priority 3;NA
APS;ETH;APS;SR;OK;TASK000014016900;Priority 3;NA
APS;EES;APS;SR;OK;TASK000014016917;Priority 3;NA
DBA;812;DBA;SR;OK;TASK000014016934;Priority 3;NA
SEC;812;SEC;SR;OK;TASK000014017143;Priority 3;NA
L1;BWI;L1 ;SR;OK;TASK000014017335;Priority 4;NA
SEC;812;SEC;SR;OK;TASK000014018141;Priority 3;NA
SEC;812;SEC;SR;OK;TASK000014018501;Priority 3;NA
SEC;MNT;SEC;SR;OK;TASK000014018535;Priority 3;NA
SEC;DXE;SEC;SR;OK;TASK000014018599;Priority 3;NA
SEC;812;SEC;SR;OK;TASK000014018602;Priority 3;NA
CNC;812;CNC;SR;OK;TASK000014018631;Priority 3;NA
SEC;812;SEC;SR;OK;TASK000014018731;Priority 3;NA
SEC;MNT;SEC;SR;OK;TASK000014018770;Priority 3;NA
APS;ETH;APS;SR;OK;TASK000014018783;Priority 3;NA
SEC;WS;SEC;SR;OK;TASK000014018821;Priority 3;NA
SCH;812;SCH;SR;OK;TASK000014018841;Priority 3;NA
L1;812;MON;SR;OK;TASK000014018872;Priority 4;NA
SEC;EMS;SEC;SR;OK;TASK000014018898;Priority 3;NA
DBA;812;DBA;SR;OK;TASK000014019040;Priority 3;NA
SCH;LAT;SCH;SR;OK;TASK000014019059;Priority 3;NA
DBA;812;DBA;SR;OK;TASK000014019094;Priority 3;NA
SEC;EMS;SEC;SR;OK;TASK000014019237;Priority 3;NA
SEC;ETH;SEC;SR;OK;TASK000014019295;Priority 3;NA
DBA;812;DBA;SR;OK;TASK000014019303;Priority 3;NA
SEC;EMS;SEC;SR;OK;TASK000014019356;Priority 3;NA
SEC;812;SEC;SR;OK;TASK000014019382;Priority 3;NA
FIN;MNT;FUN;SR;OK;TASK000014019456;Priority 4;NA
CNC;812;CNC;SR;OK;TASK000014019668;Priority 3;NA
SEC;812;SEC;SR;OK;TASK000014019750;Priority 3;NA
DBA;812;DBA;SR;OK;TASK000014019814;Priority 3;NA
FUN;ETH;FUN;SR;OK;TASK000014019936;Priority 3;NA
APS;ETH;APS;SR;OK;TASK000014019944;Priority 3;NA
APS;ETH;APS;SR;OK;TASK000014020147;Priority 3;NA
L1;812;MON;SR;OK;TASK000014020156;Priority 3;NA
SEC;ETH;SEC;SR;OK;TASK000014020201;Priority 3;NA
SEC;812;SEC;SR;OK;TASK000014020207;Priority 3;NA
SEC;812;SEC;SR;OK;TASK000014020210;Priority 3;NA
SEC;DXE;SEC;SR;OK;TASK000014020240;Priority 3;NA
SEC;812;SEC;SR;OK;TASK000014020270;Priority 3;NA
APS;ETH;APS;SR;OK;TASK000014020351;Priority 3;NA
CNC;812;CNC;SR;OK;TASK000014020481;Priority 3;NA
APS;ETH;APS;SR;OK;TASK000014020492;Priority 3;NA
DBA;812;DBA;SR;OK;TASK000014020507;Priority 3;NA
APS;ETH;APS;SR;OK;TASK000014020509;Priority 3;NA
APS;ETH;APS;SR;OK;TASK000014020522;Priority 3;NA
APS;ETH;APS;SR;OK;TASK000014020553;Priority 3;NA
CNC;LAT;CNC;SR;OK;TASK000014020569;Priority 3;NA
APS;ETH;APS;SR;OK;TASK000014020650;Priority 3;NA
SEC;DXE;SEC;SR;OK;TASK000014020713;Priority 3;NA
SEC;ETH;SEC;SR;OK;TASK000014021011;Priority 3;NA
CNC;EES;CNC;SR;OK;TASK000014021066;Priority 3;NA
L1;BWI;L1 ;SR;OK;TASK000014021962;Priority 3;NA
L1;BWI;L1 ;SR;OK;TASK000014021966;Priority 4;NA
L1;BWI;L1 ;SR;OK;TASK000014021976;Priority 3;NA
L1;812;MON;SR;OK;TASK000014022519;Priority 4;NA
DBA;812;DBA;SR;OK;TASK000014023075;Priority 3;NA
TEC;DCF;TEC;SR;OK;TASK000014023093;Priority 3;NA
SCH;812;SCH;SR;OK;TASK000014023244;Priority 3;NA
SEC;DXE;SEC;SR;OK;TASK000014023313;Priority 3;NA
L1;812;MON;SR;OK;TASK000014023318;Priority 3;NA
CNC;EES;CNC;SR;OK;TASK000014023334;Priority 3;NA
L1;812;MON;SR;OK;TASK000014023389;Priority 4;NA
SEC;BWI;SEC;SR;OK;TASK000014023450;Priority 4;NA
SCH;812;SCH;SR;OK;TASK000014023492;Priority 3;NA
SEC;812;SEC;SR;OK;TASK000014023530;Priority 3;NA
DBA;812;DBA;SR;OK;TASK000014023563;Priority 3;NA
APS;ETH;APS;SR;OK;TASK000014023789;Priority 3;NA
APS;EES;APS;SR;OK;TASK000014023802;Priority 3;NA
APS;ETH;APS;SR;OK;TASK000014023879;Priority 3;NA
SEC;LAT;SEC;SR;OK;TASK000014023941;Priority 3;NA
APS;ETH;APS;SR;OK;TASK000014024382;Priority 3;NA
SEC;ETH;SEC;SR;OK;TASK000014024530;Priority 3;NA
CNC;812;CNC;SR;OK;TASK000014024744;Priority 3;NA
CNC;ETH;CNC;SR;OK;TASK000014024952;Priority 3;NA
SEC;SYN;SEC;SR;OK;TASK000014025273;Priority 3;NA
CNC;LAT;CNC;SR;OK;TASK000014025494;Priority 3;NA
L1;812;MON;SR;OK;TASK000014026282;Priority 4;NA
SEC;MNT;SEC;SR;OK;TASK000014026609;Priority 3;NA
SEC;812;SEC;SR;OK;TASK000014027169;Priority 3;NA
SEC;812;SEC;SR;OK;TASK000014027295;Priority 3;NA
SEC;812;SEC;SR;OK;TASK000014027307;Priority 3;NA
APS;ETH;APS;SR;OK;TASK000014027366;Priority 3;NA
SEC;812;SEC;SR;OK;TASK000014027440;Priority 3;NA
APS;ETH;APS;SR;OK;TASK000014027460;Priority 3;NA
DBA;812;DBA;SR;OK;TASK000014027630;Priority 3;NA
SEC;SYN;SEC;SR;OK;TASK000014027702;Priority 3;NA
CNC;LAT;CNC;SR;OK;TASK000014027821;Priority 3;NA
SEC;812;SEC;SR;OK;TASK000014027842;Priority 3;NA
APS;ETH;APS;SR;OK;TASK000014027892;Priority 3;NA
SEC;DCF;SEC;SR;OK;TASK000014027894;Priority 3;NA
SEC;SYN;SEC;SR;OK;TASK000014028028;Priority 3;NA
APS;ETH;APS;SR;OK;TASK000014028042;Priority 3;NA
SEC;DPY;SEC;SR;OK;TASK000014028060;Priority 3;NA
APS;ETH;APS;SR;OK;TASK000014028072;Priority 3;NA
SEC;DPY;SEC;SR;OK;TASK000014028112;Priority 4;NA
FUN;LAT;FUN;SR;OK;TASK000014028203;Priority 3;NA
APS;ETH;APS;SR;OK;TASK000014028374;Priority 3;NA
CNC;LAT;CNC;SR;OK;TASK000014028770;Priority 3;NA
SEC;SYN;SEC;SR;OK;TASK000014028918;Priority 3;NA
SEC;SYN;SEC;SR;OK;TASK000014028961;Priority 3;NA
APS;ETH;APS;SR;OK;TASK000014029553;Priority 3;NA
APS;ETH;APS;SR;OK;TASK000014029569;Priority 3;NA
APS;ETH;APS;SR;OK;TASK000014031803;Priority 4;NA
FUN;812;FUN;SR;OK;TASK000014032861;Priority 4;NA
FUN;812;FUN;SR;OK;TASK000014033076;Priority 4;NA
SEC;DPY;SEC;SR;OK;TASK000014033531;Priority 4;NA
SEC;BWI;SEC;SR;OK;TASK000014033671;Priority 4;NA
FUN;ETH;FUN;SR;OK;TASK000014033821;Priority 4;NA
SEC;BWI;SEC;SR;OK;TASK000014034937;Priority 4;NA
FIN;DCF;FUN;SR;OK;TASK000014036182;Priority 4;NA
FIN;812;FUN;SR;OK;TASK000014036475;Priority 4;NA
APS;EES;APS;SR;OK;TASK000014036496;Priority 4;NA
FUN;EMS;FUN;SR;OK;TASK000014036684;Priority 4;NA
SEC;BWI;SEC;SR;OK;TASK000014036821;Priority 4;NA
SEC;BWI;SEC;SR;OK;TASK000014036836;Priority 4;NA
SEC;BWI;SEC;SR;OK;TASK000014036851;Priority 4;NA
SEC;BWI;SEC;SR;OK;TASK000014037557;Priority 4;NA
FUN;WS;FUN;SR;OK;TASK000014037823;Priority 4;NA
SEC;BWI;SEC;SR;OK;TASK000014038501;Priority 4;NA
SEC;BWI;SEC;SR;OK;TASK000014038755;Priority 4;NA
SEC;BWI;SEC;SR;OK;TASK000014039178;Priority 4;NA
APS;ETH;APS;SR;OK;TASK000014039239;Priority 4;NA
APS;ETH;APS;SR;OK;TASK000014039413;Priority 4;NA
L1;812;MON;SR;OK;TASK000014040026;Priority 4;NA
FIN;DCF;FUN;SR;OK;TASK000014041602;Priority 4;NA
FIN;812;FUN;SR;OK;TASK000014042908;Priority 4;NA
FIN;812;FUN;SR;OK;TASK000014045634;Priority 4;NA
APS;ETH;APS;SR;OK;TASK000014048460;Priority 4;NA
APS;ETH;APS;SR;OK;TASK000014049233;Priority 4;NA
OPS;EMS;OPS;SR;OK;TASK000014050565;Priority 3;NA
SEC;812;SEC;SR;OK;TASK000014050688;Priority 3;NA
DBA;812;DBA;SR;OK;TASK000014050743;Priority 3;NA
DBA;812;DBA;SR;OK;TASK000014050760;Priority 3;NA
CNC;812;CNC;SR;OK;TASK000014050791;Priority 3;NA
L1;812;MON;SR;OK;TASK000014050802;Priority 3;NA
L1;812;MON;SR;OK;TASK000014050828;Priority 3;NA
SEC;MNT;SEC;SR;OK;TASK000014050838;Priority 3;NA
L1;812;MON;SR;OK;TASK000014050857;Priority 3;NA
CNC;DCF;CNC;SR;OK;TASK000014050858;Priority 3;NA
CNC;MNT;CNC;SR;OK;TASK000014050866;Priority 3;NA
SEC;812;SEC;SR;OK;TASK000014050933;Priority 3;NA
CNC;812;CNC;SR;OK;TASK000014050956;Priority 3;NA
L1;812;MON;SR;OK;TASK000014050966;Priority 4;NA
L1;812;MON;SR;OK;TASK000014051016;Priority 4;NA
DBA;812;DBA;SR;OK;TASK000014051064;Priority 3;NA
FUN;EES;FUN;SR;Defect;TASK000014051081;Priority 4;NA
SEC;DCF;SEC;SR;OK;TASK000014051160;Priority 3;NA
APS;ETH;APS;SR;OK;TASK000014051215;Priority 4;NA
APS;ETH;APS;SR;OK;TASK000014051217;Priority 4;NA
CNC;812;CNC;SR;OK;TASK000014051218;Priority 3;NA
SEC;DXE;SEC;SR;OK;TASK000014051262;Priority 3;NA
SEC;EES;FUN;SR;Defect;TASK000014051276;Priority 3;NA
SEC;BWI;SEC;SR;OK;TASK000014051279;Priority 4;NA
SEC;MNT;SEC;SR;OK;TASK000014051324;Priority 3;NA
SEC;EDS;SEC;SR;OK;TASK000014051334;Priority 3;NA
SCH;LAT;SCH;SR;OK;TASK000014051336;Priority 3;NA
SEC;812;SEC;SR;OK;TASK000014051338;Priority 3;NA
FUN;812;FUN;SR;OK;TASK000014051431;Priority 3;NA
SEC;MNT;SEC;SR;OK;TASK000014051456;Priority 3;NA
SEC;BWI;SEC;SR;OK;TASK000014051689;Priority 4;NA
FIN;DCF;FUN;SR;OK;TASK000014052033;Priority 4;NA
APS;ETH;APS;SR;OK;TASK000014052045;Priority 3;NA
CNC;812;CNC;SR;OK;TASK000014052103;Priority 3;NA
SEC;812;SEC;SR;OK;TASK000014052121;Priority 3;NA
CNC;812;CNC;SR;OK;TASK000014052132;Priority 3;NA
CNC;812;CNC;SR;OK;TASK000014052183;Priority 3;NA
SEC;812;SEC;SR;OK;TASK000014052224;Priority 3;NA
SEC;MNT;SEC;SR;OK;TASK000014052289;Priority 3;NA
SEC;MNT;SEC;SR;OK;TASK000014052302;Priority 3;NA
CNC;812;CNC;SR;OK;TASK000014052305;Priority 3;NA
SEC;SYN;SEC;SR;OK;TASK000014052357;Priority 3;NA
FUN;WS;FUN;SR;OK;TASK000014052559;Priority 3;NA
L1;MNT;MON;SR;OK;TASK000014052594;Priority 4;NA
CNC;812;CNC;SR;OK;TASK000014052636;Priority 3;NA
SEC;ETH;SEC;SR;OK;TASK000014052688;Priority 3;NA
SEC;ETH;SEC;SR;OK;TASK000014052699;Priority 3;NA
FIN;812;FUN;SR;Defect;TASK000014052778;Priority 4;NA
SEC;MNT;SEC;SR;OK;TASK000014052796;Priority 3;NA
SEC;812;SEC;SR;OK;TASK000014052802;Priority 3;NA
SEC;MNT;SEC;SR;OK;TASK000014052810;Priority 3;NA
SEC;MNT;SEC;SR;OK;TASK000014052826;Priority 3;NA
SEC;MNT;SEC;SR;OK;TASK000014052841;Priority 3;NA
SEC;MNT;SEC;SR;OK;TASK000014052901;Priority 3;NA
SEC;MNT;SEC;SR;OK;TASK000014052908;Priority 3;NA
SEC;MNT;SEC;SR;OK;TASK000014052916;Priority 3;NA
SEC;MNT;SEC;SR;OK;TASK000014052922;Priority 3;NA
SEC;MNT;SEC;SR;OK;TASK000014052925;Priority 3;NA
SEC;MNT;SEC;SR;OK;TASK000014052931;Priority 3;NA
SEC;MNT;SEC;SR;OK;TASK000014052938;Priority 3;NA
CNC;DPY;CNC;SR;OK;TASK000014052969;Priority 3;NA
SCH;LAT;SCH;SR;OK;TASK000014053068;Priority 3;NA
SEC;BWI;SEC;SR;OK;TASK000014053086;Priority 4;NA
SEC;812;SEC;SR;OK;TASK000014053209;Priority 3;NA
SEC;SYN;SEC;SR;OK;TASK000014053319;Priority 3;NA
SEC;BWI;SEC;SR;OK;TASK000014053331;Priority 4;NA
SEC;MNT;SEC;SR;OK;TASK000014053368;Priority 3;NA
APS;ETH;APS;SR;OK;TASK000014053447;Priority 3;NA
SEC;SYN;SEC;SR;OK;TASK000014053519;Priority 3;NA
SEC;SYN;SEC;SR;OK;TASK000014053525;Priority 3;NA
APS;ETH;APS;SR;OK;TASK000014053542;Priority 3;NA
L1;BWI;L1 ;SR;OK;TASK000014053618;Priority 4;NA
SEC;MNT;SEC;SR;OK;TASK000014053624;Priority 3;NA
SEC;MNT;SEC;SR;OK;TASK000014053646;Priority 3;NA
CNC;DPY;CNC;SR;OK;TASK000014054059;Priority 3;NA
CNC;DPY;CNC;SR;OK;TASK000014054081;Priority 3;NA
FUN;WS;FUN;SR;OK;TASK000014054248;Priority 4;NA
FUN;WS;FUN;SR;OK;TASK000014054403;Priority 4;NA
SEC;EMS;SEC;SR;OK;TASK000014054460;Priority 3;NA
SEC;812;SEC;SR;OK;TASK000014054476;Priority 3;NA
SEC;EDS;SEC;SR;OK;TASK000014054566;Priority 3;NA
SEC;812;SEC;SR;OK;TASK000014054591;Priority 3;NA
FUN;812;FUN;SR;OK;TASK000014054595;Priority 4;NA
APS;ETH;APS;SR;OK;TASK000014054632;Priority 3;NA
SEC;812;SEC;SR;OK;TASK000014054650;Priority 3;NA
FIN;812;FUN;SR;OK;TASK000014054656;Priority 4;NA
SEC;812;SEC;SR;OK;TASK000014054660;Priority 3;NA
CNC;DCF;CNC;SR;OK;TASK000014054676;Priority 3;NA
SEC;SYN;SEC;SR;OK;TASK000014054686;Priority 3;NA
SEC;EDS;SEC;SR;OK;TASK000014054694;Priority 3;NA
SEC;SYN;SEC;SR;OK;TASK000014054710;Priority 3;NA
SEC;DPY;SEC;SR;OK;TASK000014054712;Priority 4;NA
CNC;812;CNC;SR;OK;TASK000014054763;Priority 3;NA
FUN;EMS;FUN;SR;OK;TASK000014054805;Priority 3;NA
FUN;WS;FUN;SR;OK;TASK000014054841;Priority 3;NA
SEC;812;SEC;SR;OK;TASK000014054852;Priority 3;NA
SEC;812;SEC;SR;OK;TASK000014054895;Priority 3;NA
SEC;SYN;SEC;SR;OK;TASK000014054979;Priority 3;NA
L1;812;MON;SR;OK;TASK000014055021;Priority 3;NA
SEC;812;SEC;SR;OK;TASK000014055061;Priority 3;NA
APS;ETH;APS;SR;OK;TASK000014055065;Priority 3;NA
FUN;ETH;FUN;SR;OK;TASK000014055069;Priority 3;NA
FUN;ETH;FUN;SR;OK;TASK000014055070;Priority 3;NA
FUN;ETH;FUN;SR;OK;TASK000014055071;Priority 3;NA
SEC;812;SEC;SR;OK;TASK000014055084;Priority 3;NA
SEC;812;SEC;SR;OK;TASK000014055087;Priority 3;NA
SEC;SYN;SEC;SR;OK;TASK000014055092;Priority 3;NA
FUN;812;FUN;SR;OK;TASK000014055125;Priority 4;NA
SEC;SYN;SEC;SR;Defect;TASK000014055196;Priority 3;NA
SEC;SYN;SEC;SR;OK;TASK000014055265;Priority 3;NA
CNC;EES;CNC;SR;OK;TASK000014055268;Priority 3;NA
FUN;DCF;FUN;SR;OK;TASK000014055289;Priority 4;NA
CNC;812;CNC;SR;OK;TASK000014055379;Priority 3;NA
FUN;WS;FUN;SR;OK;TASK000014055392;Priority 3;NA
SEC;LAT;SEC;SR;OK;TASK000014055465;Priority 4;NA
SEC;LAT;SEC;SR;OK;TASK000014055485;Priority 4;NA
CNC;812;CNC;SR;OK;TASK000014055582;Priority 3;NA
SCH;LAT;SCH;SR;OK;TASK000014055585;Priority 3;NA
DBA;812;DBA;SR;OK;TASK000014055618;Priority 3;NA
APS;ETH;APS;SR;OK;TASK000014055645;Priority 3;NA
APS;EES;APS;SR;OK;TASK000014055674;Priority 4;NA
L1;BWI;L1 ;SR;OK;TASK000014055738;Priority 3;NA
APS;ETH;APS;SR;OK;TASK000014055743;Priority 3;NA
FUN;EES;FUN;SR;OK;TASK000014055915;Priority 3;NA
SEC;BWI;SEC;SR;OK;TASK000014056036;Priority 4;NA
SEC;EES;FUN;SR;OK;TASK000014056154;Priority 3;NA
SEC;812;SEC;SR;OK;TASK000014056860;Priority 3;NA
SEC;WS;SEC;SR;OK;TASK000014056928;Priority 3;NA
SEC;LAT;SEC;SR;OK;TASK000014056986;Priority 4;NA
SEC;ETH;SEC;SR;OK;TASK000014057017;Priority 3;NA
SEC;SYN;SEC;SR;OK;TASK000014057021;Priority 3;NA
SEC;SYN;SEC;SR;OK;TASK000014057042;Priority 3;NA
SEC;812;SEC;SR;OK;TASK000014057179;Priority 3;NA
SEC;WS;SEC;SR;OK;TASK000014057259;Priority 3;NA
CNC;ETH;CNC;SR;OK;TASK000014057267;Priority 3;NA
SEC;SYN;SEC;SR;OK;TASK000014057306;Priority 3;NA
SEC;812;SEC;SR;OK;TASK000014057494;Priority 3;NA
APS;ETH;APS;SR;OK;TASK000014057516;Priority 3;NA
CNC;812;CNC;SR;OK;TASK000014057662;Priority 3;NA
SEC;ETH;SEC;SR;OK;TASK000014057777;Priority 3;NA
SCH;LAT;SCH;SR;OK;TASK000014057805;Priority 3;NA
SEC;BWI;SEC;SR;OK;TASK000014057841;Priority 4;NA
SEC;SYN;SEC;SR;OK;TASK000014057938;Priority 3;NA
CNC;LAT;CNC;SR;OK;TASK000014057974;Priority 3;NA
SEC;BWI;SEC;SR;OK;TASK000014058069;Priority 4;NA
SEC;LAT;SEC;SR;OK;TASK000014058201;Priority 4;NA
SCH;LAT;SCH;SR;OK;TASK000014058243;Priority 3;NA
FUN;812;FUN;SR;OK;TASK000014058790;Priority 3;NA
CNC;812;CNC;SR;OK;TASK000014058946;Priority 3;NA
SEC;SYN;SEC;SR;OK;TASK000014059032;Priority 3;NA
SEC;SYN;SEC;SR;OK;TASK000014059044;Priority 3;NA
APS;ETH;APS;SR;OK;TASK000014059212;Priority 4;NA
FUN;EES;FUN;SR;OK;TASK000014059215;Priority 3;NA
SEC;812;SEC;SR;OK;TASK000014059222;Priority 3;NA
APS;ETH;APS;SR;OK;TASK000014059349;Priority 3;NA
SEC;812;SEC;SR;OK;TASK000014059355;Priority 3;NA
DBA;812;DBA;SR;OK;TASK000014059377;Priority 3;NA
CNC;DCF;CNC;SR;OK;TASK000014059394;Priority 3;NA
SEC;DCF;SEC;SR;Defect;TASK000014059533;Priority 3;NA
L1;BWI;L1 ;SR;OK;TASK000014059638;Priority 3;NA
APS;EES;APS;SR;OK;TASK000014059770;Priority 4;NA
APS;ETH;APS;SR;OK;TASK000014059774;Priority 3;NA
SEC;MNT;SEC;SR;OK;TASK000014059882;Priority 3;NA
SEC;MNT;SEC;SR;OK;TASK000014059883;Priority 3;NA
SEC;812;SEC;SR;OK;TASK000014060046;Priority 3;NA
SEC;MNT;SEC;SR;OK;TASK000014060105;Priority 3;NA
SEC;ETH;SEC;SR;OK;TASK000014060168;Priority 3;NA
SEC;ETH;SEC;SR;OK;TASK000014060170;Priority 3;NA
FIN;812;FUN;SR;OK;TASK000014060422;Priority 3;NA
FUN;812;FUN;SR;OK;TASK000014061862;Priority 4;NA
DBA;812;DBA;SR;OK;TASK000014061878;Priority 3;NA
SEC;812;SEC;SR;OK;TASK000014061901;Priority 3;NA
APS;ETH;APS;SR;OK;TASK000014061903;Priority 3;NA
APS;ETH;APS;SR;OK;TASK000014061919;Priority 3;NA
SEC;812;SEC;SR;OK;TASK000014062136;Priority 3;NA
OPS;EMS;OPS;SR;OK;TASK000014062189;Priority 3;NA
SEC;MNT;SEC;SR;OK;TASK000014062316;Priority 3;NA
SEC;MNT;SEC;SR;OK;TASK000014062317;Priority 3;NA
L1;812;MON;SR;OK;TASK000014062332;Priority 3;NA
SEC;MNT;SEC;SR;OK;TASK000014062368;Priority 3;NA
SEC;MNT;SEC;SR;OK;TASK000014062409;Priority 3;NA
SEC;812;SEC;SR;OK;TASK000014062451;Priority 3;NA
SEC;MNT;SEC;SR;OK;TASK000014062474;Priority 3;NA
SEC;812;SEC;SR;OK;TASK000014062540;Priority 3;NA
SEC;812;SEC;SR;OK;TASK000014062563;Priority 3;NA
SEC;812;SEC;SR;OK;TASK000014062569;Priority 3;NA
SEC;DCF;SEC;SR;OK;TASK000014062590;Priority 3;NA
SEC;DCF;SEC;SR;OK;TASK000014062633;Priority 3;NA
SEC;DCF;SEC;SR;OK;TASK000014062703;Priority 3;NA
SEC;CAN;SEC;SR;OK;TASK000014062718;Priority 3;NA
SEC;EMS;SEC;SR;OK;TASK000014062749;Priority 3;NA
SEC;MNT;SEC;SR;OK;TASK000014062779;Priority 3;NA
SEC;DCF;SEC;SR;OK;TASK000014062789;Priority 3;NA
DBA;812;DBA;SR;OK;TASK000014062824;Priority 3;NA
DBA;812;DBA;SR;OK;TASK000014062877;Priority 3;NA
CNC;LAT;CNC;SR;OK;TASK000014062985;Priority 3;NA
SEC;812;SEC;SR;OK;TASK000014062990;Priority 3;NA
CNC;812;CNC;SR;OK;TASK000014063154;Priority 3;NA
SEC;DXE;SEC;SR;OK;TASK000014063191;Priority 3;NA
DCF;DCF;FUN;SR;Defect;TASK000014063221;Priority 3;NA
CNC;LAT;CNC;SR;Defect;TASK000014063226;Priority 3;NA
CNC;812;CNC;SR;OK;TASK000014063227;Priority 3;NA
L1;812;MON;SR;OK;TASK000014063253;Priority 3;NA
L1;812;MON;SR;OK;TASK000014063254;Priority 3;NA
L1;LAT;CNC;SR;OK;TASK000014063331;Priority 3;NA
SCH;LAT;SCH;SR;OK;TASK000014063350;Priority 3;NA
SCH;LAT;SCH;SR;OK;TASK000014063359;Priority 3;NA
L1;812;MON;SR;OK;TASK000014063430;Priority 4;NA
CNC;DPY;CNC;SR;OK;TASK000014063751;Priority 3;NA
L1;812;MON;SR;OK;TASK000014064636;Priority 3;NA
L1;812;MON;SR;OK;TASK000014064661;Priority 3;NA
SEC;812;SEC;SR;OK;TASK000014064683;Priority 3;NA
L1;812;MON;SR;OK;TASK000014064696;Priority 3;NA
DBA;812;DBA;SR;OK;TASK000014064735;Priority 3;NA
L1;812;MON;SR;OK;TASK000014064907;Priority 3;NA
SEC;812;SEC;SR;OK;TASK000014064956;Priority 3;NA
FUN;WS;FUN;SR;OK;TASK000014065071;Priority 4;NA
FUN;EMS;FUN;SR;OK;TASK000014065127;Priority 3;NA
DBA;812;DBA;SR;OK;TASK000014065207;Priority 3;NA
DBA;812;DBA;SR;OK;TASK000014065236;Priority 3;NA
SEC;EES;SEC;SR;OK;TASK000014065303;Priority 4;NA
SCH;812;SCH;SR;OK;TASK000014065485;Priority 3;NA
L1;812;MON;SR;OK;TASK000014065535;Priority 3;NA
CNC;EES;CNC;SR;OK;TASK000014065561;Priority 3;NA
SEC;DXE;SEC;SR;OK;TASK000014065616;Priority 3;NA
CNC;DCF;CNC;SR;OK;TASK000014065675;Priority 3;NA
CNC;812;CNC;SR;OK;TASK000014065679;Priority 3;NA
SEC;SYN;SEC;SR;OK;TASK000014065723;Priority 3;NA
SEC;DXE;SEC;SR;OK;TASK000014065729;Priority 3;NA
SEC;DXE;SEC;SR;OK;TASK000014065730;Priority 4;NA
SEC;ETH;SEC;SR;OK;TASK000014065777;Priority 3;NA
CNC;LAT;CNC;SR;OK;TASK000014065841;Priority 3;NA
APS;ETH;APS;SR;OK;TASK000014065844;Priority 3;NA
SEC;WS;SEC;SR;OK;TASK000014065869;Priority 3;NA
SEC;EMS;SEC;SR;OK;TASK000014065870;Priority 3;NA
SEC;MNT;SEC;SR;OK;TASK000014065872;Priority 3;NA
SEC;DCF;SEC;SR;OK;TASK000014065900;Priority 3;NA
FIN;812;FUN;SR;OK;TASK000014065958;Priority 4;NA
SEC;MNT;SEC;SR;OK;TASK000014066216;Priority 3;NA
SEC;SYN;SEC;SR;OK;TASK000014066265;Priority 3;NA
SEC;MNT;SEC;SR;OK;TASK000014066295;Priority 3;NA
SEC;MNT;SEC;SR;OK;TASK000014066353;Priority 3;NA
L1;BWI;L1 ;SR;OK;TASK000014066408;Priority 3;NA
L1;BWI;L1 ;SR;OK;TASK000014066474;Priority 3;NA
APS;ETH;APS;SR;OK;TASK000014066513;Priority 3;NA
SEC;BWI;SEC;SR;OK;TASK000014066546;Priority 4;NA
SEC;BWI;SEC;SR;OK;TASK000014066635;Priority 4;NA
SEC;812;SEC;SR;OK;TASK000014066715;Priority 3;NA
SEC;DXE;SEC;SR;OK;TASK000014066797;Priority 3;NA
DBA;812;DBA;SR;OK;TASK000014066811;Priority 3;NA
SEC;BWI;SEC;SR;OK;TASK000014066855;Priority 4;NA
SEC;ETH;SEC;SR;OK;TASK000014066867;Priority 3;NA
SEC;812;SEC;SR;OK;TASK000014066985;Priority 3;NA
SEC;812;SEC;SR;OK;TASK000014067027;Priority 3;NA
APS;EES;APS;SR;OK;TASK000014067082;Priority 4;NA
SEC;MNT;SEC;SR;OK;TASK000014067093;Priority 3;NA
APS;ETH;APS;SR;OK;TASK000014067199;Priority 3;NA
APS;ETH;APS;SR;OK;TASK000014067343;Priority 3;NA
L1;BWI;L1 ;SR;OK;TASK000014067560;Priority 3;NA
CNC;LAT;CNC;SR;OK;TASK000014067749;Priority 3;NA
SEC;BWI;SEC;SR;OK;TASK000014067766;Priority 4;NA
FIN;DXE;FUN;SR;OK;TASK000014067768;Priority 3;NA
SEC;LAT;SEC;SR;OK;TASK000014067815;Priority 4;NA
SEC;BWI;SEC;SR;OK;TASK000014068071;Priority 4;NA
SEC;SYN;SEC;SR;OK;TASK000014068081;Priority 3;NA
SEC;SYN;SEC;SR;OK;TASK000014068132;Priority 3;NA
SEC;LAT;SEC;SR;OK;TASK000014068324;Priority 3;NA
SEC;EES;FUN;SR;OK;TASK000014068676;Priority 3;NA
SEC;DXE;SEC;SR;OK;TASK000014068703;Priority 3;NA
SEC;812;SEC;SR;OK;TASK000014068739;Priority 3;NA
L1;812;MON;SR;OK;TASK000014068785;Priority 4;NA
L1;BWI;L1 ;SR;OK;TASK000014068787;Priority 3;NA
SCH;LAT;SCH;SR;OK;TASK000014068789;Priority 3;NA
SEC;SYN;SEC;SR;OK;TASK000014068794;Priority 3;NA
SEC;812;SEC;SR;OK;TASK000014068795;Priority 3;NA
CNC;ETH;CNC;SR;OK;TASK000014068867;Priority 3;NA
L1;812;MON;SR;OK;TASK000014069812;Priority 4;NA
DBA;812;DBA;SR;OK;TASK000014070187;Priority 3;NA
L1;812;MON;SR;OK;TASK000014070289;Priority 3;NA
L1;812;MON;SR;OK;TASK000014070303;Priority 3;NA
DBA;812;DBA;SR;OK;TASK000014070405;Priority 3;NA
APS;ETH;APS;SR;OK;TASK000014070491;Priority 4;NA
FUN;WS;FUN;SR;OK;TASK000014070497;Priority 3;NA
FUN;WS;FUN;SR;OK;TASK000014070498;Priority 3;NA
L1;812;MON;SR;OK;TASK000014070541;Priority 3;NA
L1;812;MON;SR;OK;TASK000014070570;Priority 3;NA
DBA;812;DBA;SR;OK;TASK000014070774;Priority 3;NA
L1;812;MON;SR;OK;TASK000014070783;Priority 3;NA
CNC;812;CNC;SR;OK;TASK000014070832;Priority 3;NA
APS;ETH;APS;SR;OK;TASK000014070900;Priority 3;NA
DBA;812;DBA;SR;OK;TASK000014070916;Priority 3;NA
DBA;812;DBA;SR;OK;TASK000014070958;Priority 3;NA
SEC;EMS;SEC;SR;OK;TASK000014070991;Priority 3;NA
SEC;SYN;SEC;SR;OK;TASK000014070998;Priority 3;NA
SEC;812;SEC;SR;OK;TASK000014071002;Priority 3;NA
SEC;812;SEC;SR;OK;TASK000014071064;Priority 3;NA
FUN;ETH;FUN;SR;OK;TASK000014071074;Priority 3;NA
SEC;812;SEC;SR;OK;TASK000014071121;Priority 3;NA
APS;ETH;APS;SR;OK;TASK000014071144;Priority 3;NA
SEC;WS;SEC;SR;OK;TASK000014071152;Priority 3;NA
SEC;BWI;SEC;SR;OK;TASK000014071233;Priority 4;NA
APS;ETH;APS;SR;OK;TASK000014071285;Priority 3;NA
CNC;ETH;CNC;SR;OK;TASK000014071391;Priority 3;NA
DBA;812;DBA;SR;OK;TASK000014071528;Priority 3;NA
SEC;BWI;SEC;SR;OK;TASK000014071531;Priority 4;NA
SEC;EMS;SEC;SR;OK;TASK000014071561;Priority 3;NA
FUN;812;FUN;SR;OK;TASK000014071568;Priority 3;NA
SEC;DPY;SEC;SR;OK;TASK000014071665;Priority 4;NA
SEC;DPY;SEC;SR;OK;TASK000014071715;Priority 4;NA
SEC;DXE;SEC;SR;Defect;TASK000014071764;Priority 3;NA
CNC;812;CNC;SR;OK;TASK000014071782;Priority 3;NA
SEC;SYN;SEC;SR;OK;TASK000014071822;Priority 3;NA
L1;BWI;L1 ;SR;OK;TASK000014071839;Priority 3;NA
FUN;DCF;FUN;SR;OK;TASK000014071916;Priority 3;NA
FUN;DCF;FUN;SR;OK;TASK000014071917;Priority 3;NA
CNC;812;CNC;SR;OK;TASK000014071960;Priority 3;NA
FUN;DCF;FUN;SR;OK;TASK000014072026;Priority 3;NA
APS;EES;APS;SR;OK;TASK000014072108;Priority 3;NA
SEC;MNT;SEC;SR;OK;TASK000014072117;Priority 3;NA
APS;ETH;APS;SR;OK;TASK000014072124;Priority 3;NA
SEC;DXE;SEC;SR;OK;TASK000014072251;Priority 3;NA
SEC;812;SEC;SR;OK;TASK000014072267;Priority 3;NA
SEC;MNT;SEC;SR;OK;TASK000014072276;Priority 3;NA
SEC;812;SEC;SR;OK;TASK000014072355;Priority 3;NA
SEC;MNT;SEC;SR;OK;TASK000014072448;Priority 3;NA
SEC;MNT;SEC;SR;OK;TASK000014072558;Priority 3;NA
CNC;LAT;CNC;SR;OK;TASK000014072648;Priority 3;NA
DBA;812;DBA;SR;OK;TASK000014072789;Priority 3;NA
SEC;812;SEC;SR;OK;TASK000014072823;Priority 3;NA
APS;ETH;APS;SR;OK;TASK000014072912;Priority 3;NA
SEC;SYN;SEC;SR;OK;TASK000014072913;Priority 3;NA
APS;ETH;APS;SR;OK;TASK000014072983;Priority 3;NA
SEC;LAT;SEC;SR;OK;TASK000014073067;Priority 3;NA
SEC;MNT;SEC;SR;OK;TASK000014073465;Priority 3;NA
CNC;EES;CNC;SR;OK;TASK000014073478;Priority 3;NA
APS;ETH;APS;SR;OK;TASK000014073680;Priority 3;NA
SEC;SYN;SEC;SR;OK;TASK000014073699;Priority 3;NA
SEC;SYN;SEC;SR;OK;TASK000014073770;Priority 3;NA
SEC;SYN;SEC;SR;OK;TASK000014073785;Priority 3;NA
SEC;SYN;SEC;SR;OK;TASK000014073788;Priority 3;NA
SEC;812;SEC;SR;OK;TASK000014073803;Priority 3;NA
SEC;EES;FUN;SR;OK;TASK000014074103;Priority 3;NA
CNC;ETH;CNC;SR;OK;TASK000014074299;Priority 3;NA
L1;BWI;L1 ;SR;OK;TASK000014074584;Priority 3;NA
SEC;DPY;SEC;SR;OK;TASK000014074804;Priority 4;NA
L1;812;MON;SR;OK;TASK000014075067;Priority 3;NA
SEC;DXE;SEC;SR;OK;TASK000014075587;Priority 3;NA
SEC;DXE;SEC;SR;OK;TASK000014075604;Priority 3;NA
FUN;COR;FUN;SR;OK;TASK000014075661;Priority 3;NA
CNC;DCF;CNC;SR;OK;TASK000014075736;Priority 3;NA
SEC;WS;SEC;SR;OK;TASK000014075805;Priority 3;NA
SEC;812;SEC;SR;OK;TASK000014075808;Priority 3;NA
DBA;812;DBA;SR;OK;TASK000014075818;Priority 3;NA
DBA;812;DBA;SR;OK;TASK000014075990;Priority 3;NA
SEC;DXE;SEC;SR;OK;TASK000014076056;Priority 3;NA
SEC;812;SEC;SR;OK;TASK000014076070;Priority 3;NA
APS;ETH;APS;SR;OK;TASK000014076092;Priority 3;NA
APS;ETH;APS;SR;OK;TASK000014076129;Priority 3;NA
L1;812;MON;SR;OK;TASK000014076141;Priority 3;NA
DBA;812;DBA;SR;OK;TASK000014076144;Priority 3;NA
DBA;812;DBA;SR;OK;TASK000014076231;Priority 3;NA
SEC;DXE;SEC;SR;OK;TASK000014076233;Priority 3;NA
SCH;812;SCH;SR;OK;TASK000014076243;Priority 3;NA
SEC;WS;SEC;SR;OK;TASK000014076314;Priority 3;NA
L1;BWI;L1 ;SR;OK;TASK000014076329;Priority 3;NA
SEC;SYN;SEC;SR;OK;TASK000014076337;Priority 3;NA
CNC;BWI;CNC;SR;OK;TASK000014076341;Priority 3;NA
CNC;DCF;CNC;SR;OK;TASK000014076342;Priority 3;NA
CNC;EES;CNC;SR;OK;TASK000014076343;Priority 3;NA
SEC;812;SEC;SR;OK;TASK000014076364;Priority 3;NA
SEC;SYN;SEC;SR;OK;TASK000014076374;Priority 3;NA
SEC;EDS;SEC;SR;OK;TASK000014076459;Priority 3;NA
DBA;812;DBA;SR;OK;TASK000014076622;Priority 3;NA
APS;ETH;APS;SR;OK;TASK000014076647;Priority 3;NA
SEC;812;SEC;SR;OK;TASK000014076655;Priority 3;NA
CNC;BWI;CNC;SR;OK;TASK000014076768;Priority 3;NA
SEC;812;SEC;SR;OK;TASK000014077037;Priority 3;NA
SEC;812;SEC;SR;OK;TASK000014077045;Priority 3;NA
SEC;812;SEC;SR;OK;TASK000014077076;Priority 3;NA
FUN;812;FUN;SR;OK;TASK000014077122;Priority 4;NA
L1;BWI;L1 ;SR;OK;TASK000014077150;Priority 3;NA
FUN;812;FUN;SR;OK;TASK000014077155;Priority 3;NA
DBA;812;DBA;SR;OK;TASK000014077166;Priority 3;NA
FUN;812;FUN;SR;OK;TASK000014077237;Priority 4;NA
FUN;812;FUN;SR;OK;TASK000014077280;Priority 3;NA
SEC;812;SEC;SR;OK;TASK000014077285;Priority 3;NA
SEC;SYN;SEC;SR;OK;TASK000014077348;Priority 3;NA
DBA;812;DBA;SR;OK;TASK000014077453;Priority 3;NA
SEC;812;SEC;SR;OK;TASK000014077597;Priority 3;NA
APS;ETH;APS;SR;OK;TASK000014077615;Priority 3;NA
SEC;SYN;SEC;SR;OK;TASK000014077696;Priority 3;NA
SEC;812;SEC;SR;OK;TASK000014077772;Priority 3;NA
CNC;812;CNC;SR;OK;TASK000014078267;Priority 3;NA
SEC;SYN;SEC;SR;OK;TASK000014078353;Priority 3;NA
SEC;DXE;SEC;SR;OK;TASK000014078400;Priority 3;NA
FUN;WS;FUN;SR;OK;TASK000014078403;Priority 4;NA
SEC;SYN;SEC;SR;OK;TASK000014078514;Priority 3;NA
APS;EES;APS;SR;OK;TASK000014078534;Priority 3;NA
APS;ETH;APS;SR;OK;TASK000014078652;Priority 3;NA
SEC;DXE;SEC;SR;OK;TASK000014078684;Priority 3;NA
SEC;SYN;SEC;SR;OK;TASK000014078697;Priority 3;NA
SEC;ETH;SEC;SR;OK;TASK000014078715;Priority 3;NA
CNC;EES;CNC;SR;OK;TASK000014078764;Priority 3;NA
APS;ETH;APS;SR;OK;TASK000014078792;Priority 4;NA
SEC;SYN;SEC;SR;Defect;TASK000014078894;Priority 3;NA
SEC;BWI;SEC;SR;OK;TASK000014079063;Priority 4;NA
SEC;MNT;SEC;SR;OK;TASK000014079110;Priority 3;NA
APS;ETH;APS;SR;OK;TASK000014079251;Priority 3;NA
APS;ETH;APS;SR;OK;TASK000014079284;Priority 3;NA
SEC;MNT;SEC;SR;OK;TASK000014079517;Priority 3;NA
SEC;MNT;SEC;SR;OK;TASK000014079567;Priority 3;NA
SEC;MNT;SEC;SR;OK;TASK000014079574;Priority 3;NA
SEC;MNT;SEC;SR;OK;TASK000014079582;Priority 3;NA
SEC;MNT;SEC;SR;OK;TASK000014079586;Priority 3;NA
L1;BWI;L1 ;SR;OK;TASK000014079593;Priority 3;NA
SEC;ETH;SEC;SR;OK;TASK000014079764;Priority 3;NA
SEC;BWI;SEC;SR;OK;TASK000014079842;Priority 4;NA
SEC;DCF;SEC;SR;OK;TASK000014079844;Priority 3;NA
SEC;DCF;SEC;SR;Defect;TASK000014079858;Priority 3;NA
L1;BWI;L1 ;SR;OK;TASK000014079861;Priority 3;NA
DBA;812;DBA;SR;OK;TASK000014080165;Priority 3;NA
SEC;EMS;SEC;SR;OK;TASK000014080366;Priority 3;NA
FUN;812;FUN;SR;OK;TASK000014080546;Priority 3;NA
SEC;812;SEC;SR;OK;TASK000014080687;Priority 3;NA
SEC;812;SEC;SR;OK;TASK000014080698;Priority 3;NA
APS;ETH;APS;SR;OK;TASK000014080743;Priority 3;NA
SEC;DXE;SEC;SR;OK;TASK000014080802;Priority 3;NA
CNC;812;CNC;SR;OK;TASK000014080882;Priority 3;NA
DBA;812;DBA;SR;OK;TASK000014080955;Priority 3;NA
CNC;812;CNC;SR;OK;TASK000014081039;Priority 3;NA
DBA;812;DBA;SR;OK;TASK000014081179;Priority 3;NA
L1;812;MON;SR;OK;TASK000014081197;Priority 4;NA
SEC;DXE;SEC;SR;OK;TASK000014081368;Priority 3;NA
CNC;LAT;CNC;SR;OK;TASK000014081472;Priority 3;NA
SEC;SYN;SEC;SR;OK;TASK000014081483;Priority 3;NA
CNC;DCF;CNC;SR;OK;TASK000014081551;Priority 3;NA
CNC;812;CNC;SR;OK;TASK000014081828;Priority 3;NA
OPS;EMS;OPS;SR;Defect;TASK000014081865;Priority 3;NA
APS;ETH;APS;SR;OK;TASK000014081977;Priority 3;NA
SEC;SYN;SEC;SR;OK;TASK000014082012;Priority 3;NA
DBA;812;DBA;SR;OK;TASK000014082080;Priority 3;NA
DBA;812;DBA;SR;OK;TASK000014082081;Priority 3;NA
APS;ETH;APS;SR;OK;TASK000014082128;Priority 4;NA
APS;ETH;APS;SR;OK;TASK000014082153;Priority 3;NA
SEC;812;SEC;SR;OK;TASK000014082173;Priority 3;NA
SEC;812;SEC;SR;OK;TASK000014082209;Priority 3;NA
SEC;812;SEC;SR;OK;TASK000014082447;Priority 3;NA
SEC;BWI;SEC;SR;OK;TASK000014082468;Priority 4;NA
CNC;812;CNC;SR;OK;TASK000014082546;Priority 3;NA
SEC;SYN;SEC;SR;OK;TASK000014082921;Priority 3;NA
SEC;812;SEC;SR;OK;TASK000014082958;Priority 3;NA
CNC;812;CNC;SR;OK;TASK000014083056;Priority 3;NA
SCH;812;SCH;SR;OK;TASK000014083091;Priority 3;NA
CNC;LAT;CNC;SR;OK;TASK000014083093;Priority 3;NA
CNC;BWI;CNC;SR;OK;TASK000014083164;Priority 3;NA
L1;BWI;L1 ;SR;OK;TASK000014083201;Priority 4;NA
FUN;ETH;FUN;SR;OK;TASK000014083322;Priority 3;NA
FUN;ETH;FUN;SR;OK;TASK000014083329;Priority 3;NA
TEC;DCF;FUN;SR;OK;TASK000014083360;Priority 3;NA
SEC;SYN;SEC;SR;OK;TASK000014083553;Priority 3;NA
SEC;BWI;SEC;SR;OK;TASK000014083575;Priority 4;NA
SEC;MNT;SEC;SR;OK;TASK000014083664;Priority 3;NA
SEC;ETH;SEC;SR;OK;TASK000014083719;Priority 3;NA
SEC;ETH;SEC;SR;OK;TASK000014083730;Priority 3;NA
CNC;BWI;CNC;SR;OK;TASK000014083854;Priority 3;NA
APS;ETH;APS;SR;OK;TASK000014083894;Priority 3;NA
L1;BWI;L1 ;SR;OK;TASK000014084020;Priority 3;NA
SEC;BWI;SEC;SR;OK;TASK000014084025;Priority 4;NA
L1;BWI;L1 ;SR;OK;TASK000014084059;Priority 3;NA
SEC;MNT;SEC;SR;OK;TASK000014084132;Priority 3;NA
L1;BWI;L1 ;SR;OK;TASK000014084283;Priority 3;NA
SEC;EMS;SEC;SR;OK;TASK000014084296;Priority 3;NA
L1;BWI;L1 ;SR;OK;TASK000014084459;Priority 3;NA
FIN;MNT;FUN;SR;OK;TASK000014085547;Priority 3;NA
L1;MNT;MON;SR;OK;TASK000014085661;Priority 4;NA
FUN;DCF;FUN;SR;OK;TASK000014085687;Priority 3;NA
SEC;812;SEC;SR;OK;TASK000014086108;Priority 3;NA
APS;ETH;APS;SR;OK;TASK000014086250;Priority 3;NA
FUN;WS;FUN;SR;OK;TASK000014086275;Priority 3;NA
APS;ETH;APS;SR;OK;TASK000014086323;Priority 3;NA
FUN;812;FUN;SR;OK;TASK000014086356;Priority 3;NA
DBA;812;DBA;SR;OK;TASK000014086427;Priority 3;NA
L1;812;MON;SR;OK;TASK000014086432;Priority 3;NA
CNC;DCF;CNC;SR;OK;TASK000014086447;Priority 3;NA
DBA;812;DBA;SR;OK;TASK000014086452;Priority 3;NA
SEC;DCF;SEC;SR;Defect;TASK000014086453;Priority 3;NA
DBA;812;DBA;SR;OK;TASK000014086456;Priority 3;NA
SEC;MNT;SEC;SR;OK;TASK000014086457;Priority 3;NA
SEC;812;SEC;SR;OK;TASK000014086495;Priority 3;NA
CNC;812;CNC;SR;OK;TASK000014086562;Priority 3;NA
SEC;812;SEC;SR;OK;TASK000014086620;Priority 3;NA
APS;ETH;APS;SR;OK;TASK000014086655;Priority 3;NA
FUN;ETH;FUN;SR;OK;TASK000014086773;Priority 3;NA
DBA;812;DBA;SR;OK;TASK000014086922;Priority 3;NA
APS;EES;APS;SR;OK;TASK000014087001;Priority 4;NA
SEC;SYN;SEC;SR;OK;TASK000014087062;Priority 3;NA
SEC;SYN;SEC;SR;OK;TASK000014087081;Priority 3;NA
CNC;812;CNC;SR;OK;TASK000014087109;Priority 3;NA
CNC;DCF;CNC;SR;OK;TASK000014087192;Priority 3;NA
SEC;ETH;SEC;SR;OK;TASK000014087238;Priority 3;NA
SEC;ETH;SEC;SR;OK;TASK000014087239;Priority 3;NA
SEC;BWI;SEC;SR;OK;TASK000014087288;Priority 4;NA
DBA;812;DBA;SR;OK;TASK000014087373;Priority 3;NA
FIN;812;FUN;SR;OK;TASK000014087487;Priority 4;NA
SEC;SYN;SEC;SR;OK;TASK000014087506;Priority 3;NA
SEC;DCF;SEC;SR;OK;TASK000014087601;Priority 3;NA
SEC;CAN;SEC;SR;OK;TASK000014087655;Priority 3;NA
SEC;SYN;SEC;SR;OK;TASK000014087701;Priority 3;NA
FUN;812;FUN;SR;OK;TASK000014087708;Priority 3;NA
DBA;812;DBA;SR;OK;TASK000014087753;Priority 3;NA
SEC;DXE;SEC;SR;OK;TASK000014087806;Priority 3;NA
SEC;SYN;SEC;SR;OK;TASK000014087832;Priority 3;NA
SEC;BWI;SEC;SR;OK;TASK000014087860;Priority 4;NA
DBA;812;DBA;SR;OK;TASK000014087881;Priority 3;NA
SEC;DCF;SEC;SR;OK;TASK000014087967;Priority 3;NA
CNC;812;CNC;SR;OK;TASK000014088065;Priority 3;NA
SEC;BWI;SEC;SR;OK;TASK000014088089;Priority 4;NA
SEC;DCF;SEC;SR;OK;TASK000014088138;Priority 3;NA
CNC;812;CNC;SR;OK;TASK000014088190;Priority 3;NA
SEC;812;SEC;SR;OK;TASK000014088193;Priority 3;NA
SEC;BWI;SEC;SR;OK;TASK000014088251;Priority 4;NA
CNC;812;CNC;SR;OK;TASK000014088297;Priority 3;NA
SEC;DCF;SEC;SR;OK;TASK000014088362;Priority 3;NA
SEC;DCF;SEC;SR;OK;TASK000014088483;Priority 3;NA
SEC;DCF;SEC;SR;OK;TASK000014088536;Priority 3;NA
SEC;DCF;SEC;SR;OK;TASK000014088546;Priority 3;NA
SEC;812;SEC;SR;OK;TASK000014088574;Priority 3;NA
SEC;DCF;SEC;SR;OK;TASK000014088581;Priority 3;NA
DBA;812;DBA;SR;OK;TASK000014088697;Priority 3;NA
FUN;ETH;FUN;SR;OK;TASK000014088703;Priority 3;NA
SEC;812;SEC;SR;OK;TASK000014088829;Priority 3;NA
SCH;812;SCH;SR;OK;TASK000014088896;Priority 3;NA
APS;ETH;APS;SR;OK;TASK000014088938;Priority 3;NA
CNC;MNT;CNC;SR;OK;TASK000014089012;Priority 3;NA
SEC;BWI;SEC;SR;OK;TASK000014089062;Priority 4;NA
SEC;SYN;SEC;SR;OK;TASK000014089172;Priority 3;NA
SEC;DPY;SEC;SR;OK;TASK000014089224;Priority 4;NA
SEC;SYN;SEC;SR;OK;TASK000014089301;Priority 3;NA
APS;ETH;APS;SR;OK;TASK000014089331;Priority 3;NA
APS;ETH;APS;SR;OK;TASK000014089390;Priority 3;NA
SEC;DXE;SEC;SR;OK;TASK000014089454;Priority 3;NA
APS;ETH;APS;SR;OK;TASK000014089535;Priority 3;NA
APS;ETH;APS;SR;OK;TASK000014089625;Priority 3;NA
SEC;ETH;SEC;SR;OK;TASK000014089639;Priority 3;NA
L1;BWI;L1 ;SR;OK;TASK000014089643;Priority 3;NA
SEC;SYN;SEC;SR;OK;TASK000014089800;Priority 3;NA
SEC;DXE;SEC;SR;OK;TASK000014089815;Priority 3;NA
SEC;MNT;SEC;SR;OK;TASK000014089846;Priority 3;NA
SEC;BWI;SEC;SR;OK;TASK000014089862;Priority 4;NA
SEC;ETH;SEC;SR;OK;TASK000014089987;Priority 3;NA
APS;ETH;APS;SR;OK;TASK000014090024;Priority 4;NA
CNC;812;CNC;SR;OK;TASK000014090054;Priority 3;NA
L1;BWI;CNC;SR;OK;TASK000014090062;Priority 3;NA
DBA;812;DBA;SR;OK;TASK000014090120;Priority 3;NA
DBA;812;DBA;SR;OK;TASK000014090121;Priority 3;NA
L1;BWI;L1 ;SR;OK;TASK000014090178;Priority 3;NA
L1;BWI;L1 ;SR;OK;TASK000014090187;Priority 3;NA
L1;BWI;L1 ;SR;OK;TASK000014090257;Priority 4;NA
L1;BWI;L1 ;SR;OK;TASK000014090357;Priority 4;NA
L1;BWI;L1 ;SR;OK;TASK000014090390;Priority 4;NA
L1;BWI;L1 ;SR;OK;TASK000014090407;Priority 4;NA
L1;BWI;L1 ;SR;OK;TASK000014090444;Priority 4;NA
L1;BWI;L1 ;SR;OK;TASK000014090568;Priority 4;NA
SEC;DXE;SEC;SR;OK;TASK000014090650;Priority 3;NA
APS;EES;APS;SR;OK;TASK000014090667;Priority 4;NA
L1;812;MON;SR;OK;TASK000014090872;Priority 3;NA
L1;BWI;L1 ;SR;OK;TASK000014090902;Priority 3;NA
CNC;DCF;CNC;SR;OK;TASK000014091055;Priority 3;NA
SEC;812;SEC;SR;OK;TASK000014091219;Priority 3;NA
SEC;EMS;SEC;SR;OK;TASK000014091306;Priority 3;NA
L1;BWI;L1 ;SR;OK;TASK000014091326;Priority 3;NA
L1;812;MON;SR;OK;TASK000014091341;Priority 3;NA
L1;BWI;L1 ;SR;OK;TASK000014091359;Priority 3;NA
APS;ETH;APS;SR;OK;TASK000014091407;Priority 3;NA
L1;812;MON;SR;OK;TASK000014091450;Priority 3;NA
DBA;812;DBA;SR;OK;TASK000014091551;Priority 3;NA
FUN;DXE;FUN;SR;OK;TASK000014091567;Priority 3;NA
APS;ETH;APS;SR;OK;TASK000014091653;Priority 3;NA
SEC;812;SEC;SR;OK;TASK000014091684;Priority 3;NA
FUN;DCF;FUN;SR;OK;TASK000014091719;Priority 3;NA
APS;ETH;APS;SR;OK;TASK000014091832;Priority 3;NA
SEC;812;SEC;SR;OK;TASK000014091976;Priority 3;NA
DBA;812;DBA;SR;OK;TASK000014091985;Priority 3;NA
SEC;812;SEC;SR;OK;TASK000014091993;Priority 3;NA
FIN;812;FUN;SR;OK;TASK000014092007;Priority 3;NA
L1;MNT;MON;SR;OK;TASK000014092048;Priority 3;NA
SEC;DXE;SEC;SR;OK;TASK000014092051;Priority 3;NA
SCH;812;SCH;SR;OK;TASK000014092090;Priority 3;NA
SCH;812;SCH;SR;OK;TASK000014092091;Priority 3;NA
SCH;812;SCH;SR;OK;TASK000014092117;Priority 3;NA
SCH;812;SCH;SR;OK;TASK000014092126;Priority 3;NA
SEC;812;SEC;SR;OK;TASK000014092156;Priority 3;NA
SCH;LAT;SCH;SR;OK;TASK000014092198;Priority 3;NA
L1;812;MON;SR;OK;TASK000014092227;Priority 3;NA
CNC;EES;CNC;SR;OK;TASK000014092229;Priority 3;NA
L1;812;MON;SR;OK;TASK000014092240;Priority 3;NA
DBA;812;DBA;SR;OK;TASK000014092243;Priority 3;NA
DBA;812;DBA;SR;OK;TASK000014092246;Priority 3;NA
L1;812;MON;SR;OK;TASK000014092254;Priority 3;NA
SEC;DXE;SEC;SR;OK;TASK000014092286;Priority 3;NA
SEC;SYN;SEC;SR;OK;TASK000014092351;Priority 3;NA
FUN;812;FUN;SR;OK;TASK000014092369;Priority 3;NA
SEC;SYN;SEC;SR;OK;TASK000014092398;Priority 3;NA
SEC;812;SEC;SR;OK;TASK000014092412;Priority 3;NA
SEC;812;SEC;SR;OK;TASK000014092413;Priority 3;NA
DBA;812;DBA;SR;OK;TASK000014092529;Priority 3;NA
SEC;SYN;SEC;SR;OK;TASK000014092556;Priority 3;NA
SEC;SYN;SEC;SR;OK;TASK000014092622;Priority 3;NA
SEC;ETH;SEC;SR;OK;TASK000014092691;Priority 3;NA
CNC;DCF;CNC;SR;OK;TASK000014092719;Priority 3;NA
CNC;812;CNC;SR;OK;TASK000014092723;Priority 3;NA
SEC;SYN;SEC;SR;OK;TASK000014092735;Priority 3;NA
SEC;SYN;SEC;SR;OK;TASK000014092802;Priority 3;NA
SEC;SYN;SEC;SR;OK;TASK000014092853;Priority 3;NA
SEC;812;SEC;SR;OK;TASK000014092869;Priority 3;NA
SEC;812;SEC;SR;OK;TASK000014092870;Priority 3;NA
SEC;812;SEC;SR;OK;TASK000014092872;Priority 3;NA
L1;812;MON;SR;OK;TASK000014092896;Priority 3;NA
SEC;812;SEC;SR;OK;TASK000014092904;Priority 3;NA
FUN;812;FUN;SR;OK;TASK000014092909;Priority 3;NA
SEC;SYN;SEC;SR;OK;TASK000014092946;Priority 3;NA
DBA;812;DBA;SR;OK;TASK000014093027;Priority 3;NA
SEC;812;SEC;SR;OK;TASK000014093080;Priority 3;NA
SEC;812;SEC;SR;OK;TASK000014093084;Priority 3;NA
SEC;ETH;SEC;SR;OK;TASK000014093256;Priority 3;NA
CNC;812;CNC;SR;OK;TASK000014093349;Priority 3;NA
CNC;812;CNC;SR;OK;TASK000014093350;Priority 3;NA
SEC;DPY;SEC;SR;OK;TASK000014093355;Priority 3;NA
CNC;812;CNC;SR;OK;TASK000014093417;Priority 3;NA
SEC;BWI;SEC;SR;OK;TASK000014093423;Priority 4;NA
SEC;BWI;SEC;SR;OK;TASK000014093447;Priority 4;NA
SCH;LAT;SCH;SR;OK;TASK000014093515;Priority 3;NA
SEC;DPY;SEC;SR;OK;TASK000014093534;Priority 4;NA
L1;BWI;SEC;SR;OK;TASK000014093577;Priority 3;NA
FUN;812;FUN;SR;OK;TASK000014093611;Priority 3;NA
L1;BWI;L1 ;SR;OK;TASK000014093648;Priority 3;NA
SEC;DXE;SEC;SR;OK;TASK000014093682;Priority 3;NA
SEC;SYN;SEC;SR;OK;TASK000014093703;Priority 3;NA
SEC;MNT;SEC;SR;OK;TASK000014093726;Priority 3;NA
SEC;DCF;SEC;SR;OK;TASK000014093777;Priority 3;NA
L1;BWI;L1 ;SR;OK;TASK000014093870;Priority 3;NA
CNC;ETH;CNC;SR;OK;TASK000014093881;Priority 3;NA
SEC;ETH;SEC;SR;OK;TASK000014094166;Priority 3;NA
SEC;ETH;SEC;SR;OK;TASK000014094170;Priority 3;NA
SEC;ETH;SEC;SR;OK;TASK000014094203;Priority 3;NA
SEC;MNT;SEC;SR;OK;TASK000014094229;Priority 3;NA
CNC;812;CNC;SR;OK;TASK000014094244;Priority 3;NA
SEC;MNT;SEC;SR;OK;TASK000014094268;Priority 3;NA
SEC;DXE;SEC;SR;OK;TASK000014094279;Priority 3;NA
L1;BWI;L1 ;SR;OK;TASK000014094308;Priority 3;NA
L1;BWI;L1 ;SR;OK;TASK000014094395;Priority 3;NA
SEC;DXE;SEC;SR;OK;TASK000014094412;Priority 3;NA
SEC;ETH;SEC;SR;OK;TASK000014094567;Priority 3;NA
CNC;ETH;CNC;SR;OK;TASK000014094731;Priority 3;NA
SEC;DCF;SEC;SR;OK;TASK000014094732;Priority 3;NA
SEC;SYN;SEC;SR;OK;TASK000014094882;Priority 3;NA
SEC;BWI;SEC;SR;OK;TASK000014094888;Priority 4;NA
DCF;DCF;FUN;SR;OK;TASK000014095001;Priority 3;NA
SEC;SYN;SEC;SR;OK;TASK000014095056;Priority 3;NA
SEC;SYN;SEC;SR;OK;TASK000014095148;Priority 3;NA
SEC;MNT;SEC;SR;OK;TASK000014095436;Priority 3;NA
SEC;ETH;SEC;SR;OK;TASK000014095467;Priority 4;NA
L1;BWI;L1 ;SR;OK;TASK000014095519;Priority 4;NA
SEC;ETH;SEC;SR;OK;TASK000014095521;Priority 4;NA
L1;BWI;L1 ;SR;OK;TASK000014095534;Priority 4;NA
CNC;ETH;CNC;SR;OK;TASK000014095630;Priority 3;NA
FUN;812;FUN;SR;OK;TASK000014096012;Priority 3;NA
L1;BWI;L1 ;SR;OK;TASK000014096183;Priority 4;NA
SEC;812;SEC;SR;OK;TASK000014096419;Priority 3;NA
L1;812;MON;SR;OK;TASK000014096473;Priority 4;NA
L1;812;MON;SR;OK;TASK000014096652;Priority 4;NA
L1;812;MON;SR;OK;TASK000014096666;Priority 4;NA
SEC;DXE;SEC;SR;OK;TASK000014096783;Priority 3;NA
CNC;812;CNC;SR;OK;TASK000014096797;Priority 3;NA
APS;ETH;APS;SR;OK;TASK000014096838;Priority 3;NA
SEC;812;SEC;SR;OK;TASK000014096856;Priority 3;NA
DBA;812;DBA;SR;OK;TASK000014096924;Priority 3;NA
FUN;812;FUN;SR;OK;TASK000014096996;Priority 3;NA
SCH;LAT;SCH;SR;OK;TASK000014097061;Priority 3;NA
SEC;EDS;SEC;SR;OK;TASK000014097084;Priority 3;NA
SEC;812;SEC;SR;OK;TASK000014097292;Priority 3;NA
CNC;812;CNC;SR;OK;TASK000014097384;Priority 3;NA
CNC;EES;CNC;SR;OK;TASK000014097681;Priority 3;NA
APS;ETH;APS;SR;OK;TASK000014097696;Priority 3;NA
SEC;812;SEC;SR;OK;TASK000014097698;Priority 3;NA
SEC;SYN;SEC;SR;OK;TASK000014097699;Priority 3;NA
CNC;BWI;CNC;SR;OK;TASK000014097749;Priority 3;NA
CNC;DCF;CNC;SR;OK;TASK000014097753;Priority 3;NA
SEC;812;SEC;SR;OK;TASK000014097777;Priority 3;NA
SEC;ETH;SEC;SR;OK;TASK000014097786;Priority 3;NA
APS;ETH;APS;SR;OK;TASK000014097805;Priority 4;NA
SEC;812;SEC;SR;OK;TASK000014097810;Priority 3;NA
SEC;812;SEC;SR;OK;TASK000014097832;Priority 3;NA
SEC;812;SEC;SR;OK;TASK000014097847;Priority 3;NA
SEC;DCF;SEC;SR;OK;TASK000014097874;Priority 3;NA
SEC;DCF;SEC;SR;OK;TASK000014097885;Priority 3;NA
SEC;SYN;SEC;SR;OK;TASK000014097888;Priority 3;NA
SEC;812;SEC;SR;OK;TASK000014097949;Priority 3;NA
SEC;SYN;SEC;SR;OK;TASK000014098102;Priority 3;NA
SEC;812;SEC;SR;OK;TASK000014098106;Priority 3;NA
CNC;812;CNC;SR;OK;TASK000014098141;Priority 3;NA
SEC;BWI;SEC;SR;OK;TASK000014098244;Priority 4;NA
SEC;LAT;SEC;SR;OK;TASK000014098258;Priority 3;NA
SEC;812;SEC;SR;OK;TASK000014098266;Priority 3;NA
SEC;EDS;SEC;SR;OK;TASK000014098299;Priority 3;NA
SEC;DXE;SEC;SR;OK;TASK000014098307;Priority 3;NA
CNC;812;CNC;SR;OK;TASK000014098354;Priority 3;NA
SCH;LAT;SCH;SR;OK;TASK000014098371;Priority 3;NA
L1;812;MON;SR;OK;TASK000014098397;Priority 3;NA
CNC;812;CNC;SR;OK;TASK000014098441;Priority 3;NA
SEC;812;SEC;SR;OK;TASK000014098483;Priority 3;NA
OPS;EMS;OPS;SR;OK;TASK000014098487;Priority 3;NA
SEC;812;SEC;SR;OK;TASK000014098503;Priority 3;NA
SCH;LAT;SCH;SR;OK;TASK000014098525;Priority 3;NA
CNC;ETH;CNC;SR;OK;TASK000014098533;Priority 3;NA
APS;ETH;APS;SR;OK;TASK000014098636;Priority 3;NA
CNC;DPY;CNC;SR;OK;TASK000014098709;Priority 3;NA
FUN;ETH;FUN;SR;OK;TASK000014098714;Priority 3;NA
SEC;ETH;SEC;SR;OK;TASK000014098721;Priority 3;NA
SEC;EES;FUN;SR;OK;TASK000014098992;Priority 3;NA
APS;ETH;APS;SR;OK;TASK000014098996;Priority 3;NA
SEC;ETH;SEC;SR;OK;TASK000014099014;Priority 3;NA
SEC;LAT;SEC;SR;OK;TASK000014099023;Priority 4;NA
L1;BWI;L1 ;SR;OK;TASK000014099033;Priority 3;NA
L1;BWI;L1 ;SR;OK;TASK000014099060;Priority 3;NA
SEC;BWI;SEC;SR;OK;TASK000014099091;Priority 4;NA
APS;ETH;APS;SR;OK;TASK000014099133;Priority 3;NA
SEC;MNT;SEC;SR;OK;TASK000014099179;Priority 3;NA
SEC;BWI;SEC;SR;OK;TASK000014099199;Priority 4;NA
SEC;BWI;SEC;SR;OK;TASK000014099239;Priority 4;NA
L1;BWI;L1 ;SR;OK;TASK000014099264;Priority 3;NA
SEC;DXE;SEC;SR;OK;TASK000014099276;Priority 3;NA
SEC;SYN;SEC;SR;OK;TASK000014099310;Priority 3;NA
SEC;BWI;SEC;SR;OK;TASK000014099328;Priority 4;NA
DBA;812;DBA;SR;OK;TASK000014099476;Priority 3;NA
SEC;SYN;SEC;SR;OK;TASK000014099478;Priority 3;NA
APS;ETH;APS;SR;OK;TASK000014099616;Priority 3;NA
APS;ETH;APS;SR;OK;TASK000014099650;Priority 3;NA
APS;ETH;APS;SR;OK;TASK000014099880;Priority 3;NA
SEC;ETH;SEC;SR;OK;TASK000014099891;Priority 3;NA
SEC;ETH;SEC;SR;OK;TASK000014099970;Priority 4;NA
SEC;ETH;SEC;SR;OK;TASK000014099992;Priority 3;NA
SEC;DCF;SEC;SR;OK;TASK000014100042;Priority 3;NA
APS;ETH;APS;SR;OK;TASK000014100108;Priority 3;NA
APS;ETH;APS;SR;OK;TASK000014100130;Priority 3;NA
SEC;ETH;SEC;SR;OK;TASK000014100158;Priority 3;NA
SEC;BWI;SEC;SR;OK;TASK000014100249;Priority 4;NA
SEC;SYN;SEC;SR;OK;TASK000014100257;Priority 3;NA
FUN;LAT;FUN;SR;OK;TASK000014100507;Priority 3;NA
L1;BWI;L1 ;SR;OK;TASK000014100647;Priority 4;NA
L1;812;MON;SR;OK;TASK000014101006;Priority 3;NA
SEC;812;SEC;SR;OK;TASK000014101555;Priority 3;NA
APS;ETH;APS;SR;OK;TASK000014101609;Priority 4;NA
SEC;MNT;SEC;SR;OK;TASK000014101648;Priority 3;NA
SEC;EMS;SEC;SR;OK;TASK000014101738;Priority 3;NA
CNC;812;CNC;SR;OK;TASK000014101999;Priority 3;NA
SEC;812;SEC;SR;OK;TASK000014102028;Priority 3;NA
SEC;DXE;SEC;SR;OK;TASK000014102071;Priority 3;NA
TEC;DCF;FUN;SR;OK;TASK000014102116;Priority 3;NA
FUN;812;FUN;SR;OK;TASK000014102322;Priority 3;NA
SEC;LAT;SEC;SR;OK;TASK000014102422;Priority 3;NA
SEC;SYN;SEC;SR;OK;TASK000014102592;Priority 3;NA
APS;ETH;APS;SR;OK;TASK000014102631;Priority 3;NA
SEC;SYN;SEC;SR;OK;TASK000014102653;Priority 3;NA
SEC;SYN;SEC;SR;OK;TASK000014102668;Priority 3;NA
FUN;812;FUN;SR;OK;TASK000014102699;Priority 3;NA
FUN;812;FUN;SR;OK;TASK000014102701;Priority 3;NA
SEC;DCF;SEC;SR;OK;TASK000014102720;Priority 3;NA
SEC;DXE;SEC;SR;OK;TASK000014102738;Priority 3;NA
SEC;EES;FUN;SR;OK;TASK000014102749;Priority 3;NA
SEC;812;SEC;SR;OK;TASK000014102771;Priority 3;NA
CNC;812;CNC;SR;OK;TASK000014102827;Priority 3;NA
APS;ETH;APS;SR;OK;TASK000014102889;Priority 3;NA
SCH;812;SCH;SR;OK;TASK000014103074;Priority 3;NA
SEC;SYN;SEC;SR;OK;TASK000014103130;Priority 3;NA
SEC;812;SEC;SR;OK;TASK000014103137;Priority 3;NA
DBA;812;DBA;SR;OK;TASK000014103189;Priority 3;NA
FUN;812;FUN;SR;OK;TASK000014103229;Priority 3;NA
FUN;812;FUN;SR;OK;TASK000014103253;Priority 3;NA
SEC;SYN;SEC;SR;OK;TASK000014103315;Priority 3;NA
SEC;SYN;SEC;SR;OK;TASK000014103367;Priority 3;NA
APS;ETH;APS;SR;OK;TASK000014103463;Priority 3;NA
SEC;DPY;SEC;SR;OK;TASK000014103576;Priority 4;NA
SEC;MNT;SEC;SR;OK;TASK000014103644;Priority 3;NA
DBA;812;DBA;SR;OK;TASK000014103704;Priority 3;NA
SEC;DPY;SEC;SR;OK;TASK000014103758;Priority 4;NA
SEC;812;SEC;SR;OK;TASK000014103764;Priority 3;NA
APS;ETH;APS;SR;OK;TASK000014103769;Priority 3;NA
SEC;812;SEC;SR;OK;TASK000014103772;Priority 3;NA
APS;ETH;APS;SR;OK;TASK000014103775;Priority 3;NA
SEC;812;SEC;SR;OK;TASK000014103788;Priority 3;NA
SEC;EDS;SEC;SR;OK;TASK000014103789;Priority 3;NA
SEC;812;SEC;SR;OK;TASK000014103800;Priority 3;NA
SEC;ETH;SEC;SR;OK;TASK000014103818;Priority 3;NA
SEC;EDS;SEC;SR;OK;TASK000014103824;Priority 3;NA
SEC;812;SEC;SR;OK;TASK000014103825;Priority 3;NA
APS;ETH;APS;SR;OK;TASK000014103829;Priority 3;NA
FUN;812;FUN;SR;OK;TASK000014103832;Priority 3;NA
DBA;812;DBA;SR;OK;TASK000014103873;Priority 3;NA
SEC;812;SEC;SR;OK;TASK000014103876;Priority 3;NA
SEC;SYN;SEC;SR;OK;TASK000014104108;Priority 3;NA
SEC;ETH;SEC;SR;OK;TASK000014104287;Priority 3;NA
SEC;DXE;SEC;SR;OK;TASK000014104385;Priority 3;NA
CNC;LAT;CNC;SR;OK;TASK000014104507;Priority 3;NA
APS;ETH;APS;SR;OK;TASK000014104570;Priority 3;NA
SEC;LAT;SEC;SR;OK;TASK000014104607;Priority 4;NA
SEC;BWI;SEC;SR;OK;TASK000014104633;Priority 4;NA
SEC;SYN;SEC;SR;OK;TASK000014104634;Priority 3;NA
SEC;DPY;SEC;SR;OK;TASK000014104773;Priority 4;NA
SEC;ETH;SEC;SR;OK;TASK000014104876;Priority 3;NA
SEC;BWI;SEC;SR;OK;TASK000014104889;Priority 3;NA
SEC;DCF;SEC;SR;OK;TASK000014104892;Priority 3;NA
CNC;BWI;CNC;SR;OK;TASK000014104982;Priority 3;NA
APS;ETH;APS;SR;OK;TASK000014104992;Priority 3;NA
CNC;BWI;CNC;SR;OK;TASK000014105031;Priority 3;NA
SEC;MNT;SEC;SR;OK;TASK000014105658;Priority 3;NA
CNC;LAT;CNC;SR;OK;TASK000014105747;Priority 3;NA
SEC;ETH;SEC;SR;OK;TASK000014105772;Priority 3;NA
L1;BWI;L1 ;SR;OK;TASK000014105967;Priority 4;NA
L1;BWI;L1 ;SR;OK;TASK000014106104;Priority 4;NA
SEC;812;SEC;SR;OK;TASK000014106526;Priority 3;NA
DBA;812;DBA;SR;OK;TASK000014106583;Priority 3;NA
SEC;812;SEC;SR;OK;TASK000014106643;Priority 3;NA
SEC;812;SEC;SR;OK;TASK000014106703;Priority 3;NA
SEC;812;SEC;SR;OK;TASK000014107040;Priority 3;NA
SEC;812;SEC;SR;OK;TASK000014107065;Priority 3;NA
SEC;EMS;SEC;SR;OK;TASK000014107322;Priority 3;NA
SEC;812;SEC;SR;OK;TASK000014107461;Priority 3;NA
SEC;DXE;SEC;SR;OK;TASK000014107534;Priority 3;NA
SEC;812;SEC;SR;OK;TASK000014107652;Priority 3;NA
SEC;812;SEC;SR;OK;TASK000014107655;Priority 3;NA
SEC;812;SEC;SR;OK;TASK000014107663;Priority 3;NA
SEC;SYN;SEC;SR;OK;TASK000014107676;Priority 3;NA
SEC;LAT;SEC;SR;OK;TASK000014107713;Priority 4;NA
SCH;LAT;SCH;SR;OK;TASK000014107755;Priority 3;NA
SEC;812;SEC;SR;OK;TASK000014107758;Priority 3;NA
SEC;DPY;SEC;SR;OK;TASK000014107858;Priority 4;NA
SEC;812;SEC;SR;OK;TASK000014107888;Priority 3;NA
SEC;812;SEC;SR;OK;TASK000014107964;Priority 3;NA
SEC;812;SEC;SR;OK;TASK000014108156;Priority 3;NA
CNC;812;CNC;SR;OK;TASK000014108176;Priority 3;NA
SEC;DXE;SEC;SR;OK;TASK000014108339;Priority 3;NA
SEC;812;SEC;SR;OK;TASK000014108350;Priority 3;NA
SEC;DXE;SEC;SR;OK;TASK000014108365;Priority 3;NA
SEC;812;SEC;SR;OK;TASK000014108437;Priority 3;NA
APS;ETH;APS;SR;OK;TASK000014108481;Priority 3;NA
SEC;SYN;SEC;SR;OK;TASK000014108533;Priority 3;NA
SEC;SYN;SEC;SR;OK;TASK000014108571;Priority 3;NA
SCH;812;SCH;SR;OK;TASK000014108626;Priority 3;NA
APS;ETH;APS;SR;OK;TASK000014108647;Priority 3;NA
APS;ETH;APS;SR;OK;TASK000014108702;Priority 3;NA
SEC;SYN;SEC;SR;OK;TASK000014108847;Priority 3;NA
SEC;SYN;SEC;SR;OK;TASK000014108922;Priority 3;NA
FUN;LAT;FUN;SR;OK;TASK000014109018;Priority 3;NA
APS;ETH;APS;SR;OK;TASK000014109051;Priority 3;NA
SEC;812;SEC;SR;OK;TASK000014109140;Priority 3;NA
SEC;812;SEC;SR;OK;TASK000014109238;Priority 3;NA
SEC;ETH;SEC;SR;OK;TASK000014109324;Priority 3;NA
CNC;DPY;CNC;SR;OK;TASK000014109401;Priority 3;NA
SEC;LAT;SEC;SR;OK;TASK000014109578;Priority 3;NA
SEC;BWI;SEC;SR;OK;TASK000014109731;Priority 4;NA
SEC;MNT;SEC;SR;OK;TASK000014110004;Priority 3;NA
APS;ETH;APS;SR;OK;TASK000014110042;Priority 3;NA
SEC;BWI;SEC;SR;OK;TASK000014110094;Priority 4;NA
APS;ETH;APS;SR;OK;TASK000014110154;Priority 3;NA
APS;DCF;APS;SR;OK;TASK000014110283;Priority 3;NA
SEC;MNT;SEC;SR;OK;TASK000014110289;Priority 3;NA
SEC;MNT;SEC;SR;OK;TASK000014110295;Priority 3;NA
APS;EES;APS;SR;OK;TASK000014110343;Priority 4;NA
CNC;ETH;CNC;SR;OK;TASK000014110617;Priority 3;NA
SEC;BWI;SEC;SR;OK;TASK000014110965;Priority 4;NA
CNC;DPY;CNC;SR;OK;TASK000014111112;Priority 3;NA
CNC;LAT;CNC;SR;OK;TASK000014112210;Priority 3;NA
APS;ETH;APS;SR;OK;TASK000014112260;Priority 3;NA
SEC;812;SEC;SR;OK;TASK000014112391;Priority 3;NA
SEC;812;SEC;SR;OK;TASK000014112488;Priority 3;NA
APS;ETH;APS;SR;OK;TASK000014112616;Priority 3;NA
APS;ETH;APS;SR;OK;TASK000014112662;Priority 3;NA
SEC;EMS;SEC;SR;OK;TASK000014112726;Priority 3;NA
SEC;WS;SEC;SR;OK;TASK000014112750;Priority 3;NA
SEC;812;SEC;SR;OK;TASK000014112816;Priority 3;NA
SEC;812;SEC;SR;OK;TASK000014112818;Priority 3;NA
L1;812;MON;SR;OK;TASK000014112882;Priority 4;NA
SEC;812;SEC;SR;OK;TASK000014112911;Priority 3;NA
SCH;812;SCH;SR;OK;TASK000014113291;Priority 3;NA
SEC;812;SEC;SR;OK;TASK000014113416;Priority 3;NA
CNC;DCF;CNC;SR;OK;TASK000014113420;Priority 3;NA
SEC;812;SEC;SR;OK;TASK000014113430;Priority 3;NA
CNC;ETH;CNC;SR;OK;TASK000014113512;Priority 3;NA
SEC;812;SEC;SR;OK;TASK000014113537;Priority 3;NA
FUN;COR;FUN;SR;OK;TASK000014113735;Priority 3;NA
SEC;LAT;SEC;SR;OK;TASK000014113746;Priority 3;NA
SEC;DCF;SEC;SR;OK;TASK000014113764;Priority 3;NA
SEC;DCF;SEC;SR;OK;TASK000014113788;Priority 3;NA
CNC;BWI;CNC;SR;OK;TASK000014113911;Priority 3;NA
CNC;DCF;CNC;SR;OK;TASK000014113913;Priority 3;NA
SEC;BWI;SEC;SR;OK;TASK000014114017;Priority 4;NA
SEC;812;SEC;SR;OK;TASK000014114020;Priority 3;NA
APS;ETH;APS;SR;OK;TASK000014114026;Priority 3;NA
SEC;DXE;SEC;SR;OK;TASK000014114154;Priority 3;NA
SEC;812;SEC;SR;OK;TASK000014114345;Priority 3;NA
SEC;BWI;SEC;SR;OK;TASK000014114409;Priority 4;NA
L1;BWI;L1 ;SR;OK;TASK000014114573;Priority 3;NA
SEC;DCF;SEC;SR;OK;TASK000014114578;Priority 3;NA
L1;BWI;L1 ;SR;OK;TASK000014114661;Priority 3;NA
APS;EES;APS;SR;OK;TASK000014114787;Priority 4;NA
APS;ETH;APS;SR;OK;TASK000014114795;Priority 3;NA
SEC;812;SEC;SR;OK;TASK000014114982;Priority 3;NA
SEC;SYN;SEC;SR;OK;TASK000014115393;Priority 3;NA
APS;EES;APS;SR;OK;TASK000014115417;Priority 3;NA
SEC;SYN;SEC;SR;OK;TASK000014115433;Priority 3;NA
SEC;WS;SEC;SR;OK;TASK000014115489;Priority 3;NA
SEC;812;SEC;SR;OK;TASK000014115625;Priority 3;NA
SCH;LAT;SCH;SR;OK;TASK000014115627;Priority 3;NA
DBA;812;DBA;SR;OK;TASK000014115633;Priority 3;NA
L1;BWI;L1 ;SR;OK;TASK000014115635;Priority 3;NA
SEC;812;SEC;SR;OK;TASK000014115772;Priority 3;NA
SEC;SYN;SEC;SR;OK;TASK000014115780;Priority 3;NA
SEC;SYN;SEC;SR;OK;TASK000014116299;Priority 3;NA
SEC;DXE;SEC;SR;OK;TASK000014116452;Priority 3;NA
L1;BWI;CNC;SR;OK;TASK000014116540;Priority 3;NA
L1;ETH;CNC;SR;OK;TASK000014116930;Priority 3;NA
L1;BWI;L1 ;SR;OK;TASK000014117252;Priority 4;NA
DBA;812;DBA;SR;OK;TASK000014117794;Priority 3;NA
CNC;DCF;CNC;SR;OK;TASK000014117860;Priority 3;NA
FUN;DCF;FUN;SR;OK;TASK000014117944;Priority 3;NA
SEC;812;SEC;SR;OK;TASK000014117992;Priority 3;NA
SEC;812;SEC;SR;OK;TASK000014118030;Priority 3;NA
DBA;812;DBA;SR;OK;TASK000014118044;Priority 3;NA
SEC;812;SEC;SR;OK;TASK000014118178;Priority 3;NA
SEC;812;SEC;SR;OK;TASK000014118242;Priority 3;NA
SEC;812;SEC;SR;OK;TASK000014118289;Priority 3;NA
SEC;812;SEC;SR;OK;TASK000014118333;Priority 3;NA
SEC;812;SEC;SR;OK;TASK000014118337;Priority 3;NA
DBA;812;DBA;SR;OK;TASK000014118524;Priority 3;NA
SEC;812;SEC;SR;OK;TASK000014118769;Priority 3;NA
SEC;EDS;SEC;SR;OK;TASK000014118821;Priority 3;NA
SEC;SYN;SEC;SR;OK;TASK000014118913;Priority 3;NA
FUN;LAT;FUN;SR;OK;TASK000014119186;Priority 3;NA
SEC;SYN;SEC;SR;OK;TASK000014119212;Priority 3;NA
DBA;812;DBA;SR;OK;TASK000014119231;Priority 3;NA
FUN;LAT;FUN;SR;OK;TASK000014119395;Priority 3;NA
L1;812;MON;SR;OK;TASK000014119405;Priority 3;NA
SEC;812;SEC;SR;OK;TASK000014119485;Priority 3;NA
APS;ETH;APS;SR;OK;TASK000014119647;Priority 3;NA
FUN;812;FUN;SR;OK;TASK000014120045;Priority 3;NA
DBA;812;DBA;SR;OK;TASK000014120124;Priority 3;NA
SEC;SYN;SEC;SR;OK;TASK000014120157;Priority 3;NA
L1;BWI;L1 ;SR;OK;TASK000014120202;Priority 3;NA
SEC;WS;SEC;SR;OK;TASK000014120206;Priority 3;NA
SEC;EMS;SEC;SR;OK;TASK000014120225;Priority 3;NA
APS;ETH;APS;SR;OK;TASK000014120329;Priority 3;NA
CNC;LAT;CNC;SR;OK;TASK000014120466;Priority 3;NA
L1;BWI;L1 ;SR;OK;TASK000014120829;Priority 3;NA
CNC;EES;CNC;SR;OK;TASK000014120981;Priority 3;NA
L1;CRD;MON;SR;OK;TASK000014121704;Priority 3;NA
L1;BWI;L1 ;SR;OK;TASK000014122219;Priority 3;NA
FUN;DXE;FUN;SR;OK;TASK000014123219;Priority 4;NA
L1;812;MON;SR;OK;TASK000014123685;Priority 4;NA
L1;812;MON;SR;OK;TASK000014123810;Priority 4;NA
SEC;BWI;SEC;SR;OK;TASK000014124047;Priority 4;NA
FUN;812;FUN;SR;OK;TASK000014124218;Priority 4;NA
FIN;812;FUN;SR;OK;TASK000014124539;Priority 4;NA
SEC;BWI;SEC;SR;OK;TASK000014124611;Priority 4;NA
SEC;BWI;SEC;SR;OK;TASK000014124664;Priority 4;NA
SEC;BWI;SEC;SR;OK;TASK000014124680;Priority 4;NA
OPS;EMS;OPS;SR;OK;TASK000014124699;Priority 4;NA
SEC;DPY;SEC;SR;OK;TASK000014125296;Priority 4;NA
FIN;DCF;FUN;SR;OK;TASK000014125887;Priority 4;NA
FUN;ETH;FUN;SR;OK;TASK000014126090;Priority 4;NA
L1;BWI;L1 ;SR;OK;TASK000014126750;Priority 4;NA
SEC;BWI;SEC;SR;OK;TASK000014127345;Priority 4;NA
FIN;812;FUN;SR;OK;TASK000014128097;Priority 4;NA
L1;812;MON;SR;OK;TASK000014128183;Priority 4;NA
L1;812;MON;SR;OK;TASK000014128197;Priority 4;NA
OPS;WS;OPS;SR;OK;TASK000014129367;Priority 4;NA
APS;ETH;APS;SR;OK;TASK000014129396;Priority 4;NA
APS;EES;APS;SR;OK;TASK000014129437;Priority 4;NA
FUN;812;FUN;SR;OK;TASK000014129956;Priority 4;NA
SEC;BWI;SEC;SR;OK;TASK000014130269;Priority 4;NA
SEC;BWI;SEC;SR;OK;TASK000014131017;Priority 4;NA
APS;EES;APS;SR;OK;TASK000014131152;Priority 4;NA
APS;EES;APS;SR;OK;TASK000014131217;Priority 4;NA
SEC;BWI;SEC;SR;OK;TASK000014131264;Priority 4;NA
L1;BWI;L1 ;SR;OK;TASK000014131426;Priority 4;NA
TEC;DCF;FUN;SR;OK;TASK000014132510;Priority 4;NA
SEC;BWI;SEC;SR;OK;TASK000014133433;Priority 4;NA
SEC;BWI;SEC;SR;OK;TASK000014133487;Priority 4;NA
SEC;BWI;SEC;SR;OK;TASK000014133898;Priority 4;NA
SEC;BWI;SEC;SR;OK;TASK000014135374;Priority 4;NA
SEC;BWI;SEC;SR;OK;TASK000014135375;Priority 4;NA
SEC;BWI;SEC;SR;OK;TASK000014135377;Priority 4;NA
SEC;BWI;SEC;SR;OK;TASK000014135378;Priority 4;NA
SEC;BWI;SEC;SR;OK;TASK000014135380;Priority 4;NA
APS;ETH;APS;SR;OK;TASK000014135489;Priority 4;NA
APS;ETH;APS;SR;OK;TASK000014135561;Priority 4;NA
FUN;812;FUN;SR;OK;TASK000014135670;Priority 4;NA
SEC;BWI;SEC;SR;OK;TASK000014136806;Priority 4;NA
FIN;812;INS;SR;Defect;TASK000014138410;Priority 4;NA
APS;EES;APS;SR;Defect;TASK000014138955;Priority 4;NA
SEC;DPY;SEC;SR;OK;TASK000014139053;Priority 4;NA
SEC;DPY;SEC;SR;OK;TASK000014139101;Priority 4;NA
SEC;BWI;SEC;SR;OK;TASK000014140418;Priority 4;NA
SEC;BWI;SEC;SR;OK;TASK000014140746;Priority 4;NA
APS;ETH;APS;SR;OK;TASK000014141010;Priority 4;NA
SEC;BWI;SEC;SR;OK;TASK000014143145;Priority 4;NA
SEC;BWI;SEC;SR;OK;TASK000014143321;Priority 4;NA
TEC;ETH;FUN;SR;OK;TASK000014143496;Priority 4;NA
SEC;BWI;SEC;SR;OK;TASK000014144533;Priority 4;NA
SEC;BWI;SEC;SR;OK;TASK000014144540;Priority 4;NA
SEC;BWI;SEC;SR;OK;TASK000014144546;Priority 4;NA
SEC;BWI;SEC;SR;OK;TASK000014144565;Priority 4;NA
SEC;BWI;SEC;SR;OK;TASK000014144575;Priority 4;NA
SEC;BWI;SEC;SR;OK;TASK000014144633;Priority 4;NA
SEC;BWI;SEC;SR;OK;TASK000014144648;Priority 4;NA
SEC;BWI;SEC;SR;OK;TASK000014144669;Priority 4;NA
L1;BWI;L1 ;SR;OK;TASK000014144818;Priority 4;NA
SEC;BWI;SEC;SR;OK;TASK000014144833;Priority 4;NA
SEC;BWI;SEC;SR;OK;TASK000014144837;Priority 4;NA
SEC;BWI;SEC;SR;OK;TASK000014144859;Priority 4;NA
SEC;BWI;SEC;SR;OK;TASK000014144908;Priority 4;NA
SEC;BWI;SEC;SR;OK;TASK000014144966;Priority 4;NA
SEC;BWI;SEC;SR;OK;TASK000014145292;Priority 4;NA
SEC;BWI;SEC;SR;OK;TASK000014145380;Priority 4;NA
SEC;BWI;SEC;SR;OK;TASK000014145431;Priority 4;NA
SEC;BWI;SEC;SR;OK;TASK000014145434;Priority 4;NA
SEC;BWI;SEC;SR;OK;TASK000014145449;Priority 4;NA
SEC;BWI;SEC;SR;OK;TASK000014145451;Priority 4;NA
SEC;BWI;SEC;SR;OK;TASK000014145462;Priority 4;NA
SEC;BWI;SEC;SR;OK;TASK000014145486;Priority 4;NA
FUN;EES;FUN;SR;OK;TASK000014145698;Priority 4;NA
SEC;BWI;SEC;SR;OK;TASK000014145881;Priority 4;NA
L1;BWI;L1 ;SR;OK;TASK000014146012;Priority 4;NA
DBA;812;DBA;SR;OK;TASK000014146405;Priority 3;NA
CNC;812;CNC;SR;OK;TASK000014146633;Priority 3;NA
SEC;812;SEC;SR;OK;TASK000014146670;Priority 3;NA
SEC;812;SEC;SR;OK;TASK000014146732;Priority 3;NA
SEC;812;SEC;SR;OK;TASK000014146841;Priority 3;NA
SEC;812;SEC;SR;OK;TASK000014146899;Priority 3;NA
DBA;812;DBA;SR;OK;TASK000014146914;Priority 3;NA
SEC;DCF;SEC;SR;OK;TASK000014146979;Priority 3;NA
SEC;DCF;SEC;SR;OK;TASK000014146982;Priority 3;NA
SEC;812;SEC;SR;OK;TASK000014147152;Priority 3;NA
CNC;812;CNC;SR;OK;TASK000014147221;Priority 3;NA
SEC;812;SEC;SR;OK;TASK000014147243;Priority 3;NA
DBA;812;DBA;SR;OK;TASK000014147433;Priority 3;NA
APS;ETH;APS;SR;OK;TASK000014147474;Priority 3;NA
SEC;WS;SEC;SR;OK;TASK000014147510;Priority 3;NA
SEC;812;SEC;SR;OK;TASK000014147516;Priority 3;NA
SEC;812;SEC;SR;OK;TASK000014147517;Priority 3;NA
SEC;DPY;SEC;SR;OK;TASK000014147588;Priority 4;NA
SEC;SYN;SEC;SR;OK;TASK000014147590;Priority 3;NA
SEC;812;SEC;SR;OK;TASK000014147594;Priority 3;NA
FUN;WS;FUN;SR;OK;TASK000014147665;Priority 3;NA
CNC;DCF;CNC;SR;OK;TASK000014147687;Priority 3;NA
APS;ETH;APS;SR;OK;TASK000014147707;Priority 3;NA
SEC;SYN;SEC;SR;OK;TASK000014147711;Priority 3;NA
CNC;BWI;CNC;SR;OK;TASK000014147750;Priority 3;NA
SEC;BWI;SEC;SR;OK;TASK000014147765;Priority 4;NA
SEC;812;SEC;SR;OK;TASK000014147806;Priority 3;NA
SEC;812;SEC;SR;OK;TASK000014147904;Priority 3;NA
APS;ETH;APS;SR;OK;TASK000014147949;Priority 3;NA
FIN;MNT;FUN;SR;OK;TASK000014147961;Priority 4;NA
L1;MNT;MON;SR;OK;TASK000014148025;Priority 3;NA
APS;ETH;APS;SR;OK;TASK000014148059;Priority 3;NA
L1;MNT;MON;SR;OK;TASK000014148086;Priority 3;NA
SEC;812;SEC;SR;OK;TASK000014148088;Priority 3;NA
CNC;812;CNC;SR;OK;TASK000014148096;Priority 3;NA
SEC;EMS;SEC;SR;OK;TASK000014148117;Priority 3;NA
APS;ETH;APS;SR;OK;TASK000014148125;Priority 3;NA
SEC;WS;SEC;SR;OK;TASK000014148136;Priority 3;NA
L1;BWI;L1 ;SR;OK;TASK000014148215;Priority 3;NA
SEC;812;SEC;SR;OK;TASK000014148217;Priority 3;NA
APS;ETH;APS;SR;OK;TASK000014148243;Priority 3;NA
CNC;812;CNC;SR;OK;TASK000014148297;Priority 3;NA
SEC;BWI;SEC;SR;OK;TASK000014148314;Priority 4;NA
SEC;812;SEC;SR;OK;TASK000014148389;Priority 3;NA
DBA;812;DBA;SR;OK;TASK000014148414;Priority 3;NA
APS;ETH;APS;SR;OK;TASK000014148430;Priority 3;NA
APS;ETH;APS;SR;OK;TASK000014148504;Priority 3;NA
SEC;812;SEC;SR;OK;TASK000014148605;Priority 3;NA
SEC;SYN;SEC;SR;OK;TASK000014148637;Priority 3;NA
SEC;SYN;SEC;SR;OK;TASK000014148703;Priority 3;NA
CNC;812;CNC;SR;OK;TASK000014148718;Priority 3;NA
CNC;812;CNC;SR;OK;TASK000014148768;Priority 3;NA
SEC;DCF;SEC;SR;Defect;TASK000014148857;Priority 3;NA
SEC;MNT;SEC;SR;OK;TASK000014148864;Priority 3;NA
SEC;812;SEC;SR;OK;TASK000014148975;Priority 3;NA
CNC;LAT;CNC;SR;OK;TASK000014148985;Priority 3;NA
SEC;BWI;SEC;SR;OK;TASK000014149129;Priority 4;NA
SEC;SYN;SEC;SR;OK;TASK000014149148;Priority 3;NA
APS;ETH;APS;SR;OK;TASK000014149192;Priority 3;NA
SEC;BWI;SEC;SR;OK;TASK000014149219;Priority 4;NA
SEC;DCF;SEC;SR;OK;TASK000014149224;Priority 3;NA
FUN;ETH;FUN;SR;OK;TASK000014149228;Priority 3;NA
APS;ETH;APS;SR;OK;TASK000014149287;Priority 4;NA
CNC;BWI;CNC;SR;OK;TASK000014149316;Priority 3;NA
L1;BWI;L1 ;SR;OK;TASK000014149339;Priority 4;NA
SEC;LAT;SEC;SR;Defect;TASK000014149359;Priority 3;NA
SEC;BWI;SEC;SR;OK;TASK000014149387;Priority 4;NA
SEC;SYN;SEC;SR;OK;TASK000014149467;Priority 3;NA
APS;ETH;APS;SR;OK;TASK000014149606;Priority 3;NA
SEC;DCF;SEC;SR;OK;TASK000014149619;Priority 3;NA
SEC;SYN;SEC;SR;OK;TASK000014149698;Priority 3;NA
SCH;812;SCH;SR;OK;TASK000014149699;Priority 3;NA
SEC;DCF;SEC;SR;OK;TASK000014149814;Priority 3;NA
SEC;SYN;SEC;SR;OK;TASK000014149817;Priority 3;NA
SEC;DCF;SEC;SR;OK;TASK000014149821;Priority 3;NA
SEC;EMS;SEC;SR;OK;TASK000014149836;Priority 3;NA
FUN;ETH;FUN;SR;OK;TASK000014149890;Priority 4;NA
SEC;SYN;SEC;SR;Defect;TASK000014149892;Priority 3;NA
SEC;ETH;SEC;SR;OK;TASK000014150080;Priority 3;NA
SEC;BWI;SEC;SR;OK;TASK000014150184;Priority 4;NA
SEC;BWI;SEC;SR;OK;TASK000014150249;Priority 4;NA
L1;ETH;CNC;SR;OK;TASK000014150307;Priority 3;NA
L1;812;MON;SR;OK;TASK000014150527;Priority 4;NA
SEC;812;SEC;SR;OK;TASK000014150619;Priority 3;NA
SEC;812;SEC;SR;OK;TASK000014150621;Priority 3;NA
SEC;812;SEC;SR;OK;TASK000014150764;Priority 3;NA
SEC;ETH;SEC;SR;OK;TASK000014150787;Priority 3;NA
FUN;WS;FUN;SR;OK;TASK000014150906;Priority 4;NA
SEC;812;SEC;SR;OK;TASK000014150918;Priority 3;NA
SEC;DXE;SEC;SR;OK;TASK000014151022;Priority 3;NA
SEC;812;SEC;SR;OK;TASK000014151045;Priority 3;NA
SEC;812;SEC;SR;OK;TASK000014151106;Priority 3;NA
SEC;812;SEC;SR;OK;TASK000014151319;Priority 3;NA
SEC;WS;SEC;SR;OK;TASK000014151392;Priority 3;NA
SEC;812;SEC;SR;OK;TASK000014151401;Priority 3;NA
SEC;812;SEC;SR;OK;TASK000014151402;Priority 3;NA
FUN;812;FUN;SR;OK;TASK000014151432;Priority 3;NA
APS;ETH;APS;SR;OK;TASK000014151471;Priority 3;NA
APS;ETH;APS;SR;OK;TASK000014151492;Priority 3;NA
FIN;812;FUN;SR;OK;TASK000014151521;Priority 3;NA
SEC;DCF;SEC;SR;OK;TASK000014151569;Priority 3;NA
SCH;812;SCH;SR;OK;TASK000014151594;Priority 3;NA
SEC;812;SEC;SR;OK;TASK000014151597;Priority 3;NA
SEC;BWI;SEC;SR;OK;TASK000014151678;Priority 4;NA
APS;ETH;APS;SR;OK;TASK000014151802;Priority 3;NA
SEC;ETH;SEC;SR;OK;TASK000014151810;Priority 3;NA
SEC;812;SEC;SR;OK;TASK000014151847;Priority 3;NA
FUN;WS;FUN;SR;OK;TASK000014151862;Priority 3;NA
SEC;812;SEC;SR;OK;TASK000014151875;Priority 3;NA
CNC;812;CNC;SR;OK;TASK000014151878;Priority 3;NA
APS;ETH;APS;SR;OK;TASK000014151904;Priority 3;NA
SEC;812;SEC;SR;OK;TASK000014151916;Priority 3;NA
APS;ETH;APS;SR;OK;TASK000014151918;Priority 3;NA
SEC;812;SEC;SR;OK;TASK000014151971;Priority 3;NA
SEC;812;SEC;SR;OK;TASK000014151978;Priority 3;NA
DBA;812;DBA;SR;OK;TASK000014152016;Priority 3;NA
APS;ETH;APS;SR;OK;TASK000014152149;Priority 4;NA
SEC;ETH;SEC;SR;OK;TASK000014152198;Priority 3;NA
CNC;ETH;CNC;SR;OK;TASK000014152289;Priority 3;NA
SEC;812;SEC;SR;OK;TASK000014152316;Priority 3;NA
SEC;812;SEC;SR;OK;TASK000014152510;Priority 3;NA
CNC;LAT;CNC;SR;OK;TASK000014152556;Priority 3;NA
SEC;DXE;SEC;SR;OK;TASK000014152557;Priority 3;NA
CNC;LAT;CNC;SR;OK;TASK000014152578;Priority 3;NA
APS;ETH;APS;SR;OK;TASK000014152593;Priority 3;NA
OPS;EMS;OPS;SR;OK;TASK000014152630;Priority 3;NA
SEC;812;SEC;SR;OK;TASK000014152666;Priority 3;NA
FUN;LAT;FUN;SR;Defect;TASK000014152668;Priority 3;NA
FUN;812;FUN;SR;OK;TASK000014152686;Priority 3;NA
SEC;DCF;SEC;SR;Defect;TASK000014152689;Priority 3;NA
SEC;SYN;SEC;SR;OK;TASK000014152717;Priority 3;NA
FUN;COR;FUN;SR;OK;TASK000014152897;Priority 3;NA
SEC;ETH;SEC;SR;OK;TASK000014153031;Priority 3;NA
FIN;LAT;FUN;SR;OK;TASK000014153174;Priority 3;NA
SEC;LAT;SEC;SR;OK;TASK000014153209;Priority 3;NA
SEC;SYN;SEC;SR;OK;TASK000014153223;Priority 3;NA
SEC;BWI;SEC;SR;OK;TASK000014153404;Priority 4;NA
SEC;MNT;SEC;SR;OK;TASK000014153480;Priority 3;NA
SEC;SYN;SEC;SR;OK;TASK000014153606;Priority 3;NA
CNC;BWI;CNC;SR;OK;TASK000014153672;Priority 3;NA
SCH;LAT;SCH;SR;OK;TASK000014153712;Priority 3;NA
SEC;BWI;SEC;SR;OK;TASK000014153859;Priority 4;NA
SEC;MNT;SEC;SR;OK;TASK000014153867;Priority 3;NA
SEC;ETH;SEC;SR;OK;TASK000014153903;Priority 3;NA
L1;DPY;CNC;SR;OK;TASK000014153911;Priority 3;NA
SEC;ETH;SEC;SR;OK;TASK000014153923;Priority 3;NA
L1;812;MON;SR;OK;TASK000014153948;Priority 3;NA
SEC;BWI;SEC;SR;OK;TASK000014154117;Priority 4;NA
SEC;BWI;SEC;SR;OK;TASK000014154132;Priority 4;NA
SEC;ETH;SEC;SR;OK;TASK000014154143;Priority 3;NA
SEC;BWI;SEC;SR;OK;TASK000014154200;Priority 4;NA
DBA;812;DBA;SR;OK;TASK000014154658;Priority 3;NA
L1;812;MON;SR;OK;TASK000014154986;Priority 3;NA
DBA;812;DBA;SR;OK;TASK000014154989;Priority 3;NA
L1;812;MON;SR;OK;TASK000014155001;Priority 3;NA
L1;812;MON;SR;OK;TASK000014155004;Priority 3;NA
SEC;812;SEC;SR;OK;TASK000014155074;Priority 3;NA
DBA;812;DBA;SR;OK;TASK000014155118;Priority 3;NA
SCH;812;SCH;SR;Defect;TASK000014155205;Priority 3;NA
SEC;DXE;SEC;SR;OK;TASK000014155236;Priority 3;NA
SEC;812;SEC;SR;OK;TASK000014155261;Priority 3;NA
SEC;DXE;SEC;SR;OK;TASK000014155295;Priority 3;NA
SEC;812;SEC;SR;OK;TASK000014155324;Priority 3;NA
SEC;MNT;SEC;SR;OK;TASK000014155410;Priority 3;NA
SCH;812;SCH;SR;OK;TASK000014155424;Priority 3;NA
SEC;812;SEC;SR;OK;TASK000014155441;Priority 3;NA
SEC;812;SEC;SR;OK;TASK000014155442;Priority 3;NA
CNC;812;CNC;SR;OK;TASK000014155514;Priority 3;NA
DBA;812;DBA;SR;OK;TASK000014155521;Priority 3;NA
FUN;812;FUN;SR;OK;TASK000014155559;Priority 4;NA
DBA;812;DBA;SR;OK;TASK000014155581;Priority 3;NA
DBA;812;DBA;SR;OK;TASK000014155612;Priority 3;NA
SEC;EMS;SEC;SR;Defect;TASK000014155614;Priority 3;NA
SEC;DCF;SEC;SR;OK;TASK000014155647;Priority 3;NA
SEC;DCF;SEC;SR;OK;TASK000014155724;Priority 3;NA
SEC;BWI;SEC;SR;OK;TASK000014155777;Priority 4;NA
FIN;812;FUN;SR;OK;TASK000014155786;Priority 4;NA
DBA;812;DBA;SR;OK;TASK000014155849;Priority 3;NA
OPS;WS;OPS;SR;OK;TASK000014155873;Priority 3;NA
SEC;BWI;SEC;SR;OK;TASK000014155879;Priority 4;NA
SCH;LAT;SCH;SR;OK;TASK000014155881;Priority 3;NA
APS;EES;APS;SR;OK;TASK000014155895;Priority 4;NA
SEC;812;SEC;SR;OK;TASK000014155897;Priority 3;NA
SEC;SYN;SEC;SR;OK;TASK000014155929;Priority 3;NA
SEC;812;SEC;SR;OK;TASK000014155962;Priority 3;NA
APS;ETH;APS;SR;OK;TASK000014155973;Priority 4;NA
SEC;812;SEC;SR;OK;TASK000014156023;Priority 3;NA
SEC;DCF;SEC;SR;OK;TASK000014156039;Priority 3;NA
CNC;EMS;CNC;SR;OK;TASK000014156118;Priority 3;NA
SEC;812;SEC;SR;OK;TASK000014156179;Priority 3;NA
SEC;BWI;SEC;SR;OK;TASK000014156201;Priority 4;NA
FUN;812;FUN;SR;OK;TASK000014156219;Priority 3;NA
FUN;812;FUN;SR;OK;TASK000014156220;Priority 4;NA
SEC;MNT;SEC;SR;OK;TASK000014156229;Priority 3;NA
SEC;SYN;SEC;SR;Defect;TASK000014156232;Priority 3;NA
SEC;MNT;SEC;SR;OK;TASK000014156238;Priority 3;NA
SEC;MNT;SEC;SR;OK;TASK000014156309;Priority 3;NA
APS;EES;APS;SR;OK;TASK000014156325;Priority 4;NA
SEC;DCF;SEC;SR;OK;TASK000014156391;Priority 3;NA
DCF;DCF;FUN;SR;OK;TASK000014156398;Priority 3;NA
SEC;BWI;SEC;SR;OK;TASK000014156405;Priority 4;NA
SEC;BWI;SEC;SR;OK;TASK000014156406;Priority 4;NA
SEC;BWI;SEC;SR;OK;TASK000014156413;Priority 4;NA
SEC;MNT;SEC;SR;OK;TASK000014156460;Priority 3;NA
SEC;SYN;SEC;SR;OK;TASK000014156492;Priority 3;NA
SEC;SYN;SEC;SR;OK;TASK000014156521;Priority 3;NA
APS;ETH;APS;SR;OK;TASK000014156539;Priority 3;NA
SEC;812;SEC;SR;OK;TASK000014156597;Priority 3;NA
DCF;DCF;FUN;SR;OK;TASK000014156704;Priority 3;NA
SEC;DXE;SEC;SR;OK;TASK000014156754;Priority 3;NA
L1;BWI;L1 ;SR;OK;TASK000014156886;Priority 3;NA
SEC;BWI;SEC;SR;OK;TASK000014156889;Priority 4;NA
SEC;BWI;SEC;SR;OK;TASK000014156915;Priority 4;NA
SEC;BWI;SEC;SR;OK;TASK000014156929;Priority 4;NA
SEC;ETH;SEC;SR;OK;TASK000014156932;Priority 3;NA
L1;BWI;L1 ;SR;OK;TASK000014156945;Priority 3;NA
FIN;LAT;FUN;SR;OK;TASK000014156991;Priority 3;NA
SEC;DCF;SEC;SR;Defect;TASK000014157043;Priority 3;NA
SEC;812;SEC;SR;OK;TASK000014157095;Priority 3;NA
CNC;BWI;CNC;SR;OK;TASK000014157121;Priority 3;NA
SEC;SYN;SEC;SR;Defect;TASK000014157160;Priority 3;NA
SEC;SYN;SEC;SR;OK;TASK000014157212;Priority 3;NA
SEC;SYN;SEC;SR;OK;TASK000014157440;Priority 3;NA
APS;ETH;APS;SR;OK;TASK000014157443;Priority 3;NA
SEC;ETH;SEC;SR;OK;TASK000014157482;Priority 3;NA
SEC;SYN;SEC;SR;OK;TASK000014157512;Priority 3;NA
APS;ETH;APS;SR;OK;TASK000014157578;Priority 3;NA
APS;ETH;APS;SR;OK;TASK000014157583;Priority 3;NA
APS;ETH;APS;SR;OK;TASK000014157658;Priority 3;NA
DCF;DCF;FUN;SR;OK;TASK000014157751;Priority 3;NA
FUN;ETH;FUN;SR;OK;TASK000014157759;Priority 3;NA
SEC;MNT;SEC;SR;OK;TASK000014157795;Priority 3;NA
L1;812;MON;SR;OK;TASK000014157849;Priority 3;NA
L1;812;MON;SR;OK;TASK000014157852;Priority 3;NA
SEC;ETH;SEC;SR;OK;TASK000014157853;Priority 3;NA
SEC;ETH;SEC;SR;OK;TASK000014157871;Priority 3;NA
SEC;812;SEC;SR;OK;TASK000014158010;Priority 3;NA
L1;BWI;L1 ;SR;OK;TASK000014158019;Priority 3;NA
SEC;812;SEC;SR;OK;TASK000014158063;Priority 3;NA
SEC;812;SEC;SR;OK;TASK000014158098;Priority 3;NA
SEC;812;SEC;SR;OK;TASK000014158109;Priority 3;NA
SEC;812;SEC;SR;OK;TASK000014158116;Priority 3;NA
CNC;EES;CNC;SR;OK;TASK000014158230;Priority 3;NA
SEC;WS;SEC;SR;OK;TASK000014158379;Priority 3;NA
SEC;812;SEC;SR;OK;TASK000014158451;Priority 3;NA
SEC;812;SEC;SR;OK;TASK000014158461;Priority 3;NA
SEC;812;SEC;SR;OK;TASK000014158486;Priority 3;NA
SEC;812;SEC;SR;OK;TASK000014158622;Priority 3;NA
SEC;WS;SEC;SR;OK;TASK000014158866;Priority 3;NA
SEC;WS;SEC;SR;OK;TASK000014158867;Priority 3;NA
FUN;WS;FUN;SR;Defect;TASK000014158882;Priority 4;NA
FUN;812;FUN;SR;OK;TASK000014159107;Priority 4;NA
DBA;812;DBA;SR;OK;TASK000014159248;Priority 3;NA
SEC;812;SEC;SR;OK;TASK000014159336;Priority 3;NA
SEC;812;SEC;SR;OK;TASK000014159372;Priority 3;NA
L1;812;MON;SR;OK;TASK000014159732;Priority 4;NA
CNC;812;CNC;SR;OK;TASK000014159791;Priority 3;NA
FUN;812;FUN;SR;OK;TASK000014159800;Priority 3;NA
SEC;812;SEC;SR;OK;TASK000014159807;Priority 3;NA
SEC;DXE;SEC;SR;OK;TASK000014159893;Priority 3;NA
SEC;812;SEC;SR;OK;TASK000014159901;Priority 3;NA
SEC;DCF;SEC;SR;OK;TASK000014160016;Priority 3;NA
DBA;812;DBA;SR;OK;TASK000014160082;Priority 3;NA
DBA;812;DBA;SR;OK;TASK000014160083;Priority 3;NA
DBA;812;DBA;SR;OK;TASK000014160084;Priority 3;NA
DBA;812;DBA;SR;OK;TASK000014160085;Priority 3;NA
L1;812;MON;SR;OK;TASK000014160088;Priority 3;NA
DBA;812;DBA;SR;OK;TASK000014160089;Priority 3;NA
DBA;812;DBA;SR;OK;TASK000014160102;Priority 3;NA
DBA;812;DBA;SR;OK;TASK000014160103;Priority 3;NA
DBA;812;DBA;SR;OK;TASK000014160112;Priority 3;NA
SEC;812;SEC;SR;OK;TASK000014160144;Priority 3;NA
SEC;812;SEC;SR;OK;TASK000014160150;Priority 3;NA
SEC;SYN;SEC;SR;OK;TASK000014160293;Priority 3;NA
SEC;WS;SEC;SR;OK;TASK000014160346;Priority 3;NA
DBA;812;DBA;SR;OK;TASK000014160389;Priority 3;NA
FUN;ETH;FUN;SR;OK;TASK000014160401;Priority 3;NA
SEC;DCF;SEC;SR;OK;TASK000014160413;Priority 3;NA
CNC;812;CNC;SR;OK;TASK000014160425;Priority 3;NA
CNC;DCF;CNC;SR;OK;TASK000014160477;Priority 3;NA
CNC;BWI;CNC;SR;OK;TASK000014160494;Priority 3;NA
CNC;812;CNC;SR;OK;TASK000014160507;Priority 3;NA
SEC;MNT;SEC;SR;OK;TASK000014160605;Priority 3;NA
SEC;DCF;SEC;SR;OK;TASK000014160700;Priority 3;NA
SEC;812;SEC;SR;OK;TASK000014160711;Priority 3;NA
DBA;812;DBA;SR;OK;TASK000014160780;Priority 3;NA
SEC;DPY;SEC;SR;OK;TASK000014160824;Priority 4;NA
SEC;SYN;SEC;SR;OK;TASK000014160860;Priority 3;NA
SEC;812;SEC;SR;OK;TASK000014160877;Priority 3;NA
CNC;812;CNC;SR;OK;TASK000014160928;Priority 3;NA
SEC;812;SEC;SR;OK;TASK000014160960;Priority 3;NA
CNC;DXE;CNC;SR;OK;TASK000014160979;Priority 3;NA
MNT;MNT;FUN;SR;OK;TASK000014160995;Priority 3;NA
SEC;812;SEC;SR;OK;TASK000014161098;Priority 3;NA
OPS;WS;OPS;SR;OK;TASK000014161104;Priority 3;NA
SEC;DCF;SEC;SR;OK;TASK000014161156;Priority 3;NA
CNC;EES;CNC;SR;OK;TASK000014161162;Priority 3;NA
SEC;WS;SEC;SR;OK;TASK000014161222;Priority 3;NA
SEC;SYN;SEC;SR;OK;TASK000014161249;Priority 3;NA
SEC;DXE;SEC;SR;OK;TASK000014161254;Priority 3;NA
SEC;812;SEC;SR;OK;TASK000014161302;Priority 3;NA
SEC;812;SEC;SR;OK;TASK000014161312;Priority 3;NA
SEC;812;SEC;SR;OK;TASK000014161341;Priority 3;NA
FUN;EES;FUN;SR;OK;TASK000014161370;Priority 4;NA
DBA;812;DBA;SR;OK;TASK000014161412;Priority 3;NA
FUN;812;FUN;SR;OK;TASK000014161456;Priority 3;NA
SEC;812;SEC;SR;OK;TASK000014161482;Priority 3;NA
FUN;WS;FUN;SR;OK;TASK000014161542;Priority 4;NA
SEC;SYN;SEC;SR;OK;TASK000014161544;Priority 3;NA
DBA;812;DBA;SR;OK;TASK000014161557;Priority 3;NA
CNC;812;CNC;SR;OK;TASK000014161565;Priority 3;NA
SEC;812;SEC;SR;OK;TASK000014161652;Priority 3;NA
CNC;812;CNC;SR;OK;TASK000014161653;Priority 3;NA
FIN;DCF;FUN;SR;OK;TASK000014161700;Priority 4;NA
CNC;812;CNC;SR;OK;TASK000014161818;Priority 3;NA
SEC;WS;SEC;SR;OK;TASK000014161839;Priority 3;NA
SEC;812;SEC;SR;OK;TASK000014161854;Priority 3;NA
SEC;812;SEC;SR;OK;TASK000014161860;Priority 3;NA
APS;ETH;APS;SR;OK;TASK000014161874;Priority 3;NA
CNC;812;CNC;SR;OK;TASK000014161876;Priority 3;NA
CNC;812;CNC;SR;OK;TASK000014161888;Priority 3;NA
SEC;SYN;SEC;SR;OK;TASK000014161988;Priority 3;NA
SEC;DPY;SEC;SR;OK;TASK000014161993;Priority 4;NA
DBA;812;DBA;SR;OK;TASK000014162045;Priority 3;NA
SEC;ETH;SEC;SR;OK;TASK000014162081;Priority 3;NA
DBA;812;DBA;SR;OK;TASK000014162122;Priority 3;NA
SEC;SYN;SEC;SR;OK;TASK000014162224;Priority 3;NA
SEC;SYN;SEC;SR;OK;TASK000014162246;Priority 3;NA
SEC;SYN;SEC;SR;OK;TASK000014162314;Priority 3;NA
SEC;ETH;SEC;SR;OK;TASK000014162514;Priority 3;NA
L1;BWI;L1 ;SR;OK;TASK000014162571;Priority 3;NA
APS;ETH;APS;SR;OK;TASK000014162576;Priority 3;NA
SEC;SYN;SEC;SR;OK;TASK000014162647;Priority 3;NA
CNC;812;CNC;SR;OK;TASK000014162698;Priority 3;NA
SEC;ETH;SEC;SR;OK;TASK000014162763;Priority 3;NA
SEC;SYN;SEC;SR;OK;TASK000014162801;Priority 3;NA
SEC;812;SEC;SR;OK;TASK000014162857;Priority 3;NA
SEC;MNT;SEC;SR;OK;TASK000014162871;Priority 3;NA
L1;812;MON;SR;OK;TASK000014162927;Priority 3;NA
SEC;SYN;SEC;SR;Defect;TASK000014162935;Priority 3;NA
SEC;812;SEC;SR;OK;TASK000014162968;Priority 3;NA
SEC;BWI;SEC;SR;OK;TASK000014162977;Priority 4;NA
SEC;BWI;SEC;SR;OK;TASK000014163007;Priority 4;NA
SEC;BWI;SEC;SR;OK;TASK000014163019;Priority 4;NA
L1;BWI;L1 ;SR;OK;TASK000014163038;Priority 3;NA
SEC;BWI;SEC;SR;OK;TASK000014163065;Priority 4;NA
SEC;DXE;SEC;SR;OK;TASK000014163078;Priority 3;NA
SEC;BWI;SEC;SR;OK;TASK000014163088;Priority 4;NA
SEC;ETH;SEC;SR;OK;TASK000014163251;Priority 3;NA
APS;EES;APS;SR;OK;TASK000014163256;Priority 4;NA
SEC;BWI;SEC;SR;OK;TASK000014163639;Priority 4;NA
SEC;MNT;SEC;SR;OK;TASK000014164328;Priority 3;NA
SEC;812;SEC;SR;OK;TASK000014164347;Priority 3;NA
DBA;812;DBA;SR;OK;TASK000014164399;Priority 3;NA
SEC;DCF;SEC;SR;OK;TASK000014164477;Priority 3;NA
APS;ETH;APS;SR;OK;TASK000014164515;Priority 3;NA
FUN;COR;FUN;SR;OK;TASK000014164590;Priority 3;NA
FUN;812;FUN;SR;OK;TASK000014164637;Priority 3;NA
SEC;812;SEC;SR;OK;TASK000014164741;Priority 3;NA
SEC;812;SEC;SR;OK;TASK000014164758;Priority 3;NA
SEC;812;SEC;SR;OK;TASK000014164774;Priority 3;NA
DBA;812;DBA;SR;OK;TASK000014164779;Priority 3;NA
CNC;812;CNC;SR;OK;TASK000014164797;Priority 3;NA
SEC;DXE;SEC;SR;OK;TASK000014164831;Priority 3;NA
SEC;812;SEC;SR;OK;TASK000014164996;Priority 3;NA
SEC;812;SEC;SR;OK;TASK000014165005;Priority 3;NA
SEC;812;SEC;SR;OK;TASK000014165016;Priority 3;NA
SEC;812;SEC;SR;OK;TASK000014165025;Priority 3;NA
SEC;812;SEC;SR;OK;TASK000014165152;Priority 3;NA
L1;812;MON;SR;OK;TASK000014165155;Priority 3;NA
L1;812;MON;SR;OK;TASK000014165180;Priority 3;NA
SEC;WS;SEC;SR;OK;TASK000014165181;Priority 3;NA
DBA;812;DBA;SR;OK;TASK000014165221;Priority 3;NA
SEC;DCF;SEC;SR;OK;TASK000014165313;Priority 3;NA
DBA;812;DBA;SR;OK;TASK000014165360;Priority 3;NA
CNC;BWI;CNC;SR;OK;TASK000014165460;Priority 3;NA
SEC;812;SEC;SR;OK;TASK000014165492;Priority 3;NA
DBA;812;DBA;SR;OK;TASK000014165507;Priority 3;NA
SEC;SYN;SEC;SR;OK;TASK000014165551;Priority 3;NA
SEC;DPY;SEC;SR;OK;TASK000014165585;Priority 4;NA
L1;ETH;CNC;SR;OK;TASK000014165639;Priority 3;NA
SEC;BWI;SEC;SR;OK;TASK000014165665;Priority 4;NA
SEC;SYN;SEC;SR;OK;TASK000014165667;Priority 3;NA
FUN;812;FUN;SR;OK;TASK000014165733;Priority 3;NA
SEC;SYN;SEC;SR;OK;TASK000014165746;Priority 3;NA
SEC;812;SEC;SR;OK;TASK000014165749;Priority 3;NA
SEC;812;SEC;SR;OK;TASK000014165790;Priority 3;NA
DBA;812;DBA;SR;OK;TASK000014165809;Priority 3;NA
LEAD;DCF;FUN;SR;OK;TASK000014165923;Priority 3;NA
SCH;812;SCH;SR;OK;TASK000014166031;Priority 3;NA
CNC;812;CNC;SR;OK;TASK000014166134;Priority 3;NA
FIN;DXE;FUN;SR;OK;TASK000014166145;Priority 3;NA
SEC;812;SEC;SR;OK;TASK000014166236;Priority 3;NA
SEC;812;SEC;SR;OK;TASK000014166254;Priority 3;NA
FIN;DXE;FUN;SR;OK;TASK000014166339;Priority 3;NA
SEC;DXE;SEC;SR;OK;TASK000014166346;Priority 3;NA
SEC;BWI;SEC;SR;OK;TASK000014166406;Priority 4;NA
SEC;EMS;SEC;SR;OK;TASK000014166419;Priority 3;NA
APS;ETH;APS;SR;OK;TASK000014166525;Priority 3;NA
SEC;DCF;SEC;SR;OK;TASK000014166565;Priority 3;NA
SEC;DCF;SEC;SR;OK;TASK000014166789;Priority 3;NA
APS;ETH;APS;SR;OK;TASK000014166907;Priority 3;NA
L1;812;MON;SR;OK;TASK000014166926;Priority 3;NA
SEC;812;SEC;SR;OK;TASK000014166955;Priority 3;NA
SEC;812;SEC;SR;OK;TASK000014166990;Priority 3;NA
L1;BWI;L1 ;SR;OK;TASK000014167010;Priority 3;NA
DBA;812;DBA;SR;OK;TASK000014167035;Priority 3;NA
SEC;DCF;SEC;SR;OK;TASK000014167171;Priority 3;NA
SEC;SYN;SEC;SR;OK;TASK000014167240;Priority 3;NA
SEC;BWI;SEC;SR;OK;TASK000014167311;Priority 4;NA
SEC;LAT;SEC;SR;OK;TASK000014167345;Priority 4;NA
SEC;DXE;SEC;SR;OK;TASK000014167423;Priority 3;NA
SEC;BWI;SEC;SR;OK;TASK000014167556;Priority 4;NA
SEC;DCF;SEC;SR;Defect;TASK000014167564;Priority 3;NA
SEC;WS;SEC;SR;OK;TASK000014167585;Priority 3;NA
SEC;BWI;SEC;SR;OK;TASK000014167632;Priority 4;NA
SEC;BWI;SEC;SR;OK;TASK000014167633;Priority 4;NA
SEC;BWI;SEC;SR;OK;TASK000014167682;Priority 4;NA
SEC;BWI;SEC;SR;OK;TASK000014167687;Priority 4;NA
SEC;BWI;SEC;SR;Defect;TASK000014167714;Priority 4;NA
SEC;SYN;SEC;SR;OK;TASK000014167726;Priority 3;NA
SEC;BWI;SEC;SR;OK;TASK000014167729;Priority 4;NA
SEC;BWI;SEC;SR;OK;TASK000014167737;Priority 4;NA
SEC;SYN;SEC;SR;Defect;TASK000014167859;Priority 3;NA
SEC;SYN;SEC;SR;Defect;TASK000014168003;Priority 3;NA
L1;BWI;L1 ;SR;OK;TASK000014168008;Priority 4;NA
SEC;BWI;SEC;SR;OK;TASK000014168010;Priority 3;NA
SEC;DCF;SEC;SR;OK;TASK000014168077;Priority 3;NA
SEC;SYN;SEC;SR;Defect;TASK000014168086;Priority 3;NA
SEC;MNT;SEC;SR;OK;TASK000014168113;Priority 3;NA
SEC;ETH;SEC;SR;OK;TASK000014168137;Priority 3;NA
SEC;MNT;SEC;SR;OK;TASK000014168171;Priority 3;NA
SEC;ETH;SEC;SR;OK;TASK000014168185;Priority 3;NA
L1;ETH;CNC;SR;OK;TASK000014168436;Priority 3;NA
SEC;BWI;SEC;SR;OK;TASK000014168532;Priority 4;NA
SEC;ETH;SEC;SR;OK;TASK000014168571;Priority 3;NA
SEC;MNT;SEC;SR;OK;TASK000014168579;Priority 3;NA
SEC;SYN;SEC;SR;OK;TASK000014168649;Priority 3;NA
APS;DCF;APS;SR;OK;TASK000014168656;Priority 3;NA
FUN;812;FUN;SR;OK;TASK000014168684;Priority 4;NA
SEC;BWI;SEC;SR;OK;TASK000014168713;Priority 4;NA
APS;DCF;APS;SR;OK;TASK000014168770;Priority 3;NA
SEC;812;SEC;SR;OK;TASK000014168850;Priority 3;NA
SEC;MNT;SEC;SR;OK;TASK000014168851;Priority 3;NA
SEC;812;SEC;SR;OK;TASK000014168863;Priority 3;NA
DCF;DCF;FUN;SR;OK;TASK000014168865;Priority 3;NA
CNC;ETH;CNC;SR;OK;TASK000014168877;Priority 3;NA
SEC;ETH;SEC;SR;OK;TASK000014168919;Priority 3;NA
SEC;ETH;SEC;SR;OK;TASK000014168929;Priority 3;NA
SEC;ETH;SEC;SR;OK;TASK000014168930;Priority 3;NA
SEC;ETH;SEC;SR;OK;TASK000014168941;Priority 3;NA
SEC;MNT;SEC;SR;OK;TASK000014169114;Priority 3;NA
DBA;812;DBA;SR;OK;TASK000014169282;Priority 3;NA
L1;812;MON;SR;OK;TASK000014169421;Priority 4;NA
APS;ETH;APS;SR;OK;TASK000014169533;Priority 3;NA
L1;812;MON;SR;OK;TASK000014169644;Priority 4;NA
SEC;DXE;SEC;SR;OK;TASK000014169823;Priority 3;NA
CNC;DCF;CNC;SR;OK;TASK000014169844;Priority 3;NA
DBA;812;DBA;SR;OK;TASK000014169866;Priority 3;NA
FUN;DXE;FUN;SR;OK;TASK000014169912;Priority 3;NA
SEC;WS;SEC;SR;OK;TASK000014169983;Priority 3;NA
APS;ETH;APS;SR;OK;TASK000014170015;Priority 4;NA
SEC;812;SEC;SR;OK;TASK000014170089;Priority 3;NA
SEC;WS;SEC;SR;OK;TASK000014170114;Priority 3;NA
APS;ETH;APS;SR;OK;TASK000014170132;Priority 3;NA
SEC;812;SEC;SR;OK;TASK000014170175;Priority 3;NA
APS;EES;APS;SR;OK;TASK000014170315;Priority 4;NA
APS;ETH;APS;SR;OK;TASK000014170383;Priority 3;NA
SEC;812;SEC;SR;OK;TASK000014170459;Priority 3;NA
L1;812;MON;SR;OK;TASK000014170495;Priority 4;NA
SEC;SYN;SEC;SR;OK;TASK000014170588;Priority 3;NA
OPS;WS;OPS;SR;OK;TASK000014170596;Priority 3;NA
SEC;DCF;SEC;SR;OK;TASK000014170667;Priority 3;NA
FUN;812;FUN;SR;OK;TASK000014170787;Priority 3;NA
CNC;DCF;CNC;SR;OK;TASK000014170892;Priority 3;NA
SEC;DPY;SEC;SR;OK;TASK000014170905;Priority 3;NA
SEC;BWI;SEC;SR;OK;TASK000014171152;Priority 4;NA
APS;ETH;APS;SR;OK;TASK000014171176;Priority 3;NA
SEC;SYN;SEC;SR;OK;TASK000014171236;Priority 3;NA
CNC;DCF;CNC;SR;OK;TASK000014171271;Priority 3;NA
DBA;812;DBA;SR;OK;TASK000014171276;Priority 3;NA
SEC;ETH;SEC;SR;OK;TASK000014171290;Priority 3;NA
APS;ETH;APS;SR;OK;TASK000014171422;Priority 3;NA
SEC;BWI;SEC;SR;OK;TASK000014171454;Priority 4;NA
SEC;BWI;SEC;SR;OK;TASK000014171491;Priority 4;NA
FIN;LAT;FUN;SR;Defect;TASK000014171513;Priority 3;NA
SCH;LAT;SCH;SR;OK;TASK000014171521;Priority 3;NA
DBA;812;DBA;SR;OK;TASK000014171527;Priority 3;NA
APS;ETH;APS;SR;OK;TASK000014171553;Priority 3;NA
CNC;ETH;CNC;SR;OK;TASK000014171626;Priority 3;NA
SEC;SYN;SEC;SR;OK;TASK000014171671;Priority 3;NA
CNC;812;CNC;SR;OK;TASK000014171674;Priority 3;NA
SEC;812;SEC;SR;OK;TASK000014171786;Priority 3;NA
CNC;LAT;CNC;SR;OK;TASK000014171815;Priority 3;NA
FUN;DCF;FUN;SR;OK;TASK000014171878;Priority 3;NA
APS;EES;APS;SR;OK;TASK000014171935;Priority 3;NA
APS;EES;APS;SR;OK;TASK000014171937;Priority 3;NA
SEC;DCF;SEC;SR;OK;TASK000014171997;Priority 3;NA
DBA;812;DBA;SR;OK;TASK000014172022;Priority 3;NA
SEC;812;SEC;SR;OK;TASK000014172208;Priority 3;NA
SEC;SYN;SEC;SR;OK;TASK000014172304;Priority 3;NA
SEC;812;SEC;SR;OK;TASK000014172378;Priority 3;NA
FUN;DXE;FUN;SR;OK;TASK000014172472;Priority 3;NA
CNC;812;CNC;SR;OK;TASK000014172477;Priority 3;NA
SCH;812;SCH;SR;OK;TASK000014172577;Priority 3;NA
SCH;812;SCH;SR;OK;TASK000014172578;Priority 3;NA
APS;ETH;APS;SR;OK;TASK000014172643;Priority 3;NA
SEC;DCF;SEC;SR;Defect;TASK000014172668;Priority 3;NA
SEC;SYN;SEC;SR;OK;TASK000014172750;Priority 3;NA
APS;ETH;APS;SR;OK;TASK000014172782;Priority 3;NA
APS;ETH;APS;SR;OK;TASK000014172795;Priority 3;NA
DBA;812;DBA;SR;OK;TASK000014172892;Priority 3;NA
SEC;SYN;SEC;SR;OK;TASK000014172951;Priority 3;NA
FUN;LAT;FUN;SR;OK;TASK000014172992;Priority 3;NA
APS;DCF;APS;SR;OK;TASK000014172999;Priority 3;NA
SEC;MNT;SEC;SR;OK;TASK000014173080;Priority 3;NA
CNC;LAT;CNC;SR;OK;TASK000014173114;Priority 3;NA
APS;ETH;APS;SR;OK;TASK000014173191;Priority 3;NA
CNC;ETH;CNC;SR;OK;TASK000014173303;Priority 3;NA
APS;ETH;APS;SR;OK;TASK000014173313;Priority 3;NA
APS;ETH;APS;SR;OK;TASK000014173315;Priority 3;NA
SEC;SYN;SEC;SR;OK;TASK000014173328;Priority 3;NA
SEC;CAN;SEC;SR;OK;TASK000014173365;Priority 3;NA
SEC;SYN;SEC;SR;OK;TASK000014173369;Priority 3;NA
SEC;SYN;SEC;SR;Defect;TASK000014173461;Priority 3;NA
L1;BWI;L1 ;SR;OK;TASK000014173494;Priority 3;NA
SEC;BWI;SEC;SR;OK;TASK000014173520;Priority 4;NA
SEC;DCF;SEC;SR;Defect;TASK000014173523;Priority 3;NA
SEC;DCF;SEC;SR;OK;TASK000014173538;Priority 3;NA
L1;BWI;L1 ;SR;OK;TASK000014173544;Priority 3;NA
SEC;SYN;SEC;SR;OK;TASK000014173563;Priority 3;NA
L1;BWI;L1 ;SR;OK;TASK000014173575;Priority 4;NA
APS;ETH;APS;SR;OK;TASK000014173596;Priority 3;NA
SEC;SYN;SEC;SR;OK;TASK000014173615;Priority 3;NA
L1;BWI;L1 ;SR;OK;TASK000014173647;Priority 3;NA
SEC;MNT;SEC;SR;OK;TASK000014173704;Priority 3;NA
L1;BWI;L1 ;SR;OK;TASK000014173874;Priority 4;NA
L1;EES;CNC;SR;OK;TASK000014173886;Priority 3;NA
SEC;BWI;SEC;SR;OK;TASK000014173985;Priority 4;NA
L1;BWI;L1 ;SR;OK;TASK000014173991;Priority 3;NA
L1;BWI;L1 ;SR;OK;TASK000014174051;Priority 3;NA
SEC;ETH;SEC;SR;OK;TASK000014174135;Priority 3;NA
SEC;ETH;SEC;SR;OK;TASK000014174144;Priority 3;NA
CNC;ETH;CNC;SR;OK;TASK000014174195;Priority 3;NA
SEC;BWI;SEC;SR;OK;TASK000014174275;Priority 4;NA
APS;DCF;APS;SR;OK;TASK000014174314;Priority 3;NA
FUN;EES;FUN;SR;OK;TASK000014174489;Priority 4;NA
APS;ETH;APS;SR;OK;TASK000014174787;Priority 3;NA
APS;ETH;APS;SR;OK;TASK000014174815;Priority 3;NA
APS;ETH;APS;SR;OK;TASK000014174869;Priority 3;NA
APS;ETH;APS;SR;OK;TASK000014174969;Priority 3;NA
APS;ETH;APS;SR;OK;TASK000014174984;Priority 3;NA
SEC;812;SEC;SR;OK;TASK000014174997;Priority 3;NA
TEC;DCF;FUN;SR;OK;TASK000014175012;Priority 3;NA
FUN;DCF;FUN;SR;OK;TASK000014175039;Priority 3;NA
SEC;WS;SEC;SR;OK;TASK000014175072;Priority 3;NA
DBA;812;DBA;SR;OK;TASK000014175111;Priority 3;NA
CNC;812;CNC;SR;OK;TASK000014175143;Priority 3;NA
SEC;EDS;SEC;SR;OK;TASK000014175167;Priority 3;NA
DBA;812;DBA;SR;OK;TASK000014175283;Priority 3;NA
TEC;DCF;FUN;SR;OK;TASK000014175286;Priority 3;NA
FUN;ETH;FUN;SR;OK;TASK000014175291;Priority 4;NA
SCH;812;SCH;SR;OK;TASK000014175368;Priority 3;NA
SEC;812;SEC;SR;OK;TASK000014175405;Priority 3;NA
FIN;MNT;FUN;SR;OK;TASK000014175411;Priority 3;NA
FUN;WS;FUN;SR;OK;TASK000014175616;Priority 3;NA
CNC;812;CNC;SR;OK;TASK000014175632;Priority 3;NA
DBA;812;DBA;SR;OK;TASK000014175676;Priority 3;NA
TEC;DCF;FUN;SR;OK;TASK000014175744;Priority 3;NA
SEC;SYN;SEC;SR;OK;TASK000014175874;Priority 3;NA
SEC;SYN;SEC;SR;OK;TASK000014175904;Priority 3;NA
SEC;DCF;SEC;SR;OK;TASK000014175966;Priority 3;NA
FUN;LAT;FUN;SR;OK;TASK000014175970;Priority 3;NA
SEC;SYN;SEC;SR;OK;TASK000014176017;Priority 3;NA
SEC;812;SEC;SR;OK;TASK000014176042;Priority 3;NA
CNC;812;CNC;SR;OK;TASK000014176124;Priority 3;NA
DBA;812;DBA;SR;OK;TASK000014176145;Priority 3;NA
DBA;812;DBA;SR;OK;TASK000014176236;Priority 3;NA
DBA;812;DBA;SR;OK;TASK000014176249;Priority 3;NA
CNC;ETH;CNC;SR;OK;TASK000014176251;Priority 3;NA
APS;EES;APS;SR;OK;TASK000014176278;Priority 4;NA
CNC;ETH;CNC;SR;OK;TASK000014176305;Priority 3;NA
SEC;812;SEC;SR;OK;TASK000014176371;Priority 3;NA
CNC;BWI;CNC;SR;OK;TASK000014176432;Priority 3;NA
FUN;812;FUN;SR;OK;TASK000014176544;Priority 4;NA
CNC;ETH;CNC;SR;OK;TASK000014176560;Priority 3;NA
CNC;812;CNC;SR;OK;TASK000014176567;Priority 3;NA
FIN;812;FUN;SR;OK;TASK000014176572;Priority 4;NA
SEC;DCF;SEC;SR;Defect;TASK000014176592;Priority 3;NA
CNC;ETH;CNC;SR;OK;TASK000014176593;Priority 3;NA
SEC;BWI;SEC;SR;OK;TASK000014176653;Priority 4;NA
SEC;BWI;SEC;SR;OK;TASK000014176918;Priority 4;NA
SEC;SYN;SEC;SR;OK;TASK000014176919;Priority 3;NA
SEC;812;SEC;SR;OK;TASK000014177000;Priority 3;NA
DBA;812;DBA;SR;OK;TASK000014177152;Priority 3;NA
SEC;DCF;SEC;SR;Defect;TASK000014177161;Priority 3;NA
MNT;MNT;FUN;SR;OK;TASK000014177397;Priority 4;NA
SEC;812;SEC;SR;OK;TASK000014177445;Priority 3;NA
CNC;812;CNC;SR;OK;TASK000014177590;Priority 3;NA
SEC;SYN;SEC;SR;OK;TASK000014177603;Priority 3;NA
SEC;MNT;SEC;SR;OK;TASK000014177643;Priority 3;NA
SEC;SYN;SEC;SR;OK;TASK000014177660;Priority 3;NA
CNC;ETH;CNC;SR;OK;TASK000014177682;Priority 3;NA
SEC;812;SEC;SR;OK;TASK000014177697;Priority 3;NA
CNC;LAT;CNC;SR;OK;TASK000014177839;Priority 3;NA
MNT;MNT;FUN;SR;OK;TASK000014178088;Priority 4;NA
SEC;SYN;SEC;SR;Defect;TASK000014178163;Priority 3;NA
APS;EES;APS;SR;OK;TASK000014178181;Priority 4;NA
CNC;BWI;CNC;SR;OK;TASK000014178252;Priority 3;NA
SEC;SYN;SEC;SR;OK;TASK000014178271;Priority 3;NA
CNC;ETH;CNC;SR;OK;TASK000014178329;Priority 3;NA
SEC;SYN;SEC;SR;Defect;TASK000014178385;Priority 3;NA
SEC;BWI;SEC;SR;OK;TASK000014178475;Priority 4;NA
SEC;DCF;SEC;SR;OK;TASK000014178640;Priority 3;NA
SEC;BWI;SEC;SR;OK;TASK000014178699;Priority 4;NA
APS;EES;APS;SR;OK;TASK000014178735;Priority 3;NA
CNC;DPY;CNC;SR;OK;TASK000014178918;Priority 3;NA
SEC;DCF;SEC;SR;Defect;TASK000014178953;Priority 3;NA
CNC;ETH;CNC;SR;OK;TASK000014178973;Priority 3;NA
L1;812;MON;SR;OK;TASK000014179768;Priority 4;NA
DBA;812;DBA;SR;OK;TASK000014179795;Priority 3;NA
DBA;812;DBA;SR;OK;TASK000014179808;Priority 3;NA
SEC;812;SEC;SR;OK;TASK000014179889;Priority 3;NA
SEC;812;SEC;SR;OK;TASK000014179901;Priority 3;NA
TEC;DCF;FUN;SR;OK;TASK000014179954;Priority 3;NA
TEC;DCF;FUN;SR;OK;TASK000014180056;Priority 3;NA
FUN;812;FUN;SR;OK;TASK000014180061;Priority 3;NA
CNC;CAN;CNC;SR;OK;TASK000014180088;Priority 3;NA
FIN;812;FUN;SR;OK;TASK000014180317;Priority 3;NA
FUN;DCF;FUN;SR;OK;TASK000014180372;Priority 3;NA
FIN;MNT;FUN;SR;OK;TASK000014180437;Priority 3;NA
SEC;MNT;SEC;SR;OK;TASK000014180496;Priority 3;NA
SEC;MNT;SEC;SR;OK;TASK000014180514;Priority 3;NA
APS;ETH;APS;SR;OK;TASK000014180520;Priority 4;NA
APS;ETH;APS;SR;OK;TASK000014180521;Priority 3;NA
SEC;812;SEC;SR;OK;TASK000014180728;Priority 3;NA
SEC;812;SEC;SR;OK;TASK000014180822;Priority 3;NA
SEC;SYN;SEC;SR;OK;TASK000014180862;Priority 3;NA
MNT;MNT;FUN;SR;OK;TASK000014180892;Priority 4;NA
DBA;812;DBA;SR;OK;TASK000014180966;Priority 3;NA
DBA;812;DBA;SR;OK;TASK000014181087;Priority 3;NA
SEC;812;SEC;SR;OK;TASK000014181187;Priority 3;NA
SEC;DCF;SEC;SR;OK;TASK000014181265;Priority 3;NA
APS;EES;APS;SR;OK;TASK000014181276;Priority 4;NA
SEC;SYN;SEC;SR;OK;TASK000014181390;Priority 3;NA
SCH;812;SCH;SR;OK;TASK000014181504;Priority 3;NA
SEC;SYN;SEC;SR;OK;TASK000014181517;Priority 3;NA
CNC;ETH;CNC;SR;OK;TASK000014181532;Priority 3;NA
FUN;LAT;FUN;SR;OK;TASK000014181568;Priority 3;NA
CNC;DXE;CNC;SR;OK;TASK000014181788;Priority 3;NA
APS;ETH;APS;SR;OK;TASK000014181797;Priority 3;NA
SEC;812;SEC;SR;OK;TASK000014181820;Priority 3;NA
DBA;812;DBA;SR;OK;TASK000014181857;Priority 3;NA
SEC;812;SEC;SR;OK;TASK000014182162;Priority 3;NA
APS;ETH;APS;SR;OK;TASK000014182247;Priority 3;NA
OPS;WS;OPS;SR;OK;TASK000014182248;Priority 4;NA
L1;BWI;L1 ;SR;OK;TASK000014182300;Priority 3;NA
SEC;SYN;SEC;SR;OK;TASK000014182338;Priority 3;NA
MNT;MNT;FUN;SR;OK;TASK000014182443;Priority 4;NA
SEC;MNT;SEC;SR;OK;TASK000014182501;Priority 3;NA
SEC;DCF;SEC;SR;OK;TASK000014182550;Priority 3;NA
CNC;BWI;CNC;SR;OK;TASK000014182572;Priority 3;NA
SEC;ETH;SEC;SR;OK;TASK000014182690;Priority 3;NA
SEC;BWI;SEC;SR;OK;TASK000014182737;Priority 4;NA
APS;EES;APS;SR;OK;TASK000014182858;Priority 4;NA
CNC;812;CNC;SR;OK;TASK000014182875;Priority 3;NA
DCF;DCF;FUN;SR;OK;TASK000014182879;Priority 3;NA
SEC;SYN;SEC;SR;Defect;TASK000014182884;Priority 3;NA
SEC;MNT;SEC;SR;OK;TASK000014182891;Priority 3;NA
SEC;MNT;SEC;SR;OK;TASK000014183013;Priority 3;NA
FUN;LAT;FUN;SR;OK;TASK000014183080;Priority 3;NA
APS;ETH;APS;SR;OK;TASK000014183177;Priority 3;NA
SEC;MNT;SEC;SR;OK;TASK000014183212;Priority 3;NA
CNC;ETH;CNC;SR;OK;TASK000014183319;Priority 3;NA
L1;812;MON;SR;OK;TASK000014183366;Priority 3;NA
L1;MNT;MON;SR;OK;TASK000014183614;Priority 4;NA
SEC;BWI;SEC;SR;OK;TASK000014183664;Priority 4;NA
SEC;WS;SEC;SR;OK;TASK000014183895;Priority 3;NA
APS;ETH;APS;SR;OK;TASK000014183946;Priority 3;NA
DBA;812;DBA;SR;OK;TASK000014184914;Priority 3;NA
FUN;DCF;FUN;SR;OK;TASK000014184990;Priority 3;NA
DBA;812;DBA;SR;OK;TASK000014185040;Priority 3;NA
DBA;812;DBA;SR;OK;TASK000014185092;Priority 3;NA
CNC;DPY;CNC;SR;OK;TASK000014185327;Priority 3;NA
DBA;812;DBA;SR;OK;TASK000014185464;Priority 3;NA
TEC;DCF;FUN;SR;OK;TASK000014185621;Priority 3;NA
FUN;812;FUN;SR;OK;TASK000014185642;Priority 3;NA
DBA;812;DBA;SR;OK;TASK000014185663;Priority 3;NA
SEC;DXE;SEC;SR;OK;TASK000014185683;Priority 3;NA
DBA;812;DBA;SR;OK;TASK000014185699;Priority 3;NA
DBA;812;DBA;SR;OK;TASK000014185716;Priority 3;NA
SEC;812;SEC;SR;OK;TASK000014185745;Priority 3;NA
SEC;812;SEC;SR;OK;TASK000014185779;Priority 3;NA
SEC;812;SEC;SR;OK;TASK000014185799;Priority 3;NA
SEC;812;SEC;SR;OK;TASK000014185818;Priority 3;NA
DBA;812;DBA;SR;OK;TASK000014185925;Priority 3;NA
SEC;WS;SEC;SR;OK;TASK000014186063;Priority 3;NA
DBA;812;DBA;SR;OK;TASK000014186073;Priority 3;NA
SEC;812;SEC;SR;OK;TASK000014186096;Priority 3;NA
SEC;812;SEC;SR;OK;TASK000014186118;Priority 3;NA
DBA;812;DBA;SR;OK;TASK000014186173;Priority 3;NA
SEC;812;SEC;SR;OK;TASK000014186188;Priority 3;NA
DBA;812;DBA;SR;OK;TASK000014186199;Priority 3;NA
CNC;812;CNC;SR;OK;TASK000014186248;Priority 3;NA
SEC;812;SEC;SR;OK;TASK000014186405;Priority 3;NA
L1;DCF;CNC;SR;OK;TASK000014186445;Priority 3;NA
FUN;DXE;FUN;SR;OK;TASK000014186531;Priority 3;NA
SEC;WS;SEC;SR;OK;TASK000014186550;Priority 3;NA
DBA;812;DBA;SR;OK;TASK000014186599;Priority 3;NA
DBA;812;DBA;SR;OK;TASK000014186628;Priority 3;NA
CNC;ETH;CNC;SR;OK;TASK000014186691;Priority 3;NA
SEC;EMS;SEC;SR;OK;TASK000014186725;Priority 3;NA
SEC;DCF;SEC;SR;OK;TASK000014186825;Priority 3;NA
SEC;DCF;SEC;SR;OK;TASK000014186830;Priority 3;NA
FIN;812;FUN;SR;Defect;TASK000014186869;Priority 4;NA
DCF;DCF;FUN;SR;OK;TASK000014186887;Priority 3;NA
TEC;DCF;FUN;SR;OK;TASK000014186920;Priority 3;NA
APS;ETH;APS;SR;OK;TASK000014186927;Priority 3;NA
SEC;812;SEC;SR;OK;TASK000014187021;Priority 3;NA
APS;ETH;APS;SR;OK;TASK000014187122;Priority 4;NA
SEC;812;SEC;SR;OK;TASK000014187163;Priority 3;NA
SEC;812;SEC;SR;OK;TASK000014187178;Priority 3;NA
SEC;EMS;SEC;SR;OK;TASK000014187212;Priority 3;NA
DBA;812;DBA;SR;OK;TASK000014187220;Priority 3;NA
SEC;812;SEC;SR;OK;TASK000014187248;Priority 3;NA
SEC;812;SEC;SR;OK;TASK000014187267;Priority 3;NA
SEC;812;SEC;SR;OK;TASK000014187271;Priority 3;NA
SEC;812;SEC;SR;OK;TASK000014187273;Priority 3;NA
DBA;812;DBA;SR;OK;TASK000014187342;Priority 3;NA
L1;812;MON;SR;OK;TASK000014187462;Priority 3;NA
SEC;SYN;SEC;SR;OK;TASK000014187649;Priority 3;NA
APS;ETH;APS;SR;OK;TASK000014187689;Priority 4;NA
APS;ETH;APS;SR;OK;TASK000014187716;Priority 3;NA
SEC;SYN;SEC;SR;OK;TASK000014187745;Priority 3;NA
L1;BWI;L1 ;SR;OK;TASK000014187773;Priority 3;NA
SEC;812;SEC;SR;OK;TASK000014187886;Priority 3;NA
SEC;SYN;SEC;SR;OK;TASK000014187961;Priority 3;NA
CNC;812;CNC;SR;OK;TASK000014188025;Priority 3;NA
SEC;BWI;SEC;SR;OK;TASK000014188044;Priority 4;NA
DBA;812;DBA;SR;OK;TASK000014188131;Priority 3;NA
DBA;812;DBA;SR;OK;TASK000014188197;Priority 3;NA
SEC;812;SEC;SR;OK;TASK000014188356;Priority 3;NA
SEC;BWI;SEC;SR;OK;TASK000014188423;Priority 4;NA
APS;ETH;APS;SR;OK;TASK000014188439;Priority 3;NA
APS;ETH;APS;SR;OK;TASK000014188549;Priority 3;NA
SEC;SYN;SEC;SR;OK;TASK000014188651;Priority 3;NA
SEC;SYN;SEC;SR;OK;TASK000014188736;Priority 3;NA
SEC;DCF;SEC;SR;OK;TASK000014188836;Priority 3;NA
SEC;SYN;SEC;SR;OK;TASK000014188840;Priority 3;NA
SEC;BWI;SEC;SR;OK;TASK000014188843;Priority 4;NA
SEC;BWI;SEC;SR;OK;TASK000014188872;Priority 4;NA
APS;ETH;APS;SR;OK;TASK000014188911;Priority 3;NA
SEC;BWI;SEC;SR;OK;TASK000014188934;Priority 4;NA
SEC;EMS;SEC;SR;OK;TASK000014188937;Priority 3;NA
CNC;ETH;CNC;SR;OK;TASK000014188956;Priority 4;NA
SEC;SYN;SEC;SR;OK;TASK000014188971;Priority 3;NA
SEC;SYN;SEC;SR;OK;TASK000014188982;Priority 3;NA
CNC;BWI;CNC;SR;OK;TASK000014189203;Priority 3;NA
CNC;812;CNC;SR;OK;TASK000014189267;Priority 3;NA
SEC;BWI;SEC;SR;OK;TASK000014189598;Priority 4;NA
SEC;812;SEC;SR;OK;TASK000014189840;Priority 3;NA
FUN;DCF;FUN;SR;OK;TASK000014190088;Priority 3;NA
SEC;812;SEC;SR;OK;TASK000014190104;Priority 3;NA
SEC;EDS;SEC;SR;OK;TASK000014190154;Priority 3;NA
SEC;812;SEC;SR;OK;TASK000014190336;Priority 3;NA
DBA;812;DBA;SR;OK;TASK000014190386;Priority 3;NA
FUN;812;FUN;SR;OK;TASK000014190431;Priority 3;NA
SEC;DCF;SEC;SR;OK;TASK000014190444;Priority 3;NA
DBA;812;DBA;SR;OK;TASK000014190572;Priority 3;NA
DBA;812;DBA;SR;OK;TASK000014190573;Priority 3;NA
DBA;812;DBA;SR;OK;TASK000014190574;Priority 3;NA
L1;812;MON;SR;OK;TASK000014190620;Priority 4;NA
L1;812;MON;SR;OK;TASK000014190622;Priority 4;NA
L1;812;MON;SR;OK;TASK000014190648;Priority 4;NA
SEC;812;SEC;SR;OK;TASK000014190651;Priority 3;NA
DBA;812;DBA;SR;OK;TASK000014190711;Priority 3;NA
SEC;EDS;SEC;SR;OK;TASK000014190725;Priority 3;NA
FIN;MNT;FUN;SR;OK;TASK000014190749;Priority 3;NA
L1;MNT;MON;SR;OK;TASK000014190761;Priority 3;NA
APS;ETH;APS;SR;OK;TASK000014190824;Priority 3;NA
SEC;812;SEC;SR;OK;TASK000014190853;Priority 3;NA
CNC;812;CNC;SR;OK;TASK000014190859;Priority 3;NA
SEC;812;SEC;SR;OK;TASK000014190902;Priority 3;NA
SEC;812;SEC;SR;OK;TASK000014190907;Priority 3;NA
SCH;812;SCH;SR;OK;TASK000014190976;Priority 3;NA
SCH;812;SCH;SR;OK;TASK000014191003;Priority 3;NA
SEC;812;SEC;SR;OK;TASK000014191004;Priority 3;NA
SEC;812;SEC;SR;OK;TASK000014191007;Priority 3;NA
SEC;812;SEC;SR;OK;TASK000014191056;Priority 3;NA
CNC;812;CNC;SR;OK;TASK000014191284;Priority 3;NA
FUN;812;FUN;SR;OK;TASK000014191294;Priority 3;NA
SEC;DCF;SEC;SR;OK;TASK000014191349;Priority 3;NA
SEC;812;SEC;SR;OK;TASK000014191533;Priority 3;NA
SEC;SYN;SEC;SR;OK;TASK000014191549;Priority 3;NA
SEC;SYN;SEC;SR;OK;TASK000014191601;Priority 3;NA
APS;ETH;APS;SR;OK;TASK000014191619;Priority 3;NA
SEC;SYN;SEC;SR;OK;TASK000014191623;Priority 3;NA
SEC;SYN;SEC;SR;Defect;TASK000014191668;Priority 3;NA
SEC;812;SEC;SR;OK;TASK000014191707;Priority 3;NA
SEC;812;SEC;SR;OK;TASK000014191782;Priority 3;NA
SEC;812;SEC;SR;OK;TASK000014191916;Priority 3;NA
CNC;LAT;CNC;SR;OK;TASK000014191946;Priority 4;NA
SEC;SYN;SEC;SR;OK;TASK000014192098;Priority 3;NA
SEC;812;SEC;SR;OK;TASK000014192127;Priority 3;NA
SEC;812;SEC;SR;OK;TASK000014192149;Priority 3;NA
SEC;DCF;SEC;SR;OK;TASK000014192261;Priority 3;NA
CNC;812;CNC;SR;OK;TASK000014192316;Priority 3;NA
FIN;812;INS;SR;Defect;TASK000014192437;Priority 3;NA
APS;ETH;APS;SR;OK;TASK000014192485;Priority 3;NA
L1;BWI;L1 ;SR;OK;TASK000014192588;Priority 3;NA
APS;ETH;APS;SR;OK;TASK000014192639;Priority 3;NA
FUN;812;FUN;SR;OK;TASK000014192730;Priority 4;NA
DBA;812;DBA;SR;OK;TASK000014192786;Priority 3;NA
CNC;812;CNC;SR;OK;TASK000014192812;Priority 3;NA
CNC;812;CNC;SR;OK;TASK000014193001;Priority 3;NA
SEC;CAN;SEC;SR;OK;TASK000014193066;Priority 3;NA
APS;ETH;APS;SR;OK;TASK000014193133;Priority 4;NA
FUN;812;FUN;SR;OK;TASK000014193155;Priority 4;NA
SEC;SYN;SEC;SR;Defect;TASK000014193167;Priority 3;NA
APS;ETH;APS;SR;OK;TASK000014193171;Priority 4;NA
FIN;DXE;FUN;SR;OK;TASK000014193190;Priority 3;NA
APS;EES;APS;SR;OK;TASK000014193325;Priority 4;NA
SEC;SYN;SEC;SR;Defect;TASK000014193331;Priority 3;NA
SEC;BWI;SEC;SR;OK;TASK000014193478;Priority 4;NA
SEC;BWI;SEC;SR;OK;TASK000014193509;Priority 4;NA
SEC;BWI;SEC;SR;OK;TASK000014193518;Priority 4;NA
SEC;BWI;SEC;SR;OK;TASK000014193677;Priority 4;NA
APS;ETH;APS;SR;OK;TASK000014193724;Priority 3;NA
APS;ETH;APS;SR;OK;TASK000014193792;Priority 3;NA
L1;812;MON;SR;OK;TASK000014193843;Priority 3;NA
SEC;SYN;SEC;SR;OK;TASK000014193950;Priority 3;NA
TEC;DCF;FUN;SR;Defect;TASK000014193965;Priority 3;NA
SEC;SYN;SEC;SR;Defect;TASK000014193999;Priority 3;NA
CNC;MNT;MON;SR;OK;TASK000014194171;Priority 4;NA
L1;812;MON;SR;OK;TASK000014194640;Priority 3;NA
L1;812;MON;SR;OK;TASK000014194845;Priority 3;NA
DBA;812;DBA;SR;OK;TASK000014195070;Priority 3;NA
APS;ETH;APS;SR;OK;TASK000014195308;Priority 3;NA
DBA;812;DBA;SR;OK;TASK000014195373;Priority 3;NA
APS;ETH;APS;SR;OK;TASK000014195377;Priority 4;NA
SEC;DXE;SEC;SR;OK;TASK000014195477;Priority 3;NA
APS;ETH;APS;SR;OK;TASK000014195480;Priority 3;NA
FUN;WS;FUN;SR;OK;TASK000014195549;Priority 4;NA
APS;ETH;APS;SR;OK;TASK000014195637;Priority 3;NA
SEC;DXE;SEC;SR;OK;TASK000014195644;Priority 3;NA
SEC;DXE;SEC;SR;OK;TASK000014195649;Priority 3;NA
SEC;WS;SEC;SR;OK;TASK000014195656;Priority 3;NA
SEC;812;SEC;SR;OK;TASK000014195783;Priority 3;NA
SEC;SYN;SEC;SR;OK;TASK000014195888;Priority 3;NA
DBA;812;DBA;SR;OK;TASK000014195906;Priority 3;NA
L1;812;MON;SR;OK;TASK000014195987;Priority 3;NA
APS;ETH;APS;SR;OK;TASK000014196014;Priority 3;NA
CNC;ETH;CNC;SR;OK;TASK000014196061;Priority 3;NA
SEC;EMS;SEC;SR;OK;TASK000014196086;Priority 3;NA
CNC;DXE;CNC;SR;OK;TASK000014196131;Priority 3;NA
CNC;DCF;CNC;SR;OK;TASK000014196144;Priority 3;NA
SEC;SYN;SEC;SR;OK;TASK000014196147;Priority 3;NA
FUN;WS;FUN;SR;OK;TASK000014196211;Priority 4;NA
SEC;SYN;SEC;SR;OK;TASK000014196222;Priority 3;NA
FUN;ETH;FUN;SR;OK;TASK000014196250;Priority 3;NA
SEC;DCF;SEC;SR;Defect;TASK000014196253;Priority 3;NA
SEC;DCF;SEC;SR;OK;TASK000014196254;Priority 3;NA
SEC;SYN;SEC;SR;OK;TASK000014196264;Priority 3;NA
APS;ETH;APS;SR;OK;TASK000014196274;Priority 3;NA
DBA;812;DBA;SR;OK;TASK000014196287;Priority 3;NA
APS;ETH;APS;SR;OK;TASK000014196457;Priority 3;NA
CNC;DPY;CNC;SR;OK;TASK000014196491;Priority 3;NA
SEC;812;SEC;SR;OK;TASK000014196506;Priority 3;NA
SEC;LAT;SEC;SR;OK;TASK000014196541;Priority 3;NA
FUN;COR;FUN;SR;OK;TASK000014196647;Priority 3;NA
L1;812;MON;SR;OK;TASK000014196664;Priority 3;NA
CNC;EES;CNC;SR;OK;TASK000014196693;Priority 3;NA
SEC;DCF;SEC;SR;OK;TASK000014196709;Priority 3;NA
SEC;SYN;SEC;SR;OK;TASK000014196710;Priority 3;NA
L1;812;MON;SR;OK;TASK000014196743;Priority 3;NA
APS;ETH;APS;SR;OK;TASK000014196746;Priority 3;NA
SEC;812;SEC;SR;OK;TASK000014196773;Priority 3;NA
SEC;WS;SEC;SR;OK;TASK000014196810;Priority 3;NA
SEC;BWI;SEC;SR;OK;TASK000014196829;Priority 4;NA
SEC;DCF;SEC;SR;OK;TASK000014196853;Priority 3;NA
APS;DCF;APS;SR;OK;TASK000014196876;Priority 3;NA
APS;ETH;APS;SR;OK;TASK000014196969;Priority 3;NA
SCH;812;SCH;SR;OK;TASK000014197161;Priority 3;NA
DCF;DCF;FUN;SR;OK;TASK000014197268;Priority 3;NA
APS;ETH;APS;SR;OK;TASK000014197275;Priority 3;NA
FUN;EES;FUN;SR;OK;TASK000014197282;Priority 4;NA
SCH;812;SCH;SR;OK;TASK000014197285;Priority 3;NA
APS;ETH;APS;SR;OK;TASK000014197300;Priority 3;NA
SEC;SYN;SEC;SR;Defect;TASK000014197305;Priority 3;NA
FUN;EES;FUN;SR;OK;TASK000014197317;Priority 4;NA
APS;ETH;APS;SR;OK;TASK000014197329;Priority 3;NA
APS;ETH;APS;SR;OK;TASK000014197401;Priority 3;NA
APS;ETH;APS;SR;OK;TASK000014197455;Priority 3;NA
APS;ETH;APS;SR;OK;TASK000014197515;Priority 3;NA
L1;BWI;L1 ;SR;OK;TASK000014197622;Priority 3;NA
CNC;812;FUN;SR;OK;TASK000014197643;Priority 3;NA
SEC;SYN;SEC;SR;Defect;TASK000014197732;Priority 3;NA
CNC;BWI;CNC;SR;OK;TASK000014197767;Priority 3;NA
SEC;BWI;SEC;SR;OK;TASK000014197810;Priority 3;NA
SEC;SYN;SEC;SR;OK;TASK000014197870;Priority 3;NA
SEC;BWI;SEC;SR;OK;TASK000014198294;Priority 4;NA
SEC;BWI;SEC;SR;OK;TASK000014198318;Priority 4;NA
CNC;ETH;CNC;SR;OK;TASK000014198375;Priority 3;NA
SEC;SYN;SEC;SR;OK;TASK000014198388;Priority 3;NA
APS;ETH;APS;SR;OK;TASK000014198389;Priority 3;NA
SEC;BWI;SEC;SR;OK;TASK000014198391;Priority 4;NA
SEC;BWI;SEC;SR;OK;TASK000014198393;Priority 4;NA
SEC;BWI;SEC;SR;OK;TASK000014198397;Priority 4;NA
SEC;BWI;SEC;SR;OK;TASK000014198408;Priority 4;NA
SEC;SYN;SEC;SR;Defect;TASK000014198428;Priority 3;NA
L1;BWI;L1 ;SR;OK;TASK000014198435;Priority 3;NA
APS;ETH;APS;SR;OK;TASK000014198469;Priority 3;NA
SEC;SYN;SEC;SR;Defect;TASK000014198494;Priority 3;NA
APS;ETH;APS;SR;OK;TASK000014198501;Priority 3;NA
APS;ETH;APS;SR;OK;TASK000014198547;Priority 3;NA
CNC;BWI;L1 ;SR;OK;TASK000014198962;Priority 4;NA
SEC;BWI;SEC;SR;OK;TASK000014199075;Priority 4;NA
L1;812;MON;SR;OK;TASK000014199276;Priority 4;NA
L1;812;MON;SR;OK;TASK000014199543;Priority 3;NA
DBA;812;DBA;SR;OK;TASK000014200013;Priority 3;NA
CNC;812;CNC;SR;OK;TASK000014200390;Priority 3;NA
APS;ETH;APS;SR;OK;TASK000014200438;Priority 3;NA
APS;ETH;APS;SR;OK;TASK000014200484;Priority 3;NA
DBA;812;DBA;SR;OK;TASK000014200552;Priority 3;NA
SEC;812;SEC;SR;OK;TASK000014200635;Priority 3;NA
DBA;812;DBA;SR;OK;TASK000014200975;Priority 3;NA
CNC;812;CNC;SR;OK;TASK000014200977;Priority 3;NA
DBA;812;DBA;SR;OK;TASK000014201017;Priority 3;NA
DBA;812;DBA;SR;OK;TASK000014201021;Priority 3;NA
DBA;812;DBA;SR;OK;TASK000014201043;Priority 3;NA
DBA;812;DBA;SR;OK;TASK000014201057;Priority 3;NA
DBA;812;DBA;SR;OK;TASK000014201067;Priority 3;NA
CNC;DCF;CNC;SR;OK;TASK000014201071;Priority 3;NA
DBA;812;DBA;SR;OK;TASK000014201073;Priority 3;NA
DBA;812;DBA;SR;OK;TASK000014201082;Priority 3;NA
SEC;SYN;SEC;SR;OK;TASK000014201115;Priority 3;NA
CNC;812;CNC;SR;OK;TASK000014201188;Priority 3;NA
CNC;DCF;CNC;SR;OK;TASK000014201381;Priority 3;NA
FUN;812;FUN;SR;OK;TASK000014201431;Priority 3;NA
FUN;812;FUN;SR;OK;TASK000014201432;Priority 3;NA
FUN;DXE;FUN;SR;OK;TASK000014201495;Priority 4;NA
APS;EES;APS;SR;OK;TASK000014201532;Priority 4;NA
DBA;812;DBA;SR;OK;TASK000014201756;Priority 3;NA
DBA;812;DBA;SR;OK;TASK000014201775;Priority 3;NA
DBA;812;DBA;SR;OK;TASK000014201776;Priority 3;NA
CNC;ETH;CNC;SR;OK;TASK000014201819;Priority 3;NA
DBA;812;DBA;SR;OK;TASK000014201848;Priority 3;NA
CNC;LAT;CNC;SR;OK;TASK000014201942;Priority 3;NA
SEC;SYN;SEC;SR;OK;TASK000014201984;Priority 3;NA
DBA;812;DBA;SR;OK;TASK000014201993;Priority 3;NA
SEC;DCF;SEC;SR;Defect;TASK000014202141;Priority 3;NA
SEC;SYN;SEC;SR;OK;TASK000014202212;Priority 3;NA
CNC;812;CNC;SR;OK;TASK000014202215;Priority 3;NA
APS;EES;APS;SR;OK;TASK000014202233;Priority 4;NA
FUN;DXE;FUN;SR;OK;TASK000014202338;Priority 3;NA
SEC;BWI;SEC;SR;OK;TASK000014202368;Priority 4;NA
SEC;BWI;SEC;SR;OK;TASK000014202386;Priority 4;NA
SEC;EMS;SEC;SR;OK;TASK000014202520;Priority 3;NA
SEC;EMS;SEC;SR;OK;TASK000014202530;Priority 3;NA
SEC;EMS;SEC;SR;OK;TASK000014202549;Priority 3;NA
CNC;DCF;FUN;SR;OK;TASK000014202586;Priority 3;NA
SEC;BWI;SEC;SR;OK;TASK000014202627;Priority 4;NA
APS;ETH;APS;SR;OK;TASK000014202746;Priority 3;NA
APS;ETH;APS;SR;OK;TASK000014202793;Priority 3;NA
SEC;SYN;SEC;SR;OK;TASK000014203020;Priority 3;NA
SEC;BWI;SEC;SR;OK;TASK000014203021;Priority 4;NA
DCF;DCF;FUN;SR;OK;TASK000014203043;Priority 3;NA
CNC;BWI;CNC;SR;OK;TASK000014203257;Priority 3;NA
SEC;DCF;SEC;SR;OK;TASK000014203332;Priority 3;NA
CNC;BWI;L1 ;SR;OK;TASK000014203533;Priority 4;NA
L1;812;MON;SR;OK;TASK000014203775;Priority 3;NA
FUN;EMS;FUN;SR;OK;TASK000014203992;Priority 3;NA
FUN;EMS;FUN;SR;OK;TASK000014203993;Priority 3;NA
CNC;DCF;CNC;SR;OK;TASK000014204144;Priority 3;NA
CNC;DCF;CNC;SR;OK;TASK000014204406;Priority 3;NA
CNC;812;CNC;SR;OK;TASK000014204441;Priority 3;NA
SCH;812;SCH;SR;OK;TASK000014205474;Priority 3;NA
SEC;DCF;SEC;SR;OK;TASK000014205630;Priority 3;NA
SEC;DCF;SEC;SR;OK;TASK000014205659;Priority 3;NA
CNC;812;CNC;SR;OK;TASK000014205939;Priority 3;NA
SEC;DCF;SEC;SR;OK;TASK000014205962;Priority 3;NA
SEC;SYN;SEC;SR;OK;TASK000014206032;Priority 3;NA
SEC;812;FUN;SR;OK;TASK000014206073;Priority 3;NA
SEC;BWI;SEC;SR;OK;TASK000014206131;Priority 4;NA
CNC;812;CNC;SR;OK;TASK000014206148;Priority 3;NA
CNC;812;CNC;SR;OK;TASK000014206254;Priority 3;NA
SEC;SYN;SEC;SR;OK;TASK000014206305;Priority 3;NA
CNC;812;CNC;SR;OK;TASK000014206340;Priority 3;NA
SEC;SYN;SEC;SR;OK;TASK000014206420;Priority 3;NA
CNC;ETH;CNC;SR;OK;TASK000014206461;Priority 3;NA
DBA;812;DBA;SR;OK;TASK000014206474;Priority 3;NA
SEC;BWI;SEC;SR;OK;TASK000014206588;Priority 4;NA
CNC;DCF;CNC;SR;OK;TASK000014206632;Priority 3;NA
CNC;ETH;CNC;SR;OK;TASK000014206644;Priority 3;NA
SEC;BWI;SEC;SR;OK;TASK000014206680;Priority 4;NA
FUN;WS;FUN;SR;OK;TASK000014206721;Priority 3;NA
SCH;812;SCH;SR;OK;TASK000014206758;Priority 3;NA
FUN;ETH;FUN;SR;OK;TASK000014206802;Priority 4;NA
FUN;ETH;FUN;SR;OK;TASK000014206959;Priority 4;NA
FUN;ETH;FUN;SR;OK;TASK000014206981;Priority 3;NA
SEC;LAT;SEC;SR;OK;TASK000014206991;Priority 3;NA
FUN;ETH;FUN;SR;OK;TASK000014206996;Priority 3;NA
FUN;ETH;FUN;SR;OK;TASK000014207019;Priority 3;NA
APS;ETH;APS;SR;OK;TASK000014207133;Priority 4;NA
SEC;DCF;SEC;SR;OK;TASK000014207166;Priority 3;NA
SEC;SYN;SEC;SR;OK;TASK000014207247;Priority 3;NA
SEC;SYN;SEC;SR;OK;TASK000014207420;Priority 3;NA
CNC;LAT;CNC;SR;OK;TASK000014207429;Priority 3;NA
SEC;LAT;SEC;SR;Defect;TASK000014207439;Priority 3;NA
CNC;ETH;CNC;SR;OK;TASK000014207661;Priority 3;NA
SEC;BWI;SEC;SR;OK;TASK000014207680;Priority 4;NA
TEC;ETH;FUN;SR;OK;TASK000014207751;Priority 3;NA
CNC;812;CNC;SR;OK;TASK000014207936;Priority 3;NA
L1;BWI;L1 ;SR;OK;TASK000014208108;Priority 3;NA
L1;BWI;L1 ;SR;OK;TASK000014208191;Priority 3;NA
FUN;DXE;FUN;SR;OK;TASK000014208260;Priority 3;NA
SEC;MNT;SEC;SR;OK;TASK000014208301;Priority 3;NA
APS;ETH;APS;SR;OK;TASK000014208330;Priority 4;NA
FUN;ETH;FUN;SR;OK;TASK000014208405;Priority 3;NA
SEC;DCF;SEC;SR;OK;TASK000014208433;Priority 3;NA
APS;ETH;APS;SR;OK;TASK000014208446;Priority 3;NA
APS;ETH;APS;SR;OK;TASK000014208571;Priority 3;NA
APS;EES;APS;SR;OK;TASK000014208605;Priority 4;NA
L1;BWI;L1 ;SR;OK;TASK000014208739;Priority 3;NA
CNC;ETH;CNC;SR;OK;TASK000014208865;Priority 3;NA
SEC;BWI;SEC;SR;OK;TASK000014208893;Priority 4;NA
SEC;ETH;SEC;SR;OK;TASK000014208969;Priority 3;NA
CNC;ETH;CNC;SR;OK;TASK000014209184;Priority 3;NA
FUN;ETH;FUN;SR;OK;TASK000014209792;Priority 3;NA
FUN;ETH;FUN;SR;OK;TASK000014209796;Priority 3;NA
SEC;DCF;SEC;SR;OK;TASK000014209891;Priority 3;NA
SEC;DCF;SEC;SR;OK;TASK000014210476;Priority 3;NA
TEC;DCF;FUN;SR;OK;TASK000014210683;Priority 3;NA
FUN;WS;FUN;SR;OK;TASK000014210775;Priority 4;NA
SEC;DCF;SEC;SR;Defect;TASK000014210838;Priority 3;NA
DBA;812;DBA;SR;OK;TASK000014210859;Priority 3;NA
CNC;812;CNC;SR;OK;TASK000014211188;Priority 3;NA
CNC;812;CNC;SR;OK;TASK000014211309;Priority 3;NA
OPS;EMS;OPS;SR;OK;TASK000014211444;Priority 3;NA
APS;EES;APS;SR;OK;TASK000014211463;Priority 4;NA
SEC;812;SEC;SR;OK;TASK000014211528;Priority 3;NA
CNC;812;CNC;SR;OK;TASK000014211556;Priority 3;NA
L1;812;CNC;SR;OK;TASK000014211586;Priority 3;NA
DBA;812;DBA;SR;OK;TASK000014211783;Priority 3;NA
SEC;812;SEC;SR;OK;TASK000014211815;Priority 3;NA
DBA;812;DBA;SR;OK;TASK000014211946;Priority 3;NA
CNC;812;CNC;SR;OK;TASK000014211964;Priority 3;NA
CNC;MNT;CNC;SR;OK;TASK000014212195;Priority 3;NA
SEC;SYN;SEC;SR;OK;TASK000014212272;Priority 3;NA
SEC;812;SEC;SR;OK;TASK000014212275;Priority 3;NA
CNC;CAN;CNC;SR;OK;TASK000014212288;Priority 3;NA
FUN;812;FUN;SR;OK;TASK000014212295;Priority 4;NA
SEC;LAT;SEC;SR;OK;TASK000014212345;Priority 3;NA
SEC;SYN;SEC;SR;OK;TASK000014212382;Priority 3;NA
SCH;812;SCH;SR;OK;TASK000014212497;Priority 3;NA
SEC;812;SEC;SR;OK;TASK000014212531;Priority 3;NA
DBA;812;DBA;SR;OK;TASK000014212779;Priority 3;NA
CNC;DXE;CNC;SR;OK;TASK000014212898;Priority 3;NA
CNC;LAT;CNC;SR;OK;TASK000014212913;Priority 3;NA
DBA;812;DBA;SR;OK;TASK000014212967;Priority 3;NA
SEC;DCF;SEC;SR;OK;TASK000014213007;Priority 3;NA
SEC;812;SEC;SR;OK;TASK000014213025;Priority 3;NA
SEC;812;SEC;SR;OK;TASK000014213026;Priority 3;NA
APS;EES;APS;SR;OK;TASK000014213045;Priority 3;NA
SEC;812;SEC;SR;OK;TASK000014213064;Priority 3;NA
SEC;812;SEC;SR;OK;TASK000014213101;Priority 3;NA
SEC;SYN;SEC;SR;OK;TASK000014213132;Priority 3;NA
SEC;SYN;SEC;SR;OK;TASK000014213146;Priority 3;NA
SCH;812;SCH;SR;OK;TASK000014213148;Priority 3;NA
SEC;MNT;SEC;SR;OK;TASK000014213220;Priority 3;NA
SEC;BWI;SEC;SR;OK;TASK000014213236;Priority 4;NA
FIN;812;FUN;SR;OK;TASK000014213250;Priority 3;NA
APS;ETH;APS;SR;OK;TASK000014213317;Priority 4;NA
SEC;EES;FUN;SR;Defect;TASK000014213338;Priority 3;NA
CNC;812;CNC;SR;OK;TASK000014213377;Priority 3;NA
SEC;DXE;SEC;SR;OK;TASK000014213451;Priority 3;NA
SEC;DCF;SEC;SR;OK;TASK000014213490;Priority 3;NA
SEC;SYN;SEC;SR;OK;TASK000014213936;Priority 3;NA
FUN;LAT;FUN;SR;OK;TASK000014213948;Priority 3;NA
SEC;LAT;SEC;SR;OK;TASK000014214111;Priority 3;NA
FUN;EES;FUN;SR;OK;TASK000014214304;Priority 4;NA
SEC;SYN;SEC;SR;OK;TASK000014214310;Priority 3;NA
DBA;812;DBA;SR;OK;TASK000014214350;Priority 3;NA
SEC;812;SEC;SR;OK;TASK000014214387;Priority 3;NA
APS;ETH;APS;SR;OK;TASK000014214447;Priority 3;NA
MNT;MNT;FUN;SR;OK;TASK000014214520;Priority 3;NA
SEC;ETH;SEC;SR;OK;TASK000014214549;Priority 3;NA
SEC;BWI;SEC;SR;OK;TASK000014214558;Priority 4;NA
L1;BWI;L1 ;SR;OK;TASK000014214590;Priority 3;NA
CNC;LAT;CNC;SR;OK;TASK000014214662;Priority 3;NA
SEC;MNT;SEC;SR;OK;TASK000014214714;Priority 3;NA
CNC;LAT;CNC;SR;OK;TASK000014214796;Priority 3;NA
FUN;DXE;FUN;SR;OK;TASK000014214934;Priority 3;NA
SEC;BWI;SEC;SR;OK;TASK000014215185;Priority 4;NA
CNC;MNT;MON;SR;OK;TASK000014215199;Priority 4;NA
L1;BWI;L1 ;SR;OK;TASK000014215232;Priority 3;NA
SEC;EMS;SEC;SR;OK;TASK000014216053;Priority 3;NA
DBA;812;DBA;SR;OK;TASK000014216135;Priority 3;NA
DBA;812;DBA;SR;OK;TASK000014216187;Priority 3;NA
FUN;DCF;FUN;SR;OK;TASK000014216474;Priority 3;NA
SEC;812;SEC;SR;OK;TASK000014216591;Priority 3;NA
SEC;DXE;SEC;SR;OK;TASK000014216832;Priority 3;NA
SEC;812;SEC;SR;OK;TASK000014216835;Priority 3;NA
SEC;812;SEC;SR;OK;TASK000014216860;Priority 3;NA
FIN;MNT;FUN;SR;OK;TASK000014216886;Priority 3;NA
SEC;812;SEC;SR;OK;TASK000014216891;Priority 3;NA
SEC;812;SEC;SR;OK;TASK000014216917;Priority 3;NA
DBA;812;DBA;SR;OK;TASK000014216929;Priority 3;NA
SEC;WS;SEC;SR;OK;TASK000014216969;Priority 3;NA
SEC;WS;SEC;SR;OK;TASK000014217106;Priority 3;NA
L1;812;CNC;SR;OK;TASK000014217116;Priority 3;NA
SEC;812;SEC;SR;OK;TASK000014217343;Priority 3;NA
DBA;812;DBA;SR;OK;TASK000014217413;Priority 3;NA
SEC;SYN;SEC;SR;OK;TASK000014217501;Priority 3;NA
DBA;812;DBA;SR;OK;TASK000014217549;Priority 3;NA
SEC;BWI;SEC;SR;OK;TASK000014217576;Priority 4;NA
SEC;DXE;SEC;SR;OK;TASK000014217673;Priority 3;NA
CNC;812;CNC;SR;OK;TASK000014217726;Priority 3;NA
FUN;812;FUN;SR;OK;TASK000014217781;Priority 4;NA
SEC;812;SEC;SR;OK;TASK000014217804;Priority 3;NA
SEC;812;SEC;SR;OK;TASK000014217883;Priority 3;NA
SEC;812;SEC;SR;OK;TASK000014218029;Priority 3;NA
SEC;812;SEC;SR;OK;TASK000014218105;Priority 3;NA
SEC;812;SEC;SR;OK;TASK000014218110;Priority 3;NA
FUN;812;FUN;SR;OK;TASK000014218168;Priority 3;NA
SEC;EES;FUN;SR;OK;TASK000014218194;Priority 3;NA
APS;EES;APS;SR;OK;TASK000014218227;Priority 4;NA
SEC;812;SEC;SR;OK;TASK000014218238;Priority 3;NA
CNC;ETH;CNC;SR;Defect;TASK000014218295;Priority 3;NA
SEC;812;SEC;SR;OK;TASK000014218303;Priority 3;NA
DBA;812;DBA;SR;OK;TASK000014218316;Priority 3;NA
SEC;812;SEC;SR;OK;TASK000014218337;Priority 3;NA
SEC;DCF;SEC;SR;OK;TASK000014218437;Priority 3;NA
APS;EES;APS;SR;OK;TASK000014218531;Priority 4;NA
SEC;812;SEC;SR;OK;TASK000014218702;Priority 3;NA
CNC;812;CNC;SR;OK;TASK000014218764;Priority 3;NA
CNC;812;CNC;SR;OK;TASK000014218792;Priority 3;NA
SEC;DPY;SEC;SR;OK;TASK000014218876;Priority 4;NA
FUN;DCF;FUN;SR;OK;TASK000014218892;Priority 4;NA
SEC;SYN;SEC;SR;OK;TASK000014218990;Priority 3;NA
SEC;SYN;SEC;SR;OK;TASK000014219180;Priority 3;NA
APS;ETH;APS;SR;OK;TASK000014219229;Priority 3;NA
SEC;SYN;SEC;SR;OK;TASK000014219246;Priority 3;NA
DBA;812;DBA;SR;OK;TASK000014219265;Priority 3;NA
SEC;MNT;SEC;SR;OK;TASK000014219353;Priority 3;NA
FUN;MNT;FUN;SR;OK;TASK000014219378;Priority 4;NA
SEC;SYN;SEC;SR;OK;TASK000014219568;Priority 3;NA
SEC;ETH;SEC;SR;OK;TASK000014219626;Priority 3;NA
SEC;BWI;SEC;SR;OK;TASK000014219696;Priority 4;NA
L1;812;MON;SR;OK;TASK000014219702;Priority 3;NA
CNC;812;CNC;SR;OK;TASK000014219744;Priority 3;NA
L1;MNT;MON;SR;OK;TASK000014219760;Priority 3;NA
SEC;LAT;SEC;SR;OK;TASK000014219767;Priority 3;NA
L1;BWI;L1 ;SR;OK;TASK000014219820;Priority 3;NA
SEC;ETH;SEC;SR;OK;TASK000014219900;Priority 3;NA
CNC;BWI;CNC;SR;OK;TASK000014220011;Priority 3;NA
SEC;BWI;SEC;SR;OK;TASK000014220022;Priority 4;NA
SEC;DXE;SEC;SR;OK;TASK000014220073;Priority 3;NA
SEC;DXE;SEC;SR;OK;TASK000014220076;Priority 3;NA
SEC;DXE;SEC;SR;OK;TASK000014220078;Priority 3;NA
SEC;DXE;SEC;SR;OK;TASK000014220095;Priority 3;NA
SEC;BWI;SEC;SR;OK;TASK000014220180;Priority 4;NA
L1;BWI;L1 ;SR;OK;TASK000014220286;Priority 4;NA
L1;812;MON;SR;OK;TASK000014220364;Priority 3;NA
SEC;MNT;SEC;SR;OK;TASK000014220368;Priority 3;NA
SEC;MNT;SEC;SR;OK;TASK000014220370;Priority 3;NA
SEC;MNT;SEC;SR;OK;TASK000014220515;Priority 3;NA
SEC;MNT;SEC;SR;OK;TASK000014220623;Priority 3;NA
SEC;DPY;SEC;SR;OK;TASK000014222425;Priority 4;NA
SEC;DPY;SEC;SR;OK;TASK000014222468;Priority 4;NA
SEC;BWI;SEC;SR;OK;TASK000014224254;Priority 4;NA
APS;DCF;APS;SR;OK;TASK000014224338;Priority 4;NA
SEC;BWI;SEC;SR;OK;TASK000014224418;Priority 4;NA
SEC;BWI;SEC;SR;OK;TASK000014224759;Priority 4;NA
FUN;EES;FUN;SR;OK;TASK000014224889;Priority 4;NA
SEC;BWI;SEC;SR;OK;TASK000014224986;Priority 4;NA
L1;812;MON;SR;OK;TASK000014226138;Priority 4;NA
APS;ETH;APS;SR;OK;TASK000014226603;Priority 4;NA
SEC;DPY;SEC;SR;OK;TASK000014227035;Priority 4;NA
SEC;BWI;SEC;SR;OK;TASK000014227540;Priority 4;NA
FUN;EES;FUN;SR;OK;TASK000014227977;Priority 4;NA
FUN;812;FUN;SR;OK;TASK000014229756;Priority 4;NA
APS;ETH;APS;SR;OK;TASK000014229828;Priority 4;NA
SEC;BWI;SEC;SR;OK;TASK000014230032;Priority 4;NA
SEC;BWI;SEC;SR;OK;TASK000014231805;Priority 4;NA
FUN;WS;FUN;SR;OK;TASK000014231901;Priority 4;NA
APS;ETH;APS;SR;OK;TASK000014232087;Priority 4;NA
SEC;BWI;SEC;SR;OK;TASK000014232963;Priority 4;NA
FUN;EES;FUN;SR;OK;TASK000014233005;Priority 4;NA
SEC;LAT;SEC;SR;OK;TASK000014233019;Priority 4;NA
TEC;ETH;FUN;SR;OK;TASK000014233658;Priority 4;NA
SEC;BWI;SEC;SR;OK;TASK000014233881;Priority 4;NA
SEC;ETH;SEC;SR;OK;TASK000014233952;Priority 4;NA
SEC;ETH;SEC;SR;OK;TASK000014234043;Priority 4;NA
SEC;ETH;SEC;SR;OK;TASK000014234054;Priority 4;NA
FUN;812;FUN;SR;OK;TASK000014236540;Priority 4;NA
APS;ETH;APS;SR;OK;TASK000014236800;Priority 4;NA
FUN;812;FUN;SR;OK;TASK000014237047;Priority 4;NA
FUN;DXE;FUN;SR;OK;TASK000014237081;Priority 4;NA
APS;ETH;APS;SR;OK;TASK000014237417;Priority 4;NA
SEC;BWI;SEC;SR;OK;TASK000014237696;Priority 4;NA
SEC;BWI;SEC;SR;OK;TASK000014237748;Priority 4;NA
FUN;EES;FUN;SR;OK;TASK000014237887;Priority 4;NA
SEC;BWI;SEC;SR;OK;TASK000014238199;Priority 4;NA
APS;EES;APS;SR;OK;TASK000014238206;Priority 4;NA
SEC;BWI;SEC;SR;OK;TASK000014238408;Priority 4;NA
SEC;BWI;SEC;SR;OK;TASK000014239106;Priority 4;NA
APS;ETH;APS;SR;OK;TASK000014239350;Priority 4;NA
FUN;WS;FUN;SR;OK;TASK000014240239;Priority 4;NA
FUN;812;FUN;SR;OK;TASK000014240583;Priority 4;NA
FUN;WS;FUN;SR;Defect;TASK000014241048;Priority 4;NA
APS;ETH;APS;SR;OK;TASK000014241840;Priority 4;NA
SEC;BWI;SEC;SR;OK;TASK000014241873;Priority 4;NA
FUN;812;FUN;SR;OK;TASK000014242313;Priority 4;NA
TEC;ETH;FUN;SR;OK;TASK000014242357;Priority 4;NA
SEC;BWI;SEC;SR;Defect;TASK000014242861;Priority 4;NA
SEC;BWI;SEC;SR;OK;TASK000014242879;Priority 4;NA
SEC;BWI;SEC;SR;OK;TASK000014243116;Priority 4;NA
FUN;ETH;FUN;SR;OK;TASK000014243189;Priority 4;NA
SEC;ETH;SEC;SR;OK;TASK000014243227;Priority 4;NA
SEC;BWI;SEC;SR;OK;TASK000014243394;Priority 4;NA
SEC;BWI;SEC;SR;OK;TASK000014243526;Priority 4;NA
CNC;BWI;L1 ;SR;OK;TASK000014243543;Priority 4;NA
L1;BWI;L1 ;SR;OK;TASK000014243578;Priority 4;NA
SEC;BWI;SEC;SR;OK;TASK000014243693;Priority 4;NA
L1;MNT;MON;SR;OK;TASK000014244276;Priority 4;NA
DBA;812;DBA;SR;OK;TASK000014244618;Priority 3;NA
APS;ETH;APS;SR;OK;TASK000014244747;Priority 3;NA
L1;812;MON;SR;OK;TASK000014244774;Priority 3;NA
FUN;812;FUN;SR;OK;TASK000014244978;Priority 4;NA
SEC;812;SEC;SR;OK;TASK000014245017;Priority 3;NA
SEC;DXE;SEC;SR;OK;TASK000014245146;Priority 3;NA
SEC;812;SEC;SR;OK;TASK000014245290;Priority 3;NA
SEC;DXE;SEC;SR;OK;TASK000014245304;Priority 3;NA
FUN;812;FUN;SR;OK;TASK000014245306;Priority 4;NA
FIN;812;FUN;SR;OK;TASK000014245322;Priority 4;NA
SEC;812;SEC;SR;OK;TASK000014245341;Priority 3;NA
SEC;812;SEC;SR;OK;TASK000014245348;Priority 3;NA
APS;ETH;APS;SR;OK;TASK000014245382;Priority 3;NA
SEC;812;SEC;SR;OK;TASK000014245441;Priority 3;NA
SEC;DXE;SEC;SR;OK;TASK000014245555;Priority 3;NA
APS;ETH;APS;SR;OK;TASK000014245559;Priority 4;NA
SEC;DXE;SEC;SR;OK;TASK000014245607;Priority 3;NA
SEC;DXE;SEC;SR;OK;TASK000014245638;Priority 3;NA
FIN;DCF;FUN;SR;OK;TASK000014245729;Priority 4;NA
FUN;812;FUN;SR;OK;TASK000014245737;Priority 4;NA
SEC;BWI;SEC;SR;OK;TASK000014245745;Priority 4;NA
L1;812;MON;SR;OK;TASK000014245800;Priority 3;NA
SEC;SYN;SEC;SR;OK;TASK000014245803;Priority 3;NA
L1;812;MON;SR;OK;TASK000014245819;Priority 3;NA
L1;812;MON;SR;OK;TASK000014245832;Priority 3;NA
L1;812;MON;SR;OK;TASK000014245847;Priority 3;NA
FIN;812;INS;SR;Defect;TASK000014245876;Priority 3;NA
SEC;812;SEC;SR;OK;TASK000014245885;Priority 3;NA
SEC;SYN;SEC;SR;OK;TASK000014246053;Priority 3;NA
FUN;WS;FUN;SR;OK;TASK000014246208;Priority 4;NA
SEC;812;SEC;SR;OK;TASK000014246432;Priority 3;NA
TEC;ETH;FUN;SR;OK;TASK000014246482;Priority 4;NA
APS;ETH;APS;SR;OK;TASK000014246553;Priority 3;NA
SEC;DXE;SEC;SR;OK;TASK000014246570;Priority 3;NA
SEC;DCF;SEC;SR;OK;TASK000014246602;Priority 3;NA
SEC;DXE;SEC;SR;OK;TASK000014246682;Priority 3;NA
DBA;812;DBA;SR;OK;TASK000014246760;Priority 3;NA
SEC;812;SEC;SR;OK;TASK000014246774;Priority 3;NA
APS;ETH;APS;SR;OK;TASK000014246781;Priority 3;NA
APS;ETH;APS;SR;OK;TASK000014246861;Priority 3;NA
SEC;BWI;SEC;SR;OK;TASK000014246900;Priority 4;NA
APS;ETH;APS;SR;OK;TASK000014246911;Priority 3;NA
APS;ETH;APS;SR;OK;TASK000014246932;Priority 3;NA
APS;ETH;APS;SR;OK;TASK000014246952;Priority 3;NA
APS;ETH;APS;SR;OK;TASK000014246961;Priority 3;NA
FUN;WS;FUN;SR;OK;TASK000014246975;Priority 4;NA
APS;ETH;APS;SR;OK;TASK000014247001;Priority 3;NA
FUN;EES;FUN;SR;OK;TASK000014247080;Priority 4;NA
CNC;DXE;CNC;SR;OK;TASK000014247088;Priority 3;NA
SEC;DXE;SEC;SR;OK;TASK000014247120;Priority 3;NA
APS;ETH;APS;SR;OK;TASK000014247155;Priority 3;NA
SEC;SYN;SEC;SR;OK;TASK000014247278;Priority 3;NA
FIN;812;FUN;SR;OK;TASK000014247285;Priority 4;NA
SEC;ETH;SEC;SR;OK;TASK000014247366;Priority 3;NA
APS;ETH;APS;SR;OK;TASK000014247380;Priority 3;NA
SEC;ETH;SEC;SR;OK;TASK000014247406;Priority 3;NA
SEC;ETH;SEC;SR;OK;TASK000014247429;Priority 3;NA
SEC;MNT;SEC;SR;OK;TASK000014247439;Priority 3;NA
SEC;DXE;SEC;SR;OK;TASK000014247448;Priority 3;NA
SEC;812;SEC;SR;OK;TASK000014247450;Priority 3;NA
SEC;SYN;SEC;SR;Defect;TASK000014247493;Priority 3;NA
CNC;BWI;CNC;SR;OK;TASK000014247515;Priority 3;NA
CNC;812;CNC;SR;OK;TASK000014247657;Priority 3;NA
SEC;DCF;SEC;SR;OK;TASK000014247711;Priority 3;NA
SEC;SYN;SEC;SR;Defect;TASK000014247784;Priority 3;NA
SEC;SYN;SEC;SR;Defect;TASK000014247850;Priority 3;NA
SEC;SYN;SEC;SR;Defect;TASK000014247864;Priority 3;NA
SEC;SYN;SEC;SR;OK;TASK000014247943;Priority 3;NA
SEC;DCF;SEC;SR;OK;TASK000014248015;Priority 3;NA
SEC;SYN;SEC;SR;OK;TASK000014248280;Priority 3;NA
SEC;SYN;SEC;SR;OK;TASK000014248374;Priority 3;NA
SCH;LAT;SCH;SR;OK;TASK000014248460;Priority 3;NA
L1;DCF;CNC;SR;OK;TASK000014249289;Priority 3;NA
L1;BWI;CNC;SR;OK;TASK000014249468;Priority 3;NA
FIN;812;FUN;SR;OK;TASK000014249907;Priority 4;NA
FUN;WS;FUN;SR;OK;TASK000014249916;Priority 4;NA
FUN;812;FUN;SR;OK;TASK000014250050;Priority 4;NA
SCH;812;SCH;SR;OK;TASK000014250245;Priority 3;NA
CNC;812;CNC;SR;OK;TASK000014250339;Priority 3;NA
FIN;812;FUN;SR;OK;TASK000014250381;Priority 4;NA
APS;DCF;APS;SR;OK;TASK000014250391;Priority 4;NA
APS;DCF;APS;SR;OK;TASK000014250392;Priority 4;NA
APS;ETH;APS;SR;OK;TASK000014250606;Priority 3;NA
FIN;812;FUN;SR;OK;TASK000014250608;Priority 3;NA
SEC;812;SEC;SR;OK;TASK000014250610;Priority 3;NA
SEC;812;SEC;SR;OK;TASK000014250653;Priority 3;NA
APS;ETH;APS;SR;OK;TASK000014250750;Priority 3;NA
DBA;812;DBA;SR;OK;TASK000014250766;Priority 3;NA
SEC;DXE;SEC;SR;OK;TASK000014250795;Priority 3;NA
SEC;DXE;SEC;SR;OK;TASK000014250856;Priority 3;NA
L1;DCF;CNC;SR;OK;TASK000014250876;Priority 3;NA
DBA;812;DBA;SR;OK;TASK000014250884;Priority 3;NA
SEC;BWI;SEC;SR;OK;TASK000014250890;Priority 4;NA
SEC;BWI;SEC;SR;OK;TASK000014250911;Priority 4;NA
SEC;812;SEC;SR;OK;TASK000014250936;Priority 3;NA
SEC;BWI;SEC;SR;OK;TASK000014250950;Priority 4;NA
SEC;BWI;SEC;SR;OK;TASK000014250987;Priority 4;NA
SEC;BWI;SEC;SR;OK;TASK000014251032;Priority 4;NA
CNC;812;CNC;SR;OK;TASK000014251078;Priority 3;NA
L1;BWI;L1 ;SR;OK;TASK000014251097;Priority 4;NA
APS;ETH;APS;SR;OK;TASK000014251158;Priority 3;NA
SEC;812;SEC;SR;OK;TASK000014251208;Priority 3;NA
SEC;812;SEC;SR;OK;TASK000014251210;Priority 3;NA
CNC;812;MON;SR;OK;TASK000014251242;Priority 3;NA
SEC;SYN;SEC;SR;OK;TASK000014251301;Priority 3;NA
SEC;SYN;SEC;SR;Defect;TASK000014251369;Priority 3;NA
APS;ETH;APS;SR;OK;TASK000014251435;Priority 4;NA
SEC;812;SEC;SR;OK;TASK000014251495;Priority 3;NA
SCH;LAT;SCH;SR;OK;TASK000014251527;Priority 3;NA
APS;EES;APS;SR;OK;TASK000014251582;Priority 4;NA
SEC;MNT;SEC;SR;OK;TASK000014251655;Priority 3;NA
SEC;812;SEC;SR;OK;TASK000014251828;Priority 3;NA
CNC;LAT;CNC;SR;OK;TASK000014251904;Priority 3;NA
DBA;812;DBA;SR;OK;TASK000014251912;Priority 3;NA
DBA;812;DBA;SR;OK;TASK000014251988;Priority 3;NA
CNC;812;CNC;SR;OK;TASK000014251995;Priority 3;NA
SEC;SYN;SEC;SR;OK;TASK000014252134;Priority 3;NA
SEC;DPY;SEC;SR;OK;TASK000014252141;Priority 3;NA
SEC;ETH;SEC;SR;OK;TASK000014252144;Priority 3;NA
SEC;812;SEC;SR;OK;TASK000014252174;Priority 3;NA
SEC;SYN;SEC;SR;Defect;TASK000014252192;Priority 3;NA
SEC;DCF;SEC;SR;Defect;TASK000014252221;Priority 3;NA
SEC;812;SEC;SR;OK;TASK000014252252;Priority 3;NA
SEC;MNT;SEC;SR;OK;TASK000014252270;Priority 3;NA
SEC;MNT;SEC;SR;OK;TASK000014252308;Priority 3;NA
SEC;SYN;SEC;SR;OK;TASK000014252441;Priority 3;NA
APS;ETH;APS;SR;OK;TASK000014252451;Priority 4;NA
TEC;ETH;FUN;SR;OK;TASK000014252460;Priority 3;NA
APS;ETH;APS;SR;OK;TASK000014252463;Priority 4;NA
SEC;DCF;SEC;SR;OK;TASK000014252533;Priority 3;NA
SEC;SYN;SEC;SR;Defect;TASK000014252546;Priority 3;NA
SEC;SYN;SEC;SR;OK;TASK000014252623;Priority 3;NA
SEC;SYN;SEC;SR;OK;TASK000014252797;Priority 3;NA
APS;EES;APS;SR;OK;TASK000014252811;Priority 4;NA
SEC;SYN;SEC;SR;Defect;TASK000014252823;Priority 3;NA
SEC;SYN;SEC;SR;Defect;TASK000014253032;Priority 3;NA
SCH;LAT;SCH;SR;OK;TASK000014253085;Priority 3;NA
CNC;MNT;MON;SR;OK;TASK000014253101;Priority 3;NA
CNC;MNT;MON;SR;OK;TASK000014253121;Priority 3;NA
SEC;MNT;SEC;SR;OK;TASK000014253137;Priority 3;NA
SEC;ETH;SEC;SR;OK;TASK000014253230;Priority 3;NA
L1;812;MON;SR;OK;TASK000014253344;Priority 3;NA
SEC;BWI;SEC;SR;OK;TASK000014253459;Priority 4;NA
L1;812;MON;SR;OK;TASK000014253542;Priority 3;NA
SEC;812;SEC;SR;Defect;TASK000014253545;Priority 3;NA
SEC;BWI;SEC;SR;OK;TASK000014253666;Priority 4;NA
L1;DPY;CNC;SR;OK;TASK000014254272;Priority 3;NA
SEC;DXE;SEC;SR;OK;TASK000014254413;Priority 3;NA
CNC;812;CNC;SR;OK;TASK000014254609;Priority 3;NA
APS;ETH;APS;SR;OK;TASK000014254610;Priority 3;NA
SEC;812;SEC;SR;OK;TASK000014254639;Priority 3;NA
SEC;812;SEC;SR;OK;TASK000014254776;Priority 3;NA
SEC;812;SEC;SR;OK;TASK000014254832;Priority 3;NA
SEC;SYN;SEC;SR;OK;TASK000014254851;Priority 3;NA
L1;812;MON;SR;OK;TASK000014254992;Priority 3;NA
SEC;812;SEC;SR;OK;TASK000014255038;Priority 3;NA
SEC;812;SEC;SR;OK;TASK000014255110;Priority 3;NA
SEC;BWI;SEC;SR;OK;TASK000014255155;Priority 4;NA
SEC;812;SEC;SR;OK;TASK000014255204;Priority 3;NA
FIN;812;FUN;SR;OK;TASK000014255242;Priority 4;NA
SCH;812;SCH;SR;OK;TASK000014255345;Priority 3;NA
SEC;SYN;SEC;SR;OK;TASK000014255349;Priority 3;NA
SEC;SYN;SEC;SR;OK;TASK000014255461;Priority 3;NA
DBA;812;DBA;SR;OK;TASK000014255502;Priority 3;NA
DBA;812;DBA;SR;OK;TASK000014255604;Priority 3;NA
CNC;812;CNC;SR;OK;TASK000014255605;Priority 3;NA
SEC;DCF;SEC;SR;Defect;TASK000014255837;Priority 3;NA
SEC;DCF;SEC;SR;Defect;TASK000014255881;Priority 3;NA
SEC;812;SEC;SR;OK;TASK000014255977;Priority 3;NA
SEC;SYN;SEC;SR;OK;TASK000014255983;Priority 3;NA
SEC;812;SEC;SR;OK;TASK000014256011;Priority 3;NA
SEC;812;SEC;SR;OK;TASK000014256019;Priority 3;NA
APS;EES;APS;SR;OK;TASK000014256097;Priority 3;NA
FUN;EES;FUN;SR;OK;TASK000014256132;Priority 4;NA
SEC;EMS;SEC;SR;OK;TASK000014256266;Priority 3;NA
SEC;ETH;SEC;SR;OK;TASK000014256291;Priority 3;NA
SEC;812;SEC;SR;OK;TASK000014256409;Priority 3;NA
FUN;812;FUN;SR;OK;TASK000014256416;Priority 4;NA
FUN;812;FUN;SR;OK;TASK000014256442;Priority 4;NA
FUN;812;FUN;SR;Defect;TASK000014256470;Priority 4;NA
OPS;WS;OPS;SR;OK;TASK000014256486;Priority 3;NA
FUN;812;FUN;SR;OK;TASK000014256493;Priority 4;NA
FUN;812;FUN;SR;Defect;TASK000014256523;Priority 4;NA
SEC;812;SEC;SR;OK;TASK000014256591;Priority 3;NA
SEC;812;SEC;SR;OK;TASK000014256638;Priority 3;NA
TEC;DCF;FUN;SR;OK;TASK000014256654;Priority 3;NA
SEC;812;SEC;SR;OK;TASK000014256659;Priority 3;NA
FUN;812;FUN;SR;OK;TASK000014256772;Priority 4;NA
APS;ETH;APS;SR;OK;TASK000014256817;Priority 3;NA
APS;EES;APS;SR;OK;TASK000014256849;Priority 4;NA
SEC;ETH;SEC;SR;OK;TASK000014257152;Priority 3;NA
SEC;DXE;SEC;SR;OK;TASK000014257233;Priority 3;NA
SEC;ETH;SEC;SR;Defect;TASK000014257374;Priority 3;NA
SEC;MNT;SEC;SR;OK;TASK000014257385;Priority 3;NA
SEC;BWI;SEC;SR;OK;TASK000014257405;Priority 4;NA
APS;ETH;APS;SR;OK;TASK000014257419;Priority 4;NA
SEC;ETH;SEC;SR;Defect;TASK000014257478;Priority 3;NA
APS;EES;APS;SR;OK;TASK000014257534;Priority 4;NA
FUN;LAT;FUN;SR;OK;TASK000014257549;Priority 3;NA
CNC;ETH;CNC;SR;OK;TASK000014257612;Priority 3;NA
CNC;ETH;CNC;SR;OK;TASK000014257618;Priority 3;NA
SEC;EMS;SEC;SR;OK;TASK000014257883;Priority 3;NA
L1;BWI;L1 ;SR;OK;TASK000014257887;Priority 4;NA
SEC;812;SEC;SR;OK;TASK000014258222;Priority 3;NA
SEC;812;SEC;SR;OK;TASK000014258224;Priority 3;NA
SEC;DXE;SEC;SR;OK;TASK000014258229;Priority 3;NA
FUN;812;FUN;SR;OK;TASK000014258620;Priority 3;NA
SEC;812;SEC;SR;OK;TASK000014259466;Priority 3;NA
SEC;DCF;SEC;SR;Defect;TASK000014259493;Priority 3;NA
SEC;DXE;SEC;SR;OK;TASK000014259533;Priority 3;NA
FUN;WS;FUN;SR;OK;TASK000014259577;Priority 4;NA
SEC;812;SEC;SR;OK;TASK000014259617;Priority 3;NA
SEC;812;SEC;SR;OK;TASK000014259681;Priority 3;NA
SCH;812;SCH;SR;OK;TASK000014259864;Priority 3;NA
SEC;MNT;SEC;SR;OK;TASK000014259932;Priority 3;NA
CNC;812;CNC;SR;OK;TASK000014259954;Priority 3;NA
FUN;ETH;FUN;SR;OK;TASK000014259988;Priority 3;NA
DBA;812;DBA;SR;OK;TASK000014260238;Priority 3;NA
CNC;812;CNC;SR;OK;TASK000014260248;Priority 3;NA
SEC;812;SEC;SR;OK;TASK000014260262;Priority 3;NA
SEC;812;SEC;SR;OK;TASK000014260272;Priority 3;NA
SEC;812;SEC;SR;OK;TASK000014260293;Priority 3;NA
FIN;DCF;FUN;SR;OK;TASK000014260404;Priority 4;NA
FUN;812;FUN;SR;OK;TASK000014260435;Priority 4;NA
SEC;812;SEC;SR;OK;TASK000014260563;Priority 3;NA
CNC;CRD;MON;SR;OK;TASK000014260568;Priority 3;NA
SEC;812;SEC;SR;OK;TASK000014260613;Priority 3;NA
OPS;WS;OPS;SR;OK;TASK000014260653;Priority 3;NA
FUN;LAT;FUN;SR;OK;TASK000014260658;Priority 3;NA
SEC;812;SEC;SR;OK;TASK000014260667;Priority 3;NA
SEC;DCF;SEC;SR;OK;TASK000014260695;Priority 3;NA
SEC;DCF;SEC;SR;Defect;TASK000014260714;Priority 3;NA
SEC;SYN;SEC;SR;OK;TASK000014260729;Priority 3;NA
CNC;812;CNC;SR;OK;TASK000014260773;Priority 3;NA
SEC;EMS;SEC;SR;OK;TASK000014260835;Priority 3;NA
FUN;812;FUN;SR;OK;TASK000014260896;Priority 3;NA
FUN;812;FUN;SR;OK;TASK000014260897;Priority 3;NA
SEC;812;SEC;SR;OK;TASK000014260946;Priority 3;NA
DBA;812;DBA;SR;OK;TASK000014260981;Priority 3;NA
FUN;DCF;FUN;SR;OK;TASK000014261039;Priority 3;NA
SEC;ETH;SEC;SR;OK;TASK000014261043;Priority 3;NA
APS;ETH;APS;SR;OK;TASK000014261218;Priority 3;NA
DBA;812;DBA;SR;OK;TASK000014261220;Priority 3;NA
DBA;812;DBA;SR;OK;TASK000014261303;Priority 3;NA
FUN;EES;FUN;SR;OK;TASK000014261400;Priority 4;NA
FUN;WS;FUN;SR;OK;TASK000014261453;Priority 4;NA
APS;ETH;APS;SR;OK;TASK000014261460;Priority 3;NA
CNC;812;MON;SR;OK;TASK000014261512;Priority 3;NA
SEC;DPY;SEC;SR;OK;TASK000014261701;Priority 3;NA
CNC;BWI;L1 ;SR;OK;TASK000014261707;Priority 3;NA
CNC;BWI;L1 ;SR;OK;TASK000014261846;Priority 3;NA
SEC;812;SEC;SR;OK;TASK000014261980;Priority 3;NA
SEC;DXE;SEC;SR;OK;TASK000014261994;Priority 3;NA
SEC;812;SEC;SR;OK;TASK000014262002;Priority 3;NA
SEC;812;SEC;SR;OK;TASK000014262016;Priority 3;NA
SEC;SYN;SEC;SR;OK;TASK000014262099;Priority 3;NA
SEC;DXE;SEC;SR;OK;TASK000014262116;Priority 3;NA
SEC;MNT;SEC;SR;OK;TASK000014262189;Priority 3;NA
CNC;BWI;L1 ;SR;OK;TASK000014262253;Priority 3;NA
CNC;BWI;L1 ;SR;OK;TASK000014262310;Priority 3;NA
SEC;812;SEC;SR;OK;TASK000014262315;Priority 3;NA
CNC;BWI;L1 ;SR;OK;TASK000014262330;Priority 3;NA
SEC;MNT;SEC;SR;OK;TASK000014262413;Priority 3;NA
SEC;BWI;SEC;SR;OK;TASK000014262771;Priority 4;NA
SEC;ETH;SEC;SR;OK;TASK000014262945;Priority 3;NA
SEC;SYN;SEC;SR;Defect;TASK000014263007;Priority 3;NA
APS;ETH;APS;SR;OK;TASK000014263067;Priority 4;NA
CNC;812;MON;SR;OK;TASK000014263220;Priority 4;NA
CNC;BWI;L1 ;SR;OK;TASK000014263344;Priority 4;NA
CNC;812;MON;SR;OK;TASK000014263466;Priority 4;NA
FUN;DCF;FUN;SR;OK;TASK000014264240;Priority 3;NA
FUN;WS;FUN;SR;OK;TASK000014264322;Priority 3;NA
SEC;DXE;SEC;SR;OK;TASK000014264375;Priority 3;NA
DBA;812;DBA;SR;OK;TASK000014264406;Priority 3;NA
SEC;812;SEC;SR;OK;TASK000014264528;Priority 3;NA
SEC;DXE;SEC;SR;OK;TASK000014264539;Priority 3;NA
CNC;812;CNC;SR;OK;TASK000014264700;Priority 3;NA
DBA;812;DBA;SR;OK;TASK000014264963;Priority 3;NA
SEC;812;SEC;SR;OK;TASK000014265057;Priority 3;NA
SCH;812;SCH;SR;OK;TASK000014265168;Priority 3;NA
APS;ETH;APS;SR;OK;TASK000014265195;Priority 3;NA
L1;DCF;CNC;SR;OK;TASK000014265261;Priority 3;NA
SCH;812;SCH;SR;OK;TASK000014265363;Priority 3;NA
APS;ETH;APS;SR;OK;TASK000014265375;Priority 3;NA
APS;ETH;APS;SR;OK;TASK000014265432;Priority 3;NA
APS;ETH;APS;SR;OK;TASK000014265500;Priority 3;NA
SEC;812;SEC;SR;OK;TASK000014265534;Priority 3;NA
L1;BWI;L1 ;SR;OK;TASK000014265562;Priority 3;NA
APS;ETH;APS;SR;OK;TASK000014265730;Priority 3;NA
L1;812;MON;SR;OK;TASK000014265818;Priority 3;NA
DBA;812;DBA;SR;OK;TASK000014265892;Priority 3;NA
SEC;SYN;SEC;SR;OK;TASK000014265976;Priority 3;NA
CNC;BWI;L1 ;SR;OK;TASK000014266031;Priority 3;NA
DBA;812;DBA;SR;OK;TASK000014266082;Priority 3;NA
SEC;SYN;SEC;SR;OK;TASK000014266251;Priority 3;NA
SEC;812;SEC;SR;OK;TASK000014266367;Priority 3;NA
SEC;812;SEC;SR;OK;TASK000014266456;Priority 3;NA
SEC;812;SEC;SR;OK;TASK000014266684;Priority 3;NA
DBA;812;DBA;SR;OK;TASK000014266707;Priority 3;NA
SEC;812;SEC;SR;OK;TASK000014266738;Priority 3;NA
DBA;812;DBA;SR;OK;TASK000014266840;Priority 3;NA
DBA;812;DBA;SR;OK;TASK000014266874;Priority 3;NA
APS;ETH;APS;SR;OK;TASK000014266921;Priority 3;NA
SEC;ETH;SEC;SR;OK;TASK000014266935;Priority 3;NA
APS;ETH;APS;SR;OK;TASK000014266959;Priority 3;NA
DBA;812;DBA;SR;OK;TASK000014267172;Priority 3;NA
SEC;MNT;SEC;SR;OK;TASK000014267225;Priority 3;NA
FUN;LAT;FUN;SR;OK;TASK000014267321;Priority 3;NA
SEC;812;SEC;SR;OK;TASK000014267338;Priority 3;NA
CNC;BWI;L1 ;SR;OK;TASK000014267430;Priority 3;NA
L1;812;MON;SR;OK;TASK000014267959;Priority 3;NA
SEC;ETH;SEC;SR;OK;TASK000014268021;Priority 3;NA
SEC;ETH;SEC;SR;OK;TASK000014268028;Priority 3;NA
L1;EMS;OPS;SR;OK;TASK000014268097;Priority 4;NA
SEC;ETH;SEC;SR;OK;TASK000014268099;Priority 3;NA
APS;EES;APS;SR;OK;TASK000014268152;Priority 3;NA
L1;BWI;L1 ;SR;OK;TASK000014268432;Priority 4;NA
SEC;SYN;SEC;SR;Defect;TASK000014268518;Priority 3;NA
SEC;SYN;SEC;SR;Defect;TASK000014268532;Priority 3;NA
L1;BWI;L1 ;SR;OK;TASK000014268971;Priority 3;NA
APS;ETH;APS;SR;OK;TASK000014269016;Priority 3;NA
L1;DCF;CNC;SR;OK;TASK000014269110;Priority 3;NA
SEC;812;SEC;SR;OK;TASK000014269123;Priority 3;NA
SEC;DXE;SEC;SR;OK;TASK000014269189;Priority 3;NA
SEC;812;SEC;SR;OK;TASK000014269193;Priority 3;NA
CNC;812;CNC;SR;OK;TASK000014269239;Priority 3;NA
SEC;812;SEC;SR;OK;TASK000014269335;Priority 3;NA
SEC;DXE;SEC;SR;OK;TASK000014269386;Priority 3;NA
APS;ETH;APS;SR;OK;TASK000014269388;Priority 3;NA
SEC;DXE;SEC;SR;OK;TASK000014269419;Priority 3;NA
SEC;MNT;SEC;SR;OK;TASK000014269452;Priority 3;NA
SEC;812;SEC;SR;OK;TASK000014269483;Priority 3;NA
L1;812;SEC;SR;OK;TASK000014269505;Priority 3;NA
APS;ETH;APS;SR;OK;TASK000014269571;Priority 3;NA
SEC;ETH;SEC;SR;OK;TASK000014269607;Priority 3;NA
SEC;812;SEC;SR;OK;TASK000014269752;Priority 3;NA
SEC;812;SEC;SR;OK;TASK000014269803;Priority 3;NA
CNC;812;CNC;SR;OK;TASK000014269805;Priority 3;NA
CNC;812;CNC;SR;OK;TASK000014269943;Priority 3;NA
L1;DCF;CNC;SR;OK;TASK000014270068;Priority 3;NA
SEC;812;SEC;SR;OK;TASK000014270137;Priority 3;NA
SEC;812;SEC;SR;OK;TASK000014270168;Priority 3;NA
SEC;812;SEC;SR;OK;TASK000014270234;Priority 3;NA
CNC;LAT;CNC;SR;OK;TASK000014270243;Priority 3;NA
SEC;DXE;SEC;SR;OK;TASK000014270268;Priority 3;NA
SEC;SYN;SEC;SR;OK;TASK000014270279;Priority 3;NA
SEC;DXE;SEC;SR;OK;TASK000014270295;Priority 3;NA
CNC;ETH;CNC;SR;OK;TASK000014270296;Priority 3;NA
SEC;812;SEC;SR;OK;TASK000014270305;Priority 3;NA
SEC;812;SEC;SR;OK;TASK000014270319;Priority 3;NA
SEC;812;SEC;SR;OK;TASK000014270334;Priority 3;NA
L1;BWI;L1 ;SR;OK;TASK000014270422;Priority 3;NA
APS;ETH;APS;SR;OK;TASK000014270440;Priority 3;NA
DBA;812;DBA;SR;OK;TASK000014270447;Priority 3;NA
DBA;812;DBA;SR;OK;TASK000014270479;Priority 3;NA
DBA;812;DBA;SR;OK;TASK000014270491;Priority 3;NA
DBA;812;DBA;SR;OK;TASK000014270500;Priority 3;NA
APS;ETH;APS;SR;OK;TASK000014270518;Priority 3;NA
SEC;812;SEC;SR;OK;TASK000014270621;Priority 3;NA
APS;ETH;APS;SR;OK;TASK000014270629;Priority 3;NA
APS;ETH;APS;SR;OK;TASK000014270727;Priority 3;NA
SEC;812;SEC;SR;OK;TASK000014270773;Priority 3;NA
SEC;SYN;SEC;SR;OK;TASK000014270998;Priority 3;NA
APS;ETH;APS;SR;OK;TASK000014271051;Priority 3;NA
APS;ETH;APS;SR;OK;TASK000014271064;Priority 4;NA
APS;ETH;APS;SR;OK;TASK000014271066;Priority 3;NA
APS;ETH;APS;SR;OK;TASK000014271150;Priority 3;NA
SEC;812;SEC;SR;OK;TASK000014271234;Priority 3;NA
SEC;DCF;SEC;SR;OK;TASK000014271275;Priority 3;NA
APS;ETH;APS;SR;OK;TASK000014271278;Priority 3;NA
SEC;MNT;SEC;SR;OK;TASK000014271309;Priority 3;NA
SEC;812;SEC;SR;OK;TASK000014271322;Priority 3;NA
SEC;812;SEC;SR;OK;TASK000014271409;Priority 3;NA
APS;ETH;APS;SR;OK;TASK000014271534;Priority 3;NA
APS;ETH;APS;SR;OK;TASK000014271554;Priority 3;NA
SEC;BWI;SEC;SR;OK;TASK000014271567;Priority 4;NA
SEC;812;SEC;SR;OK;TASK000014271576;Priority 3;NA
FUN;812;FUN;SR;OK;TASK000014271597;Priority 3;NA
CNC;ETH;CNC;SR;OK;TASK000014271679;Priority 3;NA
CNC;ETH;CNC;SR;OK;TASK000014271746;Priority 3;NA
FUN;ETH;FUN;SR;OK;TASK000014271767;Priority 3;NA
FUN;ETH;FUN;SR;OK;TASK000014271777;Priority 4;NA
SEC;812;SEC;SR;OK;TASK000014271797;Priority 3;NA
SEC;812;SEC;SR;OK;TASK000014271852;Priority 3;NA
SEC;SYN;SEC;SR;OK;TASK000014271863;Priority 3;NA
SEC;MNT;SEC;SR;OK;TASK000014271887;Priority 3;NA
APS;ETH;APS;SR;OK;TASK000014271975;Priority 3;NA
APS;ETH;APS;SR;OK;TASK000014272013;Priority 3;NA
SEC;ETH;SEC;SR;OK;TASK000014272033;Priority 3;NA
SEC;BWI;SEC;SR;OK;TASK000014272067;Priority 4;NA
SEC;SYN;SEC;SR;OK;TASK000014272106;Priority 3;NA
SEC;MNT;SEC;SR;OK;TASK000014272158;Priority 3;NA
SEC;BWI;SEC;SR;OK;TASK000014272208;Priority 4;NA
SEC;BWI;SEC;SR;OK;TASK000014272484;Priority 4;NA
SEC;812;SEC;SR;OK;TASK000014272506;Priority 3;NA
SEC;ETH;SEC;SR;OK;TASK000014272721;Priority 3;NA
L1;BWI;L1 ;SR;OK;TASK000014272790;Priority 4;NA
SEC;SYN;SEC;SR;Defect;TASK000014272906;Priority 3;NA
SEC;SYN;SEC;SR;Defect;TASK000014272955;Priority 3;NA
SEC;SYN;SEC;SR;Defect;TASK000014273042;Priority 3;NA
OPS;EMS;OPS;SR;OK;TASK000014273148;Priority 3;NA
L1;MNT;MON;SR;OK;TASK000014273501;Priority 4;NA
SEC;EMS;SEC;SR;OK;TASK000014273659;Priority 3;NA
SEC;812;SEC;SR;OK;TASK000014273790;Priority 3;NA
SEC;EMS;SEC;SR;Defect;TASK000014273828;Priority 3;NA
SEC;EMS;SEC;SR;Defect;TASK000014273829;Priority 3;NA
SEC;812;SEC;SR;OK;TASK000014273865;Priority 3;NA
SEC;MNT;SEC;SR;OK;TASK000014273913;Priority 3;NA
FUN;EMS;FUN;SR;OK;TASK000014274035;Priority 3;NA
FUN;DCF;FUN;SR;OK;TASK000014274049;Priority 3;NA
DBA;812;DBA;SR;OK;TASK000014274052;Priority 3;NA
DBA;812;DBA;SR;OK;TASK000014274239;Priority 3;NA
DBA;812;DBA;SR;OK;TASK000014274348;Priority 3;NA
CNC;DCF;CNC;SR;OK;TASK000014274420;Priority 3;NA
SEC;EMS;SEC;SR;OK;TASK000014274440;Priority 3;NA
FUN;812;FUN;SR;OK;TASK000014274494;Priority 4;NA
SEC;812;SEC;SR;OK;TASK000014274513;Priority 3;NA
SEC;WS;SEC;SR;OK;TASK000014274569;Priority 3;NA
APS;ETH;APS;SR;OK;TASK000014274618;Priority 3;NA
FUN;812;FUN;SR;OK;TASK000014274647;Priority 3;NA
SEC;812;SEC;SR;OK;TASK000014274685;Priority 3;NA
SEC;812;SEC;SR;OK;TASK000014274707;Priority 3;NA
SEC;SYN;SEC;SR;OK;TASK000014274756;Priority 3;NA
SEC;DCF;SEC;SR;Defect;TASK000014274868;Priority 3;NA
SEC;812;SEC;SR;OK;TASK000014274925;Priority 3;NA
SEC;812;SEC;SR;OK;TASK000014274938;Priority 4;NA
SEC;SYN;SEC;SR;OK;TASK000014274994;Priority 3;NA
SCH;LAT;SCH;SR;OK;TASK000014275010;Priority 3;NA
SEC;812;SEC;SR;OK;TASK000014275094;Priority 3;NA
SEC;BWI;SEC;SR;OK;TASK000014275117;Priority 4;NA
CNC;812;MON;SR;OK;TASK000014275121;Priority 3;NA
SEC;812;SEC;SR;OK;TASK000014275124;Priority 3;NA
SEC;BWI;SEC;SR;OK;TASK000014275181;Priority 4;NA
FUN;812;FUN;SR;OK;TASK000014275193;Priority 4;NA
SEC;SYN;SEC;SR;OK;TASK000014275323;Priority 3;NA
SEC;812;SEC;SR;OK;TASK000014275355;Priority 3;NA
SEC;DCF;SEC;SR;OK;TASK000014275394;Priority 3;NA
FUN;DCF;FUN;SR;OK;TASK000014275481;Priority 3;NA
SEC;SYN;SEC;SR;Defect;TASK000014275566;Priority 3;NA
SEC;DXE;SEC;SR;OK;TASK000014275567;Priority 3;NA
CNC;812;CNC;SR;OK;TASK000014275598;Priority 3;NA
FUN;LAT;FUN;SR;OK;TASK000014275614;Priority 3;NA
SEC;ETH;SEC;SR;OK;TASK000014275851;Priority 4;NA
DBA;812;DBA;SR;OK;TASK000014275924;Priority 3;NA
SCH;LAT;SCH;SR;OK;TASK000014276244;Priority 3;NA
SEC;812;SEC;SR;OK;TASK000014276249;Priority 3;NA
CNC;812;CNC;SR;OK;TASK000014276360;Priority 3;NA
SEC;DXE;SEC;SR;OK;TASK000014276371;Priority 3;NA
FIN;DXE;FUN;SR;OK;TASK000014276389;Priority 4;NA
SEC;DCF;SEC;SR;OK;TASK000014276491;Priority 3;NA
FIN;DCF;FUN;SR;OK;TASK000014276523;Priority 3;NA
APS;ETH;APS;SR;OK;TASK000014276586;Priority 3;NA
FUN;DCF;FUN;SR;OK;TASK000014276780;Priority 3;NA
SEC;SYN;SEC;SR;OK;TASK000014276994;Priority 3;NA
APS;ETH;APS;SR;OK;TASK000014277000;Priority 4;NA
APS;ETH;APS;SR;OK;TASK000014277040;Priority 3;NA
SEC;ETH;SEC;SR;OK;TASK000014277107;Priority 3;NA
CNC;812;MON;SR;OK;TASK000014277404;Priority 3;NA
SEC;BWI;SEC;SR;OK;TASK000014277467;Priority 4;NA
SEC;DCF;SEC;SR;Defect;TASK000014277601;Priority 3;NA
SEC;DCF;SEC;SR;OK;TASK000014277602;Priority 3;NA
SEC;DCF;SEC;SR;OK;TASK000014277603;Priority 3;NA
SEC;DCF;SEC;SR;OK;TASK000014277604;Priority 3;NA
SEC;DCF;SEC;SR;Defect;TASK000014277609;Priority 3;NA
L1;812;MON;SR;OK;TASK000014277646;Priority 4;NA
SEC;ETH;SEC;SR;OK;TASK000014277764;Priority 3;NA
L1;BWI;L1 ;SR;OK;TASK000014277946;Priority 4;NA
SEC;812;SEC;SR;OK;TASK000014279852;Priority 3;NA
CNC;812;CNC;SR;OK;TASK000014280018;Priority 3;NA
SEC;DXE;SEC;SR;OK;TASK000014280260;Priority 3;NA
FUN;812;FUN;SR;OK;TASK000014280314;Priority 3;NA
SEC;812;SEC;SR;OK;TASK000014280347;Priority 3;NA
SEC;SYN;SEC;SR;OK;TASK000014280400;Priority 3;NA
FIN;812;FUN;SR;Defect;TASK000014280499;Priority 4;NA
APS;ETH;APS;SR;OK;TASK000014280579;Priority 3;NA
SEC;812;SEC;SR;OK;TASK000014280613;Priority 3;NA
SEC;812;SEC;SR;OK;TASK000014280620;Priority 3;NA
SEC;EMS;SEC;SR;OK;TASK000014280655;Priority 3;NA
SEC;812;SEC;SR;OK;TASK000014280750;Priority 3;NA
SEC;SYN;SEC;SR;OK;TASK000014280766;Priority 3;NA
CNC;812;CNC;SR;OK;TASK000014280797;Priority 3;NA
SEC;812;SEC;SR;OK;TASK000014280798;Priority 3;NA
DBA;812;DBA;SR;OK;TASK000014280880;Priority 3;NA
CNC;812;CNC;SR;OK;TASK000014280881;Priority 3;NA
CNC;DCF;CNC;SR;OK;TASK000014280978;Priority 3;NA
SEC;812;SEC;SR;OK;TASK000014281051;Priority 3;NA
SEC;SYN;SEC;SR;Defect;TASK000014281087;Priority 3;NA
SEC;DPY;SEC;SR;OK;TASK000014281128;Priority 3;NA
FUN;812;FUN;SR;OK;TASK000014281149;Priority 3;NA
SEC;SYN;SEC;SR;OK;TASK000014281191;Priority 3;NA
SEC;MNT;SEC;SR;OK;TASK000014281199;Priority 3;NA
SEC;BWI;SCH;SR;OK;TASK000014281207;Priority 4;NA
SEC;DPY;SEC;SR;OK;TASK000014281219;Priority 3;NA
APS;ETH;APS;SR;OK;TASK000014281222;Priority 4;NA
SEC;WS;SEC;SR;OK;TASK000014281247;Priority 3;NA
APS;ETH;APS;SR;OK;TASK000014281301;Priority 4;NA
DBA;812;DBA;SR;OK;TASK000014281312;Priority 3;NA
SEC;DPY;SEC;SR;OK;TASK000014281323;Priority 3;NA
SEC;SYN;SEC;SR;Defect;TASK000014281336;Priority 3;NA
SEC;DPY;SEC;SR;OK;TASK000014281344;Priority 3;NA
SEC;DPY;SEC;SR;OK;TASK000014281362;Priority 3;NA
DBA;812;DBA;SR;OK;TASK000014281444;Priority 3;NA
SEC;812;SEC;SR;OK;TASK000014281481;Priority 3;NA
FUN;ETH;FUN;SR;OK;TASK000014281572;Priority 3;NA
SEC;DPY;SEC;SR;OK;TASK000014281582;Priority 3;NA
SEC;SYN;SEC;SR;OK;TASK000014281585;Priority 3;NA
CNC;DPY;CNC;SR;OK;TASK000014281601;Priority 3;NA
SEC;812;SEC;SR;OK;TASK000014281602;Priority 3;NA
SEC;DXE;SEC;SR;OK;TASK000014281621;Priority 3;NA
SEC;MNT;SEC;SR;OK;TASK000014281635;Priority 3;NA
SEC;SYN;SEC;SR;OK;TASK000014281741;Priority 3;NA
DBA;812;DBA;SR;OK;TASK000014281770;Priority 3;NA
SEC;812;SEC;SR;OK;TASK000014281787;Priority 3;NA
SEC;ETH;SEC;SR;OK;TASK000014281840;Priority 3;NA
SEC;ETH;SEC;SR;OK;TASK000014281846;Priority 3;NA
SEC;MNT;SEC;SR;OK;TASK000014281897;Priority 3;NA
CNC;ETH;CNC;SR;OK;TASK000014281900;Priority 3;NA
SEC;812;SEC;SR;OK;TASK000014282056;Priority 3;NA
CNC;812;CNC;SR;OK;TASK000014282249;Priority 3;NA
SEC;812;SEC;SR;OK;TASK000014282252;Priority 3;NA
SEC;SYN;SEC;SR;OK;TASK000014282302;Priority 3;NA
SEC;812;SEC;SR;OK;TASK000014282314;Priority 3;NA
SEC;BWI;SEC;SR;OK;TASK000014282341;Priority 4;NA
SEC;812;SEC;SR;OK;TASK000014282454;Priority 3;NA
FUN;EES;FUN;SR;OK;TASK000014282662;Priority 4;NA
CNC;812;CNC;SR;OK;TASK000014282804;Priority 3;NA
APS;ETH;APS;SR;OK;TASK000014282823;Priority 4;NA
APS;ETH;APS;SR;OK;TASK000014282935;Priority 3;NA
CNC;812;CNC;SR;OK;TASK000014282999;Priority 3;NA
SEC;SYN;SEC;SR;OK;TASK000014283049;Priority 3;NA
SEC;LAT;SEC;SR;OK;TASK000014283104;Priority 3;NA
CNC;LAT;CNC;SR;OK;TASK000014283171;Priority 3;NA
APS;ETH;APS;SR;OK;TASK000014283336;Priority 3;NA
APS;ETH;APS;SR;OK;TASK000014283550;Priority 4;NA
L1;BWI;L1 ;SR;OK;TASK000014283960;Priority 3;NA
SEC;ETH;SEC;SR;OK;TASK000014284111;Priority 3;NA
SEC;DCF;SEC;SR;Defect;TASK000014285583;Priority 3;NA
SEC;DXE;SEC;SR;OK;TASK000014285701;Priority 3;NA
FUN;MNT;FUN;SR;OK;TASK000014285923;Priority 4;NA
L1;812;MON;SR;OK;TASK000014286277;Priority 4;NA
L1;812;MON;SR;OK;TASK000014286324;Priority 4;NA
FUN;WS;FUN;SR;OK;TASK000014286592;Priority 3;NA
DBA;812;DBA;SR;OK;TASK000014286644;Priority 3;NA
CNC;812;CNC;SR;OK;TASK000014286814;Priority 3;NA
APS;ETH;APS;SR;OK;TASK000014286850;Priority 3;NA
SEC;812;SEC;SR;OK;TASK000014286881;Priority 4;NA
FIN;812;FUN;SR;OK;TASK000014287101;Priority 4;NA
FUN;DXE;FUN;SR;OK;TASK000014287107;Priority 3;NA
SEC;812;SEC;SR;OK;TASK000014287418;Priority 3;NA
SEC;812;SEC;SR;OK;TASK000014287448;Priority 3;NA
SEC;812;SEC;SR;OK;TASK000014287455;Priority 3;NA
SEC;812;SEC;SR;OK;TASK000014287457;Priority 3;NA
SEC;812;SEC;SR;OK;TASK000014287524;Priority 3;NA
SEC;812;SEC;SR;OK;TASK000014287544;Priority 3;NA
FUN;WS;FUN;SR;OK;TASK000014287620;Priority 4;NA
CNC;DPY;CNC;SR;OK;TASK000014287626;Priority 3;NA
L1;812;MON;SR;OK;TASK000014287632;Priority 4;NA
FUN;812;FUN;SR;OK;TASK000014287636;Priority 4;NA
FIN;812;FUN;SR;OK;TASK000014287688;Priority 4;NA
SEC;812;SEC;SR;OK;TASK000014287717;Priority 3;NA
SEC;SYN;SEC;SR;OK;TASK000014287785;Priority 3;NA
CNC;812;CNC;SR;OK;TASK000014287844;Priority 3;NA
FUN;DCF;FUN;SR;OK;TASK000014287959;Priority 4;NA
SEC;DCF;SEC;SR;OK;TASK000014287975;Priority 3;NA
SEC;SYN;SEC;SR;OK;TASK000014288127;Priority 3;NA
SEC;DPY;SEC;SR;OK;TASK000014288272;Priority 3;NA
FUN;DCF;FUN;SR;OK;TASK000014288284;Priority 3;NA
SEC;SYN;SEC;SR;OK;TASK000014288291;Priority 3;NA
APS;ETH;APS;SR;OK;TASK000014288405;Priority 3;NA
SEC;DPY;SEC;SR;OK;TASK000014288427;Priority 3;NA
DBA;812;DBA;SR;OK;TASK000014288530;Priority 3;NA
SEC;SYN;SEC;SR;Defect;TASK000014288544;Priority 3;NA
SEC;BWI;SEC;SR;OK;TASK000014288600;Priority 4;NA
SCH;812;SCH;SR;OK;TASK000014288636;Priority 3;NA
SEC;SYN;SEC;SR;OK;TASK000014288740;Priority 3;NA
APS;ETH;APS;SR;OK;TASK000014288765;Priority 3;NA
SEC;SYN;SEC;SR;OK;TASK000014288861;Priority 3;NA
SEC;ETH;SEC;SR;OK;TASK000014288864;Priority 3;NA
SEC;DXE;SEC;SR;OK;TASK000014288874;Priority 3;NA
CNC;LAT;CNC;SR;OK;TASK000014288880;Priority 3;NA
FUN;812;FUN;SR;OK;TASK000014288924;Priority 3;NA
DBA;812;DBA;SR;OK;TASK000014288950;Priority 3;NA
SEC;EMS;SEC;SR;OK;TASK000014289145;Priority 3;NA
CNC;812;MON;SR;OK;TASK000014289171;Priority 3;NA
SEC;EES;FUN;SR;OK;TASK000014289204;Priority 3;NA
APS;EES;APS;SR;OK;TASK000014289237;Priority 3;NA
SEC;DCF;SEC;SR;OK;TASK000014289306;Priority 3;NA
SEC;812;SEC;SR;OK;TASK000014289312;Priority 3;NA
FUN;812;FUN;SR;OK;TASK000014289323;Priority 3;NA
FUN;DXE;FUN;SR;OK;TASK000014289344;Priority 3;NA
TEC;ETH;FUN;SR;OK;TASK000014289354;Priority 4;NA
SEC;DCF;SEC;SR;OK;TASK000014289373;Priority 3;NA
TEC;ETH;FUN;SR;OK;TASK000014289394;Priority 4;NA
SEC;BWI;SEC;SR;OK;TASK000014289480;Priority 4;NA
SEC;812;SEC;SR;OK;TASK000014289558;Priority 3;NA
SEC;EDS;SEC;SR;OK;TASK000014289744;Priority 3;NA
SEC;BWI;SEC;SR;OK;TASK000014289770;Priority 4;NA
SEC;812;SEC;SR;OK;TASK000014289776;Priority 3;NA
SEC;LAT;SEC;SR;OK;TASK000014289822;Priority 3;NA
DBA;812;DBA;SR;OK;TASK000014289827;Priority 3;NA
SEC;ETH;SEC;SR;OK;TASK000014289950;Priority 3;NA
SEC;812;SEC;SR;OK;TASK000014289952;Priority 3;NA
SEC;812;SEC;SR;OK;TASK000014290049;Priority 3;NA
CNC;812;MON;SR;OK;TASK000014290066;Priority 3;NA
SEC;DXE;SEC;SR;OK;TASK000014290134;Priority 3;NA
SEC;812;SEC;SR;OK;TASK000014290142;Priority 3;NA
SEC;EMS;SEC;SR;OK;TASK000014290148;Priority 3;NA
SEC;LAT;SEC;SR;OK;TASK000014290190;Priority 3;NA
CNC;812;MON;SR;OK;TASK000014290210;Priority 3;NA
DBA;812;DBA;SR;OK;TASK000014290335;Priority 3;NA
APS;ETH;APS;SR;OK;TASK000014290418;Priority 3;NA
SEC;EMS;SEC;SR;OK;TASK000014290430;Priority 3;NA
APS;ETH;APS;SR;OK;TASK000014290470;Priority 3;NA
FIN;DXE;FUN;SR;OK;TASK000014290544;Priority 3;NA
SEC;DCF;SEC;SR;OK;TASK000014290599;Priority 3;NA
SEC;812;SEC;SR;OK;TASK000014290610;Priority 3;NA
SEC;DCF;SEC;SR;OK;TASK000014290644;Priority 3;NA
SEC;ETH;SEC;SR;OK;TASK000014290790;Priority 3;NA
FUN;812;FUN;SR;OK;TASK000014291351;Priority 4;NA
APS;ETH;APS;SR;OK;TASK000014291383;Priority 4;NA
CNC;BWI;L1 ;SR;OK;TASK000014291538;Priority 4;NA
CNC;BWI;L1 ;SR;OK;TASK000014291546;Priority 4;NA
SEC;812;SEC;SR;OK;TASK000014291578;Priority 3;NA
SEC;812;SEC;SR;OK;TASK000014291605;Priority 3;NA
SEC;MNT;SEC;SR;OK;TASK000014291606;Priority 3;NA
CNC;812;CNC;SR;OK;TASK000014291745;Priority 3;NA
CNC;BWI;L1 ;SR;OK;TASK000014291762;Priority 4;NA
CNC;BWI;L1 ;SR;OK;TASK000014291818;Priority 4;NA
SEC;DXE;SEC;SR;Defect;TASK000014291867;Priority 3;NA
CNC;812;CNC;SR;OK;TASK000014292644;Priority 3;NA
SEC;DXE;SEC;SR;OK;TASK000014292766;Priority 3;NA
APS;ETH;APS;SR;OK;TASK000014292856;Priority 3;NA
SEC;SYN;SEC;SR;OK;TASK000014292913;Priority 3;NA
SEC;DCF;SEC;SR;OK;TASK000014292997;Priority 3;NA
SEC;SYN;SEC;SR;OK;TASK000014293110;Priority 3;NA
SEC;BWI;SEC;SR;OK;TASK000014293167;Priority 4;NA
APS;ETH;APS;SR;OK;TASK000014293232;Priority 3;NA
FUN;DCF;FUN;SR;OK;TASK000014293310;Priority 3;NA
DBA;812;DBA;SR;OK;TASK000014293330;Priority 3;NA
L1;DCF;CNC;SR;OK;TASK000014293333;Priority 3;NA
FUN;812;FUN;SR;OK;TASK000014293454;Priority 3;NA
APS;ETH;APS;SR;OK;TASK000014293485;Priority 3;NA
FIN;812;INS;SR;Defect;TASK000014293525;Priority 3;NA
SEC;812;SEC;SR;OK;TASK000014293527;Priority 3;NA
SEC;812;SEC;SR;OK;TASK000014293561;Priority 3;NA
SEC;812;SEC;SR;OK;TASK000014293688;Priority 3;NA
APS;ETH;APS;SR;OK;TASK000014293870;Priority 3;NA
SEC;812;SEC;SR;OK;TASK000014293947;Priority 3;NA
FUN;COR;FUN;SR;OK;TASK000014293983;Priority 3;NA
SEC;BWI;SEC;SR;OK;TASK000014293984;Priority 4;NA
SEC;SYN;SEC;SR;OK;TASK000014294209;Priority 3;NA
FUN;MNT;FUN;SR;Defect;TASK000014294426;Priority 4;NA
SEC;812;SEC;SR;OK;TASK000014294732;Priority 3;NA
SEC;812;SEC;SR;OK;TASK000014294802;Priority 3;NA
FUN;812;FUN;SR;OK;TASK000014294811;Priority 4;NA
SEC;812;SEC;SR;OK;TASK000014294864;Priority 3;NA
SEC;MNT;SEC;SR;OK;TASK000014295065;Priority 3;NA
FUN;DXE;FUN;SR;OK;TASK000014295128;Priority 3;NA
SEC;812;SEC;SR;OK;TASK000014295139;Priority 3;NA
FUN;EES;FUN;SR;OK;TASK000014295183;Priority 4;NA
APS;ETH;APS;SR;OK;TASK000014295251;Priority 3;NA
SEC;WS;SEC;SR;OK;TASK000014295316;Priority 3;NA
DBA;812;DBA;SR;OK;TASK000014295509;Priority 3;NA
SEC;SYN;SEC;SR;Defect;TASK000014295543;Priority 3;NA
SEC;812;SEC;SR;OK;TASK000014295608;Priority 3;NA
SEC;SYN;SEC;SR;OK;TASK000014295672;Priority 3;NA
FUN;DCF;FUN;SR;OK;TASK000014295673;Priority 4;NA
APS;ETH;APS;SR;OK;TASK000014295745;Priority 3;NA
SEC;BWI;SEC;SR;OK;TASK000014295859;Priority 4;NA
SCH;LAT;SCH;SR;OK;TASK000014296235;Priority 3;NA
FUN;812;FUN;SR;OK;TASK000014296489;Priority 4;NA
FUN;ETH;FUN;SR;OK;TASK000014296500;Priority 3;NA
SEC;812;SEC;SR;OK;TASK000014296510;Priority 3;NA
L1;MNT;MON;SR;OK;TASK000014296699;Priority 3;NA
APS;ETH;APS;SR;OK;TASK000014297049;Priority 3;NA
SEC;MNT;SEC;SR;OK;TASK000014298922;Priority 3;NA
DBA;812;DBA;SR;OK;TASK000014298931;Priority 3;NA
CNC;812;CNC;SR;OK;TASK000014299032;Priority 3;NA
OPS;EMS;OPS;SR;OK;TASK000014299129;Priority 3;NA
SEC;EMS;SEC;SR;OK;TASK000014299266;Priority 3;NA
FUN;812;FUN;SR;OK;TASK000014299381;Priority 4;NA
SEC;812;SEC;SR;OK;TASK000014299444;Priority 3;NA
SEC;812;SEC;SR;OK;TASK000014299457;Priority 3;NA
SEC;812;SEC;SR;OK;TASK000014299462;Priority 3;NA
SEC;812;SEC;SR;OK;TASK000014299474;Priority 3;NA
SEC;812;SEC;SR;OK;TASK000014299486;Priority 3;NA
SEC;812;SEC;SR;OK;TASK000014299524;Priority 3;NA
APS;ETH;APS;SR;OK;TASK000014299534;Priority 3;NA
SEC;812;SEC;SR;OK;TASK000014299560;Priority 3;NA
DBA;812;DBA;SR;OK;TASK000014299656;Priority 3;NA
APS;ETH;APS;SR;OK;TASK000014299677;Priority 3;NA
FIN;DXE;FUN;SR;OK;TASK000014299681;Priority 4;NA
SEC;812;SEC;SR;OK;TASK000014299709;Priority 3;NA
SEC;812;SEC;SR;OK;TASK000014299720;Priority 3;NA
CNC;812;CNC;SR;OK;TASK000014299875;Priority 3;NA
FUN;812;FUN;SR;OK;TASK000014299909;Priority 3;NA
FUN;ETH;FUN;SR;OK;TASK000014299939;Priority 3;NA
FUN;ETH;FUN;SR;OK;TASK000014299947;Priority 3;NA
CNC;812;CNC;SR;OK;TASK000014299997;Priority 3;NA
DBA;812;DBA;SR;OK;TASK000014300011;Priority 3;NA
CNC;DCF;CNC;SR;OK;TASK000014300018;Priority 3;NA
SCH;812;SCH;SR;OK;TASK000014300120;Priority 3;NA
SEC;DXE;SEC;SR;OK;TASK000014300139;Priority 3;NA
SEC;DXE;SEC;SR;OK;TASK000014300146;Priority 3;NA
DBA;812;DBA;SR;OK;TASK000014300153;Priority 3;NA
APS;ETH;APS;SR;OK;TASK000014300181;Priority 3;NA
SEC;WS;SEC;SR;OK;TASK000014300192;Priority 3;NA
SEC;DXE;SEC;SR;OK;TASK000014300221;Priority 3;NA
SEC;812;SEC;SR;OK;TASK000014300241;Priority 3;NA
DBA;812;DBA;SR;OK;TASK000014300245;Priority 3;NA
SEC;EMS;SEC;SR;OK;TASK000014300246;Priority 3;NA
DBA;812;DBA;SR;OK;TASK000014300340;Priority 3;NA
SEC;812;SEC;SR;OK;TASK000014300362;Priority 3;NA
FUN;812;FUN;SR;OK;TASK000014300448;Priority 4;NA
DBA;812;DBA;SR;OK;TASK000014300449;Priority 3;NA
APS;ETH;APS;SR;OK;TASK000014300516;Priority 3;NA
SEC;812;SEC;SR;OK;TASK000014300584;Priority 3;NA
SEC;812;SEC;SR;OK;TASK000014300606;Priority 3;NA
FUN;812;FUN;SR;OK;TASK000014300761;Priority 3;NA
APS;ETH;APS;SR;OK;TASK000014300948;Priority 3;NA
SEC;ETH;SEC;SR;OK;TASK000014301028;Priority 3;NA
SEC;EMS;SEC;SR;OK;TASK000014301054;Priority 3;NA
SEC;ETH;SEC;SR;OK;TASK000014301061;Priority 3;NA
APS;ETH;APS;SR;OK;TASK000014301089;Priority 4;NA
APS;ETH;APS;SR;OK;TASK000014301118;Priority 3;NA
DBA;812;DBA;SR;OK;TASK000014301125;Priority 3;NA
SEC;812;SEC;SR;OK;TASK000014301238;Priority 3;NA
SEC;812;SEC;SR;OK;TASK000014301342;Priority 3;NA
SEC;ETH;SEC;SR;OK;TASK000014301375;Priority 3;NA
FUN;ETH;FUN;SR;OK;TASK000014301420;Priority 3;NA
SEC;ETH;SEC;SR;OK;TASK000014301422;Priority 3;NA
APS;ETH;APS;SR;OK;TASK000014301521;Priority 3;NA
SEC;SYN;SEC;SR;OK;TASK000014301528;Priority 3;NA
SEC;BWI;SEC;SR;OK;TASK000014301551;Priority 4;NA
FUN;812;FUN;SR;OK;TASK000014301641;Priority 4;NA
APS;ETH;APS;SR;OK;TASK000014301685;Priority 3;NA
FUN;MNT;FUN;SR;OK;TASK000014301692;Priority 4;NA
APS;ETH;APS;SR;OK;TASK000014301724;Priority 3;NA
APS;ETH;APS;SR;OK;TASK000014301760;Priority 3;NA
CNC;BWI;L1 ;SR;OK;TASK000014301796;Priority 4;NA
APS;ETH;APS;SR;OK;TASK000014301852;Priority 3;NA
SCH;812;SCH;SR;OK;TASK000014301859;Priority 3;NA
APS;ETH;APS;SR;OK;TASK000014301885;Priority 3;NA
SEC;812;SEC;SR;OK;TASK000014301890;Priority 3;NA
CNC;812;CNC;SR;OK;TASK000014301939;Priority 3;NA
FUN;812;FUN;SR;OK;TASK000014301952;Priority 3;NA
SEC;BWI;SEC;SR;OK;TASK000014302007;Priority 4;NA
APS;ETH;APS;SR;OK;TASK000014302013;Priority 3;NA
DBA;812;DBA;SR;OK;TASK000014302025;Priority 3;NA
APS;ETH;APS;SR;OK;TASK000014302052;Priority 3;NA
SEC;812;SEC;SR;OK;TASK000014302119;Priority 3;NA
SEC;MNT;SEC;SR;OK;TASK000014302138;Priority 3;NA
SEC;812;SEC;SR;OK;TASK000014302293;Priority 3;NA
DBA;812;DBA;SR;OK;TASK000014302322;Priority 3;NA
FUN;812;FUN;SR;OK;TASK000014302348;Priority 4;NA
CNC;ETH;CNC;SR;OK;TASK000014302466;Priority 3;NA
APS;ETH;APS;SR;OK;TASK000014302482;Priority 4;NA
SEC;SYN;SEC;SR;OK;TASK000014302584;Priority 3;NA
SEC;DCF;SEC;SR;OK;TASK000014302636;Priority 4;NA
SEC;MNT;SEC;SR;OK;TASK000014302764;Priority 3;NA
SEC;ETH;SEC;SR;OK;TASK000014302774;Priority 3;NA
SEC;SYN;SEC;SR;OK;TASK000014302875;Priority 3;NA
APS;ETH;APS;SR;OK;TASK000014302999;Priority 3;NA
APS;ETH;APS;SR;OK;TASK000014303031;Priority 4;NA
SEC;SYN;SEC;SR;OK;TASK000014303113;Priority 3;NA
SEC;SYN;SEC;SR;OK;TASK000014303178;Priority 3;NA
SEC;SYN;SEC;SR;OK;TASK000014303209;Priority 3;NA
SEC;BWI;SEC;SR;OK;TASK000014303216;Priority 4;NA
SEC;SYN;SEC;SR;OK;TASK000014303289;Priority 3;NA
CNC;EES;CNC;SR;OK;TASK000014303294;Priority 3;NA
SEC;MNT;SEC;SR;OK;TASK000014303309;Priority 3;NA
SEC;SYN;SEC;SR;Defect;TASK000014303428;Priority 3;NA
FUN;LAT;FUN;SR;OK;TASK000014303437;Priority 3;NA
SEC;BWI;SEC;SR;OK;TASK000014303512;Priority 4;NA
SEC;BWI;SEC;SR;OK;TASK000014303513;Priority 4;NA
APS;ETH;APS;SR;OK;TASK000014303517;Priority 4;NA
SEC;812;SEC;SR;OK;TASK000014303530;Priority 3;NA
CNC;DCF;CNC;SR;OK;TASK000014303566;Priority 3;NA
SEC;BWI;SEC;SR;OK;TASK000014303633;Priority 4;NA
SEC;BWI;SEC;SR;OK;TASK000014303657;Priority 4;NA
SEC;BWI;SEC;SR;OK;TASK000014303667;Priority 4;NA
SEC;BWI;SEC;SR;OK;TASK000014303683;Priority 4;NA
SEC;BWI;SEC;SR;OK;TASK000014303686;Priority 4;NA
SEC;BWI;SEC;SR;OK;TASK000014303704;Priority 4;NA
FUN;812;FUN;SR;OK;TASK000014303707;Priority 3;NA
L1;BWI;L1 ;SR;OK;TASK000014303750;Priority 3;NA
DBA;812;DBA;SR;OK;TASK000014303874;Priority 3;NA
L1;BWI;L1 ;SR;OK;TASK000014303924;Priority 3;NA
L1;812;MON;SR;OK;TASK000014304141;Priority 3;NA
SEC;CAN;SEC;SR;OK;TASK000014304561;Priority 3;NA
FUN;WS;FUN;SR;OK;TASK000014304707;Priority 4;NA
APS;ETH;APS;SR;OK;TASK000014304868;Priority 3;NA
APS;ETH;APS;SR;OK;TASK000014304962;Priority 4;NA
CNC;812;CNC;SR;OK;TASK000014305029;Priority 3;NA
FIN;DPY;FUN;SR;OK;TASK000014305148;Priority 3;NA
SEC;EMS;SEC;SR;OK;TASK000014305253;Priority 3;NA
APS;ETH;APS;SR;OK;TASK000014305272;Priority 3;NA
SEC;812;SEC;SR;OK;TASK000014305277;Priority 3;NA
APS;ETH;APS;SR;OK;TASK000014305323;Priority 3;NA
SEC;MNT;SEC;SR;OK;TASK000014305354;Priority 3;NA
CNC;812;CNC;SR;OK;TASK000014305553;Priority 3;NA
SEC;812;SEC;SR;OK;TASK000014305638;Priority 3;NA
SEC;SYN;SEC;SR;OK;TASK000014305668;Priority 3;NA
SEC;812;SEC;SR;OK;TASK000014305734;Priority 3;NA
APS;ETH;APS;SR;OK;TASK000014305764;Priority 3;NA
SEC;812;SEC;SR;OK;TASK000014305765;Priority 3;NA
APS;ETH;APS;SR;OK;TASK000014305782;Priority 3;NA
SCH;812;SCH;SR;OK;TASK000014305887;Priority 3;NA
SCH;812;SCH;SR;OK;TASK000014305888;Priority 3;NA
SEC;BWI;SEC;SR;OK;TASK000014305890;Priority 4;NA
SEC;DPY;SEC;SR;OK;TASK000014305984;Priority 3;NA
SEC;SYN;SEC;SR;Defect;TASK000014306019;Priority 3;NA
FUN;812;FUN;SR;OK;TASK000014306044;Priority 3;NA
SEC;SYN;SEC;SR;OK;TASK000014306106;Priority 3;NA
CNC;EES;CNC;SR;OK;TASK000014306171;Priority 3;NA
SEC;SYN;SEC;SR;OK;TASK000014306261;Priority 3;NA
SEC;SYN;SEC;SR;OK;TASK000014306354;Priority 3;NA
CNC;812;CNC;SR;OK;TASK000014306415;Priority 3;NA
CNC;812;CNC;SR;Defect;TASK000014306475;Priority 3;NA
SEC;SYN;SEC;SR;OK;TASK000014306487;Priority 3;NA
SEC;BWI;SEC;SR;OK;TASK000014306527;Priority 4;NA
FUN;MNT;FUN;SR;OK;TASK000014306535;Priority 4;NA
SEC;812;SEC;SR;OK;TASK000014306549;Priority 3;NA
CNC;BWI;L1 ;SR;OK;TASK000014306640;Priority 3;NA
SEC;812;SEC;SR;OK;TASK000014306716;Priority 3;NA
SEC;SYN;SEC;SR;OK;TASK000014306756;Priority 3;NA
SEC;812;SEC;SR;OK;TASK000014306878;Priority 3;NA
SEC;812;SEC;SR;OK;TASK000014306881;Priority 3;NA
SEC;812;SEC;SR;OK;TASK000014306883;Priority 3;NA
SEC;812;SEC;SR;OK;TASK000014306884;Priority 3;NA
FUN;ETH;FUN;SR;OK;TASK000014306885;Priority 3;NA
SEC;812;SEC;SR;OK;TASK000014306889;Priority 3;NA
FUN;COR;FUN;SR;OK;TASK000014306951;Priority 3;NA
SEC;812;SEC;SR;OK;TASK000014306962;Priority 3;NA
SEC;812;SEC;SR;OK;TASK000014306967;Priority 3;NA
SEC;812;SEC;SR;OK;TASK000014307001;Priority 3;NA
CNC;812;CNC;SR;OK;TASK000014307007;Priority 3;NA
SEC;BWI;SEC;SR;OK;TASK000014307020;Priority 4;NA
SCH;812;SCH;SR;OK;TASK000014307026;Priority 3;NA
SEC;812;SEC;SR;OK;TASK000014307059;Priority 3;NA
CNC;812;MON;SR;OK;TASK000014307155;Priority 3;NA
SEC;SYN;SEC;SR;Defect;TASK000014307157;Priority 3;NA
SEC;812;SEC;SR;OK;TASK000014307165;Priority 3;NA
APS;ETH;APS;SR;OK;TASK000014307205;Priority 3;NA
FUN;812;FUN;SR;OK;TASK000014307216;Priority 4;NA
SEC;812;SEC;SR;OK;TASK000014307256;Priority 3;NA
CNC;DCF;CNC;SR;Defect;TASK000014307606;Priority 3;NA
SEC;812;SEC;SR;OK;TASK000014307741;Priority 3;NA
TEC;DCF;FUN;SR;OK;TASK000014307747;Priority 3;NA
SEC;812;SEC;SR;OK;TASK000014307764;Priority 3;NA
APS;ETH;APS;SR;OK;TASK000014307769;Priority 4;NA
FUN;EES;FUN;SR;OK;TASK000014307770;Priority 4;NA
APS;ETH;APS;SR;OK;TASK000014307845;Priority 3;NA
SEC;812;SEC;SR;OK;TASK000014308235;Priority 3;NA
SEC;812;SEC;SR;OK;TASK000014308300;Priority 3;NA
SEC;812;SEC;SR;OK;TASK000014308308;Priority 3;NA
APS;ETH;APS;SR;OK;TASK000014308365;Priority 3;NA
SEC;ETH;SEC;SR;OK;TASK000014308622;Priority 3;NA
SEC;812;SEC;SR;OK;TASK000014308667;Priority 3;NA
SEC;BWI;SEC;SR;OK;TASK000014308696;Priority 4;NA
SEC;812;SEC;SR;OK;TASK000014308708;Priority 3;NA
SEC;812;SEC;SR;OK;TASK000014308709;Priority 3;NA
FUN;EES;FUN;SR;OK;TASK000014308888;Priority 4;NA
SEC;812;SEC;SR;OK;TASK000014308914;Priority 3;NA
SEC;812;SEC;SR;OK;TASK000014308953;Priority 3;NA
SCH;812;SCH;SR;OK;TASK000014309146;Priority 3;NA
SEC;812;SEC;SR;OK;TASK000014309976;Priority 3;NA
SEC;812;SEC;SR;OK;TASK000014309987;Priority 3;NA
SEC;DCF;SEC;SR;OK;TASK000014310081;Priority 3;NA
FUN;WS;FUN;SR;OK;TASK000014310147;Priority 4;NA
L1;812;MON;SR;OK;TASK000014310178;Priority 4;NA
L1;812;MON;SR;OK;TASK000014310188;Priority 4;NA
CNC;812;CNC;SR;OK;TASK000014310204;Priority 3;NA
SEC;EMS;SEC;SR;OK;TASK000014310210;Priority 4;NA
SEC;EMS;SEC;SR;OK;TASK000014310234;Priority 4;NA
SEC;SYN;SEC;SR;OK;TASK000014310243;Priority 3;NA
CNC;812;L1 ;SR;OK;TASK000014310401;Priority 3;NA
DBA;812;DBA;SR;OK;TASK000014310491;Priority 3;NA
SEC;812;SEC;SR;OK;TASK000014310513;Priority 3;NA
SEC;812;SEC;SR;OK;TASK000014310531;Priority 3;NA
SEC;812;SEC;SR;OK;TASK000014310565;Priority 3;NA
SEC;812;SEC;SR;OK;TASK000014310567;Priority 3;NA
SEC;812;SEC;SR;OK;TASK000014310593;Priority 3;NA
APS;ETH;APS;SR;OK;TASK000014310645;Priority 3;NA
APS;ETH;APS;SR;OK;TASK000014310668;Priority 4;NA
CNC;812;CNC;SR;OK;TASK000014310784;Priority 3;NA
SEC;ETH;SEC;SR;OK;TASK000014310863;Priority 3;NA
SCH;812;SCH;SR;OK;TASK000014310879;Priority 3;NA
SEC;812;SEC;SR;OK;TASK000014310897;Priority 3;NA
CNC;DPY;CNC;SR;OK;TASK000014310993;Priority 3;NA
SEC;812;SEC;SR;OK;TASK000014311082;Priority 3;NA
SEC;812;SEC;SR;OK;TASK000014311093;Priority 3;NA
SEC;SYN;SEC;SR;OK;TASK000014311219;Priority 3;NA
SEC;812;SEC;SR;OK;TASK000014311228;Priority 3;NA
APS;ETH;APS;SR;OK;TASK000014311392;Priority 3;NA
CNC;812;CNC;SR;OK;TASK000014311396;Priority 3;NA
FUN;COR;FUN;SR;OK;TASK000014311417;Priority 3;NA
SEC;812;SEC;SR;OK;TASK000014311556;Priority 3;NA
TEC;ETH;FUN;SR;OK;TASK000014311557;Priority 4;NA
SEC;SYN;SEC;SR;OK;TASK000014311565;Priority 3;NA
SEC;MNT;SEC;SR;OK;TASK000014311582;Priority 3;NA
SEC;812;SEC;SR;OK;TASK000014311647;Priority 3;NA
SEC;ETH;SEC;SR;OK;TASK000014311656;Priority 3;NA
SEC;DCF;SEC;SR;OK;TASK000014311676;Priority 3;NA
APS;ETH;APS;SR;OK;TASK000014311722;Priority 3;NA
SEC;812;SEC;SR;OK;TASK000014311761;Priority 3;NA
APS;ETH;APS;SR;OK;TASK000014311762;Priority 3;NA
SEC;812;SEC;SR;OK;TASK000014311838;Priority 3;NA
CNC;812;CNC;SR;OK;TASK000014312103;Priority 3;NA
SEC;SYN;SEC;SR;OK;TASK000014312180;Priority 3;NA
FIN;812;FUN;SR;OK;TASK000014312205;Priority 3;NA
CNC;812;CNC;SR;OK;TASK000014312211;Priority 3;NA
CNC;DCF;CNC;SR;OK;TASK000014312448;Priority 3;NA
APS;ETH;APS;SR;OK;TASK000014312451;Priority 4;NA
SEC;SYN;SEC;SR;Defect;TASK000014312499;Priority 3;NA
SEC;SYN;SEC;SR;OK;TASK000014312857;Priority 3;NA
SEC;ETH;SEC;SR;OK;TASK000014313021;Priority 3;NA
SEC;ETH;SEC;SR;OK;TASK000014313034;Priority 3;NA
CNC;ETH;CNC;SR;OK;TASK000014313085;Priority 3;NA
SEC;BWI;SEC;SR;OK;TASK000014313178;Priority 4;NA
FUN;812;FUN;SR;OK;TASK000014313513;Priority 3;NA
SEC;DCF;SEC;SR;Defect;TASK000014313740;Priority 3;NA
L1;BWI;L1 ;SR;OK;TASK000014314053;Priority 3;NA
SEC;DCF;SEC;SR;Defect;TASK000014314059;Priority 3;NA
L1;812;MON;SR;OK;TASK000014314802;Priority 4;NA
L1;812;MON;SR;OK;TASK000014314972;Priority 4;NA
SEC;812;SEC;SR;OK;TASK000014315193;Priority 3;NA
SEC;812;SEC;SR;OK;TASK000014315200;Priority 3;NA
APS;ETH;APS;SR;OK;TASK000014315201;Priority 3;NA
SEC;812;SEC;SR;OK;TASK000014315202;Priority 3;NA
SEC;812;SEC;SR;OK;TASK000014315402;Priority 3;NA
SEC;DXE;SEC;SR;OK;TASK000014315410;Priority 3;NA
OPS;EMS;OPS;SR;OK;TASK000014315422;Priority 3;NA
L1;812;MON;SR;OK;TASK000014315491;Priority 4;NA
APS;ETH;APS;SR;OK;TASK000014315536;Priority 4;NA
SEC;812;SEC;SR;OK;TASK000014315545;Priority 3;NA
DBA;812;DBA;SR;OK;TASK000014315631;Priority 3;NA
L1;812;MON;SR;OK;TASK000014315663;Priority 3;NA
SEC;812;SEC;SR;OK;TASK000014315671;Priority 3;NA
DBA;812;DBA;SR;OK;TASK000014315743;Priority 3;NA
SEC;DCF;SEC;SR;OK;TASK000014315758;Priority 3;NA
DBA;812;DBA;SR;OK;TASK000014315866;Priority 3;NA
SEC;812;SEC;SR;OK;TASK000014315929;Priority 3;NA
L1;812;MON;SR;OK;TASK000014316000;Priority 3;NA
CNC;812;CNC;SR;OK;TASK000014316054;Priority 3;NA
SEC;DPY;SEC;SR;Defect;TASK000014316070;Priority 3;NA
SEC;812;SEC;SR;OK;TASK000014316075;Priority 3;NA
SEC;DCF;SEC;SR;Defect;TASK000014316112;Priority 3;NA
SEC;DCF;SEC;SR;Defect;TASK000014316122;Priority 3;NA
SEC;812;SEC;SR;OK;TASK000014316196;Priority 3;NA
SEC;DXE;SEC;SR;OK;TASK000014316234;Priority 3;NA
SEC;812;SEC;SR;OK;TASK000014316327;Priority 3;NA
SEC;BWI;SEC;SR;OK;TASK000014316431;Priority 4;NA
SEC;812;SEC;SR;OK;TASK000014316460;Priority 3;NA
SEC;EMS;SEC;SR;OK;TASK000014316508;Priority 3;NA
SEC;EMS;SEC;SR;OK;TASK000014316514;Priority 3;NA
L1;812;MON;SR;OK;TASK000014316587;Priority 4;NA
SEC;812;SEC;SR;OK;TASK000014316588;Priority 3;NA
FUN;812;FUN;SR;OK;TASK000014316602;Priority 4;NA
APS;ETH;APS;SR;OK;TASK000014316912;Priority 3;NA
SEC;DCF;SEC;SR;OK;TASK000014316963;Priority 3;NA
SEC;ETH;SEC;SR;OK;TASK000014317085;Priority 3;NA
SEC;ETH;SEC;SR;OK;TASK000014317120;Priority 3;NA
SEC;ETH;SEC;SR;OK;TASK000014317132;Priority 3;NA
SEC;SYN;SEC;SR;Defect;TASK000014317135;Priority 3;NA
SEC;ETH;SEC;SR;OK;TASK000014317296;Priority 3;NA
CNC;812;CNC;SR;OK;TASK000014317303;Priority 3;NA
SEC;812;SEC;SR;OK;TASK000014317396;Priority 3;NA
SEC;EMS;SEC;SR;OK;TASK000014317450;Priority 3;NA
SEC;DCF;SEC;SR;OK;TASK000014317461;Priority 3;NA
SEC;812;SEC;SR;OK;TASK000014317468;Priority 3;NA
SEC;DCF;SEC;SR;Defect;TASK000014317497;Priority 3;NA
SEC;EMS;SEC;SR;OK;TASK000014317514;Priority 3;NA
CNC;812;CNC;SR;OK;TASK000014317567;Priority 3;NA
FUN;812;FUN;SR;OK;TASK000014317632;Priority 3;NA
APS;ETH;APS;SR;OK;TASK000014317740;Priority 3;NA
FUN;DCF;FUN;SR;OK;TASK000014317825;Priority 4;NA
SEC;DCF;SEC;SR;Defect;TASK000014317827;Priority 3;NA
SEC;SYN;SEC;SR;OK;TASK000014317828;Priority 3;NA
CNC;812;CNC;SR;OK;TASK000014317923;Priority 3;NA
FUN;812;FUN;SR;OK;TASK000014317959;Priority 3;NA
SEC;812;SEC;SR;OK;TASK000014317978;Priority 3;NA
SEC;ETH;SEC;SR;OK;TASK000014317991;Priority 3;NA
SEC;ETH;SEC;SR;OK;TASK000014318003;Priority 3;NA
SEC;812;SEC;SR;OK;TASK000014318011;Priority 3;NA
SEC;812;SEC;SR;OK;TASK000014318028;Priority 3;NA
SEC;812;SEC;SR;OK;TASK000014318038;Priority 3;NA
CNC;812;CNC;SR;OK;TASK000014318074;Priority 3;NA
SEC;DCF;SEC;SR;OK;TASK000014318084;Priority 3;NA
FUN;DCF;FUN;SR;OK;TASK000014318107;Priority 3;NA
FUN;812;FUN;SR;OK;TASK000014318112;Priority 3;NA
SEC;CAN;SEC;SR;OK;TASK000014318120;Priority 3;NA
FUN;812;FUN;SR;OK;TASK000014318160;Priority 3;NA
APS;EES;APS;SR;OK;TASK000014318199;Priority 4;NA
APS;ETH;APS;SR;OK;TASK000014318216;Priority 3;NA
APS;ETH;APS;SR;OK;TASK000014318225;Priority 4;NA
SEC;812;SEC;SR;OK;TASK000014318459;Priority 3;NA
FUN;812;FUN;SR;OK;TASK000014318465;Priority 3;NA
SEC;812;SEC;SR;OK;TASK000014318466;Priority 3;NA
SEC;812;SEC;SR;OK;TASK000014318489;Priority 3;NA
SEC;812;SEC;SR;OK;TASK000014318521;Priority 3;NA
SEC;812;SEC;SR;OK;TASK000014318527;Priority 3;NA
SEC;812;SEC;SR;OK;TASK000014318535;Priority 3;NA
SEC;812;SEC;SR;OK;TASK000014318549;Priority 3;NA
SEC;SYN;SEC;SR;OK;TASK000014318557;Priority 3;NA
SEC;812;SEC;SR;OK;TASK000014318558;Priority 3;NA
SEC;SYN;SEC;SR;OK;TASK000014318665;Priority 3;NA
SCH;812;SCH;SR;OK;TASK000014319019;Priority 3;NA
SEC;MNT;SEC;SR;OK;TASK000014319033;Priority 3;NA
SEC;ETH;SEC;SR;OK;TASK000014319130;Priority 3;NA
SEC;ETH;SEC;SR;OK;TASK000014319183;Priority 3;NA
SEC;ETH;SEC;SR;OK;TASK000014319188;Priority 3;NA
SEC;MNT;SEC;SR;OK;TASK000014319208;Priority 3;NA
SEC;SYN;SEC;SR;OK;TASK000014319252;Priority 3;NA
SEC;SYN;SEC;SR;OK;TASK000014319298;Priority 3;NA
SEC;BWI;SEC;SR;OK;TASK000014319404;Priority 4;NA
SEC;DPY;SEC;SR;OK;TASK000014319534;Priority 3;NA
SEC;BWI;SEC;SR;OK;TASK000014319617;Priority 4;NA
DBA;812;DBA;SR;OK;TASK000014319651;Priority 3;NA
CNC;BWI;CNC;SR;OK;TASK000014319872;Priority 3;NA
CNC;DCF;CNC;SR;OK;TASK000014319913;Priority 3;NA
L1;DPY;MON;SR;OK;TASK000014319929;Priority 3;NA
SEC;812;SEC;SR;OK;TASK000014321308;Priority 3;NA
APS;ETH;APS;SR;OK;TASK000014321676;Priority 3;NA
SEC;DXE;SEC;SR;OK;TASK000014321799;Priority 3;NA
APS;ETH;APS;SR;OK;TASK000014321803;Priority 3;NA
SEC;EMS;SEC;SR;OK;TASK000014321808;Priority 3;NA
CNC;EMS;CNC;SR;OK;TASK000014321813;Priority 3;NA
CNC;812;CNC;SR;OK;TASK000014321930;Priority 3;NA
FIN;DCF;FUN;SR;OK;TASK000014321986;Priority 3;NA
CNC;812;CNC;SR;OK;TASK000014322007;Priority 3;NA
FUN;812;FUN;SR;OK;TASK000014322075;Priority 4;NA
SEC;SYN;SEC;SR;OK;TASK000014322110;Priority 3;NA
SEC;SYN;SEC;SR;OK;TASK000014322131;Priority 3;NA
FUN;812;FUN;SR;OK;TASK000014322145;Priority 4;NA
SEC;812;SEC;SR;OK;TASK000014322258;Priority 3;NA
L1;DPY;CNC;SR;OK;TASK000014322283;Priority 3;NA
FIN;812;INS;SR;OK;TASK000014322356;Priority 3;NA
SEC;MNT;SEC;SR;OK;TASK000014322477;Priority 3;NA
SEC;812;SEC;SR;OK;TASK000014322615;Priority 3;NA
SEC;MNT;SEC;SR;OK;TASK000014322642;Priority 3;NA
SEC;MNT;SEC;SR;OK;TASK000014322652;Priority 3;NA
SEC;EMS;SEC;SR;OK;TASK000014322708;Priority 3;NA
FUN;812;FUN;SR;OK;TASK000014322781;Priority 3;NA
SEC;812;SEC;SR;OK;TASK000014322820;Priority 3;NA
DBA;812;DBA;SR;OK;TASK000014322851;Priority 3;NA
SEC;812;SEC;SR;OK;TASK000014322917;Priority 3;NA
SEC;SYN;SEC;SR;Defect;TASK000014323012;Priority 3;NA
CNC;812;CNC;SR;OK;TASK000014323069;Priority 3;NA
SEC;CAN;SEC;SR;OK;TASK000014323105;Priority 3;NA
CNC;812;CNC;SR;OK;TASK000014323108;Priority 3;NA
SEC;812;SEC;SR;OK;TASK000014323128;Priority 3;NA
SEC;812;SEC;SR;OK;TASK000014323197;Priority 3;NA
SEC;SYN;SEC;SR;Defect;TASK000014323203;Priority 3;NA
SEC;DPY;SEC;SR;OK;TASK000014323335;Priority 3;NA
CNC;LAT;CNC;SR;OK;TASK000014323393;Priority 3;NA
SEC;DPY;SEC;SR;OK;TASK000014323479;Priority 4;NA
SEC;SYN;SEC;SR;Defect;TASK000014323542;Priority 3;NA
SEC;DPY;SEC;SR;OK;TASK000014323661;Priority 3;NA
SEC;812;SEC;SR;OK;TASK000014323669;Priority 3;NA
SEC;812;SEC;SR;OK;TASK000014323757;Priority 3;NA
SEC;ETH;SEC;SR;OK;TASK000014323902;Priority 3;NA
SEC;MNT;SEC;SR;OK;TASK000014323912;Priority 3;NA
DBA;812;DBA;SR;Defect;TASK000014323920;Priority 3;NA
SEC;MNT;SEC;SR;OK;TASK000014323968;Priority 3;NA
SEC;SYN;SEC;SR;Defect;TASK000014324005;Priority 3;NA
SEC;DPY;SEC;SR;OK;TASK000014324032;Priority 3;NA
SEC;812;SEC;SR;OK;TASK000014324044;Priority 3;NA
CNC;812;CNC;SR;OK;TASK000014324069;Priority 3;NA
CNC;BWI;L1 ;SR;OK;TASK000014324248;Priority 3;NA
FUN;812;SEC;SR;OK;TASK000014324262;Priority 3;NA
APS;ETH;APS;SR;OK;TASK000014324333;Priority 3;NA
SEC;DCF;SEC;SR;OK;TASK000014324360;Priority 3;NA
SEC;DCF;SEC;SR;Defect;TASK000014324374;Priority 3;NA
FUN;812;FUN;SR;OK;TASK000014324392;Priority 4;NA
SEC;DCF;SEC;SR;Defect;TASK000014324400;Priority 3;NA
SEC;DCF;SEC;SR;OK;TASK000014324521;Priority 3;NA
FIN;812;FUN;SR;OK;TASK000014324558;Priority 3;NA
SEC;812;SEC;SR;OK;TASK000014324561;Priority 3;NA
SEC;DCF;SEC;SR;OK;TASK000014324707;Priority 3;NA
SEC;812;SEC;SR;OK;TASK000014324736;Priority 3;NA
APS;EES;APS;SR;OK;TASK000014324798;Priority 4;NA
SEC;SYN;SEC;SR;OK;TASK000014324865;Priority 3;NA
SEC;SYN;SEC;SR;OK;TASK000014324890;Priority 3;NA
CNC;BWI;CNC;SR;OK;TASK000014324953;Priority 3;NA
SCH;LAT;SCH;SR;OK;TASK000014325023;Priority 3;NA
FUN;WS;FUN;SR;OK;TASK000014325033;Priority 3;NA
SEC;MNT;SEC;SR;OK;TASK000014325135;Priority 3;NA
CNC;812;MON;SR;OK;TASK000014325271;Priority 4;NA
SEC;MNT;SEC;SR;OK;TASK000014325334;Priority 3;NA
CNC;ETH;CNC;SR;OK;TASK000014325399;Priority 3;NA
SEC;MNT;SEC;SR;OK;TASK000014326331;Priority 3;NA
DBA;812;DBA;SR;Defect;TASK000014326333;Priority 3;NA
SEC;DCF;SEC;SR;OK;TASK000014326336;Priority 3;NA
SEC;812;SEC;SR;OK;TASK000014326356;Priority 3;NA
SEC;812;SEC;SR;OK;TASK000014326360;Priority 3;NA
SEC;812;SEC;SR;OK;TASK000014326369;Priority 3;NA
SEC;812;SEC;SR;OK;TASK000014326447;Priority 3;NA
SEC;812;SEC;SR;OK;TASK000014326478;Priority 3;NA
FUN;DXE;FUN;SR;OK;TASK000014326518;Priority 4;NA
DBA;812;DBA;SR;Defect;TASK000014326546;Priority 3;NA
APS;ETH;APS;SR;OK;TASK000014326563;Priority 3;NA
SEC;812;SEC;SR;OK;TASK000014326583;Priority 3;NA
SEC;812;SEC;SR;OK;TASK000014326606;Priority 3;NA
APS;ETH;APS;SR;OK;TASK000014326628;Priority 3;NA
FIN;812;INS;INC;OK;TASK000014326712;Priority 3;NA
SEC;MNT;SEC;SR;OK;TASK000014326861;Priority 3;NA
SEC;WS;SEC;SR;OK;TASK000014326906;Priority 3;NA
SEC;812;SEC;SR;OK;TASK000014326932;Priority 3;NA
CNC;812;CNC;SR;OK;TASK000014327032;Priority 3;NA
L1;DCF;CNC;SR;OK;TASK000014327066;Priority 3;NA
L1;DCF;CNC;SR;OK;TASK000014327138;Priority 3;NA
SEC;812;SEC;SR;OK;TASK000014327142;Priority 3;NA
CNC;812;CNC;SR;OK;TASK000014327247;Priority 3;NA
APS;ETH;APS;SR;OK;TASK000014327384;Priority 3;NA
SEC;812;SEC;SR;OK;TASK000014327396;Priority 3;NA
SEC;SYN;SEC;SR;OK;TASK000014327430;Priority 3;NA
SEC;812;SEC;SR;OK;TASK000014327502;Priority 3;NA
SEC;812;SEC;SR;OK;TASK000014327715;Priority 3;NA
FUN;812;FUN;SR;OK;TASK000014327737;Priority 4;NA
SEC;812;SEC;SR;OK;TASK000014327756;Priority 3;NA
APS;ETH;APS;SR;OK;TASK000014327789;Priority 3;NA
SEC;SYN;SEC;SR;OK;TASK000014327791;Priority 3;NA
SEC;DXE;SEC;SR;OK;TASK000014327812;Priority 3;NA
APS;ETH;APS;SR;OK;TASK000014327832;Priority 3;NA
FUN;EES;FUN;SR;OK;TASK000014327917;Priority 3;NA
SCH;812;SCH;SR;OK;TASK000014327932;Priority 3;NA
FIN;812;FUN;SR;OK;TASK000014327990;Priority 3;NA
FIN;812;FUN;SR;OK;TASK000014328015;Priority 3;NA
APS;ETH;APS;SR;OK;TASK000014328076;Priority 3;NA
TEC;DCF;FUN;SR;OK;TASK000014328114;Priority 4;NA
SEC;812;SEC;SR;OK;TASK000014328176;Priority 3;NA
APS;ETH;APS;SR;OK;TASK000014328331;Priority 3;NA
SEC;DCF;SEC;SR;OK;TASK000014328353;Priority 3;NA
APS;ETH;APS;SR;OK;TASK000014328400;Priority 3;NA
APS;ETH;APS;SR;OK;TASK000014328470;Priority 3;NA
FIN;DXE;FUN;SR;OK;TASK000014328513;Priority 3;NA
FUN;812;FUN;SR;OK;TASK000014328546;Priority 4;NA
DBA;812;DBA;SR;OK;TASK000014328612;Priority 3;NA
SEC;812;SEC;SR;OK;TASK000014328621;Priority 3;NA
SEC;EMS;SEC;SR;OK;TASK000014328777;Priority 3;NA
DBA;812;DBA;SR;OK;TASK000014328779;Priority 3;NA
SEC;BWI;SEC;SR;OK;TASK000014328840;Priority 4;NA
TEC;ETH;FUN;SR;OK;TASK000014328854;Priority 4;NA
FUN;812;FUN;SR;OK;TASK000014328855;Priority 3;NA
APS;ETH;APS;SR;OK;TASK000014328883;Priority 3;NA
APS;ETH;APS;SR;OK;TASK000014328896;Priority 3;NA
APS;ETH;APS;SR;OK;TASK000014328917;Priority 3;NA
CNC;812;CNC;SR;OK;TASK000014328946;Priority 3;NA
DBA;812;DBA;SR;OK;TASK000014328952;Priority 3;NA
CNC;812;CNC;SR;OK;TASK000014328985;Priority 3;NA
CNC;812;CNC;SR;OK;TASK000014328991;Priority 3;NA
APS;ETH;APS;SR;OK;TASK000014328994;Priority 4;NA
APS;EES;APS;SR;OK;TASK000014328996;Priority 4;NA
CNC;812;CNC;SR;OK;TASK000014329014;Priority 3;NA
SEC;812;SEC;SR;OK;TASK000014329015;Priority 3;NA
APS;ETH;APS;SR;OK;TASK000014329019;Priority 3;NA
SEC;812;SEC;SR;OK;TASK000014329074;Priority 3;NA
SEC;BWI;SEC;SR;OK;TASK000014329242;Priority 4;NA
SEC;812;SEC;SR;OK;TASK000014329257;Priority 3;NA
SEC;BWI;SEC;SR;OK;TASK000014329273;Priority 4;NA
FUN;812;FUN;SR;OK;TASK000014329294;Priority 4;NA
APS;ETH;APS;SR;OK;TASK000014329331;Priority 3;NA
SEC;BWI;SEC;SR;OK;TASK000014329567;Priority 4;NA
SEC;DPY;SEC;SR;OK;TASK000014329665;Priority 4;NA
APS;ETH;APS;SR;OK;TASK000014329679;Priority 3;NA
SEC;SYN;SEC;SR;OK;TASK000014330217;Priority 3;NA
SEC;SYN;SEC;SR;OK;TASK000014330248;Priority 3;NA
FUN;EES;FUN;SR;OK;TASK000014330271;Priority 4;NA
SEC;SYN;SEC;SR;OK;TASK000014330282;Priority 3;NA
FUN;812;FUN;SR;OK;TASK000014330297;Priority 4;NA
L1;DPY;MON;SR;Defect;TASK000014330591;Priority 3;NA
L1;DPY;CNC;SR;OK;TASK000014331159;Priority 3;NA
SEC;MNT;SEC;SR;OK;TASK000014331523;Priority 3;NA
SEC;812;SEC;SR;OK;TASK000014331575;Priority 3;NA
DBA;812;DBA;SR;OK;TASK000014331589;Priority 3;NA
FUN;ETH;FUN;SR;OK;TASK000014331590;Priority 3;NA
FUN;DCF;FUN;SR;OK;TASK000014331640;Priority 4;NA
SEC;812;SEC;SR;OK;TASK000014331681;Priority 3;NA
SEC;812;SEC;SR;OK;TASK000014331684;Priority 3;NA
DBA;812;DBA;SR;OK;TASK000014331860;Priority 3;NA
APS;ETH;APS;SR;OK;TASK000014332075;Priority 3;NA
SEC;812;SEC;SR;OK;TASK000014332299;Priority 3;NA
SEC;SYN;SEC;SR;OK;TASK000014332321;Priority 3;NA
SEC;DPY;SEC;SR;OK;TASK000014332340;Priority 3;NA
SEC;812;SEC;SR;OK;TASK000014332475;Priority 3;NA
CNC;812;CNC;SR;OK;TASK000014332570;Priority 3;NA
TEC;DCF;FUN;SR;OK;TASK000014332606;Priority 3;NA
SEC;BWI;SEC;SR;OK;TASK000014332645;Priority 4;NA
SEC;SYN;SEC;SR;OK;TASK000014332685;Priority 3;NA
FUN;812;FUN;SR;OK;TASK000014332841;Priority 4;NA
SEC;812;SEC;SR;OK;TASK000014332859;Priority 3;NA
SEC;812;SEC;SR;OK;TASK000014332876;Priority 3;NA
DBA;812;DBA;SR;OK;TASK000014332942;Priority 3;NA
SEC;812;SEC;SR;OK;TASK000014332962;Priority 3;NA
SCH;812;SCH;SR;OK;TASK000014332964;Priority 3;NA
DBA;812;DBA;SR;OK;TASK000014332967;Priority 3;NA
SEC;812;SEC;SR;OK;TASK000014333004;Priority 3;NA
FUN;812;FUN;SR;OK;TASK000014333007;Priority 3;NA
SEC;812;SEC;SR;OK;TASK000014333123;Priority 3;NA
SEC;812;SEC;SR;OK;TASK000014333148;Priority 3;NA
SEC;812;SEC;SR;OK;TASK000014333196;Priority 3;NA
SEC;DXE;SEC;SR;OK;TASK000014333207;Priority 3;NA
SEC;SYN;SEC;SR;OK;TASK000014333218;Priority 3;NA
SEC;DPY;SEC;SR;OK;TASK000014333227;Priority 3;NA
CNC;BWI;CNC;SR;OK;TASK000014333274;Priority 3;NA
SEC;SYN;SEC;SR;OK;TASK000014333276;Priority 3;NA
SEC;DPY;SEC;SR;OK;TASK000014333368;Priority 3;NA
SEC;812;SEC;SR;OK;TASK000014333421;Priority 3;NA
SEC;812;SEC;SR;OK;TASK000014333598;Priority 3;NA
SEC;812;SEC;SR;OK;TASK000014333621;Priority 3;NA
CNC;812;CNC;SR;OK;TASK000014333637;Priority 3;NA
SEC;SYN;SEC;SR;OK;TASK000014333643;Priority 3;NA
CNC;812;MON;SR;OK;TASK000014333796;Priority 3;NA
FUN;812;FUN;SR;OK;TASK000014333803;Priority 4;NA
FUN;ETH;FUN;SR;OK;TASK000014333901;Priority 4;NA
FUN;812;FUN;SR;OK;TASK000014333911;Priority 4;NA
L1;812;MON;SR;OK;TASK000014333926;Priority 3;NA
APS;DCF;APS;SR;OK;TASK000014333948;Priority 3;NA
APS;ETH;APS;SR;OK;TASK000014334212;Priority 3;NA
SEC;SYN;SEC;SR;OK;TASK000014334222;Priority 3;NA
FUN;812;FUN;SR;OK;TASK000014334246;Priority 3;NA
SEC;SYN;SEC;SR;OK;TASK000014334313;Priority 3;NA
SEC;812;SEC;SR;OK;TASK000014334391;Priority 3;NA
APS;ETH;APS;SR;OK;TASK000014334477;Priority 3;NA
L1;BWI;L1 ;SR;OK;TASK000014334522;Priority 3;NA
SEC;812;SEC;SR;OK;TASK000014334549;Priority 3;NA
CNC;BWI;L1 ;SR;OK;TASK000014334585;Priority 3;NA
SEC;812;SEC;SR;OK;TASK000014334590;Priority 3;NA
SEC;812;SEC;SR;OK;TASK000014334616;Priority 3;NA
SEC;DCF;SEC;SR;OK;TASK000014334650;Priority 3;NA
SEC;CAN;SEC;SR;OK;TASK000014334696;Priority 3;NA
TEC;ETH;FUN;SR;OK;TASK000014334713;Priority 4;NA
SEC;SYN;SEC;SR;OK;TASK000014334944;Priority 3;NA
SEC;ETH;SEC;SR;OK;TASK000014334982;Priority 3;NA
TEC;ETH;FUN;SR;OK;TASK000014335100;Priority 4;NA
SEC;812;SEC;SR;OK;TASK000014335128;Priority 3;NA
SEC;SYN;SEC;SR;OK;TASK000014335145;Priority 3;NA
SEC;MNT;SEC;SR;OK;TASK000014335217;Priority 3;NA
SEC;MNT;SEC;SR;OK;TASK000014335224;Priority 3;NA
SEC;EMS;SEC;SR;OK;TASK000014335228;Priority 3;NA
SEC;BWI;SEC;SR;OK;TASK000014335274;Priority 3;NA
CNC;DCF;CNC;SR;OK;TASK000014335611;Priority 3;NA
SEC;ETH;SEC;SR;OK;TASK000014335802;Priority 3;NA
SEC;ETH;SEC;SR;OK;TASK000014335807;Priority 3;NA
SEC;ETH;SEC;SR;OK;TASK000014335838;Priority 3;NA
L1;812;MON;SR;OK;TASK000014335840;Priority 4;NA
SEC;ETH;SEC;SR;OK;TASK000014335847;Priority 3;NA
SEC;ETH;SEC;SR;OK;TASK000014335852;Priority 3;NA
CNC;DCF;CNC;SR;OK;TASK000014335909;Priority 3;NA
L1;812;MON;SR;OK;TASK000014335913;Priority 4;NA
DBA;812;DBA;SR;Defect;TASK000014336173;Priority 3;NA
FUN;812;FUN;SR;OK;TASK000014336216;Priority 4;NA
SEC;812;SEC;SR;OK;TASK000014336320;Priority 3;NA
SEC;812;SEC;SR;OK;TASK000014336343;Priority 3;NA
SEC;DXE;SEC;SR;OK;TASK000014336346;Priority 3;NA
SEC;812;SEC;SR;OK;TASK000014336357;Priority 3;NA
FIN;812;FUN;SR;OK;TASK000014336400;Priority 3;NA
SEC;MNT;SEC;SR;OK;TASK000014336450;Priority 3;NA
DBA;812;DBA;SR;OK;TASK000014336493;Priority 3;NA
FUN;812;FUN;SR;OK;TASK000014336499;Priority 4;NA
CNC;812;CNC;SR;OK;TASK000014336539;Priority 3;NA
SEC;812;SEC;SR;OK;TASK000014336699;Priority 3;NA
SEC;812;SEC;SR;OK;TASK000014336743;Priority 3;NA
FUN;812;FUN;SR;OK;TASK000014336801;Priority 4;NA
SEC;812;SEC;SR;OK;TASK000014336854;Priority 3;NA
SEC;812;SEC;SR;OK;TASK000014336879;Priority 3;NA
SEC;812;SEC;SR;OK;TASK000014336994;Priority 3;NA
FUN;812;FUN;SR;OK;TASK000014337016;Priority 3;NA
CNC;812;CNC;SR;OK;TASK000014337051;Priority 3;NA
L1;812;MON;SR;OK;TASK000014337169;Priority 4;NA
SEC;812;SEC;SR;OK;TASK000014337201;Priority 3;NA
APS;ETH;APS;SR;OK;TASK000014337256;Priority 3;NA
SEC;DPY;SEC;SR;OK;TASK000014337391;Priority 3;NA
SEC;LAT;SEC;SR;OK;TASK000014337401;Priority 3;NA
L1;MNT;MON;SR;OK;TASK000014337435;Priority 4;NA
SEC;SYN;SEC;SR;Defect;TASK000014337450;Priority 3;NA
SEC;812;SEC;SR;OK;TASK000014337475;Priority 3;NA
SEC;812;SEC;SR;OK;TASK000014337499;Priority 3;NA
SCH;LAT;SCH;SR;OK;TASK000014337537;Priority 3;NA
SEC;812;SEC;SR;OK;TASK000014337629;Priority 3;NA
FUN;COR;FUN;SR;OK;TASK000014337642;Priority 3;NA
SEC;DXE;SEC;SR;OK;TASK000014337653;Priority 3;NA
SEC;812;SEC;SR;OK;TASK000014337670;Priority 3;NA
CNC;812;CNC;SR;OK;TASK000014337757;Priority 3;NA
SEC;812;SEC;SR;OK;TASK000014337793;Priority 3;NA
SEC;SYN;SEC;SR;OK;TASK000014337811;Priority 3;NA
SEC;812;SEC;SR;OK;TASK000014337818;Priority 3;NA
SEC;ETH;SEC;SR;OK;TASK000014337856;Priority 3;NA
FUN;812;FUN;SR;OK;TASK000014338021;Priority 4;NA
FUN;812;FUN;SR;Defect;TASK000014338034;Priority 3;NA
SEC;DPY;SEC;SR;OK;TASK000014338052;Priority 3;NA
SEC;812;SEC;SR;OK;TASK000014338141;Priority 3;NA
SEC;EMS;SEC;SR;OK;TASK000014338144;Priority 3;NA
SEC;812;SEC;SR;OK;TASK000014338146;Priority 3;NA
DBA;812;DBA;SR;OK;TASK000014338188;Priority 3;NA
SEC;812;SEC;SR;OK;TASK000014338213;Priority 3;NA
SEC;812;SEC;SR;OK;TASK000014338227;Priority 3;NA
FIN;812;FUN;SR;OK;TASK000014338299;Priority 4;NA
SEC;812;SEC;SR;OK;TASK000014338350;Priority 3;NA
DBA;812;DBA;SR;OK;TASK000014338351;Priority 3;NA
SEC;812;SEC;SR;OK;TASK000014338657;Priority 3;NA
DBA;812;DBA;SR;OK;TASK000014338672;Priority 3;NA
DBA;812;DBA;SR;OK;TASK000014338673;Priority 3;NA
SEC;812;SEC;SR;OK;TASK000014338697;Priority 3;NA
SEC;DXE;SEC;SR;OK;TASK000014338734;Priority 3;NA
SEC;ETH;SEC;SR;OK;TASK000014338821;Priority 3;NA
CNC;BWI;CNC;SR;OK;TASK000014338887;Priority 3;NA
APS;ETH;APS;SR;OK;TASK000014338904;Priority 3;NA
SEC;SYN;SEC;SR;Defect;TASK000014338928;Priority 3;NA
APS;ETH;APS;SR;OK;TASK000014338932;Priority 3;NA
APS;DCF;APS;SR;OK;TASK000014339090;Priority 4;NA
SEC;DPY;SEC;SR;OK;TASK000014339239;Priority 3;NA
SEC;SYN;SEC;SR;Defect;TASK000014339422;Priority 3;NA
APS;ETH;APS;SR;OK;TASK000014339526;Priority 4;NA
CNC;LAT;CNC;SR;OK;TASK000014339562;Priority 3;NA
L1;BWI;L1 ;SR;OK;TASK000014340107;Priority 4;NA
FUN;812;FUN;SR;OK;TASK000014340517;Priority 4;NA
L1;812;MON;SR;OK;TASK000014341352;Priority 4;NA
L1;812;MON;SR;OK;TASK000014341452;Priority 4;NA
L1;812;MON;SR;OK;TASK000014342020;Priority 4;NA
FUN;812;FUN;SR;OK;TASK000014342057;Priority 4;NA
FUN;WS;FUN;SR;OK;TASK000014342536;Priority 4;NA
FUN;DXE;FUN;SR;OK;TASK000014342962;Priority 4;NA
SEC;BWI;SEC;SR;OK;TASK000014344776;Priority 4;NA
FUN;812;FUN;SR;OK;TASK000014346692;Priority 4;NA
APS;EES;APS;SR;OK;TASK000014349476;Priority 4;NA
SEC;BWI;SEC;SR;OK;TASK000014349826;Priority 4;NA
APS;EES;APS;SR;OK;TASK000014350362;Priority 4;NA
SEC;BWI;SEC;SR;OK;TASK000014351143;Priority 4;NA
FUN;WS;FUN;SR;OK;TASK000014351737;Priority 4;NA
FUN;812;FUN;SR;OK;TASK000014351761;Priority 4;NA
APS;ETH;APS;SR;OK;TASK000014352318;Priority 4;NA
SEC;DPY;SEC;SR;OK;TASK000014353139;Priority 4;NA
FUN;DXE;FUN;SR;OK;TASK000014353267;Priority 4;NA
SEC;BWI;SEC;SR;OK;TASK000014353725;Priority 4;NA
APS;ETH;APS;SR;OK;TASK000014354064;Priority 4;NA
FUN;812;FUN;SR;OK;TASK000014354393;Priority 4;NA
FUN;ETH;FUN;SR;OK;TASK000014354577;Priority 4;NA
SEC;BWI;SEC;SR;OK;TASK000014354656;Priority 4;NA
SEC;BWI;SEC;SR;OK;TASK000014354764;Priority 4;NA
FIN;812;FUN;SR;OK;TASK000014355015;Priority 4;NA
SEC;BWI;SEC;SR;OK;TASK000014355075;Priority 4;NA
FUN;LAT;FUN;SR;OK;TASK000014355405;Priority 4;NA
SEC;BWI;SEC;SR;OK;TASK000014355761;Priority 4;NA
APS;ETH;APS;SR;OK;TASK000014357102;Priority 4;NA
FUN;812;FUN;SR;OK;TASK000014357403;Priority 4;NA
SEC;BWI;SEC;SR;OK;TASK000014358715;Priority 4;NA
SEC;BWI;SEC;SR;OK;TASK000014359252;Priority 4;NA
FUN;ETH;FUN;SR;OK;TASK000014359757;Priority 4;NA
SEC;DPY;SEC;SR;OK;TASK000014360596;Priority 4;NA
FUN;DXE;FUN;SR;OK;TASK000014362343;Priority 4;NA
FUN;EES;FUN;SR;OK;TASK000014363385;Priority 4;NA
APS;ETH;APS;SR;OK;TASK000014364160;Priority 4;NA
SEC;812;SEC;SR;OK;TASK000014367433;Priority 3;NA
DBA;812;DBA;SR;OK;TASK000014367555;Priority 3;NA
DBA;812;DBA;SR;OK;TASK000014367685;Priority 3;NA
L1;DCF;CNC;SR;OK;TASK000014367698;Priority 3;NA
FUN;812;FUN;SR;OK;TASK000014367714;Priority 4;NA
SEC;812;SEC;SR;OK;TASK000014367722;Priority 3;NA
SEC;812;SEC;SR;OK;TASK000014367743;Priority 3;NA
SEC;812;SEC;SR;OK;TASK000014367769;Priority 3;NA
SEC;812;SEC;SR;OK;TASK000014367799;Priority 3;NA
APS;ETH;APS;SR;OK;TASK000014367843;Priority 3;NA
SEC;812;SEC;SR;OK;TASK000014367850;Priority 3;NA
L1;812;MON;SR;OK;TASK000014367957;Priority 3;NA
L1;812;MON;SR;OK;TASK000014368054;Priority 3;NA
SCH;812;SCH;SR;OK;TASK000014368099;Priority 3;NA
SEC;812;SEC;SR;OK;TASK000014368281;Priority 3;NA
CNC;812;CNC;SR;OK;TASK000014368306;Priority 3;NA
SEC;812;SEC;SR;OK;TASK000014368343;Priority 3;NA
SEC;SYN;SEC;SR;OK;TASK000014368349;Priority 3;NA
SEC;812;SEC;SR;OK;TASK000014368573;Priority 3;NA
CNC;812;CNC;SR;OK;TASK000014368576;Priority 3;NA
SEC;812;SEC;SR;OK;TASK000014368638;Priority 3;NA
FUN;812;FUN;SR;OK;TASK000014368673;Priority 3;NA
FUN;WS;FUN;SR;OK;TASK000014368763;Priority 4;NA
SEC;812;SEC;SR;OK;TASK000014369057;Priority 3;NA
SEC;812;SEC;SR;OK;TASK000014369532;Priority 3;NA
SEC;DCF;SEC;SR;OK;TASK000014369606;Priority 3;NA
SEC;ETH;SEC;SR;OK;TASK000014369655;Priority 3;NA
SEC;SYN;SEC;SR;OK;TASK000014369699;Priority 3;NA
DCF;DCF;FUN;SR;OK;TASK000014369835;Priority 3;NA
DBA;812;DBA;SR;OK;TASK000014369872;Priority 3;NA
SEC;812;SEC;SR;OK;TASK000014369958;Priority 3;NA
SEC;DCF;SEC;SR;OK;TASK000014369993;Priority 3;NA
FIN;812;FUN;SR;OK;TASK000014370017;Priority 3;NA
SEC;812;SEC;SR;OK;TASK000014370058;Priority 3;NA
SEC;ETH;SEC;SR;OK;TASK000014370097;Priority 3;NA
SEC;812;SEC;SR;OK;TASK000014370108;Priority 3;NA
SEC;SYN;SEC;SR;OK;TASK000014370159;Priority 3;NA
SEC;CAN;SEC;SR;OK;TASK000014370214;Priority 3;NA
OPS;EMS;OPS;SR;OK;TASK000014370229;Priority 3;NA
SEC;SYN;SEC;SR;Defect;TASK000014370239;Priority 3;NA
FUN;WS;FUN;SR;OK;TASK000014370260;Priority 4;NA
SEC;812;SEC;SR;OK;TASK000014370307;Priority 3;NA
SEC;812;SEC;SR;OK;TASK000014370398;Priority 3;NA
SEC;DXE;SEC;SR;OK;TASK000014370403;Priority 3;NA
SEC;DCF;SEC;SR;OK;TASK000014370497;Priority 3;NA
SEC;812;SEC;SR;OK;TASK000014370546;Priority 3;NA
SEC;812;SEC;SR;OK;TASK000014370565;Priority 3;NA
APS;DCF;APS;SR;OK;TASK000014370835;Priority 3;NA
SEC;DCF;SEC;SR;OK;TASK000014371001;Priority 3;NA
FUN;812;FUN;SR;OK;TASK000014371057;Priority 4;NA
SEC;DCF;SEC;SR;OK;TASK000014371210;Priority 3;NA
FUN;EES;FUN;SR;OK;TASK000014371267;Priority 4;NA
SEC;DPY;SEC;SR;OK;TASK000014371546;Priority 4;NA
L1;BWI;L1 ;SR;OK;TASK000014371615;Priority 3;NA
SEC;ETH;SEC;SR;OK;TASK000014371654;Priority 3;NA
SEC;SYN;SEC;SR;Defect;TASK000014371733;Priority 3;NA
SEC;ETH;SEC;SR;OK;TASK000014371879;Priority 3;NA
SEC;ETH;SEC;SR;OK;TASK000014371928;Priority 3;NA
SEC;MNT;SEC;SR;OK;TASK000014372083;Priority 3;NA
SEC;SYN;SEC;SR;OK;TASK000014372137;Priority 3;NA
SEC;DPY;SEC;SR;OK;TASK000014372141;Priority 3;NA
SEC;BWI;SEC;SR;OK;TASK000014372194;Priority 4;NA
SEC;MNT;SEC;SR;OK;TASK000014372498;Priority 3;NA
CNC;812;CNC;SR;OK;TASK000014373351;Priority 3;NA
L1;BWI;CNC;SR;OK;TASK000014373354;Priority 3;NA
L1;MNT;MON;SR;OK;TASK000014373783;Priority 3;NA
FUN;WS;FUN;SR;OK;TASK000014374037;Priority 3;NA
DBA;812;DBA;SR;OK;TASK000014374083;Priority 3;NA
SCH;812;SCH;SR;OK;TASK000014374141;Priority 3;NA
FUN;812;FUN;SR;OK;TASK000014374167;Priority 3;NA
SEC;MNT;SEC;SR;OK;TASK000014374320;Priority 3;NA
DBA;812;DBA;SR;OK;TASK000014374325;Priority 3;NA
FUN;DXE;FUN;SR;OK;TASK000014374348;Priority 4;NA
SEC;DXE;SEC;SR;OK;TASK000014374413;Priority 3;NA
DBA;812;DBA;SR;OK;TASK000014374499;Priority 3;NA
SEC;BWI;SEC;SR;OK;TASK000014374686;Priority 4;NA
SEC;DXE;SEC;SR;OK;TASK000014374728;Priority 3;NA
DBA;812;DBA;SR;OK;TASK000014374734;Priority 3;NA
CNC;812;CNC;SR;OK;TASK000014374782;Priority 3;NA
SEC;812;SEC;SR;OK;TASK000014374844;Priority 3;NA
SEC;DXE;SEC;SR;OK;TASK000014374880;Priority 3;NA
CNC;812;CNC;SR;OK;TASK000014374984;Priority 3;NA
CNC;812;CNC;SR;OK;TASK000014375014;Priority 3;NA
SEC;CAN;SEC;SR;OK;TASK000014375116;Priority 3;NA
L1;812;MON;SR;OK;TASK000014375184;Priority 3;NA
SEC;BWI;SEC;SR;OK;TASK000014375361;Priority 4;NA
SEC;DPY;SEC;SR;OK;TASK000014375446;Priority 4;NA
DBA;812;DBA;SR;OK;TASK000014375451;Priority 3;NA
DBA;812;DBA;SR;OK;TASK000014375501;Priority 3;NA
SEC;DPY;SEC;SR;OK;TASK000014375581;Priority 4;NA
SEC;DXE;SEC;SR;OK;TASK000014375622;Priority 3;NA
SEC;812;SEC;SR;OK;TASK000014375643;Priority 3;NA
SEC;EMS;SEC;SR;OK;TASK000014375648;Priority 3;NA
SEC;DXE;SEC;SR;OK;TASK000014375701;Priority 3;NA
SEC;SYN;SEC;SR;OK;TASK000014375718;Priority 3;NA
SEC;SYN;SEC;SR;OK;TASK000014375759;Priority 3;NA
SEC;812;SEC;SR;OK;TASK000014375999;Priority 3;NA
SEC;812;SEC;SR;OK;TASK000014376050;Priority 3;NA
DBA;812;DBA;SR;Defect;TASK000014376175;Priority 3;NA
SEC;812;SEC;SR;OK;TASK000014376235;Priority 3;NA
SEC;812;SEC;SR;OK;TASK000014376336;Priority 3;NA
SEC;BWI;SEC;SR;OK;TASK000014376350;Priority 4;NA
SEC;812;SEC;SR;OK;TASK000014376431;Priority 3;NA
SEC;812;SEC;SR;OK;TASK000014376437;Priority 3;NA
L1;812;MON;SR;OK;TASK000014376447;Priority 3;NA
SEC;SYN;SEC;SR;OK;TASK000014376654;Priority 3;NA
SEC;SYN;SEC;SR;OK;TASK000014376666;Priority 3;NA
CNC;BWI;CNC;SR;OK;TASK000014376832;Priority 3;NA
SEC;BWI;SEC;SR;OK;TASK000014376839;Priority 4;NA
SEC;MNT;SEC;SR;OK;TASK000014377267;Priority 3;NA
CNC;LAT;CNC;SR;OK;TASK000014377546;Priority 3;NA
SEC;SYN;SEC;SR;Defect;TASK000014377634;Priority 3;NA
SEC;BWI;SEC;SR;OK;TASK000014377636;Priority 4;NA
FUN;DCF;FUN;SR;Defect;TASK000014377746;Priority 4;NA
CNC;812;CNC;SR;OK;TASK000014377793;Priority 3;NA
SEC;812;SEC;SR;OK;TASK000014377806;Priority 3;NA
SEC;BWI;SEC;SR;OK;TASK000014377834;Priority 4;NA
FUN;812;FUN;SR;OK;TASK000014378569;Priority 3;NA
FUN;WS;FUN;SR;OK;TASK000014378773;Priority 3;NA
SEC;812;SEC;SR;OK;TASK000014378818;Priority 3;NA
FUN;812;FUN;SR;OK;TASK000014378840;Priority 3;NA
SEC;812;SEC;SR;OK;TASK000014378890;Priority 3;NA
CNC;812;CNC;SR;OK;TASK000014379110;Priority 3;NA
SEC;ETH;SEC;SR;OK;TASK000014379122;Priority 3;NA
SEC;DXE;SEC;SR;OK;TASK000014379213;Priority 3;NA
SEC;SYN;SEC;SR;OK;TASK000014379528;Priority 3;NA
SEC;812;SEC;SR;OK;TASK000014379536;Priority 3;NA
SEC;812;SEC;SR;OK;TASK000014379732;Priority 3;NA
SEC;812;SEC;SR;OK;TASK000014379925;Priority 3;NA
SEC;BWI;SEC;SR;OK;TASK000014379927;Priority 4;NA
CNC;812;CNC;SR;OK;TASK000014380103;Priority 3;NA
CNC;812;CNC;SR;OK;TASK000014380272;Priority 3;NA
SEC;DPY;SEC;SR;OK;TASK000014380435;Priority 4;NA
SEC;SYN;SEC;SR;Defect;TASK000014380478;Priority 3;NA
SEC;DCF;SEC;SR;OK;TASK000014380622;Priority 3;NA
FUN;ETH;FUN;SR;OK;TASK000014380642;Priority 4;NA
SEC;812;SEC;SR;OK;TASK000014380733;Priority 3;NA
SEC;DPY;SEC;SR;OK;TASK000014380745;Priority 3;NA
SEC;BWI;SEC;SR;OK;TASK000014380757;Priority 4;NA
FUN;ETH;FUN;SR;OK;TASK000014380763;Priority 3;NA
SEC;BWI;SEC;SR;OK;TASK000014380882;Priority 4;NA
SEC;SYN;SEC;SR;OK;TASK000014381019;Priority 3;NA
None;ETH;FUN;SR;OK;TASK000014381097;Priority 4;NA
SEC;DPY;SEC;SR;OK;TASK000014381101;Priority 4;NA
SCH;812;SCH;SR;Defect;TASK000014381109;Priority 3;NA
SEC;812;SEC;SR;OK;TASK000014381110;Priority 3;NA
SEC;812;SEC;SR;OK;TASK000014381133;Priority 3;NA
SCH;LAT;SCH;SR;OK;TASK000014381177;Priority 3;NA
SEC;812;SEC;SR;OK;TASK000014381258;Priority 3;NA
FUN;812;FUN;SR;OK;TASK000014381277;Priority 3;NA
APS;ETH;APS;SR;OK;TASK000014381287;Priority 3;NA
CNC;812;CNC;SR;OK;TASK000014381449;Priority 3;NA
SEC;DXE;SEC;SR;OK;TASK000014381501;Priority 3;NA
SEC;BWI;SEC;SR;OK;TASK000014381530;Priority 4;NA
APS;EES;APS;SR;OK;TASK000014381668;Priority 4;NA
CNC;812;CNC;SR;OK;TASK000014381684;Priority 3;NA
CNC;812;CNC;SR;OK;TASK000014381696;Priority 3;NA
SEC;BWI;SEC;SR;OK;TASK000014381776;Priority 4;NA
TEC;ETH;FUN;SR;OK;TASK000014381878;Priority 3;NA
SEC;SYN;SEC;SR;OK;TASK000014382069;Priority 3;NA
SEC;DCF;SEC;SR;Defect;TASK000014382351;Priority 3;NA
SEC;DCF;SEC;SR;Defect;TASK000014382386;Priority 3;NA
APS;EES;APS;SR;OK;TASK000014382393;Priority 4;NA
SEC;DCF;SEC;SR;Defect;TASK000014382412;Priority 3;NA
SEC;DCF;SEC;SR;Defect;TASK000014382413;Priority 3;NA
APS;ETH;APS;SR;OK;TASK000014382438;Priority 4;NA
SEC;ETH;SEC;SR;OK;TASK000014382481;Priority 4;NA
SEC;MNT;SEC;SR;OK;TASK000014382648;Priority 3;NA
CNC;812;CNC;SR;OK;TASK000014382684;Priority 3;NA
SEC;MNT;SEC;SR;OK;TASK000014382740;Priority 3;NA
L1;BWI;L1 ;SR;OK;TASK000014382770;Priority 3;NA
L1;BWI;L1 ;SR;OK;TASK000014382780;Priority 3;NA
SEC;MNT;SEC;SR;OK;TASK000014382835;Priority 3;NA
SEC;SYN;SEC;SR;OK;TASK000014382866;Priority 3;NA
FUN;LAT;FUN;SR;OK;TASK000014383010;Priority 3;NA
CNC;MNT;CNC;SR;OK;TASK000014383052;Priority 3;NA
SEC;MNT;SEC;SR;OK;TASK000014383189;Priority 3;NA
DBA;812;DBA;SR;OK;TASK000014383430;Priority 3;NA
DBA;812;DBA;SR;OK;TASK000014383788;Priority 3;NA
FIN;812;FUN;SR;OK;TASK000014384034;Priority 4;NA
FIN;812;FUN;SR;OK;TASK000014384298;Priority 3;NA
SEC;812;SEC;SR;OK;TASK000014384323;Priority 3;NA
DBA;812;DBA;SR;OK;TASK000014384393;Priority 3;NA
SEC;812;SEC;SR;OK;TASK000014384433;Priority 3;NA
DBA;812;DBA;SR;OK;TASK000014384462;Priority 3;NA
SEC;812;SEC;SR;OK;TASK000014384475;Priority 3;NA
DBA;812;DBA;SR;OK;TASK000014384504;Priority 3;NA
FUN;DCF;FUN;SR;OK;TASK000014384605;Priority 4;NA
SEC;812;SEC;SR;OK;TASK000014384618;Priority 3;NA
L1;DCF;CNC;SR;OK;TASK000014384669;Priority 3;NA
APS;EES;APS;SR;OK;TASK000014384706;Priority 3;NA
SEC;812;SEC;SR;OK;TASK000014384906;Priority 3;NA
SEC;DXE;SEC;SR;OK;TASK000014384995;Priority 3;NA
SEC;SYN;SEC;SR;OK;TASK000014385166;Priority 3;NA
SEC;812;SEC;SR;OK;TASK000014385306;Priority 3;NA
SEC;SYN;SEC;SR;OK;TASK000014385408;Priority 3;NA
SEC;SYN;SEC;SR;OK;TASK000014385448;Priority 3;NA
DBA;812;DBA;SR;OK;TASK000014385463;Priority 3;NA
SEC;DXE;SEC;SR;OK;TASK000014385472;Priority 3;NA
SEC;812;SEC;SR;OK;TASK000014385572;Priority 3;NA
FUN;WS;FUN;SR;OK;TASK000014385594;Priority 3;NA
SEC;ETH;SEC;SR;OK;TASK000014385598;Priority 3;NA
SEC;812;SEC;SR;OK;TASK000014385617;Priority 3;NA
DBA;812;DBA;SR;OK;TASK000014385621;Priority 3;NA
SEC;ETH;SEC;SR;OK;TASK000014385636;Priority 3;NA
SEC;ETH;SEC;SR;OK;TASK000014385650;Priority 3;NA
SEC;DPY;SEC;SR;OK;TASK000014385720;Priority 3;NA
SEC;812;SEC;SR;OK;TASK000014385724;Priority 3;NA
SEC;DPY;SEC;SR;OK;TASK000014385772;Priority 4;NA
APS;ETH;APS;SR;OK;TASK000014385799;Priority 3;NA
SEC;SYN;SEC;SR;OK;TASK000014385863;Priority 3;NA
SEC;DPY;SEC;SR;OK;TASK000014385881;Priority 4;NA
FIN;DXE;FUN;SR;OK;TASK000014385894;Priority 3;NA
SEC;DPY;SEC;SR;OK;TASK000014385951;Priority 4;NA
SEC;SYN;SEC;SR;OK;TASK000014386042;Priority 3;NA
SEC;DPY;SEC;SR;OK;TASK000014386060;Priority 4;NA
DBA;812;DBA;SR;OK;TASK000014386066;Priority 3;NA
SEC;SYN;SEC;SR;OK;TASK000014386101;Priority 3;NA
SEC;DPY;SEC;SR;OK;TASK000014386143;Priority 4;NA
SEC;SYN;SEC;SR;OK;TASK000014386150;Priority 3;NA
SEC;DPY;SEC;SR;OK;TASK000014386211;Priority 4;NA
SEC;SYN;SEC;SR;OK;TASK000014386301;Priority 3;NA
SEC;812;SEC;SR;OK;TASK000014386365;Priority 3;NA
FIN;812;FUN;SR;OK;TASK000014386384;Priority 3;NA
APS;ETH;APS;SR;OK;TASK000014386413;Priority 4;NA
SEC;SYN;SEC;SR;OK;TASK000014386457;Priority 3;NA
None;ETH;FUN;SR;OK;TASK000014386506;Priority 3;NA
SEC;ETH;SEC;SR;OK;TASK000014386593;Priority 3;NA
SEC;SYN;SEC;SR;OK;TASK000014386715;Priority 3;NA
DCF;DCF;FUN;SR;OK;TASK000014386723;Priority 3;NA
SEC;SYN;SEC;SR;OK;TASK000014386734;Priority 3;NA
SEC;BWI;SEC;SR;OK;TASK000014386763;Priority 4;NA
SEC;DCF;SEC;SR;OK;TASK000014386805;Priority 3;NA
FIN;EES;FUN;SR;OK;TASK000014386807;Priority 4;NA
SEC;DCF;SEC;SR;OK;TASK000014386831;Priority 3;NA
SEC;DCF;SEC;SR;OK;TASK000014386963;Priority 3;NA
SEC;BWI;SEC;SR;OK;TASK000014386966;Priority 4;NA
FUN;812;FUN;SR;OK;TASK000014386980;Priority 3;NA
FUN;EES;FUN;SR;OK;TASK000014387039;Priority 3;NA
SCH;LAT;SCH;SR;OK;TASK000014387139;Priority 3;NA
SEC;BWI;SEC;SR;OK;TASK000014387157;Priority 4;NA
FUN;812;FUN;SR;OK;TASK000014387190;Priority 4;NA
SEC;DCF;SEC;SR;Defect;TASK000014387287;Priority 3;NA
SEC;DCF;SEC;SR;Defect;TASK000014387296;Priority 3;NA
SEC;DCF;SEC;SR;Defect;TASK000014387319;Priority 3;NA
SEC;DCF;SEC;SR;Defect;TASK000014387327;Priority 3;NA
SEC;DCF;SEC;SR;Defect;TASK000014387334;Priority 3;NA
SEC;SYN;SEC;SR;OK;TASK000014387356;Priority 3;NA
SEC;DCF;SEC;SR;Defect;TASK000014387391;Priority 3;NA
SEC;DCF;SEC;SR;Defect;TASK000014387402;Priority 3;NA
CNC;812;CNC;SR;OK;TASK000014387404;Priority 3;NA
APS;ETH;APS;SR;OK;TASK000014387417;Priority 3;NA
SEC;DCF;SEC;SR;Defect;TASK000014387434;Priority 3;NA
SCH;LAT;SCH;SR;OK;TASK000014387657;Priority 3;NA
MNT;MNT;FUN;SR;OK;TASK000014387787;Priority 3;NA
MNT;MNT;FUN;SR;OK;TASK000014387788;Priority 3;NA
SEC;BWI;SEC;SR;OK;TASK000014387887;Priority 4;NA
CNC;ETH;CNC;SR;OK;TASK000014387970;Priority 3;NA
SEC;EMS;SEC;SR;OK;TASK000014388591;Priority 3;NA
SEC;WS;SEC;SR;OK;TASK000014388603;Priority 3;NA
APS;ETH;APS;SR;OK;TASK000014388693;Priority 3;NA
CNC;812;CNC;SR;OK;TASK000014388823;Priority 3;NA
FUN;812;FUN;SR;OK;TASK000014388876;Priority 3;NA
SEC;812;SEC;SR;OK;TASK000014389160;Priority 3;NA
FUN;COR;FUN;SR;OK;TASK000014389239;Priority 4;NA
SEC;812;SEC;SR;OK;TASK000014389269;Priority 3;NA
SEC;SYN;SEC;SR;OK;TASK000014389296;Priority 3;NA
SCH;812;SCH;SR;OK;TASK000014389323;Priority 3;NA
SEC;812;SEC;SR;OK;TASK000014389382;Priority 3;NA
DBA;812;DBA;SR;OK;TASK000014389701;Priority 3;NA
SCH;812;SCH;SR;OK;TASK000014389822;Priority 3;NA
SEC;BWI;SEC;SR;OK;TASK000014389850;Priority 4;NA
SEC;812;SEC;SR;OK;TASK000014389889;Priority 3;NA
FUN;812;FUN;SR;OK;TASK000014389985;Priority 3;NA
SEC;812;SEC;SR;OK;TASK000014390149;Priority 3;NA
SEC;SYN;SEC;SR;OK;TASK000014390176;Priority 3;NA
SEC;SYN;SEC;SR;Defect;TASK000014390188;Priority 3;NA
SEC;812;SEC;SR;OK;TASK000014390241;Priority 3;NA
SEC;DCF;SEC;SR;OK;TASK000014390306;Priority 3;NA
FUN;DXE;FUN;SR;OK;TASK000014390486;Priority 3;NA
FUN;DXE;FUN;SR;OK;TASK000014390487;Priority 4;NA
SEC;812;SEC;SR;OK;TASK000014390729;Priority 3;NA
SEC;SYN;SEC;SR;OK;TASK000014390779;Priority 3;NA
SEC;DXE;SEC;SR;OK;TASK000014390870;Priority 3;NA
SEC;ETH;SEC;SR;OK;TASK000014391004;Priority 3;NA
SEC;812;SEC;SR;OK;TASK000014391060;Priority 3;NA
SEC;BWI;SEC;SR;OK;TASK000014391162;Priority 4;NA
APS;DCF;APS;SR;OK;TASK000014391168;Priority 3;NA
SEC;SYN;SEC;SR;Defect;TASK000014391239;Priority 3;NA
SEC;DPY;SEC;SR;OK;TASK000014391474;Priority 3;NA
SEC;SYN;SEC;SR;Defect;TASK000014391519;Priority 3;NA
SEC;SYN;SEC;SR;OK;TASK000014391575;Priority 3;NA
SEC;SYN;SEC;SR;OK;TASK000014391597;Priority 3;NA
SEC;DPY;SEC;SR;OK;TASK000014391682;Priority 4;NA
SEC;SYN;SEC;SR;OK;TASK000014391688;Priority 3;NA
SEC;DPY;SEC;SR;OK;TASK000014391739;Priority 4;NA
SEC;DPY;SEC;SR;OK;TASK000014391769;Priority 4;NA
SEC;DPY;SEC;SR;OK;TASK000014391779;Priority 4;NA
SEC;SYN;SEC;SR;Defect;TASK000014391816;Priority 3;NA
SEC;BWI;SEC;SR;OK;TASK000014391837;Priority 4;NA
SEC;DCF;SEC;SR;OK;TASK000014391997;Priority 3;NA
SEC;DCF;SEC;SR;OK;TASK000014392005;Priority 3;NA
SEC;DCF;SEC;SR;OK;TASK000014392012;Priority 3;NA
SEC;DPY;SEC;SR;OK;TASK000014392043;Priority 4;NA
SEC;DPY;SEC;SR;OK;TASK000014392063;Priority 4;NA
SEC;DPY;SEC;SR;OK;TASK000014392071;Priority 4;NA
SEC;DPY;SEC;SR;OK;TASK000014392079;Priority 4;NA
SEC;DPY;SEC;SR;OK;TASK000014392097;Priority 4;NA
SEC;DPY;SEC;SR;OK;TASK000014392099;Priority 4;NA
SEC;DPY;SEC;SR;OK;TASK000014392104;Priority 4;NA
SEC;DPY;SEC;SR;OK;TASK000014392106;Priority 4;NA
SEC;DPY;SEC;SR;OK;TASK000014392120;Priority 4;NA
SEC;DPY;SEC;SR;OK;TASK000014392132;Priority 4;NA
SEC;DPY;SEC;SR;OK;TASK000014392136;Priority 4;NA
SEC;DPY;SEC;SR;OK;TASK000014392138;Priority 4;NA
CNC;ETH;CNC;SR;OK;TASK000014392177;Priority 3;NA
SEC;812;SEC;SR;OK;TASK000014392443;Priority 3;NA
SEC;DCF;SEC;SR;OK;TASK000014392862;Priority 3;NA
L1;812;MON;SR;OK;TASK000014392980;Priority 3;NA
CNC;812;CNC;SR;OK;TASK000014392986;Priority 3;NA
DBA;812;DBA;SR;OK;TASK000014393064;Priority 3;NA
FUN;812;FUN;SR;OK;TASK000014393103;Priority 3;NA
CNC;812;CNC;SR;OK;TASK000014393416;Priority 3;NA
SEC;MNT;SEC;SR;OK;TASK000014394436;Priority 3;NA
SEC;812;SEC;SR;OK;TASK000014394446;Priority 3;NA
SEC;MNT;SEC;SR;OK;TASK000014394609;Priority 3;NA
FUN;812;FUN;SR;OK;TASK000014394658;Priority 3;NA
SEC;WS;SEC;SR;OK;TASK000014394923;Priority 3;NA
FUN;WS;FUN;SR;OK;TASK000014394947;Priority 4;NA
SEC;812;SEC;SR;OK;TASK000014395081;Priority 3;NA
DBA;812;DBA;SR;OK;TASK000014395089;Priority 3;NA
SEC;812;SEC;SR;OK;TASK000014395122;Priority 3;NA
SEC;812;SEC;SR;OK;TASK000014395163;Priority 3;NA
SEC;812;SEC;SR;OK;TASK000014395180;Priority 3;NA
SEC;MNT;SEC;SR;OK;TASK000014395268;Priority 3;NA
SEC;812;SEC;SR;OK;TASK000014395279;Priority 3;NA
L1;812;MON;SR;OK;TASK000014395361;Priority 3;NA
SEC;812;SEC;SR;OK;TASK000014395401;Priority 3;NA
L1;EES;CNC;SR;OK;TASK000014395523;Priority 3;NA
L1;BWI;CNC;SR;OK;TASK000014395569;Priority 3;NA
DBA;812;DBA;SR;OK;TASK000014395690;Priority 3;NA
L1;DXE;CNC;SR;OK;TASK000014395953;Priority 3;NA
APS;DCF;APS;SR;OK;TASK000014395966;Priority 3;NA
L1;812;CNC;SR;OK;TASK000014396058;Priority 3;NA
SEC;812;SEC;SR;OK;TASK000014396106;Priority 3;NA
SEC;812;SEC;SR;OK;TASK000014396207;Priority 3;NA
FUN;EES;FUN;SR;OK;TASK000014396334;Priority 4;NA
SEC;EMS;SEC;SR;OK;TASK000014396404;Priority 3;NA
SCH;LAT;SCH;SR;OK;TASK000014396426;Priority 3;NA
DBA;812;DBA;SR;OK;TASK000014396477;Priority 3;NA
SEC;SYN;SEC;SR;OK;TASK000014396503;Priority 3;NA
APS;ETH;APS;SR;OK;TASK000014396545;Priority 4;NA
L1;BWI;L1 ;SR;OK;TASK000014396615;Priority 4;NA
SEC;DPY;SEC;SR;OK;TASK000014396676;Priority 3;NA
SEC;ETH;SEC;SR;OK;TASK000014396753;Priority 3;NA
DBA;812;DBA;SR;OK;TASK000014396774;Priority 3;NA
SEC;DXE;SEC;SR;OK;TASK000014396786;Priority 3;NA
FUN;812;FUN;SR;OK;TASK000014396797;Priority 3;NA
SEC;812;SEC;SR;OK;TASK000014396803;Priority 3;NA
SCH;812;SCH;SR;OK;TASK000014396891;Priority 3;NA
CNC;ETH;CNC;SR;OK;TASK000014396930;Priority 3;NA
DBA;812;DBA;SR;OK;TASK000014396940;Priority 3;NA
SEC;SYN;SEC;SR;OK;TASK000014396958;Priority 3;NA
SEC;SYN;SEC;SR;OK;TASK000014396991;Priority 3;NA
DBA;812;DBA;SR;OK;TASK000014397026;Priority 3;NA
APS;ETH;APS;SR;OK;TASK000014397046;Priority 4;NA
DBA;812;DBA;SR;OK;TASK000014397057;Priority 3;NA
SEC;CAN;SEC;SR;OK;TASK000014397084;Priority 3;NA
DBA;812;DBA;SR;OK;TASK000014397112;Priority 3;NA
DBA;812;DBA;SR;OK;TASK000014397165;Priority 3;NA
SEC;812;SEC;SR;OK;TASK000014397211;Priority 3;NA
SCH;812;SCH;SR;OK;TASK000014397228;Priority 3;NA
SEC;812;SEC;SR;OK;TASK000014397238;Priority 3;NA
CNC;DPY;CNC;SR;OK;TASK000014397355;Priority 3;NA
SEC;812;SEC;SR;OK;TASK000014397395;Priority 3;NA
SEC;DXE;SEC;SR;OK;TASK000014397424;Priority 3;NA
SEC;MNT;SEC;SR;OK;TASK000014397469;Priority 3;NA
SEC;BWI;SEC;SR;OK;TASK000014397475;Priority 4;NA
SEC;SYN;SEC;SR;OK;TASK000014397513;Priority 3;NA
SEC;BWI;SEC;SR;OK;TASK000014397546;Priority 4;NA
SEC;MNT;SEC;SR;OK;TASK000014397674;Priority 3;NA
CNC;812;CNC;SR;OK;TASK000014397733;Priority 3;NA
SEC;BWI;SEC;SR;OK;TASK000014397768;Priority 4;NA
SEC;BWI;SEC;SR;OK;TASK000014397800;Priority 4;NA
SEC;BWI;SEC;SR;OK;TASK000014397830;Priority 4;NA
FUN;ETH;FUN;SR;OK;TASK000014397923;Priority 3;NA
SEC;DCF;SEC;SR;OK;TASK000014398044;Priority 3;NA
SEC;SYN;SEC;SR;OK;TASK000014398096;Priority 3;NA
SEC;812;SEC;SR;OK;TASK000014398138;Priority 3;NA
L1;BWI;L1 ;SR;OK;TASK000014398204;Priority 4;NA
L1;BWI;L1 ;SR;OK;TASK000014398231;Priority 4;NA
SEC;812;SEC;SR;OK;TASK000014398244;Priority 3;NA
APS;ETH;APS;SR;OK;TASK000014398342;Priority 3;NA
SEC;EMS;SEC;SR;OK;TASK000014398575;Priority 3;NA
SEC;CAN;SEC;SR;OK;TASK000014398668;Priority 3;NA
APS;ETH;APS;SR;OK;TASK000014398792;Priority 3;NA
SEC;DCF;SEC;SR;OK;TASK000014398963;Priority 3;NA
SEC;DCF;SEC;SR;OK;TASK000014399011;Priority 3;NA
L1;BWI;L1 ;SR;OK;TASK000014399022;Priority 4;NA
SEC;MNT;SEC;SR;OK;TASK000014399029;Priority 3;NA
CNC;DPY;CNC;SR;OK;TASK000014399058;Priority 3;NA
APS;ETH;APS;SR;OK;TASK000014399109;Priority 4;NA
APS;ETH;APS;SR;OK;TASK000014399121;Priority 4;NA
FUN;EES;FUN;SR;OK;TASK000014399296;Priority 3;NA
SEC;812;SEC;SR;OK;TASK000014399320;Priority 3;NA
L1;BWI;L1 ;SR;OK;TASK000014399344;Priority 3;NA
SEC;BWI;SEC;SR;OK;TASK000014399348;Priority 4;NA
SEC;BWI;SEC;SR;OK;TASK000014399460;Priority 4;NA
SEC;812;SEC;SR;OK;TASK000014400378;Priority 3;NA
SEC;812;SEC;SR;OK;TASK000014400393;Priority 3;NA
DBA;812;DBA;SR;OK;TASK000014400519;Priority 3;NA
FUN;812;FUN;SR;OK;TASK000014400767;Priority 3;NA
L1;812;MON;SR;OK;TASK000014400783;Priority 3;NA
SEC;812;SEC;SR;OK;TASK000014400839;Priority 3;NA
CNC;812;CNC;SR;OK;TASK000014400934;Priority 3;NA
FUN;812;FUN;SR;OK;TASK000014400973;Priority 3;NA
SEC;812;SEC;SR;OK;TASK000014401007;Priority 3;NA
FUN;812;FUN;SR;OK;TASK000014401013;Priority 3;NA
SEC;812;SEC;SR;OK;TASK000014401075;Priority 3;NA
SEC;812;SEC;SR;OK;TASK000014401137;Priority 3;NA
DBA;812;DBA;SR;OK;TASK000014401148;Priority 3;NA
SEC;812;SEC;SR;OK;TASK000014401155;Priority 3;NA
FIN;DXE;FUN;SR;OK;TASK000014401174;Priority 4;NA
DBA;812;DBA;SR;OK;TASK000014401204;Priority 3;NA
SEC;812;SEC;SR;OK;TASK000014401264;Priority 3;NA
L1;812;MON;SR;OK;TASK000014401303;Priority 3;NA
SEC;812;SEC;SR;OK;TASK000014401336;Priority 3;NA
L1;812;MON;SR;OK;TASK000014401359;Priority 3;NA
SEC;812;SEC;SR;OK;TASK000014401402;Priority 3;NA
SEC;812;SEC;SR;OK;TASK000014401413;Priority 3;NA
SEC;SYN;SEC;SR;OK;TASK000014401431;Priority 3;NA
L1;DCF;CNC;SR;OK;TASK000014401504;Priority 3;NA
SCH;812;SCH;SR;OK;TASK000014401520;Priority 3;NA
SEC;812;SEC;SR;OK;TASK000014401544;Priority 3;NA
DBA;812;DBA;SR;OK;TASK000014401559;Priority 3;NA
SEC;812;SEC;SR;OK;TASK000014401615;Priority 3;NA
DBA;812;DBA;SR;OK;TASK000014401843;Priority 3;NA
SEC;812;SEC;SR;OK;TASK000014401847;Priority 3;NA
SEC;ETH;SEC;SR;OK;TASK000014401924;Priority 3;NA
FUN;COR;FUN;SR;OK;TASK000014402028;Priority 3;NA
SCH;LAT;SCH;SR;OK;TASK000014402161;Priority 3;NA
SEC;DXE;SEC;SR;OK;TASK000014402328;Priority 3;NA
SEC;LAT;SEC;SR;OK;TASK000014402424;Priority 3;NA
SEC;EMS;SEC;SR;OK;TASK000014402444;Priority 3;NA
DBA;812;DBA;SR;OK;TASK000014402626;Priority 3;NA
SEC;DXE;SEC;SR;OK;TASK000014402840;Priority 3;NA
SEC;BWI;SEC;SR;OK;TASK000014402870;Priority 4;NA
FUN;DCF;FUN;SR;OK;TASK000014402877;Priority 3;NA
DBA;812;DBA;SR;OK;TASK000014402918;Priority 3;NA
SEC;SYN;SEC;SR;OK;TASK000014403064;Priority 3;NA
SEC;812;SEC;SR;OK;TASK000014403159;Priority 3;NA
CNC;812;CNC;SR;OK;TASK000014403177;Priority 3;NA
SEC;SYN;SEC;SR;OK;TASK000014403208;Priority 3;NA
SEC;SYN;SEC;SR;OK;TASK000014403321;Priority 3;NA
CNC;812;CNC;SR;OK;TASK000014403436;Priority 3;NA
SEC;812;SEC;SR;OK;TASK000014403629;Priority 3;NA
CNC;MNT;CNC;SR;OK;TASK000014403738;Priority 3;NA
FUN;DCF;FUN;SR;OK;TASK000014403779;Priority 3;NA
SEC;SYN;SEC;SR;OK;TASK000014403781;Priority 3;NA
SEC;DPY;SEC;SR;OK;TASK000014403782;Priority 3;NA
DBA;812;DBA;SR;OK;TASK000014403881;Priority 3;NA
SEC;BWI;SEC;SR;OK;TASK000014403956;Priority 4;NA
APS;ETH;APS;SR;OK;TASK000014404066;Priority 3;NA
CNC;LAT;CNC;SR;OK;TASK000014404111;Priority 3;NA
SEC;MNT;SEC;SR;OK;TASK000014404201;Priority 3;NA
CNC;ETH;CNC;SR;OK;TASK000014404340;Priority 3;NA
SCH;LAT;SCH;SR;OK;TASK000014404609;Priority 3;NA
SEC;SYN;SEC;SR;OK;TASK000014404611;Priority 3;NA
SCH;812;SCH;SR;OK;TASK000014404615;Priority 3;NA
SEC;DCF;SEC;SR;OK;TASK000014404670;Priority 3;NA
APS;DCF;APS;SR;OK;TASK000014404911;Priority 4;NA
SEC;BWI;SEC;SR;OK;TASK000014404963;Priority 4;NA
SEC;BWI;SEC;SR;OK;TASK000014404966;Priority 4;NA
SEC;ETH;SEC;SR;OK;TASK000014405136;Priority 3;NA
L1;BWI;L1 ;SR;OK;TASK000014405319;Priority 3;NA
SEC;WS;SEC;SR;OK;TASK000014405977;Priority 3;NA
DBA;812;DBA;SR;OK;TASK000014406019;Priority 3;NA
DBA;812;DBA;SR;OK;TASK000014406112;Priority 3;NA
L1;812;MON;SR;OK;TASK000014406271;Priority 3;NA
FUN;WS;FUN;SR;OK;TASK000014406287;Priority 3;NA
L1;BWI;L1 ;SR;OK;TASK000014406386;Priority 3;NA
SEC;812;SEC;SR;OK;TASK000014406409;Priority 3;NA
FUN;812;FUN;SR;OK;TASK000014406453;Priority 3;NA
SEC;812;SEC;SR;OK;TASK000014406468;Priority 3;NA
DBA;812;DBA;SR;OK;TASK000014406567;Priority 3;NA
L1;EES;CNC;SR;OK;TASK000014406614;Priority 3;NA
FIN;812;FUN;SR;OK;TASK000014406754;Priority 4;NA
SEC;812;SEC;SR;OK;TASK000014406769;Priority 3;NA
SEC;812;SEC;SR;OK;TASK000014406798;Priority 3;NA
L1;BWI;CNC;SR;OK;TASK000014406809;Priority 3;NA
SCH;812;SCH;SR;OK;TASK000014406824;Priority 3;NA
SEC;812;SEC;SR;OK;TASK000014406846;Priority 3;NA
SEC;812;SEC;SR;OK;TASK000014407080;Priority 3;NA
FUN;DXE;FUN;SR;OK;TASK000014407150;Priority 3;NA
SEC;812;SEC;SR;OK;TASK000014407152;Priority 3;NA
APS;ETH;APS;SR;OK;TASK000014407398;Priority 3;NA
L1;812;MON;SR;OK;TASK000014407421;Priority 3;NA
DBA;812;DBA;SR;OK;TASK000014407520;Priority 3;NA
CNC;DPY;CNC;SR;OK;TASK000014407630;Priority 3;NA
CNC;ETH;CNC;SR;OK;TASK000014407660;Priority 3;NA
SEC;ETH;SEC;SR;OK;TASK000014407731;Priority 3;NA
FIN;812;FUN;SR;OK;TASK000014407762;Priority 4;NA
SEC;SYN;SEC;SR;OK;TASK000014407771;Priority 3;NA
SEC;BWI;SEC;SR;OK;TASK000014407794;Priority 4;NA
SEC;BWI;SEC;SR;OK;TASK000014407821;Priority 4;NA
FUN;812;FUN;SR;OK;TASK000014407888;Priority 4;NA
SEC;DXE;SEC;SR;OK;TASK000014407906;Priority 3;NA
CNC;DXE;CNC;SR;OK;TASK000014408001;Priority 3;NA
SEC;SYN;SEC;SR;OK;TASK000014408156;Priority 3;NA
SEC;SYN;SEC;SR;Defect;TASK000014408167;Priority 3;NA
SEC;SYN;SEC;SR;OK;TASK000014408306;Priority 3;NA
SEC;812;SEC;SR;OK;TASK000014408355;Priority 3;NA
FUN;812;FUN;SR;OK;TASK000014408409;Priority 3;NA
SEC;SYN;SEC;SR;Defect;TASK000014408435;Priority 3;NA
SEC;812;SEC;SR;OK;TASK000014408528;Priority 3;NA
SEC;ETH;SEC;SR;OK;TASK000014408636;Priority 3;NA
CNC;LAT;CNC;SR;OK;TASK000014408647;Priority 3;NA
SEC;812;SEC;SR;OK;TASK000014408843;Priority 3;NA
SEC;812;SEC;SR;OK;TASK000014408896;Priority 3;NA
SEC;812;SEC;SR;OK;TASK000014408911;Priority 3;NA
SEC;SYN;SEC;SR;OK;TASK000014408922;Priority 3;NA
SEC;812;SEC;SR;OK;TASK000014408938;Priority 3;NA
SEC;812;SEC;SR;OK;TASK000014408952;Priority 3;NA
SEC;BWI;SEC;SR;OK;TASK000014409012;Priority 4;NA
CNC;812;CNC;SR;OK;TASK000014409023;Priority 3;NA
SEC;DCF;SEC;SR;OK;TASK000014409190;Priority 3;NA
SEC;DXE;SEC;SR;OK;TASK000014409322;Priority 3;NA
SEC;DCF;SEC;SR;OK;TASK000014409539;Priority 3;NA
SEC;SYN;SEC;SR;OK;TASK000014409567;Priority 3;NA
SEC;SYN;SEC;SR;OK;TASK000014409574;Priority 3;NA
SEC;SYN;SEC;SR;OK;TASK000014409614;Priority 3;NA
TEC;DCF;TEC;SR;OK;TASK000014409653;Priority 4;NA
SEC;SYN;SEC;SR;OK;TASK000014409712;Priority 3;NA
0;ETH;FUN;SR;OK;TASK000014410100;Priority 3;NA
SEC;SYN;SEC;SR;Defect;TASK000014410137;Priority 3;NA
CNC;MNT;L1 ;SR;OK;TASK000014410351;Priority 3;NA
SEC;MNT;SEC;SR;OK;TASK000014410505;Priority 3;NA
SEC;ETH;SEC;SR;OK;TASK000014410543;Priority 3;NA
CNC;812;CNC;SR;OK;TASK000014410719;Priority 3;NA
L1;BWI;L1 ;SR;OK;TASK000014410759;Priority 3;NA
TEC;DCF;TEC;SR;OK;TASK000014411205;Priority 3;NA
SEC;MNT;SEC;SR;OK;TASK000014411413;Priority 3;NA
FUN;DCF;FUN;SR;OK;TASK000014411431;Priority 3;NA
L1;812;MON;SR;OK;TASK000014411436;Priority 3;NA
CNC;812;CNC;SR;OK;TASK000014411698;Priority 3;NA
DBA;812;DBA;SR;OK;TASK000014411709;Priority 3;NA
SEC;812;SEC;SR;OK;TASK000014411754;Priority 3;NA
SEC;812;SEC;SR;OK;TASK000014411763;Priority 3;NA
SEC;ETH;SEC;SR;OK;TASK000014411766;Priority 3;NA
SEC;ETH;SEC;SR;OK;TASK000014411773;Priority 3;NA
L1;812;MON;SR;OK;TASK000014411794;Priority 3;NA
SEC;812;SEC;SR;OK;TASK000014411806;Priority 3;NA
L1;812;MON;SR;OK;TASK000014411807;Priority 3;NA
SEC;MNT;SEC;SR;OK;TASK000014411812;Priority 3;NA
SEC;812;SEC;SR;OK;TASK000014411850;Priority 3;NA
FIN;WS;FUN;SR;OK;TASK000014411914;Priority 3;NA
SEC;DXE;SEC;SR;OK;TASK000014411963;Priority 3;NA
SEC;812;SEC;SR;OK;TASK000014412014;Priority 3;NA
L1;BWI;CNC;SR;OK;TASK000014412022;Priority 3;NA
L1;812;MON;SR;OK;TASK000014412039;Priority 3;NA
L1;812;MON;SR;OK;TASK000014412117;Priority 3;NA
SEC;DXE;SEC;SR;OK;TASK000014412165;Priority 3;NA
L1;812;MON;SR;OK;TASK000014412179;Priority 3;NA
L1;DPY;CNC;SR;OK;TASK000014412236;Priority 3;NA
DBA;812;DBA;SR;OK;TASK000014412344;Priority 3;NA
DBA;812;DBA;SR;OK;TASK000014412425;Priority 3;NA
SEC;812;SEC;SR;OK;TASK000014412498;Priority 3;NA
L1;DCF;CNC;SR;OK;TASK000014412523;Priority 3;NA
APS;ETH;APS;SR;OK;TASK000014412535;Priority 3;NA
APS;ETH;APS;SR;OK;TASK000014412587;Priority 3;NA
SEC;ETH;SEC;SR;OK;TASK000014412699;Priority 3;NA
SEC;812;SEC;SR;OK;TASK000014412716;Priority 3;NA
SEC;812;SEC;SR;OK;TASK000014412717;Priority 3;NA
FUN;812;FUN;SR;OK;TASK000014412804;Priority 3;NA
SEC;DCF;SEC;SR;OK;TASK000014412916;Priority 3;NA
SEC;812;SEC;SR;OK;TASK000014412983;Priority 3;NA
CNC;812;CNC;SR;OK;TASK000014412990;Priority 3;NA
SEC;812;SEC;SR;OK;TASK000014413071;Priority 3;NA
FUN;ETH;FUN;SR;OK;TASK000014413458;Priority 3;NA
SEC;SYN;SEC;SR;OK;TASK000014413460;Priority 3;NA
SEC;812;SEC;SR;OK;TASK000014413471;Priority 3;NA
SEC;812;SEC;SR;OK;TASK000014413554;Priority 3;NA
SEC;DCF;SEC;SR;OK;TASK000014413641;Priority 3;NA
DBA;812;DBA;SR;OK;TASK000014413698;Priority 3;NA
SEC;DCF;SEC;SR;OK;TASK000014413740;Priority 3;NA
SEC;812;SEC;SR;OK;TASK000014413801;Priority 3;NA
SEC;WS;SEC;SR;OK;TASK000014413915;Priority 3;NA
SEC;WS;SEC;SR;OK;TASK000014413976;Priority 3;NA
SEC;MNT;SEC;SR;OK;TASK000014414136;Priority 3;NA
SEC;812;SEC;SR;OK;TASK000014414211;Priority 3;NA
SEC;SYN;SEC;SR;OK;TASK000014414417;Priority 3;NA
SEC;812;SEC;SR;OK;TASK000014414471;Priority 3;NA
SEC;812;SEC;SR;OK;TASK000014414540;Priority 3;NA
DBA;812;DBA;SR;OK;TASK000014414585;Priority 3;NA
APS;ETH;APS;SR;OK;TASK000014414752;Priority 4;NA
APS;ETH;APS;SR;OK;TASK000014414771;Priority 3;NA
L1;812;MON;SR;OK;TASK000014414931;Priority 4;NA
CNC;812;CNC;SR;OK;TASK000014414941;Priority 3;NA
SEC;BWI;SEC;SR;OK;TASK000014415017;Priority 4;NA
SEC;SYN;SEC;SR;OK;TASK000014415039;Priority 3;NA
L1;BWI;L1 ;SR;OK;TASK000014415523;Priority 4;NA
CNC;EES;CNC;SR;OK;TASK000014415557;Priority 3;NA
SEC;DCF;SEC;SR;OK;TASK000014415840;Priority 3;NA
SEC;ETH;SEC;SR;OK;TASK000014415861;Priority 3;NA
SEC;ETH;SEC;SR;OK;TASK000014415873;Priority 3;NA
SEC;MNT;SEC;SR;OK;TASK000014415924;Priority 3;NA
DBA;812;DBA;SR;OK;TASK000014416782;Priority 3;NA
FUN;COR;FUN;SR;OK;TASK000014416814;Priority 3;NA
DBA;812;DBA;SR;OK;TASK000014417256;Priority 3;NA
L1;812;MON;SR;OK;TASK000014417264;Priority 3;NA
SEC;812;SEC;SR;OK;TASK000014417339;Priority 3;NA
L1;812;MON;SR;OK;TASK000014417413;Priority 3;NA
DBA;812;DBA;SR;OK;TASK000014417541;Priority 3;NA
SEC;812;SEC;SR;OK;TASK000014417567;Priority 3;NA
SEC;812;SEC;SR;OK;TASK000014417665;Priority 3;NA
SEC;812;SEC;SR;OK;TASK000014417747;Priority 3;NA
DCF;DCF;FUN;SR;OK;TASK000014417777;Priority 3;NA
DBA;812;DBA;SR;OK;TASK000014417808;Priority 3;NA
SEC;812;SEC;SR;OK;TASK000014417835;Priority 3;NA
SEC;812;SEC;SR;OK;TASK000014417885;Priority 3;NA
CNC;DCF;CNC;SR;OK;TASK000014418050;Priority 3;NA
SEC;WS;SEC;SR;OK;TASK000014418124;Priority 3;NA
SEC;812;SEC;SR;OK;TASK000014418269;Priority 3;NA
SEC;812;SEC;SR;OK;TASK000014418386;Priority 3;NA
SEC;812;SEC;SR;OK;TASK000014418398;Priority 3;NA
FUN;EES;FUN;SR;OK;TASK000014418576;Priority 4;NA
SEC;812;SEC;SR;OK;TASK000014418617;Priority 3;NA
FUN;EES;FUN;SR;OK;TASK000014418642;Priority 4;NA
FIN;812;FUN;SR;OK;TASK000014418651;Priority 3;NA
SEC;812;SEC;SR;OK;TASK000014418787;Priority 3;NA
CNC;ETH;CNC;SR;Defect;TASK000014418919;Priority 3;NA
SEC;812;SEC;SR;OK;TASK000014418977;Priority 3;NA
DBA;812;DBA;SR;OK;TASK000014419272;Priority 3;NA
SEC;812;SEC;SR;OK;TASK000014419468;Priority 3;NA
SEC;812;SEC;SR;OK;TASK000014419546;Priority 3;NA
SEC;812;SEC;SR;OK;TASK000014419570;Priority 3;NA
SEC;EMS;SEC;SR;OK;TASK000014419611;Priority 3;NA
SEC;SYN;SEC;SR;OK;TASK000014419614;Priority 3;NA
SEC;ETH;SEC;SR;OK;TASK000014419658;Priority 3;NA
CNC;812;CNC;SR;OK;TASK000014419743;Priority 3;NA
SEC;BWI;SEC;SR;OK;TASK000014420011;Priority 4;NA
SEC;DCF;SEC;SR;OK;TASK000014420075;Priority 3;NA
DCF;DCF;FUN;SR;OK;TASK000014420378;Priority 3;NA
None;ETH;FUN;SR;OK;TASK000014420437;Priority 3;NA
SEC;WS;SEC;SR;OK;TASK000014420612;Priority 3;NA
SEC;DXE;SEC;SR;OK;TASK000014421839;Priority 3;NA
L1;812;MON;SR;OK;TASK000014422075;Priority 3;NA
L1;812;MON;SR;OK;TASK000014422102;Priority 3;NA
SCH;LAT;SCH;SR;OK;TASK000014422132;Priority 3;NA
SEC;MNT;SEC;SR;OK;TASK000014422582;Priority 3;NA
DBA;812;DBA;SR;OK;TASK000014422618;Priority 3;NA
DBA;812;DBA;SR;OK;TASK000014422628;Priority 3;NA
SCH;812;SCH;SR;OK;TASK000014422669;Priority 3;NA
SEC;812;SEC;SR;OK;TASK000014422857;Priority 3;NA
L1;BWI;L1 ;SR;OK;TASK000014422921;Priority 3;NA
FUN;812;FUN;SR;OK;TASK000014422922;Priority 3;NA
DBA;812;DBA;SR;OK;TASK000014423017;Priority 3;NA
SEC;812;SEC;SR;OK;TASK000014423096;Priority 3;NA
SEC;SYN;SEC;SR;OK;TASK000014423151;Priority 3;NA
L1;812;MON;SR;OK;TASK000014423330;Priority 3;NA
SEC;812;SEC;SR;OK;TASK000014423360;Priority 3;NA
SEC;812;SEC;SR;OK;TASK000014423420;Priority 3;NA
DBA;812;DBA;SR;OK;TASK000014423450;Priority 3;NA
SEC;812;SEC;SR;OK;TASK000014423495;Priority 3;NA
CNC;812;CNC;SR;OK;TASK000014423589;Priority 3;NA
CNC;812;CNC;SR;OK;TASK000014423664;Priority 3;NA
SEC;812;SEC;SR;OK;TASK000014423745;Priority 3;NA
SEC;812;SEC;SR;OK;TASK000014423758;Priority 3;NA
SEC;EMS;SEC;SR;OK;TASK000014423799;Priority 3;NA
DBA;812;DBA;SR;OK;TASK000014423801;Priority 3;NA
FUN;812;FUN;SR;OK;TASK000014423825;Priority 3;NA
SEC;812;SEC;SR;OK;TASK000014424172;Priority 3;NA
L1;812;MON;SR;OK;TASK000014424195;Priority 4;NA
SEC;812;SEC;SR;OK;TASK000014424229;Priority 3;NA
DBA;812;DBA;SR;OK;TASK000014424276;Priority 3;NA
SEC;MNT;SEC;SR;OK;TASK000014424293;Priority 3;NA
SEC;812;SEC;SR;OK;TASK000014424377;Priority 3;NA
L1;BWI;L1 ;SR;OK;TASK000014424463;Priority 3;NA
L1;812;MON;SR;OK;TASK000014424481;Priority 4;NA
DBA;812;DBA;SR;OK;TASK000014424487;Priority 3;NA
SEC;DCF;SEC;SR;OK;TASK000014424507;Priority 3;NA
SEC;SYN;SEC;SR;OK;TASK000014424525;Priority 3;NA
SEC;MNT;SEC;SR;OK;TASK000014424526;Priority 3;NA
SEC;ETH;SEC;SR;OK;TASK000014424550;Priority 3;NA
SEC;DCF;SEC;SR;OK;TASK000014424576;Priority 3;NA
L1;BWI;L1 ;SR;OK;TASK000014424593;Priority 3;NA
SEC;812;SEC;SR;OK;TASK000014424626;Priority 3;NA
SEC;812;SEC;SR;OK;TASK000014424734;Priority 3;NA
SEC;812;SEC;SR;OK;TASK000014424763;Priority 3;NA
SEC;WS;SEC;SR;OK;TASK000014424771;Priority 3;NA
SEC;EMS;SEC;SR;OK;TASK000014424776;Priority 3;NA
CNC;812;CNC;SR;OK;TASK000014424820;Priority 3;NA
CNC;DCF;CNC;SR;OK;TASK000014424870;Priority 3;NA
DBA;812;DBA;SR;OK;TASK000014424961;Priority 3;NA
APS;ETH;APS;SR;OK;TASK000014424963;Priority 3;NA
SEC;812;SEC;SR;OK;TASK000014424993;Priority 3;NA
SEC;CAN;SEC;SR;OK;TASK000014425047;Priority 3;NA
SEC;BWI;SEC;SR;OK;TASK000014425183;Priority 4;NA
SEC;812;SEC;SR;OK;TASK000014425240;Priority 3;NA
CNC;812;CNC;SR;OK;TASK000014425344;Priority 3;NA
CNC;812;CNC;SR;OK;TASK000014425416;Priority 3;NA
SEC;812;SEC;SR;OK;TASK000014425435;Priority 3;NA
SEC;812;SEC;SR;OK;TASK000014425634;Priority 3;NA
SEC;812;SEC;SR;OK;TASK000014425646;Priority 3;NA
SEC;WS;SEC;SR;OK;TASK000014425653;Priority 3;NA
SEC;EMS;SEC;SR;OK;TASK000014425774;Priority 3;NA
SCH;812;SCH;SR;OK;TASK000014425895;Priority 3;NA
CNC;812;CNC;SR;OK;TASK000014425901;Priority 3;NA
SEC;SYN;SEC;SR;OK;TASK000014425969;Priority 3;NA
SEC;DCF;SEC;SR;OK;TASK000014426026;Priority 3;NA
CNC;LAT;CNC;SR;OK;TASK000014426052;Priority 3;NA
SEC;DCF;SEC;SR;OK;TASK000014426163;Priority 3;NA
SEC;DCF;SEC;SR;OK;TASK000014426190;Priority 3;NA
SEC;BWI;SEC;SR;OK;TASK000014426297;Priority 4;NA
SEC;SYN;SEC;SR;OK;TASK000014426439;Priority 3;NA
SEC;SYN;SEC;SR;OK;TASK000014426456;Priority 3;NA
CNC;DPY;CNC;SR;OK;TASK000014426581;Priority 3;NA
SEC;DCF;SEC;SR;OK;TASK000014426763;Priority 3;NA
SEC;DXE;SEC;SR;OK;TASK000014426819;Priority 3;NA
CNC;812;CNC;SR;OK;TASK000014426905;Priority 3;NA
SEC;812;SEC;SR;OK;TASK000014426911;Priority 3;NA
SEC;SYN;SEC;SR;OK;TASK000014427064;Priority 3;NA
SEC;SYN;SEC;SR;OK;TASK000014427090;Priority 3;NA
SEC;SYN;SEC;SR;OK;TASK000014427207;Priority 3;NA
SEC;BWI;SEC;SR;OK;TASK000014427305;Priority 4;NA
CNC;ETH;CNC;SR;OK;TASK000014427404;Priority 3;NA
CNC;812;CNC;SR;OK;TASK000014427478;Priority 3;NA
SEC;DXE;SEC;SR;OK;TASK000014427479;Priority 3;NA
SCH;812;SCH;SR;OK;TASK000014427838;Priority 3;NA
L1;812;MON;SR;OK;TASK000014428063;Priority 3;NA
APS;ETH;APS;SR;OK;TASK000014428375;Priority 3;NA
DBA;812;DBA;SR;OK;TASK000014428679;Priority 3;NA
SEC;DXE;SEC;SR;OK;TASK000014428797;Priority 3;NA
FUN;EMS;FUN;SR;OK;TASK000014428805;Priority 3;NA
SEC;812;SEC;SR;OK;TASK000014428835;Priority 3;NA
FIN;812;FUN;SR;OK;TASK000014428882;Priority 3;NA
CNC;812;CNC;SR;OK;TASK000014429181;Priority 3;NA
SEC;812;SEC;SR;OK;TASK000014429252;Priority 3;NA
SEC;SYN;SEC;SR;OK;TASK000014429332;Priority 3;NA
APS;ETH;APS;SR;OK;TASK000014429417;Priority 3;NA
SEC;812;SEC;SR;OK;TASK000014429684;Priority 3;NA
CNC;812;CNC;SR;OK;TASK000014429740;Priority 3;NA
SEC;812;SEC;SR;OK;TASK000014429832;Priority 3;NA
SEC;812;SEC;SR;OK;TASK000014429860;Priority 3;NA
SEC;DCF;SEC;SR;OK;TASK000014429894;Priority 3;NA
SEC;ETH;SEC;SR;OK;TASK000014429963;Priority 3;NA
CNC;ETH;CNC;SR;OK;TASK000014430196;Priority 3;NA
L1;812;MON;SR;OK;TASK000014430271;Priority 3;NA
SEC;ETH;SEC;SR;OK;TASK000014430559;Priority 4;NA
SEC;DPY;SEC;SR;OK;TASK000014430754;Priority 3;NA
SEC;DPY;SEC;SR;OK;TASK000014430929;Priority 3;NA
SEC;DPY;SEC;SR;OK;TASK000014430993;Priority 3;NA
SEC;812;SEC;SR;OK;TASK000014431088;Priority 3;NA
SEC;812;SEC;SR;OK;TASK000014431194;Priority 3;NA
SEC;ETH;SEC;SR;OK;TASK000014431242;Priority 3;NA
L1;812;CNC;SR;OK;TASK000014431254;Priority 3;NA
SEC;LAT;SEC;SR;OK;TASK000014431344;Priority 3;NA
L1;LAT;CNC;SR;OK;TASK000014431424;Priority 3;NA
DBA;812;DBA;SR;OK;TASK000014431451;Priority 3;NA
SEC;BWI;SEC;SR;OK;TASK000014431598;Priority 4;NA
SEC;BWI;SEC;SR;OK;TASK000014432024;Priority 4;NA
SEC;ETH;SEC;SR;OK;TASK000014432284;Priority 4;NA
SEC;BWI;SEC;SR;OK;TASK000014432598;Priority 4;NA
SCH;812;SCH;SR;OK;TASK000014433418;Priority 3;NA
SEC;MNT;SEC;SR;OK;TASK000014433624;Priority 3;NA
L1;812;MON;SR;OK;TASK000014433638;Priority 3;NA
L1;812;MON;SR;OK;TASK000014433648;Priority 3;NA
DBA;812;DBA;SR;OK;TASK000014433806;Priority 3;NA
L1;812;MON;SR;OK;TASK000014433993;Priority 3;NA
SEC;812;SEC;SR;OK;TASK000014434289;Priority 3;NA
CNC;ETH;CNC;SR;OK;TASK000014434299;Priority 3;NA
CNC;812;CNC;SR;OK;TASK000014434469;Priority 3;NA
DBA;812;DBA;SR;OK;TASK000014434555;Priority 3;NA
SEC;812;SEC;SR;OK;TASK000014434717;Priority 3;NA
SEC;812;SEC;SR;OK;TASK000014434817;Priority 3;NA
SEC;812;SEC;SR;OK;TASK000014434886;Priority 3;NA
SEC;SYN;SEC;SR;OK;TASK000014434938;Priority 3;NA
L1;BWI;L1 ;SR;OK;TASK000014435057;Priority 3;NA
SEC;812;SEC;SR;OK;TASK000014435082;Priority 3;NA
SEC;DPY;SEC;SR;OK;TASK000014435089;Priority 3;NA
SEC;ETH;SEC;SR;OK;TASK000014435170;Priority 3;NA
SEC;812;SEC;SR;OK;TASK000014435201;Priority 3;NA
SEC;812;SEC;SR;OK;TASK000014435215;Priority 3;NA
SEC;EMS;SEC;SR;OK;TASK000014435458;Priority 3;NA
DBA;812;DBA;SR;OK;TASK000014435548;Priority 3;NA
SEC;EMS;SEC;SR;OK;TASK000014435653;Priority 3;NA
SEC;812;SEC;SR;OK;TASK000014435693;Priority 3;NA
SEC;SYN;SEC;SR;OK;TASK000014435817;Priority 3;NA
APS;ETH;APS;SR;OK;TASK000014435868;Priority 3;NA
L1;BWI;L1 ;SR;OK;TASK000014436234;Priority 3;NA
SEC;812;SEC;SR;OK;TASK000014436287;Priority 3;NA
L1;BWI;L1 ;SR;OK;TASK000014436339;Priority 3;NA
CNC;812;CNC;SR;OK;TASK000014436467;Priority 3;NA
SEC;ETH;SEC;SR;OK;TASK000014436916;Priority 4;NA
L1;LAT;CNC;SR;OK;TASK000014436943;Priority 3;NA
L1;BWI;L1 ;SR;OK;TASK000014437352;Priority 3;NA
SEC;MNT;SEC;SR;OK;TASK000014437820;Priority 3;NA
DBA;812;DBA;SR;OK;TASK000014437859;Priority 3;NA
CNC;812;CNC;SR;OK;TASK000014438013;Priority 3;NA
DBA;812;DBA;SR;OK;TASK000014438213;Priority 3;NA
DBA;812;DBA;SR;OK;TASK000014438294;Priority 3;NA
SEC;812;SEC;SR;OK;TASK000014438367;Priority 3;NA
SCH;812;SCH;SR;OK;TASK000014438375;Priority 3;NA
SCH;812;SCH;SR;OK;TASK000014438376;Priority 3;NA
DBA;812;DBA;SR;OK;TASK000014438446;Priority 3;NA
DBA;812;DBA;SR;OK;TASK000014438497;Priority 3;NA
SEC;812;SEC;SR;OK;TASK000014438551;Priority 3;NA
SEC;812;SEC;SR;OK;TASK000014438623;Priority 3;NA
CNC;812;CNC;SR;OK;TASK000014438633;Priority 3;NA
SCH;812;SCH;SR;OK;TASK000014438643;Priority 3;NA
CNC;812;CNC;SR;OK;TASK000014438644;Priority 3;NA
SEC;812;SEC;SR;OK;TASK000014438653;Priority 3;NA
SEC;812;SEC;SR;OK;TASK000014438704;Priority 3;NA
SEC;812;SEC;SR;OK;TASK000014438737;Priority 3;NA
SEC;812;SEC;SR;OK;TASK000014438738;Priority 3;NA
DBA;812;DBA;SR;OK;TASK000014438814;Priority 3;NA
SEC;812;SEC;SR;OK;TASK000014438842;Priority 3;NA
L1;812;MON;SR;OK;TASK000014438886;Priority 3;NA
DBA;812;DBA;SR;OK;TASK000014438932;Priority 3;NA
APS;ETH;APS;SR;OK;TASK000014439013;Priority 3;NA
L1;MNT;MON;SR;OK;TASK000014439038;Priority 4;NA
SEC;DXE;SEC;SR;OK;TASK000014439125;Priority 3;NA
DBA;812;DBA;SR;OK;TASK000014439277;Priority 3;NA
CNC;812;CNC;SR;OK;TASK000014439313;Priority 3;NA
DBA;812;DBA;SR;OK;TASK000014439352;Priority 3;NA
SEC;DCF;SEC;SR;OK;TASK000014439421;Priority 3;NA
DBA;812;DBA;SR;OK;TASK000014439432;Priority 3;NA
SEC;812;SEC;SR;OK;TASK000014439507;Priority 3;NA
DBA;812;DBA;SR;OK;TASK000014439681;Priority 3;NA
APS;ETH;APS;SR;OK;TASK000014439794;Priority 3;NA
SEC;SYN;SEC;SR;OK;TASK000014439846;Priority 3;NA
APS;ETH;APS;SR;OK;TASK000014439851;Priority 3;NA
SEC;812;SEC;SR;OK;TASK000014439875;Priority 3;NA
SEC;SYN;SEC;SR;OK;TASK000014439903;Priority 3;NA
SEC;SYN;SEC;SR;OK;TASK000014439925;Priority 3;NA
SEC;812;SEC;SR;OK;TASK000014439994;Priority 3;NA
L1;812;MON;SR;OK;TASK000014440006;Priority 4;NA
APS;ETH;APS;SR;OK;TASK000014440187;Priority 3;NA
SEC;ETH;SEC;SR;OK;TASK000014440238;Priority 4;NA
SEC;ETH;SEC;SR;OK;TASK000014440243;Priority 4;NA
SEC;EMS;SEC;SR;OK;TASK000014440260;Priority 3;NA
SEC;SYN;SEC;SR;OK;TASK000014440516;Priority 3;NA
SEC;812;SEC;SR;OK;TASK000014440587;Priority 3;NA
SEC;DCF;SEC;SR;OK;TASK000014440628;Priority 3;NA
MNT;MNT;FUN;SR;OK;TASK000014440687;Priority 3;NA
APS;ETH;APS;SR;OK;TASK000014440792;Priority 3;NA
APS;ETH;APS;SR;OK;TASK000014440802;Priority 3;NA
APS;ETH;APS;SR;OK;TASK000014441088;Priority 3;NA
APS;EES;APS;SR;OK;TASK000014441477;Priority 4;NA
L1;812;MON;SR;OK;TASK000014442097;Priority 3;NA
L1;812;MON;SR;OK;TASK000014442102;Priority 3;NA
DBA;812;DBA;SR;OK;TASK000014442173;Priority 3;NA
DBA;812;DBA;SR;OK;TASK000014442357;Priority 3;NA
L1;812;MON;SR;OK;TASK000014442418;Priority 4;NA
SEC;SYN;SEC;SR;OK;TASK000014442451;Priority 3;NA
DBA;812;DBA;SR;OK;TASK000014442562;Priority 3;NA
DBA;812;DBA;SR;OK;TASK000014442566;Priority 3;NA
SEC;812;SEC;SR;OK;TASK000014442686;Priority 3;NA
L1;812;MON;SR;OK;TASK000014442864;Priority 4;NA
SEC;812;SEC;SR;OK;TASK000014442988;Priority 3;NA
APS;ETH;APS;SR;OK;TASK000014443592;Priority 3;NA
SEC;DPY;SEC;SR;OK;TASK000014443922;Priority 3;NA
APS;ETH;APS;SR;OK;TASK000014444136;Priority 3;NA
MNT;MNT;FUN;SR;OK;TASK000014446919;Priority 4;NA
DCF;DCF;FUN;SR;OK;TASK000014447737;Priority 4;NA
SEC;BWI;SEC;SR;OK;TASK000014447819;Priority 4;NA
SEC;BWI;SEC;SR;OK;TASK000014447946;Priority 4;NA
APS;DCF;APS;SR;OK;TASK000014448050;Priority 4;NA
SEC;BWI;SEC;SR;OK;TASK000014449282;Priority 4;NA
SEC;BWI;SEC;SR;OK;TASK000014449295;Priority 4;NA
DXE;DXE;FUN;SR;OK;TASK000014449368;Priority 4;NA
FUN;812;FUN;SR;OK;TASK000014450935;Priority 4;NA
SEC;BWI;SEC;SR;OK;TASK000014452613;Priority 4;NA
APS;ETH;APS;SR;OK;TASK000014452797;Priority 4;NA
APS;EES;APS;SR;OK;TASK000014453242;Priority 4;NA
FUN;DXE;FUN;SR;OK;TASK000014453429;Priority 4;NA
SEC;BWI;SEC;SR;OK;TASK000014453641;Priority 4;NA
SEC;BWI;SEC;SR;OK;TASK000014453792;Priority 4;NA
SEC;BWI;SEC;SR;OK;TASK000014453820;Priority 4;NA
SEC;ETH;SEC;SR;OK;TASK000014454879;Priority 4;NA
SEC;BWI;SEC;SR;OK;TASK000014455507;Priority 4;NA
FUN;812;FUN;SR;OK;TASK000014456715;Priority 4;NA
SEC;BWI;SEC;SR;OK;TASK000014458207;Priority 4;NA
SEC;BWI;SEC;SR;OK;TASK000014459072;Priority 4;NA
L1;BWI;L1 ;SR;OK;TASK000014459229;Priority 4;NA
L1;BWI;L1 ;SR;OK;TASK000014459252;Priority 4;NA
FIN;812;FUN;SR;OK;TASK000014459518;Priority 4;NA
L1;BWI;L1 ;SR;OK;TASK000014459573;Priority 4;NA
FUN;812;FUN;SR;OK;TASK000014459915;Priority 4;NA
FUN;812;FUN;SR;OK;TASK000014459951;Priority 4;NA
SEC;DPY;SEC;SR;OK;TASK000014460023;Priority 4;NA
FUN;812;FUN;SR;OK;TASK000014463011;Priority 4;NA
SEC;BWI;SEC;SR;OK;TASK000014463281;Priority 4;NA
DCF;DCF;FUN;SR;OK;TASK000014463436;Priority 4;NA
SEC;BWI;SEC;SR;OK;TASK000014463455;Priority 4;NA
FUN;ETH;FUN;SR;OK;TASK000014463519;Priority 4;NA
SEC;BWI;SEC;SR;OK;TASK000014463645;Priority 4;NA
SEC;BWI;SEC;SR;OK;TASK000014464260;Priority 4;NA
SEC;DPY;SEC;SR;OK;TASK000014464622;Priority 4;NA
SEC;DPY;SEC;SR;OK;TASK000014464658;Priority 4;NA
APS;EES;APS;SR;OK;TASK000014465434;Priority 4;NA
DCF;DCF;FUN;SR;OK;TASK000014466424;Priority 4;NA
FUN;812;FUN;SR;OK;TASK000014466816;Priority 4;NA
FUN;DXE;FUN;SR;OK;TASK000014466997;Priority 4;NA
FUN;812;FUN;SR;OK;TASK000014467944;Priority 4;NA
SEC;BWI;SEC;SR;OK;TASK000014468082;Priority 4;NA
SEC;BWI;SEC;SR;OK;TASK000014468533;Priority 4;NA
SEC;BWI;SEC;SR;OK;TASK000014468551;Priority 4;NA
SEC;LAT;SEC;SR;OK;TASK000014469026;Priority 4;NA
DBA;812;DBA;SR;OK;TASK000014471620;Priority 3;NA
FUN;812;FUN;SR;OK;TASK000014471637;Priority 4;NA
APS;ETH;APS;SR;OK;TASK000014471887;Priority 3;NA
SEC;812;SEC;SR;OK;TASK000014471899;Priority 3;NA
DXE;DXE;FUN;SR;OK;TASK000014471916;Priority 4;NA
FUN;DXE;FUN;SR;OK;TASK000014471932;Priority 4;NA
DBA;812;DBA;SR;OK;TASK000014471935;Priority 3;NA
FUN;812;FUN;SR;Defect;TASK000014472171;Priority 4;NA
DBA;812;DBA;SR;OK;TASK000014472214;Priority 3;NA
DBA;812;DBA;SR;OK;TASK000014472343;Priority 3;NA
CNC;812;CNC;SR;OK;TASK000014472469;Priority 3;NA
SEC;812;SEC;SR;OK;TASK000014472553;Priority 3;NA
SEC;812;SEC;SR;OK;TASK000014472591;Priority 3;NA
SEC;EMS;SEC;SR;OK;TASK000014472745;Priority 3;NA
FIN;812;FUN;SR;OK;TASK000014472768;Priority 4;NA
SEC;DXE;SEC;SR;OK;TASK000014472902;Priority 3;NA
SEC;SYN;SEC;SR;OK;TASK000014472964;Priority 3;NA
FUN;812;FUN;SR;OK;TASK000014472969;Priority 4;NA
FUN;EMS;FUN;SR;OK;TASK000014473008;Priority 4;NA
SEC;812;SEC;SR;OK;TASK000014473093;Priority 3;NA
SEC;WS;SEC;SR;OK;TASK000014473110;Priority 3;NA
SEC;812;SEC;SR;OK;TASK000014473195;Priority 3;NA
DBA;812;DBA;SR;OK;TASK000014473223;Priority 3;NA
FUN;COR;FUN;SR;OK;TASK000014473231;Priority 3;NA
SEC;DPY;SEC;SR;OK;TASK000014473277;Priority 4;NA
SEC;MNT;SEC;SR;OK;TASK000014473286;Priority 3;NA
SCH;LAT;SCH;SR;OK;TASK000014473299;Priority 3;NA
CNC;BWI;CNC;SR;OK;TASK000014473481;Priority 3;NA
DBA;812;DBA;SR;OK;TASK000014473487;Priority 3;NA
APS;ETH;APS;SR;OK;TASK000014473531;Priority 4;NA
DBA;812;DBA;SR;OK;TASK000014473598;Priority 3;NA
SEC;EMS;SEC;SR;OK;TASK000014473602;Priority 3;NA
DBA;812;DBA;SR;OK;TASK000014473634;Priority 3;NA
SEC;BWI;SEC;SR;OK;TASK000014473672;Priority 4;NA
SEC;BWI;SEC;SR;OK;TASK000014473690;Priority 4;NA
SEC;812;SEC;SR;OK;TASK000014473779;Priority 3;NA
SEC;CAN;SEC;SR;OK;TASK000014473867;Priority 3;NA
SEC;BWI;SEC;SR;OK;TASK000014473965;Priority 4;NA
SEC;SYN;SEC;SR;OK;TASK000014474059;Priority 3;NA
CNC;812;MON;SR;OK;TASK000014474099;Priority 3;NA
SEC;BWI;SEC;SR;OK;TASK000014474101;Priority 4;NA
SEC;BWI;SEC;SR;OK;TASK000014474106;Priority 4;NA
CNC;812;CNC;SR;OK;TASK000014474113;Priority 3;NA
DXE;DXE;FUN;SR;OK;TASK000014474181;Priority 4;NA
DBA;812;DBA;SR;OK;TASK000014474242;Priority 3;NA
FUN;EES;FUN;SR;OK;TASK000014474311;Priority 3;NA
DBA;812;DBA;SR;OK;TASK000014474313;Priority 3;NA
TEC;ETH;FUN;SR;OK;TASK000014474316;Priority 3;NA
SEC;812;SEC;SR;OK;TASK000014474343;Priority 3;NA
DBA;812;DBA;SR;OK;TASK000014474375;Priority 3;NA
SEC;812;SEC;SR;OK;TASK000014474462;Priority 3;NA
DBA;812;DBA;SR;OK;TASK000014474468;Priority 3;NA
FUN;EES;FUN;SR;OK;TASK000014474504;Priority 3;NA
FIN;812;FUN;SR;OK;TASK000014474532;Priority 3;NA
CNC;812;CNC;SR;OK;TASK000014474569;Priority 3;NA
SEC;SYN;SEC;SR;OK;TASK000014474583;Priority 3;NA
FUN;812;FUN;SR;OK;TASK000014474631;Priority 3;NA
FUN;812;FUN;SR;OK;TASK000014474748;Priority 4;NA
SEC;DXE;SEC;SR;OK;TASK000014474768;Priority 3;NA
SEC;BWI;SEC;SR;OK;TASK000014474808;Priority 4;NA
CNC;BWI;L1 ;SR;OK;TASK000014474818;Priority 3;NA
SEC;DPY;SEC;SR;OK;TASK000014474860;Priority 4;NA
SEC;BWI;SEC;SR;OK;TASK000014474885;Priority 4;NA
SEC;ETH;SEC;SR;OK;TASK000014474960;Priority 3;NA
SEC;BWI;SEC;SR;OK;TASK000014475007;Priority 4;NA
SEC;ETH;SEC;SR;OK;TASK000014475067;Priority 3;NA
CNC;BWI;L1 ;SR;OK;TASK000014475106;Priority 3;NA
SEC;812;SEC;SR;OK;TASK000014475208;Priority 3;NA
SEC;812;SEC;SR;OK;TASK000014475236;Priority 3;NA
SEC;DPY;SEC;SR;OK;TASK000014475539;Priority 3;NA
SEC;MNT;SEC;SR;OK;TASK000014475664;Priority 3;NA
APS;ETH;APS;SR;OK;TASK000014475688;Priority 4;NA
SEC;MNT;SEC;SR;OK;TASK000014475755;Priority 3;NA
SEC;BWI;SEC;SR;OK;TASK000014475996;Priority 4;NA
TEC;ETH;FUN;SR;OK;TASK000014476004;Priority 3;NA
SEC;BWI;SEC;SR;Defect;TASK000014476035;Priority 4;NA
CNC;DCF;CNC;SR;OK;TASK000014476486;Priority 3;NA
CNC;812;CNC;SR;OK;TASK000014476492;Priority 3;NA
SEC;BWI;SEC;SR;OK;TASK000014476899;Priority 4;NA
DBA;812;DBA;SR;OK;TASK000014477035;Priority 3;NA
L1;812;MON;SR;OK;TASK000014477248;Priority 4;NA
APS;ETH;APS;SR;OK;TASK000014477384;Priority 3;NA
SEC;DXE;SEC;SR;OK;TASK000014477417;Priority 3;NA
SEC;812;SEC;SR;OK;TASK000014477432;Priority 3;NA
DBA;812;DBA;SR;OK;TASK000014477437;Priority 3;NA
DBA;812;DBA;SR;OK;TASK000014477476;Priority 3;NA
FIN;812;INS;SR;OK;TASK000014477527;Priority 3;NA
DBA;812;DBA;SR;OK;TASK000014477565;Priority 3;NA
SEC;812;SEC;SR;OK;TASK000014477706;Priority 3;NA
SEC;DCF;SEC;SR;Defect;TASK000014477718;Priority 3;NA
SEC;812;SEC;SR;OK;TASK000014477737;Priority 3;NA
CNC;812;CNC;SR;OK;TASK000014477871;Priority 3;NA
APS;ETH;APS;SR;OK;TASK000014477885;Priority 3;NA
FUN;COR;FUN;SR;OK;TASK000014478023;Priority 3;NA
SEC;812;SEC;SR;OK;TASK000014478183;Priority 3;NA
SEC;812;SEC;SR;OK;TASK000014478193;Priority 3;NA
CNC;812;CNC;SR;OK;TASK000014478221;Priority 3;NA
FUN;812;FUN;SR;OK;TASK000014478222;Priority 4;NA
FUN;812;FUN;SR;OK;TASK000014478257;Priority 4;NA
FUN;812;FUN;SR;OK;TASK000014478321;Priority 3;NA
DBA;812;DBA;SR;OK;TASK000014478411;Priority 3;NA
DBA;812;DBA;SR;OK;TASK000014478481;Priority 3;NA
CNC;812;CNC;SR;OK;TASK000014478542;Priority 3;NA
SEC;SYN;SEC;SR;Defect;TASK000014478584;Priority 3;NA
CNC;OXE;CNC;SR;OK;TASK000014478755;Priority 3;NA
FIN;812;FUN;SR;OK;TASK000014478845;Priority 4;NA
SEC;812;SEC;SR;OK;TASK000014478867;Priority 3;NA
DBA;812;DBA;SR;OK;TASK000014479001;Priority 3;NA
CNC;812;MON;SR;OK;TASK000014479078;Priority 3;NA
SEC;SYN;SEC;SR;OK;TASK000014479085;Priority 3;NA
SCH;BWI;SCH;SR;OK;TASK000014479185;Priority 3;NA
SEC;DCF;SEC;SR;OK;TASK000014479272;Priority 3;NA
SEC;812;SEC;SR;OK;TASK000014479276;Priority 3;NA
DBA;812;DBA;SR;OK;TASK000014479293;Priority 3;NA
APS;ETH;APS;SR;OK;TASK000014479301;Priority 3;NA
SEC;DCF;SEC;SR;OK;TASK000014479307;Priority 3;NA
CNC;BWI;CNC;SR;OK;TASK000014479379;Priority 3;NA
CNC;BWI;L1 ;SR;OK;TASK000014479494;Priority 3;NA
SEC;WS;SEC;SR;OK;TASK000014479669;Priority 3;NA
SEC;DCF;SEC;SR;OK;TASK000014479688;Priority 3;NA
FUN;812;FUN;SR;OK;TASK000014479730;Priority 4;NA
APS;ETH;APS;SR;OK;TASK000014479761;Priority 3;NA
APS;ETH;APS;SR;OK;TASK000014479903;Priority 3;NA
APS;ETH;APS;SR;OK;TASK000014479926;Priority 3;NA
SEC;SYN;SEC;SR;OK;TASK000014479999;Priority 3;NA
SEC;SYN;SEC;SR;OK;TASK000014480027;Priority 3;NA
SEC;SYN;SEC;SR;OK;TASK000014480068;Priority 3;NA
SEC;SYN;SEC;SR;OK;TASK000014480184;Priority 3;NA
SEC;DXE;SEC;SR;OK;TASK000014480186;Priority 3;NA
L1;LAT;CNC;SR;OK;TASK000014480260;Priority 3;NA
SEC;SYN;SEC;SR;OK;TASK000014480316;Priority 3;NA
SEC;SYN;SEC;SR;OK;TASK000014480391;Priority 3;NA
SEC;SYN;SEC;SR;OK;TASK000014480403;Priority 3;NA
CNC;BWI;CNC;SR;OK;TASK000014480408;Priority 3;NA
APS;ETH;APS;SR;OK;TASK000014480433;Priority 4;NA
SEC;SYN;SEC;SR;OK;TASK000014480865;Priority 3;NA
SEC;SYN;SEC;SR;OK;TASK000014481067;Priority 3;NA
SEC;MNT;SEC;SR;OK;TASK000014481089;Priority 3;NA
OPS;WS;OPS;SR;OK;TASK000014481110;Priority 3;NA
SEC;SYN;SEC;SR;OK;TASK000014481155;Priority 3;NA
DCF;DCF;FUN;SR;OK;TASK000014481323;Priority 3;NA
SEC;SYN;SEC;SR;OK;TASK000014481338;Priority 3;NA
SEC;ETH;SEC;SR;OK;TASK000014481390;Priority 3;NA
CNC;DPY;CNC;SR;OK;TASK000014481447;Priority 3;NA
SEC;BWI;SEC;SR;OK;TASK000014481482;Priority 4;NA
SEC;ETH;SEC;SR;OK;TASK000014481484;Priority 3;NA
L1;812;MON;SR;OK;TASK000014482232;Priority 3;NA
SEC;BWI;SEC;SR;OK;TASK000014482254;Priority 4;NA
DBA;812;DBA;SR;OK;TASK000014482268;Priority 3;NA
DBA;812;DBA;SR;OK;TASK000014482369;Priority 3;NA
SEC;BWI;SEC;SR;OK;TASK000014482458;Priority 4;NA
SEC;SYN;SEC;SR;OK;TASK000014482573;Priority 3;NA
FUN;MNT;FUN;SR;OK;TASK000014482609;Priority 4;NA
FUN;812;FUN;SR;OK;TASK000014482798;Priority 4;NA
APS;ETH;APS;SR;OK;TASK000014482916;Priority 3;NA
SEC;812;SEC;SR;OK;TASK000014482966;Priority 3;NA
SEC;812;SEC;SR;OK;TASK000014482997;Priority 3;NA
SEC;812;SEC;SR;OK;TASK000014483036;Priority 3;NA
CNC;812;CNC;SR;OK;TASK000014483051;Priority 3;NA
DBA;812;DBA;SR;OK;TASK000014483117;Priority 3;NA
FUN;812;FUN;SR;OK;TASK000014483195;Priority 3;NA
SEC;812;SEC;SR;OK;TASK000014483204;Priority 3;NA
CNC;BWI;CNC;SR;OK;TASK000014483284;Priority 3;NA
DBA;812;DBA;SR;OK;TASK000014483330;Priority 3;NA
DBA;812;DBA;SR;OK;TASK000014483335;Priority 3;NA
SEC;DXE;SEC;SR;OK;TASK000014483343;Priority 3;NA
SEC;812;SEC;SR;Defect;TASK000014483430;Priority 3;NA
DBA;812;DBA;SR;OK;TASK000014483454;Priority 3;NA
SEC;DPY;SEC;SR;OK;TASK000014483519;Priority 3;NA
SEC;812;SEC;SR;OK;TASK000014483590;Priority 3;NA
APS;ETH;APS;SR;OK;TASK000014483730;Priority 3;NA
CNC;812;MON;SR;OK;TASK000014483843;Priority 3;NA
SEC;WS;SEC;SR;OK;TASK000014483888;Priority 3;NA
CNC;BWI;L1 ;SR;OK;TASK000014483976;Priority 3;NA
SEC;BWI;SEC;SR;OK;TASK000014484066;Priority 4;NA
SEC;BWI;SEC;SR;OK;TASK000014484078;Priority 4;NA
APS;ETH;APS;SR;OK;TASK000014484081;Priority 3;NA
SEC;SYN;SEC;SR;Defect;TASK000014484086;Priority 3;NA
SEC;812;SEC;SR;OK;TASK000014484091;Priority 3;NA
SEC;OXE;SEC;SR;OK;TASK000014484145;Priority 3;NA
MNT;MNT;FUN;SR;OK;TASK000014484178;Priority 3;NA
APS;ETH;APS;SR;OK;TASK000014484213;Priority 3;NA
APS;ETH;APS;SR;OK;TASK000014484314;Priority 3;NA
SEC;812;SEC;SR;OK;TASK000014484316;Priority 3;NA
APS;ETH;APS;SR;OK;TASK000014484405;Priority 3;NA
SEC;DXE;SEC;SR;OK;TASK000014484410;Priority 3;NA
SEC;WS;SEC;SR;OK;TASK000014484450;Priority 3;NA
OPS;EMS;OPS;SR;OK;TASK000014484489;Priority 3;NA
APS;ETH;APS;SR;OK;TASK000014484524;Priority 3;NA
APS;ETH;APS;SR;OK;TASK000014484527;Priority 3;NA
SEC;ETH;SEC;SR;OK;TASK000014484568;Priority 3;NA
DBA;812;DBA;SR;OK;TASK000014484595;Priority 3;NA
APS;ETH;APS;SR;OK;TASK000014484663;Priority 3;NA
SEC;SYN;SEC;SR;OK;TASK000014484698;Priority 3;NA
APS;ETH;APS;SR;OK;TASK000014484787;Priority 3;NA
SEC;812;SEC;SR;OK;TASK000014484808;Priority 3;NA
SEC;SYN;SEC;SR;OK;TASK000014484814;Priority 3;NA
SEC;SYN;SEC;SR;OK;TASK000014484987;Priority 3;NA
CNC;812;CNC;SR;OK;TASK000014485053;Priority 3;NA
APS;ETH;APS;SR;OK;TASK000014485113;Priority 3;NA
SEC;DCF;SEC;SR;OK;TASK000014485206;Priority 3;NA
SEC;SYN;SEC;SR;OK;TASK000014485342;Priority 3;NA
L1;LAT;CNC;SR;OK;TASK000014485401;Priority 3;NA
FUN;ETH;FUN;SR;OK;TASK000014485461;Priority 4;NA
CNC;BWI;L1 ;SR;OK;TASK000014485482;Priority 3;NA
SEC;SYN;SEC;SR;OK;TASK000014485525;Priority 3;NA
SEC;ETH;SEC;SR;OK;TASK000014485734;Priority 3;NA
APS;ETH;APS;SR;OK;TASK000014485803;Priority 3;NA
APS;ETH;APS;SR;OK;TASK000014485827;Priority 3;NA
CNC;BWI;L1 ;SR;OK;TASK000014485871;Priority 3;NA
SCH;LAT;SCH;SR;OK;TASK000014485951;Priority 3;NA
SEC;ETH;SEC;SR;OK;TASK000014486001;Priority 3;NA
SEC;ETH;SEC;SR;OK;TASK000014486009;Priority 3;NA
SEC;ETH;SEC;SR;OK;TASK000014486044;Priority 3;NA
SEC;OXE;SEC;SR;OK;TASK000014486113;Priority 3;NA
CNC;ETH;CNC;SR;OK;TASK000014486370;Priority 3;NA
SEC;812;SEC;SR;OK;TASK000014487180;Priority 3;NA
SEC;BWI;SEC;SR;OK;TASK000014487324;Priority 4;NA
DBA;812;DBA;SR;OK;TASK000014487432;Priority 3;NA
DBA;812;DBA;SR;OK;TASK000014487524;Priority 3;NA
DBA;812;DBA;SR;OK;TASK000014487600;Priority 3;NA
DBA;812;DBA;SR;OK;TASK000014487664;Priority 3;NA
SEC;812;SEC;SR;OK;TASK000014487728;Priority 3;NA
DXE;DXE;FUN;SR;OK;TASK000014487776;Priority 3;NA
SCH;812;SCH;SR;OK;TASK000014487817;Priority 3;NA
L1;812;MON;SR;OK;TASK000014487893;Priority 3;NA
SEC;MNT;SEC;SR;OK;TASK000014487900;Priority 3;NA
APS;ETH;APS;SR;OK;TASK000014487906;Priority 3;NA
SEC;SYN;SEC;SR;OK;TASK000014487916;Priority 3;NA
SEC;812;SEC;SR;OK;TASK000014487941;Priority 3;NA
FUN;812;FUN;SR;OK;TASK000014488002;Priority 4;NA
SEC;SYN;SEC;SR;OK;TASK000014488093;Priority 3;NA
SEC;812;SEC;SR;OK;TASK000014488207;Priority 3;NA
SEC;812;SEC;SR;OK;TASK000014488256;Priority 3;NA
DBA;812;DBA;SR;OK;TASK000014488371;Priority 3;NA
SEC;812;SEC;SR;OK;TASK000014488454;Priority 3;NA
SEC;DXE;SEC;SR;OK;TASK000014488530;Priority 3;NA
DBA;812;DBA;SR;OK;TASK000014488551;Priority 3;NA
SEC;812;SEC;SR;OK;TASK000014488592;Priority 3;NA
SEC;812;SEC;SR;OK;TASK000014488614;Priority 3;NA
SEC;812;SEC;SR;OK;TASK000014488639;Priority 3;NA
DBA;812;DBA;SR;OK;TASK000014488792;Priority 3;NA
APS;ETH;APS;SR;OK;TASK000014488844;Priority 3;NA
SEC;812;SEC;SR;OK;TASK000014488890;Priority 3;NA
SEC;812;SEC;SR;OK;TASK000014489045;Priority 3;NA
SEC;EMS;SEC;SR;OK;TASK000014489061;Priority 3;NA
SEC;WS;SEC;SR;OK;TASK000014489151;Priority 3;NA
APS;ETH;APS;SR;OK;TASK000014489192;Priority 4;NA
SEC;812;SEC;SR;Defect;TASK000014489200;Priority 3;NA
SEC;WS;SEC;SR;OK;TASK000014489243;Priority 3;NA
DBA;812;DBA;SR;OK;TASK000014489245;Priority 3;NA
SEC;EES;FUN;SR;OK;TASK000014489252;Priority 3;NA
APS;DCF;APS;SR;OK;TASK000014489293;Priority 3;NA
APS;ETH;APS;SR;OK;TASK000014489312;Priority 3;NA
CNC;ETH;CNC;SR;OK;TASK000014489479;Priority 3;NA
SEC;SYN;SEC;SR;Defect;TASK000014489725;Priority 3;NA
FUN;EES;FUN;SR;OK;TASK000014489739;Priority 4;NA
CNC;BWI;CNC;SR;OK;TASK000014489780;Priority 3;NA
SEC;OXE;SEC;SR;OK;TASK000014490013;Priority 3;NA
SEC;DXE;SEC;SR;OK;TASK000014490099;Priority 3;NA
SCH;LAT;SCH;SR;OK;TASK000014490172;Priority 3;NA
L1;BWI;CNC;SR;OK;TASK000014490411;Priority 3;NA
SEC;ETH;SEC;SR;OK;TASK000014490445;Priority 3;NA
SEC;ETH;SEC;SR;OK;TASK000014490464;Priority 3;NA
APS;EES;APS;SR;OK;TASK000014490506;Priority 4;NA
APS;ETH;APS;SR;OK;TASK000014490766;Priority 3;NA
DBA;812;DBA;SR;OK;TASK000014490846;Priority 3;NA
SEC;DCF;SEC;SR;OK;TASK000014490901;Priority 3;NA
L1;ETH;CNC;SR;OK;TASK000014490902;Priority 3;NA
SEC;DCF;SEC;SR;Defect;TASK000014490906;Priority 3;NA
SEC;DCF;SEC;SR;Defect;TASK000014490912;Priority 3;NA
SEC;SYN;SEC;SR;OK;TASK000014490916;Priority 3;NA
SEC;SYN;SEC;SR;OK;TASK000014490937;Priority 3;NA
CNC;ETH;CNC;SR;OK;TASK000014490952;Priority 3;NA
SEC;SYN;SEC;SR;OK;TASK000014490987;Priority 3;NA
SEC;SYN;SEC;SR;OK;TASK000014490997;Priority 3;NA
SEC;SYN;SEC;SR;OK;TASK000014491004;Priority 3;NA
L1;BWI;L1 ;SR;OK;TASK000014491236;Priority 4;NA
SEC;BWI;SEC;SR;OK;TASK000014491374;Priority 4;NA
FUN;ETH;FUN;SR;OK;TASK000014491491;Priority 3;NA
DBA;812;DBA;SR;OK;TASK000014491897;Priority 3;NA
DBA;812;DBA;SR;OK;TASK000014491971;Priority 3;NA
L1;812;MON;SR;OK;TASK000014492275;Priority 3;NA
FUN;COR;FUN;SR;OK;TASK000014492298;Priority 3;NA
SEC;SYN;SEC;SR;OK;TASK000014492478;Priority 3;NA
SEC;SYN;SEC;SR;OK;TASK000014492528;Priority 3;NA
DXE;DXE;FUN;SR;OK;TASK000014492741;Priority 3;NA
FUN;812;FUN;SR;OK;TASK000014492751;Priority 3;NA
APS;ETH;APS;SR;OK;TASK000014492839;Priority 3;NA
SEC;DXE;SEC;SR;OK;TASK000014492907;Priority 3;NA
L1;812;MON;SR;OK;TASK000014492908;Priority 3;NA
CNC;DCF;CNC;SR;OK;TASK000014492918;Priority 3;NA
CNC;812;CNC;SR;OK;TASK000014492943;Priority 3;NA
SEC;812;SEC;SR;OK;TASK000014492948;Priority 3;NA
FIN;DXE;FUN;SR;OK;TASK000014492989;Priority 4;NA
FUN;812;FUN;SR;OK;TASK000014493101;Priority 3;NA
DBA;812;DBA;SR;OK;TASK000014493197;Priority 3;NA
DBA;812;DBA;SR;OK;TASK000014493214;Priority 3;NA
SCH;812;SCH;SR;OK;TASK000014493548;Priority 3;NA
SEC;SYN;SEC;SR;OK;TASK000014493565;Priority 3;NA
SEC;812;SEC;SR;OK;TASK000014493622;Priority 3;NA
APS;ETH;APS;SR;OK;TASK000014493706;Priority 3;NA
TEC;ETH;FUN;SR;OK;TASK000014493729;Priority 4;NA
SEC;LAT;SEC;SR;Defect;TASK000014493740;Priority 3;NA
OPS;EMS;OPS;SR;OK;TASK000014493805;Priority 3;NA
SEC;SYN;SEC;SR;OK;TASK000014493812;Priority 3;NA
SEC;ETH;SEC;SR;OK;TASK000014493829;Priority 3;NA
SEC;EMS;SEC;SR;OK;TASK000014493887;Priority 3;NA
APS;ETH;APS;SR;OK;TASK000014493918;Priority 3;NA
SEC;812;SEC;SR;OK;TASK000014494014;Priority 3;NA
SEC;812;SEC;SR;OK;TASK000014494191;Priority 3;NA
FUN;812;FUN;SR;OK;TASK000014494205;Priority 4;NA
SEC;DCF;SEC;SR;OK;TASK000014494219;Priority 3;NA
FUN;812;FUN;SR;OK;TASK000014494296;Priority 3;NA
SEC;WS;SEC;SR;OK;TASK000014494307;Priority 3;NA
SEC;MNT;SEC;SR;OK;TASK000014494392;Priority 3;NA
FUN;812;FUN;SR;OK;TASK000014494513;Priority 4;NA
FUN;812;FUN;SR;OK;TASK000014494551;Priority 4;NA
SEC;SYN;SEC;SR;OK;TASK000014494607;Priority 3;NA
SEC;SYN;SEC;SR;OK;TASK000014494627;Priority 3;NA
SEC;OXE;SEC;SR;OK;TASK000014494829;Priority 3;NA
CNC;BWI;CNC;SR;OK;TASK000014494834;Priority 3;NA
SEC;SYN;SEC;SR;Defect;TASK000014494934;Priority 3;NA
SEC;EES;FUN;SR;OK;TASK000014494942;Priority 3;NA
SEC;SYN;SEC;SR;Defect;TASK000014495009;Priority 3;NA
APS;DCF;APS;SR;OK;TASK000014495017;Priority 3;NA
SEC;SYN;SEC;SR;OK;TASK000014495068;Priority 3;NA
SEC;ETH;SEC;SR;OK;TASK000014495132;Priority 3;NA
SEC;OXE;SEC;SR;OK;TASK000014495212;Priority 3;NA
SEC;SYN;SEC;SR;Defect;TASK000014495272;Priority 3;NA
SEC;OXE;SEC;SR;OK;TASK000014495332;Priority 3;NA
CNC;ETH;CNC;SR;OK;TASK000014495404;Priority 3;NA
CNC;ETH;CNC;SR;OK;TASK000014495604;Priority 3;NA
SEC;MNT;SEC;SR;OK;TASK000014495789;Priority 3;NA
SEC;ETH;SEC;SR;OK;TASK000014496589;Priority 3;NA
OPS;EMS;OPS;SR;OK;TASK000014497177;Priority 3;NA
SEC;ETH;SEC;SR;OK;TASK000014497197;Priority 3;NA
FUN;WS;FUN;SR;OK;TASK000014497278;Priority 4;NA
SEC;MNT;SEC;SR;OK;TASK000014497395;Priority 3;NA
SEC;MNT;SEC;SR;OK;TASK000014497436;Priority 3;NA
SEC;SYN;SEC;SR;OK;TASK000014497444;Priority 3;NA
SEC;812;SEC;SR;OK;TASK000014497534;Priority 3;NA
DBA;812;DBA;SR;OK;TASK000014497579;Priority 3;NA
SEC;DXE;SEC;SR;OK;TASK000014497634;Priority 3;NA
SEC;SYN;SEC;SR;OK;TASK000014497856;Priority 3;NA
DBA;812;DBA;SR;OK;TASK000014498029;Priority 3;NA
FUN;ETH;FUN;SR;OK;TASK000014498055;Priority 3;NA
SEC;DPY;SEC;SR;OK;TASK000014498308;Priority 3;NA
SEC;MNT;SEC;SR;OK;TASK000014498753;Priority 3;NA
L1;812;MON;SR;OK;TASK000014498801;Priority 4;NA
CNC;ETH;CNC;SR;OK;TASK000014498946;Priority 3;NA
DBA;812;DBA;SR;OK;TASK000014499034;Priority 3;NA
FUN;ETH;FUN;SR;OK;TASK000014499264;Priority 3;NA
SEC;SYN;SEC;SR;OK;TASK000014499403;Priority 3;NA
SEC;SYN;SEC;SR;OK;TASK000014499476;Priority 3;NA
SEC;SYN;SEC;SR;OK;TASK000014499576;Priority 3;NA
SEC;SYN;SEC;SR;OK;TASK000014499660;Priority 3;NA
SEC;SYN;SEC;SR;OK;TASK000014499698;Priority 3;NA
SEC;MNT;SEC;SR;OK;TASK000014499927;Priority 3;NA
APS;ETH;APS;SR;OK;TASK000014499997;Priority 3;NA
L1;812;MON;SR;OK;TASK000014500020;Priority 3;NA
CNC;812;CNC;SR;OK;TASK000014500179;Priority 3;NA
L1;812;MON;SR;OK;TASK000014500951;Priority 3;NA
SEC;DCF;SEC;SR;Defect;TASK000014500987;Priority 3;NA
APS;ETH;APS;SR;OK;TASK000014501114;Priority 3;NA
L1;812;MON;SR;OK;TASK000014501119;Priority 3;NA
APS;ETH;APS;SR;OK;TASK000014501157;Priority 4;NA
SEC;DXE;SEC;SR;OK;TASK000014501440;Priority 3;NA
DBA;812;DBA;SR;OK;TASK000014501444;Priority 3;NA
APS;ETH;APS;SR;OK;TASK000014501482;Priority 3;NA
FUN;812;FUN;SR;OK;TASK000014501525;Priority 3;NA
FUN;WS;FUN;SR;OK;TASK000014501655;Priority 4;NA
SEC;812;SEC;SR;OK;TASK000014501827;Priority 3;NA
FUN;812;FUN;SR;OK;TASK000014501907;Priority 4;NA
SEC;SYN;SEC;SR;OK;TASK000014501918;Priority 3;NA
DBA;812;DBA;SR;OK;TASK000014501978;Priority 3;NA
DBA;812;DBA;SR;OK;TASK000014501991;Priority 3;NA
SEC;812;SEC;SR;OK;TASK000014502009;Priority 3;NA
DBA;812;DBA;SR;OK;TASK000014502048;Priority 3;NA
SEC;SYN;SEC;SR;OK;TASK000014502079;Priority 3;NA
FUN;812;FUN;SR;OK;TASK000014502126;Priority 3;NA
CNC;DCF;CNC;SR;OK;TASK000014502219;Priority 3;NA
FUN;DXE;FUN;SR;OK;TASK000014502288;Priority 4;NA
CNC;812;CNC;SR;OK;TASK000014502373;Priority 3;NA
L1;812;MON;SR;OK;TASK000014502444;Priority 3;NA
APS;ETH;APS;SR;OK;TASK000014502559;Priority 4;NA
CNC;812;CNC;SR;OK;TASK000014502580;Priority 3;NA
SEC;812;SEC;SR;OK;TASK000014502581;Priority 3;NA
SEC;SYN;SEC;SR;OK;TASK000014502669;Priority 3;NA
SEC;SYN;SEC;SR;OK;TASK000014502702;Priority 3;NA
SEC;SYN;SEC;SR;OK;TASK000014502752;Priority 3;NA
APS;ETH;APS;SR;OK;TASK000014502806;Priority 3;NA
FIN;812;FUN;SR;OK;TASK000014502925;Priority 3;NA
SEC;812;SEC;SR;OK;TASK000014502946;Priority 3;NA
CNC;812;CNC;SR;OK;TASK000014502962;Priority 3;NA
CNC;812;CNC;SR;OK;TASK000014503080;Priority 3;NA
SEC;812;SEC;SR;OK;TASK000014503085;Priority 3;NA
APS;ETH;APS;SR;OK;TASK000014503092;Priority 3;NA
SEC;DCF;SEC;SR;OK;TASK000014503173;Priority 3;NA
FUN;EES;FUN;SR;OK;TASK000014503208;Priority 4;NA
SEC;812;SEC;SR;OK;TASK000014503221;Priority 3;NA
SEC;EMS;SEC;SR;OK;TASK000014503224;Priority 3;NA
SEC;BWI;SEC;SR;OK;TASK000014503238;Priority 4;NA
SEC;EMS;SEC;SR;OK;TASK000014503243;Priority 3;NA
APS;ETH;APS;SR;OK;TASK000014503247;Priority 3;NA
FUN;EES;FUN;SR;OK;TASK000014503249;Priority 4;NA
SEC;DCF;SEC;SR;OK;TASK000014503259;Priority 3;NA
SEC;SYN;SEC;SR;OK;TASK000014503278;Priority 3;NA
CNC;812;CNC;SR;OK;TASK000014503306;Priority 3;NA
APS;ETH;APS;SR;OK;TASK000014503308;Priority 3;NA
FUN;ETH;FUN;SR;OK;TASK000014503314;Priority 3;NA
L1;812;MON;SR;OK;TASK000014503326;Priority 4;NA
CNC;812;CNC;SR;OK;TASK000014503392;Priority 3;NA
CNC;812;CNC;SR;OK;TASK000014503560;Priority 3;NA
CNC;DCF;CNC;SR;OK;TASK000014503806;Priority 3;NA
FUN;812;FUN;SR;OK;TASK000014503826;Priority 4;NA
SEC;DXE;SEC;SR;OK;TASK000014503847;Priority 3;NA
SEC;MNT;SEC;SR;OK;TASK000014503945;Priority 3;NA
CNC;BWI;L1 ;SR;OK;TASK000014504197;Priority 3;NA
SEC;SYN;SEC;SR;OK;TASK000014504225;Priority 3;NA
FUN;812;FUN;SR;OK;TASK000014504277;Priority 3;NA
SEC;EMS;SEC;SR;OK;TASK000014504393;Priority 3;NA
SEC;BWI;SEC;SR;OK;TASK000014504515;Priority 4;NA
SEC;BWI;SEC;SR;OK;TASK000014504731;Priority 4;NA
SEC;OXE;SEC;SR;OK;TASK000014504762;Priority 3;NA
SEC;ETH;SEC;SR;OK;TASK000014504775;Priority 3;NA
SEC;BWI;SEC;SR;OK;TASK000014504873;Priority 4;NA
SEC;DCF;SEC;SR;OK;TASK000014504939;Priority 3;NA
SEC;DCF;SEC;SR;OK;TASK000014504964;Priority 3;NA
SEC;DCF;SEC;SR;Defect;TASK000014504973;Priority 3;NA
TEC;ETH;FUN;SR;OK;TASK000014505013;Priority 3;NA
SEC;SYN;SEC;SR;OK;TASK000014505195;Priority 3;NA
SEC;BWI;SEC;SR;OK;TASK000014505198;Priority 4;NA
SEC;812;SEC;SR;OK;TASK000014505312;Priority 3;NA
SEC;OXE;SEC;SR;OK;TASK000014505319;Priority 3;NA
SEC;SYN;SEC;SR;Defect;TASK000014505365;Priority 3;NA
SEC;BWI;SEC;SR;OK;TASK000014505393;Priority 4;NA
SEC;BWI;SEC;SR;OK;TASK000014505470;Priority 4;NA
SEC;MNT;SEC;SR;OK;TASK000014505500;Priority 3;NA
SEC;BWI;SEC;SR;OK;TASK000014505506;Priority 4;NA
CNC;BWI;L1 ;SR;OK;TASK000014505530;Priority 4;NA
CNC;BWI;L1 ;SR;OK;TASK000014505542;Priority 4;NA
SEC;OXE;SEC;SR;OK;TASK000014505624;Priority 3;NA
SEC;DCF;SEC;SR;OK;TASK000014505631;Priority 3;NA
APS;ETH;APS;SR;OK;TASK000014505799;Priority 3;NA
SEC;BWI;SEC;SR;OK;TASK000014505981;Priority 4;NA
SEC;DPY;SEC;SR;OK;TASK000014505988;Priority 3;NA
SEC;DPY;SEC;SR;OK;TASK000014506001;Priority 3;NA
TEC;DCF;TEC;SR;OK;TASK000014506262;Priority 3;NA
SEC;EMS;SEC;SR;OK;TASK000014506287;Priority 3;NA
SEC;EMS;SEC;SR;OK;TASK000014506289;Priority 3;NA
FUN;EMS;FUN;SR;OK;TASK000014506460;Priority 3;NA
DBA;812;DBA;SR;OK;TASK000014506600;Priority 3;NA
DBA;812;DBA;SR;OK;TASK000014506868;Priority 3;NA
SEC;812;SEC;SR;OK;TASK000014507038;Priority 3;NA
APS;ETH;APS;SR;OK;TASK000014507108;Priority 3;NA
DXE;DXE;FUN;SR;OK;TASK000014507204;Priority 3;NA
CNC;DPY;CNC;SR;OK;TASK000014507210;Priority 3;NA
SEC;812;SEC;SR;OK;TASK000014507256;Priority 3;NA
DBA;812;DBA;SR;OK;TASK000014507257;Priority 3;NA
SEC;812;SEC;SR;OK;TASK000014507280;Priority 3;NA
SEC;812;SEC;SR;OK;TASK000014507283;Priority 3;NA
CNC;812;CNC;SR;OK;TASK000014507290;Priority 3;NA
SEC;812;SEC;SR;OK;TASK000014507325;Priority 3;NA
SEC;DXE;SEC;SR;OK;TASK000014507385;Priority 3;NA
SEC;DXE;SEC;SR;OK;TASK000014507386;Priority 3;NA
SEC;SYN;SEC;SR;Defect;TASK000014507415;Priority 3;NA
DBA;812;DBA;SR;OK;TASK000014507462;Priority 3;NA
L1;812;CNC;SR;OK;TASK000014507535;Priority 3;NA
SEC;812;SEC;SR;OK;TASK000014507541;Priority 3;NA
SEC;SYN;SEC;SR;OK;TASK000014507559;Priority 3;NA
SEC;SYN;SEC;SR;OK;TASK000014507573;Priority 3;NA
SEC;812;SEC;SR;OK;TASK000014507728;Priority 3;NA
FUN;812;FUN;SR;OK;TASK000014507746;Priority 4;NA
APS;ETH;APS;SR;OK;TASK000014507833;Priority 3;NA
L1;SYN;CNC;SR;OK;TASK000014507845;Priority 3;NA
DBA;812;DBA;SR;OK;TASK000014507860;Priority 3;NA
APS;ETH;APS;SR;OK;TASK000014507884;Priority 3;NA
SEC;BWI;SEC;SR;OK;TASK000014507923;Priority 4;NA
FUN;812;FUN;SR;OK;TASK000014507939;Priority 3;NA
FUN;812;FUN;SR;OK;TASK000014507941;Priority 3;NA
SEC;812;SEC;SR;OK;TASK000014507946;Priority 3;NA
APS;ETH;APS;SR;OK;TASK000014507954;Priority 3;NA
FUN;812;FUN;SR;OK;TASK000014507994;Priority 3;NA
SCH;LAT;SCH;SR;OK;TASK000014508033;Priority 3;NA
SEC;812;SEC;SR;OK;TASK000014508038;Priority 3;NA
SEC;SYN;SEC;SR;OK;TASK000014508041;Priority 3;NA
DBA;812;DBA;SR;OK;TASK000014508066;Priority 3;NA
APS;ETH;APS;SR;OK;TASK000014508068;Priority 3;NA
SEC;ETH;SEC;SR;OK;TASK000014508154;Priority 3;NA
SEC;MNT;SEC;SR;OK;TASK000014508158;Priority 3;NA
FUN;812;FUN;SR;OK;TASK000014508174;Priority 4;NA
SEC;DCF;SEC;SR;OK;TASK000014508177;Priority 3;NA
SEC;812;SEC;SR;OK;TASK000014508274;Priority 3;NA
DBA;812;DBA;SR;OK;TASK000014508330;Priority 3;NA
SEC;BWI;SEC;SR;OK;TASK000014508338;Priority 4;NA
CNC;812;CNC;SR;OK;TASK000014508344;Priority 3;NA
APS;ETH;APS;SR;OK;TASK000014508345;Priority 3;NA
DBA;812;DBA;SR;OK;TASK000014508354;Priority 3;NA
CNC;BWI;CNC;SR;OK;TASK000014508438;Priority 3;NA
SEC;DXE;SEC;SR;OK;TASK000014508496;Priority 3;NA
SEC;812;SEC;SR;OK;TASK000014508502;Priority 3;NA
SEC;DCF;SEC;SR;OK;TASK000014508511;Priority 3;NA
APS;ETH;APS;SR;OK;TASK000014508512;Priority 3;NA
SEC;SYN;SEC;SR;Defect;TASK000014508517;Priority 3;NA
SEC;812;SEC;SR;OK;TASK000014508554;Priority 3;NA
SEC;SYN;SEC;SR;OK;TASK000014508565;Priority 3;NA
SCH;LAT;SCH;SR;OK;TASK000014508607;Priority 3;NA
APS;ETH;APS;SR;OK;TASK000014508618;Priority 3;NA
CNC;812;CNC;SR;OK;TASK000014508719;Priority 3;NA
SEC;BWI;SEC;SR;OK;TASK000014508726;Priority 4;NA
SEC;BWI;SEC;SR;OK;TASK000014508756;Priority 4;NA
SEC;812;SEC;SR;OK;TASK000014508761;Priority 3;NA
SEC;SYN;SEC;SR;OK;TASK000014508770;Priority 3;NA
SEC;BWI;SEC;SR;OK;TASK000014508810;Priority 4;NA
APS;ETH;APS;SR;OK;TASK000014508887;Priority 3;NA
SEC;812;SEC;SR;OK;TASK000014508915;Priority 3;NA
SEC;MNT;SEC;SR;OK;TASK000014508938;Priority 3;NA
CNC;BWI;CNC;SR;OK;TASK000014508959;Priority 3;NA
SEC;812;SEC;SR;OK;TASK000014508962;Priority 3;NA
FUN;812;FUN;SR;OK;TASK000014509004;Priority 4;NA
APS;ETH;APS;SR;OK;TASK000014509007;Priority 3;NA
APS;ETH;APS;SR;OK;TASK000014509096;Priority 3;NA
SEC;DCF;SEC;SR;OK;TASK000014509136;Priority 3;NA
SEC;812;SEC;SR;OK;TASK000014509388;Priority 3;NA
SEC;ETH;SEC;SR;OK;TASK000014509444;Priority 3;NA
SEC;DPY;SEC;SR;OK;TASK000014509461;Priority 3;NA
APS;ETH;APS;SR;OK;TASK000014509486;Priority 3;NA
SEC;SYN;SEC;SR;OK;TASK000014509627;Priority 3;NA
APS;ETH;APS;SR;OK;TASK000014509640;Priority 3;NA
APS;ETH;APS;SR;OK;TASK000014509662;Priority 3;NA
SEC;MNT;SEC;SR;OK;TASK000014509719;Priority 3;NA
APS;ETH;APS;SR;OK;TASK000014509737;Priority 3;NA
SEC;SYN;SEC;SR;OK;TASK000014509912;Priority 3;NA
SEC;BWI;SEC;SR;OK;TASK000014509955;Priority 4;NA
SEC;OXE;SEC;SR;OK;TASK000014509989;Priority 3;NA
SEC;SYN;SEC;SR;OK;TASK000014510053;Priority 3;NA
APS;ETH;APS;SR;OK;TASK000014510094;Priority 3;NA
SEC;MNT;SEC;SR;OK;TASK000014510099;Priority 3;NA
SEC;SYN;SEC;SR;OK;TASK000014510117;Priority 3;NA
L1;MNT;MON;SR;OK;TASK000014510159;Priority 4;NA
SEC;812;SEC;SR;OK;TASK000014510231;Priority 3;NA
SEC;BWI;SEC;SR;OK;TASK000014510308;Priority 4;NA
SEC;BWI;SEC;SR;OK;TASK000014510387;Priority 4;NA
SEC;MNT;SEC;SR;OK;TASK000014510418;Priority 3;NA
APS;DCF;APS;SR;OK;TASK000014510469;Priority 3;NA
SEC;ETH;SEC;SR;OK;TASK000014510495;Priority 3;NA
SCH;812;SCH;SR;OK;TASK000014510589;Priority 3;NA
CNC;ETH;CNC;SR;OK;TASK000014510590;Priority 3;NA
SEC;EMS;SEC;SR;OK;TASK000014511886;Priority 3;NA
SEC;812;SEC;SR;OK;TASK000014512091;Priority 3;NA
SEC;DXE;SEC;SR;OK;TASK000014512149;Priority 3;NA
CNC;EES;CNC;SR;OK;TASK000014512316;Priority 3;NA
L1;CRD;MON;SR;OK;TASK000014512367;Priority 4;NA
DBA;812;DBA;SR;OK;TASK000014512438;Priority 3;NA
FIN;812;FUN;SR;OK;TASK000014512639;Priority 4;NA
DCF;DCF;FUN;SR;OK;TASK000014512736;Priority 3;NA
SEC;812;SEC;SR;OK;TASK000014512837;Priority 3;NA
DBA;812;DBA;SR;OK;TASK000014512882;Priority 3;NA
SEC;SYN;SEC;SR;OK;TASK000014513003;Priority 3;NA
SEC;812;SEC;SR;OK;TASK000014513225;Priority 3;NA
APS;ETH;APS;SR;OK;TASK000014513311;Priority 3;NA
SEC;812;SEC;SR;OK;TASK000014513413;Priority 3;NA
SEC;DCF;SEC;SR;OK;TASK000014513416;Priority 3;NA
APS;ETH;APS;SR;OK;TASK000014513639;Priority 3;NA
DBA;812;DBA;SR;OK;TASK000014513766;Priority 3;NA
MNT;MNT;FUN;SR;OK;TASK000014513830;Priority 4;NA
SEC;812;SEC;SR;OK;TASK000014513836;Priority 3;NA
SEC;812;SEC;SR;OK;TASK000014513873;Priority 3;NA
SEC;SYN;SEC;SR;OK;TASK000014513924;Priority 3;NA
CNC;812;CNC;SR;OK;TASK000014513928;Priority 3;NA
L1;DCF;CNC;SR;OK;TASK000014513962;Priority 3;NA
SEC;812;SEC;SR;OK;TASK000014514057;Priority 3;NA
SEC;DCF;SEC;SR;OK;TASK000014514095;Priority 3;NA
DBA;812;DBA;SR;OK;TASK000014514114;Priority 3;NA
SEC;DXE;SEC;SR;OK;TASK000014514132;Priority 3;NA
APS;ETH;APS;SR;OK;TASK000014514186;Priority 4;NA
APS;ETH;APS;SR;OK;TASK000014514187;Priority 4;NA
APS;ETH;APS;SR;OK;TASK000014514216;Priority 3;NA
SEC;DCF;SEC;SR;OK;TASK000014514229;Priority 3;NA
L1;LAT;CNC;SR;OK;TASK000014514299;Priority 3;NA
SEC;SYN;SEC;SR;Defect;TASK000014514308;Priority 3;NA
SEC;SYN;SEC;SR;Defect;TASK000014514355;Priority 3;NA
CNC;812;CNC;SR;OK;TASK000014514502;Priority 3;NA
SEC;812;SEC;SR;OK;TASK000014514511;Priority 3;NA
SEC;812;SEC;SR;OK;TASK000014514564;Priority 3;NA
SEC;EMS;SEC;SR;OK;TASK000014514833;Priority 3;NA
FUN;DXE;FUN;SR;OK;TASK000014514889;Priority 4;NA
FUN;EES;FUN;SR;OK;TASK000014514962;Priority 4;NA
APS;ETH;APS;SR;OK;TASK000014514979;Priority 3;NA
SEC;ETH;SEC;SR;OK;TASK000014515001;Priority 3;NA
SEC;ETH;SEC;SR;OK;TASK000014515018;Priority 3;NA
SEC;812;SEC;SR;OK;TASK000014515033;Priority 3;NA
SEC;ETH;SEC;SR;OK;TASK000014515042;Priority 3;NA
FUN;812;FUN;SR;OK;TASK000014515140;Priority 3;NA
SEC;DCF;SEC;SR;OK;TASK000014515175;Priority 3;NA
SEC;DCF;SEC;SR;OK;TASK000014515210;Priority 3;NA
SEC;BWI;SEC;SR;OK;TASK000014515250;Priority 4;NA
SEC;BWI;SEC;SR;OK;TASK000014515258;Priority 4;NA
SEC;SYN;SEC;SR;Defect;TASK000014515281;Priority 3;NA
APS;ETH;APS;SR;OK;TASK000014515311;Priority 4;NA
CNC;812;CNC;SR;OK;TASK000014515413;Priority 3;NA
SEC;ETH;SEC;SR;OK;TASK000014515427;Priority 3;NA
SEC;BWI;SEC;SR;OK;TASK000014515433;Priority 4;NA
SEC;SYN;SEC;SR;Defect;TASK000014515484;Priority 3;NA
SEC;OXE;SEC;SR;OK;TASK000014515487;Priority 3;NA
SEC;MNT;SEC;SR;OK;TASK000014515743;Priority 3;NA
SEC;BWI;SEC;SR;OK;TASK000014516145;Priority 3;NA
SEC;OXE;SEC;SR;OK;TASK000014516165;Priority 3;NA
SEC;MNT;SEC;SR;OK;TASK000014516185;Priority 3;NA
SEC;BWI;SEC;SR;OK;TASK000014516256;Priority 4;NA
L1;BWI;L1 ;SR;OK;TASK000014516422;Priority 3;NA
SEC;812;SEC;SR;OK;TASK000014516705;Priority 3;NA
CNC;DCF;CNC;SR;OK;TASK000014516903;Priority 3;NA
DBA;812;DBA;SR;OK;TASK000014517315;Priority 3;NA
FUN;812;FUN;SR;OK;TASK000014517323;Priority 4;NA
SEC;812;SEC;SR;OK;TASK000014517373;Priority 3;NA
SEC;DXE;SEC;SR;OK;TASK000014517413;Priority 3;NA
SEC;DXE;SEC;SR;OK;TASK000014517470;Priority 3;NA
SEC;DCF;SEC;SR;OK;TASK000014517683;Priority 3;NA
SEC;812;SEC;SR;OK;TASK000014517696;Priority 3;NA
SEC;812;SEC;SR;OK;TASK000014517795;Priority 3;NA
CNC;812;CNC;SR;OK;TASK000014518050;Priority 3;NA
SEC;812;SEC;SR;OK;TASK000014518121;Priority 3;NA
DBA;812;DBA;SR;OK;TASK000014518156;Priority 3;NA
SEC;812;SEC;SR;OK;TASK000014518179;Priority 3;NA
DBA;812;DBA;SR;OK;TASK000014518238;Priority 3;NA
SEC;812;SEC;SR;OK;TASK000014518278;Priority 3;NA
SEC;812;SEC;SR;OK;TASK000014518771;Priority 3;NA
CNC;812;MON;SR;OK;TASK000014518773;Priority 3;NA
SEC;812;SEC;SR;OK;TASK000014518790;Priority 3;NA
SEC;MNT;SEC;SR;OK;TASK000014518855;Priority 3;NA
SEC;SYN;SEC;SR;OK;TASK000014519004;Priority 3;NA
SEC;SYN;SEC;SR;OK;TASK000014519037;Priority 3;NA
SEC;ETH;SEC;SR;OK;TASK000014519130;Priority 3;NA
SEC;DCF;SEC;SR;OK;TASK000014519160;Priority 3;NA
SEC;SYN;SEC;SR;OK;TASK000014519163;Priority 3;NA
DBA;812;DBA;SR;OK;TASK000014519316;Priority 3;NA
FUN;812;FUN;SR;OK;TASK000014519389;Priority 3;NA
DCF;DCF;FUN;INC;OK;TASK000014519433;Priority 3;NA
CNC;BWI;L1 ;SR;OK;TASK000014519677;Priority 3;NA
CNC;BWI;L1 ;SR;OK;TASK000014519780;Priority 3;NA
APS;ETH;APS;SR;OK;TASK000014519783;Priority 3;NA
DBA;812;DBA;SR;OK;TASK000014519784;Priority 3;NA
SEC;SYN;SEC;SR;OK;TASK000014520058;Priority 3;NA
DBA;812;DBA;SR;OK;TASK000014520102;Priority 3;NA
CNC;812;MON;SR;OK;TASK000014520237;Priority 3;NA
SCH;LAT;SCH;SR;OK;TASK000014520389;Priority 3;NA
SEC;812;SEC;SR;OK;TASK000014520423;Priority 3;NA
CNC;ETH;CNC;SR;OK;TASK000014520478;Priority 3;NA
SEC;EMS;SEC;SR;OK;TASK000014520604;Priority 3;NA
SEC;DCF;SEC;SR;OK;TASK000014520748;Priority 3;NA
SEC;EMS;SEC;SR;OK;TASK000014520819;Priority 3;NA
SEC;EMS;SEC;SR;OK;TASK000014520827;Priority 3;NA
SEC;EMS;SEC;SR;OK;TASK000014520833;Priority 3;NA
APS;EES;APS;SR;OK;TASK000014520837;Priority 4;NA
SEC;EMS;SEC;SR;OK;TASK000014520846;Priority 3;NA
SEC;EMS;SEC;SR;OK;TASK000014520858;Priority 3;NA
CNC;BWI;L1 ;SR;OK;TASK000014520891;Priority 3;NA
SEC;SYN;SEC;SR;OK;TASK000014520896;Priority 3;NA
SEC;SYN;SEC;SR;OK;TASK000014521311;Priority 3;NA
APS;EES;APS;SR;OK;TASK000014521356;Priority 4;NA
APS;EES;APS;SR;OK;TASK000014521360;Priority 4;NA
SEC;812;SEC;SR;OK;TASK000014521690;Priority 3;NA
CNC;BWI;L1 ;SR;OK;TASK000014521921;Priority 3;NA
CNC;812;MON;SR;OK;TASK000014521932;Priority 3;NA
SEC;DCF;SEC;SR;OK;TASK000014522348;Priority 3;NA
SEC;DCF;SEC;SR;OK;TASK000014522355;Priority 3;NA
L1;812;MON;SR;OK;TASK000014523150;Priority 3;NA
SEC;DXE;SEC;SR;OK;TASK000014523673;Priority 3;NA
SEC;812;SEC;SR;OK;TASK000014523682;Priority 3;NA
SEC;812;SEC;SR;OK;TASK000014523760;Priority 3;NA
SEC;DXE;SEC;SR;OK;TASK000014523772;Priority 3;NA
SEC;812;SEC;SR;OK;TASK000014523786;Priority 3;NA
DCF;DCF;FUN;INC;OK;TASK000014524077;Priority 3;NA
SEC;812;SEC;SR;OK;TASK000014524313;Priority 3;NA
CNC;812;CNC;SR;OK;TASK000014524334;Priority 3;NA
FUN;812;FUN;SR;OK;TASK000014524371;Priority 3;NA
DBA;812;DBA;SR;OK;TASK000014524389;Priority 3;NA
SEC;812;SEC;SR;OK;TASK000014524395;Priority 3;NA
CNC;812;CNC;SR;OK;TASK000014524398;Priority 3;NA
SEC;812;SEC;SR;OK;TASK000014524481;Priority 3;NA
SEC;812;SEC;SR;OK;TASK000014524563;Priority 3;NA
SEC;812;SEC;SR;OK;TASK000014524586;Priority 3;NA
SEC;SYN;SEC;SR;OK;TASK000014524688;Priority 3;NA
DBA;812;DBA;SR;OK;TASK000014524724;Priority 3;NA
SEC;812;SEC;SR;OK;TASK000014524739;Priority 3;NA
SEC;SYN;SEC;SR;OK;TASK000014524800;Priority 3;NA
FUN;MNT;FUN;SR;OK;TASK000014524871;Priority 3;NA
SEC;812;SEC;SR;OK;TASK000014524952;Priority 3;NA
SEC;812;SEC;SR;Defect;TASK000014524991;Priority 3;NA
DBA;812;DBA;SR;OK;TASK000014525057;Priority 3;NA
DBA;812;DBA;SR;OK;TASK000014525079;Priority 3;NA
L1;812;MON;SR;OK;TASK000014525232;Priority 3;NA
DXE;DXE;FUN;SR;OK;TASK000014525424;Priority 4;NA
CNC;LAT;CNC;SR;OK;TASK000014525537;Priority 3;NA
SEC;BWI;SEC;SR;OK;TASK000014525766;Priority 4;NA
SEC;ETH;SEC;SR;OK;TASK000014525814;Priority 3;NA
SEC;SYN;SEC;SR;OK;TASK000014525839;Priority 3;NA
CNC;812;CNC;SR;OK;TASK000014525914;Priority 3;NA
SEC;SYN;SEC;SR;OK;TASK000014526112;Priority 3;NA
APS;ETH;APS;SR;OK;TASK000014526122;Priority 3;NA
SEC;812;SEC;SR;OK;TASK000014526162;Priority 3;NA
SEC;812;SEC;SR;OK;TASK000014526172;Priority 3;NA
APS;ETH;APS;SR;OK;TASK000014526263;Priority 4;NA
APS;ETH;APS;SR;OK;TASK000014526273;Priority 3;NA
CNC;812;CNC;SR;OK;TASK000014526312;Priority 3;NA
SEC;SYN;SEC;SR;OK;TASK000014526355;Priority 3;NA
SEC;BWI;SEC;SR;OK;TASK000014526385;Priority 4;NA
SEC;CAN;SEC;SR;OK;TASK000014526406;Priority 3;NA
SEC;MNT;SEC;SR;OK;TASK000014526415;Priority 3;NA
L1;812;MON;SR;OK;TASK000014526481;Priority 4;NA
SEC;BWI;SEC;SR;OK;TASK000014526486;Priority 4;NA
APS;ETH;APS;SR;OK;TASK000014526722;Priority 3;NA
L1;CRD;MON;SR;OK;TASK000014526751;Priority 4;NA
SEC;SYN;SEC;SR;OK;TASK000014526752;Priority 3;NA
SEC;812;SEC;SR;OK;TASK000014526837;Priority 3;NA
SEC;BWI;SEC;SR;OK;TASK000014526875;Priority 4;NA
CNC;812;CNC;SR;OK;TASK000014526978;Priority 3;NA
SEC;812;SEC;SR;OK;TASK000014527104;Priority 3;NA
SEC;SYN;SEC;SR;OK;TASK000014527180;Priority 3;NA
SEC;DXE;SEC;SR;OK;TASK000014527206;Priority 3;NA
L1;CRD;MON;SR;OK;TASK000014527233;Priority 4;NA
SEC;MNT;SEC;SR;OK;TASK000014527241;Priority 3;NA
SEC;DCF;SEC;SR;OK;TASK000014527361;Priority 3;NA
SEC;OXE;SEC;SR;OK;TASK000014527447;Priority 3;NA
SEC;OXE;SEC;SR;OK;TASK000014527475;Priority 3;NA
APS;ETH;APS;SR;OK;TASK000014527572;Priority 4;NA
CNC;812;CNC;SR;OK;TASK000014527579;Priority 3;NA
SEC;SYN;SEC;SR;OK;TASK000014527690;Priority 3;NA
SEC;SYN;SEC;SR;OK;TASK000014527701;Priority 3;NA
CNC;BWI;CNC;SR;OK;TASK000014527806;Priority 3;NA
SEC;OXE;SEC;SR;OK;TASK000014527917;Priority 3;NA
SEC;MNT;SEC;SR;OK;TASK000014527944;Priority 3;NA
SEC;OXE;SEC;SR;OK;TASK000014528122;Priority 3;NA
SEC;EMS;SEC;SR;OK;TASK000014528164;Priority 3;NA
SEC;ETH;SEC;SR;OK;TASK000014528181;Priority 3;NA
SEC;SYN;SEC;SR;OK;TASK000014528320;Priority 3;NA
SEC;812;SEC;SR;OK;TASK000014528391;Priority 3;NA
CNC;ETH;CNC;SR;OK;TASK000014528503;Priority 3;NA
SEC;ETH;SEC;SR;OK;TASK000014528540;Priority 3;NA
CNC;ETH;CNC;SR;OK;TASK000014528614;Priority 3;NA
FUN;MNT;FUN;SR;OK;TASK000014528632;Priority 3;NA
CNC;BWI;L1 ;SR;OK;TASK000014528674;Priority 3;NA
CNC;BWI;L1 ;SR;OK;TASK000014528708;Priority 3;NA
CNC;BWI;L1 ;SR;OK;TASK000014528794;Priority 3;NA
SEC;MNT;SEC;SR;OK;TASK000014528842;Priority 3;NA
SEC;MNT;SEC;SR;OK;TASK000014528858;Priority 3;NA
CNC;BWI;L1 ;SR;OK;TASK000014529079;Priority 3;NA
DBA;812;DBA;SR;OK;TASK000014529767;Priority 3;NA
L1;812;MON;SR;OK;TASK000014529781;Priority 3;NA
DBA;812;DBA;SR;OK;TASK000014529822;Priority 3;NA
SEC;812;SEC;SR;OK;TASK000014529852;Priority 3;NA
FUN;COR;FUN;SR;OK;TASK000014529901;Priority 3;NA
SEC;812;SEC;SR;OK;TASK000014530214;Priority 3;NA
DBA;812;DBA;SR;OK;TASK000014530419;Priority 3;NA
DBA;812;DBA;SR;OK;TASK000014530534;Priority 3;NA
APS;ETH;APS;SR;OK;TASK000014530611;Priority 3;NA
SEC;812;SEC;SR;OK;TASK000014530651;Priority 3;NA
SEC;812;SEC;SR;OK;TASK000014530684;Priority 3;NA
SEC;EMS;SEC;SR;OK;TASK000014530724;Priority 3;NA
FUN;812;FUN;SR;OK;TASK000014530766;Priority 3;NA
SEC;812;SEC;SR;OK;TASK000014530808;Priority 3;NA
CNC;812;CNC;SR;OK;TASK000014530919;Priority 3;NA
DBA;812;DBA;SR;OK;TASK000014530924;Priority 3;NA
FIN;812;INS;SR;Defect;TASK000014530947;Priority 3;NA
SEC;812;SEC;SR;OK;TASK000014530985;Priority 3;NA
CNC;812;CNC;SR;OK;TASK000014531041;Priority 3;NA
SEC;WS;SEC;SR;OK;TASK000014531045;Priority 3;NA
CNC;812;CNC;SR;OK;TASK000014531110;Priority 3;NA
SEC;812;SEC;SR;OK;TASK000014531211;Priority 3;NA
SEC;EMS;SEC;SR;OK;TASK000014531246;Priority 3;NA
SEC;812;SEC;SR;OK;TASK000014531248;Priority 3;NA
SEC;BWI;SEC;SR;OK;TASK000014531289;Priority 4;NA
SEC;812;SEC;SR;OK;TASK000014531362;Priority 3;NA
CNC;812;CNC;SR;OK;TASK000014531363;Priority 3;NA
APS;ETH;APS;SR;OK;TASK000014531376;Priority 3;NA
SEC;SYN;SEC;SR;OK;TASK000014531481;Priority 3;NA
FUN;812;FUN;SR;OK;TASK000014531540;Priority 3;NA
CNC;BWI;L1 ;SR;Defect;TASK000014531610;Priority 3;NA
CNC;OXE;CNC;SR;OK;TASK000014531673;Priority 3;NA
SEC;BWI;SEC;SR;OK;TASK000014531694;Priority 4;NA
CNC;812;MON;SR;OK;TASK000014531706;Priority 3;NA
FUN;812;FUN;SR;OK;TASK000014531713;Priority 3;NA
SEC;OXE;SEC;SR;Defect;TASK000014531781;Priority 3;NA
SEC;MNT;SEC;SR;OK;TASK000014531835;Priority 3;NA
SEC;812;SEC;SR;Defect;TASK000014531847;Priority 3;NA
SEC;812;SEC;SR;OK;TASK000014531941;Priority 3;NA
FUN;812;FUN;SR;OK;TASK000014531963;Priority 3;NA
SEC;OXE;SEC;SR;OK;TASK000014532051;Priority 3;NA
SEC;MNT;SEC;SR;OK;TASK000014532055;Priority 3;NA
CNC;812;MON;SR;OK;TASK000014532085;Priority 3;NA
L1;EES;CNC;SR;OK;TASK000014532199;Priority 4;NA
SEC;SYN;SEC;SR;OK;TASK000014532210;Priority 3;NA
SEC;812;SEC;SR;OK;TASK000014532241;Priority 3;NA
SEC;SYN;SEC;SR;OK;TASK000014532281;Priority 3;NA
APS;ETH;APS;SR;OK;TASK000014532291;Priority 3;NA
SEC;MNT;SEC;SR;OK;TASK000014532356;Priority 3;NA
SEC;DXE;SEC;SR;OK;TASK000014532379;Priority 3;NA
SEC;SYN;SEC;SR;OK;TASK000014532548;Priority 3;NA
APS;ETH;APS;SR;OK;TASK000014532708;Priority 3;NA
SEC;812;SEC;SR;OK;TASK000014532746;Priority 3;NA
APS;EES;APS;SR;OK;TASK000014532750;Priority 4;NA
APS;EES;APS;SR;OK;TASK000014532751;Priority 4;NA
SEC;ETH;SEC;SR;OK;TASK000014532787;Priority 3;NA
SEC;BWI;SEC;SR;OK;TASK000014532950;Priority 4;NA
CNC;BWI;L1 ;SR;OK;TASK000014533111;Priority 3;NA
APS;EES;APS;SR;OK;TASK000014533135;Priority 4;NA
CNC;BWI;L1 ;SR;OK;TASK000014533147;Priority 3;NA
FIN;812;FUN;SR;OK;TASK000014533193;Priority 4;NA
APS;ETH;APS;SR;OK;TASK000014533355;Priority 3;NA
SEC;SYN;SEC;SR;OK;TASK000014533534;Priority 3;NA
L1;DCF;CNC;SR;OK;TASK000014533624;Priority 3;NA
SEC;SYN;SEC;SR;OK;TASK000014533627;Priority 3;NA
L1;ETH;CNC;SR;OK;TASK000014533628;Priority 3;NA
FUN;MNT;FUN;SR;OK;TASK000014533649;Priority 3;NA
SEC;SYN;SEC;SR;OK;TASK000014533693;Priority 3;NA
SEC;LAT;SEC;SR;OK;TASK000014533707;Priority 3;NA
SEC;DXE;SEC;SR;OK;TASK000014533771;Priority 3;NA
APS;ETH;APS;SR;OK;TASK000014533795;Priority 3;NA
SEC;MNT;SEC;SR;OK;TASK000014533847;Priority 3;NA
SEC;MNT;SEC;SR;OK;TASK000014534163;Priority 3;NA
L1;812;MON;SR;OK;TASK000014534508;Priority 3;NA
SEC;ETH;SEC;SR;OK;TASK000014534611;Priority 3;NA
SEC;ETH;SEC;SR;OK;TASK000014534672;Priority 3;NA
SEC;ETH;SEC;SR;OK;TASK000014534688;Priority 3;NA
FUN;EMS;FUN;SR;OK;TASK000014534750;Priority 3;NA
SEC;DXE;SEC;SR;OK;TASK000014534807;Priority 3;NA
SEC;812;SEC;SR;OK;TASK000014534984;Priority 3;NA
SEC;DXE;SEC;SR;OK;TASK000014535132;Priority 3;NA
APS;ETH;APS;SR;OK;TASK000014535270;Priority 3;NA
SEC;812;SEC;SR;OK;TASK000014535385;Priority 3;NA
APS;ETH;APS;SR;OK;TASK000014535649;Priority 4;NA
FUN;812;FUN;SR;OK;TASK000014535651;Priority 3;NA
DXE;DXE;FUN;SR;OK;TASK000014535680;Priority 3;NA
SEC;WS;SEC;SR;OK;TASK000014535691;Priority 3;NA
L1;812;MON;SR;OK;TASK000014535779;Priority 4;NA
SEC;SYN;SEC;SR;OK;TASK000014535789;Priority 3;NA
OPS;EMS;OPS;SR;OK;TASK000014535800;Priority 3;NA
APS;ETH;APS;SR;OK;TASK000014535907;Priority 3;NA
APS;ETH;APS;SR;OK;TASK000014536039;Priority 3;NA
SEC;SYN;SEC;SR;OK;TASK000014536105;Priority 3;NA
APS;ETH;APS;SR;OK;TASK000014536143;Priority 3;NA
SEC;EMS;SEC;SR;OK;TASK000014536152;Priority 3;NA
CNC;812;MON;SR;OK;TASK000014536199;Priority 3;NA
SEC;EMS;SEC;SR;OK;TASK000014536209;Priority 3;NA
FUN;812;FUN;SR;OK;TASK000014536244;Priority 4;NA
APS;ETH;APS;SR;OK;TASK000014536312;Priority 3;NA
SEC;812;SEC;SR;OK;TASK000014536399;Priority 3;NA
APS;ETH;APS;SR;OK;TASK000014536440;Priority 3;NA
APS;ETH;APS;SR;OK;TASK000014536442;Priority 3;NA
CNC;BWI;CNC;SR;OK;TASK000014536576;Priority 3;NA
SEC;812;SEC;SR;OK;TASK000014536608;Priority 3;NA
APS;ETH;APS;SR;OK;TASK000014536631;Priority 3;NA
APS;ETH;APS;SR;OK;TASK000014536669;Priority 3;NA
APS;ETH;APS;SR;OK;TASK000014536670;Priority 3;NA
APS;ETH;APS;SR;OK;TASK000014536699;Priority 4;NA
APS;ETH;APS;SR;OK;TASK000014536859;Priority 3;NA
CNC;812;CNC;SR;OK;TASK000014536877;Priority 3;NA
SEC;812;SEC;SR;OK;TASK000014536916;Priority 3;NA
L1;812;MON;SR;OK;TASK000014537004;Priority 4;NA
SEC;812;SEC;SR;OK;TASK000014537045;Priority 3;NA
SEC;LAT;SEC;SR;OK;TASK000014537054;Priority 3;NA
SEC;DCF;SEC;SR;OK;TASK000014537071;Priority 3;NA
SEC;812;SEC;SR;OK;TASK000014537253;Priority 3;NA
CNC;MNT;MON;SR;OK;TASK000014537393;Priority 3;NA
APS;ETH;APS;SR;OK;TASK000014537464;Priority 3;NA
APS;ETH;APS;SR;OK;TASK000014537542;Priority 3;NA
FUN;COR;FUN;SR;OK;TASK000014537571;Priority 3;NA
APS;ETH;APS;SR;OK;TASK000014537598;Priority 3;NA
FUN;812;FUN;SR;OK;TASK000014537604;Priority 3;NA
DCF;DCF;FUN;SR;OK;TASK000014537716;Priority 3;NA
SEC;MNT;SEC;SR;OK;TASK000014537721;Priority 3;NA
APS;EES;APS;SR;OK;TASK000014537751;Priority 4;NA
CNC;BWI;CNC;SR;OK;TASK000014537787;Priority 3;NA
SEC;SYN;SEC;SR;OK;TASK000014538008;Priority 3;NA
FUN;812;FUN;SR;OK;TASK000014538206;Priority 3;NA
SEC;SYN;SEC;SR;OK;TASK000014538237;Priority 3;NA
SEC;DCF;SEC;SR;OK;TASK000014538263;Priority 3;NA
SEC;MNT;SEC;SR;OK;TASK000014538286;Priority 3;NA
SEC;MNT;SEC;SR;OK;TASK000014538287;Priority 3;NA
SEC;BWI;SEC;SR;OK;TASK000014538304;Priority 4;NA
SEC;BWI;SEC;SR;OK;TASK000014539244;Priority 4;NA
SEC;MNT;SEC;SR;OK;TASK000014539356;Priority 3;NA
DBA;812;DBA;SR;OK;TASK000014539635;Priority 3;NA
SEC;812;SEC;SR;OK;TASK000014539671;Priority 3;NA
SEC;812;SEC;SR;OK;TASK000014539675;Priority 3;NA
L1;812;MON;SR;OK;TASK000014539798;Priority 3;NA
DBA;812;DBA;SR;OK;TASK000014539822;Priority 3;NA
SEC;812;SEC;SR;OK;TASK000014540357;Priority 3;NA
SEC;DXE;SEC;SR;OK;TASK000014540661;Priority 3;NA
SEC;EMS;SEC;SR;OK;TASK000014540940;Priority 3;NA
L1;812;MON;SR;OK;TASK000014540986;Priority 3;NA
APS;ETH;APS;SR;OK;TASK000014541009;Priority 3;NA
APS;ETH;APS;SR;OK;TASK000014541052;Priority 4;NA
DBA;812;DBA;SR;OK;TASK000014541181;Priority 3;NA
DBA;812;DBA;SR;OK;TASK000014541308;Priority 3;NA
SEC;812;SEC;SR;OK;TASK000014541351;Priority 3;NA
SEC;LAT;SEC;SR;OK;TASK000014541370;Priority 3;NA
CNC;812;MON;SR;OK;TASK000014541392;Priority 3;NA
SEC;SYN;SEC;SR;OK;TASK000014541527;Priority 3;NA
SEC;812;SEC;SR;OK;TASK000014541670;Priority 3;NA
APS;ETH;APS;SR;OK;TASK000014541712;Priority 3;NA
SEC;DXE;SEC;SR;OK;TASK000014541770;Priority 3;NA
SEC;812;SEC;SR;OK;TASK000014541778;Priority 3;NA
SEC;SYN;SEC;SR;OK;TASK000014541968;Priority 3;NA
L1;812;CNC;SR;OK;TASK000014541987;Priority 3;NA
SCH;812;SCH;SR;OK;TASK000014542014;Priority 3;NA
SEC;EMS;SEC;SR;OK;TASK000014542058;Priority 3;NA
SEC;812;SEC;SR;OK;TASK000014542240;Priority 3;NA
SEC;812;SEC;SR;OK;TASK000014542343;Priority 3;NA
SEC;DXE;SEC;SR;OK;TASK000014542346;Priority 3;NA
TEC;DCF;TEC;SR;OK;TASK000014542472;Priority 3;NA
CNC;BWI;L1 ;SR;OK;TASK000014542533;Priority 3;NA
APS;ETH;APS;SR;OK;TASK000014542549;Priority 3;NA
CNC;DPY;CNC;SR;OK;TASK000014542615;Priority 3;NA
SEC;WS;SEC;SR;OK;TASK000014542626;Priority 3;NA
SEC;EMS;SEC;SR;OK;TASK000014542680;Priority 3;NA
TEC;DCF;TEC;SR;OK;TASK000014542685;Priority 3;NA
FUN;WS;FUN;SR;OK;TASK000014542695;Priority 3;NA
FUN;812;FUN;SR;OK;TASK000014542905;Priority 3;NA
SEC;BWI;SEC;SR;OK;TASK000014542906;Priority 4;NA
SEC;812;SEC;SR;OK;TASK000014542925;Priority 3;NA
FUN;ETH;FUN;SR;OK;TASK000014542950;Priority 3;NA
FUN;812;FUN;SR;OK;TASK000014543031;Priority 3;NA
FUN;812;FUN;SR;OK;TASK000014543072;Priority 3;NA
SEC;812;SEC;SR;OK;TASK000014543090;Priority 3;NA
CNC;812;CNC;SR;OK;TASK000014543122;Priority 3;NA
SEC;MNT;SEC;SR;OK;TASK000014543154;Priority 3;NA
SEC;SYN;SEC;SR;OK;TASK000014543200;Priority 3;NA
APS;ETH;APS;SR;OK;TASK000014543321;Priority 3;NA
SEC;DCF;SEC;SR;OK;TASK000014543343;Priority 3;NA
SEC;BWI;SEC;SR;OK;TASK000014543419;Priority 4;NA
CNC;BWI;L1 ;SR;OK;TASK000014543613;Priority 3;NA
SEC;DCF;SEC;SR;OK;TASK000014543614;Priority 3;NA
SEC;MNT;SEC;SR;OK;TASK000014543639;Priority 3;NA
SEC;MNT;SEC;SR;OK;TASK000014543682;Priority 3;NA
SEC;BWI;SEC;SR;OK;TASK000014543719;Priority 4;NA
APS;ETH;APS;SR;OK;TASK000014543951;Priority 4;NA
SEC;BWI;SEC;SR;OK;TASK000014543953;Priority 4;NA
FUN;ETH;FUN;SR;OK;TASK000014544001;Priority 3;NA
SEC;BWI;SEC;SR;OK;TASK000014544047;Priority 4;NA
SEC;ETH;SEC;SR;OK;TASK000014544063;Priority 3;NA
DBA;812;DBA;SR;OK;TASK000014544182;Priority 3;NA
SEC;BWI;SEC;SR;OK;TASK000014544186;Priority 4;NA
SEC;SYN;SEC;SR;OK;TASK000014544201;Priority 3;NA
SEC;SYN;SEC;SR;OK;TASK000014544239;Priority 3;NA
SEC;BWI;SEC;SR;OK;TASK000014544409;Priority 4;NA
SEC;BWI;SEC;SR;OK;TASK000014544452;Priority 4;NA
L1;BWI;L1 ;SR;OK;TASK000014544535;Priority 3;NA
L1;BWI;L1 ;SR;OK;TASK000014544546;Priority 3;NA
SEC;DXE;SEC;SR;OK;TASK000014544735;Priority 3;NA
DBA;812;DBA;SR;OK;TASK000014546553;Priority 3;NA
SEC;812;SEC;SR;OK;TASK000014546914;Priority 3;NA
SEC;812;SEC;SR;OK;TASK000014546940;Priority 3;NA
FUN;812;FUN;SR;OK;TASK000014546988;Priority 3;NA
SEC;812;SEC;SR;OK;TASK000014547070;Priority 3;NA
DBA;812;DBA;SR;OK;TASK000014547144;Priority 3;NA
FUN;812;FUN;SR;OK;TASK000014547230;Priority 3;NA
SEC;DXE;SEC;SR;OK;TASK000014547357;Priority 3;NA
SEC;812;SEC;SR;OK;TASK000014547394;Priority 3;NA
SEC;812;SEC;SR;OK;TASK000014547463;Priority 3;NA
SEC;812;SEC;SR;OK;TASK000014547705;Priority 3;NA
SEC;812;SEC;SR;OK;TASK000014547823;Priority 3;NA
SEC;SYN;SEC;SR;OK;TASK000014548049;Priority 3;NA
CNC;812;CNC;SR;OK;TASK000014548083;Priority 3;NA
SEC;ETH;SEC;SR;OK;TASK000014548248;Priority 3;NA
APS;ETH;APS;SR;OK;TASK000014548291;Priority 3;NA
SEC;LAT;SEC;SR;OK;TASK000014548324;Priority 3;NA
SCH;LAT;SCH;SR;OK;TASK000014548435;Priority 3;NA
SCH;LAT;SCH;SR;OK;TASK000014548456;Priority 3;NA
CNC;812;CNC;SR;OK;TASK000014548632;Priority 3;NA
CNC;812;CNC;SR;OK;TASK000014548688;Priority 3;NA
SEC;812;SEC;SR;OK;TASK000014548714;Priority 3;NA
SEC;DXE;SEC;SR;OK;TASK000014548746;Priority 3;NA
SEC;ETH;SEC;SR;OK;TASK000014548831;Priority 3;NA
SEC;MNT;SEC;SR;OK;TASK000014548921;Priority 3;NA
SEC;MNT;SEC;SR;OK;TASK000014548957;Priority 3;NA
SEC;BWI;SEC;SR;OK;TASK000014548984;Priority 4;NA
SEC;BWI;SEC;SR;OK;TASK000014548988;Priority 4;NA
SEC;BWI;SEC;SR;OK;TASK000014549042;Priority 4;NA
CNC;BWI;L1 ;SR;OK;TASK000014549098;Priority 3;NA
SCH;LAT;SCH;SR;OK;TASK000014549124;Priority 3;NA
APS;ETH;APS;SR;OK;TASK000014549351;Priority 3;NA
SEC;BWI;SEC;SR;OK;TASK000014549354;Priority 4;NA
SEC;BWI;SEC;SR;OK;TASK000014549494;Priority 4;NA
SEC;DCF;SEC;SR;OK;TASK000014549604;Priority 3;NA
SEC;MNT;SEC;SR;OK;TASK000014549628;Priority 3;NA
SEC;SYN;SEC;SR;OK;TASK000014549804;Priority 3;NA
SEC;BWI;SEC;SR;OK;TASK000014549811;Priority 4;NA
SEC;812;SEC;SR;OK;TASK000014549954;Priority 3;NA
SEC;ETH;SEC;SR;OK;TASK000014550060;Priority 3;NA
APS;EES;APS;SR;OK;TASK000014550064;Priority 4;NA
CNC;BWI;L1 ;SR;OK;TASK000014550289;Priority 3;NA
SEC;LAT;SEC;SR;OK;TASK000014550603;Priority 3;NA
SEC;LAT;SEC;SR;OK;TASK000014550604;Priority 3;NA
DCF;DCF;FUN;SR;OK;TASK000014550780;Priority 3;NA
CNC;812;CNC;SR;OK;TASK000014551527;Priority 3;NA
APS;ETH;APS;SR;OK;TASK000014551687;Priority 3;NA
DBA;812;DBA;SR;OK;TASK000014552251;Priority 3;NA
APS;ETH;APS;SR;OK;TASK000014552453;Priority 3;NA
SEC;812;SEC;SR;OK;TASK000014552469;Priority 3;NA
DBA;812;DBA;SR;OK;TASK000014552682;Priority 3;NA
CNC;812;CNC;SR;OK;TASK000014552775;Priority 3;NA
L1;812;MON;SR;OK;TASK000014552892;Priority 3;NA
FUN;812;FUN;SR;OK;TASK000014552940;Priority 3;NA
FUN;812;FUN;SR;OK;TASK000014553023;Priority 3;NA
CNC;812;CNC;SR;OK;TASK000014553148;Priority 3;NA
CNC;DCF;FUN;SR;OK;TASK000014553163;Priority 3;NA
CNC;812;CNC;SR;OK;TASK000014553362;Priority 3;NA
SEC;WS;SEC;SR;OK;TASK000014553376;Priority 3;NA
FUN;812;FUN;SR;OK;TASK000014553394;Priority 3;NA
SEC;SYN;SEC;SR;OK;TASK000014553841;Priority 3;NA
CNC;812;CNC;SR;OK;TASK000014553845;Priority 3;NA
CNC;DCF;FUN;SR;OK;TASK000014553943;Priority 3;NA
SEC;DXE;SEC;SR;OK;TASK000014553989;Priority 3;NA
SEC;EMS;SEC;SR;OK;TASK000014554028;Priority 3;NA
CNC;812;CNC;SR;OK;TASK000014554101;Priority 3;NA
CNC;812;CNC;SR;OK;TASK000014554137;Priority 3;NA
SEC;BWI;SEC;SR;OK;TASK000014554338;Priority 4;NA
SEC;DCF;SEC;SR;OK;TASK000014554466;Priority 3;NA
SEC;CAN;SEC;SR;OK;TASK000014554471;Priority 3;NA
SEC;WS;SEC;SR;OK;TASK000014554511;Priority 3;NA
SEC;812;SEC;SR;OK;TASK000014554528;Priority 3;NA
SEC;ETH;SEC;SR;OK;TASK000014554571;Priority 3;NA
SEC;ETH;SEC;SR;OK;TASK000014554632;Priority 3;NA
SEC;SYN;SEC;SR;OK;TASK000014554690;Priority 3;NA
APS;ETH;APS;SR;OK;TASK000014554790;Priority 3;NA
SEC;812;SEC;SR;OK;TASK000014554921;Priority 3;NA
SEC;812;SEC;SR;OK;TASK000014554946;Priority 3;NA
SEC;812;SEC;SR;OK;TASK000014554963;Priority 3;NA
L1;812;MON;SR;OK;TASK000014555068;Priority 4;NA
SEC;ETH;SEC;SR;OK;TASK000014555072;Priority 3;NA
SEC;BWI;SEC;SR;OK;TASK000014555080;Priority 4;NA
SEC;812;SEC;SR;OK;TASK000014555083;Priority 3;NA
SEC;812;SEC;SR;OK;TASK000014555104;Priority 3;NA
CNC;812;CNC;SR;OK;TASK000014555154;Priority 3;NA
FUN;812;FUN;SR;OK;TASK000014555196;Priority 4;NA
SEC;812;SEC;SR;OK;TASK000014555233;Priority 3;NA
SEC;ETH;SEC;SR;OK;TASK000014555243;Priority 3;NA
SEC;DCF;SEC;SR;OK;TASK000014555306;Priority 3;NA
FUN;812;FUN;SR;OK;TASK000014555494;Priority 4;NA
DBA;812;DBA;SR;OK;TASK000014555569;Priority 3;NA
DBA;812;DBA;SR;OK;TASK000014555718;Priority 3;NA
SEC;ETH;SEC;SR;OK;TASK000014555728;Priority 3;NA
APS;DCF;APS;SR;OK;TASK000014555758;Priority 3;NA
L1;BWI;L1 ;SR;OK;TASK000014555783;Priority 4;NA
SEC;EMS;SEC;SR;OK;TASK000014555988;Priority 3;NA
SEC;SYN;SEC;SR;OK;TASK000014555989;Priority 3;NA
L1;BWI;L1 ;SR;OK;TASK000014556207;Priority 3;NA
L1;BWI;L1 ;SR;OK;TASK000014556250;Priority 3;NA
MNT;MNT;FUN;SR;OK;TASK000014556396;Priority 3;NA
SEC;SYN;SEC;SR;OK;TASK000014556446;Priority 3;NA
SEC;SYN;SEC;SR;OK;TASK000014556687;Priority 3;NA
CNC;BWI;L1 ;SR;OK;TASK000014556976;Priority 3;NA
CNC;DCF;CNC;SR;OK;TASK000014557060;Priority 3;NA
SEC;DXE;SEC;SR;OK;TASK000014557073;Priority 3;NA
SEC;812;SEC;SR;OK;TASK000014557696;Priority 3;NA
L1;BWI;L1 ;SR;OK;TASK000014558141;Priority 3;NA
L1;BWI;L1 ;SR;OK;TASK000014558184;Priority 3;NA
SEC;812;SEC;SR;OK;TASK000014558448;Priority 3;NA
CNC;812;CNC;SR;OK;TASK000014558716;Priority 3;NA
SEC;812;SEC;SR;OK;TASK000014558769;Priority 3;NA
DBA;812;DBA;SR;OK;TASK000014558785;Priority 3;NA
APS;ETH;APS;SR;OK;TASK000014558829;Priority 3;NA
SEC;SYN;SEC;SR;OK;TASK000014558929;Priority 3;NA
SEC;DXE;SEC;SR;OK;TASK000014559006;Priority 3;NA
CNC;OXE;CNC;SR;OK;TASK000014559089;Priority 3;NA
DBA;812;DBA;SR;OK;TASK000014559115;Priority 3;NA
SEC;812;SEC;SR;OK;TASK000014559187;Priority 3;NA
SEC;EDS;SEC;SR;OK;TASK000014559193;Priority 3;NA
SEC;ETH;SEC;SR;OK;TASK000014559272;Priority 3;NA
SEC;812;SEC;SR;OK;TASK000014559343;Priority 3;NA
SEC;MNT;SEC;SR;OK;TASK000014559358;Priority 3;NA
SEC;DXE;SEC;SR;OK;TASK000014559360;Priority 3;NA
SEC;ETH;SEC;SR;OK;TASK000014559505;Priority 3;NA
SEC;812;SEC;SR;OK;TASK000014559640;Priority 3;NA
SEC;MNT;SEC;SR;OK;TASK000014559656;Priority 3;NA
CNC;812;MON;SR;OK;TASK000014559663;Priority 3;NA
SEC;DXE;SEC;SR;OK;TASK000014559707;Priority 3;NA
SEC;DXE;SEC;SR;OK;TASK000014559731;Priority 3;NA
CNC;BWI;L1 ;SR;OK;TASK000014559740;Priority 3;NA
SEC;DXE;SEC;SR;OK;TASK000014559750;Priority 3;NA
SEC;BWI;SEC;SR;OK;TASK000014559903;Priority 4;NA
CNC;BWI;L1 ;SR;OK;TASK000014560004;Priority 3;NA
SEC;812;SEC;SR;OK;TASK000014560042;Priority 3;NA
APS;ETH;APS;SR;OK;TASK000014560120;Priority 3;NA
SEC;812;SEC;SR;OK;TASK000014560161;Priority 3;NA
APS;ETH;APS;SR;OK;TASK000014560198;Priority 3;NA
SCH;812;SCH;SR;OK;TASK000014560256;Priority 3;NA
CNC;812;MON;SR;OK;TASK000014560280;Priority 3;NA
SEC;SYN;SEC;SR;OK;TASK000014560371;Priority 3;NA
SEC;SYN;SEC;SR;OK;TASK000014560420;Priority 3;NA
SEC;DXE;SEC;SR;OK;TASK000014560448;Priority 3;NA
SEC;812;SEC;SR;OK;TASK000014560733;Priority 3;NA
SEC;ETH;SEC;SR;OK;TASK000014560754;Priority 3;NA
APS;ETH;APS;SR;OK;TASK000014560809;Priority 3;NA
CNC;BWI;L1 ;SR;OK;TASK000014560870;Priority 3;NA
FUN;812;FUN;SR;OK;TASK000014560876;Priority 4;NA
CNC;ETH;CNC;SR;OK;TASK000014561171;Priority 3;NA
SEC;SYN;SEC;SR;OK;TASK000014561399;Priority 3;NA
CNC;MNT;MON;SR;OK;TASK000014561401;Priority 3;NA
SEC;SYN;SEC;SR;OK;TASK000014561436;Priority 3;NA
CNC;BWI;L1 ;SR;OK;TASK000014561451;Priority 3;NA
SEC;SYN;SEC;SR;OK;TASK000014561474;Priority 3;NA
SEC;SYN;SEC;SR;OK;TASK000014561500;Priority 3;NA
FIN;812;INS;SR;OK;TASK000014561743;Priority 3;NA
SEC;OXE;SEC;SR;OK;TASK000014561921;Priority 3;NA
SEC;BWI;SEC;SR;OK;TASK000014562183;Priority 4;NA
SEC;SYN;SEC;SR;OK;TASK000014562428;Priority 3;NA
SEC;SYN;SEC;SR;OK;TASK000014562459;Priority 3;NA
SEC;SYN;SEC;SR;OK;TASK000014562476;Priority 3;NA
SEC;SYN;SEC;SR;OK;TASK000014562507;Priority 3;NA
DBA;812;DBA;SR;OK;TASK000014563623;Priority 3;NA
DBA;812;DBA;SR;OK;TASK000014563631;Priority 3;NA
CNC;DCF;CNC;SR;OK;TASK000014563960;Priority 3;NA
SEC;812;SEC;SR;OK;TASK000014564116;Priority 3;NA
DBA;812;DBA;SR;OK;TASK000014564134;Priority 3;NA
CNC;812;CNC;SR;OK;TASK000014564221;Priority 3;NA
APS;ETH;APS;SR;OK;TASK000014564368;Priority 3;NA
SEC;SYN;SEC;SR;OK;TASK000014564442;Priority 3;NA
SEC;EMS;SEC;SR;OK;TASK000014564467;Priority 3;NA
DBA;812;DBA;SR;OK;TASK000014564487;Priority 3;NA
SEC;SYN;SEC;SR;OK;TASK000014564547;Priority 3;NA
SEC;SYN;SEC;SR;OK;TASK000014564579;Priority 3;NA
SEC;SYN;SEC;SR;OK;TASK000014564749;Priority 3;NA
L1;MNT;MON;SR;OK;TASK000014564785;Priority 4;NA
SEC;ETH;SEC;SR;OK;TASK000014564807;Priority 3;NA
SEC;ETH;SEC;SR;OK;TASK000014564854;Priority 3;NA
SEC;ETH;SEC;SR;OK;TASK000014564878;Priority 3;NA
APS;ETH;APS;SR;OK;TASK000014564920;Priority 3;NA
APS;ETH;APS;SR;OK;TASK000014564975;Priority 3;NA
SEC;DXE;SEC;SR;OK;TASK000014565121;Priority 3;NA
SEC;SYN;SEC;SR;OK;TASK000014565246;Priority 3;NA
APS;ETH;APS;SR;OK;TASK000014565586;Priority 3;NA
APS;ETH;APS;SR;OK;TASK000014565627;Priority 3;NA
APS;ETH;APS;SR;OK;TASK000014565770;Priority 3;NA
CNC;LAT;CNC;SR;OK;TASK000014565790;Priority 3;NA
SEC;DCF;SEC;SR;OK;TASK000014565974;Priority 3;NA
SEC;DCF;SEC;SR;OK;TASK000014566023;Priority 3;NA
APS;ETH;APS;SR;OK;TASK000014566076;Priority 3;NA
SEC;BWI;SEC;SR;OK;TASK000014566241;Priority 4;NA
SEC;SYN;SEC;SR;OK;TASK000014566283;Priority 3;NA
SEC;OXE;SEC;SR;OK;TASK000014566355;Priority 4;NA
SEC;SYN;SEC;SR;OK;TASK000014566550;Priority 3;NA
CNC;OXE;CNC;SR;OK;TASK000014566554;Priority 3;NA
SEC;812;SEC;SR;OK;TASK000014566581;Priority 3;NA
APS;DCF;APS;SR;OK;TASK000014566713;Priority 3;NA
SEC;OXE;SEC;SR;OK;TASK000014566750;Priority 4;NA
APS;ETH;APS;SR;OK;TASK000014567215;Priority 3;NA
SEC;OXE;SEC;SR;OK;TASK000014567317;Priority 3;NA
SEC;OXE;SEC;SR;OK;TASK000014567525;Priority 3;NA
CNC;BWI;L1 ;SR;OK;TASK000014567770;Priority 3;NA
CNC;BWI;L1 ;SR;OK;TASK000014567892;Priority 3;NA
SEC;SYN;SEC;SR;OK;TASK000014567947;Priority 3;NA
CNC;ETH;CNC;SR;OK;TASK000014567983;Priority 3;NA
FUN;EMS;FUN;SR;OK;TASK000014569047;Priority 4;NA
FUN;812;FUN;SR;OK;TASK000014569659;Priority 4;NA
SEC;BWI;SEC;SR;OK;TASK000014570149;Priority 4;NA
FUN;812;FUN;SR;OK;TASK000014570249;Priority 4;NA
FUN;812;FUN;SR;OK;TASK000014570324;Priority 4;NA
L1;812;MON;SR;OK;TASK000014570414;Priority 4;NA
FUN;812;FUN;SR;OK;TASK000014570516;Priority 4;NA
FUN;812;FUN;SR;OK;TASK000014571683;Priority 4;NA
L1;BWI;L1 ;SR;OK;TASK000014571919;Priority 4;NA
L1;BWI;L1 ;SR;OK;TASK000014572121;Priority 4;NA
APS;ETH;APS;SR;OK;TASK000014575121;Priority 4;NA
DCF;DCF;FUN;SR;OK;TASK000014575179;Priority 4;NA
APS;ETH;APS;SR;OK;TASK000014575259;Priority 4;NA
SEC;BWI;SEC;SR;OK;TASK000014575699;Priority 4;NA
FUN;MNT;FUN;SR;OK;TASK000014575833;Priority 4;NA
APS;ETH;APS;SR;OK;TASK000014576002;Priority 4;NA
FUN;EMS;FUN;SR;OK;TASK000014576134;Priority 4;NA
APS;EES;APS;SR;OK;TASK000014577292;Priority 4;NA
APS;ETH;APS;SR;OK;TASK000014577323;Priority 4;NA
FUN;812;FUN;SR;OK;TASK000014577837;Priority 4;NA
SEC;BWI;SEC;SR;OK;TASK000014577960;Priority 4;NA
TEC;ETH;FUN;SR;OK;TASK000014577967;Priority 4;NA
FUN;812;FUN;SR;OK;TASK000014578827;Priority 4;NA
FUN;WS;FUN;SR;OK;TASK000014579104;Priority 4;NA
FIN;812;FUN;SR;OK;TASK000014581803;Priority 4;NA
FIN;812;INS;SR;OK;TASK000014582205;Priority 4;NA
FIN;812;FUN;SR;OK;TASK000014582512;Priority 4;NA
TEC;ETH;FUN;SR;OK;TASK000014582887;Priority 4;NA
L1;812;MON;SR;OK;TASK000014582984;Priority 4;NA
SEC;BWI;SEC;SR;OK;TASK000014583528;Priority 4;NA
APS;EES;APS;SR;OK;TASK000014583671;Priority 4;NA
APS;EES;APS;SR;OK;TASK000014584910;Priority 4;NA
L1;BWI;L1 ;SR;OK;TASK000014585165;Priority 4;NA
APS;ETH;APS;SR;OK;TASK000014586201;Priority 4;NA
SEC;BWI;SEC;SR;OK;TASK000014586441;Priority 4;NA
APS;ETH;APS;SR;OK;TASK000014588665;Priority 4;NA
L1;BWI;L1 ;SR;OK;TASK000014589243;Priority 4;NA
SEC;BWI;SEC;SR;OK;TASK000014589439;Priority 4;NA
SEC;BWI;SEC;SR;OK;TASK000014589932;Priority 4;NA
SEC;BWI;SEC;SR;OK;TASK000014590017;Priority 4;NA
SEC;BWI;SEC;SR;OK;TASK000014590517;Priority 4;NA
SEC;BWI;SEC;SR;OK;TASK000014590665;Priority 4;NA
SEC;BWI;SEC;SR;OK;TASK000014590692;Priority 4;NA
MNT;MNT;FUN;SR;OK;TASK000014591126;Priority 4;NA
TEC;ETH;FUN;SR;OK;TASK000014591142;Priority 4;NA
SEC;BWI;SEC;SR;OK;TASK000014591346;Priority 4;NA
TEC;ETH;FUN;SR;OK;TASK000014591399;Priority 4;NA
SEC;BWI;SEC;SR;OK;TASK000014591742;Priority 4;NA
FUN;812;FUN;SR;OK;TASK000014593324;Priority 4;NA
DXE;DXE;FUN;SR;OK;TASK000014593406;Priority 4;NA
FUN;812;FUN;SR;OK;TASK000014593574;Priority 4;NA
SEC;BWI;SEC;SR;OK;TASK000014594038;Priority 4;NA
L1;BWI;L1 ;SR;OK;TASK000014594110;Priority 4;NA
FUN;812;FUN;SR;OK;TASK000014595659;Priority 4;NA
FUN;812;FUN;SR;OK;TASK000014597874;Priority 4;NA
FIN;812;FUN;SR;OK;TASK000014597916;Priority 4;NA
DBA;812;DBA;SR;OK;TASK000014597937;Priority 3;NA
APS;EES;APS;SR;OK;TASK000014597953;Priority 4;NA
APS;EES;APS;SR;OK;TASK000014597954;Priority 4;NA
SEC;WS;SEC;SR;OK;TASK000014598243;Priority 3;NA
SCH;812;SCH;SR;OK;TASK000014598388;Priority 3;NA
CNC;812;CNC;SR;OK;TASK000014598567;Priority 3;NA
SEC;812;SEC;SR;OK;TASK000014598572;Priority 3;NA
SEC;ETH;SEC;SR;OK;TASK000014598700;Priority 3;NA
SEC;SYN;SEC;SR;OK;TASK000014598734;Priority 3;NA
SEC;812;SEC;SR;OK;TASK000014598759;Priority 3;NA
SEC;SYN;SEC;SR;OK;TASK000014598793;Priority 3;NA
FUN;812;FUN;SR;OK;TASK000014598846;Priority 3;NA
L1;DCF;CNC;SR;OK;TASK000014598858;Priority 3;NA
APS;ETH;APS;SR;OK;TASK000014598912;Priority 3;NA
SEC;812;SEC;SR;OK;TASK000014598964;Priority 3;NA
FUN;812;FUN;SR;OK;TASK000014599067;Priority 3;NA
SEC;SYN;SEC;INC;Defect;TASK000014599109;Priority 3;NA
SEC;812;SEC;SR;OK;TASK000014599385;Priority 3;NA
SEC;EES;FUN;SR;OK;TASK000014599391;Priority 3;NA
SEC;EMS;SEC;SR;OK;TASK000014599635;Priority 3;NA
APS;ETH;APS;SR;OK;TASK000014599678;Priority 3;NA
SEC;SYN;SEC;SR;OK;TASK000014599925;Priority 3;NA
FUN;DXE;FUN;SR;OK;TASK000014599952;Priority 4;NA
MNT;MNT;FUN;SR;OK;TASK000014599978;Priority 4;NA
SEC;SYN;SEC;SR;OK;TASK000014600024;Priority 3;NA
SEC;ETH;SEC;SR;OK;TASK000014600127;Priority 4;NA
DBA;812;DBA;SR;OK;TASK000014600160;Priority 3;NA
CNC;812;MON;SR;OK;TASK000014600175;Priority 3;NA
APS;ETH;APS;SR;OK;TASK000014600182;Priority 3;NA
SEC;BWI;SEC;SR;OK;TASK000014600231;Priority 4;NA
SEC;DCF;SEC;SR;OK;TASK000014600322;Priority 3;NA
CNC;812;CNC;SR;OK;TASK000014600330;Priority 3;NA
L1;BWI;L1 ;SR;OK;TASK000014600442;Priority 4;NA
SEC;DCF;SEC;SR;OK;TASK000014600544;Priority 3;NA
SEC;MNT;SEC;SR;OK;TASK000014600606;Priority 3;NA
L1;DPY;CNC;SR;OK;TASK000014600640;Priority 3;NA
SEC;EMS;SEC;SR;OK;TASK000014600676;Priority 3;NA
SEC;DXE;SEC;SR;OK;TASK000014600739;Priority 3;NA
FUN;812;FUN;SR;OK;TASK000014600741;Priority 4;NA
SEC;ETH;SEC;SR;OK;TASK000014600778;Priority 3;NA
SEC;ETH;SEC;SR;OK;TASK000014600795;Priority 3;NA
FUN;ETH;FUN;SR;OK;TASK000014600806;Priority 3;NA
SEC;BWI;SEC;SR;OK;TASK000014600832;Priority 4;NA
SEC;SYN;SEC;SR;OK;TASK000014600920;Priority 3;NA
APS;EES;APS;SR;OK;TASK000014600923;Priority 4;NA
CNC;BWI;L1 ;SR;OK;TASK000014601196;Priority 3;NA
SEC;ETH;SEC;SR;OK;TASK000014601425;Priority 3;NA
SEC;BWI;SEC;SR;OK;TASK000014601539;Priority 4;NA
SEC;BWI;SEC;SR;OK;TASK000014601581;Priority 4;NA
SEC;812;SEC;SR;OK;TASK000014601666;Priority 3;NA
CNC;ETH;CNC;SR;OK;TASK000014601714;Priority 3;NA
TEC;ETH;FUN;SR;OK;TASK000014601759;Priority 4;NA
CNC;ETH;CNC;SR;OK;TASK000014601801;Priority 3;NA
APS;DCF;APS;SR;OK;TASK000014601863;Priority 4;NA
SEC;MNT;SEC;SR;OK;TASK000014601905;Priority 3;NA
SEC;ETH;SEC;SR;OK;TASK000014602195;Priority 3;NA
L1;812;MON;SR;OK;TASK000014602230;Priority 3;NA
CNC;812;CNC;SR;OK;TASK000014602408;Priority 3;NA
DBA;812;DBA;SR;OK;TASK000014602438;Priority 3;NA
DBA;812;DBA;SR;OK;TASK000014602470;Priority 3;NA
DBA;812;DBA;SR;OK;TASK000014602474;Priority 3;NA
DBA;812;DBA;SR;OK;TASK000014602570;Priority 3;NA
SEC;WS;SEC;SR;OK;TASK000014602600;Priority 3;NA
SEC;BWI;SEC;SR;OK;TASK000014602606;Priority 4;NA
CNC;812;CNC;SR;OK;TASK000014602731;Priority 3;NA
SEC;EMS;SEC;SR;OK;TASK000014602737;Priority 3;NA
APS;ETH;APS;SR;OK;TASK000014602771;Priority 3;NA
SEC;DCF;SEC;SR;OK;TASK000014602821;Priority 3;NA
SEC;812;SEC;SR;OK;TASK000014602875;Priority 3;NA
SEC;SYN;SEC;SR;Defect;TASK000014602928;Priority 3;NA
SEC;SYN;SEC;SR;Defect;TASK000014602994;Priority 3;NA
SEC;812;SEC;SR;OK;TASK000014603026;Priority 3;NA
APS;EES;APS;SR;OK;TASK000014603028;Priority 4;NA
SEC;BWI;SEC;SR;OK;TASK000014603086;Priority 4;NA
SEC;BWI;SEC;SR;OK;TASK000014603095;Priority 4;NA
CNC;DCF;CNC;SR;OK;TASK000014603118;Priority 3;NA
SEC;SYN;SEC;SR;Defect;TASK000014603255;Priority 3;NA
SEC;SYN;SEC;SR;Defect;TASK000014603267;Priority 3;NA
SEC;SYN;SEC;SR;Defect;TASK000014603314;Priority 3;NA
SEC;812;SEC;SR;OK;TASK000014603320;Priority 3;NA
SEC;SYN;SEC;SR;OK;TASK000014603356;Priority 3;NA
CNC;812;CNC;SR;OK;TASK000014603390;Priority 3;NA
APS;ETH;APS;SR;OK;TASK000014603440;Priority 3;NA
SEC;812;SEC;SR;OK;TASK000014603492;Priority 3;NA
SEC;SYN;SEC;SR;OK;TASK000014603580;Priority 3;NA
SEC;DCF;SEC;SR;Defect;TASK000014603701;Priority 3;NA
SEC;MNT;SEC;SR;OK;TASK000014603714;Priority 3;NA
CNC;BWI;CNC;SR;OK;TASK000014603724;Priority 3;NA
SEC;HUS;ETH;SR;OK;TASK000014603875;Priority 3;NA
FUN;812;FUN;SR;OK;TASK000014603904;Priority 3;NA
SEC;812;SEC;SR;OK;TASK000014604002;Priority 3;NA
APS;ETH;APS;SR;OK;TASK000014604120;Priority 3;NA
DBA;812;DBA;SR;OK;TASK000014604162;Priority 3;NA
SEC;BWI;SEC;SR;OK;TASK000014604174;Priority 4;NA
FUN;EES;FUN;SR;OK;TASK000014604231;Priority 4;NA
CNC;812;CNC;SR;OK;TASK000014604245;Priority 3;NA
SEC;BWI;SEC;SR;OK;TASK000014604436;Priority 4;NA
DBA;812;DBA;SR;OK;TASK000014604500;Priority 3;NA
SEC;BWI;SEC;SR;OK;TASK000014604625;Priority 4;NA
FUN;MNT;FUN;SR;OK;TASK000014604692;Priority 4;NA
SEC;EES;FUN;SR;OK;TASK000014604909;Priority 3;NA
SEC;DXE;SEC;SR;OK;TASK000014604949;Priority 3;NA
APS;DCF;APS;SR;OK;TASK000014604992;Priority 3;NA
SEC;ETH;SEC;SR;OK;TASK000014605122;Priority 3;NA
SEC;ETH;SEC;SR;OK;TASK000014605130;Priority 3;NA
SEC;ETH;SEC;SR;OK;TASK000014605135;Priority 3;NA
SEC;BWI;SEC;SR;OK;TASK000014605204;Priority 4;NA
L1;ETH;CNC;SR;OK;TASK000014605232;Priority 3;NA
L1;ETH;CNC;SR;OK;TASK000014605245;Priority 3;NA
SEC;BWI;SEC;SR;OK;TASK000014605254;Priority 4;NA
SEC;BWI;SEC;SR;OK;TASK000014605258;Priority 4;NA
APS;EES;APS;SR;OK;TASK000014605264;Priority 3;NA
TEC;ETH;FUN;SR;OK;TASK000014605348;Priority 4;NA
L1;ETH;CNC;SR;OK;TASK000014605487;Priority 3;NA
SEC;ETH;SEC;SR;OK;TASK000014605493;Priority 3;NA
SEC;ETH;SEC;SR;OK;TASK000014605495;Priority 3;NA
CNC;812;MON;SR;OK;TASK000014605507;Priority 3;NA
APS;ETH;APS;SR;OK;TASK000014605957;Priority 4;NA
DCF;DCF;FUN;INC;OK;TASK000014606149;Priority 3;NA
SEC;812;SEC;SR;Defect;TASK000014606242;Priority 3;NA
CNC;812;CNC;SR;Defect;TASK000014606669;Priority 3;NA
FIN;812;FUN;SR;OK;TASK000014607092;Priority 3;NA
DBA;812;DBA;SR;OK;TASK000014607150;Priority 3;NA
L1;812;MON;SR;OK;TASK000014607195;Priority 3;NA
L1;812;MON;SR;OK;TASK000014607219;Priority 3;NA
L1;812;MON;SR;OK;TASK000014607225;Priority 3;NA
APS;ETH;APS;SR;OK;TASK000014607384;Priority 3;NA
CNC;812;CNC;SR;OK;TASK000014607396;Priority 3;NA
SEC;812;SEC;SR;OK;TASK000014607431;Priority 3;NA
OPS;EMS;OPS;SR;OK;TASK000014607476;Priority 3;NA
DCF;DCF;FUN;INC;OK;TASK000014607653;Priority 3;NA
SEC;EMS;SEC;SR;OK;TASK000014607659;Priority 3;NA
SEC;812;SEC;SR;OK;TASK000014607848;Priority 3;NA
SEC;DCF;SEC;SR;OK;TASK000014607903;Priority 3;NA
DBA;812;DBA;SR;OK;TASK000014607943;Priority 3;NA
DCF;DCF;FUN;SR;OK;TASK000014607967;Priority 3;NA
SCH;812;SCH;SR;OK;TASK000014607969;Priority 3;NA
DBA;812;DBA;SR;OK;TASK000014607983;Priority 3;NA
APS;ETH;APS;SR;OK;TASK000014608010;Priority 3;NA
SEC;812;SEC;SR;OK;TASK000014608243;Priority 3;NA
SEC;DCF;SEC;SR;OK;TASK000014608250;Priority 3;NA
SEC;812;SEC;SR;OK;TASK000014608280;Priority 3;NA
SEC;812;SEC;SR;OK;TASK000014608431;Priority 3;NA
SEC;BWI;SEC;SR;OK;TASK000014608482;Priority 4;NA
SEC;812;SEC;SR;OK;TASK000014608531;Priority 3;NA
SEC;812;SEC;SR;OK;TASK000014608593;Priority 3;NA
SEC;DXE;SEC;SR;OK;TASK000014608604;Priority 3;NA
SEC;MNT;SEC;SR;OK;TASK000014608607;Priority 3;NA
SEC;CAN;SEC;SR;OK;TASK000014608613;Priority 3;NA
SEC;EMS;SEC;SR;OK;TASK000014608619;Priority 3;NA
CNC;812;CNC;SR;OK;TASK000014608726;Priority 3;NA
FUN;812;FUN;SR;OK;TASK000014608763;Priority 3;NA
SEC;DPY;SEC;SR;OK;TASK000014608788;Priority 4;NA
DBA;812;DBA;SR;OK;TASK000014608804;Priority 3;NA
SEC;MNT;SEC;SR;OK;TASK000014608924;Priority 3;NA
CNC;812;CNC;SR;OK;TASK000014608943;Priority 3;NA
CNC;812;CNC;SR;OK;TASK000014608945;Priority 3;NA
SEC;WS;SEC;SR;OK;TASK000014609003;Priority 3;NA
SEC;EES;FUN;SR;OK;TASK000014609047;Priority 3;NA
FUN;812;FUN;SR;OK;TASK000014609112;Priority 4;NA
SEC;ETH;SEC;SR;OK;TASK000014609151;Priority 3;NA
L1;BWI;L1 ;SR;OK;TASK000014609337;Priority 4;NA
MNT;MNT;FUN;SR;OK;TASK000014609366;Priority 3;NA
SEC;LAT;SEC;SR;Defect;TASK000014609409;Priority 3;NA
L1;BWI;L1 ;SR;OK;TASK000014609411;Priority 4;NA
SEC;DXE;SEC;SR;OK;TASK000014609417;Priority 3;NA
SEC;BWI;SEC;SR;OK;TASK000014609438;Priority 4;NA
SEC;LAT;SEC;SR;OK;TASK000014609456;Priority 4;NA
SEC;DCF;SEC;SR;OK;TASK000014609472;Priority 3;NA
SEC;MNT;SEC;SR;OK;TASK000014609493;Priority 3;NA
SEC;BWI;SEC;SR;OK;TASK000014609507;Priority 3;NA
SEC;EES;FUN;SR;OK;TASK000014609559;Priority 3;NA
SEC;DXE;SEC;SR;OK;TASK000014609581;Priority 3;NA
CNC;DPY;CNC;SR;OK;TASK000014609624;Priority 3;NA
SEC;DXE;SEC;SR;OK;TASK000014609653;Priority 3;NA
SEC;DXE;SEC;SR;OK;TASK000014609665;Priority 3;NA
SEC;BWI;SEC;SR;OK;TASK000014609667;Priority 4;NA
CNC;BWI;L1 ;SR;OK;TASK000014609733;Priority 3;NA
SEC;EES;SEC;SR;OK;TASK000014609754;Priority 3;NA
SEC;DXE;SEC;SR;OK;TASK000014609829;Priority 3;NA
SEC;DXE;SEC;SR;OK;TASK000014609836;Priority 3;NA
SEC;DXE;SEC;SR;OK;TASK000014609841;Priority 3;NA
SEC;DXE;SEC;SR;OK;TASK000014609853;Priority 3;NA
SEC;DXE;SEC;SR;OK;TASK000014609855;Priority 3;NA
SEC;DXE;SEC;SR;OK;TASK000014609857;Priority 3;NA
SEC;DXE;SEC;SR;OK;TASK000014609880;Priority 3;NA
CNC;ETH;CNC;SR;OK;TASK000014609948;Priority 3;NA
SEC;812;SEC;SR;OK;TASK000014609956;Priority 3;NA
SEC;812;SEC;SR;OK;TASK000014610635;Priority 3;NA
L1;812;MON;SR;OK;TASK000014610638;Priority 3;NA
SEC;812;SEC;SR;OK;TASK000014610794;Priority 3;NA
L1;812;MON;SR;OK;TASK000014610798;Priority 3;NA
SEC;812;SEC;SR;OK;TASK000014610817;Priority 3;NA
SEC;MED;GME;SR;OK;TASK000014610827;Priority 3;NA
FUN;812;FUN;SR;OK;TASK000014611265;Priority 4;NA
DBA;812;DBA;SR;OK;TASK000014611290;Priority 3;NA
DBA;812;DBA;SR;OK;TASK000014611304;Priority 3;NA
APS;ETH;APS;SR;OK;TASK000014611318;Priority 3;NA
SEC;812;SEC;SR;OK;TASK000014611330;Priority 3;NA
SEC;DXE;SEC;SR;OK;TASK000014611345;Priority 3;NA
SEC;DXE;SEC;SR;OK;TASK000014611353;Priority 3;NA
SEC;812;SEC;SR;OK;TASK000014611366;Priority 3;NA
DBA;812;DBA;SR;OK;TASK000014611375;Priority 3;NA
SEC;812;SEC;SR;OK;TASK000014611414;Priority 3;NA
DXE;DXE;FUN;SR;OK;TASK000014611450;Priority 3;NA
DBA;812;DBA;SR;OK;TASK000014611495;Priority 3;NA
DBA;812;DBA;SR;OK;TASK000014611520;Priority 3;NA
SEC;SYN;SEC;SR;OK;TASK000014611629;Priority 3;NA
FUN;812;FUN;SR;OK;TASK000014611748;Priority 4;NA
DBA;812;DBA;SR;OK;TASK000014612017;Priority 3;NA
L1;812;MON;SR;OK;TASK000014612137;Priority 3;NA
APS;ETH;APS;SR;OK;TASK000014612209;Priority 3;NA
FUN;812;FUN;SR;OK;TASK000014612261;Priority 3;NA
DBA;812;DBA;SR;OK;TASK000014612309;Priority 3;NA
SEC;SYN;SEC;SR;OK;TASK000014612326;Priority 3;NA
SEC;812;SEC;SR;OK;TASK000014612332;Priority 3;NA
SEC;812;SEC;SR;OK;TASK000014612345;Priority 3;NA
L1;BWI;L1 ;SR;OK;TASK000014612426;Priority 4;NA
SEC;BWI;SEC;SR;OK;TASK000014612545;Priority 4;NA
SEC;SYN;SEC;SR;Defect;TASK000014612555;Priority 3;NA
SEC;812;SEC;SR;OK;TASK000014612563;Priority 3;NA
L1;812;MON;SR;OK;TASK000014612649;Priority 4;NA
SEC;SYN;SEC;SR;OK;TASK000014612825;Priority 3;NA
CNC;DPY;CNC;SR;OK;TASK000014612880;Priority 3;NA
SEC;812;SEC;SR;OK;TASK000014612938;Priority 3;NA
SEC;812;SEC;SR;OK;TASK000014612992;Priority 3;NA
SEC;BWI;SEC;SR;OK;TASK000014613110;Priority 4;NA
SEC;SYN;SEC;SR;OK;TASK000014613123;Priority 3;NA
SEC;YUS;DPY;SR;OK;TASK000014613145;Priority 3;NA
SEC;812;SEC;SR;OK;TASK000014613309;Priority 3;NA
DXE;DXE;FUN;SR;OK;TASK000014613375;Priority 4;NA
SEC;BWI;SEC;SR;OK;TASK000014613385;Priority 3;NA
SEC;MNT;SEC;SR;OK;TASK000014613512;Priority 3;NA
CNC;BWI;L1 ;SR;OK;TASK000014613800;Priority 3;NA
SCH;BWI;SCH;SR;OK;TASK000014613865;Priority 3;NA
SEC;DXE;SEC;SR;OK;TASK000014613912;Priority 3;NA
MNT;MNT;FUN;SR;OK;TASK000014613996;Priority 4;NA
DBA;812;DBA;SR;OK;TASK000014614081;Priority 3;NA
SEC;BWI;SEC;SR;OK;TASK000014614180;Priority 4;NA
CNC;BWI;CNC;SR;Defect;TASK000014614220;Priority 3;NA
SEC;ETH;SEC;SR;OK;TASK000014614231;Priority 3;NA
CNC;MNT;MON;SR;OK;TASK000014614234;Priority 3;NA
SEC;MNT;SEC;SR;OK;TASK000014614323;Priority 3;NA
SEC;ETH;SEC;SR;OK;TASK000014614352;Priority 3;NA
FUN;812;FUN;SR;OK;TASK000014614493;Priority 3;NA
SEC;ETH;SEC;SR;OK;TASK000014614655;Priority 3;NA
APS;ETH;APS;SR;OK;TASK000014614684;Priority 3;NA
SEC;SYN;SEC;SR;OK;TASK000014614829;Priority 3;NA
APS;ETH;APS;SR;OK;TASK000014614886;Priority 3;NA
CNC;812;CNC;SR;OK;TASK000014614941;Priority 3;NA
CNC;BWI;L1 ;SR;OK;TASK000014615021;Priority 3;NA
CNC;BWI;L1 ;SR;OK;TASK000014615250;Priority 3;NA
SEC;YUS;DPY;SR;OK;TASK000014615289;Priority 3;NA
MNT;MNT;FUN;SR;OK;TASK000014615615;Priority 4;NA
DBA;812;DBA;SR;OK;TASK000014616206;Priority 3;NA
SEC;812;SEC;SR;OK;TASK000014616217;Priority 3;NA
SEC;812;SEC;SR;OK;TASK000014616253;Priority 3;NA
L1;812;MON;SR;OK;TASK000014616265;Priority 3;NA
SEC;EMS;SEC;SR;OK;TASK000014616271;Priority 3;NA
L1;812;MON;SR;OK;TASK000014616289;Priority 3;NA
APS;ETH;APS;SR;OK;TASK000014616319;Priority 3;NA
FUN;COR;FUN;SR;OK;TASK000014616767;Priority 3;NA
SEC;812;SEC;SR;OK;TASK000014616813;Priority 3;NA
SEC;EMS;SEC;SR;OK;TASK000014616815;Priority 3;NA
SEC;EMS;SEC;SR;OK;TASK000014616816;Priority 3;NA
FUN;812;FUN;SR;OK;TASK000014616919;Priority 3;NA
CNC;812;CNC;SR;OK;TASK000014617041;Priority 3;NA
DBA;812;DBA;SR;OK;TASK000014617072;Priority 3;NA
DBA;812;DBA;SR;OK;TASK000014617073;Priority 3;NA
SEC;SYN;SEC;SR;OK;TASK000014617194;Priority 3;NA
SEC;812;SEC;SR;OK;TASK000014617215;Priority 3;NA
SEC;SYN;SEC;SR;OK;TASK000014617239;Priority 3;NA
SEC;DCF;SEC;SR;Defect;TASK000014617271;Priority 3;NA
SEC;DCF;SEC;SR;Defect;TASK000014617295;Priority 3;NA
SEC;SYN;SEC;SR;OK;TASK000014617319;Priority 3;NA
SEC;DCF;SEC;SR;OK;TASK000014617330;Priority 3;NA
SEC;SYN;SEC;SR;OK;TASK000014617389;Priority 3;NA
APS;ETH;APS;SR;OK;TASK000014617463;Priority 3;NA
SEC;812;SEC;SR;OK;TASK000014617551;Priority 3;NA
APS;ETH;APS;SR;OK;TASK000014617565;Priority 3;NA
APS;ETH;APS;SR;OK;TASK000014617588;Priority 3;NA
APS;ETH;APS;SR;OK;TASK000014617589;Priority 3;NA
SEC;DCF;SEC;SR;OK;TASK000014617810;Priority 3;NA
SEC;ETH;SEC;SR;OK;TASK000014617812;Priority 3;NA
SEC;ETH;SEC;SR;OK;TASK000014617857;Priority 3;NA
SEC;DCF;SEC;SR;OK;TASK000014617858;Priority 3;NA
SEC;SYN;SEC;SR;OK;TASK000014617866;Priority 3;NA
SEC;812;SEC;SR;OK;TASK000014617898;Priority 3;NA
SEC;WS;SEC;SR;OK;TASK000014618007;Priority 3;NA
SEC;812;SEC;SR;OK;TASK000014618131;Priority 3;NA
FUN;812;FUN;SR;OK;TASK000014618370;Priority 3;NA
APS;ETH;APS;SR;OK;TASK000014618473;Priority 3;NA
SEC;812;SEC;SR;OK;TASK000014618505;Priority 3;NA
SEC;BWI;SEC;SR;OK;TASK000014618528;Priority 4;NA
APS;ETH;APS;SR;OK;TASK000014618570;Priority 3;NA
APS;ETH;APS;SR;OK;TASK000014618636;Priority 3;NA
SEC;SYN;SEC;SR;OK;TASK000014618659;Priority 3;NA
DCF;DCF;FUN;SR;Defect;TASK000014618751;Priority 4;NA
SEC;812;SEC;SR;OK;TASK000014618779;Priority 3;NA
SEC;812;SEC;SR;OK;TASK000014618800;Priority 3;NA
L1;ETH;CNC;SR;OK;TASK000014618869;Priority 3;NA
FIN;812;FUN;SR;OK;TASK000014618894;Priority 3;NA
SEC;BWI;SEC;SR;OK;TASK000014619055;Priority 4;NA
SEC;812;SEC;SR;OK;TASK000014619086;Priority 3;NA
DBA;812;DBA;SR;OK;TASK000014619156;Priority 3;NA
FUN;812;FUN;SR;OK;TASK000014619213;Priority 3;NA
SEC;MNT;SEC;SR;OK;TASK000014619394;Priority 3;NA
APS;ETH;APS;SR;OK;TASK000014619891;Priority 3;NA
APS;ETH;APS;SR;OK;TASK000014619957;Priority 3;NA
SEC;MNT;SEC;SR;OK;TASK000014620215;Priority 3;NA
SEC;DCF;SEC;SR;OK;TASK000014620282;Priority 3;NA
SEC;BWI;SEC;SR;OK;TASK000014620323;Priority 4;NA
SEC;SYN;SEC;SR;Defect;TASK000014620528;Priority 3;NA
APS;ETH;APS;SR;OK;TASK000014620531;Priority 4;NA
SEC;WS;SEC;SR;OK;TASK000014620540;Priority 3;NA
SEC;DCF;SEC;SR;Defect;TASK000014620965;Priority 3;NA
SEC;EES;SEC;SR;OK;TASK000014621279;Priority 3;NA
SEC;EES;SEC;SR;OK;TASK000014621281;Priority 3;NA
SEC;812;SEC;SR;OK;TASK000014621897;Priority 3;NA
SEC;812;SEC;SR;Defect;TASK000014622030;Priority 3;NA
SEC;812;SEC;SR;OK;TASK000014622039;Priority 3;NA
DBA;812;DBA;SR;OK;TASK000014622054;Priority 3;NA
DBA;812;DBA;SR;OK;TASK000014622067;Priority 3;NA
L1;812;MON;SR;OK;TASK000014622400;Priority 3;NA
FUN;DXE;FUN;SR;OK;TASK000014622429;Priority 3;NA
SEC;DXE;SEC;SR;OK;TASK000014622431;Priority 3;NA
SEC;SYN;SEC;SR;OK;TASK000014622544;Priority 3;NA
SEC;SYN;SEC;SR;OK;TASK000014622591;Priority 3;NA
SEC;SYN;SEC;SR;OK;TASK000014622606;Priority 3;NA
DBA;812;DBA;SR;OK;TASK000014622656;Priority 3;NA
CNC;812;CNC;SR;OK;TASK000014622799;Priority 3;NA
SEC;812;SEC;SR;OK;TASK000014622831;Priority 3;NA
L1;812;MON;SR;OK;TASK000014622918;Priority 3;NA
L1;812;MON;SR;OK;TASK000014622956;Priority 3;NA
APS;ETH;APS;SR;OK;TASK000014622957;Priority 3;NA
SEC;812;SEC;SR;OK;TASK000014622961;Priority 3;NA
SEC;812;SEC;SR;OK;TASK000014623031;Priority 3;NA
APS;ETH;APS;SR;OK;TASK000014623272;Priority 3;NA
SEC;DCF;SEC;SR;OK;TASK000014623371;Priority 3;NA
FUN;812;FUN;SR;OK;TASK000014623388;Priority 3;NA
APS;ETH;APS;SR;OK;TASK000014623428;Priority 3;NA
SEC;812;SEC;SR;OK;TASK000014623438;Priority 3;NA
APS;ETH;APS;SR;OK;TASK000014623557;Priority 3;NA
APS;ETH;APS;SR;OK;TASK000014623583;Priority 3;NA
L1;812;MON;SR;OK;TASK000014623653;Priority 4;NA
SEC;MNT;SEC;SR;OK;TASK000014623712;Priority 3;NA
SEC;812;SEC;SR;OK;TASK000014623744;Priority 3;NA
SEC;MNT;SEC;SR;OK;TASK000014623754;Priority 3;NA
SEC;812;SEC;SR;OK;TASK000014623757;Priority 3;NA
FUN;812;FUN;SR;OK;TASK000014623922;Priority 4;NA
FUN;812;FUN;SR;OK;TASK000014623986;Priority 3;NA
CNC;812;CNC;SR;OK;TASK000014624025;Priority 3;NA
CNC;812;CNC;SR;OK;TASK000014624026;Priority 3;NA
SEC;812;SEC;SR;OK;TASK000014624035;Priority 3;NA
SEC;812;CNC;SR;OK;TASK000014624235;Priority 3;NA
SEC;SYN;SEC;SR;OK;TASK000014624239;Priority 3;NA
SEC;DCF;SEC;SR;Defect;TASK000014624342;Priority 3;NA
SEC;812;SEC;SR;OK;TASK000014624449;Priority 3;NA
SEC;SYN;SEC;SR;OK;TASK000014624490;Priority 3;NA
SEC;EES;SEC;SR;OK;TASK000014624621;Priority 3;NA
CNC;812;CNC;SR;OK;TASK000014624634;Priority 3;NA
SEC;DCF;SEC;SR;OK;TASK000014624716;Priority 3;NA
FUN;MNT;FUN;SR;OK;TASK000014624720;Priority 4;NA
SEC;DCF;SEC;SR;OK;TASK000014624722;Priority 3;NA
FUN;812;FUN;SR;OK;TASK000014624758;Priority 3;NA
APS;DCF;APS;SR;OK;TASK000014624768;Priority 3;NA
FUN;812;FUN;SR;OK;TASK000014624771;Priority 3;NA
APS;ETH;APS;SR;OK;TASK000014624814;Priority 3;NA
SEC;812;SEC;SR;OK;TASK000014624856;Priority 3;NA
SEC;812;SEC;SR;OK;TASK000014624911;Priority 3;NA
SEC;SYN;SEC;SR;Defect;TASK000014624916;Priority 3;NA
SEC;812;SEC;SR;OK;TASK000014625002;Priority 3;NA
APS;EES;APS;SR;OK;TASK000014625190;Priority 3;NA
SEC;MNT;SEC;SR;OK;TASK000014625192;Priority 3;NA
SEC;EES;EES;SR;OK;TASK000014625288;Priority 3;NA
SEC;EES;EES;SR;OK;TASK000014625310;Priority 3;NA
FUN;812;FUN;SR;OK;TASK000014625436;Priority 3;NA
SCH;LAT;SCH;SR;OK;TASK000014625437;Priority 3;NA
APS;ETH;APS;SR;OK;TASK000014625531;Priority 3;NA
CNC;BWI;CNC;SR;OK;TASK000014625586;Priority 3;NA
SEC;MNT;SEC;SR;OK;TASK000014625679;Priority 3;NA
SEC;BWI;SEC;SR;OK;TASK000014625914;Priority 4;NA
FUN;MNT;FUN;SR;OK;TASK000014625937;Priority 4;NA
MNT;MNT;FUN;SR;OK;TASK000014625973;Priority 4;NA
APS;ETH;APS;SR;OK;TASK000014626183;Priority 3;NA
SEC;ETH;SEC;SR;OK;TASK000014626340;Priority 3;NA
SEC;ETH;SEC;SR;OK;TASK000014626377;Priority 3;NA
None;OXE;CNC;SR;OK;TASK000014626505;Priority 3;NA
DBA;812;DBA;SR;OK;TASK000014626547;Priority 3;NA
MNT;MNT;FUN;SR;OK;TASK000014626621;Priority 4;NA
MNT;MNT;FUN;SR;OK;TASK000014626627;Priority 3;NA
CNC;812;CNC;SR;OK;TASK000014626667;Priority 3;NA
CNC;DPY;CNC;SR;OK;TASK000014626745;Priority 3;NA
SEC;BWI;SEC;SR;OK;TASK000014626765;Priority 4;NA
SEC;SYN;SEC;SR;OK;TASK000014626914;Priority 3;NA
DBA;812;DBA;SR;OK;TASK000014627407;Priority 3;NA
SEC;812;SEC;SR;OK;TASK000014628210;Priority 3;NA
SEC;EMS;SEC;SR;OK;TASK000014628331;Priority 3;NA
DBA;812;DBA;SR;OK;TASK000014628385;Priority 3;NA
SEC;EMS;SEC;SR;OK;TASK000014628416;Priority 3;NA
APS;ETH;APS;SR;OK;TASK000014628462;Priority 4;NA
APS;ETH;APS;SR;OK;TASK000014628465;Priority 3;NA
DBA;812;DBA;SR;OK;TASK000014628699;Priority 3;NA
SEC;SYN;SEC;SR;OK;TASK000014628703;Priority 3;NA
SEC;812;SEC;SR;OK;TASK000014628798;Priority 3;NA
SEC;812;SEC;SR;OK;TASK000014628809;Priority 3;NA
SEC;DCF;SEC;SR;OK;TASK000014628829;Priority 3;NA
FUN;812;FUN;SR;OK;TASK000014629133;Priority 4;NA
FUN;812;FUN;SR;OK;TASK000014629178;Priority 4;NA
SEC;DCF;SEC;SR;OK;TASK000014629225;Priority 3;NA
DBA;812;DBA;SR;OK;TASK000014629228;Priority 3;NA
SEC;DCF;SEC;SR;OK;TASK000014629390;Priority 3;NA
APS;ETH;APS;SR;OK;TASK000014629527;Priority 3;NA
FUN;812;FUN;SR;OK;TASK000014629605;Priority 3;NA
SEC;DCF;SEC;SR;OK;TASK000014629661;Priority 3;NA
SEC;DXE;SEC;SR;OK;TASK000014629873;Priority 3;NA
SEC;YUS;DPY;SR;OK;TASK000014629910;Priority 3;NA
FIN;812;FUN;SR;OK;TASK000014630035;Priority 4;NA
APS;ETH;APS;SR;OK;TASK000014630143;Priority 3;NA
SEC;812;SEC;SR;OK;TASK000014630376;Priority 3;NA
SEC;SYN;SEC;SR;OK;TASK000014630383;Priority 3;NA
SEC;812;SEC;SR;OK;TASK000014630424;Priority 3;NA
SEC;ETH;SEC;SR;OK;TASK000014630595;Priority 3;NA
APS;ETH;APS;SR;OK;TASK000014630614;Priority 3;NA
CNC;812;CNC;SR;OK;TASK000014630616;Priority 3;NA
APS;ETH;APS;SR;OK;TASK000014630659;Priority 3;NA
SEC;MNT;SEC;SR;OK;TASK000014630804;Priority 3;NA
SEC;MNT;SEC;SR;OK;TASK000014630816;Priority 3;NA
SEC;812;SEC;SR;Defect;TASK000014630961;Priority 3;NA
SEC;812;SEC;SR;OK;TASK000014630987;Priority 3;NA
SEC;812;SEC;SR;OK;TASK000014631003;Priority 3;NA
DBA;812;DBA;SR;OK;TASK000014631137;Priority 3;NA
FUN;ETH;FUN;SR;OK;TASK000014631197;Priority 3;NA
APS;ETH;APS;SR;OK;TASK000014631223;Priority 4;NA
SEC;ETH;SEC;SR;OK;TASK000014631233;Priority 3;NA
SEC;BWI;SEC;SR;OK;TASK000014631235;Priority 4;NA
SEC;ETH;SEC;SR;OK;TASK000014631302;Priority 3;NA
SEC;DCF;SEC;SR;Defect;TASK000014631516;Priority 3;NA
SEC;ETH;ETH;SR;OK;TASK000014631747;Priority 3;NA
L1;ETH;CNC;SR;OK;TASK000014631754;Priority 3;NA
SEC;ETH;SEC;SR;OK;TASK000014631801;Priority 3;NA
FUN;ETH;FUN;SR;OK;TASK000014631808;Priority 3;NA
APS;EES;APS;SR;OK;TASK000014631826;Priority 3;NA
APS;DCF;APS;SR;OK;TASK000014631986;Priority 3;NA
APS;EES;APS;SR;OK;TASK000014632137;Priority 4;NA
SEC;ETH;SEC;SR;OK;TASK000014632613;Priority 3;NA
SEC;812;SEC;SR;OK;TASK000014632702;Priority 3;NA
OPS;EMS;OPS;SR;OK;TASK000014634232;Priority 3;NA
DCF;DCF;FUN;INC;OK;TASK000014634303;Priority 3;NA
DBA;812;DBA;SR;OK;TASK000014634489;Priority 3;NA
SEC;812;SEC;SR;OK;TASK000014634527;Priority 3;NA
SEC;812;SEC;SR;OK;TASK000014634530;Priority 3;NA
FUN;812;FUN;SR;OK;TASK000014634538;Priority 3;NA
APS;ETH;APS;SR;OK;TASK000014634824;Priority 3;NA
CNC;812;CNC;SR;OK;TASK000014634825;Priority 3;NA
SEC;812;SEC;SR;OK;TASK000014634858;Priority 3;NA
APS;EES;APS;SR;OK;TASK000014634875;Priority 3;NA
DBA;812;DBA;SR;OK;TASK000014635040;Priority 3;NA
SEC;SYN;SEC;SR;OK;TASK000014635052;Priority 3;NA
SEC;SYN;SEC;SR;OK;TASK000014635128;Priority 3;NA
SEC;812;SEC;SR;OK;TASK000014635145;Priority 3;NA
SEC;SYN;SEC;SR;OK;TASK000014635155;Priority 3;NA
SCH;812;SCH;SR;OK;TASK000014635173;Priority 3;NA
CNC;BWI;L1 ;SR;OK;TASK000014635266;Priority 3;NA
SEC;SYN;SEC;SR;OK;TASK000014635299;Priority 3;NA
CNC;BWI;L1 ;SR;OK;TASK000014635317;Priority 3;NA
FUN;812;FUN;SR;OK;TASK000014635344;Priority 3;NA
DBA;812;DBA;SR;OK;TASK000014635415;Priority 3;NA
SEC;SYN;SEC;SR;OK;TASK000014635461;Priority 3;NA
L1;BWI;L1 ;SR;OK;TASK000014635463;Priority 3;NA
FUN;812;FUN;SR;OK;TASK000014635542;Priority 3;NA
L1;BWI;L1 ;SR;OK;TASK000014635592;Priority 3;NA
SEC;BWI;SEC;SR;OK;TASK000014635623;Priority 4;NA
L1;BWI;L1 ;SR;OK;TASK000014635651;Priority 3;NA
L1;BWI;L1 ;SR;OK;TASK000014635675;Priority 3;NA
SEC;BWI;SEC;SR;OK;TASK000014635737;Priority 4;NA
L1;BWI;L1 ;SR;OK;TASK000014635754;Priority 3;NA
L1;BWI;L1 ;SR;OK;TASK000014635826;Priority 3;NA
SEC;SYN;SEC;SR;OK;TASK000014636029;Priority 3;NA
APS;DCF;APS;SR;OK;TASK000014636113;Priority 3;NA
SEC;SYN;SEC;SR;OK;TASK000014636183;Priority 3;NA
SEC;MNT;SEC;SR;OK;TASK000014636248;Priority 3;NA
SEC;ETH;SEC;SR;OK;TASK000014636371;Priority 3;NA
SEC;812;SEC;SR;OK;TASK000014636383;Priority 3;NA
SEC;DCF;SEC;SR;OK;TASK000014636402;Priority 3;NA
FUN;ETH;FUN;SR;OK;TASK000014636416;Priority 3;NA
SEC;SYN;SEC;SR;OK;TASK000014636514;Priority 3;NA
SEC;EES;EES;SR;OK;TASK000014636538;Priority 3;NA
DBA;812;DBA;SR;OK;TASK000014636550;Priority 3;NA
SEC;DCF;SEC;SR;OK;TASK000014636568;Priority 3;NA
CNC;812;CNC;SR;OK;TASK000014636625;Priority 3;NA
SEC;SYN;SEC;SR;OK;TASK000014636653;Priority 3;NA
L1;BWI;L1 ;SR;OK;TASK000014636704;Priority 3;NA
SEC;BWI;SEC;SR;OK;TASK000014636746;Priority 4;NA
L1;BWI;L1 ;SR;OK;TASK000014636812;Priority 3;NA
L1;BWI;L1 ;SR;OK;TASK000014636828;Priority 3;NA
APS;ETH;APS;SR;OK;TASK000014636847;Priority 3;NA
APS;ETH;APS;SR;OK;TASK000014636883;Priority 3;NA
SEC;812;SEC;SR;OK;TASK000014636889;Priority 3;NA
L1;BWI;L1 ;SR;OK;TASK000014636896;Priority 3;NA
SEC;DCF;SEC;SR;Defect;TASK000014636897;Priority 3;NA
SEC;BWI;CNC;SR;OK;TASK000014636941;Priority 4;NA
DBA;812;DBA;SR;OK;TASK000014636950;Priority 3;NA
SEC;812;SEC;SR;OK;TASK000014637003;Priority 3;NA
DBA;812;DBA;SR;OK;TASK000014637043;Priority 3;NA
DBA;812;DBA;SR;OK;TASK000014637077;Priority 3;NA
DBA;812;DBA;SR;OK;TASK000014637100;Priority 3;NA
SEC;BWI;SEC;SR;OK;TASK000014637177;Priority 4;NA
L1;BWI;L1 ;SR;OK;TASK000014637291;Priority 3;NA
L1;BWI;L1 ;SR;OK;TASK000014637308;Priority 3;NA
L1;BWI;L1 ;SR;OK;TASK000014637367;Priority 3;NA
CNC;EES;CNC;SR;OK;TASK000014637404;Priority 3;NA
L1;BWI;L1 ;SR;OK;TASK000014637506;Priority 3;NA
L1;BWI;L1 ;SR;OK;TASK000014637606;Priority 3;NA
L1;BWI;L1 ;SR;OK;TASK000014637643;Priority 3;NA
SEC;BWI;SEC;SR;OK;TASK000014637655;Priority 4;NA
APS;ETH;APS;SR;OK;TASK000014637698;Priority 3;NA
CNC;BWI;CNC;SR;Defect;TASK000014637699;Priority 3;NA
SEC;DCF;SEC;SR;OK;TASK000014637709;Priority 3;NA
SEC;DXE;SEC;SR;OK;TASK000014637742;Priority 3;NA
APS;EES;APS;SR;OK;TASK000014637758;Priority 3;NA
APS;EES;APS;SR;OK;TASK000014637771;Priority 3;NA
SEC;MNT;SEC;SR;OK;TASK000014637903;Priority 3;NA
FUN;EES;FUN;SR;OK;TASK000014638002;Priority 4;NA
SEC;DCF;SEC;SR;OK;TASK000014638090;Priority 3;NA
SEC;EES;EES;SR;OK;TASK000014638207;Priority 3;NA
APS;ETH;APS;SR;OK;TASK000014638220;Priority 4;NA
SEC;ETH;SEC;SR;OK;TASK000014638558;Priority 3;NA
SEC;ETH;SEC;SR;OK;TASK000014638560;Priority 3;NA
SEC;BWI;SEC;SR;OK;TASK000014638601;Priority 4;NA
CNC;ETH;CNC;SR;OK;TASK000014638749;Priority 3;NA
SEC;SYN;SEC;SR;OK;TASK000014638934;Priority 3;NA
SEC;SYN;SEC;SR;OK;TASK000014638949;Priority 3;NA
SEC;MNT;SEC;SR;OK;TASK000014639026;Priority 3;NA
SEC;EMS;SEC;SR;OK;TASK000014639165;Priority 3;NA
SEC;812;SEC;SR;OK;TASK000014639434;Priority 3;NA
SEC;SYN;SEC;SR;OK;TASK000014639654;Priority 3;NA
SEC;812;SEC;SR;OK;TASK000014639804;Priority 3;NA
SEC;SYN;SEC;SR;OK;TASK000014639831;Priority 3;NA
SEC;812;SEC;SR;OK;TASK000014639889;Priority 3;NA
DBA;812;DBA;SR;OK;TASK000014639930;Priority 3;NA
DBA;812;DBA;SR;OK;TASK000014639947;Priority 3;NA
CNC;812;CNC;SR;OK;TASK000014639960;Priority 3;NA
CNC;812;CNC;SR;OK;TASK000014639961;Priority 3;NA
CNC;812;CNC;SR;OK;TASK000014640058;Priority 3;NA
SEC;DXE;SEC;SR;OK;TASK000014640139;Priority 3;NA
SEC;DXE;SEC;SR;OK;TASK000014640141;Priority 3;NA
DBA;812;DBA;SR;OK;TASK000014640239;Priority 3;NA
SEC;812;SEC;SR;OK;TASK000014640346;Priority 3;NA
SEC;812;SEC;SR;OK;TASK000014640419;Priority 3;NA
SEC;812;SEC;SR;OK;TASK000014640426;Priority 3;NA
CNC;812;CNC;SR;OK;TASK000014640464;Priority 3;NA
CNC;812;MON;SR;OK;TASK000014640496;Priority 3;NA
SEC;812;SEC;SR;OK;TASK000014640540;Priority 3;NA
CNC;812;MON;SR;OK;TASK000014640546;Priority 3;NA
APS;DCF;APS;SR;OK;TASK000014640567;Priority 3;NA
SEC;EMS;SEC;SR;OK;TASK000014640586;Priority 3;NA
SEC;EMS;SEC;SR;OK;TASK000014640747;Priority 3;NA
CNC;DCF;CNC;SR;OK;TASK000014640776;Priority 3;NA
DBA;812;DBA;SR;OK;TASK000014640997;Priority 3;NA
APS;EES;APS;SR;OK;TASK000014641025;Priority 3;NA
SEC;812;SEC;SR;OK;TASK000014641036;Priority 3;NA
APS;ETH;APS;SR;OK;TASK000014641109;Priority 3;NA
FUN;812;FUN;SR;OK;TASK000014641174;Priority 4;NA
DCF;DCF;FUN;SR;OK;TASK000014641183;Priority 3;NA
DBA;812;DBA;SR;OK;TASK000014641192;Priority 3;NA
SEC;BWI;SEC;SR;OK;TASK000014641488;Priority 4;NA
FUN;EMS;FUN;SR;OK;TASK000014641501;Priority 3;NA
L1;DPY;CNC;SR;OK;TASK000014641555;Priority 4;NA
SEC;DCF;SEC;SR;OK;TASK000014641573;Priority 3;NA
FUN;EMS;FUN;SR;OK;TASK000014641677;Priority 3;NA
SEC;BWI;SEC;SR;OK;TASK000014641755;Priority 4;NA
SEC;812;SEC;SR;OK;TASK000014642335;Priority 3;NA
SEC;EES;FUN;SR;OK;TASK000014642337;Priority 3;NA
SEC;MNT;SEC;SR;OK;TASK000014642594;Priority 3;NA
SEC;812;SEC;SR;OK;TASK000014642649;Priority 3;NA
DXE;DXE;FUN;SR;OK;TASK000014642671;Priority 4;NA
SEC;SYN;SEC;SR;OK;TASK000014642706;Priority 3;NA
SEC;812;SEC;SR;OK;TASK000014642708;Priority 3;NA
SEC;812;SEC;SR;OK;TASK000014642746;Priority 3;NA
FUN;812;FUN;SR;OK;TASK000014642763;Priority 3;NA
SEC;812;SEC;SR;OK;TASK000014642776;Priority 3;NA
SEC;MNT;SEC;SR;OK;TASK000014642778;Priority 3;NA
SEC;MNT;SEC;SR;OK;TASK000014642799;Priority 3;NA
L1;812;MON;SR;OK;TASK000014642856;Priority 3;NA
SEC;SYN;SEC;SR;OK;TASK000014642885;Priority 3;NA
SEC;812;SEC;SR;OK;TASK000014642891;Priority 3;NA
SEC;ETH;SEC;SR;OK;TASK000014643176;Priority 3;NA
SEC;SYN;SEC;SR;OK;TASK000014643180;Priority 3;NA
SEC;BWI;SEC;SR;OK;TASK000014643213;Priority 4;NA
SEC;ETH;SEC;SR;OK;TASK000014643215;Priority 3;NA
SEC;SYN;SEC;SR;Defect;TASK000014643217;Priority 3;NA
SEC;SYN;SEC;SR;Defect;TASK000014643226;Priority 3;NA
SEC;ETH;SEC;SR;OK;TASK000014643276;Priority 3;NA
SEC;BWI;SEC;SR;OK;TASK000014643308;Priority 4;NA
FUN;ETH;FUN;SR;OK;TASK000014643341;Priority 4;NA
APS;ETH;APS;SR;OK;TASK000014643348;Priority 3;NA
DCF;DCF;FUN;SR;OK;TASK000014643471;Priority 3;NA
SEC;MNT;SEC;SR;OK;TASK000014643524;Priority 3;NA
SEC;MNT;SEC;SR;OK;TASK000014643554;Priority 3;NA
L1;BWI;CNC;SR;OK;TASK000014643747;Priority 3;NA
SEC;SYN;SEC;SR;OK;TASK000014643796;Priority 3;NA
CNC;812;CNC;SR;OK;TASK000014643911;Priority 3;NA
DBA;812;DBA;SR;OK;TASK000014643941;Priority 3;NA
SEC;DXE;SEC;SR;OK;TASK000014643985;Priority 3;NA
SEC;812;SEC;SR;OK;TASK000014643990;Priority 3;NA
SEC;MNT;SEC;SR;OK;TASK000014644037;Priority 3;NA
APS;ETH;APS;SR;OK;TASK000014644132;Priority 3;NA
APS;ETH;APS;SR;OK;TASK000014644200;Priority 3;NA
APS;EES;APS;SR;OK;TASK000014644357;Priority 4;NA
SEC;BWI;SEC;SR;OK;TASK000014644392;Priority 4;NA
MNT;MNT;FUN;SR;OK;TASK000014644400;Priority 3;NA
SEC;MNT;SEC;SR;OK;TASK000014644411;Priority 3;NA
SEC;EMS;SEC;SR;OK;TASK000014644833;Priority 3;NA
DBA;812;DBA;SR;OK;TASK000014644905;Priority 3;NA
CNC;812;MON;SR;OK;TASK000014645130;Priority 3;NA
CNC;DCF;CNC;SR;OK;TASK000014645179;Priority 3;NA
SEC;BWI;SEC;SR;OK;TASK000014645268;Priority 4;NA
SEC;812;SEC;SR;OK;TASK000014645376;Priority 3;NA
CNC;812;CNC;SR;OK;TASK000014645555;Priority 3;NA
SEC;DXE;SEC;SR;OK;TASK000014645984;Priority 3;NA
SEC;DPY;SEC;SR;OK;TASK000014646043;Priority 3;NA
L1;812;MON;SR;OK;TASK000014646056;Priority 4;NA
SEC;EDS;SEC;SR;OK;TASK000014646115;Priority 3;NA
APS;ETH;APS;SR;OK;TASK000014646355;Priority 3;NA
SEC;SYN;SEC;SR;OK;TASK000014646359;Priority 3;NA
APS;ETH;APS;SR;OK;TASK000014646369;Priority 3;NA
CNC;812;CNC;SR;OK;TASK000014646388;Priority 3;NA
DBA;812;DBA;SR;OK;TASK000014646449;Priority 3;NA
SEC;SYN;SEC;SR;OK;TASK000014646470;Priority 3;NA
SEC;812;SEC;SR;OK;TASK000014646473;Priority 3;NA
CNC;DCF;CNC;SR;OK;TASK000014646507;Priority 3;NA
APS;ETH;APS;SR;OK;TASK000014646556;Priority 3;NA
CNC;812;MON;SR;OK;TASK000014646591;Priority 3;NA
SEC;DXE;SEC;SR;OK;TASK000014646605;Priority 3;NA
SEC;SYN;SEC;SR;OK;TASK000014646677;Priority 3;NA
SEC;812;SEC;SR;OK;TASK000014646933;Priority 3;NA
SEC;EMS;SEC;SR;OK;TASK000014646990;Priority 3;NA
CNC;812;CNC;SR;Defect;TASK000014647117;Priority 3;NA
CNC;812;CNC;SR;OK;TASK000014647140;Priority 3;NA
DBA;812;DBA;SR;OK;TASK000014647314;Priority 3;NA
APS;ETH;APS;SR;OK;TASK000014647371;Priority 3;NA
CNC;812;CNC;SR;OK;TASK000014647415;Priority 3;NA
SEC;812;SEC;SR;OK;TASK000014647516;Priority 3;NA
FUN;COR;FUN;SR;OK;TASK000014647519;Priority 3;NA
SEC;ETH;SEC;SR;OK;TASK000014647677;Priority 3;NA
CNC;812;CNC;SR;OK;TASK000014647728;Priority 3;NA
SEC;SYN;SEC;SR;OK;TASK000014647875;Priority 3;NA
APS;ETH;APS;SR;OK;TASK000014647957;Priority 3;NA
APS;ETH;APS;SR;OK;TASK000014648038;Priority 3;NA
CNC;812;CNC;SR;OK;TASK000014648212;Priority 3;NA
SEC;812;SEC;SR;OK;TASK000014648229;Priority 3;NA
SEC;812;SEC;SR;OK;TASK000014648307;Priority 3;NA
SEC;BWI;SEC;SR;OK;TASK000014648309;Priority 4;NA
APS;ETH;APS;SR;OK;TASK000014648320;Priority 3;NA
APS;ETH;APS;SR;OK;TASK000014648333;Priority 3;NA
DBA;812;DBA;SR;OK;TASK000014648409;Priority 3;NA
FUN;812;FUN;SR;OK;TASK000014648443;Priority 3;NA
TEC;ETH;FUN;SR;OK;TASK000014648575;Priority 3;NA
SEC;BWI;SEC;SR;OK;TASK000014648632;Priority 4;NA
MNT;MNT;FUN;SR;OK;TASK000014648728;Priority 3;NA
APS;ETH;APS;SR;OK;TASK000014649102;Priority 3;NA
APS;ETH;APS;SR;OK;TASK000014649194;Priority 3;NA
FUN;EES;FUN;SR;OK;TASK000014649250;Priority 4;NA
SEC;BWI;SEC;SR;OK;TASK000014649300;Priority 4;NA
SEC;SYN;SEC;SR;OK;TASK000014649338;Priority 3;NA
FUN;ETH;FUN;SR;OK;TASK000014649468;Priority 3;NA
SEC;SYN;SEC;SR;OK;TASK000014649479;Priority 3;NA
SEC;ETH;SEC;SR;OK;TASK000014649526;Priority 3;NA
SEC;ETH;SEC;SR;OK;TASK000014649588;Priority 3;NA
APS;EES;APS;SR;OK;TASK000014649600;Priority 3;NA
APS;EES;APS;SR;OK;TASK000014649625;Priority 3;NA
SEC;BWI;SEC;SR;OK;TASK000014649656;Priority 4;NA
SEC;ETH;SEC;SR;OK;TASK000014649688;Priority 3;NA
SEC;BWI;SEC;SR;OK;TASK000014649756;Priority 4;NA
FUN;COR;FUN;SR;OK;TASK000014649860;Priority 3;NA
SEC;MNT;SEC;SR;OK;TASK000014649911;Priority 3;NA
FUN;EES;FUN;SR;OK;TASK000014650058;Priority 4;NA
SEC;EMS;SEC;SR;OK;TASK000014650397;Priority 3;NA
SEC;812;SEC;SR;OK;TASK000014650671;Priority 3;NA
TEC;DCF;FUN;SR;OK;TASK000014650726;Priority 3;NA
DBA;812;DBA;SR;OK;TASK000014650857;Priority 3;NA
SEC;812;SEC;SR;OK;TASK000014650865;Priority 3;NA
APS;ETH;APS;SR;OK;TASK000014650934;Priority 3;NA
APS;ETH;APS;SR;OK;TASK000014651094;Priority 3;NA
APS;ETH;APS;SR;OK;TASK000014651205;Priority 3;NA
DBA;812;DBA;SR;OK;TASK000014651265;Priority 3;NA
SEC;812;SEC;SR;OK;TASK000014651524;Priority 3;NA
SEC;SYN;SEC;SR;OK;TASK000014651525;Priority 3;NA
SEC;SYN;SEC;SR;OK;TASK000014651566;Priority 3;NA
SEC;812;SEC;SR;OK;TASK000014651582;Priority 3;NA
APS;EES;APS;SR;OK;TASK000014651913;Priority 3;NA
L1;812;MON;SR;OK;TASK000014651936;Priority 4;NA
DBA;812;DBA;SR;OK;TASK000014651950;Priority 3;NA
SEC;YUS;DPY;SR;OK;TASK000014652028;Priority 3;NA
SEC;812;SEC;SR;OK;TASK000014652081;Priority 3;NA
SEC;BWI;SEC;SR;OK;TASK000014652142;Priority 4;NA
SEC;ETH;SEC;SR;OK;TASK000014652174;Priority 3;NA
SEC;DCF;SEC;SR;OK;TASK000014652312;Priority 3;NA
SEC;DCF;SEC;SR;OK;TASK000014652317;Priority 3;NA
SEC;ETH;SEC;SR;OK;TASK000014652384;Priority 3;NA
APS;ETH;APS;SR;OK;TASK000014652386;Priority 4;NA
DBA;812;DBA;SR;OK;TASK000014652410;Priority 3;NA
DBA;812;DBA;SR;OK;TASK000014652432;Priority 3;NA
DBA;812;DBA;SR;OK;TASK000014652457;Priority 3;NA
APS;ETH;APS;SR;OK;TASK000014652477;Priority 3;NA
APS;ETH;APS;SR;OK;TASK000014652546;Priority 3;NA
SEC;SYN;SEC;SR;OK;TASK000014652610;Priority 3;NA
APS;ETH;APS;SR;OK;TASK000014652677;Priority 3;NA
SEC;DXE;SEC;SR;OK;TASK000014652738;Priority 3;NA
FUN;812;FUN;SR;OK;TASK000014652748;Priority 3;NA
APS;ETH;APS;SR;OK;TASK000014652759;Priority 3;NA
SEC;812;SEC;SR;OK;TASK000014652771;Priority 3;NA
SEC;DCF;SEC;SR;OK;TASK000014652825;Priority 3;NA
SEC;DCF;SEC;SR;OK;TASK000014652980;Priority 3;NA
CNC;812;CNC;SR;OK;TASK000014653005;Priority 3;NA
APS;EES;APS;SR;OK;TASK000014653170;Priority 4;NA
SEC;MNT;SEC;SR;OK;TASK000014653248;Priority 3;NA
SEC;812;SEC;SR;OK;TASK000014653388;Priority 3;NA
SEC;ETH;SEC;SR;OK;TASK000014653461;Priority 3;NA
APS;ETH;APS;SR;OK;TASK000014653530;Priority 3;NA
SEC;ETH;CNC;SR;OK;TASK000014653596;Priority 3;NA
CNC;BWI;CNC;SR;OK;TASK000014653600;Priority 3;NA
SEC;812;SEC;SR;OK;TASK000014653633;Priority 3;NA
CNC;812;CNC;SR;OK;TASK000014653684;Priority 3;NA
SEC;ETH;SEC;SR;OK;TASK000014653709;Priority 3;NA
SEC;DCF;SEC;SR;OK;TASK000014653762;Priority 3;NA
SEC;BWI;SEC;SR;OK;TASK000014653974;Priority 4;NA
SEC;SYN;SEC;SR;OK;TASK000014653980;Priority 3;NA
SEC;SYN;SEC;SR;OK;TASK000014654023;Priority 3;NA
TEC;DCF;FUN;SR;OK;TASK000014654170;Priority 3;NA
SEC;MNT;SEC;SR;OK;TASK000014654393;Priority 3;NA
SEC;DCF;SEC;SR;OK;TASK000014654486;Priority 3;NA
CNC;812;CNC;SR;OK;TASK000014654521;Priority 3;NA
FUN;LAT;FUN;SR;OK;TASK000014654528;Priority 3;NA
SEC;BWI;SEC;SR;OK;TASK000014654582;Priority 4;NA
TEC;ETH;FUN;SR;OK;TASK000014654584;Priority 3;NA
SEC;DXE;SEC;SR;OK;TASK000014654698;Priority 3;NA
SEC;MNT;SEC;SR;OK;TASK000014654856;Priority 3;NA
SEC;MNT;SEC;SR;OK;TASK000014654858;Priority 3;NA
SEC;DCF;SEC;SR;OK;TASK000014654877;Priority 3;NA
SEC;DCF;SEC;SR;OK;TASK000014654884;Priority 3;NA
SEC;DXE;SEC;SR;OK;TASK000014655809;Priority 3;NA
CNC;BWI;CNC;SR;OK;TASK000014655845;Priority 3;NA
CNC;812;CNC;SR;OK;TASK000014655877;Priority 3;NA
DBA;812;DBA;SR;OK;TASK000014656112;Priority 3;NA
SEC;SYN;SEC;SR;OK;TASK000014656214;Priority 3;NA
CNC;812;MON;SR;OK;TASK000014656328;Priority 3;NA
APS;ETH;APS;SR;OK;TASK000014656344;Priority 3;NA
DBA;812;DBA;SR;OK;TASK000014656411;Priority 3;NA
CNC;812;MON;SR;OK;TASK000014656439;Priority 3;NA
L1;812;MON;SR;OK;TASK000014656465;Priority 4;NA
MNT;MNT;FUN;SR;OK;TASK000014656470;Priority 3;NA
SEC;812;SEC;SR;OK;TASK000014656566;Priority 3;NA
CNC;DCF;CNC;SR;OK;TASK000014656599;Priority 3;NA
FIN;812;FUN;SR;OK;TASK000014656748;Priority 3;NA
SEC;DCF;SEC;SR;OK;TASK000014656784;Priority 3;NA
SEC;812;SEC;SR;OK;TASK000014656825;Priority 3;NA
SEC;ETH;SEC;SR;OK;TASK000014656952;Priority 3;NA
SEC;DCF;SEC;SR;OK;TASK000014657092;Priority 4;NA
SEC;812;SEC;SR;OK;TASK000014657212;Priority 3;NA
SEC;812;SEC;SR;OK;TASK000014657348;Priority 3;NA
SEC;812;SEC;SR;OK;TASK000014657510;Priority 3;NA
SEC;DCF;SEC;SR;OK;TASK000014657511;Priority 3;NA
SEC;YUK;GME;SR;OK;TASK000014657519;Priority 3;NA
CNC;BWI;L1 ;SR;OK;TASK000014657558;Priority 3;NA
SEC;DCF;SEC;SR;OK;TASK000014657857;Priority 3;NA
SEC;DCF;SEC;SR;OK;TASK000014657874;Priority 3;NA
SEC;812;SEC;SR;OK;TASK000014657927;Priority 3;NA
SEC;812;SEC;SR;OK;TASK000014657967;Priority 3;NA
SEC;ETH;SEC;SR;OK;TASK000014658000;Priority 3;NA
APS;ETH;APS;SR;OK;TASK000014658007;Priority 3;NA
SEC;812;SEC;SR;OK;TASK000014658080;Priority 3;NA
SEC;812;SEC;SR;OK;TASK000014658095;Priority 3;NA
FUN;EMS;FUN;SR;OK;TASK000014658111;Priority 4;NA
SEC;812;SEC;SR;OK;TASK000014658125;Priority 3;NA
SEC;DCF;SEC;SR;OK;TASK000014658306;Priority 3;NA
SEC;DCF;SEC;SR;OK;TASK000014658317;Priority 3;NA
SEC;SYN;SEC;SR;OK;TASK000014658360;Priority 3;NA
SEC;DXE;SEC;SR;OK;TASK000014658508;Priority 3;NA
SEC;812;SEC;SR;OK;TASK000014658518;Priority 3;NA
SEC;EMS;SEC;SR;OK;TASK000014658526;Priority 3;NA
SEC;812;SEC;SR;OK;TASK000014658535;Priority 3;NA
SEC;812;SEC;SR;OK;TASK000014658538;Priority 3;NA
SEC;812;SEC;SR;OK;TASK000014658553;Priority 3;NA
None;OXE;CNC;SR;OK;TASK000014658585;Priority 3;NA
L1;ETH;CNC;SR;OK;TASK000014658647;Priority 3;NA
SEC;812;SEC;SR;OK;TASK000014658674;Priority 3;NA
FUN;LAT;FUN;SR;OK;TASK000014658676;Priority 3;NA
SEC;DCF;SEC;SR;OK;TASK000014658968;Priority 3;NA
CNC;BWI;L1 ;SR;OK;TASK000014659291;Priority 3;NA
SEC;BWI;SEC;SR;OK;TASK000014659306;Priority 4;NA
SEC;ETH;SEC;SR;OK;TASK000014659315;Priority 3;NA
CNC;812;CNC;SR;OK;TASK000014659334;Priority 3;NA
CNC;BWI;L1 ;SR;OK;TASK000014659410;Priority 4;NA
L1;DPY;CNC;SR;OK;TASK000014659416;Priority 3;NA
SEC;812;SEC;SR;OK;TASK000014659522;Priority 3;NA
SEC;812;SEC;SR;OK;TASK000014659527;Priority 3;NA
SEC;DXE;SEC;SR;OK;TASK000014660274;Priority 3;NA
SEC;ETH;SEC;SR;OK;TASK000014660531;Priority 3;NA
SEC;ETH;SEC;SR;OK;TASK000014660713;Priority 3;NA
OPS;EMS;OPS;SR;OK;TASK000014661018;Priority 3;NA
DBA;812;DBA;SR;OK;TASK000014661033;Priority 3;NA
L1;812;MON;SR;OK;TASK000014661050;Priority 4;NA
DBA;812;DBA;SR;OK;TASK000014661278;Priority 3;NA
L1;812;MON;SR;OK;TASK000014661314;Priority 4;NA
DCF;DCF;FUN;INC;OK;TASK000014661545;Priority 3;NA
SEC;812;SEC;SR;OK;TASK000014661560;Priority 3;NA
CNC;812;CNC;SR;OK;TASK000014661577;Priority 3;NA
CNC;812;CNC;SR;OK;TASK000014661926;Priority 3;NA
L1;812;MON;SR;OK;TASK000014661977;Priority 4;NA
DBA;812;DBA;SR;OK;TASK000014662007;Priority 3;NA
SEC;812;SEC;SR;OK;TASK000014662050;Priority 3;NA
L1;812;MON;SR;OK;TASK000014662059;Priority 4;NA
L1;812;MON;SR;OK;TASK000014662177;Priority 4;NA
SEC;DXE;SEC;SR;OK;TASK000014662399;Priority 3;NA
SEC;DXE;SEC;SR;OK;TASK000014662419;Priority 3;NA
SEC;812;SEC;SR;OK;TASK000014662489;Priority 3;NA
SEC;DXE;SEC;SR;OK;TASK000014662531;Priority 3;NA
SEC;812;SEC;SR;OK;TASK000014662818;Priority 3;NA
SEC;812;SEC;SR;OK;TASK000014662920;Priority 3;NA
L1;812;MON;SR;OK;TASK000014663001;Priority 3;NA
None;OXE;CNC;SR;OK;TASK000014663042;Priority 3;NA
SCH;812;SCH;SR;OK;TASK000014663304;Priority 3;NA
APS;EES;APS;SR;OK;TASK000014663457;Priority 4;NA
SEC;812;SEC;SR;OK;TASK000014663468;Priority 3;NA
DBA;812;DBA;SR;OK;TASK000014663558;Priority 3;NA
SEC;812;SEC;SR;OK;TASK000014663590;Priority 3;NA
APS;ETH;APS;SR;OK;TASK000014663694;Priority 3;NA
SEC;DCF;SEC;SR;OK;TASK000014663723;Priority 3;NA
APS;ETH;APS;SR;OK;TASK000014663748;Priority 3;NA
L1;BWI;L1 ;SR;OK;TASK000014663798;Priority 3;NA
SEC;DXE;SEC;SR;OK;TASK000014663850;Priority 3;NA
SEC;812;SEC;SR;OK;TASK000014663856;Priority 3;NA
SEC;812;SEC;SR;OK;TASK000014663974;Priority 3;NA
L1;BWI;L1 ;SR;OK;TASK000014664031;Priority 3;NA
SCH;SYN;SCH;SR;OK;TASK000014664140;Priority 3;NA
SEC;812;SEC;SR;OK;TASK000014664201;Priority 3;NA
SEC;812;SEC;SR;OK;TASK000014664333;Priority 3;NA
SEC;EES;EES;SR;OK;TASK000014664349;Priority 3;NA
SEC;MNT;SEC;SR;OK;TASK000014664353;Priority 3;NA
L1;BWI;L1 ;SR;OK;TASK000014664562;Priority 3;NA
SEC;DCF;SEC;SR;OK;TASK000014664646;Priority 3;NA
CNC;BWI;CNC;SR;OK;TASK000014664712;Priority 3;NA
None;812;SCH;SR;OK;TASK000014664766;Priority 3;NA
SEC;BWI;SEC;SR;OK;TASK000014665259;Priority 4;NA
SEC;ETH;SEC;SR;OK;TASK000014665306;Priority 3;NA
SEC;BWI;SEC;SR;OK;TASK000014665321;Priority 4;NA
SEC;BWI;SEC;SR;OK;TASK000014665380;Priority 4;NA
None;OXE;CNC;SR;OK;TASK000014665546;Priority 3;NA
SEC;MNT;SEC;SR;OK;TASK000014665579;Priority 3;NA
SEC;MNT;SEC;SR;OK;TASK000014665648;Priority 3;NA
CNC;ETH;CNC;SR;OK;TASK000014665817;Priority 3;NA
SEC;MNT;SEC;SR;OK;TASK000014665936;Priority 3;NA
DBA;812;DBA;SR;OK;TASK000014666820;Priority 3;NA
DBA;812;DBA;SR;OK;TASK000014666838;Priority 3;NA
SEC;DCF;SEC;SR;OK;TASK000014667011;Priority 3;NA
APS;ETH;APS;SR;OK;TASK000014667099;Priority 3;NA
SEC;812;SEC;SR;OK;TASK000014667129;Priority 3;NA
L1;812;MON;SR;OK;TASK000014667131;Priority 3;NA
DBA;812;DBA;SR;OK;TASK000014667285;Priority 3;NA
CNC;812;CNC;SR;OK;TASK000014667301;Priority 3;NA
DBA;812;DBA;SR;OK;TASK000014667438;Priority 3;NA
CNC;812;CNC;SR;OK;TASK000014667557;Priority 3;NA
SEC;DXE;SEC;SR;OK;TASK000014667572;Priority 3;NA
DBA;812;DBA;SR;OK;TASK000014667722;Priority 3;NA
SEC;DXE;SEC;SR;OK;TASK000014667780;Priority 3;NA
SEC;812;SEC;SR;OK;TASK000014667870;Priority 3;NA
SEC;812;SEC;SR;OK;TASK000014667876;Priority 3;NA
SEC;MED;GME;SR;OK;TASK000014668002;Priority 3;NA
FIN;812;FUN;SR;OK;TASK000014668154;Priority 3;NA
SEC;812;SEC;SR;OK;TASK000014668297;Priority 3;NA
SEC;ETH;SEC;SR;OK;TASK000014668309;Priority 3;NA
CNC;812;CNC;SR;OK;TASK000014668322;Priority 3;NA
SEC;SYN;SEC;SR;OK;TASK000014668327;Priority 3;NA
SEC;ETH;SEC;SR;OK;TASK000014668358;Priority 3;NA
DBA;812;DBA;SR;OK;TASK000014668580;Priority 3;NA
SEC;ETH;SEC;SR;OK;TASK000014668616;Priority 3;NA
SEC;DCF;SEC;SR;OK;TASK000014668953;Priority 3;NA
SEC;812;SEC;SR;OK;TASK000014668960;Priority 3;NA
SEC;DCF;SEC;SR;OK;TASK000014669007;Priority 3;NA
SEC;812;SEC;SR;OK;TASK000014669015;Priority 3;NA
DBA;812;DBA;SR;OK;TASK000014669041;Priority 3;NA
SEC;SYN;SEC;SR;OK;TASK000014669072;Priority 3;NA
SEC;812;SEC;SR;OK;TASK000014669094;Priority 3;NA
SEC;812;SEC;SR;OK;TASK000014669237;Priority 3;NA
CNC;DPY;CNC;SR;OK;TASK000014669350;Priority 3;NA
APS;EES;APS;SR;OK;TASK000014669392;Priority 4;NA
CNC;DPY;CNC;SR;OK;TASK000014669433;Priority 3;NA
SEC;EES;SEC;SR;OK;TASK000014669453;Priority 3;NA
CNC;DPY;CNC;SR;OK;TASK000014669463;Priority 3;NA
CNC;DPY;CNC;SR;OK;TASK000014669478;Priority 3;NA
CNC;DPY;CNC;SR;OK;TASK000014669497;Priority 3;NA
DBA;812;DBA;SR;OK;TASK000014669689;Priority 3;NA
SEC;812;SEC;SR;OK;TASK000014669793;Priority 3;NA
APS;ETH;APS;SR;OK;TASK000014669851;Priority 3;NA
CNC;EES;CNC;SR;OK;TASK000014669859;Priority 3;NA
SEC;DXE;SEC;SR;OK;TASK000014670180;Priority 3;NA
SEC;WS;SEC;SR;OK;TASK000014670185;Priority 3;NA
SEC;ETH;SEC;SR;OK;TASK000014670284;Priority 3;NA
APS;ETH;APS;SR;OK;TASK000014670395;Priority 3;NA
SEC;BWI;SEC;SR;OK;TASK000014670397;Priority 4;NA
SEC;ETH;SEC;SR;OK;TASK000014670473;Priority 3;NA
SEC;EES;EES;SR;OK;TASK000014670503;Priority 3;NA
FUN;812;FUN;SR;OK;TASK000014670563;Priority 3;NA
None;BWI;CNC;SR;OK;TASK000014670574;Priority 3;NA
SEC;BWI;SEC;SR;OK;TASK000014670585;Priority 4;NA
L1;BWI;L1 ;SR;OK;TASK000014670614;Priority 3;NA
SEC;ETH;SEC;SR;OK;TASK000014670658;Priority 3;NA
SEC;812;SEC;SR;OK;TASK000014670735;Priority 3;NA
SEC;BWI;SEC;SR;OK;TASK000014670811;Priority 3;NA
L1;BWI;L1 ;SR;OK;TASK000014670850;Priority 3;NA
CNC;812;CNC;SR;OK;TASK000014671033;Priority 3;NA
SEC;DCF;SEC;SR;OK;TASK000014671100;Priority 3;NA
CNC;EES;CNC;SR;OK;TASK000014671212;Priority 4;NA
SEC;SYN;SEC;SR;OK;TASK000014671390;Priority 3;NA
SEC;SYN;SEC;SR;OK;TASK000014671397;Priority 3;NA
CNC;812;CNC;SR;OK;TASK000014671557;Priority 3;NA
L1;BWI;CNC;SR;OK;TASK000014671588;Priority 4;NA
CNC;BWI;L1 ;SR;OK;TASK000014671696;Priority 4;NA
APS;EES;APS;SR;OK;TASK000014671697;Priority 3;NA
APS;EES;APS;SR;OK;TASK000014671701;Priority 3;NA
SEC;BWI;SEC;SR;OK;TASK000014671771;Priority 4;NA
CNC;DPY;CNC;SR;OK;TASK000014672033;Priority 3;NA
CNC;812;MON;SR;OK;TASK000014672400;Priority 3;NA
SEC;MNT;SEC;SR;OK;TASK000014672561;Priority 3;NA
CNC;812;CNC;SR;OK;TASK000014672577;Priority 3;NA
FIN;812;FUN;SR;OK;TASK000014672985;Priority 3;NA
APS;ETH;APS;SR;OK;TASK000014673017;Priority 3;NA
APS;ETH;APS;SR;OK;TASK000014673072;Priority 3;NA
DBA;812;DBA;SR;OK;TASK000014673215;Priority 3;NA
SEC;812;SEC;SR;OK;TASK000014673255;Priority 3;NA
CNC;812;MON;SR;OK;TASK000014673414;Priority 3;NA
APS;ETH;APS;SR;OK;TASK000014673428;Priority 3;NA
CNC;812;CNC;SR;OK;TASK000014673540;Priority 3;NA
APS;ETH;APS;SR;OK;TASK000014673598;Priority 3;NA
CNC;812;CNC;SR;OK;TASK000014673622;Priority 3;NA
SEC;812;SEC;SR;OK;TASK000014673661;Priority 3;NA
SEC;812;SEC;SR;OK;TASK000014673746;Priority 3;NA
SEC;812;SEC;SR;OK;TASK000014673836;Priority 3;NA
APS;EES;APS;SR;OK;TASK000014673852;Priority 4;NA
CNC;BWI;L1 ;SR;OK;TASK000014673993;Priority 3;NA
CNC;812;CNC;SR;OK;TASK000014674022;Priority 3;NA
APS;ETH;APS;SR;OK;TASK000014674039;Priority 3;NA
SEC;MNT;SEC;SR;OK;TASK000014674085;Priority 3;NA
SEC;DCF;SEC;SR;OK;TASK000014674102;Priority 4;NA
DBA;812;DBA;SR;OK;TASK000014674109;Priority 3;NA
APS;ETH;APS;SR;OK;TASK000014674145;Priority 3;NA
SEC;812;SEC;SR;OK;TASK000014674188;Priority 3;NA
CNC;812;CNC;SR;OK;TASK000014674406;Priority 3;NA
SEC;DCF;SEC;SR;OK;TASK000014674523;Priority 4;NA
SEC;WS;SEC;SR;OK;TASK000014674713;Priority 3;NA
SEC;SYN;SEC;SR;OK;TASK000014674901;Priority 3;NA
DBA;812;DBA;SR;OK;TASK000014675020;Priority 3;NA
DBA;812;DBA;SR;OK;TASK000014675151;Priority 3;NA
SEC;812;SEC;SR;OK;TASK000014675159;Priority 3;NA
DCF;DCF;FUN;SR;OK;TASK000014675210;Priority 4;NA
CNC;812;CNC;SR;OK;TASK000014675382;Priority 3;NA
SEC;BWI;SEC;SR;OK;TASK000014675571;Priority 4;NA
SEC;SYN;SEC;SR;OK;TASK000014675609;Priority 3;NA
CNC;812;CNC;SR;OK;TASK000014675617;Priority 3;NA
SEC;BWI;SEC;SR;OK;TASK000014675652;Priority 4;NA
APS;ETH;APS;SR;OK;TASK000014675692;Priority 3;NA
L1;BWI;L1 ;SR;OK;TASK000014676051;Priority 3;NA
APS;ETH;APS;SR;OK;TASK000014676097;Priority 3;NA
APS;ETH;APS;SR;OK;TASK000014676145;Priority 3;NA
L1;BWI;L1 ;SR;OK;TASK000014676380;Priority 3;NA
CNC;BWI;CNC;SR;OK;TASK000014676458;Priority 3;NA
APS;ETH;APS;SR;OK;TASK000014676920;Priority 3;NA
CNC;812;CNC;SR;OK;TASK000014677077;Priority 3;NA
CNC;812;CNC;SR;OK;TASK000014677253;Priority 3;NA
CNC;MNT;CNC;SR;OK;TASK000014677739;Priority 3;NA
APS;ETH;APS;SR;OK;TASK000014678159;Priority 3;NA
FUN;812;FUN;SR;OK;TASK000014678585;Priority 3;NA
CNC;812;CNC;SR;OK;TASK000014678992;Priority 3;NA
CNC;812;CNC;SR;OK;TASK000014679098;Priority 3;NA
APS;ETH;APS;SR;OK;TASK000014679272;Priority 3;NA
CNC;812;CNC;SR;OK;TASK000014679765;Priority 3;NA
CNC;812;CNC;SR;OK;TASK000014679767;Priority 3;NA
SEC;BWI;SEC;SR;OK;TASK000014679882;Priority 4;NA
CNC;812;CNC;SR;OK;TASK000014679906;Priority 3;NA
L1;812;MON;SR;OK;TASK000014680058;Priority 3;NA
SEC;812;SEC;SR;OK;TASK000014680076;Priority 3;NA
SEC;812;SEC;SR;OK;TASK000014680100;Priority 3;NA
TEC;ETH;FUN;SR;OK;TASK000014680161;Priority 3;NA
SEC;EDS;SEC;SR;OK;TASK000014680723;Priority 3;NA
SEC;SYN;SEC;SR;OK;TASK000014681155;Priority 3;NA
SEC;BWI;SEC;SR;OK;TASK000014681254;Priority 4;NA
SEC;BWI;SEC;SR;OK;TASK000014681309;Priority 4;NA
CNC;DXE;CNC;SR;OK;TASK000014681385;Priority 3;NA
SEC;SYN;SEC;SR;OK;TASK000014681398;Priority 3;NA
L1;BWI;CNC;SR;OK;TASK000014681402;Priority 4;NA
SEC;MNT;SEC;SR;OK;TASK000014681503;Priority 3;NA
SEC;BWI;SEC;SR;OK;TASK000014681605;Priority 4;NA
SEC;BWI;SEC;SR;OK;TASK000014682284;Priority 4;NA
SEC;SYN;SEC;SR;OK;TASK000014682377;Priority 3;NA
CNC;812;CNC;SR;OK;TASK000014682442;Priority 3;NA
CNC;812;CNC;SR;OK;TASK000014682537;Priority 3;NA
L1;812;MON;SR;OK;TASK000014683102;Priority 4;NA
SEC;812;SEC;SR;OK;TASK000014683374;Priority 3;NA
DBA;812;DBA;SR;OK;TASK000014683406;Priority 3;NA
L1;812;MON;SR;OK;TASK000014683428;Priority 4;NA
CNC;812;MON;SR;OK;TASK000014683925;Priority 3;NA
CNC;DPY;CNC;SR;OK;TASK000014684019;Priority 3;NA
APS;ETH;APS;SR;OK;TASK000014684078;Priority 3;NA
CNC;812;MON;SR;OK;TASK000014684119;Priority 3;NA
SEC;812;SEC;SR;OK;TASK000014684518;Priority 3;NA
APS;ETH;APS;SR;OK;TASK000014684607;Priority 3;NA
SEC;BWI;SEC;SR;OK;TASK000014685203;Priority 4;NA
APS;ETH;APS;SR;OK;TASK000014685242;Priority 4;NA
SEC;BWI;SEC;SR;OK;TASK000014686328;Priority 4;NA
CNC;BWI;CNC;SR;OK;TASK000014686338;Priority 3;NA
DBA;812;DBA;SR;OK;TASK000014686585;Priority 3;NA
DBA;812;DBA;SR;OK;TASK000014686628;Priority 3;NA
812;812;FUN;SR;OK;TASK000014688918;Priority 4;NA
SEC;DCF;SEC;SR;OK;TASK000014690412;Priority 4;NA
SEC;DCF;SEC;SR;OK;TASK000014690825;Priority 4;NA
SEC;BWI;SEC;SR;OK;TASK000014690918;Priority 4;NA
SEC;CAN;SEC;SR;OK;TASK000014691146;Priority 4;NA
SEC;BWI;SEC;SR;OK;TASK000014691430;Priority 4;NA
FUN;812;FUN;SR;OK;TASK000014691800;Priority 4;NA
SEC;BWI;SEC;SR;OK;TASK000014692009;Priority 4;NA
APS;ETH;APS;SR;OK;TASK000014692035;Priority 4;NA
SEC;DCF;SEC;SR;OK;TASK000014692303;Priority 4;NA
SCH;BWI;SCH;SR;OK;TASK000014692320;Priority 4;NA
SEC;BWI;SEC;SR;OK;TASK000014692388;Priority 4;NA
SEC;BWI;SEC;SR;OK;TASK000014692559;Priority 4;NA
SEC;BWI;SEC;SR;OK;TASK000014692604;Priority 4;NA
L1;BWI;L1 ;SR;OK;TASK000014693939;Priority 4;NA
SEC;BWI;SEC;SR;OK;TASK000014693988;Priority 4;NA
FUN;WS;FUN;SR;OK;TASK000014694040;Priority 4;NA
L1;812;MON;SR;OK;TASK000014694168;Priority 4;NA
FUN;812;FUN;SR;OK;TASK000014694836;Priority 4;NA
SEC;DCF;SEC;SR;OK;TASK000014695564;Priority 4;NA
DXE;DXE;FUN;SR;OK;TASK000014695751;Priority 4;NA
SEC;DCF;SEC;SR;OK;TASK000014695821;Priority 4;NA
SEC;BWI;SEC;SR;OK;TASK000014695923;Priority 4;NA
SEC;BWI;SEC;SR;OK;TASK000014696968;Priority 4;NA
SEC;BWI;SEC;SR;OK;TASK000014697017;Priority 4;NA
SEC;BWI;SEC;SR;OK;TASK000014697312;Priority 4;NA
SEC;BWI;SEC;SR;OK;TASK000014697356;Priority 4;NA
SEC;BWI;SEC;SR;OK;TASK000014697362;Priority 4;NA
SEC;BWI;SEC;SR;OK;TASK000014697405;Priority 4;NA
FUN;812;FUN;SR;OK;TASK000014697684;Priority 4;NA
SEC;BWI;SEC;SR;OK;TASK000014698372;Priority 4;NA
SEC;BWI;SEC;SR;OK;TASK000014698508;Priority 4;NA
SEC;DCF;SEC;SR;OK;TASK000014698714;Priority 4;NA
FUN;812;FUN;SR;OK;TASK000014699254;Priority 4;NA
L1;812;MON;SR;OK;TASK000014700027;Priority 4;NA
APS;ETH;APS;SR;OK;TASK000014701162;Priority 4;NA
APS;ETH;APS;SR;OK;TASK000014701163;Priority 4;NA
SEC;BWI;SEC;SR;OK;TASK000014701636;Priority 4;NA
APS;ETH;APS;SR;OK;TASK000014701942;Priority 4;NA
SEC;BWI;SEC;SR;OK;TASK000014702277;Priority 4;NA
SEC;BWI;SEC;SR;OK;TASK000014703790;Priority 4;NA
SEC;BWI;SEC;SR;OK;TASK000014703797;Priority 4;NA
FUN;812;FUN;SR;OK;TASK000014704766;Priority 4;NA
SEC;DCF;SEC;SR;OK;TASK000014706242;Priority 4;NA
TEC;ETH;FUN;SR;OK;TASK000014706821;Priority 4;NA
SEC;DCF;SEC;SR;OK;TASK000014706991;Priority 4;NA
DCF;DCF;FUN;SR;OK;TASK000014707084;Priority 4;NA
APS;ETH;APS;SR;OK;TASK000014707422;Priority 4;NA
SEC;DCF;SEC;SR;Defect;TASK000014707722;Priority 4;NA
SEC;BWI;SEC;SR;OK;TASK000014707910;Priority 4;NA
SEC;DCF;SEC;SR;OK;TASK000014708369;Priority 4;NA
SEC;DCF;SEC;SR;OK;TASK000014708404;Priority 4;NA
TEC;ETH;FUN;SR;OK;TASK000014708866;Priority 4;NA
SEC;BWI;SEC;SR;OK;TASK000014708893;Priority 4;NA
SEC;BWI;SEC;SR;OK;TASK000014709032;Priority 4;NA
SEC;BWI;SEC;SR;OK;TASK000014709306;Priority 4;NA
DCF;DCF;FUN;SR;OK;TASK000014709398;Priority 4;NA
SEC;DCF;SEC;SR;OK;TASK000014709616;Priority 4;NA
TEC;DCF;TEC;SR;OK;TASK000014709892;Priority 4;NA
TEC;DCF;TEC;SR;OK;TASK000014709946;Priority 4;NA
SEC;DCF;SEC;SR;OK;TASK000014711092;Priority 4;NA
FUN;812;FUN;SR;OK;TASK000014711170;Priority 4;NA
FUN;EES;FUN;SR;OK;TASK000014711743;Priority 4;NA
FUN;EES;FUN;SR;OK;TASK000014711773;Priority 4;NA
APS;EES;APS;SR;OK;TASK000014711842;Priority 4;NA
SEC;DCF;SEC;SR;OK;TASK000014711854;Priority 4;NA
SEC;BWI;SEC;SR;OK;TASK000014712035;Priority 4;NA
APS;EES;APS;SR;OK;TASK000014712111;Priority 4;NA
SEC;BWI;SEC;SR;OK;TASK000014712327;Priority 4;NA
FUN;EDS;FUN;SR;OK;TASK000014712439;Priority 4;NA
MNT;MNT;FUN;SR;OK;TASK000014712572;Priority 4;NA
APS;EES;APS;SR;OK;TASK000014712889;Priority 4;NA
FUN;812;FUN;SR;OK;TASK000014712905;Priority 4;NA
SEC;DCF;SEC;SR;OK;TASK000014713136;Priority 4;NA
SEC;BWI;SEC;SR;OK;TASK000014713276;Priority 4;NA
APS;EES;APS;SR;OK;TASK000014713335;Priority 4;NA
SEC;BWI;SEC;SR;OK;TASK000014713685;Priority 4;NA
SEC;BWI;SEC;SR;OK;TASK000014714007;Priority 4;NA
DBA;812;DBA;SR;OK;TASK000014715038;Priority 3;NA
OPS;EMS;OPS;SR;OK;TASK000014715190;Priority 3;NA
SEC;812;SEC;SR;OK;TASK000014715291;Priority 3;NA
SEC;812;SEC;SR;OK;TASK000014715303;Priority 3;NA
SEC;812;SEC;SR;OK;TASK000014715313;Priority 3;NA
DBA;812;DBA;SR;OK;TASK000014715544;Priority 3;NA
FUN;812;FUN;SR;OK;TASK000014715612;Priority 4;NA
SCH;812;SCH;SR;OK;TASK000014715914;Priority 3;NA
DBA;812;DBA;SR;OK;TASK000014715949;Priority 3;NA
L1;812;MON;SR;OK;TASK000014716031;Priority 3;NA
SEC;812;SEC;SR;OK;TASK000014716046;Priority 3;NA
SEC;812;SEC;SR;OK;TASK000014716048;Priority 3;NA
SEC;812;SEC;SR;OK;TASK000014716125;Priority 3;NA
SCH;812;SCH;SR;OK;TASK000014716177;Priority 3;NA
DBA;812;DBA;SR;OK;TASK000014716278;Priority 3;NA
CNC;812;CNC;INC;OK;TASK000014716303;Priority 3;NA
DBA;812;DBA;SR;OK;TASK000014716306;Priority 3;NA
APS;ETH;APS;SR;OK;TASK000014716382;Priority 3;NA
SEC;812;SEC;SR;OK;TASK000014716395;Priority 3;NA
L1;812;MON;SR;OK;TASK000014716523;Priority 3;NA
SEC;DXE;SEC;SR;OK;TASK000014716615;Priority 3;NA
SEC;ETH;SEC;SR;OK;TASK000014716631;Priority 3;NA
SEC;SYN;SEC;SR;OK;TASK000014716750;Priority 3;NA
L1;812;MON;SR;OK;TASK000014716834;Priority 3;NA
APS;DCF;APS;SR;OK;TASK000014716846;Priority 3;NA
SEC;SYN;SEC;SR;OK;TASK000014716917;Priority 3;NA
SEC;BWI;SEC;SR;OK;TASK000014716936;Priority 4;NA
SEC;DCF;SEC;SR;OK;TASK000014717054;Priority 4;NA
SEC;DXE;SEC;SR;OK;TASK000014717085;Priority 3;NA
SEC;812;SEC;SR;OK;TASK000014717091;Priority 3;NA
SEC;ETH;SEC;SR;OK;TASK000014717097;Priority 3;NA
SEC;DCF;SEC;SR;OK;TASK000014717157;Priority 4;NA
SEC;ETH;SEC;SR;OK;TASK000014717173;Priority 3;NA
CNC;812;CNC;SR;OK;TASK000014717208;Priority 3;NA
SCH;812;SCH;SR;OK;TASK000014717209;Priority 3;NA
SEC;EES;SEC;SR;OK;TASK000014717284;Priority 3;NA
SEC;SYN;SEC;SR;OK;TASK000014717303;Priority 3;NA
SEC;812;SEC;SR;OK;TASK000014717317;Priority 3;NA
FUN;812;FUN;SR;OK;TASK000014717339;Priority 3;NA
SEC;SYN;SEC;SR;OK;TASK000014717430;Priority 3;NA
CNC;BWI;CNC;SR;OK;TASK000014717474;Priority 3;NA
SEC;DCF;SEC;SR;Defect;TASK000014717500;Priority 4;NA
SEC;812;SEC;SR;OK;TASK000014717586;Priority 3;NA
SEC;812;SEC;SR;OK;TASK000014717641;Priority 3;NA
SEC;812;SEC;SR;OK;TASK000014717725;Priority 3;NA
SEC;ETH;SEC;SR;OK;TASK000014717736;Priority 3;NA
SEC;EES;SEC;SR;OK;TASK000014717889;Priority 3;NA
SEC;812;SEC;SR;OK;TASK000014717901;Priority 3;NA
L1;DPY;CNC;SR;OK;TASK000014717933;Priority 3;NA
SEC;DCF;SEC;SR;OK;TASK000014717941;Priority 4;NA
SEC;SYN;SEC;SR;Defect;TASK000014717947;Priority 3;NA
SEC;SYN;SEC;SR;Defect;TASK000014717971;Priority 3;NA
CNC;BWI;CNC;SR;OK;TASK000014718004;Priority 3;NA
CNC;812;CNC;SR;OK;TASK000014718022;Priority 3;NA
SEC;SYN;SEC;SR;OK;TASK000014718162;Priority 3;NA
SEC;BWI;SEC;SR;OK;TASK000014718186;Priority 4;NA
SEC;DPY;SEC;SR;OK;TASK000014718288;Priority 3;NA
SEC;ETH;SEC;SR;OK;TASK000014718467;Priority 3;NA
SEC;SYN;SEC;SR;OK;TASK000014718504;Priority 3;NA
SEC;BWI;SEC;SR;OK;TASK000014718515;Priority 4;NA
SEC;MNT;SEC;SR;OK;TASK000014718638;Priority 3;NA
SEC;MNT;SEC;SR;OK;TASK000014718673;Priority 3;NA
CNC;812;CNC;SR;OK;TASK000014718806;Priority 3;NA
FUN;DXE;FUN;SR;OK;TASK000014718943;Priority 3;NA
SEC;MNT;SEC;SR;OK;TASK000014718944;Priority 3;NA
SEC;LAT;SEC;SR;OK;TASK000014719210;Priority 3;NA
DBA;812;DBA;SR;OK;TASK000014719360;Priority 3;NA
SEC;EES;SEC;SR;OK;TASK000014719495;Priority 3;NA
SEC;812;SEC;SR;OK;TASK000014719747;Priority 3;NA
SEC;SYN;SEC;SR;OK;TASK000014720193;Priority 3;NA
SEC;EMS;SEC;SR;OK;TASK000014720247;Priority 3;NA
SEC;SYN;SEC;SR;Defect;TASK000014720324;Priority 3;NA
L1;812;MON;SR;OK;TASK000014720638;Priority 4;NA
CNC;812;CNC;SR;OK;TASK000014720932;Priority 3;NA
FUN;DXE;FUN;SR;OK;TASK000014720978;Priority 3;NA
SEC;DXE;SEC;SR;OK;TASK000014721050;Priority 3;NA
SEC;DXE;SEC;SR;OK;TASK000014721129;Priority 3;NA
APS;ETH;APS;SR;OK;TASK000014721143;Priority 3;NA
SEC;812;SEC;SR;OK;TASK000014721156;Priority 3;NA
SEC;812;SEC;SR;OK;TASK000014721184;Priority 3;NA
SEC;812;SEC;SR;OK;TASK000014721188;Priority 3;NA
APS;ETH;APS;SR;OK;TASK000014721191;Priority 3;NA
SEC;DXE;SEC;SR;OK;TASK000014721212;Priority 3;NA
SEC;812;SEC;SR;OK;TASK000014721313;Priority 3;NA
DBA;812;DBA;SR;OK;TASK000014721377;Priority 3;NA
MNT;MNT;FUN;SR;OK;TASK000014721524;Priority 4;NA
DBA;812;DBA;SR;OK;TASK000014721562;Priority 3;NA
CNC;812;MON;SR;OK;TASK000014721686;Priority 3;NA
CNC;812;CNC;SR;OK;TASK000014721764;Priority 3;NA
SEC;DCF;SEC;SR;Defect;TASK000014721860;Priority 3;NA
SEC;812;SEC;SR;OK;TASK000014721973;Priority 3;NA
SEC;DCF;SEC;SR;OK;TASK000014722009;Priority 4;NA
SEC;812;SEC;SR;OK;TASK000014722031;Priority 3;NA
SEC;DXE;SEC;SR;OK;TASK000014722177;Priority 3;NA
SEC;812;SEC;SR;OK;TASK000014722194;Priority 3;NA
DBA;812;DBA;SR;OK;TASK000014722217;Priority 3;NA
SEC;SYN;SEC;SR;Defect;TASK000014722239;Priority 3;NA
CNC;812;CNC;SR;OK;TASK000014722407;Priority 3;NA
FUN;812;FUN;SR;OK;TASK000014722409;Priority 3;NA
FUN;812;FUN;SR;OK;TASK000014722445;Priority 3;NA
APS;ETH;APS;SR;OK;TASK000014722461;Priority 3;NA
FUN;812;FUN;SR;OK;TASK000014722481;Priority 3;NA
FUN;812;FUN;SR;OK;TASK000014722518;Priority 3;NA
SEC;SYN;SEC;SR;Defect;TASK000014722604;Priority 3;NA
SEC;812;SEC;SR;OK;TASK000014722671;Priority 3;NA
SEC;BWI;SEC;SR;OK;TASK000014722696;Priority 4;NA
APS;ETH;APS;SR;OK;TASK000014722876;Priority 3;NA
APS;ETH;APS;SR;OK;TASK000014722945;Priority 3;NA
SEC;DXE;SEC;SR;OK;TASK000014722982;Priority 3;NA
CNC;812;CNC;SR;OK;TASK000014722997;Priority 3;NA
SEC;DCF;SEC;SR;OK;TASK000014723082;Priority 3;NA
CNC;BWI;CNC;SR;OK;TASK000014723107;Priority 3;NA
CNC;812;CNC;SR;OK;TASK000014723251;Priority 3;NA
L1;BWI;L1 ;SR;OK;TASK000014723305;Priority 3;NA
FIN;812;FUN;SR;OK;TASK000014723458;Priority 4;NA
SEC;DCF;SEC;SR;OK;TASK000014723492;Priority 3;NA
SEC;DCF;SEC;SR;OK;TASK000014723501;Priority 4;NA
SEC;DCF;SEC;SR;OK;TASK000014723512;Priority 4;NA
SCH;812;SCH;SR;OK;TASK000014723513;Priority 3;NA
SCH;812;SCH;SR;OK;TASK000014723662;Priority 3;NA
SEC;SYN;SEC;SR;Defect;TASK000014723773;Priority 3;NA
SEC;BWI;SEC;SR;OK;TASK000014723861;Priority 4;NA
MNT;MNT;FUN;INC;OK;TASK000014723863;Priority 4;NA
SEC;812;SEC;SR;OK;TASK000014723865;Priority 3;NA
SEC;DCF;SEC;SR;OK;TASK000014723897;Priority 4;NA
SEC;EES;FUN;SR;OK;TASK000014723905;Priority 3;NA
SEC;BWI;SEC;SR;OK;TASK000014723916;Priority 4;NA
SEC;MNT;SEC;SR;OK;TASK000014723928;Priority 3;NA
SEC;DCF;SEC;SR;OK;TASK000014723932;Priority 4;NA
SEC;MNT;SEC;SR;OK;TASK000014724076;Priority 3;NA
SEC;DCF;SEC;SR;OK;TASK000014724109;Priority 4;NA
SEC;DCF;SEC;SR;Defect;TASK000014724114;Priority 3;NA
APS;EES;APS;SR;OK;TASK000014724253;Priority 4;NA
SEC;DCF;SEC;SR;OK;TASK000014724262;Priority 4;NA
APS;EES;APS;SR;OK;TASK000014724264;Priority 4;NA
L1;BWI;L1 ;SR;OK;TASK000014724287;Priority 3;NA
SEC;BWI;SEC;SR;OK;TASK000014724411;Priority 4;NA
SEC;SYN;SEC;SR;OK;TASK000014724601;Priority 3;NA
SEC;BWI;SEC;SR;OK;TASK000014724607;Priority 4;NA
SEC;BWI;SEC;SR;OK;TASK000014724821;Priority 4;NA
SEC;BWI;SEC;SR;OK;TASK000014724949;Priority 4;NA
SEC;SYN;SEC;SR;OK;TASK000014724990;Priority 3;NA
FUN;MNT;FUN;SR;OK;TASK000014725048;Priority 4;NA
CNC;BWI;L1 ;SR;OK;TASK000014725064;Priority 3;NA
SEC;ETH;SEC;SR;OK;TASK000014725131;Priority 3;NA
CNC;ETH;CNC;SR;OK;TASK000014725486;Priority 3;NA
SEC;BWI;SEC;SR;OK;TASK000014725600;Priority 4;NA
SEC;DXE;SEC;SR;OK;TASK000014725895;Priority 3;NA
SEC;EES;SEC;SR;OK;TASK000014726029;Priority 3;NA
CNC;DPY;CNC;SR;OK;TASK000014726125;Priority 3;NA
APS;ETH;APS;SR;OK;TASK000014726365;Priority 3;NA
SEC;812;SEC;SR;OK;TASK000014726401;Priority 3;NA
APS;ETH;APS;SR;OK;TASK000014726470;Priority 3;NA
SEC;812;SEC;SR;OK;TASK000014726684;Priority 3;NA
CNC;812;CNC;SR;OK;TASK000014726765;Priority 3;NA
SEC;SYN;SEC;SR;OK;TASK000014726803;Priority 3;NA
DBA;812;DBA;SR;OK;TASK000014726850;Priority 3;NA
CNC;812;CNC;SR;OK;TASK000014726864;Priority 3;NA
DBA;812;DBA;SR;OK;TASK000014726869;Priority 3;NA
APS;ETH;APS;SR;OK;TASK000014726878;Priority 3;NA
CNC;812;MON;SR;OK;TASK000014726969;Priority 3;NA
DBA;812;DBA;SR;OK;TASK000014726977;Priority 3;NA
DBA;812;DBA;SR;OK;TASK000014726989;Priority 3;NA
DBA;812;DBA;SR;OK;TASK000014726996;Priority 3;NA
CNC;812;CNC;SR;OK;TASK000014727000;Priority 3;NA
FUN;EDS;FUN;SR;OK;TASK000014727021;Priority 3;NA
CNC;DPY;CNC;SR;OK;TASK000014727024;Priority 3;NA
CNC;MNT;MON;SR;OK;TASK000014727072;Priority 3;NA
CNC;812;MON;SR;OK;TASK000014727156;Priority 3;NA
FUN;812;FUN;SR;OK;TASK000014727267;Priority 4;NA
APS;ETH;APS;SR;OK;TASK000014727282;Priority 3;NA
SEC;SYN;SEC;SR;Defect;TASK000014727296;Priority 3;NA
APS;ETH;APS;SR;OK;TASK000014727301;Priority 3;NA
FUN;812;FUN;SR;OK;TASK000014727486;Priority 3;NA
APS;ETH;APS;SR;OK;TASK000014727550;Priority 3;NA
SEC;812;SEC;SR;OK;TASK000014727560;Priority 3;NA
DBA;812;DBA;SR;OK;TASK000014727638;Priority 3;NA
SEC;BWI;SEC;SR;OK;TASK000014727656;Priority 4;NA
DBA;812;DBA;SR;OK;TASK000014727701;Priority 3;NA
APS;ETH;APS;SR;OK;TASK000014727732;Priority 3;NA
SEC;DCF;SEC;SR;OK;TASK000014727742;Priority 4;NA
SCH;812;SCH;SR;OK;TASK000014728032;Priority 3;NA
DBA;812;DBA;SR;OK;TASK000014728061;Priority 3;NA
SEC;DXE;SEC;SR;OK;TASK000014728151;Priority 3;NA
SEC;SYN;SEC;SR;OK;TASK000014728175;Priority 3;NA
SEC;BWI;SEC;SR;OK;TASK000014728204;Priority 4;NA
SEC;EMS;SEC;SR;OK;TASK000014728224;Priority 3;NA
DCF;DCF;FUN;SR;OK;TASK000014728262;Priority 3;NA
APS;ETH;APS;SR;OK;TASK000014728282;Priority 3;NA
DBA;812;DBA;SR;OK;TASK000014728353;Priority 3;NA
SEC;DCF;SEC;SR;OK;TASK000014728423;Priority 4;NA
CNC;812;CNC;SR;OK;TASK000014728435;Priority 3;NA
SEC;812;SEC;SR;OK;TASK000014728699;Priority 3;NA
SEC;DCF;SEC;SR;OK;TASK000014728835;Priority 4;NA
SEC;812;SEC;SR;OK;TASK000014728841;Priority 3;NA
SEC;812;SEC;SR;OK;TASK000014728928;Priority 3;NA
SEC;MNT;SEC;SR;OK;TASK000014729013;Priority 3;NA
SEC;MNT;SEC;SR;OK;TASK000014729029;Priority 3;NA
DCF;DCF;FUN;SR;OK;TASK000014729059;Priority 4;NA
APS;ETH;APS;SR;OK;TASK000014729065;Priority 3;NA
APS;ETH;APS;SR;OK;TASK000014729151;Priority 3;NA
SCH;812;SCH;SR;OK;TASK000014729162;Priority 3;NA
SCH;812;SCH;SR;OK;TASK000014729220;Priority 3;NA
MNT;MNT;FUN;SR;OK;TASK000014729270;Priority 3;NA
SEC;SYN;SEC;SR;OK;TASK000014729311;Priority 3;NA
SEC;812;SEC;SR;OK;TASK000014729330;Priority 3;NA
SEC;812;SEC;SR;OK;TASK000014729447;Priority 3;NA
L1;BWI;L1 ;SR;OK;TASK000014729486;Priority 3;NA
SEC;BWI;SEC;SR;OK;TASK000014729499;Priority 3;NA
SEC;MNT;SEC;SR;OK;TASK000014729780;Priority 3;NA
APS;ETH;APS;SR;OK;TASK000014729955;Priority 3;NA
FUN;812;FUN;SR;OK;TASK000014730165;Priority 4;NA
CNC;812;MON;SR;OK;TASK000014730297;Priority 3;NA
SEC;BWI;SEC;SR;Defect;TASK000014730320;Priority 3;NA
L1;812;MON;SR;OK;TASK000014730357;Priority 3;NA
SEC;BWI;SEC;SR;OK;TASK000014730402;Priority 4;NA
CNC;812;MON;SR;OK;TASK000014730609;Priority 3;NA
CNC;812;MON;SR;OK;TASK000014730619;Priority 3;NA
LAT;LAT;FUN;SR;OK;TASK000014730666;Priority 3;NA
LAT;LAT;FUN;SR;OK;TASK000014730667;Priority 3;NA
APS;EES;APS;SR;OK;TASK000014730670;Priority 4;NA
SEC;BWI;SEC;SR;OK;TASK000014730784;Priority 4;NA
SEC;BWI;SEC;SR;OK;TASK000014730787;Priority 3;NA
SEC;BWI;SEC;SR;OK;TASK000014730795;Priority 4;NA
SEC;BWI;SEC;SR;OK;TASK000014730828;Priority 3;NA
FUN;ETH;FUN;SR;OK;TASK000014730959;Priority 3;NA
SEC;SYN;SEC;SR;Defect;TASK000014731203;Priority 3;NA
CNC;812;MON;SR;OK;TASK000014731217;Priority 3;NA
SEC;812;SEC;SR;OK;TASK000014731578;Priority 3;NA
SEC;812;SEC;SR;OK;TASK000014731626;Priority 3;NA
DBA;812;DBA;SR;OK;TASK000014731859;Priority 3;NA
SEC;812;SEC;SR;OK;TASK000014731860;Priority 3;NA
SEC;812;SEC;SR;OK;TASK000014731874;Priority 3;NA
CNC;812;CNC;SR;OK;TASK000014731882;Priority 3;NA
APS;ETH;APS;SR;OK;TASK000014732135;Priority 3;NA
SEC;812;SEC;SR;OK;TASK000014732144;Priority 3;NA
FUN;812;FUN;SR;OK;TASK000014732170;Priority 3;NA
DBA;812;DBA;SR;OK;TASK000014732239;Priority 3;NA
SEC;DCF;SEC;SR;OK;TASK000014732243;Priority 3;NA
FUN;812;FUN;SR;OK;TASK000014732249;Priority 3;NA
SEC;812;SEC;SR;OK;TASK000014732250;Priority 3;NA
SEC;812;SEC;SR;OK;TASK000014732253;Priority 3;NA
FIN;812;FUN;SR;OK;TASK000014732275;Priority 4;NA
DXE;DXE;FUN;SR;OK;TASK000014732370;Priority 3;NA
SEC;812;SEC;SR;OK;TASK000014732430;Priority 3;NA
CNC;812;CNC;SR;OK;TASK000014732438;Priority 3;NA
SEC;812;SEC;SR;OK;TASK000014732529;Priority 3;NA
SEC;812;SEC;SR;OK;TASK000014732535;Priority 3;NA
DBA;812;DBA;SR;OK;TASK000014732631;Priority 3;NA
DBA;812;DBA;SR;OK;TASK000014732632;Priority 3;NA
SEC;812;SEC;SR;OK;TASK000014732673;Priority 3;NA
SEC;812;SEC;SR;OK;TASK000014732726;Priority 3;NA
SEC;812;SEC;SR;OK;TASK000014732779;Priority 3;NA
SEC;812;SEC;SR;OK;TASK000014732852;Priority 3;NA
LAT;LAT;FUN;SR;OK;TASK000014733207;Priority 3;NA
SEC;812;SEC;SR;OK;TASK000014733239;Priority 3;NA
FUN;EES;FUN;SR;OK;TASK000014733294;Priority 4;NA
SEC;LAT;SEC;SR;OK;TASK000014733297;Priority 3;NA
SEC;812;SEC;SR;OK;TASK000014733343;Priority 3;NA
SEC;812;SEC;SR;OK;TASK000014733353;Priority 3;NA
SEC;DXE;SEC;SR;OK;TASK000014733433;Priority 3;NA
SEC;DCF;SEC;SR;OK;TASK000014733492;Priority 4;NA
SEC;DCF;SEC;SR;OK;TASK000014733681;Priority 4;NA
SEC;812;SEC;SR;OK;TASK000014733715;Priority 3;NA
APS;ETH;APS;SR;OK;TASK000014733782;Priority 3;NA
CNC;812;CNC;SR;OK;TASK000014733796;Priority 3;NA
SEC;ETH;SEC;SR;OK;TASK000014733902;Priority 3;NA
FUN;812;FUN;SR;OK;TASK000014733918;Priority 4;NA
APS;EES;APS;SR;OK;TASK000014733948;Priority 3;NA
SEC;DCF;SEC;SR;OK;TASK000014734091;Priority 4;NA
SEC;812;SEC;SR;OK;TASK000014734144;Priority 3;NA
FIN;DXE;FUN;SR;OK;TASK000014734261;Priority 4;NA
SEC;MNT;SEC;SR;OK;TASK000014734264;Priority 3;NA
DBA;812;DBA;SR;OK;TASK000014734318;Priority 3;NA
SEC;DCF;SEC;SR;OK;TASK000014734400;Priority 3;NA
FUN;MNT;FUN;SR;OK;TASK000014734569;Priority 4;NA
SEC;812;SEC;SR;OK;TASK000014734833;Priority 3;NA
SEC;812;SEC;SR;OK;TASK000014734906;Priority 3;NA
SEC;BWI;SEC;SR;OK;TASK000014734951;Priority 4;NA
SEC;BWI;SEC;SR;OK;TASK000014735085;Priority 4;NA
SEC;DPY;SEC;SR;OK;TASK000014735138;Priority 3;NA
SEC;812;SEC;SR;OK;TASK000014735423;Priority 3;NA
FUN;COR;FUN;SR;OK;TASK000014735433;Priority 3;NA
SEC;EES;SEC;SR;OK;TASK000014735451;Priority 3;NA
SEC;DCF;SEC;SR;OK;TASK000014735496;Priority 4;NA
SEC;BWI;SEC;SR;OK;TASK000014735523;Priority 4;NA
SEC;DCF;SEC;SR;Defect;TASK000014735674;Priority 4;NA
SEC;EES;SEC;SR;OK;TASK000014735779;Priority 3;NA
SEC;SYN;SEC;SR;OK;TASK000014735916;Priority 3;NA
SEC;SYN;SEC;SR;OK;TASK000014736012;Priority 3;NA
DCF;DCF;FUN;SR;OK;TASK000014736032;Priority 4;NA
SEC;SYN;SEC;SR;OK;TASK000014736054;Priority 3;NA
APS;ETH;APS;SR;OK;TASK000014736061;Priority 3;NA
APS;ETH;APS;SR;OK;TASK000014736062;Priority 3;NA
CNC;DXE;CNC;SR;OK;TASK000014736115;Priority 3;NA
SEC;BWI;SEC;SR;OK;TASK000014736296;Priority 3;NA
SEC;ETH;SEC;SR;OK;TASK000014736331;Priority 3;NA
SEC;812;SEC;SR;OK;TASK000014736474;Priority 3;NA
SEC;EES;SEC;SR;OK;TASK000014736480;Priority 3;NA
CNC;DPY;CNC;SR;OK;TASK000014736516;Priority 3;NA
SEC;ETH;SEC;SR;OK;TASK000014736823;Priority 3;NA
CNC;BWI;CNC;SR;OK;TASK000014736827;Priority 3;NA
SEC;ETH;SEC;SR;OK;TASK000014736899;Priority 3;NA
OPS;EMS;OPS;SR;OK;TASK000014737156;Priority 3;NA
SEC;MNT;SEC;SR;OK;TASK000014737284;Priority 3;NA
SEC;MNT;SEC;SR;OK;TASK000014737336;Priority 3;NA
SEC;812;SEC;SR;OK;TASK000014737568;Priority 3;NA
SEC;812;SEC;SR;OK;TASK000014737577;Priority 3;NA
SEC;812;SEC;SR;OK;TASK000014737589;Priority 3;NA
SEC;812;SEC;SR;OK;TASK000014737793;Priority 3;NA
SEC;DCF;SEC;SR;OK;TASK000014737825;Priority 4;NA
FUN;812;FUN;SR;OK;TASK000014737888;Priority 3;NA
SEC;SYN;SEC;SR;OK;TASK000014737898;Priority 3;NA
FUN;812;FUN;SR;OK;TASK000014737954;Priority 4;NA
SEC;812;SEC;SR;OK;TASK000014737962;Priority 3;NA
SEC;812;SEC;SR;OK;TASK000014738009;Priority 3;NA
SEC;SYN;SEC;SR;Defect;TASK000014738305;Priority 3;NA
SEC;DXE;SEC;SR;OK;TASK000014738337;Priority 3;NA
SEC;812;SEC;SR;OK;TASK000014738366;Priority 3;NA
DBA;812;DBA;SR;OK;TASK000014738416;Priority 3;NA
DBA;812;DBA;SR;OK;TASK000014738484;Priority 3;NA
APS;ETH;APS;SR;OK;TASK000014738486;Priority 3;NA
DBA;812;DBA;SR;OK;TASK000014738500;Priority 3;NA
DBA;812;DBA;SR;OK;TASK000014738515;Priority 3;NA
SEC;BWI;SEC;SR;OK;TASK000014738556;Priority 3;NA
TEC;ETH;FUN;SR;OK;TASK000014738623;Priority 4;NA
DBA;812;DBA;SR;OK;TASK000014738652;Priority 3;NA
APS;ETH;APS;SR;OK;TASK000014738751;Priority 3;NA
SEC;812;SEC;SR;OK;TASK000014738774;Priority 3;NA
SEC;812;SEC;SR;OK;TASK000014738811;Priority 3;NA
SEC;BWI;SEC;SR;OK;TASK000014738936;Priority 3;NA
SEC;812;SEC;SR;OK;TASK000014738939;Priority 3;NA
SEC;EES;SEC;SR;OK;TASK000014738978;Priority 3;NA
SEC;812;SEC;SR;OK;TASK000014738985;Priority 3;NA
SEC;812;SEC;SR;OK;TASK000014739120;Priority 3;NA
SEC;812;SEC;SR;OK;TASK000014739166;Priority 3;NA
SEC;812;SEC;SR;OK;TASK000014739305;Priority 3;NA
SEC;ETH;SEC;SR;OK;TASK000014739320;Priority 3;NA
SEC;812;SEC;SR;OK;TASK000014739414;Priority 3;NA
SEC;MNT;SEC;SR;OK;TASK000014739427;Priority 3;NA
APS;ETH;APS;SR;OK;TASK000014739527;Priority 3;NA
TEC;BWI;TEC;SR;OK;TASK000014739533;Priority 3;NA
SEC;812;SEC;SR;OK;TASK000014739535;Priority 3;NA
FUN;DXE;FUN;SR;OK;TASK000014739557;Priority 3;NA
FUN;812;FUN;SR;OK;TASK000014739578;Priority 4;NA
SEC;BWI;SEC;SR;OK;TASK000014739657;Priority 4;NA
SEC;MNT;SEC;SR;OK;TASK000014739736;Priority 3;NA
CNC;BWI;CNC;SR;OK;TASK000014739762;Priority 3;NA
SEC;MNT;SEC;SR;OK;TASK000014739845;Priority 3;NA
CNC;812;CNC;SR;OK;TASK000014739961;Priority 3;NA
SEC;DCF;SEC;SR;OK;TASK000014740002;Priority 4;NA
DBA;812;DBA;SR;OK;TASK000014740040;Priority 3;NA
SEC;DCF;SEC;SR;OK;TASK000014740054;Priority 4;NA
SEC;DCF;SEC;SR;OK;TASK000014740055;Priority 4;NA
L1;ETH;CNC;SR;OK;TASK000014740057;Priority 3;NA
APS;EES;APS;SR;OK;TASK000014740068;Priority 3;NA
SEC;DCF;SEC;SR;OK;TASK000014740093;Priority 4;NA
APS;EES;APS;SR;OK;TASK000014740096;Priority 3;NA
SEC;ETH;SEC;SR;OK;TASK000014740245;Priority 3;NA
SEC;812;SEC;SR;OK;TASK000014740318;Priority 3;NA
SEC;BWI;SEC;SR;OK;TASK000014740370;Priority 4;NA
CNC;BWI;L1 ;SR;OK;TASK000014740377;Priority 3;NA
SEC;EES;FUN;SR;OK;TASK000014740419;Priority 3;NA
FUN;MNT;FUN;SR;OK;TASK000014740455;Priority 3;NA
SEC;BWI;SEC;SR;OK;TASK000014740513;Priority 4;NA
SEC;BWI;SEC;SR;OK;TASK000014740830;Priority 3;NA
CNC;MNT;MON;SR;OK;TASK000014741047;Priority 3;NA
SEC;812;SEC;SR;OK;TASK000014741202;Priority 3;NA
SEC;812;SEC;SR;OK;TASK000014741204;Priority 3;NA
DCF;DCF;FUN;INC;OK;TASK000014742739;Priority 3;NA
DCF;DCF;FUN;SR;OK;TASK000014742868;Priority 3;NA
SEC;812;SEC;SR;OK;TASK000014742909;Priority 3;NA
CNC;812;MON;SR;OK;TASK000014742933;Priority 3;NA
FUN;812;FUN;SR;OK;TASK000014743144;Priority 4;NA
SEC;WS;SEC;SR;OK;TASK000014743215;Priority 3;NA
SEC;812;SEC;SR;OK;TASK000014743324;Priority 3;NA
SEC;812;SEC;SR;OK;TASK000014743438;Priority 3;NA
APS;ETH;APS;SR;OK;TASK000014743460;Priority 3;NA
SEC;812;SEC;SR;OK;TASK000014743474;Priority 3;NA
SEC;812;SEC;SR;OK;TASK000014743509;Priority 3;NA
SEC;EDS;SEC;SR;OK;TASK000014743647;Priority 3;NA
SEC;EMS;SEC;SR;OK;TASK000014743689;Priority 3;NA
DXE;DXE;FUN;SR;Defect;TASK000014743699;Priority 3;NA
SEC;812;SEC;SR;OK;TASK000014743739;Priority 3;NA
SEC;DXE;SEC;SR;OK;TASK000014743746;Priority 3;NA
SEC;812;SEC;SR;OK;TASK000014743758;Priority 3;NA
SEC;DXE;SEC;SR;OK;TASK000014743827;Priority 3;NA
SEC;812;SEC;SR;OK;TASK000014743828;Priority 3;NA
SEC;DXE;SEC;SR;OK;TASK000014743829;Priority 3;NA
SEC;DXE;SEC;SR;OK;TASK000014743831;Priority 3;NA
SEC;DXE;SEC;SR;OK;TASK000014743832;Priority 3;NA
SEC;DXE;SEC;SR;OK;TASK000014743834;Priority 3;NA
SEC;812;SEC;SR;OK;TASK000014743835;Priority 3;NA
APS;ETH;APS;SR;OK;TASK000014743841;Priority 3;NA
SEC;812;SEC;SR;OK;TASK000014743986;Priority 3;NA
DBA;812;DBA;SR;OK;TASK000014743992;Priority 3;NA
SCH;LAT;SCH;SR;OK;TASK000014744059;Priority 3;NA
FUN;812;FUN;SR;OK;TASK000014744117;Priority 3;NA
DBA;812;DBA;SR;OK;TASK000014744209;Priority 3;NA
APS;DCF;APS;SR;OK;TASK000014744234;Priority 3;NA
SEC;BWI;SEC;SR;OK;TASK000014744472;Priority 3;NA
SEC;EES;SEC;SR;OK;TASK000014744477;Priority 3;NA
CNC;812;CNC;SR;OK;TASK000014744479;Priority 3;NA
CNC;812;CNC;SR;OK;TASK000014744604;Priority 3;NA
SEC;DXE;SEC;SR;OK;TASK000014744633;Priority 3;NA
SEC;MNT;SEC;SR;OK;TASK000014744669;Priority 3;NA
SEC;DCF;SEC;SR;OK;TASK000014744729;Priority 4;NA
SEC;DCF;SEC;SR;OK;TASK000014744764;Priority 4;NA
FUN;DXE;FUN;SR;OK;TASK000014744825;Priority 4;NA
FUN;ETH;FUN;SR;OK;TASK000014745048;Priority 3;NA
CNC;812;CNC;SR;OK;TASK000014745060;Priority 3;NA
FUN;EES;FUN;SR;OK;TASK000014745122;Priority 4;NA
SEC;BWI;SEC;SR;OK;TASK000014745152;Priority 3;NA
FUN;WS;FUN;SR;OK;TASK000014745162;Priority 3;NA
FUN;WS;FUN;SR;OK;TASK000014745163;Priority 3;NA
CNC;BWI;CNC;SR;OK;TASK000014745229;Priority 3;NA
FUN;ETH;FUN;SR;OK;TASK000014745244;Priority 3;NA
SEC;BWI;SEC;SR;OK;TASK000014745265;Priority 4;NA
L1;BWI;L1 ;SR;OK;TASK000014745343;Priority 3;NA
SEC;ETH;SEC;SR;OK;TASK000014745463;Priority 3;NA
L1;812;MON;SR;OK;TASK000014745494;Priority 3;NA
DCF;DCF;FUN;SR;OK;TASK000014745543;Priority 4;NA
L1;BWI;L1 ;SR;OK;TASK000014745544;Priority 3;NA
SEC;DCF;SEC;SR;OK;TASK000014745565;Priority 4;NA
L1;BWI;L1 ;SR;OK;TASK000014745574;Priority 3;NA
SEC;DPY;SEC;SR;OK;TASK000014745578;Priority 3;NA
SEC;MNT;SEC;SR;OK;TASK000014745629;Priority 3;NA
SEC;812;SEC;SR;OK;TASK000014746002;Priority 3;NA
SEC;812;SEC;SR;OK;TASK000014746311;Priority 3;NA
CNC;812;MON;SR;OK;TASK000014746446;Priority 3;NA
FUN;812;FUN;SR;OK;TASK000014746542;Priority 3;NA
SEC;DCF;SEC;SR;OK;TASK000014746823;Priority 4;NA
SEC;DXE;SEC;SR;OK;TASK000014747087;Priority 3;NA
CNC;812;MON;SR;OK;TASK000014747118;Priority 3;NA
CNC;812;MON;SR;OK;TASK000014747131;Priority 3;NA
DBA;812;DBA;SR;OK;TASK000014747182;Priority 3;NA
SEC;812;SEC;SR;OK;TASK000014747198;Priority 3;NA
APS;ETH;APS;SR;OK;TASK000014747261;Priority 3;NA
SEC;812;SEC;SR;OK;TASK000014747281;Priority 3;NA
SEC;812;SEC;SR;OK;TASK000014747302;Priority 3;NA
CNC;812;CNC;SR;Defect;TASK000014747309;Priority 3;NA
DBA;812;DBA;SR;OK;TASK000014747318;Priority 3;NA
CNC;812;CNC;SR;OK;TASK000014747324;Priority 3;NA
FUN;812;FUN;SR;OK;TASK000014747430;Priority 3;NA
812;812;FUN;SR;OK;TASK000014747514;Priority 4;NA
CNC;812;MON;SR;OK;TASK000014747555;Priority 3;NA
SEC;812;SEC;SR;OK;TASK000014747607;Priority 3;NA
DBA;812;DBA;SR;OK;TASK000014747745;Priority 3;NA
DBA;812;DBA;SR;OK;TASK000014747786;Priority 3;NA
APS;ETH;APS;SR;OK;TASK000014747793;Priority 3;NA
DBA;812;DBA;SR;OK;TASK000014747795;Priority 3;NA
APS;ETH;APS;SR;OK;TASK000014747836;Priority 3;NA
CNC;BWI;CNC;SR;OK;TASK000014747929;Priority 3;NA
CNC;LAT;CNC;SR;OK;TASK000014747941;Priority 3;NA
SEC;812;SEC;SR;OK;TASK000014747972;Priority 3;NA
SEC;812;SEC;SR;OK;TASK000014748075;Priority 3;NA
SEC;EDS;SEC;SR;OK;TASK000014748098;Priority 3;NA
SEC;812;SEC;SR;OK;TASK000014748181;Priority 3;NA
DBA;812;DBA;SR;OK;TASK000014748203;Priority 3;NA
SEC;MNT;SEC;SR;OK;TASK000014748239;Priority 3;NA
SEC;812;SEC;SR;OK;TASK000014748257;Priority 3;NA
SEC;812;SEC;SR;OK;TASK000014748271;Priority 3;NA
SEC;DCF;SEC;SR;OK;TASK000014748316;Priority 4;NA
SEC;DCF;SEC;SR;OK;TASK000014748342;Priority 4;NA
SEC;DCF;SEC;SR;OK;TASK000014748359;Priority 4;NA
SEC;812;SEC;SR;OK;TASK000014748562;Priority 3;NA
CNC;812;CNC;SR;OK;TASK000014748574;Priority 3;NA
SEC;812;SEC;SR;OK;TASK000014748630;Priority 3;NA
SEC;812;SEC;SR;OK;TASK000014748644;Priority 3;NA
SEC;DPY;SEC;SR;Defect;TASK000014748663;Priority 3;NA
FUN;DXE;FUN;SR;OK;TASK000014748685;Priority 3;NA
L1;BWI;L1 ;SR;OK;TASK000014748690;Priority 4;NA
CNC;BWI;CNC;SR;OK;TASK000014748735;Priority 3;NA
FUN;812;FUN;SR;OK;TASK000014748756;Priority 4;NA
DBA;812;DBA;SR;OK;TASK000014748769;Priority 3;NA
SEC;BWI;SEC;SR;OK;TASK000014748854;Priority 4;NA
SEC;EDS;SEC;SR;OK;TASK000014748878;Priority 3;NA
SEC;ETH;SEC;SR;OK;TASK000014748971;Priority 3;NA
SEC;812;SEC;SR;OK;TASK000014749017;Priority 3;NA
SEC;BWI;SEC;SR;OK;TASK000014749035;Priority 4;NA
SEC;ETH;SEC;SR;OK;TASK000014749080;Priority 3;NA
DBA;812;DBA;SR;OK;TASK000014749283;Priority 3;NA
L1;ETH;CNC;SR;OK;TASK000014749390;Priority 4;NA
DBA;812;DBA;SR;OK;TASK000014750897;Priority 3;NA
CNC;812;CNC;SR;OK;TASK000014750970;Priority 3;NA
SEC;812;SEC;SR;OK;TASK000014751166;Priority 3;NA
SEC;812;SEC;SR;OK;TASK000014751238;Priority 3;NA
DBA;812;DBA;SR;OK;TASK000014751323;Priority 3;NA
CNC;BWI;CNC;SR;OK;TASK000014751361;Priority 3;NA
DBA;812;DBA;SR;OK;TASK000014751386;Priority 3;NA
DBA;812;DBA;SR;OK;TASK000014751416;Priority 3;NA
CNC;812;CNC;SR;OK;TASK000014751455;Priority 3;NA
CNC;812;MON;SR;OK;TASK000014751555;Priority 3;NA
SEC;812;SEC;SR;OK;TASK000014751634;Priority 3;NA
SEC;812;SEC;SR;OK;TASK000014751637;Priority 3;NA
CNC;812;MON;SR;OK;TASK000014751710;Priority 3;NA
SEC;SYN;SEC;SR;OK;TASK000014751919;Priority 3;NA
SEC;DCF;SEC;SR;OK;TASK000014752029;Priority 4;NA
SEC;BWI;SEC;SR;OK;TASK000014752096;Priority 4;NA
APS;ETH;APS;SR;OK;TASK000014752178;Priority 3;NA
MNT;MNT;FUN;SR;OK;TASK000014752225;Priority 4;NA
SEC;812;SEC;SR;OK;TASK000014752279;Priority 3;NA
SEC;MNT;SEC;SR;OK;TASK000014752358;Priority 3;NA
TEC;BWI;TEC;SR;OK;TASK000014752524;Priority 3;NA
TEC;LAT;TEC;SR;OK;TASK000014752532;Priority 3;NA
APS;ETH;APS;SR;OK;TASK000014752572;Priority 3;NA
SEC;812;SEC;SR;OK;TASK000014752573;Priority 3;NA
SEC;812;SEC;SR;OK;TASK000014752597;Priority 3;NA
APS;ETH;APS;SR;OK;TASK000014752661;Priority 3;NA
FUN;812;FUN;SR;OK;TASK000014752707;Priority 4;NA
FUN;812;FUN;SR;OK;TASK000014752780;Priority 4;NA
FIN;812;FUN;SR;OK;TASK000014752877;Priority 4;NA
DBA;812;DBA;SR;OK;TASK000014752900;Priority 3;NA
APS;ETH;APS;SR;OK;TASK000014752937;Priority 3;NA
DBA;812;DBA;SR;OK;TASK000014753019;Priority 3;NA
APS;ETH;APS;SR;OK;TASK000014753164;Priority 3;NA
SEC;WS;SEC;SR;OK;TASK000014753187;Priority 3;NA
SEC;812;SEC;SR;OK;TASK000014753250;Priority 3;NA
SEC;SYN;SEC;SR;Defect;TASK000014753282;Priority 3;NA
SEC;SYN;SEC;SR;OK;TASK000014753407;Priority 3;NA
SEC;SYN;SEC;SR;OK;TASK000014753415;Priority 3;NA
APS;ETH;APS;SR;OK;TASK000014753462;Priority 3;NA
APS;ETH;APS;SR;OK;TASK000014753469;Priority 3;NA
APS;EES;APS;SR;OK;TASK000014753507;Priority 4;NA
SEC;SYN;SEC;SR;OK;TASK000014753509;Priority 3;NA
DBA;812;DBA;SR;OK;TASK000014753674;Priority 3;NA
DBA;812;DBA;SR;OK;TASK000014753679;Priority 3;NA
APS;EES;APS;SR;OK;TASK000014753728;Priority 4;NA
SEC;BWI;SEC;SR;OK;TASK000014753896;Priority 4;NA
SEC;BWI;SEC;SR;OK;TASK000014753921;Priority 4;NA
FUN;ETH;FUN;SR;OK;TASK000014753964;Priority 3;NA
FUN;MNT;FUN;SR;OK;TASK000014753986;Priority 3;NA
CNC;812;CNC;SR;OK;TASK000014754360;Priority 3;NA
CNC;812;CNC;SR;OK;TASK000014754390;Priority 3;NA
FUN;812;FUN;SR;OK;TASK000014754502;Priority 3;NA
CNC;EES;CNC;SR;OK;TASK000014754559;Priority 3;NA
FUN;812;FUN;SR;OK;TASK000014754609;Priority 4;NA
APS;EES;APS;SR;OK;TASK000014754650;Priority 4;NA
SEC;EES;SEC;SR;OK;TASK000014754664;Priority 3;NA
CNC;812;CNC;SR;OK;TASK000014754674;Priority 3;NA
SEC;DCF;SEC;SR;OK;TASK000014754874;Priority 4;NA
SEC;DCF;SEC;SR;OK;TASK000014754878;Priority 4;NA
SEC;DCF;SEC;SR;OK;TASK000014754884;Priority 4;NA
SEC;DCF;SEC;SR;OK;TASK000014754889;Priority 4;NA
SEC;DCF;SEC;SR;OK;TASK000014754891;Priority 4;NA
SEC;BWI;SEC;SR;OK;TASK000014754897;Priority 4;NA
CNC;ETH;CNC;SR;OK;TASK000014755100;Priority 3;NA
L1;BWI;L1 ;SR;OK;TASK000014755671;Priority 4;NA
DBA;812;DBA;SR;OK;TASK000014755809;Priority 3;NA
DBA;812;DBA;SR;OK;TASK000014755885;Priority 3;NA
SEC;WS;SEC;SR;OK;TASK000014756065;Priority 3;NA
DCF;DCF;FUN;SR;OK;TASK000014756158;Priority 3;NA
APS;ETH;APS;SR;OK;TASK000014756247;Priority 3;NA
SEC;812;SEC;SR;OK;TASK000014756527;Priority 3;NA
SEC;DXE;SEC;SR;OK;TASK000014756561;Priority 3;NA
SEC;812;SEC;SR;OK;TASK000014756568;Priority 3;NA
FUN;WS;FUN;SR;OK;TASK000014756601;Priority 4;NA
SEC;812;SEC;SR;OK;TASK000014756636;Priority 3;NA
SEC;DCF;SEC;SR;OK;TASK000014756686;Priority 4;NA
FUN;812;FUN;SR;OK;TASK000014756749;Priority 3;NA
CNC;812;MON;SR;OK;TASK000014756759;Priority 3;NA
DBA;812;DBA;SR;OK;TASK000014756896;Priority 3;NA
SEC;SYN;SEC;SR;OK;TASK000014756933;Priority 3;NA
SEC;812;SEC;SR;OK;TASK000014757009;Priority 3;NA
SEC;812;SEC;SR;OK;TASK000014757032;Priority 3;NA
SEC;812;SEC;SR;OK;TASK000014757205;Priority 3;NA
CNC;812;MON;SR;OK;TASK000014757277;Priority 3;NA
SEC;812;SEC;SR;OK;TASK000014757324;Priority 3;NA
SEC;812;SEC;SR;OK;TASK000014757342;Priority 3;NA
SEC;812;SEC;SR;OK;TASK000014757351;Priority 3;NA
SEC;812;SEC;SR;OK;TASK000014757357;Priority 3;NA
SEC;812;SEC;SR;OK;TASK000014757364;Priority 3;NA
SEC;812;SEC;SR;OK;TASK000014757373;Priority 3;NA
SEC;BWI;SEC;SR;OK;TASK000014757374;Priority 4;NA
APS;ETH;APS;SR;OK;TASK000014757381;Priority 3;NA
SEC;812;SEC;SR;OK;TASK000014757413;Priority 3;NA
FUN;DXE;FUN;SR;OK;TASK000014757478;Priority 4;NA
CNC;812;CNC;SR;OK;TASK000014757481;Priority 3;NA
SEC;DCF;SEC;SR;OK;TASK000014757593;Priority 4;NA
SEC;DCF;SEC;SR;OK;TASK000014757606;Priority 4;NA
CNC;812;CNC;SR;OK;TASK000014757664;Priority 3;NA
SEC;SYN;SEC;SR;OK;TASK000014757677;Priority 3;NA
TEC;BWI;TEC;SR;OK;TASK000014757801;Priority 4;NA
SEC;DCF;SEC;SR;OK;TASK000014757848;Priority 3;NA
SEC;WS;SEC;SR;OK;TASK000014758225;Priority 3;NA
L1;BWI;L1 ;SR;OK;TASK000014758348;Priority 4;NA
APS;ETH;APS;SR;OK;TASK000014758441;Priority 3;NA
APS;ETH;APS;SR;OK;TASK000014758472;Priority 3;NA
APS;ETH;APS;SR;OK;TASK000014758588;Priority 3;NA
SEC;DCF;SEC;SR;OK;TASK000014758590;Priority 4;NA
SEC;812;SEC;SR;OK;TASK000014758690;Priority 3;NA
DBA;812;DBA;SR;OK;TASK000014758719;Priority 3;NA
SEC;DCF;SEC;SR;OK;TASK000014758767;Priority 4;NA
SEC;812;SEC;SR;OK;TASK000014758775;Priority 3;NA
APS;ETH;APS;SR;OK;TASK000014758789;Priority 3;NA
CNC;812;CNC;SR;OK;TASK000014758848;Priority 3;NA
CNC;DPY;CNC;SR;OK;TASK000014758900;Priority 3;NA
CNC;ETH;CNC;SR;OK;TASK000014758915;Priority 3;NA
FUN;812;FUN;SR;OK;TASK000014758941;Priority 3;NA
APS;DCF;APS;SR;OK;TASK000014758967;Priority 3;NA
SCH;LAT;SCH;SR;OK;TASK000014758996;Priority 3;NA
SEC;812;SEC;SR;OK;TASK000014759024;Priority 3;NA
SEC;BWI;SEC;SR;OK;TASK000014759036;Priority 3;NA
FUN;EES;FUN;SR;OK;TASK000014759086;Priority 4;NA
SEC;812;SEC;SR;OK;TASK000014759219;Priority 3;NA
SEC;812;SEC;SR;OK;TASK000014759236;Priority 3;NA
SEC;812;SEC;SR;OK;TASK000014759249;Priority 3;NA
SEC;SYN;SEC;SR;OK;TASK000014759460;Priority 3;NA
SEC;SYN;SEC;SR;OK;TASK000014759511;Priority 3;NA
FUN;WS;FUN;SR;OK;TASK000014759632;Priority 4;NA
APS;ETH;APS;SR;OK;TASK000014760037;Priority 3;NA
L1;BWI;L1 ;SR;OK;TASK000014760094;Priority 4;NA
SEC;BWI;SEC;SR;OK;TASK000014760106;Priority 4;NA
CNC;812;CNC;SR;OK;TASK000014760413;Priority 3;NA
SEC;DCF;SEC;SR;OK;TASK000014760430;Priority 4;NA
SEC;ETH;SEC;SR;OK;TASK000014760438;Priority 3;NA
DCF;DCF;FUN;SR;OK;TASK000014760641;Priority 3;NA
SEC;BWI;SEC;SR;OK;TASK000014760646;Priority 3;NA
SEC;BWI;SEC;SR;OK;TASK000014760660;Priority 4;NA
SEC;BWI;SEC;SR;OK;TASK000014760661;Priority 4;NA
CNC;DPY;CNC;SR;OK;TASK000014760680;Priority 3;NA
SEC;EES;SEC;SR;OK;TASK000014761012;Priority 3;NA
L1;ETH;CNC;SR;OK;TASK000014761052;Priority 4;NA
CNC;812;MON;SR;OK;TASK000014761441;Priority 3;NA
SEC;MNT;SEC;SR;OK;TASK000014761547;Priority 3;NA
MNT;MNT;FUN;SR;OK;TASK000014761566;Priority 3;NA
APS;ETH;APS;SR;OK;TASK000014761801;Priority 3;NA
MNT;MNT;FUN;SR;OK;TASK000014761834;Priority 3;NA
DBA;812;DBA;SR;OK;TASK000014761928;Priority 3;NA
SEC;MNT;SEC;SR;OK;TASK000014762034;Priority 3;NA
SEC;812;SEC;SR;OK;TASK000014762086;Priority 3;NA
CNC;BWI;CNC;SR;OK;TASK000014762128;Priority 3;NA
CNC;DPY;CNC;SR;OK;TASK000014762255;Priority 3;NA
DBA;812;DBA;SR;OK;TASK000014762454;Priority 3;NA
SEC;DCF;SEC;SR;OK;TASK000014762619;Priority 4;NA
FUN;COR;FUN;SR;OK;TASK000014762634;Priority 3;NA
SEC;DCF;SEC;SR;OK;TASK000014762718;Priority 4;NA
TEC;LAT;TEC;SR;OK;TASK000014762909;Priority 3;NA
TEC;BWI;TEC;SR;OK;TASK000014762914;Priority 3;NA
SEC;812;SEC;SR;OK;TASK000014762929;Priority 3;NA
SEC;812;SEC;SR;OK;TASK000014762949;Priority 3;NA
SEC;812;SEC;SR;OK;TASK000014762960;Priority 3;NA
SEC;812;SEC;SR;OK;TASK000014763033;Priority 3;NA
SEC;812;SEC;SR;OK;TASK000014763055;Priority 3;NA
SEC;MNT;SEC;SR;OK;TASK000014763066;Priority 3;NA
SEC;MNT;SEC;SR;OK;TASK000014763138;Priority 3;NA
SEC;ETH;SEC;SR;OK;TASK000014763351;Priority 3;NA
L1;BWI;L1 ;SR;OK;TASK000014763405;Priority 4;NA
SEC;ETH;SEC;SR;OK;TASK000014763425;Priority 3;NA
SEC;812;SEC;SR;OK;TASK000014763452;Priority 3;NA
SEC;SYN;SEC;SR;OK;TASK000014763474;Priority 3;NA
SEC;DCF;SEC;SR;OK;TASK000014763616;Priority 4;NA
SEC;812;SEC;SR;OK;TASK000014763717;Priority 3;NA
SEC;812;SEC;SR;OK;TASK000014763823;Priority 3;NA
TEC;BWI;TEC;SR;OK;TASK000014763868;Priority 3;NA
L1;812;MON;SR;OK;TASK000014764083;Priority 4;NA
FUN;812;FUN;SR;OK;TASK000014764145;Priority 3;NA
DBA;812;DBA;SR;OK;TASK000014764150;Priority 3;NA
SEC;SYN;SEC;SR;OK;TASK000014764227;Priority 3;NA
L1;812;MON;SR;OK;TASK000014764358;Priority 4;NA
SEC;SYN;SEC;SR;OK;TASK000014764390;Priority 3;NA
SEC;MNT;SEC;SR;OK;TASK000014764441;Priority 3;NA
APS;ETH;APS;SR;OK;TASK000014764506;Priority 3;NA
FUN;ETH;FUN;SR;OK;TASK000014764515;Priority 3;NA
APS;EES;APS;SR;OK;TASK000014765093;Priority 4;NA
SEC;EES;SEC;SR;OK;TASK000014765136;Priority 3;NA
SEC;ETH;SEC;SR;OK;TASK000014765146;Priority 3;NA
CNC;812;MON;SR;OK;TASK000014766946;Priority 3;NA
SEC;812;SEC;SR;OK;TASK000014767349;Priority 3;NA
SEC;DCF;SEC;SR;OK;TASK000014767559;Priority 4;NA
SEC;WS;SEC;SR;OK;TASK000014767816;Priority 3;NA
DBA;812;DBA;SR;OK;TASK000014768047;Priority 3;NA
SEC;812;SEC;SR;OK;TASK000014768164;Priority 3;NA
CNC;812;MON;SR;OK;TASK000014768233;Priority 3;NA
SEC;812;SEC;SR;OK;TASK000014768283;Priority 3;NA
CNC;812;CNC;SR;OK;TASK000014768348;Priority 3;NA
SEC;SYN;SEC;SR;OK;TASK000014768391;Priority 3;NA
DBA;812;DBA;SR;OK;TASK000014768504;Priority 3;NA
FUN;812;FUN;SR;OK;TASK000014768582;Priority 3;NA
SEC;MNT;SEC;SR;OK;TASK000014768619;Priority 3;NA
SEC;DXE;SEC;SR;OK;TASK000014768719;Priority 3;NA
CNC;812;MON;SR;OK;TASK000014768725;Priority 3;NA
SEC;SYN;SEC;INC;OK;TASK000014768807;Priority 3;NA
TEC;BWI;TEC;SR;OK;TASK000014768864;Priority 3;NA
TEC;LAT;TEC;SR;OK;TASK000014768872;Priority 3;NA
SEC;SYN;SEC;INC;OK;TASK000014769044;Priority 3;NA
MNT;MNT;FUN;SR;OK;TASK000014769226;Priority 3;NA
CNC;812;CNC;SR;OK;TASK000014769283;Priority 3;NA
SEC;BWI;SEC;SR;OK;TASK000014769620;Priority 3;NA
CNC;812;CNC;SR;OK;TASK000014769669;Priority 3;NA
SEC;812;SEC;SR;Defect;TASK000014769713;Priority 3;NA
SEC;812;SEC;SR;OK;TASK000014769750;Priority 3;NA
SEC;812;SEC;SR;OK;TASK000014769755;Priority 3;NA
SEC;DXE;SEC;SR;OK;TASK000014769796;Priority 3;NA
APS;EES;APS;SR;OK;TASK000014769886;Priority 4;NA
L1;812;MON;SR;OK;TASK000014769949;Priority 3;NA
SEC;EMS;SEC;SR;OK;TASK000014770000;Priority 3;NA
SEC;812;SEC;SR;OK;TASK000014770014;Priority 3;NA
SEC;812;SEC;SR;OK;TASK000014770016;Priority 3;NA
L1;812;MON;SR;OK;TASK000014770018;Priority 3;NA
SEC;SYN;SEC;SR;OK;TASK000014770150;Priority 3;NA
SEC;BWI;SEC;SR;OK;TASK000014770184;Priority 4;NA
APS;ETH;APS;SR;OK;TASK000014770192;Priority 3;NA
SEC;ETH;SEC;SR;OK;TASK000014770206;Priority 3;NA
SEC;DCF;SEC;SR;OK;TASK000014770306;Priority 4;NA
SEC;EES;SEC;SR;Defect;TASK000014770315;Priority 3;NA
SEC;DPY;SEC;SR;Defect;TASK000014770325;Priority 3;NA
SEC;MNT;SEC;SR;OK;TASK000014770332;Priority 4;NA
SEC;BWI;SEC;SR;OK;TASK000014770413;Priority 4;NA
SEC;812;SEC;SR;OK;TASK000014770421;Priority 3;NA
DBA;812;DBA;SR;OK;TASK000014770446;Priority 3;NA
CNC;812;CNC;SR;OK;TASK000014770527;Priority 3;NA
SEC;BWI;SEC;SR;OK;TASK000014770572;Priority 3;NA
SEC;812;SEC;SR;OK;TASK000014770602;Priority 3;NA
SEC;812;SEC;SR;OK;TASK000014770644;Priority 3;NA
DBA;812;DBA;SR;OK;TASK000014770753;Priority 3;NA
CNC;812;CNC;SR;OK;TASK000014770801;Priority 3;NA
SEC;812;SEC;SR;OK;TASK000014770807;Priority 3;NA
APS;ETH;APS;SR;OK;TASK000014771171;Priority 3;NA
CNC;BWI;CNC;SR;OK;TASK000014771311;Priority 3;NA
SEC;DPY;SEC;SR;OK;TASK000014771522;Priority 3;NA
SEC;SYN;SEC;INC;OK;TASK000014771598;Priority 3;NA
SEC;DPY;SEC;SR;OK;TASK000014771698;Priority 3;NA
SEC;EES;SEC;SR;OK;TASK000014771720;Priority 3;NA
SEC;ETH;SEC;SR;OK;TASK000014771739;Priority 3;NA
SEC;ETH;SEC;SR;OK;TASK000014771770;Priority 3;NA
SEC;DCF;SEC;SR;OK;TASK000014771854;Priority 4;NA
SEC;DCF;SEC;SR;OK;TASK000014771908;Priority 3;NA
SEC;SYN;SEC;SR;OK;TASK000014771913;Priority 3;NA
SEC;SYN;SEC;SR;OK;TASK000014771979;Priority 3;NA
SEC;BWI;SEC;SR;OK;TASK000014772065;Priority 3;NA
SEC;BWI;SEC;SR;OK;TASK000014772079;Priority 4;NA
CNC;DXE;CNC;SR;OK;TASK000014772179;Priority 3;NA
L1;ETH;CNC;SR;OK;TASK000014772376;Priority 4;NA
SEC;812;SEC;SR;OK;TASK000014772397;Priority 3;NA
CNC;812;CNC;SR;OK;TASK000014773411;Priority 3;NA
FIN;812;INS;INC;OK;TASK000014773494;Priority 4;NA
FUN;812;FUN;SR;OK;TASK000014773576;Priority 3;NA
APS;ETH;APS;SR;OK;TASK000014773700;Priority 3;NA
FUN;COR;FUN;SR;OK;TASK000014773812;Priority 3;NA
CNC;BWI;CNC;SR;OK;TASK000014774054;Priority 3;NA
DBA;812;DBA;SR;OK;TASK000014774163;Priority 3;NA
DBA;812;DBA;SR;OK;TASK000014774423;Priority 3;NA
CNC;812;CNC;SR;OK;TASK000014774505;Priority 3;NA
SEC;SYN;SEC;SR;OK;TASK000014774512;Priority 3;NA
SEC;812;SEC;SR;OK;TASK000014774606;Priority 3;NA
TEC;LAT;TEC;SR;OK;TASK000014774629;Priority 3;NA
TEC;LAT;TEC;SR;OK;TASK000014774642;Priority 3;NA
SEC;ETH;SEC;SR;OK;TASK000014774647;Priority 3;NA
SEC;DXE;SEC;SR;OK;TASK000014774732;Priority 3;NA
SEC;812;SEC;SR;OK;TASK000014774783;Priority 3;NA
SEC;DCF;SEC;SR;OK;TASK000014774915;Priority 4;NA
DBA;812;DBA;SR;OK;TASK000014775211;Priority 3;NA
SEC;EMS;SEC;SR;OK;TASK000014775267;Priority 3;NA
SEC;DCF;SEC;SR;OK;TASK000014775314;Priority 4;NA
SEC;DCF;SEC;SR;OK;TASK000014775315;Priority 4;NA
SEC;DCF;SEC;SR;OK;TASK000014775316;Priority 4;NA
SCH;BWI;SCH;SR;OK;TASK000014775480;Priority 4;NA
SEC;BWI;SEC;SR;OK;TASK000014775482;Priority 4;NA
APS;ETH;APS;SR;OK;TASK000014775489;Priority 3;NA
DBA;812;DBA;SR;OK;TASK000014775513;Priority 3;NA
SEC;WS;SEC;SR;OK;TASK000014775532;Priority 3;NA
DBA;812;DBA;SR;OK;TASK000014775541;Priority 3;NA
SEC;ETH;SEC;SR;OK;TASK000014775662;Priority 3;NA
L1;DPY;CNC;SR;OK;TASK000014775776;Priority 4;NA
L1;MNT;MON;SR;OK;TASK000014775815;Priority 4;NA
APS;ETH;APS;SR;OK;TASK000014775824;Priority 3;NA
SEC;BWI;SEC;SR;OK;TASK000014775849;Priority 4;NA
SEC;BWI;SEC;SR;OK;TASK000014776044;Priority 3;NA
SEC;SYN;SEC;SR;OK;TASK000014776078;Priority 3;NA
SEC;812;SEC;SR;OK;TASK000014776248;Priority 3;NA
APS;ETH;APS;SR;OK;TASK000014776422;Priority 3;NA
SEC;DCF;SEC;SR;OK;TASK000014776425;Priority 4;NA
SEC;MNT;SEC;SR;OK;TASK000014776497;Priority 3;NA
SEC;EDS;SEC;SR;OK;TASK000014776579;Priority 3;NA
SEC;SYN;SEC;SR;OK;TASK000014776608;Priority 3;NA
SEC;DPY;SEC;SR;OK;TASK000014776770;Priority 3;NA
SEC;DPY;SEC;SR;OK;TASK000014776836;Priority 3;NA
SEC;SYN;SEC;SR;OK;TASK000014776880;Priority 3;NA
SEC;SYN;SEC;SR;Defect;TASK000014776985;Priority 3;NA
SEC;SYN;SEC;SR;OK;TASK000014777120;Priority 3;NA
SEC;WS;SEC;SR;OK;TASK000014777266;Priority 3;NA
APS;ETH;APS;SR;OK;TASK000014777267;Priority 3;NA
SEC;812;SEC;SR;OK;TASK000014777357;Priority 3;NA
SEC;DCF;SEC;SR;OK;TASK000014777392;Priority 4;NA
SEC;SYN;SEC;SR;OK;TASK000014777416;Priority 3;NA
SEC;SYN;SEC;SR;OK;TASK000014777417;Priority 3;NA
MNT;MNT;FUN;SR;OK;TASK000014777451;Priority 4;NA
SEC;BWI;SEC;SR;OK;TASK000014777589;Priority 4;NA
SEC;BWI;SEC;SR;OK;TASK000014777638;Priority 3;NA
SEC;812;SEC;SR;OK;TASK000014777643;Priority 3;NA
SEC;DCF;SEC;SR;OK;TASK000014777809;Priority 4;NA
L1;DPY;CNC;SR;OK;TASK000014777821;Priority 4;NA
SEC;MNT;SEC;SR;OK;TASK000014777826;Priority 3;NA
L1;ETH;CNC;SR;OK;TASK000014777862;Priority 4;NA
SEC;812;SEC;SR;OK;TASK000014778001;Priority 3;NA
SEC;DCF;SEC;SR;OK;TASK000014778181;Priority 4;NA
APS;ETH;APS;SR;OK;TASK000014778304;Priority 3;NA
FUN;EDS;FUN;SR;OK;TASK000014778342;Priority 3;NA
APS;ETH;APS;SR;OK;TASK000014778435;Priority 3;NA
DXE;DXE;FUN;SR;OK;TASK000014778562;Priority 3;NA
FUN;812;FUN;SR;OK;TASK000014778606;Priority 3;NA
DBA;812;DBA;SR;OK;TASK000014778618;Priority 3;NA
DBA;812;DBA;SR;OK;TASK000014778636;Priority 3;NA
SEC;812;SEC;SR;OK;TASK000014778644;Priority 3;NA
DBA;812;DBA;SR;OK;TASK000014778816;Priority 3;NA
DBA;812;DBA;SR;OK;TASK000014778824;Priority 3;NA
SEC;DCF;SEC;SR;OK;TASK000014778867;Priority 4;NA
FUN;EDS;FUN;SR;OK;TASK000014779143;Priority 3;NA
DBA;812;DBA;SR;OK;TASK000014779186;Priority 3;NA
CNC;DCF;CNC;SR;OK;TASK000014779422;Priority 3;NA
SEC;812;SEC;SR;OK;TASK000014779443;Priority 3;NA
L1;EMS;MON;SR;OK;TASK000014779462;Priority 3;NA
CNC;DPY;CNC;SR;OK;TASK000014779490;Priority 3;NA
APS;ETH;APS;SR;OK;TASK000014779510;Priority 3;NA
DBA;812;DBA;SR;OK;TASK000014779545;Priority 3;NA
SEC;812;SEC;SR;OK;TASK000014779600;Priority 3;NA
SEC;DCF;SEC;SR;OK;TASK000014779613;Priority 4;NA
SEC;ETH;SEC;SR;OK;TASK000014779617;Priority 3;NA
APS;ETH;APS;SR;OK;TASK000014779645;Priority 3;NA
SEC;DCF;SEC;SR;OK;TASK000014779672;Priority 4;NA
TEC;BWI;TEC;SR;OK;TASK000014779674;Priority 3;NA
TEC;LAT;TEC;SR;OK;TASK000014779683;Priority 3;NA
APS;ETH;APS;SR;OK;TASK000014779711;Priority 3;NA
APS;ETH;APS;SR;OK;TASK000014779829;Priority 3;NA
SEC;DCF;SEC;SR;OK;TASK000014779833;Priority 4;NA
FUN;EES;FUN;SR;OK;TASK000014779962;Priority 4;NA
APS;ETH;APS;SR;OK;TASK000014779983;Priority 3;NA
DBA;812;DBA;SR;OK;TASK000014780000;Priority 3;NA
CNC;BWI;CNC;SR;OK;TASK000014780028;Priority 3;NA
SEC;EMS;SEC;SR;OK;TASK000014780196;Priority 3;NA
SEC;ETH;SEC;SR;OK;TASK000014780283;Priority 3;NA
APS;ETH;APS;SR;OK;TASK000014780460;Priority 3;NA
APS;ETH;APS;SR;OK;TASK000014780608;Priority 3;NA
APS;ETH;APS;SR;OK;TASK000014780660;Priority 3;NA
SEC;DPY;SEC;SR;OK;TASK000014780725;Priority 3;NA
SEC;DCF;SEC;SR;OK;TASK000014780731;Priority 4;NA
SEC;DPY;SEC;SR;OK;TASK000014780747;Priority 3;NA
APS;ETH;APS;SR;OK;TASK000014780857;Priority 3;NA
DCF;DCF;FUN;SR;OK;TASK000014780871;Priority 3;NA
APS;ETH;APS;SR;OK;TASK000014781075;Priority 3;NA
SEC;ETH;SEC;SR;OK;TASK000014781110;Priority 3;NA
CNC;ETH;CNC;SR;OK;TASK000014781177;Priority 3;NA
APS;ETH;APS;SR;OK;TASK000014781218;Priority 3;NA
DXE;DXE;FUN;SR;OK;TASK000014781230;Priority 4;NA
CNC;DPY;CNC;SR;OK;TASK000014781425;Priority 3;NA
CNC;ETH;L1 ;SR;OK;TASK000014781454;Priority 3;NA
APS;DCF;APS;SR;OK;TASK000014781688;Priority 4;NA
FUN;812;FUN;SR;OK;TASK000014781792;Priority 3;NA
SCH;BWI;SCH;SR;OK;TASK000014781944;Priority 4;NA
FUN;ETH;FUN;SR;OK;TASK000014781972;Priority 3;NA
MNT;MNT;FUN;SR;OK;TASK000014782189;Priority 3;NA
SEC;DCF;SEC;SR;OK;TASK000014782247;Priority 4;NA
SEC;DCF;SEC;SR;OK;TASK000014782250;Priority 4;NA
SEC;EES;SEC;SR;OK;TASK000014782457;Priority 3;NA
APS;ETH;APS;SR;OK;TASK000014782577;Priority 3;NA
SEC;ETH;SEC;SR;OK;TASK000014782591;Priority 3;NA
SEC;BWI;SEC;SR;OK;TASK000014782718;Priority 3;NA
SEC;DPY;SEC;SR;OK;TASK000014782719;Priority 3;NA
CNC;MNT;CNC;SR;OK;TASK000014782939;Priority 3;NA
L1;BWI;L1 ;SR;OK;TASK000014782954;Priority 3;NA
L1;812;MON;SR;OK;TASK000014783674;Priority 3;NA
CNC;BWI;L1 ;SR;OK;TASK000014783855;Priority 3;NA
CNC;BWI;L1 ;SR;OK;TASK000014783933;Priority 3;NA
DBA;812;DBA;SR;OK;TASK000014783942;Priority 3;NA
APS;ETH;APS;SR;OK;TASK000014783959;Priority 3;NA
APS;ETH;APS;SR;OK;TASK000014784019;Priority 3;NA
FUN;EDS;FUN;SR;OK;TASK000014784303;Priority 3;NA
SEC;DXE;SEC;SR;OK;TASK000014784683;Priority 3;NA
SEC;812;SEC;SR;OK;TASK000014784916;Priority 3;NA
DBA;812;DBA;SR;OK;TASK000014785022;Priority 3;NA
DBA;812;DBA;SR;OK;TASK000014785056;Priority 3;NA
DBA;812;DBA;SR;OK;TASK000014785133;Priority 3;NA
DCF;DCF;FUN;SR;OK;TASK000014785214;Priority 3;NA
SEC;DCF;SEC;SR;OK;TASK000014785221;Priority 4;NA
SEC;812;SEC;SR;OK;TASK000014785403;Priority 3;NA
APS;ETH;APS;SR;OK;TASK000014785690;Priority 3;NA
812;812;INS;SR;OK;TASK000014785730;Priority 3;NA
SCH;LAT;SCH;SR;OK;TASK000014785865;Priority 3;NA
SCH;LAT;SCH;SR;OK;TASK000014785879;Priority 3;NA
APS;ETH;APS;SR;OK;TASK000014785900;Priority 3;NA
DBA;812;DBA;SR;OK;TASK000014785992;Priority 3;NA
FIN;DXE;FUN;SR;OK;TASK000014786048;Priority 4;NA
SEC;DCF;SEC;SR;OK;TASK000014786085;Priority 3;NA
SEC;BWI;SEC;SR;OK;TASK000014786173;Priority 3;NA
L1;BWI;L1 ;SR;OK;TASK000014786376;Priority 3;NA
TEC;LAT;TEC;SR;OK;TASK000014786511;Priority 3;NA
TEC;BWI;TEC;SR;OK;TASK000014786520;Priority 3;NA
DBA;812;DBA;SR;OK;TASK000014786529;Priority 3;NA
SEC;DCF;SEC;SR;OK;TASK000014786539;Priority 4;NA
SEC;DCF;SEC;SR;OK;TASK000014786540;Priority 4;NA
DBA;812;DBA;SR;OK;TASK000014786601;Priority 3;NA
SEC;EMS;SEC;SR;OK;TASK000014787031;Priority 3;NA
DBA;812;DBA;SR;OK;TASK000014787049;Priority 3;NA
APS;ETH;APS;SR;OK;TASK000014787097;Priority 3;NA
DBA;812;DBA;SR;OK;TASK000014787132;Priority 3;NA
DBA;812;DBA;SR;OK;TASK000014787142;Priority 3;NA
DBA;812;DBA;SR;OK;TASK000014787170;Priority 3;NA
DBA;812;DBA;SR;OK;TASK000014787177;Priority 3;NA
DBA;812;DBA;SR;OK;TASK000014787181;Priority 3;NA
SEC;BWI;SEC;SR;OK;TASK000014787286;Priority 3;NA
SEC;ETH;SEC;SR;OK;TASK000014787414;Priority 3;NA
SEC;BWI;SEC;SR;OK;TASK000014787559;Priority 3;NA
CNC;ETH;CNC;SR;OK;TASK000014787579;Priority 3;NA
SEC;ETH;SEC;SR;OK;TASK000014787703;Priority 3;NA
FUN;812;FUN;SR;OK;TASK000014787940;Priority 3;NA
SEC;ETH;SEC;SR;OK;TASK000014787980;Priority 3;NA
FUN;812;FUN;SR;OK;TASK000014788105;Priority 3;NA
FUN;812;FUN;SR;OK;TASK000014788106;Priority 3;NA
APS;EES;APS;SR;OK;TASK000014788197;Priority 4;NA
APS;EES;APS;SR;OK;TASK000014788207;Priority 4;NA
DCF;DCF;FUN;SR;OK;TASK000014788274;Priority 3;NA
SEC;SYN;SEC;SR;OK;TASK000014788870;Priority 3;NA
DBA;812;DBA;SR;OK;TASK000014789252;Priority 3;NA
DBA;812;DBA;SR;OK;TASK000014789579;Priority 3;NA
SEC;EMS;SEC;SR;OK;TASK000014789699;Priority 3;NA
DBA;812;DBA;SR;OK;TASK000014790035;Priority 3;NA
DBA;812;DBA;SR;OK;TASK000014790046;Priority 3;NA
DBA;812;DBA;SR;OK;TASK000014790063;Priority 3;NA
DBA;812;DBA;SR;OK;TASK000014790076;Priority 3;NA
DBA;812;DBA;SR;OK;TASK000014790084;Priority 3;NA
DBA;812;DBA;SR;OK;TASK000014790091;Priority 3;NA
DBA;812;DBA;SR;OK;TASK000014790103;Priority 3;NA
DBA;812;DBA;SR;OK;TASK000014790114;Priority 3;NA
SEC;SYN;SEC;SR;OK;TASK000014790188;Priority 3;NA
SEC;ETH;SEC;SR;OK;TASK000014790202;Priority 3;NA
DBA;812;DBA;SR;OK;TASK000014790241;Priority 3;NA
DBA;812;DBA;SR;OK;TASK000014790269;Priority 3;NA
DBA;812;DBA;SR;OK;TASK000014790293;Priority 3;NA
DBA;812;DBA;SR;OK;TASK000014790301;Priority 3;NA
DBA;812;DBA;SR;OK;TASK000014790316;Priority 3;NA
DBA;812;DBA;SR;OK;TASK000014790333;Priority 3;NA
TEC;DCF;TEC;SR;OK;TASK000014790485;Priority 3;NA
SEC;DCF;SEC;SR;OK;TASK000014790926;Priority 4;NA
SEC;DCF;SEC;SR;OK;TASK000014790939;Priority 4;NA
SEC;WS;SEC;SR;OK;TASK000014790944;Priority 3;NA
DBA;812;DBA;SR;OK;TASK000014790994;Priority 3;NA
TEC;BWI;TEC;SR;OK;TASK000014791182;Priority 3;NA
TEC;LAT;TEC;SR;OK;TASK000014791216;Priority 3;NA
SEC;DCF;SEC;SR;OK;TASK000014791300;Priority 4;NA
SEC;MNT;SEC;SR;OK;TASK000014791358;Priority 3;NA
SEC;EES;SEC;SR;OK;TASK000014791476;Priority 3;NA
SEC;EMS;SEC;SR;OK;TASK000014791478;Priority 3;NA
SEC;BWI;SEC;SR;OK;TASK000014791507;Priority 3;NA
FUN;MNT;FUN;SR;OK;TASK000014791523;Priority 3;NA
DBA;812;DBA;SR;OK;TASK000014791659;Priority 3;NA
SEC;DCF;SEC;SR;OK;TASK000014791838;Priority 4;NA
TEC;DCF;TEC;SR;OK;TASK000014791923;Priority 3;NA
SEC;DCF;SEC;SR;OK;TASK000014791943;Priority 4;NA
SEC;DCF;SEC;SR;OK;TASK000014792016;Priority 3;NA
SEC;MNT;SEC;SR;OK;TASK000014792108;Priority 3;NA
SEC;ETH;SEC;SR;OK;TASK000014792205;Priority 3;NA
SEC;BWI;SEC;SR;OK;TASK000014792234;Priority 3;NA
L1;BWI;CNC;SR;OK;TASK000014792287;Priority 3;NA
SEC;SYN;SEC;SR;OK;TASK000014792376;Priority 3;NA
SEC;ETH;SEC;SR;OK;TASK000014792477;Priority 3;NA
DBA;812;DBA;SR;OK;TASK000014792592;Priority 3;NA
DBA;812;DBA;SR;OK;TASK000014792618;Priority 3;NA
DBA;812;DBA;SR;OK;TASK000014792624;Priority 3;NA
DBA;812;DBA;SR;OK;TASK000014792626;Priority 3;NA
DBA;812;DBA;SR;OK;TASK000014792745;Priority 3;NA
SEC;DCF;SEC;SR;OK;TASK000014792817;Priority 4;NA
L1;812;MON;SR;OK;TASK000014792892;Priority 3;NA
SEC;ETH;SEC;SR;OK;TASK000014792979;Priority 3;NA
SEC;DXE;SEC;SR;OK;TASK000014793032;Priority 3;NA
DBA;812;DBA;SR;OK;TASK000014793171;Priority 3;NA
DBA;812;DBA;SR;OK;TASK000014793183;Priority 3;NA
CNC;812;CNC;SR;OK;TASK000014794139;Priority 3;NA
APS;ETH;APS;SR;OK;TASK000014794368;Priority 3;NA
SEC;812;SEC;SR;OK;TASK000014794490;Priority 3;NA
CNC;BWI;L1 ;SR;OK;TASK000014794606;Priority 3;NA
SEC;812;SEC;SR;OK;TASK000014794759;Priority 3;NA
SEC;812;SEC;SR;OK;TASK000014794782;Priority 3;NA
DBA;812;DBA;SR;OK;TASK000014794790;Priority 3;NA
CNC;812;CNC;SR;OK;TASK000014794919;Priority 3;NA
SEC;812;SEC;SR;OK;TASK000014794949;Priority 3;NA
SEC;EDS;SEC;SR;OK;TASK000014795029;Priority 3;NA
DBA;812;DBA;SR;OK;TASK000014795034;Priority 3;NA
DBA;812;DBA;SR;OK;TASK000014795058;Priority 3;NA
DBA;812;DBA;SR;OK;TASK000014795071;Priority 3;NA
SCH;812;SCH;SR;OK;TASK000014795089;Priority 3;NA
L1;812;MON;SR;OK;TASK000014795175;Priority 3;NA
L1;812;MON;SR;OK;TASK000014795191;Priority 3;NA
L1;MNT;MON;SR;OK;TASK000014795236;Priority 3;NA
SEC;WS;SEC;SR;OK;TASK000014795364;Priority 3;NA
DBA;812;DBA;SR;OK;TASK000014795630;Priority 3;NA
SEC;EMS;SEC;SR;OK;TASK000014795694;Priority 3;NA
SEC;DCF;SEC;SR;OK;TASK000014795772;Priority 4;NA
TEC;LAT;TEC;SR;OK;TASK000014795786;Priority 3;NA
TEC;BWI;TEC;SR;OK;TASK000014795810;Priority 3;NA
DBA;812;DBA;SR;OK;TASK000014795856;Priority 3;NA
L1;812;MON;SR;OK;TASK000014795875;Priority 3;NA
L1;812;MON;SR;OK;TASK000014795889;Priority 3;NA
FUN;DXE;FUN;SR;OK;TASK000014795909;Priority 3;NA
SEC;DXE;SEC;SR;OK;TASK000014795964;Priority 3;NA
SEC;DCF;SEC;SR;OK;TASK000014796107;Priority 4;NA
SEC;812;SEC;SR;OK;TASK000014796136;Priority 3;NA
SEC;812;SEC;SR;OK;TASK000014796305;Priority 3;NA
SEC;DCF;SEC;SR;OK;TASK000014796358;Priority 4;NA
L1;DCF;FUN;SR;OK;TASK000014796360;Priority 4;NA
SEC;812;SEC;SR;OK;TASK000014796501;Priority 3;NA
DBA;812;DBA;SR;OK;TASK000014796604;Priority 3;NA
SEC;DPY;SEC;SR;OK;TASK000014796793;Priority 3;NA
APS;ETH;APS;SR;OK;TASK000014796880;Priority 3;NA
DBA;812;DBA;SR;OK;TASK000014796927;Priority 3;NA
SEC;DXE;SEC;SR;OK;TASK000014796962;Priority 3;NA
SEC;EES;SEC;SR;OK;TASK000014797029;Priority 3;NA
L1;812;MON;SR;OK;TASK000014797042;Priority 3;NA
APS;ETH;APS;SR;OK;TASK000014797109;Priority 3;NA
APS;ETH;APS;SR;OK;TASK000014797143;Priority 3;NA
L1;MNT;MON;SR;OK;TASK000014797228;Priority 3;NA
TEC;DCF;TEC;SR;OK;TASK000014797307;Priority 3;NA
SEC;ETH;SEC;SR;OK;TASK000014797355;Priority 3;NA
SEC;BWI;SEC;SR;OK;TASK000014797478;Priority 4;NA
SEC;BWI;SEC;SR;OK;TASK000014797637;Priority 4;NA
CNC;812;MON;SR;OK;TASK000014797766;Priority 3;NA
SEC;SYN;SEC;SR;OK;TASK000014797858;Priority 3;NA
L1;BWI;L1 ;SR;OK;TASK000014797893;Priority 3;NA
SEC;DPY;SEC;SR;OK;TASK000014797963;Priority 3;NA
SEC;SYN;SEC;SR;OK;TASK000014798109;Priority 3;NA
SEC;812;SEC;SR;OK;TASK000014798190;Priority 3;NA
SEC;MNT;SEC;SR;OK;TASK000014798191;Priority 3;NA
SEC;ETH;SEC;SR;OK;TASK000014798655;Priority 3;NA
SEC;BWI;SEC;SR;OK;TASK000014798657;Priority 4;NA
SEC;DPY;SEC;SR;OK;TASK000014798901;Priority 3;NA
SEC;DPY;SEC;SR;OK;TASK000014798905;Priority 3;NA
SEC;DPY;SEC;SR;OK;TASK000014798932;Priority 3;NA
SEC;BWI;SEC;SR;OK;TASK000014799007;Priority 3;NA
L1;BWI;L1 ;SR;OK;TASK000014799530;Priority 3;NA
CNC;812;MON;SR;OK;TASK000014799968;Priority 3;NA
CNC;812;MON;SR;OK;TASK000014800000;Priority 3;NA
L1;BWI;L1 ;SR;OK;TASK000014800267;Priority 3;NA
DBA;812;DBA;SR;OK;TASK000014800454;Priority 3;NA
SEC;812;SEC;SR;OK;TASK000014800516;Priority 3;NA
CNC;812;CNC;SR;OK;TASK000014800600;Priority 3;NA
DBA;812;DBA;SR;OK;TASK000014800734;Priority 3;NA
SEC;DXE;SEC;SR;OK;TASK000014800933;Priority 3;NA
DBA;812;DBA;SR;OK;TASK000014800970;Priority 3;NA
DBA;812;DBA;SR;OK;TASK000014801460;Priority 3;NA
CNC;812;CNC;SR;OK;TASK000014801472;Priority 3;NA
SEC;ETH;SEC;SR;OK;TASK000014801489;Priority 3;NA
TEC;BWI;TEC;SR;OK;TASK000014801523;Priority 3;NA
SEC;SYN;SEC;SR;OK;TASK000014801808;Priority 3;NA
APS;ETH;APS;SR;OK;TASK000014802054;Priority 3;NA
APS;ETH;APS;SR;OK;TASK000014802473;Priority 3;NA
SEC;ETH;SEC;SR;OK;TASK000014802516;Priority 3;NA
APS;ETH;APS;SR;OK;TASK000014802935;Priority 3;NA
APS;ETH;APS;SR;OK;TASK000014803108;Priority 3;NA
SCH;BWI;SCH;SR;OK;TASK000014803197;Priority 3;NA
SEC;ETH;SEC;SR;OK;TASK000014803198;Priority 3;NA
DBA;812;DBA;SR;OK;TASK000014803327;Priority 3;NA
CNC;BWI;CNC;SR;OK;TASK000014803332;Priority 3;NA
DBA;812;DBA;SR;OK;TASK000014803334;Priority 3;NA
SEC;WS;SEC;SR;OK;TASK000014803351;Priority 3;NA
DBA;812;DBA;SR;OK;TASK000014803352;Priority 3;NA
DCF;DCF;FUN;SR;OK;TASK000014803417;Priority 3;NA
SEC;ETH;SEC;SR;OK;TASK000014803420;Priority 3;NA
SEC;DXE;SEC;SR;OK;TASK000014803487;Priority 3;NA
SEC;MNT;SEC;SR;OK;TASK000014804089;Priority 3;NA
L1;BWI;L1 ;SR;OK;TASK000014804193;Priority 3;NA
FUN;COR;FUN;SR;OK;TASK000014804692;Priority 3;NA
CNC;BWI;L1 ;SR;OK;TASK000014805017;Priority 3;NA
APS;ETH;APS;SR;OK;TASK000014805130;Priority 3;NA
CNC;BWI;L1 ;SR;OK;TASK000014805175;Priority 3;NA
SEC;812;SEC;SR;OK;TASK000014805192;Priority 3;NA
DBA;812;DBA;SR;OK;TASK000014805495;Priority 3;NA
SEC;812;SEC;SR;OK;TASK000014805931;Priority 3;NA
DBA;812;DBA;SR;OK;TASK000014806071;Priority 3;NA
DBA;812;DBA;SR;OK;TASK000014806077;Priority 3;NA
CNC;BWI;CNC;SR;OK;TASK000014806230;Priority 3;NA
DBA;812;DBA;SR;OK;TASK000014806264;Priority 3;NA
L1;812;MON;SR;OK;TASK000014806370;Priority 3;NA
TEC;LAT;TEC;SR;OK;TASK000014806396;Priority 3;NA
APS;ETH;APS;SR;OK;TASK000014806479;Priority 3;NA
SEC;812;SEC;SR;OK;TASK000014806522;Priority 3;NA
APS;ETH;APS;SR;OK;TASK000014806809;Priority 3;NA
APS;ETH;APS;SR;OK;TASK000014806843;Priority 3;NA
L1;812;MON;SR;OK;TASK000014806908;Priority 3;NA
DBA;812;DBA;SR;OK;TASK000014806960;Priority 3;NA
APS;ETH;APS;SR;OK;TASK000014807017;Priority 3;NA
APS;ETH;APS;SR;OK;TASK000014807167;Priority 3;NA
CNC;DPY;L1 ;SR;OK;TASK000014807201;Priority 3;NA
SEC;WS;SEC;SR;OK;TASK000014807288;Priority 3;NA
APS;ETH;APS;SR;OK;TASK000014807311;Priority 3;NA
APS;ETH;APS;SR;OK;TASK000014807393;Priority 3;NA
SEC;EES;SEC;SR;OK;TASK000014807425;Priority 3;NA
APS;ETH;APS;SR;OK;TASK000014807487;Priority 3;NA
APS;ETH;APS;SR;OK;TASK000014807507;Priority 3;NA
SEC;DPY;SEC;SR;OK;TASK000014807591;Priority 3;NA
APS;ETH;APS;SR;OK;TASK000014807592;Priority 3;NA
SEC;DPY;SEC;SR;OK;TASK000014807955;Priority 3;NA
DBA;812;DBA;SR;OK;TASK000014808338;Priority 3;NA
L1;BWI;L1 ;SR;OK;TASK000014808343;Priority 3;NA
DBA;812;DBA;SR;OK;TASK000014808350;Priority 3;NA
DBA;812;DBA;SR;OK;TASK000014808355;Priority 3;NA
L1;BWI;L1 ;SR;OK;TASK000014808442;Priority 3;NA
APS;ETH;APS;SR;OK;TASK000014808624;Priority 3;NA
L1;BWI;L1 ;SR;OK;TASK000014808733;Priority 3;NA
SEC;DPY;SEC;SR;OK;TASK000014808783;Priority 3;NA
TEC;ETH;FUN;SR;OK;TASK000014809012;Priority 3;NA
CNC;812;MON;SR;OK;TASK000014809517;Priority 3;NA
CNC;812;MON;SR;OK;TASK000014816716;Priority 3;NA
CNC;812;MON;SR;OK;TASK000014819206;Priority 3;NA
L1;812;MON;SR;OK;TASK000014820860;Priority 3;NA
L1;812;MON;SR;OK;TASK000014821513;Priority 3;NA
DBA;812;DBA;SR;OK;TASK000014823328;Priority 4;NA
SEC;DCF;SEC;SR;OK;TASK000014823556;Priority 4;NA
SEC;MNT;SEC;SR;OK;TASK000014824279;Priority 4;NA
SEC;DCF;SEC;SR;OK;TASK000014824931;Priority 4;NA
SEC;DCF;SEC;SR;OK;TASK000014825389;Priority 4;NA
SEC;MNT;SEC;SR;OK;TASK000014825697;Priority 4;NA
SEC;BWI;SEC;SR;OK;TASK000014825823;Priority 4;NA
SEC;MNT;SEC;SR;OK;TASK000014826019;Priority 4;NA
FUN;812;FUN;SR;OK;TASK000014826748;Priority 4;NA
SEC;DCF;SEC;SR;OK;TASK000014827242;Priority 4;NA
SEC;BWI;SEC;SR;OK;TASK000014827611;Priority 4;NA
FUN;ETH;FUN;INC;OK;TASK000014827630;Priority 4;NA
SEC;BWI;SEC;SR;OK;TASK000014828129;Priority 4;NA
SEC;DCF;SEC;SR;OK;TASK000014828451;Priority 4;NA
FUN;DXE;FUN;SR;Defect;TASK000014829209;Priority 4;NA
SEC;812;SEC;SR;OK;TASK000014829565;Priority 4;NA
APS;ETH;APS;SR;OK;TASK000014830578;Priority 4;NA
SEC;BWI;SEC;SR;OK;TASK000014830685;Priority 4;NA
SEC;DCF;SEC;SR;OK;TASK000014831371;Priority 4;NA
SEC;DCF;SEC;SR;OK;TASK000014831927;Priority 4;NA
FUN;EES;FUN;SR;OK;TASK000014832485;Priority 4;NA
SEC;BWI;SEC;SR;OK;TASK000014832538;Priority 4;NA
SEC;BWI;SEC;SR;OK;TASK000014833056;Priority 4;NA
FUN;EES;FUN;SR;OK;TASK000014833089;Priority 4;NA
APS;ETH;APS;SR;OK;TASK000014833222;Priority 4;NA
MNT;MNT;FUN;SR;OK;TASK000014833374;Priority 4;NA
APS;ETH;APS;SR;OK;TASK000014833381;Priority 4;NA
APS;EES;APS;SR;OK;TASK000014833579;Priority 4;NA
SEC;BWI;SEC;SR;OK;TASK000014833712;Priority 4;NA
SEC;EMS;SEC;SR;OK;TASK000014834736;Priority 3;NA
SCH;812;SCH;SR;OK;TASK000014834740;Priority 3;NA
SEC;EMS;SEC;SR;OK;TASK000014834753;Priority 3;NA
FUN;COR;FUN;SR;OK;TASK000014834782;Priority 3;NA
DBA;812;DBA;SR;OK;TASK000014834787;Priority 3;NA
FUN;COR;FUN;SR;OK;TASK000014834810;Priority 3;NA
APS;ETH;APS;SR;OK;TASK000014834851;Priority 3;NA
SEC;812;SEC;SR;OK;TASK000014834860;Priority 3;NA
APS;ETH;APS;SR;OK;TASK000014834872;Priority 3;NA
SEC;812;SEC;SR;OK;TASK000014834947;Priority 3;NA
DBA;812;DBA;SR;OK;TASK000014834994;Priority 3;NA
SEC;ETH;SEC;SR;OK;TASK000014835034;Priority 3;NA
FUN;DXE;FUN;SR;OK;TASK000014835056;Priority 3;NA
SEC;EMS;SEC;SR;OK;TASK000014835074;Priority 3;NA
SEC;812;SEC;SR;OK;TASK000014835149;Priority 4;NA
L1;812;MON;SR;OK;TASK000014835186;Priority 3;NA
SEC;WS;SEC;SR;OK;TASK000014835416;Priority 3;NA
SEC;WS;SEC;SR;OK;TASK000014835435;Priority 3;NA
SEC;812;SEC;SR;OK;TASK000014835485;Priority 3;NA
SEC;812;SEC;SR;OK;TASK000014835486;Priority 3;NA
SEC;812;SEC;SR;OK;TASK000014835487;Priority 3;NA
SEC;EMS;SEC;SR;OK;TASK000014835495;Priority 3;NA
SCH;812;SCH;SR;OK;TASK000014835497;Priority 3;NA
SEC;EMS;SEC;SR;OK;TASK000014835498;Priority 3;NA
DBA;812;DBA;SR;OK;TASK000014835514;Priority 3;NA
DBA;812;DBA;SR;OK;TASK000014835515;Priority 3;NA
SEC;812;SEC;SR;OK;TASK000014835552;Priority 3;NA
DBA;812;DBA;SR;OK;TASK000014835614;Priority 3;NA
DBA;812;DBA;SR;OK;TASK000014835615;Priority 3;NA
SEC;DXE;SEC;SR;OK;TASK000014835727;Priority 3;NA
SEC;SYN;SEC;SR;OK;TASK000014836010;Priority 3;NA
TEC;LAT;TEC;SR;OK;TASK000014836050;Priority 3;NA
TEC;BWI;TEC;SR;OK;TASK000014836059;Priority 3;NA
DBA;812;DBA;SR;OK;TASK000014836086;Priority 3;NA
SEC;SYN;SEC;SR;OK;TASK000014836105;Priority 3;NA
SEC;812;SEC;SR;OK;TASK000014836127;Priority 3;NA
CNC;812;CNC;SR;OK;TASK000014836177;Priority 3;NA
DBA;812;DBA;SR;OK;TASK000014836274;Priority 3;NA
SEC;812;SEC;SR;OK;TASK000014836463;Priority 3;NA
FIN;DXE;FUN;SR;OK;TASK000014836502;Priority 4;NA
SEC;DXE;SEC;SR;OK;TASK000014836574;Priority 3;NA
SEC;WS;SEC;SR;OK;TASK000014836587;Priority 3;NA
APS;ETH;APS;SR;OK;TASK000014836589;Priority 3;NA
SEC;DCF;SEC;SR;OK;TASK000014836593;Priority 4;NA
SEC;SYN;SEC;SR;Defect;TASK000014836627;Priority 3;NA
SEC;EES;SEC;SR;OK;TASK000014836640;Priority 3;NA
SEC;DCF;SEC;SR;OK;TASK000014836717;Priority 4;NA
APS;ETH;APS;SR;OK;TASK000014836746;Priority 3;NA
SEC;ETH;SEC;SR;OK;TASK000014836787;Priority 3;NA
SEC;DCF;SEC;SR;Defect;TASK000014836929;Priority 4;NA
SEC;LAT;SEC;SR;Defect;TASK000014836935;Priority 4;NA
SEC;812;SEC;SR;OK;TASK000014836969;Priority 3;NA
SEC;EMS;SEC;SR;OK;TASK000014837003;Priority 3;NA
SEC;BWI;SEC;SR;OK;TASK000014837035;Priority 4;NA
DBA;812;DBA;SR;OK;TASK000014837037;Priority 3;NA
SEC;BWI;SEC;SR;OK;TASK000014837039;Priority 4;NA
SEC;DXE;SEC;SR;OK;TASK000014837142;Priority 3;NA
SEC;812;SEC;SR;OK;TASK000014837204;Priority 3;NA
SEC;DCF;SEC;SR;OK;TASK000014837205;Priority 4;NA
FUN;MNT;FUN;SR;OK;TASK000014837265;Priority 4;NA
SEC;BWI;SEC;SR;OK;TASK000014837283;Priority 4;NA
SEC;SYN;SEC;SR;Defect;TASK000014837305;Priority 3;NA
SEC;BWI;SEC;SR;OK;TASK000014837405;Priority 4;NA
CNC;EES;CNC;SR;OK;TASK000014837465;Priority 3;NA
SEC;MNT;SEC;SR;OK;TASK000014837521;Priority 3;NA
SEC;SYN;SEC;SR;Defect;TASK000014837527;Priority 3;NA
SEC;EES;SEC;SR;OK;TASK000014837598;Priority 3;NA
APS;ETH;APS;SR;OK;TASK000014837694;Priority 4;NA
SEC;DCF;SEC;SR;OK;TASK000014837725;Priority 4;NA
SEC;BWI;SEC;SR;OK;TASK000014837732;Priority 4;NA
SEC;DCF;SEC;SR;Defect;TASK000014837779;Priority 4;NA
SEC;BWI;SEC;SR;OK;TASK000014837783;Priority 4;NA
SEC;BWI;SEC;SR;OK;TASK000014837835;Priority 4;NA
L1;BWI;L1 ;SR;OK;TASK000014837851;Priority 4;NA
SEC;EMS;SEC;SR;OK;TASK000014837873;Priority 3;NA
SEC;BWI;SEC;SR;OK;TASK000014837892;Priority 4;NA
SEC;BWI;SEC;SR;OK;TASK000014837912;Priority 4;NA
CNC;BWI;L1 ;SR;OK;TASK000014838032;Priority 3;NA
DBA;812;DBA;SR;OK;TASK000014838080;Priority 3;NA
CNC;BWI;L1 ;SR;OK;TASK000014838156;Priority 3;NA
DBA;812;DBA;SR;OK;TASK000014838179;Priority 3;NA
SEC;MNT;SEC;SR;Defect;TASK000014838188;Priority 3;NA
None;BWI;L1 ;SR;OK;TASK000014838198;Priority 3;NA
DBA;812;DBA;SR;OK;TASK000014838245;Priority 3;NA
L1;812;MON;SR;OK;TASK000014838326;Priority 3;NA
DBA;812;DBA;SR;OK;TASK000014838329;Priority 3;NA
APS;ETH;APS;SR;OK;TASK000014839047;Priority 3;NA
DBA;812;DBA;SR;OK;TASK000014839056;Priority 3;NA
DBA;812;DBA;SR;OK;TASK000014839086;Priority 3;NA
SEC;DXE;SEC;SR;OK;TASK000014839117;Priority 3;NA
SEC;812;SEC;SR;OK;TASK000014839276;Priority 3;NA
SEC;812;SEC;SR;OK;TASK000014839280;Priority 3;NA
DBA;812;DBA;SR;OK;TASK000014839285;Priority 3;NA
FUN;812;FUN;SR;Defect;TASK000014839513;Priority 3;NA
L1;812;MON;SR;OK;TASK000014839516;Priority 3;NA
SCH;812;SCH;SR;OK;TASK000014839522;Priority 3;NA
L1;812;MON;SR;OK;TASK000014839788;Priority 3;NA
L1;812;MON;SR;OK;TASK000014839811;Priority 3;NA
DBA;812;DBA;SR;OK;TASK000014839964;Priority 3;NA
SEC;DCF;SEC;SR;Defect;TASK000014840012;Priority 4;NA
TEC;BWI;TEC;SR;OK;TASK000014840017;Priority 3;NA
SEC;812;SEC;SR;OK;TASK000014840071;Priority 3;NA
SEC;DCF;SEC;SR;Defect;TASK000014840143;Priority 4;NA
DCF;DCF;FUN;SR;OK;TASK000014840204;Priority 3;NA
DBA;812;DBA;SR;OK;TASK000014840234;Priority 3;NA
FUN;ETH;FUN;SR;OK;TASK000014840285;Priority 3;NA
APS;ETH;APS;SR;OK;TASK000014840321;Priority 3;NA
APS;ETH;APS;SR;OK;TASK000014840472;Priority 3;NA
DBA;812;DBA;SR;OK;TASK000014840504;Priority 3;NA
APS;DCF;APS;SR;OK;TASK000014840528;Priority 3;NA
SEC;DCF;SEC;SR;Defect;TASK000014840546;Priority 4;NA
SEC;812;SEC;SR;OK;TASK000014840566;Priority 3;NA
APS;ETH;APS;SR;OK;TASK000014840605;Priority 3;NA
SEC;SYN;SEC;SR;Defect;TASK000014840815;Priority 3;NA
SEC;SYN;SEC;SR;OK;TASK000014840898;Priority 3;NA
SEC;SYN;SEC;SR;OK;TASK000014841075;Priority 3;NA
SEC;SYN;SEC;SR;Defect;TASK000014841127;Priority 3;NA
FUN;ETH;FUN;SR;OK;TASK000014841173;Priority 3;NA
FUN;ETH;FUN;SR;OK;TASK000014841473;Priority 4;NA
SEC;BWI;SEC;SR;OK;TASK000014841525;Priority 4;NA
SEC;SYN;SEC;SR;Defect;TASK000014841546;Priority 3;NA
MNT;MNT;FUN;INC;Defect;TASK000014841625;Priority 4;NA
None;BWI;CNC;SR;OK;TASK000014841709;Priority 3;NA
SEC;MNT;SEC;SR;OK;TASK000014841818;Priority 4;NA
SEC;SYN;SEC;SR;Defect;TASK000014841847;Priority 3;NA
SEC;ETH;SEC;SR;OK;TASK000014841874;Priority 3;NA
SEC;ETH;SEC;SR;OK;TASK000014841877;Priority 3;NA
CNC;ETH;CNC;SR;OK;TASK000014842096;Priority 3;NA
SEC;ETH;SEC;SR;Defect;TASK000014842122;Priority 3;NA
APS;EES;APS;SR;OK;TASK000014842232;Priority 4;NA
SEC;MNT;SEC;SR;OK;TASK000014842255;Priority 4;NA
SEC;MNT;SEC;SR;OK;TASK000014842266;Priority 4;NA
SEC;BWI;SEC;SR;OK;TASK000014842362;Priority 4;NA
L1;812;MON;SR;OK;TASK000014842383;Priority 3;NA
None;BWI;L1 ;SR;OK;TASK000014842473;Priority 3;NA
L1;BWI;L1 ;SR;OK;TASK000014842474;Priority 3;NA
SEC;MNT;SEC;SR;OK;TASK000014842487;Priority 4;NA
DBA;812;DBA;SR;OK;TASK000014843310;Priority 3;NA
SEC;812;SEC;SR;OK;TASK000014843331;Priority 3;NA
SEC;812;SEC;SR;Defect;TASK000014843335;Priority 3;NA
APS;ETH;APS;SR;OK;TASK000014844153;Priority 3;NA
FUN;WS;FUN;SR;OK;TASK000014844243;Priority 3;NA
APS;ETH;APS;SR;OK;TASK000014844265;Priority 3;NA
SEC;BWI;SEC;SR;OK;TASK000014844481;Priority 4;NA
DBA;812;DBA;SR;Defect;TASK000014844535;Priority 3;NA
L1;812;MON;SR;OK;TASK000014844547;Priority 3;NA
SEC;812;SEC;SR;OK;TASK000014844709;Priority 3;NA
L1;812;MON;SR;OK;TASK000014844730;Priority 3;NA
SEC;MNT;SEC;SR;OK;TASK000014844850;Priority 4;NA
DBA;812;DBA;SR;OK;TASK000014844990;Priority 3;NA
DBA;812;DBA;SR;OK;TASK000014845003;Priority 3;NA
DBA;812;DBA;SR;Defect;TASK000014845047;Priority 3;NA
FUN;812;FUN;SR;OK;TASK000014845112;Priority 3;NA
DBA;812;DBA;SR;OK;TASK000014845115;Priority 3;NA
SEC;DXE;SEC;SR;OK;TASK000014845136;Priority 3;NA
DBA;812;DBA;SR;OK;TASK000014845233;Priority 3;NA
SEC;812;SEC;SR;OK;TASK000014845300;Priority 3;NA
FUN;812;FUN;SR;OK;TASK000014845310;Priority 3;NA
CNC;DCF;CNC;SR;OK;TASK000014845453;Priority 3;NA
SEC;EMS;SEC;SR;OK;TASK000014845563;Priority 3;NA
APS;ETH;APS;SR;OK;TASK000014845602;Priority 3;NA
TEC;BWI;TEC;SR;OK;TASK000014845836;Priority 3;NA
TEC;BWI;TEC;SR;OK;TASK000014845889;Priority 3;NA
DBA;812;DBA;SR;Defect;TASK000014845922;Priority 3;NA
SEC;DCF;SEC;SR;OK;TASK000014845968;Priority 4;NA
CNC;812;CNC;SR;OK;TASK000014846038;Priority 3;NA
SEC;812;SEC;SR;OK;TASK000014846182;Priority 3;NA
L1;BWI;L1 ;SR;OK;TASK000014846210;Priority 3;NA
SEC;SYN;SEC;SR;Defect;TASK000014846216;Priority 3;NA
SEC;MNT;SEC;SR;OK;TASK000014846220;Priority 4;NA
CNC;812;CNC;SR;OK;TASK000014846255;Priority 3;NA
SEC;MNT;SEC;SR;OK;TASK000014846289;Priority 4;NA
TEC;ETH;FUN;SR;OK;TASK000014846464;Priority 4;NA
SEC;BWI;SEC;SR;OK;TASK000014846484;Priority 4;NA
SEC;812;SEC;SR;OK;TASK000014846487;Priority 3;NA
MNT;MNT;FUN;SR;OK;TASK000014846527;Priority 3;NA
SEC;DCF;SEC;SR;OK;TASK000014846530;Priority 3;NA
SEC;812;SEC;SR;OK;TASK000014846582;Priority 3;NA
SEC;812;SEC;SR;OK;TASK000014846629;Priority 3;NA
SEC;BWI;SEC;SR;OK;TASK000014846678;Priority 4;NA
DCF;DCF;FUN;SR;OK;TASK000014846705;Priority 4;NA
SEC;DCF;SEC;SR;OK;TASK000014846812;Priority 4;NA
SEC;812;SEC;SR;Defect;TASK000014846822;Priority 3;NA
DBA;812;DBA;SR;OK;TASK000014846828;Priority 3;NA
SEC;DPY;SEC;SR;OK;TASK000014846877;Priority 3;NA
FUN;DXE;FUN;SR;OK;TASK000014846957;Priority 3;NA
SEC;EES;SEC;SR;Defect;TASK000014846958;Priority 3;NA
CNC;BWI;CNC;SR;OK;TASK000014846970;Priority 3;NA
APS;ETH;APS;SR;OK;TASK000014846977;Priority 3;NA
SEC;DXE;SEC;SR;OK;TASK000014847089;Priority 3;NA
SEC;DCF;SEC;SR;OK;TASK000014847172;Priority 3;NA
SEC;812;SEC;SR;OK;TASK000014847217;Priority 3;NA
DBA;812;DBA;SR;Defect;TASK000014847241;Priority 3;NA
DCF;DCF;FUN;SR;Defect;TASK000014847250;Priority 3;NA
DCF;DCF;FUN;SR;Defect;TASK000014847303;Priority 3;NA
FIN;DXE;FUN;SR;Defect;TASK000014847429;Priority 3;NA
L1;812;L1 ;SR;OK;TASK000014847500;Priority 3;NA
SEC;812;SEC;SR;OK;TASK000014847514;Priority 3;NA
SEC;BWI;SEC;SR;OK;TASK000014847552;Priority 3;NA
None;BWI;CNC;SR;OK;TASK000014847574;Priority 3;NA
SEC;ETH;SEC;SR;OK;TASK000014847602;Priority 3;NA
DBA;812;DBA;SR;OK;TASK000014847622;Priority 3;NA
L1;BWI;L1 ;SR;OK;TASK000014847680;Priority 3;NA
L1;BWI;L1 ;SR;OK;TASK000014847711;Priority 3;NA
None;DPY;CNC;SR;OK;TASK000014847858;Priority 3;NA
SEC;BWI;SEC;SR;OK;TASK000014847881;Priority 4;NA
SEC;MNT;SEC;SR;OK;TASK000014847930;Priority 4;NA
CNC;812;CNC;SR;OK;TASK000014847990;Priority 3;NA
SEC;ETH;SEC;SR;OK;TASK000014848041;Priority 3;NA
SEC;812;SEC;SR;OK;TASK000014848056;Priority 3;NA
SEC;812;SEC;SR;OK;TASK000014848063;Priority 3;NA
SEC;BWI;SEC;SR;OK;TASK000014848069;Priority 3;NA
TEC;SYN;FUN;SR;OK;TASK000014848077;Priority 3;NA
SEC;ETH;SEC;SR;OK;TASK000014848142;Priority 3;NA
L1;BWI;L1 ;SR;OK;TASK000014848168;Priority 3;NA
SEC;BWI;SEC;SR;OK;TASK000014848180;Priority 4;NA
SEC;SYN;SEC;SR;Defect;TASK000014848503;Priority 3;NA
SEC;BWI;SEC;SR;OK;TASK000014848550;Priority 4;NA
TEC;SYN;FUN;SR;OK;TASK000014848556;Priority 3;NA
SEC;SYN;SEC;SR;Defect;TASK000014848563;Priority 3;NA
SEC;MNT;SEC;SR;OK;TASK000014848717;Priority 4;NA
MNT;MNT;FUN;SR;OK;TASK000014848741;Priority 4;NA
CNC;812;CNC;SR;Defect;TASK000014848766;Priority 3;NA
SEC;BWI;SEC;SR;OK;TASK000014848768;Priority 4;NA
DBA;812;DBA;SR;OK;TASK000014848772;Priority 3;NA
DBA;812;DBA;SR;OK;TASK000014848779;Priority 3;NA
DBA;812;DBA;SR;OK;TASK000014848780;Priority 3;NA
DBA;812;DBA;SR;OK;TASK000014848787;Priority 3;NA
SEC;SYN;SEC;SR;OK;TASK000014848899;Priority 3;NA
SEC;812;SEC;SR;OK;TASK000014849322;Priority 3;NA
FUN;812;FUN;SR;OK;TASK000014849613;Priority 3;NA
SEC;DXE;SEC;SR;OK;TASK000014850044;Priority 3;NA
L1;812;MON;SR;OK;TASK000014850118;Priority 3;NA
SEC;812;SEC;SR;OK;TASK000014850155;Priority 3;NA
L1;812;MON;SR;OK;TASK000014850161;Priority 3;NA
SEC;812;SEC;SR;OK;TASK000014850471;Priority 3;NA
DBA;812;DBA;SR;OK;TASK000014850621;Priority 3;NA
FUN;812;FUN;SR;OK;TASK000014850748;Priority 3;NA
SEC;812;SEC;SR;OK;TASK000014850807;Priority 3;NA
SEC;DCF;SEC;SR;Defect;TASK000014850899;Priority 4;NA
CNC;812;CNC;SR;OK;TASK000014851001;Priority 3;NA
DBA;812;DBA;SR;OK;TASK000014851047;Priority 3;NA
FUN;ETH;FUN;SR;OK;TASK000014851137;Priority 3;NA
SEC;812;SEC;SR;OK;TASK000014851156;Priority 3;NA
SEC;DCF;SEC;SR;OK;TASK000014851217;Priority 4;NA
SEC;812;SEC;SR;OK;TASK000014851227;Priority 3;NA
APS;ETH;APS;SR;OK;TASK000014851229;Priority 3;NA
TEC;LAT;TEC;SR;OK;TASK000014851268;Priority 3;NA
TEC;BWI;TEC;SR;OK;TASK000014851288;Priority 3;NA
DBA;812;DBA;SR;OK;TASK000014851331;Priority 3;NA
SEC;BWI;SEC;SR;OK;TASK000014851390;Priority 4;NA
SEC;DXE;SEC;SR;OK;TASK000014851444;Priority 3;NA
SEC;812;SEC;SR;OK;TASK000014851496;Priority 3;NA
SEC;812;SEC;SR;OK;TASK000014851565;Priority 3;NA
DBA;812;DBA;SR;OK;TASK000014851626;Priority 3;NA
CNC;812;CNC;SR;OK;TASK000014851717;Priority 3;NA
CNC;812;CNC;SR;OK;TASK000014851736;Priority 3;NA
None;BWI;CNC;SR;OK;TASK000014851750;Priority 3;NA
L1;812;MON;SR;OK;TASK000014851896;Priority 4;NA
L1;BWI;L1 ;SR;OK;TASK000014851908;Priority 3;NA
SEC;EMS;SEC;SR;OK;TASK000014851932;Priority 3;NA
SEC;ETH;SEC;SR;OK;TASK000014852020;Priority 3;NA
SEC;ETH;SEC;SR;OK;TASK000014852075;Priority 3;NA
FUN;EES;FUN;SR;OK;TASK000014852089;Priority 4;NA
TEC;ETH;FUN;SR;OK;TASK000014852122;Priority 4;NA
CNC;LAT;L1 ;SR;OK;TASK000014852167;Priority 3;NA
DBA;812;DBA;SR;Defect;TASK000014852183;Priority 3;NA
SCH;LAT;SCH;SR;OK;TASK000014852212;Priority 3;NA
SEC;812;SEC;SR;OK;TASK000014852314;Priority 3;NA
DBA;812;DBA;SR;OK;TASK000014852365;Priority 3;NA
SEC;812;SEC;SR;OK;TASK000014852501;Priority 3;NA
SEC;812;SEC;SR;OK;TASK000014852538;Priority 3;NA
SEC;WS;SEC;SR;OK;TASK000014852613;Priority 3;NA
FUN;812;FUN;SR;Defect;TASK000014852663;Priority 4;NA
SEC;DCF;SEC;SR;Defect;TASK000014852666;Priority 4;NA
DBA;812;DBA;SR;OK;TASK000014852670;Priority 3;NA
APS;ETH;APS;SR;OK;TASK000014852759;Priority 3;NA
APS;ETH;APS;SR;OK;TASK000014852791;Priority 3;NA
SEC;BWI;SEC;SR;OK;TASK000014852844;Priority 4;NA
SEC;812;SEC;SR;OK;TASK000014852848;Priority 3;NA
SEC;SYN;SEC;SR;OK;TASK000014852909;Priority 3;NA
FUN;MNT;FUN;SR;OK;TASK000014852956;Priority 4;NA
SEC;DCF;SEC;SR;Defect;TASK000014852966;Priority 4;NA
SEC;812;SEC;SR;OK;TASK000014853003;Priority 3;NA
SEC;SYN;SEC;SR;Defect;TASK000014853025;Priority 3;NA
SEC;812;SEC;SR;OK;TASK000014853107;Priority 3;NA
SEC;812;SEC;SR;OK;TASK000014853183;Priority 3;NA
SEC;812;SEC;SR;OK;TASK000014853213;Priority 3;NA
SEC;MNT;SEC;SR;OK;TASK000014853237;Priority 4;NA
CNC;ETH;L1 ;SR;OK;TASK000014853266;Priority 3;NA
SEC;SYN;SEC;SR;Defect;TASK000014853274;Priority 3;NA
L1;BWI;L1 ;SR;OK;TASK000014853719;Priority 4;NA
SEC;SYN;SEC;SR;OK;TASK000014853754;Priority 3;NA
MNT;MNT;FUN;SR;OK;TASK000014853807;Priority 4;NA
SEC;SYN;SEC;SR;Defect;TASK000014853823;Priority 3;NA
FUN;ETH;FUN;SR;OK;TASK000014853856;Priority 3;NA
SEC;812;SEC;SR;OK;TASK000014853911;Priority 3;NA
SEC;ETH;SEC;SR;Defect;TASK000014854095;Priority 3;NA
APS;EES;APS;SR;OK;TASK000014854180;Priority 3;NA
SEC;ETH;SEC;SR;OK;TASK000014854187;Priority 3;NA
APS;EES;APS;SR;OK;TASK000014854198;Priority 4;NA
APS;EES;APS;SR;OK;TASK000014854212;Priority 4;NA
SEC;ETH;SEC;SR;OK;TASK000014854226;Priority 3;NA
APS;ETH;APS;SR;OK;TASK000014854333;Priority 3;NA
L1;ETH;CNC;SR;OK;TASK000014854475;Priority 4;NA
SEC;812;SEC;SR;OK;TASK000014854677;Priority 3;NA
SEC;812;SEC;SR;OK;TASK000014854768;Priority 3;NA
SEC;BWI;SEC;SR;OK;TASK000014854879;Priority 4;NA
DBA;812;DBA;SR;OK;TASK000014854988;Priority 3;NA
CNC;812;CNC;SR;OK;TASK000014855016;Priority 3;NA
DBA;812;DBA;SR;OK;TASK000014855072;Priority 3;NA
SEC;EMS;SEC;SR;Defect;TASK000014855148;Priority 3;NA
SEC;SYN;SEC;SR;Defect;TASK000014855150;Priority 3;NA
SEC;SYN;SEC;SR;Defect;TASK000014855158;Priority 3;NA
DBA;812;DBA;SR;OK;TASK000014855389;Priority 3;NA
SEC;812;SEC;SR;OK;TASK000014855503;Priority 3;NA
SEC;812;SEC;SR;OK;TASK000014855575;Priority 3;NA
SEC;EMS;SEC;SR;Defect;TASK000014855654;Priority 3;NA
DBA;812;DBA;SR;OK;TASK000014855661;Priority 3;NA
APS;ETH;APS;SR;OK;TASK000014855786;Priority 3;NA
DBA;812;DBA;SR;OK;TASK000014855936;Priority 3;NA
DBA;812;DBA;SR;OK;TASK000014856010;Priority 3;NA
SEC;812;SEC;SR;OK;TASK000014856082;Priority 3;NA
SEC;812;SEC;SR;OK;TASK000014856088;Priority 3;NA
SEC;812;SEC;SR;OK;TASK000014856095;Priority 3;NA
SEC;DXE;SEC;SR;OK;TASK000014856103;Priority 3;NA
DBA;812;DBA;SR;OK;TASK000014856218;Priority 3;NA
FUN;812;FUN;SR;OK;TASK000014856348;Priority 3;NA
TEC;LAT;TEC;SR;OK;TASK000014856474;Priority 3;NA
TEC;BWI;TEC;SR;OK;TASK000014856482;Priority 3;NA
DBA;812;DBA;SR;OK;TASK000014856495;Priority 3;NA
SEC;812;SEC;SR;OK;TASK000014856645;Priority 3;NA
DBA;812;DBA;SR;OK;TASK000014856718;Priority 3;NA
CNC;812;CNC;SR;OK;TASK000014856754;Priority 3;NA
SEC;812;SEC;SR;OK;TASK000014856757;Priority 3;NA
CNC;812;CNC;SR;OK;TASK000014856780;Priority 3;NA
SEC;812;SEC;SR;OK;TASK000014856792;Priority 3;NA
CNC;812;CNC;SR;OK;TASK000014856795;Priority 3;NA
FUN;EES;FUN;SR;OK;TASK000014856804;Priority 4;NA
SEC;ETH;SEC;SR;OK;TASK000014856833;Priority 3;NA
APS;ETH;APS;SR;OK;TASK000014856893;Priority 3;NA
SEC;EMS;SEC;SR;OK;TASK000014856981;Priority 3;NA
DBA;812;DBA;SR;OK;TASK000014857034;Priority 3;NA
DBA;812;DBA;SR;OK;TASK000014857058;Priority 3;NA
SEC;LAT;SEC;SR;OK;TASK000014857073;Priority 3;NA
SEC;ETH;SEC;SR;OK;TASK000014857085;Priority 3;NA
SEC;MNT;SEC;SR;OK;TASK000014857094;Priority 4;NA
FUN;812;FUN;SR;Defect;TASK000014857125;Priority 3;NA
APS;ETH;APS;SR;OK;TASK000014857126;Priority 3;NA
APS;ETH;APS;SR;OK;TASK000014857131;Priority 3;NA
SEC;812;SEC;SR;OK;TASK000014857157;Priority 3;NA
L1;BWI;L1 ;SR;OK;TASK000014857175;Priority 3;NA
L1;BWI;L1 ;SR;Defect;TASK000014857218;Priority 3;NA
APS;ETH;APS;SR;OK;TASK000014857277;Priority 4;NA
APS;ETH;APS;SR;OK;TASK000014857281;Priority 3;NA
APS;ETH;APS;SR;OK;TASK000014857320;Priority 4;NA
APS;ETH;APS;SR;OK;TASK000014857381;Priority 3;NA
CNC;812;CNC;SR;OK;TASK000014857422;Priority 3;NA
CNC;812;CNC;SR;OK;TASK000014857503;Priority 3;NA
SEC;812;SEC;SR;OK;TASK000014857547;Priority 3;NA
FUN;812;FUN;SR;Defect;TASK000014857554;Priority 3;NA
APS;ETH;APS;SR;OK;TASK000014857675;Priority 3;NA
APS;ETH;APS;SR;OK;TASK000014857717;Priority 3;NA
FUN;812;FUN;SR;Defect;TASK000014857804;Priority 4;NA
APS;DCF;APS;SR;OK;TASK000014857862;Priority 4;NA
SEC;SYN;SEC;SR;OK;TASK000014857928;Priority 3;NA
SEC;SYN;SEC;SR;OK;TASK000014858241;Priority 3;NA
APS;ETH;APS;SR;OK;TASK000014858272;Priority 4;NA
CNC;812;CNC;SR;OK;TASK000014858359;Priority 3;NA
SEC;812;SEC;SR;OK;TASK000014858410;Priority 3;NA
SEC;BWI;SEC;SR;OK;TASK000014858454;Priority 4;NA
APS;EES;APS;SR;OK;TASK000014858466;Priority 4;NA
TEC;SYN;FUN;SR;OK;TASK000014858483;Priority 3;NA
SEC;SYN;SEC;SR;Defect;TASK000014858484;Priority 3;NA
TEC;SYN;FUN;SR;OK;TASK000014858485;Priority 3;NA
TEC;SYN;FUN;SR;OK;TASK000014858487;Priority 3;NA
TEC;SYN;FUN;SR;OK;TASK000014858488;Priority 3;NA
TEC;SYN;FUN;SR;OK;TASK000014858489;Priority 3;NA
TEC;SYN;FUN;SR;OK;TASK000014858490;Priority 3;NA
TEC;SYN;FUN;SR;OK;TASK000014858493;Priority 3;NA
TEC;SYN;FUN;SR;OK;TASK000014858494;Priority 3;NA
TEC;SYN;FUN;SR;OK;TASK000014858495;Priority 3;NA
TEC;SYN;FUN;SR;OK;TASK000014858496;Priority 3;NA
TEC;SYN;FUN;SR;OK;TASK000014858497;Priority 3;NA
TEC;SYN;FUN;SR;OK;TASK000014858498;Priority 3;NA
SEC;SYN;SEC;SR;Defect;TASK000014858499;Priority 3;NA
APS;ETH;APS;SR;OK;TASK000014858509;Priority 3;NA
SEC;BWI;SEC;SR;OK;TASK000014858510;Priority 4;NA
APS;ETH;APS;SR;OK;TASK000014858567;Priority 3;NA
TEC;SYN;FUN;SR;OK;TASK000014858570;Priority 3;NA
TEC;SYN;FUN;SR;OK;TASK000014858572;Priority 3;NA
TEC;SYN;FUN;SR;OK;TASK000014858573;Priority 3;NA
TEC;SYN;FUN;SR;OK;TASK000014858577;Priority 3;NA
SEC;SYN;SEC;SR;Defect;TASK000014858579;Priority 3;NA
SEC;SYN;SEC;SR;Defect;TASK000014858617;Priority 3;NA
SEC;BWI;SEC;SR;OK;TASK000014858628;Priority 3;NA
DCF;DCF;FUN;INC;OK;TASK000014858658;Priority 3;NA
SEC;ETH;SEC;SR;OK;TASK000014858699;Priority 3;NA
L1;BWI;L1 ;SR;Defect;TASK000014858785;Priority 3;NA
TEC;ETH;FUN;SR;OK;TASK000014858791;Priority 4;NA
TEC;ETH;FUN;SR;OK;TASK000014858813;Priority 4;NA
SEC;EES;SEC;SR;OK;TASK000014858929;Priority 3;NA
SEC;BWI;SEC;SR;OK;TASK000014858935;Priority 4;NA
CNC;BWI;CNC;SR;OK;TASK000014858943;Priority 3;NA
SEC;DCF;SEC;SR;Defect;TASK000014859034;Priority 4;NA
FUN;ETH;FUN;SR;OK;TASK000014859121;Priority 3;NA
SEC;MNT;SEC;SR;OK;TASK000014859223;Priority 4;NA
CNC;812;CNC;SR;OK;TASK000014859262;Priority 3;NA
SEC;MNT;SEC;SR;OK;TASK000014859313;Priority 3;NA
SEC;ETH;SEC;SR;OK;TASK000014859369;Priority 3;NA
SEC;MNT;SEC;SR;OK;TASK000014859384;Priority 4;NA
SEC;SYN;SEC;SR;Defect;TASK000014859498;Priority 3;NA
DBA;812;DBA;SR;OK;TASK000014859842;Priority 3;NA
FUN;812;FUN;SR;OK;TASK000014859853;Priority 3;NA
FUN;COR;FUN;SR;OK;TASK000014859951;Priority 3;NA
SEC;DCF;SEC;SR;OK;TASK000014860198;Priority 4;NA
APS;ETH;APS;SR;OK;TASK000014860216;Priority 3;NA
DBA;812;DBA;SR;OK;TASK000014860365;Priority 3;NA
FUN;812;FUN;SR;Defect;TASK000014860398;Priority 4;NA
SEC;SYN;SEC;SR;OK;TASK000014860515;Priority 3;NA
SEC;812;SEC;SR;OK;TASK000014860538;Priority 3;NA
APS;ETH;APS;SR;OK;TASK000014860545;Priority 3;NA
SEC;812;SEC;SR;OK;TASK000014860731;Priority 3;NA
CNC;812;CNC;SR;OK;TASK000014860838;Priority 3;NA
SEC;812;SEC;SR;OK;TASK000014860875;Priority 3;NA
SEC;812;SEC;SR;OK;TASK000014860887;Priority 3;NA
FUN;812;FUN;SR;Defect;TASK000014860896;Priority 3;NA
APS;ETH;APS;SR;OK;TASK000014861140;Priority 3;NA
CNC;812;CNC;SR;OK;TASK000014861161;Priority 3;NA
SEC;DXE;SEC;SR;OK;TASK000014861208;Priority 3;NA
DBA;812;DBA;SR;OK;TASK000014861256;Priority 3;NA
SEC;DCF;SEC;SR;OK;TASK000014861300;Priority 4;NA
SCH;LAT;SCH;SR;Defect;TASK000014861389;Priority 3;NA
TEC;LAT;TEC;SR;OK;TASK000014861444;Priority 3;NA
TEC;BWI;TEC;SR;OK;TASK000014861449;Priority 3;NA
SEC;812;SEC;SR;OK;TASK000014861486;Priority 3;NA
SEC;BWI;SEC;SR;OK;TASK000014861550;Priority 4;NA
CNC;812;CNC;SR;OK;TASK000014861587;Priority 3;NA
SEC;812;SEC;SR;OK;TASK000014861619;Priority 3;NA
DBA;812;DBA;SR;OK;TASK000014861679;Priority 3;NA
SEC;ETH;SEC;SR;OK;TASK000014861708;Priority 3;NA
SEC;812;SEC;SR;OK;TASK000014861739;Priority 3;NA
TEC;ETH;FUN;SR;OK;TASK000014861763;Priority 4;NA
SEC;MNT;SEC;SR;OK;TASK000014861861;Priority 3;NA
L1;812;MON;SR;OK;TASK000014861984;Priority 3;NA
CNC;812;CNC;SR;OK;TASK000014862018;Priority 3;NA
SEC;812;SEC;SR;OK;TASK000014862036;Priority 3;NA
L1;812;MON;SR;OK;TASK000014862038;Priority 3;NA
SEC;812;SEC;SR;OK;TASK000014862092;Priority 3;NA
APS;ETH;APS;SR;OK;TASK000014862095;Priority 3;NA
SEC;SYN;SEC;SR;Defect;TASK000014862143;Priority 3;NA
FUN;812;FUN;SR;OK;TASK000014862152;Priority 3;NA
FUN;812;FUN;SR;Defect;TASK000014862247;Priority 3;NA
APS;EES;APS;SR;OK;TASK000014862395;Priority 4;NA
SEC;ETH;SEC;SR;OK;TASK000014862498;Priority 4;NA
APS;ETH;APS;SR;OK;TASK000014862515;Priority 4;NA
SEC;BWI;SEC;SR;OK;TASK000014862727;Priority 4;NA
CNC;ETH;CNC;SR;OK;TASK000014862754;Priority 3;NA
L1;BWI;L1 ;SR;Defect;TASK000014862783;Priority 3;NA
SEC;SYN;SEC;SR;Defect;TASK000014862831;Priority 3;NA
SEC;LAT;SEC;SR;OK;TASK000014862868;Priority 3;NA
DBA;812;DBA;SR;OK;TASK000014862951;Priority 3;NA
SEC;MNT;SEC;SR;OK;TASK000014863272;Priority 4;NA
APS;EES;APS;SR;OK;TASK000014863311;Priority 4;NA
FUN;MNT;FUN;SR;Defect;TASK000014863387;Priority 4;NA
SEC;BWI;SEC;SR;OK;TASK000014863611;Priority 4;NA
SEC;DXE;SEC;SR;OK;TASK000014863801;Priority 3;NA
SEC;EES;SEC;SR;OK;TASK000014863826;Priority 4;NA
SEC;BWI;SEC;SR;OK;TASK000014863869;Priority 4;NA
SEC;DXE;SEC;SR;OK;TASK000014863875;Priority 3;NA
SEC;BWI;SEC;SR;OK;TASK000014863892;Priority 4;NA
SEC;BWI;SEC;SR;OK;TASK000014863935;Priority 4;NA
SEC;BWI;SEC;SR;OK;TASK000014863944;Priority 4;NA
SEC;BWI;SEC;SR;OK;TASK000014863965;Priority 4;NA
TEC;BWI;TEC;SR;OK;TASK000014863994;Priority 3;NA
SEC;ETH;SEC;SR;OK;TASK000014864071;Priority 3;NA
SEC;BWI;SEC;SR;Defect;TASK000014864106;Priority 4;NA
CNC;812;CNC;SR;OK;TASK000014864135;Priority 3;NA
SEC;MNT;SEC;SR;OK;TASK000014864136;Priority 4;NA
FUN;812;FUN;SR;OK;TASK000014864234;Priority 3;NA
APS;EES;APS;SR;OK;TASK000014864462;Priority 4;NA
CNC;BWI;L1 ;SR;OK;TASK000014864499;Priority 3;NA
SEC;ETH;SEC;SR;OK;TASK000014864553;Priority 3;NA
SEC;812;SEC;SR;OK;TASK000014865052;Priority 3;NA
DBA;812;DBA;SR;OK;TASK000014865122;Priority 3;NA
SEC;812;SEC;SR;OK;TASK000014865141;Priority 3;NA
SEC;812;SEC;SR;OK;TASK000014865256;Priority 3;NA
SEC;812;SEC;SR;OK;TASK000014865261;Priority 3;NA
SEC;812;SEC;SR;OK;TASK000014865374;Priority 3;NA
SEC;DXE;SEC;SR;OK;TASK000014865385;Priority 3;NA
SEC;DXE;SEC;SR;OK;TASK000014865393;Priority 3;NA
FIN;812;FUN;SR;OK;TASK000014865406;Priority 4;NA
CNC;812;CNC;SR;OK;TASK000014865447;Priority 3;NA
CNC;812;CNC;SR;OK;TASK000014865454;Priority 3;NA
DBA;812;DBA;SR;OK;TASK000014865472;Priority 3;NA
SEC;812;SEC;SR;OK;TASK000014865488;Priority 3;NA
SEC;812;SEC;SR;OK;TASK000014865494;Priority 3;NA
FUN;EMS;FUN;SR;Defect;TASK000014865655;Priority 3;NA
SEC;812;SEC;SR;OK;TASK000014865711;Priority 3;NA
FUN;MNT;FUN;SR;Defect;TASK000014865719;Priority 4;NA
CNC;812;CNC;SR;OK;TASK000014865762;Priority 3;NA
TEC;BWI;TEC;SR;OK;TASK000014865986;Priority 3;NA
SEC;DCF;SEC;SR;OK;TASK000014866032;Priority 4;NA
SEC;812;SEC;SR;OK;TASK000014866153;Priority 3;NA
FUN;EES;FUN;SR;OK;TASK000014866378;Priority 4;NA
TEC;ETH;FUN;SR;OK;TASK000014866409;Priority 4;NA
SEC;MNT;SEC;SR;OK;TASK000014866454;Priority 3;NA
TEC;ETH;FUN;SR;OK;TASK000014866462;Priority 4;NA
APS;DCF;APS;SR;OK;TASK000014866467;Priority 4;NA
SEC;SYN;SEC;SR;Defect;TASK000014866576;Priority 3;NA
APS;ETH;APS;SR;OK;TASK000014866587;Priority 3;NA
SEC;SYN;SEC;SR;Defect;TASK000014866602;Priority 3;NA
TEC;ETH;FUN;SR;OK;TASK000014866635;Priority 4;NA
FUN;DXE;FUN;SR;OK;TASK000014866696;Priority 3;NA
SEC;SYN;SEC;SR;OK;TASK000014866712;Priority 3;NA
TEC;ETH;FUN;SR;OK;TASK000014866874;Priority 4;NA
APS;ETH;APS;SR;OK;TASK000014866879;Priority 3;NA
DBA;812;DBA;SR;OK;TASK000014866901;Priority 3;NA
FUN;812;FUN;SR;OK;TASK000014866992;Priority 3;NA
DBA;812;DBA;SR;OK;TASK000014867316;Priority 3;NA
APS;ETH;APS;SR;OK;TASK000014867324;Priority 3;NA
DBA;812;DBA;SR;OK;TASK000014867346;Priority 3;NA
FUN;EES;FUN;SR;OK;TASK000014867382;Priority 4;NA
APS;ETH;APS;SR;OK;TASK000014867399;Priority 3;NA
DBA;812;DBA;SR;OK;TASK000014867540;Priority 3;NA
SEC;SYN;SEC;SR;Defect;TASK000014867554;Priority 3;NA
CNC;DPY;L1 ;SR;OK;TASK000014867572;Priority 3;NA
SEC;ETH;SEC;SR;OK;TASK000014867581;Priority 4;NA
MNT;MNT;FUN;SR;OK;TASK000014867612;Priority 3;NA
SEC;ETH;SEC;SR;OK;TASK000014867717;Priority 3;NA
FUN;MNT;FUN;SR;OK;TASK000014867770;Priority 3;NA
SEC;BWI;SEC;SR;OK;TASK000014867852;Priority 3;NA
DBA;812;DBA;SR;OK;TASK000014867995;Priority 3;NA
APS;EES;APS;SR;OK;TASK000014868005;Priority 4;NA
SEC;BWI;SEC;SR;OK;TASK000014868064;Priority 4;NA
CNC;ETH;CNC;SR;OK;TASK000014868175;Priority 3;NA
L1;BWI;L1 ;SR;OK;TASK000014868449;Priority 4;NA
TEC;ETH;FUN;SR;OK;TASK000014868487;Priority 4;NA
SEC;DCF;SEC;SR;OK;TASK000014868702;Priority 4;NA
L1;812;MON;SR;OK;TASK000014869643;Priority 3;NA
L1;812;MON;SR;OK;TASK000014869946;Priority 3;NA
DBA;812;DBA;SR;OK;TASK000014869947;Priority 3;NA
SEC;EMS;SEC;SR;OK;TASK000014869998;Priority 3;NA
DBA;812;DBA;SR;OK;TASK000014870009;Priority 3;NA
L1;812;MON;SR;OK;TASK000014870279;Priority 3;NA
SEC;812;SEC;SR;OK;TASK000014870381;Priority 3;NA
SEC;DCF;SEC;SR;OK;TASK000014870394;Priority 4;NA
SEC;812;SEC;SR;OK;TASK000014870397;Priority 3;NA
SEC;812;SEC;SR;OK;TASK000014870423;Priority 3;NA
SEC;812;SEC;SR;OK;TASK000014870595;Priority 3;NA
SEC;812;SEC;SR;OK;TASK000014870664;Priority 3;NA
DBA;812;DBA;SR;OK;TASK000014870824;Priority 3;NA
DBA;812;DBA;SR;Defect;TASK000014870839;Priority 3;NA
DBA;812;DBA;SR;OK;TASK000014870902;Priority 3;NA
SEC;812;SEC;SR;OK;TASK000014870924;Priority 3;NA
SEC;812;SEC;SR;OK;TASK000014870931;Priority 3;NA
DCF;DCF;FUN;SR;OK;TASK000014870943;Priority 3;NA
SEC;MNT;SEC;SR;OK;TASK000014870978;Priority 4;NA
APS;ETH;APS;SR;OK;TASK000014871135;Priority 3;NA
SEC;812;SEC;SR;OK;TASK000014871156;Priority 3;NA
SEC;DXE;SEC;SR;OK;TASK000014871177;Priority 3;NA
SEC;SYN;SEC;SR;Defect;TASK000014871198;Priority 3;NA
FUN;812;FUN;SR;OK;TASK000014871227;Priority 3;NA
SEC;SYN;SEC;SR;OK;TASK000014871239;Priority 3;NA
SEC;SYN;SEC;SR;Defect;TASK000014871266;Priority 3;NA
FIN;812;INS;SR;OK;TASK000014871317;Priority 4;NA
SEC;812;SEC;SR;OK;TASK000014871363;Priority 3;NA
SEC;MNT;SEC;SR;OK;TASK000014871395;Priority 3;NA
None;BWI;TEC;SR;OK;TASK000014871434;Priority 3;NA
SEC;SYN;SEC;SR;OK;TASK000014871512;Priority 3;NA
DCF;DCF;FUN;SR;OK;TASK000014871555;Priority 3;NA
DBA;812;DBA;SR;Defect;TASK000014871627;Priority 3;NA
CNC;812;CNC;SR;OK;TASK000014871739;Priority 3;NA
DBA;812;DBA;SR;OK;TASK000014871763;Priority 3;NA
DBA;812;DBA;SR;OK;TASK000014871799;Priority 3;NA
CNC;812;CNC;SR;OK;TASK000014872002;Priority 3;NA
SEC;SYN;SEC;SR;Defect;TASK000014872027;Priority 3;NA
SEC;EMS;SEC;SR;OK;TASK000014872047;Priority 3;NA
FUN;COR;FUN;SR;OK;TASK000014872072;Priority 4;NA
CNC;812;CNC;SR;OK;TASK000014872080;Priority 3;NA
SEC;ETH;SEC;SR;OK;TASK000014872087;Priority 3;NA
SEC;DXE;SEC;SR;OK;TASK000014872117;Priority 3;NA
FUN;COR;FUN;SR;OK;TASK000014872120;Priority 4;NA
FIN;812;FUN;SR;OK;TASK000014872184;Priority 3;NA
SEC;DPY;SEC;SR;OK;TASK000014872206;Priority 3;NA
SEC;DCF;SEC;SR;OK;TASK000014872255;Priority 4;NA
DBA;812;DBA;SR;OK;TASK000014872276;Priority 3;NA
SEC;812;SEC;SR;OK;TASK000014872460;Priority 3;NA
DBA;812;DBA;SR;OK;TASK000014872491;Priority 3;NA
DCF;DCF;FUN;SR;OK;TASK000014872655;Priority 3;NA
MNT;MNT;FUN;SR;OK;TASK000014872760;Priority 4;NA
SEC;812;SEC;SR;OK;TASK000014872772;Priority 3;NA
SEC;812;SEC;SR;OK;TASK000014872838;Priority 3;NA
SEC;812;SEC;SR;OK;TASK000014872867;Priority 3;NA
SEC;EES;FUN;SR;OK;TASK000014872925;Priority 4;NA
SEC;MNT;SEC;SR;OK;TASK000014872977;Priority 3;NA
SEC;SYN;SEC;SR;OK;TASK000014873007;Priority 3;NA
SEC;SYN;SEC;SR;OK;TASK000014873042;Priority 3;NA
CNC;BWI;L1 ;SR;OK;TASK000014873156;Priority 3;NA
SEC;EMS;SEC;SR;OK;TASK000014873173;Priority 3;NA
SEC;DCF;SEC;SR;OK;TASK000014873219;Priority 4;NA
SEC;DCF;SEC;SR;OK;TASK000014873220;Priority 4;NA
SEC;MNT;SEC;SR;OK;TASK000014873254;Priority 3;NA
DBA;812;DBA;SR;OK;TASK000014873307;Priority 3;NA
CNC;DCF;CNC;SR;OK;TASK000014873458;Priority 3;NA
SEC;EES;SEC;SR;OK;TASK000014873607;Priority 3;NA
SEC;SYN;SEC;SR;OK;TASK000014873642;Priority 3;NA
MNT;MNT;FUN;SR;OK;TASK000014873852;Priority 3;NA
SEC;BWI;SEC;SR;OK;TASK000014873917;Priority 3;NA
SEC;ETH;SEC;SR;OK;TASK000014873932;Priority 3;NA
MNT;MNT;FUN;SR;Defect;TASK000014874001;Priority 4;NA
SEC;BWI;SEC;SR;OK;TASK000014874012;Priority 3;NA
SEC;ETH;SEC;SR;OK;TASK000014874066;Priority 3;NA
SEC;MNT;SEC;SR;OK;TASK000014874195;Priority 4;NA
L1;BWI;L1 ;SR;OK;TASK000014874200;Priority 3;NA
SEC;SYN;SEC;SR;Defect;TASK000014874270;Priority 3;NA
SEC;812;SEC;SR;OK;TASK000014874600;Priority 3;NA
SEC;SYN;SEC;SR;OK;TASK000014874990;Priority 3;NA
SEC;812;SEC;SR;OK;TASK000014875065;Priority 3;NA
DBA;812;DBA;SR;OK;TASK000014875072;Priority 3;NA
FUN;COR;FUN;SR;OK;TASK000014875243;Priority 3;NA
DBA;812;DBA;SR;OK;TASK000014875247;Priority 3;NA
DBA;812;DBA;SR;OK;TASK000014875248;Priority 3;NA
SEC;812;SEC;SR;OK;TASK000014875287;Priority 3;NA
SEC;EMS;SEC;SR;OK;TASK000014875298;Priority 3;NA
MNT;MNT;FUN;SR;OK;TASK000014875341;Priority 4;NA
SEC;DCF;SEC;SR;OK;TASK000014875469;Priority 4;NA
SEC;DCF;SEC;SR;OK;TASK000014875502;Priority 4;NA
SEC;DCF;SEC;SR;OK;TASK000014875620;Priority 4;NA
DBA;812;DBA;SR;OK;TASK000014875629;Priority 3;NA
L1;BWI;L1 ;SR;OK;TASK000014875631;Priority 3;NA
L1;BWI;L1 ;SR;OK;TASK000014875633;Priority 3;NA
DCF;DCF;FUN;INC;OK;TASK000014875677;Priority 3;NA
SEC;DCF;SEC;SR;Defect;TASK000014875723;Priority 4;NA
APS;ETH;APS;SR;OK;TASK000014875942;Priority 3;NA
CNC;DPY;CNC;SR;OK;TASK000014875982;Priority 3;NA
CNC;DPY;CNC;SR;OK;TASK000014875999;Priority 3;NA
DCF;DCF;FUN;SR;OK;TASK000014876010;Priority 3;NA
CNC;DPY;CNC;SR;OK;TASK000014876017;Priority 3;NA
SEC;812;SEC;SR;OK;TASK000014876021;Priority 3;NA
FIN;812;INS;SR;OK;TASK000014876094;Priority 4;NA
CNC;DPY;CNC;SR;OK;TASK000014876134;Priority 3;NA
SEC;812;SEC;SR;OK;TASK000014876143;Priority 3;NA
DBA;812;DBA;SR;OK;TASK000014876185;Priority 3;NA
CNC;BWI;CNC;SR;OK;TASK000014876257;Priority 3;NA
CNC;DPY;CNC;SR;OK;TASK000014876300;Priority 3;NA
SEC;DCF;SEC;SR;OK;TASK000014876359;Priority 4;NA
DBA;812;DBA;SR;OK;TASK000014876388;Priority 3;NA
SEC;812;SEC;SR;OK;TASK000014876407;Priority 3;NA
SEC;812;SEC;SR;OK;TASK000014876441;Priority 3;NA
SEC;812;SEC;SR;OK;TASK000014876449;Priority 3;NA
SEC;812;SEC;SR;OK;TASK000014876480;Priority 3;NA
SEC;812;SEC;SR;OK;TASK000014876542;Priority 3;NA
SEC;812;SEC;SR;OK;TASK000014876591;Priority 3;NA
SEC;812;SEC;SR;OK;TASK000014876750;Priority 3;NA
None;LAT;TEC;SR;OK;TASK000014876759;Priority 3;NA
SEC;812;SEC;SR;OK;TASK000014876810;Priority 3;NA
FUN;812;FUN;SR;OK;TASK000014876864;Priority 3;NA
SEC;ETH;SEC;SR;OK;TASK000014876866;Priority 3;NA
CNC;EES;CNC;SR;OK;TASK000014876953;Priority 3;NA
SEC;SYN;SEC;SR;Defect;TASK000014876963;Priority 3;NA
SEC;812;SEC;SR;OK;TASK000014876973;Priority 3;NA
FUN;DXE;FUN;SR;OK;TASK000014877044;Priority 3;NA
FIN;812;FUN;SR;Defect;TASK000014877077;Priority 3;NA
SEC;SYN;SEC;SR;Defect;TASK000014877089;Priority 3;NA
SEC;812;SEC;SR;OK;TASK000014877174;Priority 3;NA
FUN;COR;FUN;SR;OK;TASK000014877208;Priority 4;NA
DBA;812;DBA;SR;OK;TASK000014877247;Priority 3;NA
SEC;DCF;SEC;SR;OK;TASK000014877276;Priority 4;NA
DBA;812;DBA;SR;OK;TASK000014877354;Priority 3;NA
DBA;812;DBA;SR;OK;TASK000014877420;Priority 3;NA
SEC;SYN;SEC;SR;OK;TASK000014877444;Priority 3;NA
DBA;812;DBA;SR;OK;TASK000014877497;Priority 3;NA
CNC;DCF;CNC;SR;OK;TASK000014877499;Priority 3;NA
APS;ETH;APS;SR;OK;TASK000014877517;Priority 3;NA
SEC;812;SEC;SR;OK;TASK000014877539;Priority 3;NA
DCF;DCF;FUN;SR;OK;TASK000014877648;Priority 4;NA
SCH;812;SCH;SR;OK;TASK000014877653;Priority 3;NA
DBA;812;DBA;SR;OK;TASK000014877657;Priority 3;NA
FUN;DXE;FUN;SR;OK;TASK000014877741;Priority 3;NA
TEC;SYN;FUN;SR;OK;TASK000014877880;Priority 3;NA
SEC;812;SEC;SR;OK;TASK000014877960;Priority 3;NA
SEC;ETH;SEC;SR;OK;TASK000014877999;Priority 3;NA
APS;ETH;APS;SR;OK;TASK000014878148;Priority 4;NA
SEC;DPY;SEC;SR;OK;TASK000014878244;Priority 4;NA
L1;DCF;CNC;SR;OK;TASK000014878359;Priority 3;NA
SEC;ETH;SEC;SR;OK;TASK000014878380;Priority 3;NA
APS;EES;APS;SR;OK;TASK000014878501;Priority 3;NA
TEC;ETH;FUN;SR;OK;TASK000014878578;Priority 4;NA
SEC;SYN;SEC;SR;Defect;TASK000014878589;Priority 3;NA
None;BWI;CNC;SR;OK;TASK000014878624;Priority 3;NA
SEC;BWI;SEC;SR;OK;TASK000014878658;Priority 4;NA
APS;ETH;APS;SR;OK;TASK000014878688;Priority 3;NA
SEC;SYN;SEC;SR;OK;TASK000014878785;Priority 3;NA
SEC;BWI;SEC;SR;OK;TASK000014878804;Priority 4;NA
APS;ETH;APS;SR;OK;TASK000014878903;Priority 3;NA
MNT;MNT;FUN;SR;OK;TASK000014878941;Priority 4;NA
SEC;BWI;SEC;SR;OK;TASK000014879043;Priority 4;NA
CNC;BWI;L1 ;SR;OK;TASK000014879158;Priority 3;NA
SEC;BWI;SEC;SR;OK;TASK000014879184;Priority 4;NA
DBA;812;DBA;SR;OK;TASK000014879214;Priority 3;NA
SEC;812;SEC;SR;OK;TASK000014879215;Priority 3;NA
FUN;ETH;FUN;SR;OK;TASK000014879249;Priority 3;NA
APS;ETH;APS;SR;OK;TASK000014879300;Priority 4;NA
L1;EES;CNC;SR;Defect;TASK000014879320;Priority 3;NA
SEC;ETH;SEC;SR;Defect;TASK000014879389;Priority 3;NA
None;LAT;CNC;SR;OK;TASK000014879437;Priority 3;NA
DBA;812;DBA;SR;OK;TASK000014879473;Priority 3;NA
APS;ETH;APS;SR;OK;TASK000014879664;Priority 3;NA
APS;ETH;APS;SR;OK;TASK000014879665;Priority 3;NA
SEC;MNT;SEC;SR;OK;TASK000014879681;Priority 4;NA
SEC;ETH;SEC;SR;OK;TASK000014879772;Priority 4;NA
APS;ETH;APS;SR;OK;TASK000014879989;Priority 3;NA
SEC;812;SEC;SR;OK;TASK000014880319;Priority 3;NA
None;DPY;CNC;SR;OK;TASK000014880453;Priority 3;NA
L1;812;MON;SR;OK;TASK000014880507;Priority 3;NA
SEC;812;SEC;SR;OK;TASK000014880549;Priority 3;NA
CNC;812;CNC;SR;OK;TASK000014880671;Priority 3;NA
APS;ETH;APS;SR;OK;TASK000014880812;Priority 3;NA
SEC;812;SEC;SR;OK;TASK000014880887;Priority 3;NA
APS;ETH;APS;SR;OK;TASK000014880947;Priority 3;NA
CNC;DCF;CNC;SR;OK;TASK000014881151;Priority 3;NA
DBA;812;DBA;SR;OK;TASK000014881316;Priority 3;NA
FUN;812;FUN;SR;OK;TASK000014881572;Priority 3;NA
SEC;DCF;SEC;SR;OK;TASK000014881658;Priority 4;NA
None;LAT;TEC;SR;OK;TASK000014881675;Priority 3;NA
FUN;812;FUN;SR;OK;TASK000014881702;Priority 3;NA
DBA;812;DBA;SR;OK;TASK000014881752;Priority 3;NA
APS;ETH;APS;SR;OK;TASK000014881870;Priority 3;NA
SEC;812;SEC;SR;OK;TASK000014881892;Priority 3;NA
APS;ETH;APS;SR;OK;TASK000014881904;Priority 3;NA
APS;ETH;APS;SR;OK;TASK000014882078;Priority 3;NA
SEC;812;SEC;SR;OK;TASK000014882091;Priority 3;NA
SEC;812;SEC;SR;OK;TASK000014882119;Priority 3;NA
SEC;MNT;SEC;SR;OK;TASK000014882130;Priority 4;NA
APS;ETH;APS;SR;OK;TASK000014882140;Priority 3;NA
SEC;DCF;SEC;SR;OK;TASK000014882156;Priority 4;NA
SEC;DXE;SEC;SR;OK;TASK000014882175;Priority 3;NA
SEC;812;SEC;SR;OK;TASK000014882248;Priority 3;NA
SEC;SYN;SEC;SR;Defect;TASK000014882324;Priority 3;NA
APS;ETH;APS;SR;OK;TASK000014882386;Priority 3;NA
SEC;SYN;SEC;SR;OK;TASK000014882424;Priority 3;NA
DBA;812;DBA;SR;OK;TASK000014882600;Priority 3;NA
SEC;812;SEC;SR;OK;TASK000014882652;Priority 3;NA
SEC;EES;SEC;SR;OK;TASK000014882706;Priority 3;NA
SEC;812;SEC;SR;OK;TASK000014882824;Priority 3;NA
SEC;BWI;SEC;SR;OK;TASK000014882869;Priority 4;NA
SEC;DCF;SEC;SR;OK;TASK000014882943;Priority 4;NA
SEC;DXE;SEC;SR;OK;TASK000014883073;Priority 3;NA
SEC;SYN;SEC;SR;Defect;TASK000014883098;Priority 3;NA
SEC;SYN;SEC;SR;Defect;TASK000014883377;Priority 3;NA
SEC;SYN;SEC;SR;Defect;TASK000014883435;Priority 3;NA
TEC;SYN;FUN;SR;OK;TASK000014883593;Priority 3;NA
APS;ETH;APS;SR;OK;TASK000014883824;Priority 3;NA
SEC;812;SEC;SR;OK;TASK000014883883;Priority 4;NA
SEC;DCF;SEC;SR;OK;TASK000014883885;Priority 4;NA
SEC;DCF;SEC;SR;OK;TASK000014883938;Priority 4;NA
SEC;DCF;SEC;SR;OK;TASK000014883978;Priority 4;NA
SEC;DCF;SEC;SR;OK;TASK000014883982;Priority 4;NA
DBA;812;DBA;SR;OK;TASK000014884018;Priority 3;NA
DCF;DCF;FUN;SR;OK;TASK000014884025;Priority 4;NA
APS;ETH;APS;SR;OK;TASK000014884035;Priority 3;NA
DBA;812;DBA;SR;OK;TASK000014884047;Priority 3;NA
SEC;812;SEC;SR;OK;TASK000014884056;Priority 3;NA
DBA;812;DBA;SR;OK;TASK000014884058;Priority 3;NA
DBA;812;DBA;SR;OK;TASK000014884072;Priority 3;NA
APS;ETH;APS;SR;OK;TASK000014884104;Priority 3;NA
FUN;ETH;FUN;SR;OK;TASK000014884120;Priority 3;NA
SEC;EMS;SEC;SR;OK;TASK000014884153;Priority 3;NA
DCF;DCF;FUN;SR;OK;TASK000014884448;Priority 3;NA
SEC;SYN;SEC;SR;OK;TASK000014884512;Priority 3;NA
L1;SYN;FUN;SR;Defect;TASK000014885061;Priority 3;NA
SEC;SYN;SEC;SR;Defect;TASK000014885082;Priority 3;NA
FUN;ETH;FUN;SR;OK;TASK000014885304;Priority 3;NA
DBA;812;DBA;SR;OK;TASK000014885337;Priority 3;NA
CNC;812;CNC;SR;OK;TASK000014885660;Priority 3;NA
SEC;812;SEC;SR;OK;TASK000014885682;Priority 3;NA
APS;DCF;APS;SR;OK;TASK000014885780;Priority 4;NA
SEC;812;SEC;SR;OK;TASK000014885842;Priority 3;NA
SEC;812;SEC;SR;OK;TASK000014885869;Priority 3;NA
CNC;812;CNC;SR;Defect;TASK000014885882;Priority 3;NA
SEC;812;SEC;SR;OK;TASK000014885890;Priority 3;NA
FUN;DXE;FUN;SR;OK;TASK000014886057;Priority 3;NA
SEC;EMS;SEC;SR;OK;TASK000014886104;Priority 3;NA
CNC;DPY;CNC;SR;OK;TASK000014886259;Priority 3;NA
DBA;812;DBA;SR;OK;TASK000014886266;Priority 3;NA
SEC;812;SEC;SR;OK;TASK000014886272;Priority 3;NA
CNC;DCF;CNC;SR;OK;TASK000014886429;Priority 3;NA
L1;812;MON;SR;OK;TASK000014886481;Priority 3;NA
SEC;DXE;SEC;SR;OK;TASK000014886707;Priority 3;NA
APS;ETH;APS;SR;OK;TASK000014886762;Priority 3;NA
SEC;812;SEC;SR;OK;TASK000014886831;Priority 3;NA
CNC;812;CNC;SR;OK;TASK000014886901;Priority 3;NA
SEC;DCF;SEC;SR;OK;TASK000014886919;Priority 4;NA
APS;ETH;APS;SR;OK;TASK000014887017;Priority 3;NA
SEC;812;SEC;SR;OK;TASK000014887096;Priority 3;NA
SEC;812;SEC;SR;OK;TASK000014887111;Priority 3;NA
SEC;812;SEC;SR;OK;TASK000014887134;Priority 3;NA
SEC;812;SEC;SR;OK;TASK000014887142;Priority 3;NA
CNC;812;CNC;SR;OK;TASK000014887145;Priority 3;NA
TEC;BWI;TEC;SR;OK;TASK000014887440;Priority 3;NA
L1;ETH;CNC;SR;OK;TASK000014887443;Priority 3;NA
APS;ETH;APS;SR;Defect;TASK000014887478;Priority 4;NA
FUN;DXE;FUN;SR;OK;TASK000014887754;Priority 4;NA
FUN;ETH;FUN;SR;OK;TASK000014887761;Priority 3;NA
SEC;DCF;SEC;SR;Defect;TASK000014887785;Priority 4;NA
DCF;DCF;FUN;INC;OK;TASK000014887985;Priority 3;NA
TEC;ETH;FUN;SR;OK;TASK000014888031;Priority 3;NA
SEC;812;SEC;SR;OK;TASK000014888053;Priority 3;NA
SEC;DCF;SEC;SR;OK;TASK000014888127;Priority 4;NA
CNC;ETH;CNC;SR;OK;TASK000014888191;Priority 3;NA
DBA;812;DBA;SR;OK;TASK000014888282;Priority 3;NA
APS;ETH;APS;SR;OK;TASK000014888283;Priority 3;NA
SEC;DPY;SEC;SR;OK;TASK000014888335;Priority 4;NA
SEC;EES;SEC;SR;OK;TASK000014888346;Priority 3;NA
None;BWI;CNC;SR;OK;TASK000014888363;Priority 3;NA
CNC;EES;CNC;SR;Defect;TASK000014888383;Priority 3;NA
SEC;812;SEC;SR;OK;TASK000014888421;Priority 3;NA
CNC;EES;CNC;SR;Defect;TASK000014888466;Priority 3;NA
FUN;ETH;FUN;SR;OK;TASK000014888507;Priority 3;NA
FUN;ETH;FUN;SR;OK;TASK000014888618;Priority 3;NA
SEC;DCF;SEC;SR;OK;TASK000014888725;Priority 4;NA
MNT;MNT;FUN;SR;OK;TASK000014888741;Priority 3;NA
SEC;BWI;SEC;SR;OK;TASK000014888796;Priority 4;NA
SEC;DCF;SEC;SR;OK;TASK000014888844;Priority 4;NA
CNC;BWI;L1 ;SR;OK;TASK000014888993;Priority 3;NA
SEC;SYN;SEC;SR;Defect;TASK000014889053;Priority 3;NA
CNC;ETH;L1 ;SR;OK;TASK000014889151;Priority 3;NA
SEC;DCF;SEC;SR;OK;TASK000014889225;Priority 4;NA
SEC;DCF;SEC;SR;OK;TASK000014889241;Priority 4;NA
SEC;EES;SEC;SR;OK;TASK000014889397;Priority 3;NA
MNT;MNT;FUN;SR;OK;TASK000014889400;Priority 4;NA
SEC;MNT;SEC;SR;OK;TASK000014889536;Priority 4;NA
SEC;MNT;SEC;SR;OK;TASK000014889547;Priority 4;NA
SEC;812;SEC;SR;OK;TASK000014889798;Priority 3;NA
SEC;812;SEC;SR;OK;TASK000014890240;Priority 3;NA
DBA;812;DBA;SR;OK;TASK000014890263;Priority 3;NA
SEC;812;SEC;SR;OK;TASK000014890291;Priority 3;NA
DBA;812;DBA;SR;OK;TASK000014890346;Priority 3;NA
SEC;DXE;SEC;SR;OK;TASK000014890362;Priority 3;NA
APS;ETH;APS;SR;OK;TASK000014890366;Priority 3;NA
APS;ETH;APS;SR;OK;TASK000014890399;Priority 4;NA
APS;ETH;APS;SR;OK;TASK000014890423;Priority 3;NA
FIN;812;FUN;SR;Defect;TASK000014890605;Priority 3;NA
SEC;EMS;SEC;SR;OK;TASK000014890719;Priority 3;NA
SEC;ETH;SEC;SR;OK;TASK000014890751;Priority 4;NA
CNC;812;CNC;SR;OK;TASK000014890900;Priority 3;NA
SEC;812;SEC;SR;OK;TASK000014890909;Priority 3;NA
SEC;DXE;SEC;SR;OK;TASK000014890927;Priority 3;NA
CNC;DXE;L1 ;SR;OK;TASK000014891004;Priority 3;NA
TEC;BWI;TEC;SR;OK;TASK000014891223;Priority 3;NA
CNC;812;CNC;SR;OK;TASK000014891224;Priority 3;NA
SEC;812;SEC;SR;OK;TASK000014891318;Priority 3;NA
SEC;812;SEC;SR;OK;TASK000014891344;Priority 3;NA
SEC;812;SEC;SR;OK;TASK000014891355;Priority 3;NA
SEC;812;SEC;SR;OK;TASK000014891369;Priority 3;NA
SEC;BWI;SEC;SR;OK;TASK000014891441;Priority 4;NA
TEC;SYN;FUN;SR;OK;TASK000014891455;Priority 3;NA
DBA;812;DBA;SR;OK;TASK000014891497;Priority 3;NA
SEC;812;SEC;SR;OK;TASK000014891522;Priority 3;NA
SEC;812;SEC;SR;OK;TASK000014891710;Priority 3;NA
SEC;DPY;SEC;SR;OK;TASK000014891782;Priority 4;NA
SEC;DCF;SEC;SR;OK;TASK000014891805;Priority 4;NA
SEC;812;SEC;SR;OK;TASK000014891828;Priority 3;NA
APS;ETH;APS;SR;OK;TASK000014891834;Priority 3;NA
SEC;ETH;SEC;SR;OK;TASK000014891920;Priority 4;NA
SEC;812;SEC;SR;OK;TASK000014891937;Priority 3;NA
SEC;812;SEC;SR;OK;TASK000014891949;Priority 3;NA
SEC;812;SEC;SR;OK;TASK000014891963;Priority 3;NA
SEC;BWI;SEC;SR;OK;TASK000014892112;Priority 4;NA
CNC;812;CNC;SR;OK;TASK000014892265;Priority 3;NA
APS;ETH;APS;SR;OK;TASK000014892301;Priority 3;NA
APS;ETH;APS;SR;OK;TASK000014892324;Priority 3;NA
L1;SYN;FUN;SR;Defect;TASK000014892348;Priority 3;NA
APS;ETH;APS;SR;OK;TASK000014892495;Priority 3;NA
DCF;DCF;FUN;SR;OK;TASK000014892595;Priority 3;NA
SEC;DPY;SEC;SR;OK;TASK000014892725;Priority 4;NA
SEC;ETH;SEC;SR;OK;TASK000014892936;Priority 4;NA
APS;EES;APS;SR;OK;TASK000014892990;Priority 4;NA
L1;ETH;CNC;SR;OK;TASK000014893294;Priority 3;NA
None;BWI;L1 ;SR;OK;TASK000014893360;Priority 3;NA
APS;EES;APS;SR;OK;TASK000014893405;Priority 4;NA
CNC;BWI;L1 ;SR;OK;TASK000014893433;Priority 3;NA
CNC;812;CNC;SR;OK;TASK000014893483;Priority 3;NA
CNC;MNT;CNC;SR;OK;TASK000014893523;Priority 3;NA
SEC;EMS;SEC;SR;OK;TASK000014893557;Priority 3;NA
CNC;BWI;L1 ;SR;OK;TASK000014893753;Priority 3;NA
CNC;BWI;L1 ;SR;OK;TASK000014893768;Priority 3;NA
SEC;MNT;SEC;SR;OK;TASK000014894293;Priority 4;NA
APS;ETH;APS;SR;OK;TASK000014895076;Priority 3;NA
OPS;EMS;OPS;SR;OK;TASK000014895198;Priority 3;NA
DBA;812;DBA;SR;OK;TASK000014895297;Priority 3;NA
DBA;812;DBA;SR;OK;TASK000014895317;Priority 3;NA
SEC;812;SEC;SR;OK;TASK000014895359;Priority 3;NA
APS;ETH;APS;SR;OK;TASK000014895519;Priority 3;NA
SEC;812;SEC;SR;OK;TASK000014895652;Priority 3;NA
SEC;812;SEC;SR;OK;TASK000014895786;Priority 3;NA
SEC;MNT;SEC;SR;OK;TASK000014895823;Priority 4;NA
CNC;EES;CNC;SR;OK;TASK000014895939;Priority 3;NA
SEC;EMS;SEC;SR;OK;TASK000014895949;Priority 3;NA
SEC;EMS;SEC;SR;OK;TASK000014895952;Priority 3;NA
CNC;812;CNC;SR;OK;TASK000014896091;Priority 3;NA
DBA;812;DBA;SR;OK;TASK000014896170;Priority 3;NA
FUN;EMS;FUN;SR;OK;TASK000014896215;Priority 4;NA
CNC;DCF;CNC;SR;OK;TASK000014896395;Priority 3;NA
FIN;812;INS;SR;OK;TASK000014896455;Priority 3;NA
L1;812;MON;SR;OK;TASK000014896518;Priority 3;NA
None;BWI;L1 ;SR;OK;TASK000014896614;Priority 3;NA
SEC;812;SEC;SR;OK;TASK000014896637;Priority 3;NA
SEC;BWI;SEC;SR;OK;TASK000014896672;Priority 4;NA
SEC;812;SEC;SR;OK;TASK000014896695;Priority 3;NA
SEC;DCF;SEC;SR;OK;TASK000014896711;Priority 4;NA
CNC;812;CNC;SR;OK;TASK000014896732;Priority 3;NA
SEC;EES;SEC;SR;OK;TASK000014896759;Priority 3;NA
SEC;812;SEC;SR;OK;TASK000014896791;Priority 3;NA
CNC;BWI;L1 ;SR;OK;TASK000014896816;Priority 3;NA
FUN;EMS;FUN;SR;OK;TASK000014896893;Priority 3;NA
TEC;LAT;TEC;SR;OK;TASK000014896924;Priority 3;NA
SEC;DCF;SEC;SR;OK;TASK000014896929;Priority 4;NA
SEC;DXE;SEC;SR;OK;TASK000014896932;Priority 3;NA
SEC;DXE;SEC;SR;OK;TASK000014896944;Priority 3;NA
SEC;DCF;SEC;SR;OK;TASK000014897173;Priority 4;NA
SEC;BWI;SEC;SR;OK;TASK000014897362;Priority 4;NA
APS;ETH;APS;SR;OK;TASK000014897417;Priority 3;NA
SEC;SYN;SEC;SR;OK;TASK000014897501;Priority 3;NA
SEC;SYN;SEC;SR;OK;TASK000014897621;Priority 3;NA
SEC;BWI;SEC;SR;OK;TASK000014897662;Priority 4;NA
CNC;MNT;MON;SR;OK;TASK000014897673;Priority 3;NA
SEC;BWI;SEC;SR;OK;TASK000014897684;Priority 3;NA
SEC;812;SEC;SR;OK;TASK000014897772;Priority 3;NA
SEC;SYN;SEC;SR;OK;TASK000014898061;Priority 3;NA
FUN;812;FUN;SR;Defect;TASK000014898101;Priority 4;NA
APS;EES;APS;SR;OK;TASK000014898229;Priority 4;NA
SEC;ETH;SEC;SR;OK;TASK000014898268;Priority 3;NA
FUN;ETH;FUN;SR;OK;TASK000014898433;Priority 3;NA
SEC;EES;SEC;SR;OK;TASK000014898608;Priority 4;NA
SEC;DXE;SEC;SR;OK;TASK000014898661;Priority 3;NA
CNC;BWI;L1 ;SR;OK;TASK000014898742;Priority 3;NA
SEC;MNT;SEC;SR;OK;TASK000014898902;Priority 4;NA
EES;EES;FUN;SR;OK;TASK000014898921;Priority 4;NA
SEC;MNT;SEC;SR;OK;TASK000014898946;Priority 4;NA
APS;ETH;APS;SR;OK;TASK000014898965;Priority 4;NA
SEC;ETH;SEC;SR;OK;TASK000014899319;Priority 4;NA
SEC;DCF;SEC;SR;OK;TASK000014899353;Priority 4;NA
SEC;812;SEC;SR;OK;TASK000014899491;Priority 3;NA
SEC;812;SEC;SR;OK;TASK000014899904;Priority 3;NA
SEC;812;SEC;SR;OK;TASK000014899944;Priority 3;NA
L1;812;MON;SR;OK;TASK000014900043;Priority 3;NA
CNC;812;CNC;SR;OK;TASK000014900168;Priority 3;NA
SEC;812;SEC;SR;OK;TASK000014900327;Priority 3;NA
SEC;812;SEC;SR;OK;TASK000014900351;Priority 3;NA
SEC;812;SEC;SR;OK;TASK000014900501;Priority 3;NA
SEC;812;SEC;SR;OK;TASK000014900519;Priority 3;NA
SEC;812;SEC;SR;OK;TASK000014900520;Priority 3;NA
SEC;BWI;SEC;SR;OK;TASK000014900544;Priority 4;NA
CNC;812;CNC;SR;OK;TASK000014900617;Priority 3;NA
CNC;812;CNC;SR;OK;TASK000014900691;Priority 3;NA
SEC;SYN;SEC;SR;OK;TASK000014900706;Priority 3;NA
SEC;812;SEC;SR;OK;TASK000014900734;Priority 3;NA
DBA;812;DBA;SR;OK;TASK000014900892;Priority 3;NA
CNC;BWI;L1 ;SR;OK;TASK000014900905;Priority 3;NA
SEC;DPY;SEC;SR;OK;TASK000014901033;Priority 4;NA
DBA;812;DBA;SR;OK;TASK000014901057;Priority 3;NA
SEC;DPY;SEC;SR;OK;TASK000014901082;Priority 4;NA
SEC;DXE;SEC;SR;OK;TASK000014901107;Priority 3;NA
None;BWI;L1 ;SR;OK;TASK000014901135;Priority 3;NA
SEC;DCF;SEC;SR;OK;TASK000014901193;Priority 4;NA
CNC;812;CNC;SR;OK;TASK000014901298;Priority 3;NA
SEC;812;SEC;SR;OK;TASK000014901310;Priority 3;NA
None;LAT;TEC;SR;OK;TASK000014901519;Priority 3;NA
None;BWI;TEC;SR;OK;TASK000014901529;Priority 3;NA
DCF;DCF;FUN;SR;OK;TASK000014901533;Priority 3;NA
SEC;DXE;SEC;SR;OK;TASK000014901629;Priority 3;NA
DBA;812;DBA;SR;OK;TASK000014901771;Priority 3;NA
SEC;812;SEC;SR;OK;TASK000014901858;Priority 3;NA
SEC;ETH;SEC;SR;OK;TASK000014901948;Priority 4;NA
SEC;DCF;SEC;SR;OK;TASK000014901955;Priority 4;NA
SEC;ETH;SEC;SR;OK;TASK000014901996;Priority 4;NA
SEC;DPY;SEC;SR;OK;TASK000014902007;Priority 4;NA
SEC;MNT;SEC;SR;OK;TASK000014902032;Priority 4;NA
SEC;SYN;SEC;SR;Defect;TASK000014902135;Priority 3;NA
SEC;SYN;SEC;SR;Defect;TASK000014902247;Priority 4;NA
SEC;812;SEC;SR;OK;TASK000014902268;Priority 4;NA
CNC;DPY;L1 ;SR;OK;TASK000014902445;Priority 3;NA
SEC;MNT;SEC;SR;OK;TASK000014902466;Priority 4;NA
APS;ETH;APS;SR;OK;TASK000014902563;Priority 3;NA
APS;ETH;APS;SR;OK;TASK000014902565;Priority 3;NA
CNC;ETH;L1 ;SR;OK;TASK000014902619;Priority 3;NA
SEC;BWI;SEC;SR;OK;TASK000014902753;Priority 4;NA
SEC;SYN;SEC;SR;OK;TASK000014902767;Priority 3;NA
SEC;DPY;SEC;SR;OK;TASK000014902842;Priority 4;NA
L1;DCF;CNC;SR;OK;TASK000014902930;Priority 3;NA
TEC;SYN;FUN;SR;OK;TASK000014902947;Priority 3;NA
CNC;BWI;L1 ;SR;OK;TASK000014903129;Priority 3;NA
APS;ETH;APS;SR;OK;TASK000014903272;Priority 3;NA
SEC;ETH;SEC;SR;OK;TASK000014903379;Priority 4;NA
SEC;DPY;SEC;SR;OK;TASK000014903405;Priority 3;NA
SEC;ETH;SEC;SR;OK;TASK000014903538;Priority 4;NA
MNT;MNT;FUN;SR;OK;TASK000014903539;Priority 3;NA
CNC;812;CNC;SR;OK;TASK000014903960;Priority 3;NA
SEC;MNT;SEC;SR;OK;TASK000014904347;Priority 4;NA
SEC;EMS;SEC;SR;OK;TASK000014904626;Priority 3;NA
SEC;812;SEC;SR;OK;TASK000014904671;Priority 3;NA
APS;ETH;APS;SR;OK;TASK000014904748;Priority 3;NA
FUN;812;FUN;SR;OK;TASK000014904764;Priority 4;NA
DBA;812;DBA;SR;OK;TASK000014904785;Priority 3;NA
APS;ETH;APS;SR;OK;TASK000014904811;Priority 3;NA
CNC;812;CNC;SR;OK;TASK000014904960;Priority 3;NA
SEC;EMS;SEC;SR;OK;TASK000014904975;Priority 3;NA
SEC;812;SEC;SR;OK;TASK000014905044;Priority 3;NA
SEC;812;SEC;SR;OK;TASK000014905049;Priority 4;NA
SEC;SYN;SEC;SR;OK;TASK000014905114;Priority 3;NA
DBA;812;DBA;SR;OK;TASK000014905176;Priority 3;NA
FUN;812;FUN;SR;OK;TASK000014905189;Priority 3;NA
CNC;BWI;L1 ;SR;OK;TASK000014905394;Priority 3;NA
SEC;DCF;SEC;SR;OK;TASK000014905429;Priority 4;NA
SEC;DCF;SEC;SR;OK;TASK000014905433;Priority 4;NA
SEC;BWI;SEC;SR;OK;TASK000014905524;Priority 4;NA
SEC;SYN;SEC;SR;Defect;TASK000014905580;Priority 3;NA
DBA;812;DBA;SR;OK;TASK000014905592;Priority 3;NA
APS;ETH;APS;SR;OK;TASK000014905612;Priority 3;NA
APS;ETH;APS;SR;OK;TASK000014905617;Priority 3;NA
SEC;DCF;SEC;SR;OK;TASK000014905665;Priority 4;NA
DBA;812;DBA;SR;OK;TASK000014905679;Priority 3;NA
APS;ETH;APS;SR;OK;TASK000014905712;Priority 3;NA
None;LAT;TEC;SR;OK;TASK000014905722;Priority 3;NA
DBA;812;DBA;SR;OK;TASK000014905753;Priority 3;NA
SEC;EMS;SEC;SR;OK;TASK000014905818;Priority 3;NA
FIN;812;INS;INC;Defect;TASK000014905854;Priority 4;NA
APS;ETH;APS;SR;OK;TASK000014905863;Priority 3;NA
SEC;812;SEC;SR;OK;TASK000014905864;Priority 3;NA
SEC;SYN;SEC;SR;OK;TASK000014905911;Priority 3;NA
CNC;DCF;CNC;SR;OK;TASK000014905932;Priority 3;NA
APS;ETH;APS;SR;OK;TASK000014905941;Priority 3;NA
TEC;SYN;FUN;SR;OK;TASK000014905946;Priority 3;NA
APS;ETH;APS;SR;OK;TASK000014905948;Priority 3;NA
APS;ETH;APS;SR;OK;TASK000014905976;Priority 3;NA
SEC;812;SEC;SR;OK;TASK000014906105;Priority 3;NA
FUN;WS;FUN;SR;OK;TASK000014906137;Priority 3;NA
CNC;ETH;CNC;SR;OK;TASK000014906152;Priority 3;NA
SEC;812;SEC;SR;OK;TASK000014906209;Priority 4;NA
MNT;MNT;FUN;SR;OK;TASK000014906231;Priority 3;NA
CNC;812;CNC;SR;OK;TASK000014906318;Priority 3;NA
SEC;DCF;SEC;SR;OK;TASK000014906387;Priority 4;NA
APS;ETH;APS;SR;OK;TASK000014906423;Priority 3;NA
SEC;SYN;SEC;SR;OK;TASK000014906508;Priority 3;NA
SEC;812;SEC;SR;OK;TASK000014906772;Priority 3;NA
SEC;812;SEC;SR;OK;TASK000014906781;Priority 3;NA
SEC;SYN;SEC;SR;Defect;TASK000014906919;Priority 4;NA
SEC;812;SEC;SR;OK;TASK000014906966;Priority 3;NA
SEC;812;SEC;SR;OK;TASK000014907020;Priority 4;NA
CNC;812;CNC;SR;OK;TASK000014907035;Priority 3;NA
SEC;MNT;SEC;SR;OK;TASK000014907214;Priority 4;NA
SEC;ETH;SEC;SR;OK;TASK000014907356;Priority 4;NA
MNT;MNT;FUN;SR;OK;TASK000014907428;Priority 3;NA
SEC;DCF;SEC;SR;OK;TASK000014907551;Priority 4;NA
SEC;DCF;SEC;SR;OK;TASK000014907556;Priority 4;NA
SEC;DCF;SEC;SR;OK;TASK000014907574;Priority 4;NA
SEC;MNT;SEC;SR;OK;TASK000014907581;Priority 4;NA
None;BWI;L1 ;SR;OK;TASK000014907587;Priority 3;NA
SEC;EMS;SEC;SR;OK;TASK000014907605;Priority 3;NA
SEC;MNT;SEC;SR;OK;TASK000014907700;Priority 4;NA
SEC;MNT;SEC;SR;OK;TASK000014907732;Priority 4;NA
SEC;SYN;SEC;SR;OK;TASK000014907843;Priority 3;NA
FUN;MNT;FUN;SR;OK;TASK000014907848;Priority 4;NA
CNC;812;CNC;SR;OK;TASK000014908090;Priority 3;NA
SEC;ETH;SEC;SR;OK;TASK000014908100;Priority 4;NA
CNC;BWI;L1 ;SR;OK;TASK000014908145;Priority 3;NA
SEC;ETH;SEC;SR;OK;TASK000014908388;Priority 4;NA
L1;BWI;L1 ;SR;OK;TASK000014908429;Priority 4;NA
L1;BWI;L1 ;SR;OK;TASK000014908451;Priority 4;NA
FUN;812;FUN;SR;OK;TASK000014908858;Priority 3;NA
FUN;812;FUN;SR;OK;TASK000014908994;Priority 3;NA
SEC;812;SEC;SR;OK;TASK000014909012;Priority 3;NA
APS;ETH;APS;SR;OK;TASK000014909075;Priority 3;NA
DBA;812;DBA;SR;OK;TASK000014909104;Priority 3;NA
DBA;812;DBA;SR;OK;TASK000014909137;Priority 3;NA
FUN;812;FUN;SR;OK;TASK000014909150;Priority 3;NA
APS;ETH;APS;SR;OK;TASK000014909228;Priority 3;NA
SEC;812;SEC;SR;OK;TASK000014909262;Priority 3;NA
FUN;812;FUN;SR;OK;TASK000014909273;Priority 3;NA
APS;DCF;APS;SR;OK;TASK000014909355;Priority 4;NA
SEC;812;SEC;SR;OK;TASK000014909370;Priority 3;NA
FUN;EMS;FUN;SR;OK;TASK000014909432;Priority 3;NA
SEC;812;SEC;SR;OK;TASK000014909475;Priority 3;NA
SEC;DXE;SEC;SR;OK;TASK000014909476;Priority 4;NA
SEC;812;SEC;SR;OK;TASK000014909605;Priority 3;NA
SEC;812;SEC;SR;OK;TASK000014909659;Priority 4;NA
CNC;DPY;CNC;SR;OK;TASK000014909716;Priority 3;NA
SEC;DCF;SEC;SR;OK;TASK000014909756;Priority 4;NA
CNC;812;CNC;SR;OK;TASK000014909795;Priority 3;NA
SEC;DCF;SEC;SR;OK;TASK000014909845;Priority 4;NA
FUN;812;FUN;SR;OK;TASK000014909961;Priority 3;NA
SEC;MNT;SEC;SR;OK;TASK000014910105;Priority 4;NA
APS;ETH;APS;SR;OK;TASK000014910178;Priority 3;NA
CNC;812;CNC;SR;OK;TASK000014910230;Priority 3;NA
TEC;LAT;TEC;SR;OK;TASK000014910255;Priority 3;NA
TEC;BWI;TEC;SR;OK;TASK000014910267;Priority 3;NA
DBA;812;DBA;SR;OK;TASK000014910420;Priority 3;NA
APS;ETH;APS;SR;OK;TASK000014910422;Priority 3;NA
TEC;ETH;FUN;SR;OK;TASK000014910510;Priority 4;NA
SEC;812;SEC;SR;OK;TASK000014910518;Priority 3;NA
SEC;812;SEC;SR;OK;TASK000014910519;Priority 3;NA
APS;ETH;APS;SR;OK;TASK000014910552;Priority 3;NA
SEC;812;SEC;SR;OK;TASK000014910642;Priority 3;NA
DBA;812;DBA;SR;OK;TASK000014910648;Priority 3;NA
DBA;812;DBA;SR;OK;TASK000014910683;Priority 3;NA
APS;ETH;APS;SR;OK;TASK000014910890;Priority 3;NA
SEC;SYN;SEC;SR;OK;TASK000014911023;Priority 3;NA
APS;ETH;APS;SR;OK;TASK000014911146;Priority 3;NA
APS;ETH;APS;SR;OK;TASK000014911170;Priority 3;NA
OPS;EMS;OPS;SR;OK;TASK000014911214;Priority 3;NA
SEC;SYN;SEC;SR;OK;TASK000014911217;Priority 3;NA
SEC;SYN;SEC;SR;OK;TASK000014911351;Priority 3;NA
CNC;812;CNC;SR;OK;TASK000014911367;Priority 3;NA
SEC;SYN;SEC;SR;Defect;TASK000014911454;Priority 3;NA
SEC;SYN;SEC;SR;Defect;TASK000014911484;Priority 3;NA
SEC;BWI;SEC;SR;OK;TASK000014911570;Priority 4;NA
SEC;BWI;SEC;SR;OK;TASK000014911597;Priority 4;NA
SEC;BWI;SEC;SR;OK;TASK000014911611;Priority 4;NA
APS;DCF;APS;SR;OK;TASK000014911641;Priority 4;NA
CNC;812;CNC;SR;OK;TASK000014911682;Priority 3;NA
SEC;ETH;SEC;SR;OK;TASK000014911699;Priority 4;NA
SEC;DCF;SEC;SR;OK;TASK000014911721;Priority 4;NA
SEC;ETH;SEC;SR;OK;TASK000014911760;Priority 4;NA
CNC;ETH;L1 ;SR;OK;TASK000014911782;Priority 3;NA
SEC;DXE;SEC;SR;OK;TASK000014912066;Priority 3;NA
CNC;DCF;CNC;SR;OK;TASK000014912171;Priority 3;NA
CNC;BWI;L1 ;SR;OK;TASK000014912245;Priority 3;NA
SEC;DCF;SEC;SR;OK;TASK000014912313;Priority 4;NA
SEC;DCF;SEC;SR;OK;TASK000014912325;Priority 4;NA
FUN;812;FUN;SR;OK;TASK000014912343;Priority 3;NA
SEC;DCF;SEC;SR;Defect;TASK000014912494;Priority 4;NA
FUN;812;FUN;SR;OK;TASK000014913234;Priority 3;NA
SEC;DCF;SEC;SR;OK;TASK000014913353;Priority 4;NA
FUN;ETH;FUN;SR;OK;TASK000014913370;Priority 3;NA
SEC;MNT;SEC;SR;OK;TASK000014913372;Priority 4;NA
SEC;DCF;SEC;SR;OK;TASK000014913383;Priority 4;NA
SEC;DCF;SEC;SR;OK;TASK000014913410;Priority 4;NA
SEC;DCF;SEC;SR;OK;TASK000014913423;Priority 4;NA
DBA;812;DBA;SR;OK;TASK000014913441;Priority 3;NA
SEC;DCF;SEC;SR;OK;TASK000014913652;Priority 4;NA
DBA;812;DBA;SR;OK;TASK000014913681;Priority 3;NA
MNT;MNT;FUN;INC;OK;TASK000014913721;Priority 4;NA
CNC;812;CNC;SR;OK;TASK000014913807;Priority 3;NA
FUN;812;FUN;SR;OK;TASK000014913874;Priority 3;NA
FUN;COR;FUN;SR;OK;TASK000014913898;Priority 3;NA
CNC;812;CNC;SR;OK;TASK000014913983;Priority 3;NA
SEC;812;SEC;SR;OK;TASK000014913986;Priority 3;NA
SEC;812;SEC;SR;OK;TASK000014914079;Priority 4;NA
FUN;812;FUN;SR;Defect;TASK000014914095;Priority 4;NA
SEC;812;SEC;SR;OK;TASK000014914104;Priority 4;NA
SEC;812;SEC;SR;OK;TASK000014914115;Priority 3;NA
SEC;DXE;SEC;SR;OK;TASK000014914285;Priority 4;NA
OPS;EMS;OPS;SR;OK;TASK000014914335;Priority 3;NA
APS;ETH;APS;SR;OK;TASK000014914359;Priority 4;NA
None;LAT;TEC;SR;OK;TASK000014914484;Priority 3;NA
SEC;EMS;SEC;SR;OK;TASK000014914503;Priority 4;NA
APS;ETH;APS;SR;OK;TASK000014914672;Priority 3;NA
SEC;SYN;SEC;SR;OK;TASK000014914828;Priority 3;NA
CNC;812;CNC;SR;OK;TASK000014914877;Priority 3;NA
CNC;812;CNC;SR;OK;TASK000014914910;Priority 3;NA
SEC;812;SEC;SR;OK;TASK000014914916;Priority 3;NA
SEC;DCF;SEC;SR;OK;TASK000014914966;Priority 4;NA
TEC;BWI;TEC;SR;OK;TASK000014915178;Priority 4;NA
APS;ETH;APS;SR;OK;TASK000014915332;Priority 4;NA
APS;ETH;APS;SR;OK;TASK000014915364;Priority 4;NA
APS;ETH;APS;SR;OK;TASK000014915373;Priority 4;NA
APS;ETH;APS;SR;OK;TASK000014915381;Priority 4;NA
SEC;812;SEC;SR;OK;TASK000014915478;Priority 3;NA
SEC;BWI;SEC;SR;OK;TASK000014915529;Priority 4;NA
FUN;MNT;FUN;SR;OK;TASK000014915746;Priority 4;NA
TEC;SYN;FUN;SR;OK;TASK000014915749;Priority 3;NA
APS;ETH;APS;SR;OK;TASK000014915800;Priority 4;NA
TEC;ETH;FUN;SR;OK;TASK000014915801;Priority 3;NA
TEC;ETH;FUN;SR;OK;TASK000014915809;Priority 4;NA
SEC;SYN;SEC;SR;OK;TASK000014915832;Priority 3;NA
SEC;SYN;SEC;SR;Defect;TASK000014915877;Priority 3;NA
APS;ETH;APS;SR;OK;TASK000014915880;Priority 3;NA
TEC;SYN;FUN;SR;OK;TASK000014916032;Priority 3;NA
SEC;SYN;SEC;SR;Defect;TASK000014916197;Priority 3;NA
APS;EES;APS;SR;OK;TASK000014916443;Priority 4;NA
FUN;MNT;FUN;SR;OK;TASK000014916501;Priority 4;NA
CNC;ETH;CNC;SR;OK;TASK000014916530;Priority 3;NA
SEC;BWI;SEC;SR;OK;TASK000014916534;Priority 4;NA
FUN;ETH;FUN;SR;OK;TASK000014916558;Priority 4;NA
SEC;MNT;SEC;SR;OK;TASK000014916563;Priority 3;NA
FUN;812;FUN;SR;OK;TASK000014916628;Priority 3;NA
L1;ETH;CNC;SR;OK;TASK000014916983;Priority 3;NA
SEC;DCF;SEC;SR;OK;TASK000014917228;Priority 4;NA
SEC;812;SEC;SR;OK;TASK000014917280;Priority 3;NA
APS;DCF;APS;SR;OK;TASK000014917351;Priority 3;NA
APS;DCF;APS;SR;OK;TASK000014917352;Priority 3;NA
L1;812;MON;SR;OK;TASK000014918264;Priority 3;NA
L1;812;MON;SR;OK;TASK000014918281;Priority 3;NA
SEC;812;SEC;SR;OK;TASK000014918400;Priority 3;NA
DBA;812;DBA;SR;Defect;TASK000014918444;Priority 3;NA
DBA;812;DBA;SR;OK;TASK000014918508;Priority 3;NA
FUN;EMS;FUN;SR;OK;TASK000014918515;Priority 4;NA
APS;ETH;APS;SR;OK;TASK000014918554;Priority 3;NA
FUN;EMS;FUN;SR;OK;TASK000014918578;Priority 4;NA
SEC;812;SEC;SR;OK;TASK000014918758;Priority 3;NA
APS;ETH;APS;SR;OK;TASK000014918832;Priority 3;NA
CNC;812;CNC;SR;OK;TASK000014918856;Priority 3;NA
CNC;EES;CNC;SR;OK;TASK000014919048;Priority 3;NA
SEC;812;SEC;SR;OK;TASK000014919114;Priority 4;NA
L1;812;MON;SR;OK;TASK000014919436;Priority 3;NA
APS;ETH;APS;SR;OK;TASK000014919512;Priority 4;NA
L1;BWI;L1 ;SR;OK;TASK000014919563;Priority 3;NA
SEC;DCF;SEC;SR;OK;TASK000014919633;Priority 4;NA
SEC;DXE;SEC;SR;OK;TASK000014919928;Priority 3;NA
APS;ETH;APS;SR;OK;TASK000014920003;Priority 4;NA
APS;DCF;APS;SR;OK;TASK000014920038;Priority 4;NA
SEC;BWI;SEC;SR;OK;TASK000014920047;Priority 4;NA
CNC;BWI;L1 ;SR;OK;TASK000014920075;Priority 3;NA
CNC;812;CNC;SR;OK;TASK000014920179;Priority 3;NA
SEC;812;SEC;SR;OK;TASK000014920214;Priority 4;NA
SEC;EES;SEC;SR;OK;TASK000014920222;Priority 3;NA
TEC;ETH;FUN;SR;OK;TASK000014920284;Priority 3;NA
L1;DCF;CNC;SR;OK;TASK000014920405;Priority 3;NA
SEC;DXE;SEC;SR;OK;TASK000014920453;Priority 3;NA
CNC;812;CNC;SR;OK;TASK000014920493;Priority 3;NA
SEC;SYN;SEC;SR;OK;TASK000014920520;Priority 3;NA
SEC;DCF;SEC;SR;OK;TASK000014920586;Priority 4;NA
L1;812;MON;SR;OK;TASK000014920682;Priority 3;NA
L1;DCF;CNC;SR;OK;TASK000014920710;Priority 3;NA
SEC;DCF;SEC;SR;OK;TASK000014920772;Priority 4;NA
DCF;DCF;FUN;SR;OK;TASK000014920811;Priority 4;NA
CNC;MNT;MON;SR;OK;TASK000014920848;Priority 3;NA
CNC;812;CNC;SR;OK;TASK000014921033;Priority 3;NA
SEC;812;SEC;SR;OK;TASK000014921253;Priority 4;NA
SEC;DCF;SEC;SR;OK;TASK000014921267;Priority 4;NA
SEC;DCF;SEC;SR;OK;TASK000014921291;Priority 4;NA
SEC;SYN;SEC;SR;Defect;TASK000014921374;Priority 3;NA
CNC;BWI;L1 ;SR;OK;TASK000014921440;Priority 3;NA
SEC;DPY;SEC;SR;OK;TASK000014921451;Priority 4;NA
CNC;ETH;CNC;SR;OK;TASK000014921482;Priority 3;NA
SEC;SYN;SEC;SR;OK;TASK000014921562;Priority 3;NA
SEC;SYN;SEC;SR;Defect;TASK000014921654;Priority 3;NA
DBA;812;DBA;SR;OK;TASK000014921790;Priority 3;NA
CNC;ETH;CNC;SR;OK;TASK000014921894;Priority 3;NA
APS;EES;APS;SR;OK;TASK000014922103;Priority 4;NA
MNT;MNT;FUN;INC;OK;TASK000014922129;Priority 4;NA
FUN;ETH;FUN;SR;OK;TASK000014922245;Priority 3;NA
SEC;812;SEC;SR;OK;TASK000014922759;Priority 4;NA
L1;812;MON;SR;OK;TASK000014922944;Priority 3;NA
SEC;ETH;SEC;SR;OK;TASK000014923174;Priority 4;NA
L1;MNT;MON;SR;OK;TASK000014923238;Priority 3;NA
SEC;812;SEC;SR;OK;TASK000014923272;Priority 3;NA
DBA;812;DBA;SR;OK;TASK000014923286;Priority 3;NA
DBA;812;DBA;SR;OK;TASK000014923310;Priority 3;NA
SEC;MNT;SEC;SR;OK;TASK000014923312;Priority 4;NA
SEC;MNT;SEC;SR;OK;TASK000014923327;Priority 4;NA
SEC;812;SEC;SR;OK;TASK000014923494;Priority 3;NA
DBA;812;DBA;SR;OK;TASK000014923639;Priority 3;NA
SEC;812;SEC;SR;OK;TASK000014923706;Priority 4;NA
SEC;SYN;SEC;SR;OK;TASK000014923782;Priority 3;NA
SEC;EES;SEC;SR;OK;TASK000014923842;Priority 4;NA
SEC;812;SEC;SR;OK;TASK000014924010;Priority 3;NA
DBA;812;DBA;SR;OK;TASK000014924075;Priority 4;NA
L1;812;MON;SR;OK;TASK000014924131;Priority 3;NA
L1;812;MON;SR;OK;TASK000014924188;Priority 3;NA
APS;ETH;APS;SR;OK;TASK000014924345;Priority 3;NA
SEC;812;SEC;SR;OK;TASK000014924565;Priority 4;NA
FUN;COR;FUN;SR;OK;TASK000014924588;Priority 3;NA
FUN;COR;FUN;SR;OK;TASK000014924599;Priority 3;NA
SEC;DCF;SEC;SR;OK;TASK000014924633;Priority 4;NA
FUN;EES;FUN;SR;OK;TASK000014924657;Priority 4;NA
SEC;DXE;SEC;SR;OK;TASK000014925051;Priority 3;NA
SEC;812;SEC;SR;OK;TASK000014925254;Priority 4;NA
SEC;BWI;SEC;SR;OK;TASK000014925262;Priority 4;NA
FUN;ETH;FUN;SR;OK;TASK000014925268;Priority 4;NA
CNC;BWI;L1 ;SR;OK;TASK000014925278;Priority 3;NA
DBA;812;DBA;SR;OK;TASK000014925363;Priority 3;NA
CNC;MNT;CNC;SR;Defect;TASK000014925397;Priority 3;NA
SEC;EMS;SEC;SR;OK;TASK000014925416;Priority 3;NA
SEC;BWI;SEC;SR;OK;TASK000014925509;Priority 4;NA
SEC;DCF;SEC;SR;OK;TASK000014925512;Priority 4;NA
SEC;812;SEC;SR;OK;TASK000014925671;Priority 4;NA
FUN;812;FUN;SR;OK;TASK000014925683;Priority 3;NA
FUN;812;FUN;SR;OK;TASK000014925698;Priority 3;NA
CNC;BWI;L1 ;SR;OK;TASK000014925765;Priority 3;NA
SEC;BWI;SEC;SR;OK;TASK000014925790;Priority 4;NA
APS;ETH;APS;SR;OK;TASK000014925808;Priority 3;NA
CNC;BWI;CNC;SR;OK;TASK000014925824;Priority 3;NA
SEC;SYN;SEC;SR;OK;TASK000014925952;Priority 3;NA
None;BWI;L1 ;SR;OK;TASK000014925979;Priority 3;NA
SEC;SYN;SEC;SR;OK;TASK000014925981;Priority 3;NA
TEC;SYN;FUN;SR;OK;TASK000014925984;Priority 3;NA
TEC;SYN;FUN;SR;OK;TASK000014925989;Priority 3;NA
TEC;SYN;FUN;SR;OK;TASK000014926047;Priority 3;NA
SEC;EES;SEC;SR;OK;TASK000014926249;Priority 4;NA
TEC;DCF;TEC;SR;OK;TASK000014926459;Priority 3;NA
SEC;DPY;SEC;SR;OK;TASK000014926490;Priority 4;NA
SEC;MNT;SEC;SR;OK;TASK000014926574;Priority 4;NA
SEC;MNT;SEC;SR;OK;TASK000014926614;Priority 4;NA
FUN;COR;FUN;SR;OK;TASK000014927016;Priority 3;NA
SEC;BWI;SEC;SR;OK;TASK000014927055;Priority 4;NA
SEC;BWI;SEC;SR;OK;TASK000014927202;Priority 4;NA
SEC;812;SEC;SR;OK;TASK000014927779;Priority 3;NA
FUN;812;FUN;SR;OK;TASK000014927944;Priority 3;NA
SEC;812;SEC;SR;OK;TASK000014928055;Priority 4;NA
L1;812;MON;SR;OK;TASK000014928092;Priority 3;NA
CNC;812;CNC;SR;OK;TASK000014928123;Priority 3;NA
DBA;812;DBA;SR;OK;TASK000014928350;Priority 3;NA
SEC;MNT;SEC;SR;OK;TASK000014928443;Priority 4;NA
APS;ETH;APS;SR;OK;TASK000014928493;Priority 3;NA
SEC;812;SEC;SR;OK;TASK000014928502;Priority 3;NA
APS;ETH;APS;SR;OK;TASK000014928513;Priority 3;NA
DBA;812;DBA;SR;OK;TASK000014928524;Priority 3;NA
SEC;812;SEC;SR;OK;TASK000014928526;Priority 4;NA
SEC;DCF;SEC;SR;Defect;TASK000014928529;Priority 4;NA
SEC;812;SEC;SR;OK;TASK000014928538;Priority 3;NA
SEC;812;SEC;SR;OK;TASK000014928578;Priority 3;NA
CNC;812;CNC;SR;OK;TASK000014928588;Priority 3;NA
SEC;812;SEC;SR;OK;TASK000014928652;Priority 3;NA
CNC;EES;CNC;SR;OK;TASK000014928744;Priority 3;NA
SEC;MNT;SEC;SR;OK;TASK000014928797;Priority 4;NA
FUN;812;FUN;SR;OK;TASK000014928805;Priority 3;NA
SEC;MNT;SEC;SR;OK;TASK000014928852;Priority 4;NA
SEC;812;SEC;SR;OK;TASK000014928861;Priority 3;NA
SEC;812;SEC;SR;OK;TASK000014928954;Priority 3;NA
TEC;LAT;TEC;SR;OK;TASK000014929021;Priority 4;NA
TEC;BWI;TEC;SR;OK;TASK000014929025;Priority 3;NA
L1;DCF;CNC;SR;OK;TASK000014929247;Priority 3;NA
SEC;DXE;SEC;SR;OK;TASK000014929257;Priority 3;NA
TEC;SYN;FUN;SR;OK;TASK000014929301;Priority 3;NA
APS;ETH;APS;SR;OK;TASK000014929342;Priority 3;NA
APS;ETH;APS;SR;OK;TASK000014929429;Priority 3;NA
APS;ETH;APS;SR;OK;TASK000014929479;Priority 3;NA
SEC;ETH;SEC;SR;OK;TASK000014929532;Priority 4;NA
APS;ETH;APS;SR;OK;TASK000014929574;Priority 3;NA
SEC;DPY;SEC;SR;OK;TASK000014929691;Priority 4;NA
TEC;ETH;FUN;SR;Defect;TASK000014929801;Priority 4;NA
TEC;ETH;FUN;SR;OK;TASK000014929947;Priority 4;NA
APS;ETH;APS;SR;OK;TASK000014929975;Priority 3;NA
CNC;812;CNC;SR;OK;TASK000014930005;Priority 3;NA
CNC;812;CNC;SR;OK;TASK000014930025;Priority 3;NA
SEC;SYN;SEC;SR;OK;TASK000014930185;Priority 3;NA
SEC;BWI;SEC;SR;OK;TASK000014930212;Priority 4;NA
SEC;812;SEC;SR;OK;TASK000014930229;Priority 3;NA
SEC;ETH;SEC;SR;OK;TASK000014930254;Priority 4;NA
APS;ETH;APS;SR;OK;TASK000014930337;Priority 3;NA
APS;ETH;APS;SR;OK;TASK000014930364;Priority 3;NA
APS;ETH;APS;SR;OK;TASK000014930365;Priority 3;NA
None;BWI;L1 ;SR;OK;TASK000014930401;Priority 3;NA
SEC;DXE;SEC;SR;OK;TASK000014930525;Priority 3;NA
SEC;812;SEC;SR;OK;TASK000014930568;Priority 4;NA
None;BWI;L1 ;SR;OK;TASK000014930586;Priority 3;NA
TEC;SYN;FUN;SR;OK;TASK000014930761;Priority 3;NA
SEC;DCF;SEC;SR;OK;TASK000014930920;Priority 4;NA
CNC;812;CNC;SR;OK;TASK000014931183;Priority 3;NA
TEC;SYN;FUN;SR;OK;TASK000014931432;Priority 3;NA
SEC;BWI;SEC;SR;OK;TASK000014931612;Priority 4;NA
SEC;BWI;SEC;SR;OK;TASK000014931614;Priority 4;NA
SEC;BWI;SEC;SR;OK;TASK000014931632;Priority 4;NA
L1;BWI;L1 ;SR;OK;TASK000014931636;Priority 4;NA
L1;BWI;L1 ;SR;OK;TASK000014931638;Priority 4;NA
SEC;BWI;SEC;SR;OK;TASK000014931722;Priority 4;NA
SEC;ETH;SEC;SR;OK;TASK000014931852;Priority 4;NA
L1;812;MON;SR;OK;TASK000014932022;Priority 4;NA
FUN;ETH;FUN;SR;OK;TASK000014932794;Priority 3;NA
APS;ETH;APS;SR;OK;TASK000014932983;Priority 3;NA
FUN;COR;FUN;SR;OK;TASK000014932995;Priority 3;NA
APS;ETH;APS;SR;OK;TASK000014933022;Priority 3;NA
SEC;812;SEC;SR;OK;TASK000014933128;Priority 4;NA
CNC;812;CNC;SR;OK;TASK000014933263;Priority 3;NA
CNC;DPY;CNC;SR;OK;TASK000014933377;Priority 3;NA
DBA;812;DBA;SR;OK;TASK000014933555;Priority 3;NA
FIN;DXE;FUN;SR;OK;TASK000014933572;Priority 4;NA
DBA;812;DBA;SR;OK;TASK000014933639;Priority 3;NA
APS;ETH;APS;SR;OK;TASK000014933649;Priority 3;NA
SEC;812;SEC;SR;OK;TASK000014933684;Priority 4;NA
SEC;SYN;SEC;SR;OK;TASK000014933752;Priority 3;NA
FUN;COR;FUN;SR;OK;TASK000014933792;Priority 3;NA
CNC;812;CNC;SR;OK;TASK000014933886;Priority 3;NA
FUN;COR;FUN;SR;OK;TASK000014933917;Priority 3;NA
TEC;BWI;TEC;SR;OK;TASK000014934061;Priority 3;NA
CNC;BWI;L1 ;SR;OK;TASK000014934123;Priority 3;NA
SEC;BWI;SEC;SR;OK;TASK000014934153;Priority 4;NA
FIN;812;FUN;SR;OK;TASK000014934235;Priority 4;NA
SEC;SYN;SEC;SR;OK;TASK000014934436;Priority 3;NA
FUN;812;FUN;SR;OK;TASK000014934491;Priority 3;NA
SEC;DCF;SEC;SR;OK;TASK000014934496;Priority 4;NA
SEC;812;SEC;SR;OK;TASK000014934647;Priority 3;NA
SEC;812;SEC;SR;OK;TASK000014934648;Priority 3;NA
CNC;BWI;L1 ;SR;OK;TASK000014934660;Priority 3;NA
SEC;DCF;SEC;SR;OK;TASK000014934674;Priority 4;NA
None;DCF;CNC;SR;OK;TASK000014934773;Priority 3;NA
SEC;812;SEC;SR;OK;TASK000014934871;Priority 4;NA
FIN;812;FUN;SR;Defect;TASK000014934913;Priority 3;NA
SEC;DCF;SEC;SR;OK;TASK000014935100;Priority 4;NA
SEC;ETH;SEC;SR;OK;TASK000014935197;Priority 4;NA
SEC;812;SEC;SR;OK;TASK000014935234;Priority 3;NA
SEC;812;SEC;SR;OK;TASK000014935256;Priority 3;NA
FUN;812;FUN;SR;OK;TASK000014935430;Priority 3;NA
SCH;LAT;SCH;SR;OK;TASK000014935540;Priority 3;NA
TEC;ETH;FUN;SR;OK;TASK000014935614;Priority 4;NA
SEC;SYN;SEC;SR;OK;TASK000014935642;Priority 3;NA
SEC;SYN;SEC;SR;OK;TASK000014935696;Priority 3;NA
SEC;DXE;SEC;SR;OK;TASK000014935736;Priority 3;NA
SEC;DPY;SEC;SR;OK;TASK000014935740;Priority 4;NA
DBA;812;DBA;SR;OK;TASK000014935928;Priority 3;NA
SEC;BWI;SEC;SR;OK;TASK000014936069;Priority 4;NA
CNC;BWI;L1 ;SR;OK;TASK000014936145;Priority 3;NA
SEC;BWI;SEC;SR;OK;TASK000014936273;Priority 4;NA
SEC;BWI;SEC;SR;OK;TASK000014936310;Priority 4;NA
SEC;BWI;SEC;SR;OK;TASK000014936370;Priority 4;NA
CNC;BWI;L1 ;SR;OK;TASK000014936418;Priority 3;NA
FUN;MNT;FUN;SR;OK;TASK000014936493;Priority 4;NA
SEC;BWI;SEC;SR;OK;TASK000014936730;Priority 4;NA
SEC;SYN;SEC;SR;OK;TASK000014936912;Priority 3;NA
L1;BWI;L1 ;SR;OK;TASK000014936978;Priority 4;NA
SEC;812;SEC;SR;OK;TASK000014937970;Priority 4;NA
FUN;EES;FUN;SR;Defect;TASK000014938516;Priority 4;NA
SEC;812;SEC;SR;OK;TASK000014938754;Priority 4;NA
SEC;812;SEC;SR;OK;TASK000014938803;Priority 4;NA
SEC;BWI;SEC;SR;OK;TASK000014938918;Priority 4;NA
SEC;DCF;SEC;SR;OK;TASK000014938983;Priority 4;NA
SEC;BWI;SEC;SR;OK;TASK000014939021;Priority 4;NA
SEC;ETH;SEC;SR;OK;TASK000014939268;Priority 4;NA
FUN;DXE;FUN;SR;OK;TASK000014939608;Priority 4;NA
FUN;EES;FUN;SR;OK;TASK000014939793;Priority 4;NA
L1;BWI;L1 ;SR;OK;TASK000014940835;Priority 4;NA
SEC;DXE;SEC;SR;OK;TASK000014941043;Priority 4;NA
SEC;DCF;SEC;SR;OK;TASK000014941217;Priority 4;NA
SEC;DCF;SEC;SR;OK;TASK000014941231;Priority 4;NA
SEC;DCF;SEC;SR;OK;TASK000014941314;Priority 4;NA
SEC;DCF;SEC;SR;OK;TASK000014942500;Priority 4;NA
SEC;MNT;SEC;SR;OK;TASK000014943389;Priority 4;NA
SEC;MNT;SEC;SR;OK;TASK000014943398;Priority 4;NA
SEC;812;SEC;SR;OK;TASK000014943408;Priority 4;NA
FUN;DXE;FUN;SR;OK;TASK000014943518;Priority 4;NA
SEC;EMS;SEC;SR;OK;TASK000014943675;Priority 4;NA
SEC;MNT;SEC;SR;OK;TASK000014943746;Priority 4;NA
SEC;MNT;SEC;SR;OK;TASK000014943760;Priority 4;NA
SEC;812;SEC;SR;OK;TASK000014943905;Priority 4;NA
SEC;MNT;SEC;SR;OK;TASK000014944210;Priority 4;NA
SEC;DPY;SEC;SR;OK;TASK000014944245;Priority 4;NA
SEC;BWI;SEC;SR;OK;TASK000014944554;Priority 4;NA
SEC;DPY;SEC;SR;OK;TASK000014944791;Priority 4;NA
FUN;812;FUN;SR;Defect;TASK000014945058;Priority 4;NA
SEC;DCF;SEC;SR;OK;TASK000014945291;Priority 4;NA
SEC;DXE;SEC;SR;OK;TASK000014945392;Priority 4;NA
SEC;LAT;SEC;SR;OK;TASK000014945458;Priority 4;NA
SEC;MNT;SEC;SR;OK;TASK000014946181;Priority 4;NA
SEC;DCF;SEC;SR;OK;TASK000014946732;Priority 4;NA
FUN;ETH;FUN;SR;OK;TASK000014946818;Priority 4;NA
SEC;BWI;SEC;SR;OK;TASK000014946899;Priority 4;NA
SEC;812;SEC;SR;OK;TASK000014946946;Priority 4;NA
SEC;ETH;SEC;SR;OK;TASK000014947154;Priority 4;NA
APS;EES;APS;SR;OK;TASK000014947213;Priority 4;NA
APS;EES;APS;SR;OK;TASK000014947227;Priority 4;NA
DCF;DCF;FUN;SR;OK;TASK000014947257;Priority 4;NA
SEC;MNT;SEC;SR;OK;TASK000014947263;Priority 4;NA
SEC;MNT;SEC;SR;OK;TASK000014947265;Priority 4;NA
SEC;MNT;SEC;SR;OK;TASK000014947280;Priority 4;NA
SEC;ETH;SEC;SR;OK;TASK000014947766;Priority 4;NA
DBA;812;DBA;SR;OK;TASK000014948228;Priority 3;NA
APS;ETH;APS;SR;OK;TASK000014948292;Priority 4;NA
DBA;812;DBA;SR;OK;TASK000014948840;Priority 3;NA
DBA;812;DBA;SR;OK;TASK000014948935;Priority 3;NA
CNC;EES;CNC;SR;OK;TASK000014949166;Priority 3;NA
SEC;EMS;SEC;SR;OK;TASK000014949247;Priority 3;NA
SEC;812;SEC;SR;OK;TASK000014949274;Priority 4;NA
DBA;812;DBA;SR;OK;TASK000014949338;Priority 3;NA
DBA;812;DBA;SR;OK;TASK000014949368;Priority 3;NA
SEC;812;SEC;SR;OK;TASK000014949381;Priority 4;NA
DCF;DCF;FUN;SR;OK;TASK000014949444;Priority 3;NA
APS;DCF;APS;SR;OK;TASK000014949448;Priority 3;NA
FUN;EES;FUN;SR;OK;TASK000014949489;Priority 4;NA
FUN;812;FUN;SR;OK;TASK000014949673;Priority 3;NA
FUN;812;FUN;SR;OK;TASK000014949674;Priority 3;NA
SEC;BWI;SEC;SR;OK;TASK000014949713;Priority 4;NA
APS;ETH;APS;SR;OK;TASK000014949748;Priority 3;NA
FUN;812;FUN;SR;OK;TASK000014949898;Priority 3;NA
FUN;812;FUN;SR;OK;TASK000014949914;Priority 3;NA
SEC;SYN;SEC;SR;Defect;TASK000014949953;Priority 3;NA
SEC;812;SEC;SR;OK;TASK000014950121;Priority 4;NA
DCF;DCF;FUN;SR;OK;TASK000014950334;Priority 3;NA
SEC;DPY;SEC;SR;OK;TASK000014950555;Priority 4;NA
CNC;812;CNC;SR;OK;TASK000014950827;Priority 3;NA
SEC;DCF;SEC;SR;OK;TASK000014950853;Priority 4;NA
CNC;812;CNC;SR;OK;TASK000014950961;Priority 3;NA
CNC;EES;CNC;SR;OK;TASK000014951348;Priority 3;NA
SEC;EES;SEC;SR;OK;TASK000014951521;Priority 4;NA
TEC;DCF;TEC;SR;OK;TASK000014951634;Priority 4;NA
APS;ETH;APS;SR;OK;TASK000014951731;Priority 3;NA
SEC;SYN;SEC;SR;Defect;TASK000014951767;Priority 4;NA
SEC;LAT;SEC;SR;OK;TASK000014951911;Priority 4;NA
SEC;BWI;SEC;SR;OK;TASK000014951922;Priority 4;NA
TEC;DCF;TEC;SR;OK;TASK000014951985;Priority 4;NA
SEC;SYN;SEC;SR;Defect;TASK000014952138;Priority 3;NA
SEC;ETH;SEC;SR;OK;TASK000014952203;Priority 4;NA
SEC;EES;SEC;SR;OK;TASK000014952546;Priority 4;NA
SEC;EES;SEC;SR;OK;TASK000014952550;Priority 4;NA
SEC;SYN;SEC;SR;Defect;TASK000014952592;Priority 3;NA
L1;DPY;CNC;SR;OK;TASK000014952712;Priority 3;NA
SEC;DPY;SEC;SR;OK;TASK000014953020;Priority 4;NA
SEC;MNT;SEC;SR;OK;TASK000014953071;Priority 4;NA
SEC;EMS;SEC;SR;OK;TASK000014953119;Priority 3;NA
L1;812;MON;SR;OK;TASK000014953144;Priority 3;NA
FUN;812;FUN;SR;Defect;TASK000014953214;Priority 4;NA
FUN;DXE;FUN;SR;OK;TASK000014953233;Priority 3;NA
FUN;EMS;FUN;SR;OK;TASK000014953333;Priority 3;NA
DBA;812;DBA;SR;OK;TASK000014953367;Priority 3;NA
FUN;EMS;FUN;SR;OK;TASK000014953611;Priority 3;NA
CNC;812;CNC;SR;OK;TASK000014953637;Priority 3;NA
FUN;812;FUN;SR;Defect;TASK000014953663;Priority 3;NA
FUN;812;FUN;SR;OK;TASK000014953680;Priority 3;NA
APS;ETH;APS;SR;OK;TASK000014953692;Priority 4;NA
CNC;DCF;CNC;SR;OK;TASK000014953738;Priority 3;NA
FUN;812;FUN;SR;Defect;TASK000014953756;Priority 3;NA
SEC;812;SEC;SR;OK;TASK000014953758;Priority 4;NA
CNC;EES;CNC;SR;OK;TASK000014953762;Priority 3;NA
FUN;812;FUN;SR;OK;TASK000014953786;Priority 4;NA
FUN;812;FUN;SR;Defect;TASK000014953791;Priority 3;NA
FUN;812;FUN;SR;Defect;TASK000014953796;Priority 3;NA
FIN;812;FUN;SR;OK;TASK000014953805;Priority 3;NA
FIN;812;FUN;SR;OK;TASK000014953818;Priority 3;NA
FUN;812;FUN;SR;OK;TASK000014953820;Priority 3;NA
FUN;812;FUN;SR;Defect;TASK000014953825;Priority 3;NA
APS;ETH;APS;SR;OK;TASK000014953835;Priority 3;NA
FUN;812;FUN;SR;OK;TASK000014953838;Priority 3;NA
SEC;DPY;SEC;SR;OK;TASK000014953927;Priority 4;NA
SEC;812;SEC;SR;OK;TASK000014954061;Priority 3;NA
FUN;COR;FUN;SR;OK;TASK000014954082;Priority 3;NA
SEC;DCF;SEC;SR;OK;TASK000014954119;Priority 4;NA
APS;ETH;APS;SR;OK;TASK000014954135;Priority 3;NA
TEC;LAT;TEC;SR;OK;TASK000014954387;Priority 3;NA
SEC;ETH;SEC;SR;OK;TASK000014954390;Priority 3;NA
TEC;BWI;TEC;SR;OK;TASK000014954393;Priority 3;NA
SEC;ETH;SEC;SR;OK;TASK000014954418;Priority 3;NA
DBA;812;DBA;SR;OK;TASK000014954428;Priority 3;NA
SEC;ETH;SEC;SR;OK;TASK000014954441;Priority 3;NA
SEC;DCF;SEC;SR;Defect;TASK000014954452;Priority 4;NA
CNC;812;CNC;SR;OK;TASK000014954488;Priority 3;NA
SEC;812;SEC;SR;OK;TASK000014954725;Priority 4;NA
SEC;DCF;SEC;SR;OK;TASK000014954831;Priority 4;NA
APS;ETH;APS;SR;OK;TASK000014954835;Priority 3;NA
APS;ETH;APS;SR;OK;TASK000014954847;Priority 3;NA
DBA;812;DBA;SR;OK;TASK000014954930;Priority 3;NA
FUN;COR;FUN;SR;OK;TASK000014955033;Priority 3;NA
SEC;ETH;SEC;SR;OK;TASK000014955092;Priority 4;NA
APS;ETH;APS;SR;OK;TASK000014955150;Priority 3;NA
SEC;BWI;SEC;SR;OK;TASK000014955179;Priority 4;NA
APS;ETH;APS;SR;OK;TASK000014955183;Priority 3;NA
CNC;ETH;L1 ;SR;OK;TASK000014955193;Priority 3;NA
SCH;BWI;SCH;SR;OK;TASK000014955236;Priority 3;NA
FUN;812;FUN;SR;OK;TASK000014955249;Priority 4;NA
APS;ETH;APS;SR;OK;TASK000014955470;Priority 3;NA
CNC;812;CNC;SR;OK;TASK000014955570;Priority 3;NA
DBA;812;DBA;SR;OK;TASK000014955594;Priority 3;NA
APS;ETH;APS;SR;OK;TASK000014955633;Priority 3;NA
None;LAT;L1 ;SR;OK;TASK000014955685;Priority 3;NA
SEC;DPY;SEC;SR;OK;TASK000014955695;Priority 4;NA
DBA;812;DBA;SR;OK;TASK000014955712;Priority 3;NA
SEC;SYN;SEC;SR;OK;TASK000014955717;Priority 3;NA
APS;ETH;APS;SR;OK;TASK000014955752;Priority 3;NA
SEC;BWI;SEC;SR;OK;TASK000014955847;Priority 4;NA
SEC;ETH;SEC;SR;OK;TASK000014955879;Priority 4;NA
SEC;SYN;SEC;SR;Defect;TASK000014956029;Priority 3;NA
SEC;SYN;SEC;SR;OK;TASK000014956107;Priority 3;NA
FUN;812;FUN;SR;OK;TASK000014956132;Priority 4;NA
SEC;MNT;SEC;SR;OK;TASK000014956346;Priority 4;NA
SEC;MNT;SEC;SR;OK;TASK000014956357;Priority 4;NA
SEC;812;SEC;SR;OK;TASK000014956411;Priority 4;NA
SEC;812;SEC;SR;OK;TASK000014956413;Priority 3;NA
APS;ETH;APS;SR;OK;TASK000014956546;Priority 3;NA
APS;EES;APS;SR;OK;TASK000014956579;Priority 4;NA
APS;ETH;APS;SR;OK;TASK000014956643;Priority 3;NA
TEC;SYN;FUN;SR;OK;TASK000014956734;Priority 3;NA
MNT;MNT;FUN;SR;Defect;TASK000014956795;Priority 4;NA
APS;ETH;APS;SR;OK;TASK000014956834;Priority 3;NA
SEC;BWI;SEC;SR;OK;TASK000014956845;Priority 4;NA
SEC;SYN;SEC;SR;OK;TASK000014956870;Priority 3;NA
FUN;ETH;FUN;SR;OK;TASK000014956884;Priority 3;NA
SEC;MNT;SEC;SR;OK;TASK000014956910;Priority 4;NA
SEC;SYN;SEC;SR;OK;TASK000014957046;Priority 3;NA
SEC;DCF;SEC;SR;OK;TASK000014957073;Priority 4;NA
CNC;BWI;CNC;SR;OK;TASK000014957138;Priority 3;NA
SEC;DCF;SEC;SR;OK;TASK000014957163;Priority 4;NA
APS;ETH;APS;SR;OK;TASK000014957251;Priority 4;NA
FUN;MNT;FUN;SR;OK;TASK000014957405;Priority 4;NA
L1;MNT;CNC;SR;OK;TASK000014957748;Priority 3;NA
FUN;812;FUN;SR;OK;TASK000014957898;Priority 3;NA
CNC;812;CNC;SR;OK;TASK000014958321;Priority 3;NA
FUN;812;FUN;SR;OK;TASK000014958328;Priority 3;NA
DBA;812;DBA;SR;OK;TASK000014958363;Priority 3;NA
DBA;812;DBA;SR;OK;TASK000014958502;Priority 3;NA
SEC;812;SEC;SR;OK;TASK000014958523;Priority 4;NA
CNC;DCF;CNC;SR;OK;TASK000014958775;Priority 3;NA
APS;ETH;APS;SR;OK;TASK000014958786;Priority 3;NA
SEC;812;SEC;SR;OK;TASK000014958790;Priority 3;NA
SEC;812;SEC;SR;OK;TASK000014958804;Priority 3;NA
SEC;812;SEC;SR;OK;TASK000014958831;Priority 3;NA
SEC;DXE;SEC;SR;OK;TASK000014958836;Priority 4;NA
SEC;812;SEC;SR;OK;TASK000014958838;Priority 3;NA
SEC;812;SEC;SR;OK;TASK000014958846;Priority 3;NA
SEC;812;SEC;SR;OK;TASK000014958855;Priority 3;NA
SEC;ETH;SEC;SR;OK;TASK000014958856;Priority 4;NA
CNC;812;CNC;SR;OK;TASK000014958871;Priority 3;NA
APS;ETH;APS;SR;OK;TASK000014958897;Priority 4;NA
DCF;DCF;FUN;SR;OK;TASK000014958926;Priority 3;NA
SEC;DPY;SEC;SR;OK;TASK000014958933;Priority 4;NA
SEC;MNT;SEC;SR;OK;TASK000014958945;Priority 4;NA
CNC;812;CNC;SR;OK;TASK000014959113;Priority 3;NA
SEC;DCF;SEC;SR;OK;TASK000014959116;Priority 4;NA
APS;ETH;APS;SR;OK;TASK000014959131;Priority 4;NA
APS;ETH;APS;SR;OK;TASK000014959132;Priority 3;NA
SEC;812;SEC;SR;OK;TASK000014959161;Priority 4;NA
APS;ETH;APS;SR;OK;TASK000014959189;Priority 3;NA
CNC;812;CNC;SR;OK;TASK000014959200;Priority 3;NA
FUN;812;FUN;SR;OK;TASK000014959298;Priority 3;NA
SEC;SYN;SEC;SR;OK;TASK000014959321;Priority 3;NA
APS;ETH;APS;SR;OK;TASK000014959459;Priority 3;NA
FUN;812;FUN;SR;OK;TASK000014959462;Priority 3;NA
TEC;BWI;TEC;SR;OK;TASK000014959512;Priority 3;NA
TEC;SYN;FUN;SR;OK;TASK000014959513;Priority 3;NA
CNC;812;CNC;SR;OK;TASK000014959515;Priority 3;NA
SEC;ETH;SEC;SR;OK;TASK000014959652;Priority 4;NA
APS;ETH;APS;SR;OK;TASK000014959711;Priority 3;NA
SEC;MNT;SEC;SR;OK;TASK000014959893;Priority 4;NA
SEC;812;SEC;SR;OK;TASK000014959940;Priority 4;NA
TEC;DCF;TEC;SR;OK;TASK000014959986;Priority 3;NA
FUN;812;FUN;SR;Defect;TASK000014959993;Priority 4;NA
SEC;MNT;SEC;SR;OK;TASK000014960100;Priority 4;NA
SEC;EMS;SEC;SR;OK;TASK000014960135;Priority 3;NA
None;MNT;MON;SR;OK;TASK000014960171;Priority 3;NA
FUN;812;FUN;SR;OK;TASK000014960254;Priority 3;NA
DBA;812;DBA;SR;OK;TASK000014960269;Priority 3;NA
DBA;812;DBA;SR;OK;TASK000014960302;Priority 3;NA
SEC;WS;SEC;SR;OK;TASK000014960309;Priority 3;NA
SEC;SYN;SEC;SR;Defect;TASK000014960441;Priority 3;NA
SEC;SYN;SEC;INC;OK;TASK000014960443;Priority 3;NA
SEC;SYN;SEC;SR;OK;TASK000014960494;Priority 3;NA
TEC;ETH;FUN;SR;OK;TASK000014960519;Priority 3;NA
SEC;812;SEC;SR;OK;TASK000014960529;Priority 3;NA
None;BWI;L1 ;SR;OK;TASK000014960597;Priority 3;NA
SEC;DCF;SEC;SR;OK;TASK000014960618;Priority 4;NA
SEC;ETH;CNC;SR;Defect;TASK000014960756;Priority 3;NA
APS;ETH;APS;SR;OK;TASK000014960784;Priority 3;NA
SEC;SYN;SEC;SR;OK;TASK000014960913;Priority 3;NA
SEC;BWI;CNC;SR;Defect;TASK000014960920;Priority 3;NA
SEC;BWI;SEC;SR;OK;TASK000014960968;Priority 4;NA
SEC;DCF;SEC;SR;OK;TASK000014960996;Priority 4;NA
SEC;ETH;SEC;SR;OK;TASK000014961003;Priority 4;NA
SEC;MNT;SEC;SR;OK;TASK000014961049;Priority 4;NA
CNC;812;CNC;SR;OK;TASK000014961062;Priority 3;NA
SEC;ETH;SEC;SR;OK;TASK000014961084;Priority 4;NA
SEC;BWI;SEC;SR;OK;TASK000014961132;Priority 4;NA
CNC;EES;CNC;SR;OK;TASK000014961186;Priority 3;NA
SEC;DCF;SEC;SR;OK;TASK000014961188;Priority 4;NA
SEC;MNT;SEC;SR;OK;TASK000014961214;Priority 4;NA
SEC;ETH;SEC;SR;OK;TASK000014961216;Priority 4;NA
SEC;812;SEC;SR;OK;TASK000014961229;Priority 4;NA
SEC;DXE;SEC;SR;OK;TASK000014961235;Priority 3;NA
SEC;EMS;SEC;SR;OK;TASK000014961246;Priority 4;NA
SEC;EES;SEC;SR;OK;TASK000014961258;Priority 4;NA
SEC;EES;SEC;SR;OK;TASK000014961266;Priority 3;NA
SEC;ETH;SEC;SR;OK;TASK000014961556;Priority 4;NA
MNT;MNT;FUN;SR;OK;TASK000014961569;Priority 3;NA
SEC;BWI;SEC;SR;OK;TASK000014961717;Priority 4;NA
SEC;MNT;SEC;SR;OK;TASK000014961729;Priority 4;NA
SEC;SYN;SEC;SR;OK;TASK000014961752;Priority 3;NA
SEC;MNT;SEC;SR;OK;TASK000014961760;Priority 4;NA
SEC;DCF;FUN;SR;OK;TASK000014961775;Priority 4;NA
TEC;ETH;FUN;SR;OK;TASK000014961945;Priority 3;NA
SEC;SYN;SEC;SR;OK;TASK000014961957;Priority 3;NA
APS;EES;APS;SR;OK;TASK000014962046;Priority 3;NA
L1;DPY;CNC;SR;OK;TASK000014962209;Priority 3;NA
CNC;ETH;CNC;SR;OK;TASK000014962281;Priority 3;NA
CNC;DPY;CNC;SR;OK;TASK000014962441;Priority 3;NA
SEC;812;SEC;SR;OK;TASK000014962923;Priority 3;NA
DCF;DCF;FUN;INC;OK;TASK000014963055;Priority 3;NA
SEC;812;SEC;SR;OK;TASK000014963079;Priority 3;NA
SEC;812;SEC;SR;OK;TASK000014963086;Priority 4;NA
SEC;812;SEC;SR;OK;TASK000014963090;Priority 4;NA
CNC;812;MON;SR;OK;TASK000014963103;Priority 3;NA
SEC;812;SEC;SR;OK;TASK000014963271;Priority 3;NA
FUN;MNT;FUN;SR;Defect;TASK000014963288;Priority 4;NA
L1;812;MON;SR;OK;TASK000014963435;Priority 3;NA
SEC;812;SEC;SR;OK;TASK000014963473;Priority 3;NA
FUN;812;FUN;SR;OK;TASK000014963505;Priority 3;NA
SEC;DPY;SEC;SR;OK;TASK000014963548;Priority 4;NA
CNC;812;CNC;SR;OK;TASK000014963585;Priority 3;NA
DBA;812;DBA;SR;OK;TASK000014963634;Priority 3;NA
DBA;812;DBA;SR;OK;TASK000014963792;Priority 3;NA
SEC;ETH;SEC;SR;OK;TASK000014963813;Priority 4;NA
APS;DCF;APS;SR;OK;TASK000014964143;Priority 4;NA
SEC;DXE;SEC;SR;OK;TASK000014964175;Priority 4;NA
TEC;LAT;TEC;SR;OK;TASK000014964189;Priority 3;NA
TEC;BWI;TEC;SR;OK;TASK000014964200;Priority 3;NA
APS;ETH;APS;SR;OK;TASK000014964233;Priority 3;NA
DBA;812;DBA;SR;OK;TASK000014964288;Priority 3;NA
SEC;DCF;SEC;SR;OK;TASK000014964387;Priority 4;NA
SEC;MNT;SEC;SR;OK;TASK000014964406;Priority 4;NA
SEC;DCF;SEC;SR;OK;TASK000014964424;Priority 4;NA
APS;EES;APS;SR;OK;TASK000014964635;Priority 4;NA
SEC;ETH;SEC;SR;OK;TASK000014964654;Priority 4;NA
SEC;812;SEC;SR;OK;TASK000014964701;Priority 3;NA
DCF;DCF;FUN;INC;OK;TASK000014964790;Priority 3;NA
APS;ETH;APS;SR;OK;TASK000014964966;Priority 4;NA
CNC;BWI;L1 ;SR;OK;TASK000014964975;Priority 3;NA
SEC;DXE;SEC;SR;OK;TASK000014965003;Priority 3;NA
SEC;SYN;SEC;SR;OK;TASK000014965106;Priority 3;NA
CNC;DPY;CNC;SR;Defect;TASK000014965201;Priority 4;NA
SEC;812;CNC;SR;OK;TASK000014965365;Priority 3;NA
SEC;ETH;SEC;SR;OK;TASK000014965410;Priority 4;NA
SEC;BWI;SEC;SR;OK;TASK000014965411;Priority 4;NA
TEC;SYN;FUN;SR;OK;TASK000014965668;Priority 3;NA
SEC;MNT;SEC;SR;OK;TASK000014965745;Priority 3;NA
SEC;BWI;SEC;SR;OK;TASK000014965813;Priority 4;NA
SEC;BWI;SEC;SR;OK;TASK000014965821;Priority 4;NA
FUN;COR;FUN;SR;OK;TASK000014966004;Priority 3;NA
SEC;DCF;SEC;SR;OK;TASK000014966061;Priority 4;NA
CNC;BWI;L1 ;SR;OK;TASK000014966081;Priority 3;NA
SEC;DCF;SEC;SR;OK;TASK000014966131;Priority 4;NA
SEC;ETH;SEC;SR;OK;TASK000014966138;Priority 4;NA
MNT;MNT;FUN;SR;Defect;TASK000014966166;Priority 4;NA
SEC;EES;SEC;SR;OK;TASK000014966189;Priority 3;NA
SEC;BWI;SEC;SR;OK;TASK000014966190;Priority 4;NA
SEC;BWI;SEC;SR;OK;TASK000014966200;Priority 4;NA
SEC;BWI;SEC;SR;OK;TASK000014966221;Priority 4;NA
SEC;ETH;SEC;SR;OK;TASK000014966230;Priority 4;NA
L1;BWI;L1 ;SR;OK;TASK000014966257;Priority 3;NA
CNC;ETH;CNC;SR;OK;TASK000014966321;Priority 3;NA
None;EES;CNC;SR;Defect;TASK000014966325;Priority 3;NA
L1;BWI;L1 ;SR;OK;TASK000014966326;Priority 3;NA
SEC;ETH;SEC;SR;Defect;TASK000014966353;Priority 4;NA
SEC;BWI;SEC;SR;OK;TASK000014966659;Priority 4;NA
SEC;EES;SEC;SR;OK;TASK000014966730;Priority 4;NA
SCH;812;SCH;SR;OK;TASK000014967387;Priority 3;NA
OPS;EMS;OPS;SR;OK;TASK000014968076;Priority 3;NA
APS;ETH;APS;SR;OK;TASK000014968352;Priority 3;NA
DBA;812;DBA;SR;OK;TASK000014968357;Priority 3;NA
DBA;812;DBA;SR;OK;TASK000014968372;Priority 3;NA
SEC;812;SEC;SR;OK;TASK000014968549;Priority 3;NA
SEC;812;SEC;SR;OK;TASK000014968589;Priority 3;NA
CNC;LAT;CNC;SR;OK;TASK000014968594;Priority 3;NA
SEC;DCF;SEC;SR;OK;TASK000014968652;Priority 4;NA
SEC;MNT;SEC;SR;OK;TASK000014968653;Priority 4;NA
DBA;812;DBA;SR;OK;TASK000014968835;Priority 3;NA
SEC;SYN;SEC;SR;OK;TASK000014968887;Priority 3;NA
SEC;SYN;SEC;SR;Defect;TASK000014968936;Priority 3;NA
CNC;812;CNC;SR;OK;TASK000014968968;Priority 3;NA
DCF;DCF;FUN;INC;OK;TASK000014969041;Priority 3;NA
SEC;812;SEC;SR;OK;TASK000014969113;Priority 4;NA
SEC;ETH;SEC;SR;OK;TASK000014969133;Priority 4;NA
CNC;812;MON;SR;OK;TASK000014969156;Priority 3;NA
SEC;812;SEC;SR;OK;TASK000014969191;Priority 3;NA
SEC;DCF;SEC;SR;OK;TASK000014969324;Priority 4;NA
SEC;DCF;SEC;SR;OK;TASK000014969399;Priority 4;NA
TEC;LAT;TEC;SR;OK;TASK000014969419;Priority 3;NA
FUN;812;FUN;SR;OK;TASK000014969435;Priority 4;NA
SEC;812;SEC;SR;OK;TASK000014969443;Priority 4;NA
SEC;812;SEC;SR;OK;TASK000014969462;Priority 3;NA
DBA;812;DBA;SR;OK;TASK000014969482;Priority 3;NA
CNC;812;CNC;SR;OK;TASK000014969495;Priority 3;NA
SEC;EMS;SEC;SR;OK;TASK000014969499;Priority 3;NA
SEC;DCF;SEC;SR;OK;TASK000014969517;Priority 4;NA
SEC;812;SEC;SR;OK;TASK000014969605;Priority 3;NA
CNC;812;MON;SR;OK;TASK000014969709;Priority 3;NA
SEC;DPY;SEC;SR;OK;TASK000014969712;Priority 4;NA
FUN;812;FUN;SR;OK;TASK000014969823;Priority 4;NA
SEC;BWI;SEC;SR;OK;TASK000014969841;Priority 4;NA
SEC;812;SEC;SR;OK;TASK000014969850;Priority 4;NA
SEC;DXE;SEC;SR;OK;TASK000014969858;Priority 3;NA
SEC;812;SEC;SR;OK;TASK000014969942;Priority 4;NA
SEC;ETH;SEC;SR;OK;TASK000014969998;Priority 4;NA
SEC;812;SEC;SR;OK;TASK000014970008;Priority 3;NA
L1;LAT;CNC;SR;OK;TASK000014970056;Priority 3;NA
SEC;812;SEC;SR;OK;TASK000014970075;Priority 4;NA
SEC;DXE;SEC;SR;OK;TASK000014970087;Priority 4;NA
CNC;812;CNC;SR;OK;TASK000014970095;Priority 3;NA
SEC;EMS;SEC;SR;OK;TASK000014970097;Priority 4;NA
SEC;812;SEC;SR;OK;TASK000014970117;Priority 4;NA
CNC;812;MON;SR;OK;TASK000014970135;Priority 3;NA
SEC;EES;SEC;SR;OK;TASK000014970149;Priority 4;NA
SEC;812;SEC;SR;OK;TASK000014970152;Priority 3;NA
TEC;DCF;TEC;SR;OK;TASK000014970161;Priority 4;NA
DBA;812;DBA;SR;OK;TASK000014970167;Priority 3;NA
SEC;DCF;SEC;SR;OK;TASK000014970189;Priority 4;NA
CNC;812;CNC;SR;OK;TASK000014970204;Priority 3;NA
DBA;812;DBA;SR;OK;TASK000014970210;Priority 3;NA
SEC;DCF;SEC;SR;OK;TASK000014970215;Priority 4;NA
SEC;812;SEC;SR;OK;TASK000014970227;Priority 3;NA
FUN;812;FUN;SR;OK;TASK000014970281;Priority 3;NA
SEC;812;SEC;SR;OK;TASK000014970302;Priority 3;NA
FUN;812;FUN;SR;OK;TASK000014970306;Priority 4;NA
SEC;SYN;SEC;SR;OK;TASK000014970316;Priority 3;NA
SEC;ETH;SEC;SR;OK;TASK000014970467;Priority 4;NA
DBA;812;DBA;SR;OK;TASK000014970546;Priority 3;NA
TEC;ETH;FUN;SR;OK;TASK000014970557;Priority 4;NA
FUN;ETH;FUN;SR;OK;TASK000014970619;Priority 3;NA
SEC;EES;SEC;SR;OK;TASK000014970635;Priority 4;NA
SEC;MNT;SEC;SR;OK;TASK000014970639;Priority 4;NA
SEC;DCF;SEC;SR;OK;TASK000014970666;Priority 4;NA
SEC;MNT;SEC;SR;OK;TASK000014970726;Priority 3;NA
SEC;812;SEC;SR;OK;TASK000014970727;Priority 3;NA
TEC;ETH;FUN;SR;OK;TASK000014970918;Priority 3;NA
SEC;812;SEC;SR;OK;TASK000014971605;Priority 3;NA
APS;ETH;APS;SR;OK;TASK000014971719;Priority 4;NA
SEC;812;SEC;SR;OK;TASK000014972053;Priority 3;NA
SEC;812;SEC;SR;OK;TASK000014972204;Priority 3;NA
DCF;DCF;FUN;INC;OK;TASK000014972213;Priority 3;NA
APS;ETH;APS;SR;OK;TASK000014972297;Priority 3;NA
APS;ETH;APS;SR;OK;TASK000014972343;Priority 3;NA
DBA;812;DBA;SR;Defect;TASK000014972411;Priority 3;NA
APS;ETH;APS;SR;OK;TASK000014972503;Priority 3;NA
SEC;812;SEC;SR;OK;TASK000014972541;Priority 4;NA
SEC;812;SEC;SR;OK;TASK000014972665;Priority 3;NA
FIN;812;FUN;SR;Defect;TASK000014972751;Priority 3;NA
APS;ETH;APS;SR;OK;TASK000014973004;Priority 3;NA
L1;812;MON;SR;OK;TASK000014973045;Priority 3;NA
SEC;DXE;SEC;SR;OK;TASK000014973111;Priority 4;NA
SEC;MNT;SEC;SR;OK;TASK000014973130;Priority 4;NA
SEC;MNT;SEC;SR;OK;TASK000014973160;Priority 4;NA
SEC;812;SEC;SR;OK;TASK000014973262;Priority 3;NA
SEC;BWI;SEC;SR;OK;TASK000014973266;Priority 4;NA
SEC;DCF;SEC;SR;OK;TASK000014973335;Priority 4;NA
L1;812;MON;SR;OK;TASK000014973371;Priority 3;NA
SEC;EDS;SEC;SR;OK;TASK000014973428;Priority 3;NA
FUN;812;FUN;SR;OK;TASK000014973473;Priority 3;NA
SEC;812;SEC;SR;OK;TASK000014973481;Priority 3;NA
FUN;812;FUN;SR;OK;TASK000014973482;Priority 4;NA
L1;812;MON;SR;OK;TASK000014973720;Priority 3;NA
SEC;DCF;SEC;SR;OK;TASK000014973750;Priority 4;NA
SEC;MNT;SEC;SR;OK;TASK000014973796;Priority 4;NA
CNC;812;CNC;SR;OK;TASK000014973879;Priority 3;NA
SEC;DCF;SEC;SR;OK;TASK000014973914;Priority 4;NA
DBA;812;DBA;SR;OK;TASK000014973983;Priority 3;NA
SEC;SYN;SEC;SR;OK;TASK000014974045;Priority 3;NA
CNC;812;CNC;SR;OK;TASK000014974133;Priority 3;NA
SEC;DCF;SEC;SR;OK;TASK000014974185;Priority 4;NA
SEC;ETH;SEC;SR;OK;TASK000014974271;Priority 4;NA
SEC;812;SEC;SR;OK;TASK000014974320;Priority 4;NA
TEC;DCF;TEC;SR;OK;TASK000014974374;Priority 3;NA
SEC;812;SEC;SR;OK;TASK000014974437;Priority 3;NA
SEC;812;SEC;SR;OK;TASK000014974478;Priority 3;NA
SEC;812;SEC;SR;OK;TASK000014974487;Priority 4;NA
SEC;812;SEC;SR;OK;TASK000014974544;Priority 4;NA
SEC;812;SEC;SR;OK;TASK000014974565;Priority 4;NA
SEC;EMS;FUN;SR;OK;TASK000014974582;Priority 3;NA
SEC;SYN;SEC;SR;OK;TASK000014974606;Priority 3;NA
SEC;SYN;SEC;SR;OK;TASK000014974681;Priority 3;NA
SEC;SYN;SEC;SR;Defect;TASK000014974703;Priority 3;NA
DBA;812;DBA;SR;OK;TASK000014974958;Priority 3;NA
CNC;ETH;CNC;SR;OK;TASK000014974959;Priority 3;NA
SEC;EES;SEC;SR;OK;TASK000014974986;Priority 4;NA
SEC;812;CNC;SR;OK;TASK000014975105;Priority 3;NA
TEC;ETH;FUN;SR;OK;TASK000014975385;Priority 3;NA
SEC;SYN;SEC;SR;OK;TASK000014975609;Priority 3;NA
SEC;812;SEC;SR;OK;TASK000014975721;Priority 3;NA
SEC;DPY;SEC;SR;OK;TASK000014975757;Priority 4;NA
APS;ETH;APS;SR;OK;TASK000014975812;Priority 3;NA
TEC;ETH;FUN;SR;OK;TASK000014975842;Priority 3;NA
CNC;LAT;L1 ;SR;OK;TASK000014975858;Priority 3;NA
SEC;ETH;SEC;SR;OK;TASK000014975962;Priority 4;NA
SEC;ETH;SEC;SR;OK;TASK000014975978;Priority 4;NA
SEC;DCF;SEC;SR;OK;TASK000014976568;Priority 4;NA
SEC;DCF;SEC;SR;OK;TASK000014976582;Priority 4;NA
SEC;DCF;SEC;SR;OK;TASK000014976609;Priority 4;NA
SEC;DCF;SEC;SR;OK;TASK000014976630;Priority 4;NA
SEC;DCF;SEC;SR;OK;TASK000014976640;Priority 4;NA
SEC;812;SEC;SR;OK;TASK000014976682;Priority 4;NA
SEC;DCF;SEC;SR;OK;TASK000014976971;Priority 4;NA
SEC;DCF;SEC;SR;OK;TASK000014977114;Priority 4;NA
FIN;812;FUN;SR;Defect;TASK000014977196;Priority 4;NA
APS;ETH;APS;SR;OK;TASK000014977290;Priority 3;NA
SEC;812;SEC;SR;OK;TASK000014977522;Priority 3;NA
APS;ETH;APS;SR;OK;TASK000014977698;Priority 3;NA
CNC;812;MON;SR;OK;TASK000014977704;Priority 3;NA
SEC;812;SEC;SR;OK;TASK000014977745;Priority 4;NA
L1;812;MON;SR;OK;TASK000014977748;Priority 3;NA
SEC;812;SEC;SR;OK;TASK000014977781;Priority 4;NA
CNC;EES;CNC;SR;OK;TASK000014977786;Priority 3;NA
SEC;EMS;SEC;SR;OK;TASK000014977893;Priority 3;NA
SEC;BWI;SEC;SR;OK;TASK000014977911;Priority 4;NA
FUN;MNT;FUN;SR;OK;TASK000014977937;Priority 4;NA
DBA;812;DBA;SR;OK;TASK000014977946;Priority 3;NA
SEC;812;SEC;SR;OK;TASK000014977958;Priority 4;NA
DBA;812;DBA;SR;OK;TASK000014978056;Priority 3;NA
FUN;812;FUN;SR;OK;TASK000014978140;Priority 3;NA
FUN;DXE;FUN;SR;OK;TASK000014978156;Priority 4;NA
APS;ETH;APS;SR;OK;TASK000014978204;Priority 3;NA
DBA;812;DBA;SR;OK;TASK000014978285;Priority 3;NA
SEC;SYN;SEC;SR;OK;TASK000014978317;Priority 3;NA
FUN;COR;FUN;SR;OK;TASK000014978389;Priority 3;NA
SEC;MNT;SEC;SR;OK;TASK000014978571;Priority 4;NA
APS;ETH;APS;SR;OK;TASK000014978632;Priority 3;NA
APS;ETH;APS;SR;OK;TASK000014978656;Priority 3;NA
DBA;812;DBA;SR;OK;TASK000014978674;Priority 3;NA
SEC;812;SEC;SR;OK;TASK000014978776;Priority 4;NA
L1;BWI;L1 ;SR;OK;TASK000014978793;Priority 3;NA
L1;BWI;L1 ;SR;OK;TASK000014978827;Priority 3;NA
SEC;812;SEC;SR;OK;TASK000014978903;Priority 4;NA
SEC;812;SEC;SR;OK;TASK000014978938;Priority 4;NA
APS;ETH;APS;SR;OK;TASK000014978975;Priority 3;NA
APS;ETH;APS;SR;OK;TASK000014979001;Priority 3;NA
SEC;MNT;SEC;SR;OK;TASK000014979056;Priority 4;NA
SEC;DCF;CNC;SR;OK;TASK000014979091;Priority 3;NA
SEC;812;SEC;SR;OK;TASK000014979169;Priority 4;NA
SEC;SYN;SEC;SR;OK;TASK000014979226;Priority 3;NA
SEC;DXE;SEC;SR;OK;TASK000014979240;Priority 4;NA
SEC;812;SEC;SR;OK;TASK000014979327;Priority 4;NA
TEC;SYN;FUN;SR;OK;TASK000014979351;Priority 3;NA
SEC;MNT;SEC;SR;OK;TASK000014979376;Priority 4;NA
SEC;812;SEC;SR;OK;TASK000014979403;Priority 3;NA
APS;ETH;APS;SR;OK;TASK000014979410;Priority 3;NA
SEC;812;SEC;SR;OK;TASK000014979444;Priority 4;NA
DCF;DCF;FUN;SR;OK;TASK000014979609;Priority 3;NA
SEC;812;SEC;SR;OK;TASK000014979691;Priority 3;NA
APS;ETH;APS;SR;OK;TASK000014979775;Priority 3;NA
TEC;SYN;FUN;SR;Defect;TASK000014980001;Priority 3;NA
SEC;ETH;SEC;SR;OK;TASK000014980026;Priority 4;NA
CNC;EES;CNC;SR;OK;TASK000014980349;Priority 3;NA
L1;DCF;CNC;SR;OK;TASK000014980361;Priority 3;NA
SEC;DCF;SEC;SR;OK;TASK000014980410;Priority 4;NA
MNT;MNT;FUN;SR;OK;TASK000014980551;Priority 3;NA
SEC;SYN;SEC;SR;Defect;TASK000014980553;Priority 3;NA
APS;ETH;APS;SR;OK;TASK000014980579;Priority 3;NA
SEC;DXE;SEC;SR;OK;TASK000014980585;Priority 4;NA
SEC;DXE;SEC;SR;OK;TASK000014980600;Priority 4;NA
SEC;812;SEC;SR;OK;TASK000014980631;Priority 4;NA
None;BWI;L1 ;SR;OK;TASK000014980800;Priority 3;NA
SEC;DCF;SEC;SR;Defect;TASK000014980928;Priority 3;NA
SEC;SYN;SEC;SR;OK;TASK000014980989;Priority 3;NA
SEC;EDS;SEC;SR;OK;TASK000014981015;Priority 3;NA
TEC;ETH;FUN;SR;OK;TASK000014981076;Priority 4;NA
CNC;BWI;L1 ;SR;OK;TASK000014981091;Priority 3;NA
TEC;ETH;FUN;SR;OK;TASK000014981130;Priority 3;NA
SEC;EES;SEC;SR;OK;TASK000014981219;Priority 4;NA
SEC;DCF;SEC;SR;Defect;TASK000014981260;Priority 4;NA
SEC;ETH;SEC;SR;OK;TASK000014981379;Priority 4;NA
L1;812;MON;SR;OK;TASK000014981545;Priority 3;NA
SEC;EES;SEC;SR;OK;TASK000014981581;Priority 4;NA
SEC;SYN;SEC;SR;Defect;TASK000014981583;Priority 3;NA
SEC;ETH;SEC;SR;OK;TASK000014981928;Priority 4;NA
CNC;812;MON;SR;OK;TASK000014982110;Priority 3;NA
CNC;812;CNC;SR;OK;TASK000014982183;Priority 3;NA
SEC;BWI;SEC;SR;OK;TASK000014982344;Priority 4;NA
SEC;812;SEC;SR;OK;TASK000014982506;Priority 3;NA
SEC;812;SEC;SR;OK;TASK000014982516;Priority 4;NA
DBA;812;DBA;SR;OK;TASK000014982602;Priority 3;NA
APS;ETH;APS;SR;OK;TASK000014982710;Priority 3;NA
APS;ETH;APS;SR;OK;TASK000014982802;Priority 3;NA
SEC;DXE;SEC;SR;OK;TASK000014982819;Priority 4;NA
CNC;812;CNC;SR;OK;TASK000014982921;Priority 3;NA
SEC;DXE;SEC;SR;OK;TASK000014983015;Priority 4;NA
SEC;BWI;SEC;SR;OK;TASK000014983048;Priority 4;NA
SEC;812;SEC;SR;OK;TASK000014983120;Priority 3;NA
SEC;MNT;SEC;SR;OK;TASK000014983129;Priority 4;NA
FUN;812;FUN;SR;OK;TASK000014983174;Priority 4;NA
APS;ETH;APS;SR;OK;TASK000014983310;Priority 3;NA
FUN;812;FUN;SR;OK;TASK000014983311;Priority 4;NA
SEC;LAT;SEC;SR;OK;TASK000014983321;Priority 4;NA
SEC;EMS;SEC;SR;OK;TASK000014983322;Priority 3;NA
SEC;812;SEC;SR;OK;TASK000014983362;Priority 4;NA
CNC;812;MON;SR;OK;TASK000014983435;Priority 3;NA
SEC;SYN;SEC;SR;Defect;TASK000014983459;Priority 3;NA
FUN;812;FUN;SR;OK;TASK000014983525;Priority 4;NA
SEC;812;SEC;SR;OK;TASK000014983531;Priority 4;NA
SEC;DXE;SEC;SR;OK;TASK000014983727;Priority 4;NA
DBA;812;DBA;SR;OK;TASK000014983740;Priority 3;NA
SEC;BWI;SEC;SR;OK;TASK000014983767;Priority 4;NA
SEC;812;SEC;SR;OK;TASK000014983769;Priority 3;NA
APS;EES;APS;SR;OK;TASK000014983814;Priority 4;NA
SEC;DPY;SEC;SR;OK;TASK000014983824;Priority 4;NA
SEC;ETH;SEC;SR;OK;TASK000014983843;Priority 4;NA
SEC;DXE;SEC;SR;OK;TASK000014983896;Priority 4;NA
SEC;BWI;SEC;SR;OK;TASK000014983913;Priority 4;NA
SEC;812;SEC;SR;OK;TASK000014983930;Priority 4;NA
SEC;812;SEC;SR;OK;TASK000014983977;Priority 3;NA
SEC;ETH;SEC;SR;OK;TASK000014984047;Priority 4;NA
SEC;BWI;SEC;SR;OK;TASK000014984095;Priority 4;NA
SEC;DCF;SEC;SR;OK;TASK000014984114;Priority 4;NA
FUN;DXE;FUN;SR;OK;TASK000014984128;Priority 3;NA
SEC;BWI;SEC;SR;OK;TASK000014984143;Priority 4;NA
SEC;EMS;SEC;SR;Defect;TASK000014984207;Priority 3;NA
SEC;EES;SEC;SR;OK;TASK000014984226;Priority 4;NA
SEC;DXE;SEC;SR;OK;TASK000014984235;Priority 4;NA
SEC;DCF;SEC;SR;OK;TASK000014984244;Priority 4;NA
SEC;812;SEC;SR;OK;TASK000014984253;Priority 4;NA
CNC;812;CNC;SR;OK;TASK000014984258;Priority 3;NA
SEC;DCF;SEC;SR;OK;TASK000014984279;Priority 4;NA
SEC;DCF;SEC;SR;OK;TASK000014984293;Priority 4;NA
SEC;MNT;SEC;SR;OK;TASK000014984299;Priority 4;NA
SEC;DCF;SEC;SR;OK;TASK000014984359;Priority 4;NA
SEC;DCF;SEC;SR;OK;TASK000014984366;Priority 4;NA
SEC;EES;SEC;SR;OK;TASK000014984406;Priority 4;NA
SEC;812;SEC;SR;OK;TASK000014984447;Priority 4;NA
SEC;DPY;SEC;SR;OK;TASK000014984473;Priority 4;NA
SEC;DXE;SEC;SR;OK;TASK000014984477;Priority 4;NA
FUN;812;FUN;SR;OK;TASK000014984538;Priority 4;NA
APS;ETH;APS;SR;OK;TASK000014984599;Priority 3;NA
APS;ETH;APS;SR;OK;TASK000014984675;Priority 3;NA
SEC;WS;SEC;SR;OK;TASK000014984702;Priority 3;NA
SEC;BWI;SEC;SR;OK;TASK000014984785;Priority 4;NA
SEC;DCF;SEC;SR;OK;TASK000014984825;Priority 4;NA
CNC;812;CNC;SR;OK;TASK000014984840;Priority 3;NA
SEC;ETH;SEC;SR;OK;TASK000014984956;Priority 4;NA
SEC;BWI;SEC;SR;OK;TASK000014985021;Priority 4;NA
SEC;DXE;SEC;SR;OK;TASK000014985023;Priority 3;NA
SEC;DPY;SEC;SR;OK;TASK000014985083;Priority 4;NA
SEC;WS;SEC;SR;Defect;TASK000014985131;Priority 3;NA
SEC;SYN;SEC;SR;Defect;TASK000014985212;Priority 3;NA
SEC;SYN;SEC;SR;Defect;TASK000014985232;Priority 3;NA
SEC;SYN;SEC;SR;Defect;TASK000014985260;Priority 3;NA
SEC;SYN;SEC;SR;Defect;TASK000014985266;Priority 3;NA
SEC;SYN;SEC;SR;Defect;TASK000014985275;Priority 3;NA
SEC;EMS;SEC;SR;OK;TASK000014985284;Priority 3;NA
SEC;DPY;SEC;SR;OK;TASK000014985309;Priority 4;NA
SEC;DPY;SEC;SR;OK;TASK000014985387;Priority 4;NA
SEC;812;SEC;SR;OK;TASK000014985432;Priority 4;NA
SEC;812;SEC;SR;OK;TASK000014985455;Priority 4;NA
SEC;EMS;SEC;SR;OK;TASK000014985474;Priority 3;NA
TEC;SYN;FUN;SR;OK;TASK000014985475;Priority 3;NA
SEC;MNT;SEC;SR;OK;TASK000014985486;Priority 4;NA
SEC;812;SEC;SR;OK;TASK000014985519;Priority 3;NA
SEC;DXE;SEC;SR;OK;TASK000014985530;Priority 3;NA
SEC;BWI;SEC;SR;OK;TASK000014985531;Priority 4;NA
SEC;EES;SEC;SR;OK;TASK000014985533;Priority 4;NA
SEC;BWI;SEC;SR;OK;TASK000014985539;Priority 4;NA
SEC;MNT;SEC;SR;OK;TASK000014985545;Priority 4;NA
SEC;EMS;SEC;SR;OK;TASK000014985546;Priority 3;NA
SEC;812;SEC;SR;OK;TASK000014985582;Priority 4;NA
SEC;DXE;SEC;SR;OK;TASK000014985593;Priority 3;NA
SEC;EES;SEC;SR;OK;TASK000014985594;Priority 4;NA
SEC;EMS;SEC;SR;OK;TASK000014985604;Priority 3;NA
FIN;DXE;FUN;SR;OK;TASK000014985632;Priority 4;NA
SEC;WS;SEC;SR;OK;TASK000014985668;Priority 3;NA
None;BWI;L1 ;SR;OK;TASK000014985764;Priority 3;NA
L1;ETH;CNC;SR;OK;TASK000014985803;Priority 3;NA
SEC;DXE;SEC;SR;OK;TASK000014985817;Priority 3;NA
SEC;MNT;SEC;SR;OK;TASK000014985825;Priority 4;NA
TEC;SYN;FUN;SR;OK;TASK000014985847;Priority 3;NA
SEC;SYN;SEC;SR;Defect;TASK000014986080;Priority 3;NA
SEC;BWI;SEC;SR;OK;TASK000014986166;Priority 4;NA
SEC;MNT;SEC;SR;OK;TASK000014986268;Priority 4;NA
DBA;812;DBA;SR;OK;TASK000014986300;Priority 3;NA
DBA;812;DBA;SR;OK;TASK000014986314;Priority 3;NA
DBA;812;DBA;SR;OK;TASK000014986326;Priority 3;NA
SEC;ETH;SEC;SR;OK;TASK000014986401;Priority 4;NA
SEC;MNT;SEC;SR;OK;TASK000014986407;Priority 4;NA
SEC;ETH;SEC;SR;OK;TASK000014986443;Priority 4;NA
SEC;EES;SEC;SR;OK;TASK000014986684;Priority 4;NA
FUN;DXE;FUN;SR;OK;TASK000014987013;Priority 3;NA
CNC;BWI;CNC;SR;OK;TASK000014987216;Priority 3;NA
SEC;812;SEC;SR;OK;TASK000014987431;Priority 3;NA
DBA;812;DBA;SR;OK;TASK000014987588;Priority 3;NA
APS;ETH;APS;SR;OK;TASK000014987590;Priority 3;NA
SEC;BWI;SEC;SR;OK;TASK000014987663;Priority 4;NA
SEC;812;SEC;SR;OK;TASK000014987718;Priority 4;NA
DBA;812;DBA;SR;OK;TASK000014987800;Priority 3;NA
SEC;812;SEC;SR;OK;TASK000014987826;Priority 3;NA
SEC;DXE;SEC;SR;OK;TASK000014987906;Priority 3;NA
SEC;DPY;SEC;SR;OK;TASK000014987953;Priority 4;NA
SEC;EES;SEC;SR;OK;TASK000014987999;Priority 4;NA
SEC;MNT;SEC;SR;OK;TASK000014988000;Priority 4;NA
SEC;DPY;SEC;SR;OK;TASK000014988022;Priority 4;NA
SEC;MNT;SEC;SR;OK;TASK000014988057;Priority 4;NA
SEC;812;SEC;SR;Defect;TASK000014988079;Priority 3;NA
CNC;812;MON;SR;OK;TASK000014988140;Priority 3;NA
SEC;EMS;SEC;SR;OK;TASK000014988154;Priority 4;NA
SEC;DPY;SEC;SR;OK;TASK000014988187;Priority 4;NA
DBA;812;DBA;SR;OK;TASK000014988280;Priority 3;NA
APS;ETH;APS;SR;OK;TASK000014988349;Priority 3;NA
SEC;812;SEC;SR;OK;TASK000014988425;Priority 3;NA
DBA;812;DBA;SR;OK;TASK000014988483;Priority 3;NA
SEC;EMS;SEC;SR;OK;TASK000014988655;Priority 3;NA
CNC;812;CNC;SR;OK;TASK000014988664;Priority 3;NA
SEC;812;SEC;SR;Defect;TASK000014988795;Priority 3;NA
TEC;LAT;TEC;SR;OK;TASK000014988854;Priority 3;NA
TEC;BWI;TEC;SR;OK;TASK000014988859;Priority 3;NA
FUN;812;FUN;SR;Defect;TASK000014988871;Priority 3;NA
FUN;812;FUN;SR;Defect;TASK000014988905;Priority 3;NA
SEC;MNT;SEC;SR;OK;TASK000014988906;Priority 4;NA
SEC;812;SEC;SR;Defect;TASK000014988947;Priority 3;NA
SEC;DXE;SEC;SR;Defect;TASK000014988983;Priority 3;NA
SEC;EMS;SEC;SR;Defect;TASK000014989010;Priority 3;NA
SEC;DXE;SEC;SR;Defect;TASK000014989014;Priority 3;NA
CNC;BWI;L1 ;SR;OK;TASK000014989046;Priority 3;NA
SEC;ETH;SEC;SR;OK;TASK000014989105;Priority 4;NA
DBA;812;DBA;SR;OK;TASK000014989170;Priority 3;NA
SEC;DCF;SEC;SR;OK;TASK000014989246;Priority 4;NA
SEC;BWI;SEC;SR;OK;TASK000014989251;Priority 4;NA
SEC;ETH;SEC;SR;OK;TASK000014989294;Priority 4;NA
SEC;ETH;SEC;SR;OK;TASK000014989354;Priority 4;NA
FUN;812;FUN;SR;Defect;TASK000014989434;Priority 4;NA
FUN;812;FUN;SR;OK;TASK000014989610;Priority 4;NA
SEC;SYN;SEC;SR;OK;TASK000014989683;Priority 3;NA
SEC;BWI;SEC;SR;OK;TASK000014989690;Priority 4;NA
FUN;WS;FUN;SR;OK;TASK000014989788;Priority 3;NA
CNC;ETH;CNC;SR;OK;TASK000014989811;Priority 3;NA
APS;ETH;APS;SR;OK;TASK000014989825;Priority 3;NA
SEC;812;SEC;SR;OK;TASK000014989911;Priority 3;NA
SEC;BWI;SEC;SR;OK;TASK000014989968;Priority 4;NA
SEC;EMS;SEC;SR;OK;TASK000014989986;Priority 3;NA
SEC;ETH;SEC;SR;OK;TASK000014990000;Priority 4;NA
SEC;812;SEC;SR;OK;TASK000014990024;Priority 3;NA
SEC;ETH;SEC;SR;OK;TASK000014990044;Priority 4;NA
FUN;MNT;FUN;SR;OK;TASK000014990057;Priority 4;NA
APS;EES;APS;SR;OK;TASK000014990073;Priority 3;NA
SEC;BWI;SEC;SR;OK;TASK000014990090;Priority 4;NA
SEC;DPY;SEC;SR;OK;TASK000014990095;Priority 4;NA
SEC;BWI;SEC;SR;OK;TASK000014990112;Priority 4;NA
SEC;MNT;SEC;SR;OK;TASK000014990137;Priority 4;NA
SEC;MNT;SEC;SR;OK;TASK000014990224;Priority 4;NA
TEC;SYN;FUN;SR;OK;TASK000014990310;Priority 3;NA
CNC;ETH;CNC;SR;OK;TASK000014990319;Priority 3;NA
CNC;BWI;CNC;SR;OK;TASK000014990381;Priority 3;NA
CNC;DPY;CNC;SR;OK;TASK000014990473;Priority 3;NA
SEC;812;SEC;SR;OK;TASK000014990618;Priority 4;NA
SEC;812;SEC;SR;OK;TASK000014990663;Priority 3;NA
APS;ETH;APS;SR;OK;TASK000014990728;Priority 3;NA
APS;EES;APS;SR;OK;TASK000014990854;Priority 4;NA
APS;EES;APS;SR;OK;TASK000014990858;Priority 4;NA
FIN;DXE;FUN;SR;OK;TASK000014990874;Priority 4;NA
SEC;MNT;SEC;SR;OK;TASK000014990888;Priority 4;NA
SEC;SYN;SEC;SR;OK;TASK000014990921;Priority 3;NA
FUN;ETH;FUN;SR;OK;TASK000014991011;Priority 4;NA
SEC;BWI;SEC;SR;OK;TASK000014991020;Priority 4;NA
SEC;BWI;SEC;SR;OK;TASK000014991080;Priority 4;NA
SEC;BWI;SEC;SR;OK;TASK000014991083;Priority 4;NA
L1;BWI;L1 ;SR;OK;TASK000014991099;Priority 3;NA
MNT;MNT;FUN;SR;OK;TASK000014991128;Priority 3;NA
MNT;MNT;FUN;SR;OK;TASK000014991139;Priority 3;NA
MNT;MNT;FUN;SR;OK;TASK000014991150;Priority 3;NA
SEC;ETH;SEC;SR;OK;TASK000014991194;Priority 4;NA
SEC;EES;SEC;SR;OK;TASK000014991221;Priority 4;NA
SEC;MNT;SEC;SR;OK;TASK000014991223;Priority 4;NA
L1;ETH;L1 ;SR;OK;TASK000014991245;Priority 4;NA
SEC;ETH;SEC;SR;OK;TASK000014991255;Priority 4;NA
SEC;812;SEC;SR;OK;TASK000014991295;Priority 4;NA
SEC;ETH;SEC;SR;OK;TASK000014991318;Priority 4;NA
CNC;ETH;CNC;SR;OK;TASK000014991687;Priority 3;NA
SEC;MNT;SEC;SR;OK;TASK000014991718;Priority 4;NA
SEC;DPY;SEC;SR;OK;TASK000014991720;Priority 4;NA
SEC;812;SEC;SR;OK;TASK000014991863;Priority 3;NA
CNC;812;MON;SR;OK;TASK000014992876;Priority 3;NA
SEC;MNT;SEC;SR;OK;TASK000014992935;Priority 4;NA
FUN;812;FUN;SR;OK;TASK000014993010;Priority 3;NA
SEC;812;SEC;SR;OK;TASK000014993025;Priority 3;NA
SEC;812;SEC;SR;OK;TASK000014993109;Priority 3;NA
APS;ETH;APS;SR;OK;TASK000014993175;Priority 3;NA
APS;ETH;APS;SR;OK;TASK000014993179;Priority 4;NA
SEC;812;SEC;SR;OK;TASK000014993221;Priority 3;NA
APS;ETH;APS;SR;OK;TASK000014993453;Priority 3;NA
CNC;DPY;CNC;SR;OK;TASK000014993472;Priority 3;NA
SEC;812;SEC;SR;OK;TASK000014993547;Priority 3;NA
DBA;812;DBA;SR;OK;TASK000014993559;Priority 3;NA
SEC;ETH;SEC;SR;OK;TASK000014993618;Priority 4;NA
SEC;DCF;SEC;SR;OK;TASK000014993685;Priority 4;NA
SEC;DCF;SEC;SR;OK;TASK000014993703;Priority 4;NA
FUN;EMS;FUN;SR;OK;TASK000014993722;Priority 3;NA
CNC;DPY;CNC;SR;OK;TASK000014993817;Priority 3;NA
SEC;DCF;SEC;SR;OK;TASK000014993905;Priority 4;NA
CNC;EES;CNC;SR;OK;TASK000014993996;Priority 3;NA
SEC;DCF;SEC;SR;OK;TASK000014994032;Priority 4;NA
SEC;DCF;SEC;SR;OK;TASK000014994077;Priority 4;NA
CNC;812;MON;SR;OK;TASK000014994098;Priority 3;NA
SEC;DCF;SEC;SR;OK;TASK000014994182;Priority 3;NA
DBA;812;DBA;SR;Defect;TASK000014994217;Priority 3;NA
SEC;812;SEC;SR;OK;TASK000014994281;Priority 3;NA
SEC;812;SEC;SR;OK;TASK000014994432;Priority 3;NA
SEC;DPY;SEC;SR;OK;TASK000014994504;Priority 4;NA
SEC;WS;SEC;SR;OK;TASK000014994575;Priority 3;NA
SCH;LAT;SCH;SR;OK;TASK000014994583;Priority 3;NA
SEC;812;SEC;SR;OK;TASK000014994635;Priority 3;NA
SEC;DXE;SEC;SR;OK;TASK000014994658;Priority 3;NA
SEC;812;SEC;SR;OK;TASK000014994728;Priority 3;NA
DBA;812;DBA;SR;OK;TASK000014994747;Priority 3;NA
SEC;812;SEC;SR;OK;TASK000014994750;Priority 3;NA
FUN;WS;FUN;SR;OK;TASK000014994838;Priority 3;NA
SEC;812;SEC;SR;OK;TASK000014994851;Priority 3;NA
SEC;EES;SEC;SR;OK;TASK000014994855;Priority 4;NA
SEC;SYN;SEC;SR;Defect;TASK000014994884;Priority 3;NA
SEC;DCF;SEC;SR;OK;TASK000014994890;Priority 4;NA
SEC;SYN;SEC;SR;OK;TASK000014994962;Priority 3;NA
FUN;812;FUN;SR;OK;TASK000014994981;Priority 3;NA
SEC;DCF;SEC;SR;OK;TASK000014995047;Priority 4;NA
SEC;812;SEC;SR;OK;TASK000014995081;Priority 4;NA
SEC;DCF;SEC;SR;OK;TASK000014995142;Priority 4;NA
CNC;ETH;L1 ;SR;OK;TASK000014995143;Priority 3;NA
None;CRD;MON;SR;OK;TASK000014995271;Priority 3;NA
TEC;SYN;FUN;SR;OK;TASK000014995320;Priority 3;NA
SEC;SYN;SEC;SR;OK;TASK000014995321;Priority 3;NA
FUN;DXE;FUN;SR;OK;TASK000014995353;Priority 4;NA
SEC;EES;SEC;SR;OK;TASK000014995507;Priority 4;NA
FUN;WS;FUN;SR;OK;TASK000014995516;Priority 3;NA
APS;ETH;APS;SR;OK;TASK000014995560;Priority 3;NA
SEC;SYN;SEC;SR;OK;TASK000014995597;Priority 3;NA
SEC;DXE;SEC;SR;OK;TASK000014995657;Priority 4;NA
SEC;SYN;SEC;SR;Defect;TASK000014995684;Priority 3;NA
SEC;812;SEC;SR;OK;TASK000014995765;Priority 3;NA
SEC;DXE;SEC;SR;OK;TASK000014995784;Priority 3;NA
DCF;DCF;FUN;SR;OK;TASK000014995809;Priority 3;NA
SEC;812;SEC;SR;OK;TASK000014995987;Priority 3;NA
FUN;COR;FUN;SR;OK;TASK000014996079;Priority 3;NA
SEC;ETH;SEC;SR;OK;TASK000014996091;Priority 4;NA
FUN;COR;FUN;SR;OK;TASK000014996100;Priority 3;NA
FUN;COR;FUN;SR;OK;TASK000014996108;Priority 3;NA
FUN;COR;FUN;SR;OK;TASK000014996119;Priority 3;NA
FUN;COR;FUN;SR;OK;TASK000014996137;Priority 3;NA
FUN;COR;FUN;SR;OK;TASK000014996147;Priority 3;NA
SEC;BWI;SEC;SR;OK;TASK000014996181;Priority 4;NA
SEC;DPY;SEC;SR;OK;TASK000014996201;Priority 4;NA
APS;ETH;APS;SR;OK;TASK000014996254;Priority 3;NA
SEC;EES;SEC;SR;OK;TASK000014996589;Priority 4;NA
SEC;DCF;SEC;SR;OK;TASK000014996609;Priority 4;NA
L1;DPY;CNC;SR;OK;TASK000014996672;Priority 3;NA
TEC;ETH;FUN;SR;OK;TASK000014996715;Priority 3;NA
SEC;MNT;SEC;SR;OK;TASK000014996786;Priority 4;NA
SEC;BWI;SEC;SR;OK;TASK000014996963;Priority 4;NA
SEC;EMS;SEC;SR;OK;TASK000014996991;Priority 3;NA
SEC;WS;SEC;SR;OK;TASK000014996993;Priority 3;NA
SEC;WS;SEC;SR;OK;TASK000014996996;Priority 3;NA
SEC;EMS;SEC;SR;OK;TASK000014997103;Priority 3;NA
SEC;MNT;SEC;SR;OK;TASK000014997218;Priority 4;NA
SEC;SYN;SEC;SR;OK;TASK000014997243;Priority 3;NA
SEC;MNT;SEC;SR;OK;TASK000014997343;Priority 4;NA
SEC;MNT;SEC;SR;OK;TASK000014997348;Priority 4;NA
SEC;MNT;SEC;SR;OK;TASK000014997351;Priority 4;NA
SEC;812;SEC;SR;OK;TASK000014997589;Priority 3;NA
DBA;812;DBA;SR;OK;TASK000014998231;Priority 3;NA
SEC;812;SEC;SR;OK;TASK000014998302;Priority 3;NA
SEC;812;SEC;SR;OK;TASK000014998367;Priority 3;NA
FUN;812;FUN;SR;OK;TASK000014998380;Priority 4;NA
SEC;812;SEC;SR;OK;TASK000014998418;Priority 3;NA
FUN;812;FUN;SR;OK;TASK000014998543;Priority 4;NA
APS;ETH;APS;SR;OK;TASK000014998615;Priority 3;NA
CNC;812;CNC;SR;OK;TASK000014998772;Priority 3;NA
SEC;DCF;SEC;SR;OK;TASK000014998775;Priority 4;NA
L1;SYN;FUN;SR;OK;TASK000014998850;Priority 3;NA
SEC;812;SEC;SR;OK;TASK000014998897;Priority 3;NA
CNC;812;CNC;SR;OK;TASK000014998949;Priority 3;NA
CNC;DPY;CNC;SR;OK;TASK000014998973;Priority 3;NA
SEC;812;SEC;SR;OK;TASK000014999158;Priority 3;NA
DBA;812;DBA;SR;OK;TASK000014999321;Priority 3;NA
SEC;DCF;SEC;SR;OK;TASK000014999405;Priority 4;NA
APS;ETH;APS;SR;OK;TASK000014999462;Priority 3;NA
FUN;812;FUN;SR;Defect;TASK000014999492;Priority 4;NA
APS;ETH;APS;SR;OK;TASK000014999561;Priority 3;NA
TEC;SYN;FUN;SR;OK;TASK000014999581;Priority 3;NA
SEC;ETH;SEC;SR;OK;TASK000014999621;Priority 4;NA
SEC;812;SEC;SR;OK;TASK000014999687;Priority 4;NA
FUN;WS;FUN;SR;OK;TASK000014999743;Priority 3;NA
SEC;BWI;SEC;SR;OK;TASK000014999792;Priority 4;NA
SEC;ETH;SEC;SR;OK;TASK000014999909;Priority 4;NA
SEC;ETH;SEC;SR;OK;TASK000015000114;Priority 4;NA
TEC;ETH;FUN;SR;OK;TASK000015000127;Priority 4;NA
FUN;812;FUN;SR;OK;TASK000015000266;Priority 3;NA
TEC;SYN;FUN;SR;OK;TASK000015000285;Priority 3;NA
CNC;812;CNC;SR;OK;TASK000015000310;Priority 3;NA
SEC;DCF;SEC;SR;OK;TASK000015000692;Priority 4;NA
SEC;DXE;SEC;SR;OK;TASK000015000751;Priority 4;NA
SEC;DXE;SEC;SR;OK;TASK000015000769;Priority 4;NA
SEC;EMS;SEC;SR;OK;TASK000015000770;Priority 3;NA
SEC;EMS;SEC;SR;OK;TASK000015000771;Priority 3;NA
SEC;DXE;SEC;SR;Defect;TASK000015000799;Priority 3;NA
SEC;DXE;SEC;SR;Defect;TASK000015000922;Priority 3;NA
SEC;DXE;SEC;SR;OK;TASK000015000927;Priority 4;NA
SEC;DXE;SEC;SR;OK;TASK000015000935;Priority 4;NA
TEC;SYN;FUN;SR;OK;TASK000015001089;Priority 3;NA
FIN;812;FUN;SR;OK;TASK000015001189;Priority 4;NA
SEC;SYN;SEC;SR;OK;TASK000015001208;Priority 3;NA
SEC;DCF;SEC;SR;OK;TASK000015001210;Priority 4;NA
SEC;MNT;SEC;SR;OK;TASK000015001277;Priority 4;NA
SEC;ETH;SEC;SR;OK;TASK000015001406;Priority 4;NA
SEC;BWI;SEC;SR;OK;TASK000015001425;Priority 4;NA
SEC;DCF;SEC;SR;OK;TASK000015001450;Priority 4;NA
SCH;BWI;SCH;SR;OK;TASK000015001634;Priority 3;NA
SEC;812;CNC;SR;OK;TASK000015001769;Priority 3;NA
SEC;SYN;SEC;SR;Defect;TASK000015001938;Priority 3;NA
MNT;MNT;FUN;SR;Defect;TASK000015002025;Priority 4;NA
APS;ETH;APS;SR;OK;TASK000015002201;Priority 3;NA
FUN;DXE;FUN;SR;OK;TASK000015002221;Priority 3;NA
TEC;SYN;FUN;SR;OK;TASK000015002258;Priority 3;NA
SEC;MNT;SEC;SR;OK;TASK000015002315;Priority 4;NA
MNT;MNT;FUN;SR;OK;TASK000015002332;Priority 4;NA
FUN;DXE;FUN;SR;OK;TASK000015002397;Priority 3;NA
APS;ETH;APS;SR;OK;TASK000015002416;Priority 3;NA
SEC;BWI;SEC;SR;OK;TASK000015002431;Priority 4;NA
L1;DPY;CNC;SR;OK;TASK000015002790;Priority 3;NA
CNC;812;MON;SR;OK;TASK000015003128;Priority 3;NA
SEC;ETH;SEC;SR;OK;TASK000015003265;Priority 4;NA
SEC;812;SEC;SR;OK;TASK000015003310;Priority 3;NA
FUN;812;FUN;SR;OK;TASK000015003362;Priority 3;NA
FUN;812;FUN;SR;OK;TASK000015003363;Priority 3;NA
FUN;812;FUN;SR;OK;TASK000015003364;Priority 3;NA
SEC;812;SEC;SR;OK;TASK000015003372;Priority 4;NA
SEC;812;SEC;SR;OK;TASK000015003377;Priority 3;NA
SEC;DXE;SEC;SR;OK;TASK000015003422;Priority 3;NA
DBA;812;DBA;SR;OK;TASK000015003473;Priority 3;NA
SEC;DXE;SEC;SR;OK;TASK000015003486;Priority 3;NA
SEC;812;SEC;SR;OK;TASK000015003601;Priority 3;NA
APS;ETH;APS;SR;OK;TASK000015003926;Priority 3;NA
FUN;MNT;FUN;SR;OK;TASK000015004126;Priority 4;NA
APS;ETH;APS;SR;OK;TASK000015004140;Priority 3;NA
FUN;WS;FUN;SR;OK;TASK000015004179;Priority 4;NA
SEC;812;SEC;SR;OK;TASK000015004182;Priority 3;NA
FUN;812;FUN;SR;OK;TASK000015004184;Priority 3;NA
SEC;BWI;SEC;SR;OK;TASK000015004193;Priority 4;NA
DBA;812;DBA;SR;OK;TASK000015004199;Priority 3;NA
APS;ETH;APS;SR;OK;TASK000015004208;Priority 3;NA
SEC;812;SEC;SR;OK;TASK000015004226;Priority 3;NA
SEC;812;SEC;SR;OK;TASK000015004228;Priority 3;NA
SEC;812;SEC;SR;OK;TASK000015004314;Priority 4;NA
DBA;812;DBA;SR;OK;TASK000015004325;Priority 3;NA
SEC;812;SEC;SR;OK;TASK000015004435;Priority 3;NA
SEC;812;SEC;SR;OK;TASK000015004460;Priority 3;NA
SEC;812;SEC;SR;OK;TASK000015004473;Priority 3;NA
SEC;DXE;SEC;SR;OK;TASK000015004514;Priority 4;NA
SEC;DXE;SEC;SR;Defect;TASK000015004515;Priority 3;NA
SEC;DCF;SEC;SR;OK;TASK000015004556;Priority 4;NA
SEC;DCF;SEC;SR;OK;TASK000015004562;Priority 4;NA
SEC;DXE;SEC;SR;OK;TASK000015004672;Priority 4;NA
SEC;812;SEC;SR;OK;TASK000015004712;Priority 4;NA
SEC;812;SEC;SR;OK;TASK000015004744;Priority 3;NA
DBA;812;DBA;SR;OK;TASK000015004791;Priority 3;NA
SEC;812;SEC;SR;OK;TASK000015004926;Priority 3;NA
APS;ETH;APS;SR;OK;TASK000015004974;Priority 3;NA
SEC;DCF;SEC;SR;OK;TASK000015005043;Priority 4;NA
APS;ETH;APS;SR;OK;TASK000015005098;Priority 3;NA
FIN;812;INS;SR;OK;TASK000015005130;Priority 4;NA
APS;ETH;APS;SR;OK;TASK000015005246;Priority 3;NA
SEC;DCF;SEC;SR;OK;TASK000015005277;Priority 4;NA
TEC;SYN;FUN;SR;OK;TASK000015005278;Priority 3;NA
CNC;812;CNC;SR;OK;TASK000015005284;Priority 3;NA
APS;ETH;APS;SR;OK;TASK000015005307;Priority 3;NA
SEC;812;SEC;SR;OK;TASK000015005334;Priority 3;NA
MNT;MNT;FUN;SR;OK;TASK000015005437;Priority 4;NA
SEC;DPY;SEC;SR;OK;TASK000015005489;Priority 4;NA
APS;ETH;APS;SR;OK;TASK000015005568;Priority 3;NA
APS;ETH;APS;SR;OK;TASK000015005579;Priority 3;NA
SEC;SYN;SEC;SR;OK;TASK000015005602;Priority 3;NA
SEC;DCF;SEC;SR;OK;TASK000015005672;Priority 4;NA
SEC;DPY;SEC;SR;OK;TASK000015005767;Priority 4;NA
APS;ETH;APS;SR;OK;TASK000015005824;Priority 3;NA
SEC;DPY;SEC;SR;OK;TASK000015005842;Priority 4;NA
SEC;WS;SEC;SR;OK;TASK000015006023;Priority 3;NA
DBA;812;DBA;SR;OK;TASK000015006062;Priority 3;NA
FUN;EMS;FUN;SR;OK;TASK000015006116;Priority 3;NA
SEC;DPY;SEC;SR;OK;TASK000015006145;Priority 4;NA
APS;ETH;APS;SR;OK;TASK000015006147;Priority 3;NA
APS;ETH;APS;SR;OK;TASK000015006212;Priority 3;NA
DBA;812;DBA;SR;OK;TASK000015006226;Priority 3;NA
FUN;812;FUN;SR;OK;TASK000015006253;Priority 4;NA
SEC;DCF;SEC;SR;OK;TASK000015006313;Priority 4;NA
SEC;MNT;SEC;SR;OK;TASK000015006319;Priority 4;NA
SEC;EES;SEC;SR;OK;TASK000015006407;Priority 4;NA
SEC;SYN;SEC;SR;Defect;TASK000015006412;Priority 3;NA
L1;BWI;L1 ;SR;OK;TASK000015006447;Priority 3;NA
L1;BWI;L1 ;SR;OK;TASK000015006491;Priority 3;NA
SEC;BWI;SEC;SR;OK;TASK000015006538;Priority 4;NA
APS;ETH;APS;SR;Defect;TASK000015006560;Priority 4;NA
FUN;ETH;FUN;SR;OK;TASK000015006608;Priority 3;NA
SEC;BWI;SEC;SR;OK;TASK000015006761;Priority 4;NA
CNC;EES;CNC;SR;OK;TASK000015006813;Priority 3;NA
APS;EES;APS;SR;OK;TASK000015006930;Priority 4;NA
SEC;SYN;SEC;SR;OK;TASK000015006943;Priority 3;NA
SEC;ETH;SEC;SR;OK;TASK000015006947;Priority 4;NA
APS;ETH;APS;SR;OK;TASK000015007137;Priority 3;NA
SEC;BWI;SEC;SR;OK;TASK000015007143;Priority 4;NA
APS;ETH;APS;SR;OK;TASK000015007148;Priority 3;NA
SEC;ETH;SEC;SR;OK;TASK000015007156;Priority 4;NA
SEC;MNT;SEC;SR;OK;TASK000015007303;Priority 4;NA
None;CRD;MON;SR;OK;TASK000015007316;Priority 3;NA
TEC;ETH;FUN;SR;OK;TASK000015007341;Priority 3;NA
TEC;SYN;FUN;SR;OK;TASK000015007388;Priority 3;NA
SEC;BWI;SEC;SR;OK;TASK000015007431;Priority 4;NA
SEC;BWI;SEC;SR;OK;TASK000015007653;Priority 4;NA
SEC;BWI;SEC;SR;OK;TASK000015007674;Priority 4;NA
CNC;DPY;CNC;SR;OK;TASK000015007726;Priority 3;NA
SEC;MNT;SEC;SR;OK;TASK000015007761;Priority 4;NA
SEC;BWI;SEC;SR;OK;TASK000015007789;Priority 4;NA
SEC;BWI;SEC;SR;OK;TASK000015007794;Priority 4;NA
SEC;MNT;SEC;SR;OK;TASK000015007856;Priority 4;NA
SEC;812;SEC;SR;OK;TASK000015008117;Priority 3;NA
L1;MNT;CNC;SR;OK;TASK000015008181;Priority 3;NA
SEC;MNT;SEC;SR;OK;TASK000015008196;Priority 4;NA
SEC;EES;SEC;SR;Defect;TASK000015008410;Priority 3;NA
CNC;812;MON;SR;OK;TASK000015008534;Priority 3;NA
SEC;EES;SEC;SR;OK;TASK000015008858;Priority 4;NA
SEC;812;SEC;SR;OK;TASK000015008864;Priority 3;NA
SEC;812;SEC;SR;OK;TASK000015008882;Priority 4;NA
FUN;DXE;FUN;SR;OK;TASK000015008883;Priority 3;NA
SEC;EES;SEC;SR;OK;TASK000015008893;Priority 4;NA
FUN;812;FUN;SR;OK;TASK000015008897;Priority 4;NA
L1;812;MON;SR;OK;TASK000015008904;Priority 4;NA
FUN;812;FUN;SR;OK;TASK000015008919;Priority 4;NA
FUN;WS;FUN;SR;OK;TASK000015008945;Priority 3;NA
CNC;812;CNC;SR;Defect;TASK000015009028;Priority 4;NA
SEC;812;SEC;SR;OK;TASK000015009153;Priority 3;NA
SEC;812;SEC;SR;OK;TASK000015009160;Priority 4;NA
SEC;EMS;SEC;SR;OK;TASK000015009209;Priority 3;NA
SEC;EMS;SEC;SR;OK;TASK000015009225;Priority 3;NA
SEC;EMS;SEC;SR;OK;TASK000015009234;Priority 3;NA
OPS;WS;OPS;SR;Defect;TASK000015009245;Priority 3;NA
DBA;812;DBA;SR;OK;TASK000015009324;Priority 3;NA
FUN;DCF;FUN;SR;OK;TASK000015009415;Priority 3;NA
SEC;DCF;SEC;SR;OK;TASK000015009484;Priority 4;NA
SEC;DCF;SEC;SR;OK;TASK000015009517;Priority 4;NA
SEC;DCF;SEC;SR;OK;TASK000015009636;Priority 4;NA
SEC;812;SEC;SR;OK;TASK000015009643;Priority 3;NA
FUN;812;FUN;SR;OK;TASK000015009699;Priority 4;NA
SEC;DPY;SEC;SR;OK;TASK000015009711;Priority 4;NA
SEC;EMS;SEC;SR;OK;TASK000015009866;Priority 3;NA
SEC;DCF;SEC;SR;OK;TASK000015009964;Priority 4;NA
SEC;812;SEC;SR;OK;TASK000015010016;Priority 4;NA
APS;ETH;APS;SR;OK;TASK000015010034;Priority 3;NA
DBA;812;DBA;SR;OK;TASK000015010084;Priority 3;NA
SEC;812;SEC;SR;OK;TASK000015010150;Priority 3;NA
FUN;812;FUN;SR;Defect;TASK000015010165;Priority 4;NA
SEC;DCF;SEC;SR;OK;TASK000015010172;Priority 4;NA
APS;EES;APS;SR;OK;TASK000015010175;Priority 4;NA
APS;EES;APS;SR;OK;TASK000015010213;Priority 4;NA
FUN;ETH;FUN;SR;OK;TASK000015010252;Priority 3;NA
SEC;MNT;SEC;SR;OK;TASK000015010260;Priority 4;NA
FUN;812;FUN;SR;OK;TASK000015010474;Priority 4;NA
SEC;812;SEC;SR;OK;TASK000015010663;Priority 3;NA
SEC;DPY;SEC;SR;OK;TASK000015010769;Priority 4;NA
DCF;DCF;FUN;SR;OK;TASK000015010969;Priority 3;NA
SEC;DXE;SEC;SR;OK;TASK000015011094;Priority 4;NA
CNC;ETH;L1 ;SR;OK;TASK000015011233;Priority 3;NA
SEC;812;SEC;SR;OK;TASK000015011277;Priority 3;NA
SEC;MNT;SEC;SR;OK;TASK000015011406;Priority 4;NA
SEC;EES;SEC;SR;OK;TASK000015011442;Priority 4;NA
APS;ETH;APS;SR;OK;TASK000015011604;Priority 4;NA
SEC;BWI;SEC;SR;OK;TASK000015011720;Priority 4;NA
SEC;812;SEC;SR;OK;TASK000015011799;Priority 3;NA
SEC;SYN;SEC;SR;Defect;TASK000015011916;Priority 3;NA
SEC;EMS;SEC;SR;OK;TASK000015012331;Priority 3;NA
SEC;MNT;SEC;SR;OK;TASK000015012554;Priority 4;NA
SEC;DCF;SEC;SR;OK;TASK000015012573;Priority 4;NA
SEC;ETH;SEC;SR;OK;TASK000015012755;Priority 4;NA
TEC;SYN;FUN;SR;OK;TASK000015012876;Priority 3;NA
APS;EES;APS;SR;OK;TASK000015012940;Priority 4;NA
APS;EES;APS;SR;OK;TASK000015012944;Priority 4;NA
SEC;DCF;SEC;SR;OK;TASK000015012980;Priority 4;NA
CNC;BWI;L1 ;SR;OK;TASK000015012999;Priority 3;NA
CNC;EES;CNC;SR;OK;TASK000015013102;Priority 3;NA
SEC;DCF;SEC;SR;OK;TASK000015013387;Priority 4;NA
SEC;DCF;SEC;SR;OK;TASK000015013629;Priority 4;NA
L1;812;MON;SR;OK;TASK000015013742;Priority 3;NA
DBA;812;DBA;SR;OK;TASK000015013885;Priority 3;NA
SCH;812;SCH;SR;OK;TASK000015013886;Priority 3;NA
SEC;812;SEC;SR;OK;TASK000015014105;Priority 3;NA
SEC;812;SEC;SR;OK;TASK000015014214;Priority 3;NA
SEC;812;SEC;SR;OK;TASK000015014247;Priority 3;NA
SEC;812;SEC;SR;OK;TASK000015014266;Priority 3;NA
DBA;812;DBA;SR;OK;TASK000015014268;Priority 3;NA
SEC;812;SEC;SR;OK;TASK000015014402;Priority 3;NA
SEC;812;SEC;SR;OK;TASK000015014520;Priority 3;NA
DBA;812;DBA;SR;OK;TASK000015014685;Priority 3;NA
SEC;812;SEC;SR;OK;TASK000015014736;Priority 3;NA
APS;ETH;APS;SR;OK;TASK000015014912;Priority 3;NA
SEC;812;SEC;SR;OK;TASK000015015009;Priority 3;NA
SEC;DXE;SEC;SR;OK;TASK000015015117;Priority 3;NA
APS;EES;APS;SR;OK;TASK000015015137;Priority 4;NA
APS;EES;APS;SR;OK;TASK000015015309;Priority 4;NA
APS;ETH;APS;SR;OK;TASK000015015319;Priority 3;NA
SEC;EMS;SEC;SR;OK;TASK000015015334;Priority 3;NA
SEC;EMS;SEC;SR;OK;TASK000015015347;Priority 3;NA
SEC;DCF;SEC;SR;OK;TASK000015015487;Priority 4;NA
SEC;SYN;SEC;SR;OK;TASK000015015516;Priority 3;NA
SEC;812;SEC;SR;OK;TASK000015015557;Priority 3;NA
SEC;812;CNC;SR;OK;TASK000015015558;Priority 3;NA
APS;EES;APS;SR;OK;TASK000015015613;Priority 4;NA
APS;EES;APS;SR;OK;TASK000015015856;Priority 3;NA
L1;BWI;L1 ;SR;OK;TASK000015015946;Priority 3;NA
SEC;EMS;SEC;SR;OK;TASK000015015977;Priority 3;NA
CNC;DCF;CNC;SR;OK;TASK000015015984;Priority 3;NA
SEC;812;SEC;SR;OK;TASK000015015993;Priority 3;NA
TEC;SYN;FUN;SR;OK;TASK000015016245;Priority 3;NA
SEC;DXE;SEC;SR;OK;TASK000015016248;Priority 3;NA
TEC;DCF;TEC;SR;OK;TASK000015016359;Priority 3;NA
CNC;ETH;L1 ;SR;OK;TASK000015016436;Priority 3;NA
APS;ETH;APS;SR;OK;TASK000015016523;Priority 3;NA
SEC;SYN;SEC;SR;OK;TASK000015016730;Priority 3;NA
SEC;812;SEC;SR;OK;TASK000015016737;Priority 3;NA
CNC;ETH;L1 ;SR;OK;TASK000015016849;Priority 3;NA
APS;EES;APS;SR;OK;TASK000015017001;Priority 3;NA
SEC;DPY;SEC;SR;OK;TASK000015017035;Priority 3;NA
SEC;MNT;SEC;SR;OK;TASK000015017036;Priority 4;NA
APS;EES;APS;SR;OK;TASK000015017046;Priority 3;NA
APS;EES;APS;SR;OK;TASK000015017080;Priority 3;NA
APS;EES;APS;SR;OK;TASK000015017255;Priority 3;NA
APS;EES;APS;SR;OK;TASK000015017365;Priority 4;NA
APS;EES;APS;SR;OK;TASK000015017387;Priority 4;NA
APS;EES;APS;SR;OK;TASK000015017416;Priority 4;NA
APS;EES;APS;SR;OK;TASK000015017427;Priority 4;NA
APS;EES;APS;SR;OK;TASK000015017429;Priority 4;NA
APS;EES;APS;SR;OK;TASK000015017446;Priority 4;NA
SEC;812;SEC;SR;OK;TASK000015017638;Priority 4;NA
SEC;812;SEC;SR;OK;TASK000015017698;Priority 3;NA
SEC;812;CNC;SR;OK;TASK000015018004;Priority 3;NA
SEC;812;SEC;SR;OK;TASK000015018323;Priority 3;NA
SEC;812;SEC;SR;OK;TASK000015018331;Priority 4;NA
FUN;812;FUN;SR;OK;TASK000015018424;Priority 3;NA
SEC;ETH;SEC;SR;OK;TASK000015018433;Priority 4;NA
SEC;DCF;SEC;SR;OK;TASK000015019582;Priority 4;NA
CNC;812;CNC;SR;OK;TASK000015019673;Priority 3;NA
APS;ETH;APS;SR;OK;TASK000015019686;Priority 4;NA
FUN;812;FUN;SR;OK;TASK000015019697;Priority 3;NA
SEC;812;SEC;SR;OK;TASK000015019755;Priority 4;NA
SEC;DCF;SEC;SR;OK;TASK000015019835;Priority 4;NA
SEC;812;SEC;SR;Defect;TASK000015019872;Priority 3;NA
DBA;812;DBA;SR;OK;TASK000015020173;Priority 3;NA
SEC;812;SEC;SR;OK;TASK000015020307;Priority 4;NA
SEC;DCF;SEC;SR;OK;TASK000015020888;Priority 4;NA
L1;DCF;CNC;SR;OK;TASK000015020936;Priority 3;NA
CNC;812;CNC;SR;OK;TASK000015021091;Priority 3;NA
SEC;812;SEC;SR;OK;TASK000015021483;Priority 3;NA
SEC;ETH;SEC;SR;OK;TASK000015021500;Priority 4;NA
SEC;812;SEC;SR;OK;TASK000015021512;Priority 4;NA
SEC;812;SEC;SR;OK;TASK000015021527;Priority 3;NA
FUN;812;FUN;SR;OK;TASK000015021630;Priority 3;NA
CNC;812;CNC;SR;OK;TASK000015021664;Priority 3;NA
SCH;BWI;SCH;SR;OK;TASK000015021712;Priority 3;NA
CNC;812;CNC;SR;OK;TASK000015021740;Priority 3;NA
SEC;MNT;SEC;SR;OK;TASK000015021800;Priority 4;NA
SEC;MNT;SEC;SR;OK;TASK000015021820;Priority 4;NA
SEC;EES;SEC;SR;OK;TASK000015021859;Priority 4;NA
TEC;ETH;FUN;SR;OK;TASK000015021904;Priority 4;NA
SEC;DXE;SEC;SR;Defect;TASK000015021913;Priority 3;NA
SEC;SYN;SEC;SR;OK;TASK000015021914;Priority 3;NA
APS;ETH;APS;SR;OK;TASK000015021932;Priority 3;NA
TEC;SYN;FUN;SR;OK;TASK000015021949;Priority 3;NA
SEC;SYN;SEC;SR;OK;TASK000015022105;Priority 3;NA
OPS;EMS;OPS;SR;OK;TASK000015022114;Priority 3;NA
SEC;BWI;SEC;SR;OK;TASK000015022188;Priority 4;NA
SEC;EES;SEC;SR;OK;TASK000015022200;Priority 4;NA
SEC;DCF;SEC;SR;OK;TASK000015022206;Priority 4;NA
CNC;812;MON;SR;OK;TASK000015022213;Priority 3;NA
SEC;ETH;SEC;SR;OK;TASK000015022218;Priority 4;NA
SEC;812;SEC;SR;Defect;TASK000015022227;Priority 3;NA
SEC;812;SEC;SR;OK;TASK000015022229;Priority 3;NA
SEC;MNT;SEC;SR;OK;TASK000015022243;Priority 4;NA
CNC;812;MON;SR;OK;TASK000015022273;Priority 3;NA
SEC;EMS;SEC;SR;OK;TASK000015022352;Priority 3;NA
SEC;DXE;SEC;SR;OK;TASK000015022460;Priority 4;NA
SEC;MNT;SEC;SR;OK;TASK000015022513;Priority 4;NA
SEC;812;SEC;SR;OK;TASK000015022589;Priority 3;NA
CNC;812;CNC;SR;OK;TASK000015022591;Priority 3;NA
L1;ETH;L1 ;SR;OK;TASK000015022691;Priority 4;NA
TEC;SYN;FUN;SR;OK;TASK000015022722;Priority 3;NA
FUN;WS;FUN;SR;OK;TASK000015022865;Priority 3;NA
SEC;SYN;SEC;SR;Defect;TASK000015022886;Priority 3;NA
SEC;DCF;SEC;SR;OK;TASK000015022917;Priority 4;NA
APS;ETH;APS;SR;OK;TASK000015022975;Priority 3;NA
L1;MNT;MON;SR;OK;TASK000015022986;Priority 4;NA
SEC;ETH;SEC;SR;OK;TASK000015022999;Priority 4;NA
SEC;BWI;SEC;SR;OK;TASK000015023109;Priority 4;NA
SEC;DCF;SEC;SR;Defect;TASK000015023128;Priority 4;NA
SEC;BWI;SEC;SR;OK;TASK000015023141;Priority 4;NA
CNC;812;CNC;SR;OK;TASK000015023145;Priority 3;NA
SEC;MNT;SEC;SR;OK;TASK000015023229;Priority 4;NA
CNC;EES;CNC;SR;OK;TASK000015023379;Priority 3;NA
FUN;MNT;FUN;SR;OK;TASK000015023415;Priority 3;NA
TEC;SYN;FUN;SR;Defect;TASK000015023417;Priority 3;NA
SEC;SYN;SEC;SR;Defect;TASK000015023453;Priority 3;NA
SEC;DPY;SEC;SR;OK;TASK000015023465;Priority 3;NA
SEC;BWI;SEC;SR;OK;TASK000015023564;Priority 4;NA
SEC;BWI;SEC;SR;OK;TASK000015023567;Priority 4;NA
SEC;BWI;SEC;SR;OK;TASK000015023595;Priority 4;NA
SEC;BWI;SEC;SR;OK;TASK000015023620;Priority 4;NA
SEC;MNT;SEC;SR;OK;TASK000015023679;Priority 4;NA
SEC;BWI;SEC;SR;OK;TASK000015023682;Priority 4;NA
SEC;812;SEC;SR;OK;TASK000015023925;Priority 3;NA
CNC;812;MON;SR;OK;TASK000015024292;Priority 3;NA
SEC;812;SEC;SR;OK;TASK000015024373;Priority 3;NA
SEC;EMS;SEC;SR;OK;TASK000015024589;Priority 3;NA
L1;812;MON;SR;OK;TASK000015024718;Priority 3;NA
SEC;812;SEC;SR;OK;TASK000015024918;Priority 3;NA
SEC;812;SEC;SR;OK;TASK000015025177;Priority 3;NA
SEC;EMS;SEC;SR;OK;TASK000015025310;Priority 3;NA
SEC;812;SEC;SR;OK;TASK000015025548;Priority 3;NA
SEC;DXE;SEC;SR;OK;TASK000015025552;Priority 4;NA
FUN;812;FUN;SR;OK;TASK000015025697;Priority 3;NA
SEC;MNT;SEC;SR;OK;TASK000015025762;Priority 4;NA
DCF;DCF;FUN;SR;OK;TASK000015025789;Priority 3;NA
SEC;812;SEC;SR;OK;TASK000015025886;Priority 4;NA
SEC;812;SEC;SR;OK;TASK000015025900;Priority 3;NA
SEC;DCF;SEC;SR;OK;TASK000015025939;Priority 4;NA
SEC;812;SEC;SR;Defect;TASK000015026039;Priority 3;NA
SEC;812;SEC;SR;OK;TASK000015026051;Priority 3;NA
APS;ETH;APS;SR;OK;TASK000015026209;Priority 3;NA
APS;ETH;APS;SR;OK;TASK000015026226;Priority 3;NA
SEC;BWI;SEC;SR;OK;TASK000015026351;Priority 4;NA
FUN;812;FUN;SR;OK;TASK000015026377;Priority 3;NA
SEC;DCF;SEC;SR;OK;TASK000015026418;Priority 4;NA
TEC;ETH;FUN;SR;OK;TASK000015026755;Priority 4;NA
SEC;SYN;SEC;SR;OK;TASK000015026841;Priority 3;NA
SEC;812;SEC;SR;Defect;TASK000015026864;Priority 3;NA
SEC;MNT;SEC;SR;OK;TASK000015027019;Priority 4;NA
SEC;BWI;SEC;SR;OK;TASK000015027082;Priority 4;NA
SEC;SYN;SEC;SR;OK;TASK000015027099;Priority 3;NA
MNT;MNT;FUN;SR;OK;TASK000015027110;Priority 4;NA
FIN;812;FUN;SR;OK;TASK000015027147;Priority 4;NA
CNC;812;CNC;SR;OK;TASK000015027213;Priority 3;NA
TEC;SYN;FUN;SR;OK;TASK000015027223;Priority 3;NA
SEC;EES;SEC;SR;OK;TASK000015027444;Priority 4;NA
APS;ETH;APS;SR;OK;TASK000015027514;Priority 3;NA
FUN;812;FUN;SR;OK;TASK000015027703;Priority 4;NA
SEC;812;SEC;SR;OK;TASK000015027747;Priority 4;NA
APS;ETH;APS;SR;OK;TASK000015027787;Priority 3;NA
APS;ETH;APS;SR;OK;TASK000015027835;Priority 4;NA
CNC;ETH;CNC;SR;OK;TASK000015027893;Priority 3;NA
SEC;EES;SEC;SR;OK;TASK000015027947;Priority 4;NA
SEC;BWI;SEC;SR;OK;TASK000015028245;Priority 4;NA
FUN;MNT;FUN;SR;OK;TASK000015028364;Priority 3;NA
TEC;SYN;FUN;SR;OK;TASK000015028409;Priority 3;NA
TEC;SYN;FUN;SR;Defect;TASK000015028487;Priority 3;NA
TEC;ETH;FUN;SR;OK;TASK000015028558;Priority 4;NA
SEC;EES;SEC;SR;OK;TASK000015028625;Priority 3;NA
SEC;SYN;SEC;SR;OK;TASK000015028632;Priority 3;NA
FUN;MNT;FUN;SR;OK;TASK000015028707;Priority 3;NA
SEC;ETH;SEC;SR;OK;TASK000015029001;Priority 4;NA
SEC;ETH;SEC;SR;OK;TASK000015029011;Priority 4;NA
SEC;ETH;SEC;SR;OK;TASK000015029019;Priority 4;NA
APS;ETH;APS;SR;OK;TASK000015029149;Priority 3;NA
APS;ETH;APS;SR;OK;TASK000015029160;Priority 3;NA
APS;ETH;APS;SR;OK;TASK000015029384;Priority 3;NA
APS;ETH;APS;SR;OK;TASK000015029956;Priority 3;NA
SEC;812;SEC;SR;OK;TASK000015030178;Priority 3;NA
FUN;812;FUN;SR;OK;TASK000015030200;Priority 4;NA
SEC;MNT;SEC;SR;OK;TASK000015030214;Priority 4;NA
SEC;812;SEC;SR;Defect;TASK000015030251;Priority 3;NA
SEC;812;SEC;SR;OK;TASK000015030304;Priority 3;NA
SEC;DXE;SEC;SR;Defect;TASK000015030328;Priority 3;NA
SEC;SYN;SEC;SR;Defect;TASK000015030490;Priority 3;NA
SEC;SYN;SEC;SR;Defect;TASK000015030493;Priority 3;NA
SEC;SYN;SEC;SR;Defect;TASK000015030495;Priority 3;NA
SEC;812;SEC;SR;OK;TASK000015030722;Priority 3;NA
FUN;812;FUN;SR;OK;TASK000015030908;Priority 3;NA
SEC;DXE;SEC;SR;Defect;TASK000015030921;Priority 3;NA
SEC;812;SEC;SR;OK;TASK000015030922;Priority 3;NA
SEC;DXE;SEC;SR;Defect;TASK000015030993;Priority 3;NA
SEC;812;SEC;SR;OK;TASK000015031033;Priority 3;NA
APS;EES;APS;SR;Defect;TASK000015031044;Priority 4;NA
APS;ETH;APS;SR;OK;TASK000015031070;Priority 4;NA
SEC;DCF;SEC;SR;OK;TASK000015031191;Priority 4;NA
SEC;812;SEC;SR;OK;TASK000015031389;Priority 3;NA
SEC;MNT;SEC;SR;OK;TASK000015031403;Priority 4;NA
CNC;812;MON;SR;OK;TASK000015031404;Priority 3;NA
CNC;812;MON;SR;OK;TASK000015031426;Priority 3;NA
CNC;BWI;L1 ;SR;OK;TASK000015031543;Priority 3;NA
CNC;BWI;L1 ;SR;OK;TASK000015031552;Priority 3;NA
SEC;812;SEC;SR;Defect;TASK000015031564;Priority 3;NA
APS;ETH;APS;SR;OK;TASK000015031622;Priority 3;NA
FUN;812;FUN;SR;OK;TASK000015031649;Priority 3;NA
FUN;MNT;FUN;INC;OK;TASK000015031650;Priority 4;NA
FUN;812;FUN;SR;Defect;TASK000015031651;Priority 3;NA
APS;ETH;APS;SR;OK;TASK000015031679;Priority 3;NA
CNC;BWI;L1 ;SR;OK;TASK000015031707;Priority 3;NA
SEC;812;SEC;SR;OK;TASK000015031797;Priority 3;NA
APS;ETH;APS;SR;OK;TASK000015031805;Priority 3;NA
FUN;MNT;FUN;SR;OK;TASK000015031856;Priority 3;NA
APS;ETH;APS;SR;OK;TASK000015031955;Priority 3;NA
DCF;DCF;FUN;SR;OK;TASK000015032147;Priority 3;NA
SEC;812;SEC;SR;OK;TASK000015032154;Priority 3;NA
TEC;DCF;TEC;SR;OK;TASK000015032170;Priority 3;NA
SEC;SYN;SEC;SR;OK;TASK000015032178;Priority 3;NA
SEC;ETH;SEC;SR;OK;TASK000015032186;Priority 4;NA
DCF;DCF;FUN;SR;OK;TASK000015032214;Priority 3;NA
TEC;SYN;FUN;SR;OK;TASK000015032404;Priority 3;NA
SEC;DCF;SEC;SR;OK;TASK000015032448;Priority 4;NA
L1;DPY;CNC;SR;OK;TASK000015032814;Priority 3;NA
TEC;SYN;FUN;SR;OK;TASK000015032834;Priority 3;NA
CNC;812;MON;SR;OK;TASK000015032849;Priority 3;NA
SEC;812;SEC;SR;OK;TASK000015032852;Priority 3;NA
FUN;ETH;FUN;SR;OK;TASK000015032989;Priority 3;NA
APS;ETH;APS;SR;OK;TASK000015033095;Priority 3;NA
SEC;SYN;SEC;SR;OK;TASK000015033110;Priority 3;NA
APS;ETH;APS;SR;OK;TASK000015033359;Priority 3;NA
SEC;BWI;SEC;SR;OK;TASK000015033575;Priority 4;NA
SEC;BWI;SEC;SR;OK;TASK000015033593;Priority 4;NA
FUN;812;FUN;SR;OK;TASK000015033690;Priority 3;NA
SEC;ETH;SEC;SR;OK;TASK000015033776;Priority 4;NA
L1;812;MON;SR;OK;TASK000015034647;Priority 3;NA
FUN;EMS;FUN;SR;OK;TASK000015034784;Priority 3;NA
L1;MNT;MON;SR;OK;TASK000015034794;Priority 3;NA
SEC;DCF;SEC;SR;OK;TASK000015034805;Priority 4;NA
APS;ETH;APS;SR;OK;TASK000015035009;Priority 3;NA
APS;ETH;APS;SR;OK;TASK000015035108;Priority 3;NA
FUN;812;FUN;SR;OK;TASK000015035145;Priority 4;NA
SEC;EMS;SEC;SR;OK;TASK000015035240;Priority 3;NA
SEC;812;SEC;SR;OK;TASK000015035259;Priority 3;NA
CNC;812;CNC;SR;OK;TASK000015035411;Priority 3;NA
DBA;812;DBA;SR;OK;TASK000015035464;Priority 3;NA
SEC;DCF;SEC;SR;OK;TASK000015035701;Priority 4;NA
FUN;812;FUN;SR;OK;TASK000015035733;Priority 3;NA
FUN;812;FUN;SR;OK;TASK000015035734;Priority 3;NA
FUN;812;FUN;SR;OK;TASK000015035735;Priority 3;NA
FUN;812;FUN;SR;OK;TASK000015035746;Priority 3;NA
FUN;812;FUN;SR;OK;TASK000015035752;Priority 3;NA
FUN;812;FUN;SR;OK;TASK000015035755;Priority 3;NA
OPS;EMS;OPS;SR;OK;TASK000015035761;Priority 3;NA
FUN;812;FUN;SR;OK;TASK000015035970;Priority 3;NA
SEC;SYN;SEC;SR;OK;TASK000015036000;Priority 3;NA
L1;LAT;CNC;SR;OK;TASK000015036055;Priority 3;NA
SEC;EMS;SEC;SR;OK;TASK000015036119;Priority 4;NA
APS;ETH;APS;SR;OK;TASK000015036254;Priority 3;NA
SEC;812;SEC;SR;OK;TASK000015036373;Priority 3;NA
CNC;812;MON;SR;OK;TASK000015036451;Priority 3;NA
DBA;812;DBA;SR;OK;TASK000015036526;Priority 3;NA
SEC;812;SEC;SR;OK;TASK000015036735;Priority 3;NA
SEC;ETH;SEC;SR;OK;TASK000015036974;Priority 4;NA
APS;ETH;APS;SR;OK;TASK000015037186;Priority 3;NA
SEC;812;SEC;SR;OK;TASK000015037226;Priority 3;NA
FUN;812;FUN;INC;OK;TASK000015037255;Priority 3;NA
SEC;DPY;SEC;SR;OK;TASK000015037261;Priority 4;NA
SEC;DCF;CNC;SR;OK;TASK000015037277;Priority 3;NA
OPS;EMS;OPS;SR;OK;TASK000015037351;Priority 3;NA
SEC;BWI;SEC;SR;OK;TASK000015037438;Priority 4;NA
SEC;BWI;SEC;SR;OK;TASK000015037499;Priority 3;NA
SEC;DXE;SEC;SR;OK;TASK000015037501;Priority 3;NA
SEC;DCF;SEC;SR;OK;TASK000015037578;Priority 4;NA
SEC;ETH;SEC;SR;OK;TASK000015037598;Priority 4;NA
SEC;DCF;SEC;SR;OK;TASK000015037671;Priority 4;NA
CNC;DPY;L1 ;SR;OK;TASK000015037842;Priority 3;NA
SEC;DPY;SEC;SR;OK;TASK000015037913;Priority 4;NA
SEC;DPY;SEC;SR;OK;TASK000015037944;Priority 4;NA
CNC;BWI;L1 ;SR;OK;TASK000015038566;Priority 3;NA
SEC;MNT;SEC;SR;OK;TASK000015038575;Priority 4;NA
SEC;ETH;SEC;SR;OK;TASK000015038579;Priority 4;NA
SEC;BWI;SEC;SR;OK;TASK000015038588;Priority 4;NA
DBA;812;DBA;SR;OK;TASK000015038670;Priority 3;NA
CNC;BWI;L1 ;SR;OK;TASK000015038733;Priority 3;NA
SEC;EES;SEC;SR;OK;TASK000015039331;Priority 3;NA
L1;MNT;MON;SR;OK;TASK000015039453;Priority 3;NA
SEC;812;SEC;SR;OK;TASK000015039545;Priority 3;NA
L1;812;MON;SR;OK;TASK000015039558;Priority 3;NA
CNC;DPY;CNC;SR;OK;TASK000015039679;Priority 3;NA
L1;812;MON;SR;OK;TASK000015039683;Priority 3;NA
SEC;MNT;SEC;SR;OK;TASK000015039691;Priority 4;NA
FUN;812;FUN;SR;OK;TASK000015039784;Priority 4;NA
CNC;812;CNC;SR;OK;TASK000015039838;Priority 3;NA
CNC;812;CNC;SR;OK;TASK000015039950;Priority 3;NA
FUN;812;FUN;SR;OK;TASK000015039983;Priority 3;NA
FUN;DXE;FUN;SR;OK;TASK000015040099;Priority 3;NA
FUN;812;FUN;SR;OK;TASK000015040138;Priority 3;NA
SCH;812;SCH;SR;OK;TASK000015040438;Priority 3;NA
FUN;812;FUN;SR;OK;TASK000015040441;Priority 3;NA
SEC;812;SEC;SR;OK;TASK000015040540;Priority 3;NA
SEC;EES;CNC;SR;OK;TASK000015040735;Priority 3;NA
SEC;MNT;SEC;SR;OK;TASK000015040738;Priority 4;NA
FUN;DXE;FUN;SR;OK;TASK000015040776;Priority 3;NA
SEC;MNT;SEC;SR;OK;TASK000015040800;Priority 4;NA
SEC;SYN;SEC;SR;OK;TASK000015040831;Priority 3;NA
SEC;EMS;SEC;SR;OK;TASK000015040834;Priority 3;NA
CNC;MNT;MON;SR;OK;TASK000015040865;Priority 3;NA
CNC;DPY;CNC;SR;OK;TASK000015040899;Priority 3;NA
APS;ETH;APS;SR;OK;TASK000015040907;Priority 3;NA
SEC;DXE;SEC;SR;OK;TASK000015040917;Priority 3;NA
SEC;EMS;SEC;SR;OK;TASK000015040944;Priority 4;NA
SEC;ETH;SEC;SR;OK;TASK000015041097;Priority 4;NA
SEC;ETH;SEC;SR;OK;TASK000015041199;Priority 4;NA
SEC;DCF;SEC;SR;OK;TASK000015041266;Priority 4;NA
SEC;DXE;SEC;SR;OK;TASK000015041600;Priority 3;NA
FUN;MNT;FUN;SR;OK;TASK000015041636;Priority 4;NA
None;MNT;FUN;SR;OK;TASK000015041647;Priority 3;NA
SEC;MNT;SEC;SR;OK;TASK000015041751;Priority 4;NA
SEC;BWI;SEC;SR;OK;TASK000015041761;Priority 4;NA
TEC;SYN;FUN;SR;OK;TASK000015041955;Priority 3;NA
SEC;MNT;SEC;SR;OK;TASK000015041997;Priority 4;NA
SEC;MNT;SEC;SR;OK;TASK000015042058;Priority 4;NA
SEC;DCF;SEC;SR;OK;TASK000015042157;Priority 4;NA
SEC;BWI;SEC;SR;OK;TASK000015042158;Priority 4;NA
SEC;BWI;SEC;SR;OK;TASK000015042186;Priority 4;NA
SEC;EMS;SEC;SR;OK;TASK000015042219;Priority 3;NA
APS;ETH;APS;SR;OK;TASK000015042267;Priority 3;NA
APS;EES;APS;SR;OK;TASK000015042289;Priority 4;NA
SEC;MNT;SEC;SR;OK;TASK000015042296;Priority 4;NA
APS;ETH;APS;SR;OK;TASK000015042350;Priority 3;NA
CNC;ETH;L1 ;SR;OK;TASK000015042645;Priority 3;NA
SEC;BWI;SEC;SR;OK;TASK000015042756;Priority 4;NA
APS;ETH;APS;SR;OK;TASK000015042802;Priority 3;NA
SEC;BWI;SEC;SR;OK;TASK000015042812;Priority 4;NA
DBA;812;DBA;SR;OK;TASK000015042925;Priority 3;NA
SEC;MNT;SEC;SR;OK;TASK000015042991;Priority 4;NA
L1;BWI;L1 ;SR;OK;TASK000015043095;Priority 3;NA
DBA;812;DBA;SR;OK;TASK000015043123;Priority 3;NA
SEC;DXE;SEC;SR;OK;TASK000015043266;Priority 4;NA
SEC;DCF;SEC;SR;OK;TASK000015043278;Priority 4;NA
SEC;DCF;SEC;SR;OK;TASK000015043280;Priority 4;NA
SEC;DXE;SEC;SR;Defect;TASK000015043285;Priority 3;NA
SEC;DXE;SEC;SR;Defect;TASK000015043289;Priority 3;NA
SEC;BWI;SEC;SR;OK;TASK000015043313;Priority 4;NA
SEC;BWI;SEC;SR;OK;TASK000015043333;Priority 4;NA
SEC;EES;SEC;SR;OK;TASK000015043546;Priority 4;NA
SEC;MNT;SEC;SR;OK;TASK000015045880;Priority 4;NA
SEC;MNT;SEC;SR;OK;TASK000015045923;Priority 4;NA
SEC;MNT;SEC;SR;OK;TASK000015046005;Priority 4;NA
SEC;MNT;SEC;SR;OK;TASK000015046077;Priority 4;NA
SEC;MNT;SEC;SR;OK;TASK000015046078;Priority 4;NA
FUN;812;FUN;SR;OK;TASK000015046410;Priority 4;NA
SEC;DCF;SEC;SR;OK;TASK000015046593;Priority 4;NA
SEC;MNT;SEC;SR;OK;TASK000015046978;Priority 4;NA
SEC;DCF;SEC;SR;OK;TASK000015047103;Priority 4;NA
SEC;BWI;SEC;SR;OK;TASK000015047277;Priority 4;NA
SEC;BWI;SEC;SR;OK;TASK000015047352;Priority 4;NA
SEC;BWI;SEC;SR;OK;TASK000015047392;Priority 4;NA
FUN;812;FUN;SR;OK;TASK000015047814;Priority 4;NA
SEC;ETH;SEC;SR;OK;TASK000015047854;Priority 4;NA
SEC;BWI;SEC;SR;OK;TASK000015048094;Priority 4;NA
SEC;ETH;SEC;SR;OK;TASK000015048331;Priority 4;NA
SEC;MNT;SEC;SR;OK;TASK000015049153;Priority 4;NA
FUN;WS;FUN;SR;OK;TASK000015049447;Priority 4;NA
SEC;BWI;SEC;SR;OK;TASK000015049486;Priority 4;NA
SEC;EES;SEC;SR;OK;TASK000015049773;Priority 4;NA
SEC;ETH;SEC;SR;OK;TASK000015049824;Priority 4;NA
SEC;EES;SEC;SR;OK;TASK000015049901;Priority 4;NA
APS;DCF;APS;SR;OK;TASK000015050618;Priority 4;NA
SEC;812;SEC;SR;OK;TASK000015051363;Priority 4;NA
FUN;EMS;FUN;SR;OK;TASK000015051388;Priority 4;NA
SEC;ETH;SEC;SR;OK;TASK000015051624;Priority 4;NA
SEC;DCF;SEC;SR;OK;TASK000015051794;Priority 4;NA
SEC;MNT;SEC;SR;OK;TASK000015052331;Priority 4;NA
SEC;ETH;SEC;SR;OK;TASK000015052578;Priority 4;NA
SEC;812;SEC;SR;OK;TASK000015052599;Priority 4;NA
SEC;DCF;SEC;SR;OK;TASK000015052672;Priority 4;NA
APS;ETH;APS;SR;OK;TASK000015053280;Priority 4;NA
SEC;EES;SEC;SR;OK;TASK000015053293;Priority 4;NA
SEC;DPY;SEC;SR;OK;TASK000015054126;Priority 4;NA
SEC;BWI;SEC;SR;OK;TASK000015054401;Priority 4;NA
SEC;DCF;SEC;SR;OK;TASK000015054460;Priority 4;NA
SEC;DCF;SEC;SR;OK;TASK000015054480;Priority 4;NA
SEC;DCF;SEC;SR;OK;TASK000015054523;Priority 4;NA
SEC;BWI;SEC;SR;OK;TASK000015054653;Priority 4;NA
SEC;MNT;SEC;SR;OK;TASK000015054655;Priority 4;NA
SEC;DCF;SEC;SR;OK;TASK000015054736;Priority 4;NA
FUN;MNT;FUN;SR;OK;TASK000015054911;Priority 4;NA
SEC;ETH;SEC;SR;OK;TASK000015054949;Priority 4;NA
SEC;BWI;SEC;SR;OK;TASK000015054958;Priority 4;NA
SEC;EMS;SEC;SR;OK;TASK000015055757;Priority 4;NA
CNC;BWI;L1 ;SR;OK;TASK000015055788;Priority 3;NA
FUN;812;FUN;SR;OK;TASK000015055956;Priority 4;NA
SEC;LAT;SEC;SR;Defect;TASK000015056075;Priority 4;NA
APS;ETH;APS;SR;OK;TASK000015056156;Priority 3;NA
SEC;DCF;SEC;SR;OK;TASK000015056224;Priority 4;NA
DBA;812;DBA;SR;OK;TASK000015056307;Priority 3;NA
FIN;812;FUN;SR;OK;TASK000015056399;Priority 4;NA
SEC;ETH;SEC;SR;OK;TASK000015056412;Priority 4;NA
APS;ETH;APS;SR;OK;TASK000015056477;Priority 3;NA
FUN;812;FUN;SR;OK;TASK000015056530;Priority 4;NA
APS;ETH;APS;SR;OK;TASK000015056583;Priority 3;NA
CNC;812;CNC;SR;OK;TASK000015056634;Priority 3;NA
SEC;812;SEC;SR;OK;TASK000015056787;Priority 3;NA
L1;812;MON;SR;OK;TASK000015056804;Priority 3;NA
SEC;812;SEC;SR;OK;TASK000015056812;Priority 4;NA
SEC;812;SEC;SR;OK;TASK000015057005;Priority 3;NA
SEC;DCF;SEC;SR;OK;TASK000015057081;Priority 4;NA
DBA;812;DBA;SR;OK;TASK000015057169;Priority 3;NA
CNC;BWI;L1 ;SR;OK;TASK000015057200;Priority 3;NA
SEC;EMS;SEC;SR;OK;TASK000015057281;Priority 3;NA
FIN;812;FUN;SR;OK;TASK000015057291;Priority 4;NA
DCF;DCF;FUN;SR;OK;TASK000015057335;Priority 3;NA
SCH;812;SCH;SR;OK;TASK000015057472;Priority 3;NA
SCH;812;SCH;SR;OK;TASK000015057487;Priority 3;NA
SEC;812;SEC;SR;OK;TASK000015057603;Priority 3;NA
SEC;SYN;SEC;SR;OK;TASK000015057690;Priority 3;NA
APS;ETH;APS;SR;OK;TASK000015057791;Priority 3;NA
0;BWI;L1 ;SR;OK;TASK000015057945;Priority 3;NA
TEC;ETH;TEC;SR;OK;TASK000015057962;Priority 3;NA
APS;ETH;APS;SR;OK;TASK000015057970;Priority 3;NA
SEC;BWI;SEC;SR;OK;TASK000015058132;Priority 4;NA
SEC;SYN;SEC;SR;Defect;TASK000015058149;Priority 3;NA
CNC;DPY;CNC;SR;OK;TASK000015058246;Priority 3;NA
APS;ETH;APS;SR;OK;TASK000015058432;Priority 3;NA
SEC;DCF;SEC;SR;OK;TASK000015058485;Priority 4;NA
SEC;DCF;SEC;SR;OK;TASK000015058613;Priority 4;NA
APS;ETH;APS;SR;OK;TASK000015058685;Priority 3;NA
SEC;DCF;SEC;SR;Defect;TASK000015058702;Priority 4;NA
APS;ETH;APS;SR;OK;TASK000015058753;Priority 3;NA
CNC;ETH;CNC;SR;OK;TASK000015058804;Priority 3;NA
FUN;DXE;FUN;SR;OK;TASK000015058891;Priority 3;NA
FUN;812;FUN;SR;OK;TASK000015058892;Priority 3;NA
FUN;DXE;FUN;SR;OK;TASK000015058897;Priority 3;NA
SEC;812;SEC;SR;OK;TASK000015058915;Priority 4;NA
SEC;812;SEC;SR;OK;TASK000015059033;Priority 4;NA
SEC;SYN;SEC;SR;Defect;TASK000015059066;Priority 3;NA
SEC;SYN;SEC;SR;OK;TASK000015059084;Priority 3;NA
L1;BWI;L1 ;SR;OK;TASK000015059131;Priority 3;NA
FUN;812;FUN;SR;OK;TASK000015059134;Priority 3;NA
SEC;SYN;SEC;SR;OK;TASK000015059139;Priority 3;NA
SCH;812;SCH;SR;OK;TASK000015059191;Priority 3;NA
FUN;812;FUN;SR;Defect;TASK000015059270;Priority 4;NA
SEC;SYN;SEC;SR;OK;TASK000015059284;Priority 3;NA
CNC;812;CNC;SR;OK;TASK000015059373;Priority 3;NA
SEC;BWI;SEC;SR;OK;TASK000015059427;Priority 4;NA
CNC;ETH;CNC;SR;OK;TASK000015059436;Priority 3;NA
SEC;812;SEC;SR;Defect;TASK000015059753;Priority 3;NA
FUN;812;FUN;SR;OK;TASK000015059777;Priority 4;NA
SEC;BWI;SEC;SR;OK;TASK000015060049;Priority 4;NA
TEC;SYN;FUN;SR;OK;TASK000015060092;Priority 3;NA
TEC;SYN;FUN;SR;OK;TASK000015060128;Priority 3;NA
SEC;EMS;SEC;SR;Defect;TASK000015060233;Priority 3;NA
SEC;EES;SEC;SR;OK;TASK000015060295;Priority 4;NA
SEC;BWI;SEC;SR;OK;TASK000015060376;Priority 4;NA
SEC;BWI;SEC;SR;OK;TASK000015060587;Priority 4;NA
SEC;DXE;SEC;SR;OK;TASK000015060793;Priority 4;NA
CNC;812;MON;SR;OK;TASK000015060990;Priority 3;NA
L1;812;MON;SR;OK;TASK000015061222;Priority 3;NA
FUN;812;FUN;SR;OK;TASK000015061304;Priority 4;NA
DBA;812;DBA;SR;OK;TASK000015061339;Priority 3;NA
DBA;812;DBA;SR;OK;TASK000015061401;Priority 3;NA
DBA;812;DBA;SR;OK;TASK000015061432;Priority 3;NA
APS;ETH;APS;SR;OK;TASK000015061636;Priority 3;NA
APS;ETH;APS;SR;OK;TASK000015061692;Priority 3;NA
FIN;812;FUN;SR;OK;TASK000015061740;Priority 3;NA
DBA;812;DBA;SR;OK;TASK000015061772;Priority 3;NA
OPS;WS;OPS;SR;Defect;TASK000015062011;Priority 4;NA
DBA;812;DBA;SR;OK;TASK000015062235;Priority 3;NA
SCH;812;SCH;SR;OK;TASK000015062276;Priority 3;NA
SEC;DCF;SEC;SR;OK;TASK000015062368;Priority 4;NA
SEC;812;SEC;SR;OK;TASK000015062463;Priority 4;NA
APS;EES;APS;SR;OK;TASK000015062492;Priority 4;NA
APS;ETH;APS;SR;OK;TASK000015062628;Priority 3;NA
SCH;812;SCH;SR;OK;TASK000015062629;Priority 3;NA
SCH;812;SCH;SR;OK;TASK000015062636;Priority 3;NA
CNC;812;CNC;SR;OK;TASK000015062639;Priority 3;NA
SCH;812;SCH;SR;OK;TASK000015062645;Priority 3;NA
SCH;812;SCH;SR;OK;TASK000015062707;Priority 3;NA
CNC;812;CNC;SR;OK;TASK000015062786;Priority 3;NA
SEC;EES;SEC;SR;OK;TASK000015062863;Priority 4;NA
0;BWI;L1 ;SR;OK;TASK000015062914;Priority 3;NA
FUN;DXE;FUN;SR;OK;TASK000015062929;Priority 4;NA
APS;ETH;APS;SR;OK;TASK000015062977;Priority 3;NA
FUN;ETH;FUN;SR;OK;TASK000015063129;Priority 3;NA
SEC;EMS;SEC;SR;OK;TASK000015063415;Priority 3;NA
DCF;DCF;FUN;SR;OK;TASK000015063430;Priority 4;NA
CNC;812;CNC;SR;OK;TASK000015063451;Priority 3;NA
0;BWI;L1 ;SR;OK;TASK000015063462;Priority 3;NA
SEC;SYN;SEC;SR;Defect;TASK000015063491;Priority 3;NA
SEC;SYN;SEC;SR;Defect;TASK000015063499;Priority 3;NA
CNC;812;CNC;SR;OK;TASK000015063557;Priority 3;NA
L1;SYN;FUN;SR;OK;TASK000015063596;Priority 3;NA
SEC;812;SEC;SR;OK;TASK000015063679;Priority 3;NA
SEC;DCF;SEC;SR;OK;TASK000015063728;Priority 4;NA
SEC;DCF;SEC;SR;OK;TASK000015063780;Priority 4;NA
CNC;812;CNC;SR;OK;TASK000015063805;Priority 3;NA
FUN;812;FUN;SR;OK;TASK000015064020;Priority 3;NA
FUN;MNT;FUN;SR;OK;TASK000015064029;Priority 3;NA
SEC;BWI;SEC;SR;OK;TASK000015064192;Priority 4;NA
SEC;DCF;SEC;SR;OK;TASK000015064331;Priority 4;NA
SEC;ETH;SEC;SR;OK;TASK000015064337;Priority 4;NA
SEC;SYN;SEC;SR;OK;TASK000015064405;Priority 3;NA
SEC;BWI;SEC;SR;OK;TASK000015064497;Priority 4;NA
SEC;BWI;SEC;SR;OK;TASK000015064530;Priority 4;NA
SEC;BWI;SEC;SR;OK;TASK000015064595;Priority 4;NA
SEC;MNT;SEC;SR;OK;TASK000015064602;Priority 4;NA
SEC;DPY;SEC;SR;OK;TASK000015064670;Priority 4;NA
SEC;BWI;SEC;SR;Defect;TASK000015064893;Priority 4;NA
0;BWI;L1 ;SR;OK;TASK000015064898;Priority 3;NA
TEC;SYN;FUN;SR;OK;TASK000015064901;Priority 3;NA
SEC;BWI;SEC;SR;OK;TASK000015064966;Priority 4;NA
SEC;812;SEC;SR;OK;TASK000015064968;Priority 3;NA
0;BWI;L1 ;SR;OK;TASK000015064970;Priority 3;NA
L1;EES;CNC;SR;OK;TASK000015065143;Priority 4;NA
FUN;MNT;FUN;SR;Defect;TASK000015065155;Priority 4;NA
L1;ETH;CNC;SR;OK;TASK000015065320;Priority 3;NA
FUN;812;FUN;SR;OK;TASK000015065676;Priority 3;NA
FUN;812;FUN;SR;OK;TASK000015066122;Priority 4;NA
APS;ETH;APS;SR;OK;TASK000015066359;Priority 4;NA
DBA;812;DBA;SR;OK;TASK000015066396;Priority 3;NA
SEC;812;SEC;SR;Defect;TASK000015066501;Priority 3;NA
SEC;812;SEC;SR;OK;TASK000015066502;Priority 4;NA
SEC;812;SEC;SR;OK;TASK000015066504;Priority 3;NA
DBA;812;DBA;SR;OK;TASK000015066505;Priority 3;NA
SEC;812;SEC;SR;OK;TASK000015066506;Priority 3;NA
SEC;812;SEC;SR;Defect;TASK000015066507;Priority 3;NA
SEC;812;SEC;SR;OK;TASK000015066508;Priority 4;NA
SEC;812;SEC;SR;Defect;TASK000015066510;Priority 3;NA
SEC;MNT;SEC;SR;OK;TASK000015066539;Priority 4;NA
SEC;EMS;SEC;SR;OK;TASK000015066642;Priority 3;NA
APS;ETH;APS;SR;OK;TASK000015066934;Priority 3;NA
FUN;812;FUN;SR;OK;TASK000015067044;Priority 3;NA
SEC;DXE;SEC;SR;OK;TASK000015067052;Priority 4;NA
APS;ETH;APS;SR;OK;TASK000015067054;Priority 3;NA
SEC;DXE;SEC;SR;Defect;TASK000015067099;Priority 3;NA
SEC;SYN;SEC;SR;OK;TASK000015067110;Priority 3;NA
SEC;BWI;SEC;SR;OK;TASK000015067139;Priority 4;NA
SEC;BWI;SEC;SR;OK;TASK000015067212;Priority 4;NA
TEC;DCF;TEC;SR;OK;TASK000015067243;Priority 3;NA
SCH;812;SCH;SR;OK;TASK000015067337;Priority 3;NA
SEC;BWI;SEC;SR;Defect;TASK000015067341;Priority 3;NA
FUN;812;FUN;SR;OK;TASK000015067355;Priority 4;NA
SEC;812;SEC;SR;OK;TASK000015067659;Priority 3;NA
SEC;MNT;SEC;SR;OK;TASK000015067715;Priority 4;NA
SEC;BWI;SEC;SR;OK;TASK000015067825;Priority 4;NA
DCF;DCF;FUN;SR;OK;TASK000015067898;Priority 3;NA
L1;BWI;L1 ;SR;OK;TASK000015067945;Priority 3;NA
SCH;812;SCH;SR;OK;TASK000015067960;Priority 3;NA
SCH;812;SCH;SR;OK;TASK000015067976;Priority 3;NA
SCH;812;SCH;SR;OK;TASK000015067987;Priority 3;NA
SEC;MNT;SEC;SR;OK;TASK000015068018;Priority 3;NA
L1;BWI;L1 ;SR;OK;TASK000015068092;Priority 3;NA
TEC;SYN;FUN;SR;OK;TASK000015068166;Priority 3;NA
SEC;WS;SEC;SR;OK;TASK000015068252;Priority 3;NA
APS;ETH;APS;SR;OK;TASK000015068262;Priority 3;NA
SEC;BWI;SEC;SR;OK;TASK000015068307;Priority 3;NA
APS;ETH;APS;SR;OK;TASK000015068494;Priority 3;NA
CNC;BWI;CNC;SR;OK;TASK000015068548;Priority 3;NA
APS;ETH;APS;SR;OK;TASK000015068661;Priority 3;NA
SEC;BWI;SEC;SR;OK;TASK000015068817;Priority 4;NA
L1;BWI;L1 ;SR;OK;TASK000015068828;Priority 3;NA
SEC;DCF;SEC;SR;OK;TASK000015068865;Priority 4;NA
SEC;DCF;SEC;SR;OK;TASK000015068869;Priority 4;NA
SEC;DCF;SEC;SR;OK;TASK000015068873;Priority 4;NA
SEC;SYN;SEC;SR;Defect;TASK000015068956;Priority 3;NA
APS;ETH;APS;SR;OK;TASK000015069114;Priority 3;NA
TEC;SYN;FUN;SR;OK;TASK000015069143;Priority 3;NA
SEC;BWI;SEC;SR;OK;TASK000015069178;Priority 4;NA
SEC;MNT;SEC;SR;OK;TASK000015069263;Priority 4;NA
SEC;BWI;SEC;SR;OK;TASK000015069415;Priority 4;NA
SEC;812;SEC;SR;OK;TASK000015069546;Priority 3;NA
SEC;DCF;SEC;SR;OK;TASK000015069658;Priority 4;NA
SEC;BWI;SEC;SR;OK;TASK000015069825;Priority 4;NA
DCF;DCF;FUN;SR;OK;TASK000015070080;Priority 3;NA
SEC;DCF;SEC;SR;OK;TASK000015070317;Priority 4;NA
SEC;812;SEC;SR;OK;TASK000015070984;Priority 4;NA
SEC;812;SEC;SR;Defect;TASK000015071470;Priority 3;NA
SEC;812;SEC;SR;OK;TASK000015071482;Priority 3;NA
SEC;DCF;SEC;SR;OK;TASK000015071495;Priority 4;NA
SEC;DCF;SEC;SR;OK;TASK000015071504;Priority 4;NA
SEC;MNT;SEC;SR;OK;TASK000015071593;Priority 4;NA
FUN;812;FUN;SR;OK;TASK000015071643;Priority 3;NA
SEC;DCF;SEC;SR;OK;TASK000015071658;Priority 4;NA
SEC;EMS;SEC;SR;OK;TASK000015071674;Priority 3;NA
SEC;812;SEC;SR;OK;TASK000015071698;Priority 3;NA
SEC;812;SEC;SR;OK;TASK000015071827;Priority 3;NA
CNC;DPY;CNC;SR;OK;TASK000015071949;Priority 3;NA
SEC;812;SEC;SR;OK;TASK000015072002;Priority 4;NA
CNC;812;CNC;SR;OK;TASK000015072101;Priority 3;NA
SEC;ETH;SEC;SR;OK;TASK000015072165;Priority 3;NA
SEC;ETH;SEC;SR;OK;TASK000015072174;Priority 4;NA
SEC;DXE;SEC;SR;OK;TASK000015072251;Priority 3;NA
SEC;DCF;SEC;SR;OK;TASK000015072380;Priority 4;NA
SEC;812;SEC;SR;Defect;TASK000015072533;Priority 3;NA
SEC;812;SEC;SR;OK;TASK000015072544;Priority 3;NA
DBA;812;DBA;SR;OK;TASK000015072740;Priority 3;NA
APS;ETH;APS;SR;OK;TASK000015072765;Priority 3;NA
SEC;BWI;SEC;SR;OK;TASK000015072777;Priority 4;NA
SEC;812;SEC;SR;OK;TASK000015072833;Priority 3;NA
SCH;LAT;SCH;SR;OK;TASK000015072839;Priority 3;NA
SEC;812;SEC;SR;OK;TASK000015072869;Priority 3;NA
APS;ETH;APS;SR;OK;TASK000015072896;Priority 3;NA
TEC;SYN;FUN;SR;Defect;TASK000015072917;Priority 3;NA
SEC;BWI;SEC;SR;OK;TASK000015072996;Priority 4;NA
SEC;ETH;SEC;SR;OK;TASK000015073032;Priority 4;NA
SCH;812;SCH;SR;OK;TASK000015073066;Priority 3;NA
SCH;812;SCH;SR;OK;TASK000015073074;Priority 3;NA
SCH;812;SCH;SR;OK;TASK000015073091;Priority 3;NA
FUN;812;FUN;SR;OK;TASK000015073110;Priority 3;NA
SEC;EMS;SEC;SR;OK;TASK000015073123;Priority 3;NA
SEC;EMS;SEC;SR;OK;TASK000015073200;Priority 3;NA
CNC;812;CNC;SR;OK;TASK000015073220;Priority 3;NA
SEC;DXE;SEC;SR;OK;TASK000015073412;Priority 4;NA
SEC;DXE;SEC;SR;OK;TASK000015073435;Priority 3;NA
SEC;812;SEC;SR;OK;TASK000015073592;Priority 4;NA
SCH;812;SCH;SR;OK;TASK000015073671;Priority 3;NA
APS;ETH;APS;SR;OK;TASK000015073742;Priority 3;NA
SEC;BWI;SEC;SR;OK;TASK000015073831;Priority 4;NA
SEC;812;SEC;SR;OK;TASK000015074046;Priority 3;NA
DCF;DCF;FUN;SR;OK;TASK000015074108;Priority 3;NA
SEC;SYN;SEC;SR;OK;TASK000015074172;Priority 3;NA
SEC;DPY;SEC;SR;OK;TASK000015074357;Priority 4;NA
CNC;812;CNC;SR;OK;TASK000015074363;Priority 3;NA
FUN;EES;FUN;SR;OK;TASK000015074369;Priority 3;NA
SEC;EES;SEC;SR;OK;TASK000015074431;Priority 4;NA
FUN;EMS;FUN;SR;OK;TASK000015074438;Priority 4;NA
APS;ETH;APS;SR;OK;TASK000015074439;Priority 4;NA
SEC;BWI;SEC;SR;OK;TASK000015074477;Priority 4;NA
SEC;MNT;SEC;SR;OK;TASK000015074491;Priority 4;NA
SEC;812;SEC;SR;Defect;TASK000015074544;Priority 3;NA
APS;ETH;APS;SR;OK;TASK000015074553;Priority 3;NA
SEC;SYN;SEC;SR;Defect;TASK000015074744;Priority 3;NA
SEC;SYN;SEC;SR;Defect;TASK000015074777;Priority 3;NA
CNC;ETH;CNC;SR;OK;TASK000015074835;Priority 3;NA
SEC;DCF;SEC;SR;OK;TASK000015074854;Priority 4;NA
TEC;SYN;FUN;SR;OK;TASK000015074885;Priority 3;NA
APS;ETH;APS;SR;OK;TASK000015074897;Priority 3;NA
SEC;BWI;SEC;SR;OK;TASK000015074914;Priority 4;NA
FUN;MNT;FUN;SR;OK;TASK000015074990;Priority 4;NA
TEC;SYN;FUN;SR;OK;TASK000015074996;Priority 3;NA
SEC;EMS;FUN;SR;OK;TASK000015075049;Priority 3;NA
CNC;LAT;L1 ;SR;OK;TASK000015075156;Priority 3;NA
L1;CRD;MON;SR;OK;TASK000015075239;Priority 3;NA
SEC;EES;SEC;SR;OK;TASK000015075340;Priority 4;NA
SEC;ETH;SEC;SR;OK;TASK000015075621;Priority 4;NA
0;BWI;L1 ;SR;OK;TASK000015075624;Priority 3;NA
SEC;BWI;SEC;SR;OK;TASK000015075674;Priority 4;NA
SEC;ETH;SEC;SR;OK;TASK000015075851;Priority 4;NA
FUN;COR;FUN;SR;OK;TASK000015075942;Priority 3;NA
SEC;DPY;SEC;SR;OK;TASK000015076348;Priority 4;NA
DBA;812;DBA;SR;OK;TASK000015076387;Priority 3;NA
DCF;DCF;FUN;INC;OK;TASK000015076419;Priority 3;NA
SEC;812;SEC;SR;OK;TASK000015076507;Priority 3;NA
APS;DCF;APS;SR;OK;TASK000015076544;Priority 3;NA
APS;DCF;APS;SR;OK;TASK000015076545;Priority 3;NA
DBA;812;DBA;SR;OK;TASK000015076555;Priority 3;NA
SEC;SYN;SEC;SR;OK;TASK000015076573;Priority 3;NA
SEC;DCF;SEC;SR;OK;TASK000015076629;Priority 4;NA
FUN;812;FUN;SR;OK;TASK000015076698;Priority 3;NA
CNC;812;CNC;SR;OK;TASK000015076804;Priority 3;NA
FUN;812;FUN;SR;OK;TASK000015076913;Priority 3;NA
SEC;812;SEC;SR;OK;TASK000015077070;Priority 3;NA
SEC;LAT;SEC;SR;OK;TASK000015077085;Priority 4;NA
SEC;812;SEC;SR;OK;TASK000015077100;Priority 4;NA
SEC;ETH;SEC;SR;OK;TASK000015077123;Priority 4;NA
DBA;812;DBA;SR;OK;TASK000015077143;Priority 3;NA
DBA;812;DBA;SR;OK;TASK000015077144;Priority 3;NA
DBA;812;DBA;SR;OK;TASK000015077147;Priority 3;NA
FUN;812;FUN;SR;OK;TASK000015077168;Priority 4;NA
DCF;DCF;FUN;SR;OK;TASK000015077325;Priority 3;NA
SEC;812;SEC;SR;OK;TASK000015077411;Priority 4;NA
SEC;812;SEC;SR;Defect;TASK000015077429;Priority 3;NA
SEC;812;SEC;SR;OK;TASK000015077460;Priority 3;NA
SEC;812;SEC;SR;OK;TASK000015077500;Priority 4;NA
CNC;DCF;CNC;SR;OK;TASK000015077555;Priority 3;NA
SEC;812;SEC;SR;Defect;TASK000015077605;Priority 3;NA
APS;ETH;APS;SR;OK;TASK000015077755;Priority 3;NA
SEC;812;SEC;SR;Defect;TASK000015077825;Priority 3;NA
FUN;812;FUN;SR;OK;TASK000015077870;Priority 4;NA
FUN;812;FUN;SR;OK;TASK000015077888;Priority 4;NA
SEC;812;SEC;SR;Defect;TASK000015077903;Priority 3;NA
FUN;812;FUN;SR;OK;TASK000015077909;Priority 4;NA
SEC;DCF;SEC;SR;OK;TASK000015077929;Priority 4;NA
SEC;BWI;SEC;SR;OK;TASK000015077969;Priority 4;NA
SEC;812;SEC;SR;OK;TASK000015078016;Priority 4;NA
SEC;WS;SEC;SR;OK;TASK000015078210;Priority 3;NA
DBA;812;DBA;SR;OK;TASK000015078212;Priority 3;NA
DBA;812;DBA;SR;OK;TASK000015078217;Priority 3;NA
CNC;812;CNC;SR;OK;TASK000015078237;Priority 3;NA
DBA;812;DBA;SR;OK;TASK000015078341;Priority 3;NA
FUN;812;FUN;SR;OK;TASK000015078389;Priority 3;NA
SEC;EMS;SEC;SR;OK;TASK000015078397;Priority 3;NA
APS;ETH;APS;SR;OK;TASK000015078422;Priority 4;NA
SEC;BWI;SEC;SR;Defect;TASK000015078443;Priority 4;NA
APS;ETH;APS;SR;OK;TASK000015078466;Priority 3;NA
DBA;812;DBA;SR;OK;TASK000015078532;Priority 3;NA
FUN;812;FUN;SR;OK;TASK000015078698;Priority 4;NA
CNC;812;CNC;SR;OK;TASK000015078741;Priority 3;NA
SEC;812;SEC;SR;OK;TASK000015078786;Priority 4;NA
FUN;812;FUN;SR;Defect;TASK000015078831;Priority 4;NA
SEC;BWI;SEC;SR;OK;TASK000015078850;Priority 4;NA
TEC;ETH;TEC;SR;OK;TASK000015078878;Priority 4;NA
SEC;MNT;SEC;SR;OK;TASK000015078901;Priority 4;NA
SEC;DCF;SEC;SR;OK;TASK000015078984;Priority 4;NA
SEC;812;SEC;SR;OK;TASK000015078998;Priority 3;NA
APS;ETH;APS;SR;OK;TASK000015079037;Priority 4;NA
SEC;812;SEC;SR;OK;TASK000015079042;Priority 3;NA
SCH;812;SCH;SR;OK;TASK000015079070;Priority 3;NA
DBA;812;DBA;SR;OK;TASK000015079094;Priority 3;NA
APS;ETH;APS;SR;OK;TASK000015079120;Priority 3;NA
DBA;812;DBA;SR;OK;TASK000015079126;Priority 3;NA
DBA;812;DBA;SR;OK;TASK000015079151;Priority 3;NA
CNC;812;CNC;SR;OK;TASK000015079304;Priority 3;NA
SEC;812;SEC;SR;OK;TASK000015079309;Priority 3;NA
SEC;812;SEC;SR;Defect;TASK000015079336;Priority 3;NA
L1;WS;WS ;SR;OK;TASK000015079345;Priority 3;NA
SEC;812;SEC;SR;Defect;TASK000015079582;Priority 3;NA
SEC;DPY;SEC;SR;OK;TASK000015079764;Priority 4;NA
0;BWI;L1 ;SR;OK;TASK000015079768;Priority 3;NA
SEC;DPY;SEC;SR;OK;TASK000015079933;Priority 4;NA
SEC;ETH;SEC;SR;OK;TASK000015079995;Priority 4;NA
SEC;EES;SEC;SR;OK;TASK000015080212;Priority 4;NA
TEC;SYN;FUN;SR;Defect;TASK000015080237;Priority 3;NA
APS;ETH;APS;SR;OK;TASK000015080296;Priority 3;NA
SEC;812;SEC;SR;OK;TASK000015080493;Priority 3;NA
SEC;DCF;SEC;SR;OK;TASK000015080518;Priority 4;NA
SEC;812;SEC;SR;Defect;TASK000015080698;Priority 3;NA
L1;DPY;CNC;SR;OK;TASK000015080862;Priority 3;NA
SEC;EES;SEC;SR;OK;TASK000015080866;Priority 4;NA
SEC;812;SEC;SR;OK;TASK000015080884;Priority 3;NA
SEC;EMS;SEC;SR;OK;TASK000015080988;Priority 3;NA
DBA;812;DBA;SR;OK;TASK000015081028;Priority 3;NA
SEC;812;SEC;SR;OK;TASK000015081147;Priority 3;NA
DBA;812;DBA;SR;OK;TASK000015081148;Priority 3;NA
SEC;812;SEC;SR;OK;TASK000015081193;Priority 3;NA
L1;812;MON;SR;OK;TASK000015081276;Priority 3;NA
FUN;WS;FUN;SR;OK;TASK000015081311;Priority 3;NA
SEC;DCF;SEC;SR;OK;TASK000015081407;Priority 4;NA
SEC;812;SEC;SR;OK;TASK000015081408;Priority 3;NA
SEC;DXE;SEC;SR;OK;TASK000015081413;Priority 3;NA
DBA;812;DBA;SR;OK;TASK000015081423;Priority 3;NA
APS;ETH;APS;SR;OK;TASK000015081654;Priority 3;NA
SEC;812;SEC;SR;OK;TASK000015081679;Priority 3;NA
DBA;812;DBA;SR;OK;TASK000015081705;Priority 3;NA
SEC;SYN;SEC;SR;Defect;TASK000015081911;Priority 3;NA
SEC;812;SEC;SR;OK;TASK000015082015;Priority 3;NA
SEC;812;SEC;SR;OK;TASK000015082020;Priority 4;NA
DBA;812;DBA;SR;OK;TASK000015082187;Priority 3;NA
SEC;ETH;SEC;SR;OK;TASK000015082189;Priority 4;NA
CNC;812;MON;SR;OK;TASK000015082194;Priority 3;NA
SEC;812;SEC;SR;OK;TASK000015082281;Priority 4;NA
SEC;EMS;SEC;SR;OK;TASK000015082303;Priority 4;NA
SEC;812;SEC;SR;OK;TASK000015082318;Priority 4;NA
SEC;DXE;SEC;SR;OK;TASK000015082330;Priority 3;NA
CNC;812;CNC;SR;OK;TASK000015082332;Priority 3;NA
SEC;SYN;SEC;SR;OK;TASK000015082333;Priority 3;NA
SEC;DCF;SEC;SR;OK;TASK000015082342;Priority 4;NA
APS;ETH;APS;SR;OK;TASK000015082362;Priority 3;NA
DBA;812;DBA;SR;OK;TASK000015082516;Priority 3;NA
CNC;812;CNC;SR;OK;TASK000015082534;Priority 3;NA
FUN;DXE;FUN;SR;OK;TASK000015082588;Priority 3;NA
APS;ETH;APS;SR;OK;TASK000015082629;Priority 3;NA
APS;ETH;APS;SR;OK;TASK000015082643;Priority 3;NA
SEC;DXE;SEC;SR;OK;TASK000015082717;Priority 4;NA
APS;ETH;APS;SR;OK;TASK000015082823;Priority 3;NA
APS;ETH;APS;SR;OK;TASK000015082840;Priority 3;NA
APS;ETH;APS;SR;OK;TASK000015082879;Priority 3;NA
SEC;812;SEC;SR;OK;TASK000015082906;Priority 3;NA
SEC;812;SEC;SR;OK;TASK000015082908;Priority 4;NA
SEC;DXE;SEC;SR;OK;TASK000015082917;Priority 3;NA
FIN;DXE;FUN;SR;OK;TASK000015082996;Priority 3;NA
SEC;812;SEC;SR;OK;TASK000015083149;Priority 3;NA
TEC;SYN;FUN;SR;OK;TASK000015083223;Priority 3;NA
SEC;MNT;SEC;SR;OK;TASK000015083389;Priority 4;NA
SEC;MNT;SEC;SR;OK;TASK000015083424;Priority 4;NA
SEC;MNT;SEC;SR;OK;TASK000015083456;Priority 4;NA
SEC;812;SEC;SR;OK;TASK000015083636;Priority 3;NA
APS;ETH;APS;SR;OK;TASK000015083638;Priority 3;NA
SEC;SYN;SEC;SR;OK;TASK000015083779;Priority 3;NA
SEC;BWI;SEC;SR;OK;TASK000015083786;Priority 4;NA
FUN;812;FUN;SR;OK;TASK000015083798;Priority 4;NA
FUN;812;FUN;SR;OK;TASK000015083808;Priority 4;NA
FUN;812;FUN;SR;OK;TASK000015083819;Priority 4;NA
FUN;812;FUN;SR;OK;TASK000015083830;Priority 4;NA
FUN;812;FUN;SR;OK;TASK000015083837;Priority 4;NA
FUN;812;FUN;SR;OK;TASK000015083845;Priority 4;NA
APS;ETH;APS;SR;OK;TASK000015083853;Priority 3;NA
SCH;812;SCH;SR;Defect;TASK000015083957;Priority 3;NA
APS;ETH;APS;SR;OK;TASK000015084044;Priority 3;NA
SEC;DCF;SEC;SR;OK;TASK000015084143;Priority 4;NA
SEC;MNT;SEC;SR;OK;TASK000015084312;Priority 4;NA
CNC;812;CNC;SR;OK;TASK000015084316;Priority 3;NA
APS;ETH;APS;SR;OK;TASK000015084350;Priority 3;NA
APS;ETH;APS;SR;OK;TASK000015084424;Priority 3;NA
FUN;MNT;FUN;SR;OK;TASK000015084448;Priority 3;NA
APS;ETH;APS;SR;OK;TASK000015084462;Priority 3;NA
APS;ETH;APS;SR;OK;TASK000015084494;Priority 3;NA
SEC;BWI;SEC;SR;OK;TASK000015084543;Priority 4;NA
SEC;SYN;SEC;SR;OK;TASK000015084634;Priority 3;NA
TEC;SYN;FUN;SR;OK;TASK000015084648;Priority 3;NA
TEC;SYN;FUN;SR;OK;TASK000015084697;Priority 3;NA
SEC;DCF;SEC;SR;Defect;TASK000015084709;Priority 4;NA
TEC;ETH;TEC;SR;OK;TASK000015084929;Priority 4;NA
FUN;MNT;FUN;INC;OK;TASK000015084969;Priority 4;NA
APS;DCF;APS;SR;OK;TASK000015085035;Priority 3;NA
L1;BWI;L1 ;SR;OK;TASK000015085057;Priority 3;NA
FUN;ETH;FUN;SR;OK;TASK000015085076;Priority 3;NA
SEC;BWI;SEC;SR;Defect;TASK000015085182;Priority 4;NA
APS;ETH;APS;SR;OK;TASK000015085557;Priority 3;NA
SEC;EES;SEC;SR;OK;TASK000015085584;Priority 4;NA
FUN;812;FUN;SR;OK;TASK000015085975;Priority 3;NA
SEC;DCF;SEC;SR;OK;TASK000015086041;Priority 4;NA
CNC;812;MON;SR;OK;TASK000015086076;Priority 3;NA
SEC;812;SEC;SR;OK;TASK000015086104;Priority 4;NA
APS;ETH;APS;SR;OK;TASK000015086180;Priority 3;NA
FUN;812;FUN;SR;Defect;TASK000015086272;Priority 4;NA
SEC;812;SEC;SR;OK;TASK000015086341;Priority 4;NA
FUN;812;FUN;SR;OK;TASK000015086401;Priority 3;NA
APS;ETH;APS;SR;OK;TASK000015086497;Priority 3;NA
L1;812;MON;SR;OK;TASK000015086661;Priority 3;NA
DBA;812;DBA;SR;OK;TASK000015086678;Priority 3;NA
DCF;DCF;FUN;SR;OK;TASK000015086687;Priority 3;NA
SEC;DXE;SEC;SR;OK;TASK000015086791;Priority 3;NA
SEC;BWI;SEC;SR;OK;TASK000015086902;Priority 3;NA
APS;ETH;APS;SR;OK;TASK000015086965;Priority 3;NA
SEC;DPY;SEC;SR;OK;TASK000015087062;Priority 4;NA
SEC;812;SEC;SR;OK;TASK000015087220;Priority 3;NA
TEC;DCF;TEC;SR;OK;TASK000015087292;Priority 3;NA
SEC;DCF;SEC;SR;OK;TASK000015087401;Priority 4;NA
SEC;DCF;SEC;SR;OK;TASK000015087516;Priority 4;NA
SEC;BWI;SEC;SR;OK;TASK000015087550;Priority 4;NA
FUN;EMS;FUN;SR;OK;TASK000015087618;Priority 4;NA
TEC;DCF;TEC;SR;OK;TASK000015087639;Priority 3;NA
APS;ETH;APS;SR;OK;TASK000015087745;Priority 3;NA
SEC;DPY;SEC;SR;OK;TASK000015087747;Priority 4;NA
DBA;812;DBA;SR;OK;TASK000015087772;Priority 3;NA
SEC;BWI;SEC;SR;OK;TASK000015087843;Priority 4;NA
SEC;812;SEC;SR;OK;TASK000015087867;Priority 4;NA
DCF;DCF;FUN;SR;OK;TASK000015087880;Priority 3;NA
SEC;812;SEC;SR;OK;TASK000015088041;Priority 3;NA
FUN;812;FUN;SR;OK;TASK000015088172;Priority 4;NA
SEC;ETH;SEC;SR;OK;TASK000015088227;Priority 4;NA
SEC;DCF;SEC;SR;OK;TASK000015088312;Priority 4;NA
SEC;812;SEC;SR;OK;TASK000015088324;Priority 4;NA
APS;ETH;APS;SR;OK;TASK000015088341;Priority 4;NA
SCH;812;SCH;SR;OK;TASK000015088363;Priority 3;NA
SEC;812;SEC;SR;OK;TASK000015088382;Priority 3;NA
SEC;812;SEC;SR;OK;TASK000015088403;Priority 3;NA
SEC;812;SEC;SR;OK;TASK000015088423;Priority 3;NA
SEC;812;SEC;SR;OK;TASK000015088438;Priority 3;NA
SEC;812;SEC;SR;OK;TASK000015088441;Priority 4;NA
SEC;812;SEC;SR;OK;TASK000015088451;Priority 4;NA
SEC;812;SEC;SR;OK;TASK000015088460;Priority 3;NA
SEC;EES;SEC;SR;OK;TASK000015088501;Priority 4;NA
DBA;812;DBA;SR;OK;TASK000015088658;Priority 3;NA
SEC;812;SEC;SR;OK;TASK000015088665;Priority 3;NA
SEC;DCF;SEC;SR;OK;TASK000015088686;Priority 4;NA
FUN;WS;FUN;SR;OK;TASK000015088692;Priority 3;NA
CNC;BWI;L1 ;SR;OK;TASK000015088712;Priority 3;NA
SEC;BWI;SEC;SR;OK;TASK000015088824;Priority 4;NA
APS;ETH;APS;SR;OK;TASK000015088956;Priority 3;NA
SEC;SYN;SEC;SR;OK;TASK000015088993;Priority 3;NA
SEC;BWI;SEC;SR;OK;TASK000015089050;Priority 4;NA
TEC;DCF;TEC;SR;OK;TASK000015089228;Priority 3;NA
SEC;812;SEC;SR;OK;TASK000015089235;Priority 3;NA
SEC;812;SEC;SR;OK;TASK000015089268;Priority 4;NA
SEC;SYN;SEC;SR;Defect;TASK000015089340;Priority 3;NA
SEC;DCF;SEC;SR;OK;TASK000015089341;Priority 4;NA
SEC;DCF;SEC;SR;OK;TASK000015089417;Priority 4;NA
APS;EES;APS;SR;OK;TASK000015089504;Priority 4;NA
SEC;EMS;SEC;SR;OK;TASK000015089553;Priority 3;NA
TEC;SYN;FUN;SR;OK;TASK000015089586;Priority 3;NA
SEC;EES;SEC;SR;OK;TASK000015089666;Priority 4;NA
TEC;SYN;FUN;SR;OK;TASK000015089718;Priority 3;NA
SEC;MNT;SEC;SR;OK;TASK000015089753;Priority 4;NA
L1;BWI;L1 ;SR;OK;TASK000015089833;Priority 3;NA
SEC;DCF;SEC;SR;OK;TASK000015089850;Priority 4;NA
SEC;ETH;SEC;SR;OK;TASK000015090250;Priority 4;NA
SEC;EMS;FUN;SR;Defect;TASK000015090358;Priority 3;NA
FIN;DXE;FUN;SR;OK;TASK000015090447;Priority 4;NA
SEC;ETH;SEC;SR;OK;TASK000015090624;Priority 4;NA
SEC;ETH;SEC;SR;OK;TASK000015090644;Priority 4;NA
SEC;812;SEC;SR;OK;TASK000015090787;Priority 3;NA
FUN;WS;FUN;SR;OK;TASK000015090884;Priority 4;NA
FUN;WS;FUN;SR;OK;TASK000015090912;Priority 3;NA
SEC;812;SEC;SR;OK;TASK000015091078;Priority 4;NA
SEC;EMS;SEC;SR;OK;TASK000015091283;Priority 3;NA
DBA;812;DBA;SR;OK;TASK000015091300;Priority 3;NA
SEC;812;SEC;SR;OK;TASK000015091467;Priority 4;NA
SEC;DCF;SEC;SR;OK;TASK000015091716;Priority 4;NA
SEC;DXE;SEC;SR;OK;TASK000015091723;Priority 4;NA
SEC;DXE;SEC;SR;OK;TASK000015091758;Priority 4;NA
DBA;812;DBA;SR;OK;TASK000015091938;Priority 3;NA
SEC;812;SEC;SR;OK;TASK000015092014;Priority 3;NA
SEC;DPY;SEC;SR;OK;TASK000015092071;Priority 4;NA
SEC;BWI;SEC;SR;OK;TASK000015092114;Priority 4;NA
SEC;MNT;SEC;SR;OK;TASK000015092123;Priority 4;NA
FUN;812;FUN;SR;OK;TASK000015092156;Priority 3;NA
FUN;812;FUN;SR;OK;TASK000015092158;Priority 3;NA
SEC;812;SEC;SR;OK;TASK000015092188;Priority 3;NA
SEC;EMS;SEC;SR;OK;TASK000015092201;Priority 3;NA
TEC;ETH;TEC;SR;OK;TASK000015092213;Priority 4;NA
SEC;SYN;SEC;SR;Defect;TASK000015092223;Priority 3;NA
SEC;SYN;SEC;SR;Defect;TASK000015092276;Priority 3;NA
APS;ETH;APS;SR;OK;TASK000015092301;Priority 4;NA
SEC;BWI;SEC;SR;OK;TASK000015092424;Priority 4;NA
SEC;812;SEC;SR;OK;TASK000015092428;Priority 4;NA
APS;ETH;APS;SR;OK;TASK000015092504;Priority 3;NA
SEC;EES;SEC;SR;OK;TASK000015092525;Priority 4;NA
SEC;ETH;SEC;SR;OK;TASK000015092593;Priority 4;NA
SEC;DPY;SEC;SR;OK;TASK000015092652;Priority 4;NA
FUN;MNT;FUN;SR;OK;TASK000015092655;Priority 3;NA
SEC;BWI;SEC;SR;OK;TASK000015092751;Priority 4;NA
SEC;BWI;SEC;SR;OK;TASK000015092773;Priority 4;NA
FUN;812;FUN;SR;OK;TASK000015092819;Priority 4;NA
SEC;BWI;SEC;SR;OK;TASK000015092820;Priority 4;NA
SEC;ETH;SEC;SR;OK;TASK000015092830;Priority 4;NA
OPS;EMS;OPS;SR;Defect;TASK000015092947;Priority 3;NA
SEC;BWI;SEC;SR;OK;TASK000015093044;Priority 4;NA
SEC;SYN;SEC;SR;OK;TASK000015093175;Priority 3;NA
SEC;DCF;SEC;SR;OK;TASK000015093337;Priority 4;NA
SEC;BWI;SEC;SR;Defect;TASK000015093406;Priority 4;NA
APS;ETH;APS;SR;OK;TASK000015093507;Priority 3;NA
SEC;MNT;SEC;SR;OK;TASK000015093592;Priority 4;NA
SEC;MNT;SEC;SR;OK;TASK000015093728;Priority 4;NA
SEC;MNT;SEC;SR;OK;TASK000015093729;Priority 4;NA
TEC;SYN;FUN;SR;OK;TASK000015093737;Priority 3;NA
APS;DCF;APS;SR;OK;TASK000015093972;Priority 3;NA
SEC;MNT;SEC;SR;OK;TASK000015094100;Priority 4;NA
SEC;MNT;SEC;SR;OK;TASK000015094107;Priority 4;NA
CNC;BWI;L1 ;SR;OK;TASK000015094196;Priority 3;NA
SEC;EES;SEC;SR;OK;TASK000015094577;Priority 4;NA
SEC;EES;SEC;SR;OK;TASK000015094578;Priority 4;NA
SEC;EES;SEC;SR;OK;TASK000015094582;Priority 4;NA
SEC;EES;SEC;SR;Defect;TASK000015094583;Priority 3;NA
SEC;DCF;SEC;SR;OK;TASK000015094780;Priority 4;NA
OPS;EMS;OPS;SR;OK;TASK000015095172;Priority 3;NA
SEC;812;SEC;SR;OK;TASK000015095602;Priority 3;NA
SCH;812;SCH;SR;Defect;TASK000015095622;Priority 3;NA
OPS;EMS;OPS;SR;OK;TASK000015095880;Priority 3;NA
APS;ETH;APS;SR;OK;TASK000015096081;Priority 3;NA
SEC;812;SEC;SR;OK;TASK000015096237;Priority 4;NA
SEC;812;SEC;SR;OK;TASK000015096240;Priority 4;NA
SEC;812;SEC;SR;OK;TASK000015096250;Priority 3;NA
APS;ETH;APS;SR;OK;TASK000015096400;Priority 3;NA
SEC;812;SEC;SR;OK;TASK000015096420;Priority 4;NA
CNC;812;MON;SR;OK;TASK000015096450;Priority 3;NA
SEC;812;SEC;SR;OK;TASK000015096512;Priority 4;NA
FUN;812;FUN;SR;OK;TASK000015096530;Priority 4;NA
DCF;DCF;FUN;SR;OK;TASK000015096540;Priority 3;NA
FUN;812;FUN;SR;OK;TASK000015096605;Priority 4;NA
FUN;812;FUN;SR;OK;TASK000015096649;Priority 4;NA
FUN;812;FUN;SR;OK;TASK000015096656;Priority 4;NA
FUN;812;FUN;SR;OK;TASK000015096661;Priority 4;NA
SEC;DXE;SEC;SR;Defect;TASK000015096696;Priority 3;NA
CNC;812;CNC;SR;OK;TASK000015096822;Priority 3;NA
SEC;812;SEC;SR;OK;TASK000015096963;Priority 3;NA
CNC;812;CNC;SR;OK;TASK000015096998;Priority 3;NA
SEC;812;SEC;SR;OK;TASK000015097032;Priority 3;NA
DCF;DCF;FUN;INC;OK;TASK000015097231;Priority 3;NA
FUN;812;FUN;SR;OK;TASK000015097241;Priority 3;NA
SEC;812;SEC;SR;Defect;TASK000015097351;Priority 3;NA
CNC;BWI;L1 ;SR;OK;TASK000015097419;Priority 3;NA
SEC;DCF;SEC;SR;OK;TASK000015097445;Priority 4;NA
SEC;ETH;SEC;SR;OK;TASK000015097569;Priority 4;NA
DBA;812;DBA;SR;OK;TASK000015097579;Priority 3;NA
SEC;812;SEC;SR;OK;TASK000015097583;Priority 4;NA
SEC;812;SEC;SR;OK;TASK000015097600;Priority 4;NA
FUN;812;FUN;SR;OK;TASK000015097608;Priority 3;NA
CNC;812;CNC;SR;OK;TASK000015097661;Priority 3;NA
SEC;812;SEC;SR;OK;TASK000015097735;Priority 3;NA
SEC;812;SEC;SR;OK;TASK000015097946;Priority 3;NA
SEC;812;SEC;SR;OK;TASK000015097982;Priority 3;NA
SEC;812;SEC;SR;OK;TASK000015098010;Priority 3;NA
SEC;ETH;SEC;SR;OK;TASK000015098040;Priority 4;NA
FUN;812;FUN;SR;OK;TASK000015098049;Priority 4;NA
FUN;812;FUN;SR;OK;TASK000015098068;Priority 4;NA
SEC;DCF;SEC;SR;OK;TASK000015098095;Priority 4;NA
FUN;DXE;FUN;SR;OK;TASK000015098104;Priority 3;NA
SEC;EES;SEC;SR;OK;TASK000015098150;Priority 4;NA
SEC;812;SEC;SR;Defect;TASK000015098215;Priority 3;NA
FUN;812;FUN;SR;OK;TASK000015098216;Priority 4;NA
SEC;BWI;SEC;SR;OK;TASK000015098279;Priority 4;NA
SEC;812;SEC;SR;OK;TASK000015098282;Priority 3;NA
SEC;DCF;SEC;SR;OK;TASK000015098296;Priority 4;NA
SEC;BWI;SEC;SR;OK;TASK000015098356;Priority 4;NA
FUN;812;FUN;SR;OK;TASK000015098415;Priority 4;NA
SEC;BWI;SEC;SR;OK;TASK000015098475;Priority 4;NA
SEC;EES;SEC;SR;OK;TASK000015098483;Priority 4;NA
SEC;DCF;SEC;SR;OK;TASK000015098522;Priority 4;NA
SEC;SYN;SEC;SR;OK;TASK000015098533;Priority 3;NA
SEC;EMS;FUN;SR;OK;TASK000015098565;Priority 3;NA
SEC;SYN;SEC;SR;OK;TASK000015098590;Priority 3;NA
SEC;MNT;SEC;SR;OK;TASK000015098594;Priority 4;NA
SCH;BWI;SCH;SR;OK;TASK000015098816;Priority 3;NA
SEC;EMS;SEC;SR;OK;TASK000015098846;Priority 3;NA
SEC;BWI;SEC;SR;OK;TASK000015098847;Priority 4;NA
SEC;SYN;SEC;SR;OK;TASK000015098848;Priority 3;NA
SEC;812;SEC;SR;OK;TASK000015098884;Priority 4;NA
SEC;812;SEC;SR;OK;TASK000015098889;Priority 3;NA
SEC;812;SEC;SR;OK;TASK000015098906;Priority 3;NA
SEC;EMS;SEC;SR;OK;TASK000015098994;Priority 3;NA
SEC;812;SEC;SR;OK;TASK000015099016;Priority 3;NA
DBA;812;DBA;SR;OK;TASK000015099085;Priority 3;NA
SEC;MNT;SEC;SR;OK;TASK000015099163;Priority 4;NA
SEC;MNT;SEC;SR;OK;TASK000015099170;Priority 4;NA
SEC;MNT;SEC;SR;OK;TASK000015099179;Priority 4;NA
SEC;MNT;SEC;SR;OK;TASK000015099191;Priority 4;NA
SEC;MNT;SEC;SR;OK;TASK000015099195;Priority 4;NA
SEC;MNT;SEC;SR;OK;TASK000015099197;Priority 4;NA
SEC;DPY;SEC;SR;OK;TASK000015099254;Priority 4;NA
SEC;BWI;SEC;SR;OK;TASK000015099354;Priority 4;NA
SEC;ETH;SEC;SR;OK;TASK000015099620;Priority 4;NA
SEC;SYN;SEC;SR;OK;TASK000015099721;Priority 3;NA
FUN;812;FUN;SR;OK;TASK000015099740;Priority 4;NA
SEC;SYN;SEC;SR;OK;TASK000015099755;Priority 3;NA
TEC;SYN;FUN;SR;OK;TASK000015099769;Priority 3;NA
SEC;DCF;SEC;SR;OK;TASK000015099845;Priority 4;NA
SEC;MNT;SEC;SR;OK;TASK000015100001;Priority 4;NA
SEC;BWI;SEC;SR;OK;TASK000015100113;Priority 4;NA
FUN;MNT;FUN;SR;OK;TASK000015100119;Priority 4;NA
SEC;MNT;SEC;SR;OK;TASK000015100188;Priority 4;NA
FIN;812;FUN;SR;OK;TASK000015100285;Priority 3;NA
SEC;EES;SEC;SR;OK;TASK000015100298;Priority 3;NA
SEC;EES;SEC;SR;OK;TASK000015100412;Priority 4;NA
SEC;EES;SEC;SR;OK;TASK000015100413;Priority 4;NA
SEC;DXE;SEC;SR;Defect;TASK000015100604;Priority 3;NA
SEC;812;SEC;SR;OK;TASK000015100658;Priority 3;NA
SEC;EES;SEC;SR;OK;TASK000015100699;Priority 4;NA
DBA;812;DBA;SR;OK;TASK000015100823;Priority 3;NA
FUN;812;FUN;SR;OK;TASK000015100834;Priority 3;NA
L1;DPY;CNC;SR;OK;TASK000015100846;Priority 3;NA
APS;ETH;APS;SR;OK;TASK000015100874;Priority 3;NA
SEC;812;SEC;SR;OK;TASK000015101202;Priority 3;NA
DBA;812;DBA;SR;OK;TASK000015101329;Priority 3;NA
SEC;DXE;SEC;SR;OK;TASK000015101386;Priority 4;NA
SEC;812;SEC;SR;OK;TASK000015101632;Priority 3;NA
SEC;812;SEC;SR;OK;TASK000015101677;Priority 3;NA
APS;ETH;APS;SR;OK;TASK000015101742;Priority 3;NA
FIN;812;FUN;SR;OK;TASK000015101838;Priority 3;NA
FIN;812;FUN;SR;OK;TASK000015101839;Priority 3;NA
SEC;ETH;SEC;SR;OK;TASK000015101900;Priority 4;NA
SEC;ETH;SEC;SR;OK;TASK000015101914;Priority 4;NA
L1;BWI;L1 ;SR;OK;TASK000015101941;Priority 3;NA
CNC;812;CNC;SR;OK;TASK000015101949;Priority 3;NA
SEC;812;SEC;SR;OK;TASK000015102027;Priority 3;NA
DBA;812;DBA;SR;OK;TASK000015102090;Priority 3;NA
SEC;DCF;SEC;SR;OK;TASK000015102108;Priority 4;NA
DBA;812;DBA;SR;OK;TASK000015102109;Priority 3;NA
SEC;812;SEC;SR;OK;TASK000015102120;Priority 3;NA
APS;ETH;APS;SR;OK;TASK000015102229;Priority 3;NA
CNC;812;CNC;SR;OK;TASK000015102335;Priority 3;NA
CNC;BWI;L1 ;SR;OK;TASK000015102406;Priority 3;NA
FUN;812;FUN;SR;OK;TASK000015102734;Priority 3;NA
FUN;812;FUN;SR;OK;TASK000015102785;Priority 3;NA
CNC;812;CNC;SR;OK;TASK000015103001;Priority 3;NA
DBA;812;DBA;SR;OK;TASK000015103015;Priority 3;NA
SEC;812;SEC;SR;OK;TASK000015103073;Priority 4;NA
CNC;812;CNC;SR;OK;TASK000015103100;Priority 3;NA
SEC;812;SEC;SR;OK;TASK000015103166;Priority 4;NA
SEC;DXE;SEC;SR;OK;TASK000015103192;Priority 3;NA
SEC;812;SEC;SR;OK;TASK000015103199;Priority 3;NA
SEC;EMS;SEC;SR;OK;TASK000015103247;Priority 4;NA
APS;ETH;APS;SR;OK;TASK000015103277;Priority 3;NA
SEC;DCF;SEC;SR;OK;TASK000015103333;Priority 4;NA
SEC;DCF;SEC;SR;OK;TASK000015103403;Priority 4;NA
SEC;DXE;SEC;SR;Defect;TASK000015103436;Priority 3;NA
SEC;812;SEC;SR;Defect;TASK000015103447;Priority 3;NA
SEC;812;SEC;SR;Defect;TASK000015103495;Priority 3;NA
SEC;812;SEC;SR;OK;TASK000015103513;Priority 3;NA
SEC;SYN;SEC;SR;OK;TASK000015103519;Priority 3;NA
SEC;812;SEC;SR;Defect;TASK000015103522;Priority 3;NA
DCF;DCF;FUN;INC;OK;TASK000015103543;Priority 3;NA
SEC;812;SEC;SR;OK;TASK000015103552;Priority 3;NA
SEC;SYN;SEC;SR;OK;TASK000015103950;Priority 3;NA
CNC;BWI;L1 ;SR;OK;TASK000015103978;Priority 3;NA
L1;BWI;L1 ;SR;OK;TASK000015104224;Priority 3;NA
SEC;BWI;SEC;SR;OK;TASK000015104288;Priority 4;NA
FIN;812;FUN;SR;OK;TASK000015104356;Priority 3;NA
SEC;MNT;SEC;SR;OK;TASK000015104376;Priority 4;NA
SEC;812;SEC;SR;OK;TASK000015104648;Priority 3;NA
SEC;MNT;SEC;SR;OK;TASK000015104731;Priority 4;NA
SEC;WS;SEC;SR;OK;TASK000015104802;Priority 3;NA
FUN;ETH;FUN;SR;OK;TASK000015104817;Priority 3;NA
SEC;MNT;SEC;SR;OK;TASK000015105024;Priority 3;NA
SEC;SYN;SEC;SR;OK;TASK000015105028;Priority 3;NA
SEC;ETH;SEC;SR;Defect;TASK000015105252;Priority 3;NA
SEC;BWI;SEC;SR;OK;TASK000015105265;Priority 4;NA
SEC;BWI;SEC;SR;OK;TASK000015105289;Priority 4;NA
SEC;812;SEC;SR;OK;TASK000015105460;Priority 3;NA
SEC;DXE;SEC;SR;OK;TASK000015105491;Priority 4;NA
APS;ETH;APS;SR;OK;TASK000015105525;Priority 3;NA
APS;ETH;APS;SR;OK;TASK000015105538;Priority 3;NA
APS;ETH;APS;SR;OK;TASK000015105606;Priority 3;NA
0;BWI;L1 ;SR;OK;TASK000015105948;Priority 3;NA
SEC;ETH;SEC;SR;OK;TASK000015106333;Priority 4;NA
APS;ETH;APS;SR;OK;TASK000015106599;Priority 3;NA
SEC;ETH;SEC;SR;OK;TASK000015106619;Priority 4;NA
APS;ETH;APS;SR;OK;TASK000015106648;Priority 3;NA
SEC;812;SEC;SR;Defect;TASK000015106674;Priority 3;NA
APS;ETH;APS;SR;OK;TASK000015106811;Priority 3;NA
DBA;812;DBA;SR;OK;TASK000015106874;Priority 3;NA
DBA;812;DBA;SR;OK;TASK000015106890;Priority 3;NA
SEC;812;SEC;SR;Defect;TASK000015107063;Priority 3;NA
SEC;DXE;SEC;SR;OK;TASK000015107255;Priority 4;NA
SEC;DCF;SEC;SR;OK;TASK000015107428;Priority 4;NA
SEC;EMS;SEC;SR;Defect;TASK000015107429;Priority 3;NA
CNC;812;CNC;SR;OK;TASK000015107447;Priority 3;NA
SEC;DCF;SEC;SR;OK;TASK000015107466;Priority 4;NA
SEC;812;SEC;SR;OK;TASK000015107487;Priority 3;NA
SEC;EMS;SEC;SR;OK;TASK000015107684;Priority 3;NA
SEC;DXE;SEC;SR;Defect;TASK000015107791;Priority 3;NA
SEC;EES;SEC;SR;OK;TASK000015107818;Priority 4;NA
SEC;812;SEC;SR;OK;TASK000015107830;Priority 4;NA
APS;ETH;APS;SR;OK;TASK000015107833;Priority 3;NA
SEC;MNT;SEC;SR;OK;TASK000015107843;Priority 4;NA
SEC;DCF;SEC;SR;OK;TASK000015107845;Priority 4;NA
SEC;BWI;SEC;SR;OK;TASK000015107954;Priority 4;NA
FUN;812;FUN;SR;OK;TASK000015107984;Priority 4;NA
CNC;812;MON;SR;OK;TASK000015107988;Priority 3;NA
SEC;MNT;SEC;SR;OK;TASK000015108034;Priority 4;NA
CNC;DPY;CNC;SR;OK;TASK000015108066;Priority 3;NA
CNC;812;CNC;SR;OK;TASK000015108093;Priority 3;NA
APS;ETH;APS;SR;OK;TASK000015108142;Priority 3;NA
SEC;ETH;SEC;SR;OK;TASK000015108178;Priority 4;NA
APS;ETH;APS;SR;OK;TASK000015108229;Priority 3;NA
FUN;DXE;FUN;SR;OK;TASK000015108393;Priority 3;NA
SCH;812;SCH;SR;OK;TASK000015108441;Priority 3;NA
DCF;DCF;FUN;SR;OK;TASK000015108450;Priority 3;NA
DBA;812;DBA;SR;OK;TASK000015108486;Priority 3;NA
SEC;812;SEC;SR;OK;TASK000015108654;Priority 4;NA
SEC;812;SEC;SR;OK;TASK000015108655;Priority 4;NA
APS;ETH;APS;SR;OK;TASK000015108665;Priority 3;NA
SEC;812;SEC;SR;Defect;TASK000015108669;Priority 3;NA
SEC;DCF;SEC;SR;OK;TASK000015108680;Priority 4;NA
APS;ETH;APS;SR;OK;TASK000015108706;Priority 3;NA
APS;ETH;APS;SR;OK;TASK000015108767;Priority 3;NA
DBA;812;DBA;SR;OK;TASK000015108886;Priority 3;NA
DBA;812;DBA;SR;OK;TASK000015108909;Priority 3;NA
SEC;EMS;SEC;SR;OK;TASK000015108980;Priority 3;NA
SEC;BWI;SEC;SR;OK;TASK000015108993;Priority 4;NA
SEC;MNT;SEC;SR;OK;TASK000015109023;Priority 4;NA
APS;ETH;APS;SR;OK;TASK000015109046;Priority 3;NA
SEC;812;SEC;SR;Defect;TASK000015109061;Priority 3;NA
DBA;812;DBA;SR;OK;TASK000015109065;Priority 3;NA
SEC;ETH;SEC;SR;OK;TASK000015109106;Priority 4;NA
SEC;812;SEC;SR;Defect;TASK000015109154;Priority 3;NA
FUN;ETH;FUN;SR;OK;TASK000015109169;Priority 3;NA
SEC;DCF;SEC;SR;OK;TASK000015109213;Priority 4;NA
SEC;DCF;SEC;SR;OK;TASK000015109222;Priority 4;NA
SEC;DCF;SEC;SR;OK;TASK000015109231;Priority 4;NA
FUN;EES;SEC;SR;Defect;TASK000015109313;Priority 4;NA
APS;DCF;APS;SR;OK;TASK000015109418;Priority 4;NA
TEC;SYN;FUN;SR;Defect;TASK000015109488;Priority 3;NA
SEC;BWI;SEC;SR;OK;TASK000015109655;Priority 4;NA
SEC;SYN;SEC;SR;OK;TASK000015109674;Priority 3;NA
SEC;EMS;SEC;SR;Defect;TASK000015109709;Priority 3;NA
SEC;DPY;SEC;SR;OK;TASK000015109759;Priority 4;NA
APS;ETH;APS;SR;OK;TASK000015109825;Priority 3;NA
SEC;MNT;SEC;SR;OK;TASK000015109832;Priority 4;NA
SEC;812;SEC;SR;OK;TASK000015109871;Priority 4;NA
SEC;MNT;SEC;SR;OK;TASK000015109889;Priority 4;NA
TEC;SYN;FUN;SR;Defect;TASK000015109940;Priority 3;NA
L1;BWI;L1 ;SR;OK;TASK000015110052;Priority 3;NA
FUN;MNT;FUN;SR;Defect;TASK000015110058;Priority 4;NA
SEC;SYN;SEC;SR;OK;TASK000015110081;Priority 3;NA
SEC;MNT;SEC;SR;OK;TASK000015110091;Priority 4;NA
SEC;MNT;SEC;SR;OK;TASK000015110101;Priority 4;NA
SEC;MNT;SEC;SR;OK;TASK000015110120;Priority 4;NA
CNC;BWI;L1 ;SR;OK;TASK000015110142;Priority 3;NA
SEC;SYN;SEC;SR;OK;TASK000015110152;Priority 3;NA
FUN;MNT;FUN;SR;OK;TASK000015110223;Priority 4;NA
SEC;BWI;SEC;SR;OK;TASK000015110268;Priority 4;NA
SEC;EES;SEC;SR;OK;TASK000015110319;Priority 3;NA
SEC;EES;SEC;SR;OK;TASK000015110323;Priority 4;NA
SEC;EES;SEC;SR;Defect;TASK000015110330;Priority 3;NA
SEC;EES;SEC;SR;OK;TASK000015110336;Priority 4;NA
SEC;EES;SEC;SR;OK;TASK000015110337;Priority 4;NA
SEC;EES;SEC;SR;OK;TASK000015110339;Priority 4;NA
SEC;EES;SEC;SR;OK;TASK000015110340;Priority 4;NA
SEC;EES;SEC;SR;OK;TASK000015110345;Priority 4;NA
SEC;EES;SEC;SR;OK;TASK000015110408;Priority 4;NA
SEC;EES;SEC;SR;OK;TASK000015110409;Priority 4;NA
SEC;EES;SEC;SR;OK;TASK000015110416;Priority 4;NA
SEC;EES;SEC;SR;OK;TASK000015110418;Priority 4;NA
APS;ETH;APS;SR;OK;TASK000015111325;Priority 3;NA
DBA;812;DBA;SR;OK;TASK000015111369;Priority 3;NA
SEC;812;SEC;SR;OK;TASK000015111480;Priority 3;NA
FUN;DXE;FUN;SR;OK;TASK000015111492;Priority 4;NA
SEC;WS;SEC;SR;OK;TASK000015111552;Priority 3;NA
FUN;812;FUN;SR;OK;TASK000015111573;Priority 3;NA
FUN;COR;FUN;SR;OK;TASK000015111685;Priority 3;NA
SEC;812;SEC;SR;Defect;TASK000015111706;Priority 3;NA
CNC;DPY;CNC;SR;OK;TASK000015111761;Priority 3;NA
APS;ETH;APS;SR;OK;TASK000015111768;Priority 3;NA
SEC;DCF;SEC;SR;OK;TASK000015111792;Priority 4;NA
APS;ETH;APS;SR;OK;TASK000015111797;Priority 3;NA
SEC;ETH;SEC;SR;OK;TASK000015111840;Priority 4;NA
CNC;812;CNC;SR;OK;TASK000015111873;Priority 3;NA
SEC;812;SEC;SR;OK;TASK000015112058;Priority 3;NA
SEC;SYN;SEC;SR;Defect;TASK000015112065;Priority 3;NA
DBA;812;DBA;SR;OK;TASK000015112096;Priority 3;NA
FUN;WS;FUN;SR;OK;TASK000015112098;Priority 3;NA
SEC;DXE;SEC;SR;Defect;TASK000015112104;Priority 3;NA
FUN;812;FUN;SR;OK;TASK000015112154;Priority 4;NA
FUN;WS;FUN;SR;OK;TASK000015112181;Priority 3;NA
FUN;WS;FUN;SR;OK;TASK000015112195;Priority 3;NA
SEC;812;SEC;SR;Defect;TASK000015112366;Priority 3;NA
CNC;MNT;MON;SR;OK;TASK000015112396;Priority 3;NA
FUN;EMS;FUN;SR;OK;TASK000015112405;Priority 3;NA
SEC;BWI;SEC;SR;OK;TASK000015112415;Priority 4;NA
SEC;SYN;SEC;SR;OK;TASK000015112460;Priority 3;NA
DBA;812;DBA;SR;OK;TASK000015112517;Priority 3;NA
SEC;ETH;SEC;SR;OK;TASK000015112555;Priority 4;NA
SEC;DPY;SEC;SR;OK;TASK000015112589;Priority 4;NA
SEC;EES;SEC;SR;OK;TASK000015112636;Priority 4;NA
DBA;812;DBA;SR;OK;TASK000015112798;Priority 3;NA
SEC;812;SEC;SR;OK;TASK000015112908;Priority 3;NA
FUN;812;FUN;SR;OK;TASK000015112980;Priority 3;NA
SEC;DPY;SEC;SR;OK;TASK000015112983;Priority 4;NA
SEC;BWI;SEC;SR;OK;TASK000015113109;Priority 4;NA
SEC;ETH;SEC;SR;OK;TASK000015113117;Priority 4;NA
SEC;BWI;SEC;SR;Defect;TASK000015113143;Priority 4;NA
CNC;BWI;L1 ;SR;OK;TASK000015113224;Priority 3;NA
FUN;812;FUN;SR;OK;TASK000015113367;Priority 3;NA
APS;ETH;APS;SR;OK;TASK000015113494;Priority 3;NA
FIN;812;FUN;SR;Defect;TASK000015113564;Priority 4;NA
SEC;DCF;SEC;SR;OK;TASK000015113566;Priority 4;NA
SEC;BWI;SEC;SR;OK;TASK000015113580;Priority 4;NA
SEC;BWI;SEC;SR;OK;TASK000015113595;Priority 4;NA
SEC;BWI;SEC;SR;OK;TASK000015113608;Priority 4;NA
SEC;SYN;SEC;SR;OK;TASK000015113718;Priority 3;NA
SEC;ETH;SEC;SR;OK;TASK000015113746;Priority 4;NA
SEC;812;SEC;SR;OK;TASK000015113833;Priority 3;NA
SEC;BWI;SEC;SR;OK;TASK000015114158;Priority 4;NA
SEC;812;SEC;SR;OK;TASK000015114197;Priority 3;NA
SEC;DPY;SEC;SR;OK;TASK000015114205;Priority 4;NA
SEC;812;SEC;SR;OK;TASK000015114230;Priority 3;NA
SEC;BWI;SEC;SR;Defect;TASK000015114235;Priority 4;NA
SEC;BWI;SEC;SR;OK;TASK000015114243;Priority 4;NA
SEC;ETH;SEC;SR;OK;TASK000015114244;Priority 4;NA
SEC;SYN;SEC;SR;Defect;TASK000015114315;Priority 3;NA
SEC;DCF;SEC;SR;OK;TASK000015114442;Priority 4;NA
SEC;812;SEC;SR;OK;TASK000015114534;Priority 3;NA
SEC;DPY;SEC;SR;OK;TASK000015114579;Priority 4;NA
APS;ETH;APS;SR;OK;TASK000015114611;Priority 4;NA
SEC;BWI;SEC;SR;OK;TASK000015114675;Priority 4;NA
CNC;ETH;CNC;SR;OK;TASK000015114806;Priority 3;NA
APS;EES;APS;SR;OK;TASK000015114925;Priority 4;NA
FUN;MNT;FUN;SR;Defect;TASK000015114975;Priority 4;NA
SEC;812;SEC;SR;OK;TASK000015114991;Priority 3;NA
SEC;MNT;SEC;SR;OK;TASK000015115205;Priority 4;NA
DBA;812;DBA;SR;OK;TASK000015116296;Priority 3;NA
SEC;EMS;SEC;SR;OK;TASK000015116307;Priority 3;NA
SEC;ETH;SEC;SR;OK;TASK000015116331;Priority 4;NA
SEC;812;SEC;SR;OK;TASK000015116358;Priority 3;NA
DBA;812;DBA;SR;OK;TASK000015116638;Priority 3;NA
SEC;ETH;SEC;SR;OK;TASK000015116678;Priority 4;NA
SEC;EMS;SEC;SR;OK;TASK000015116697;Priority 3;NA
SEC;DXE;SEC;SR;OK;TASK000015116712;Priority 3;NA
SEC;812;SEC;SR;OK;TASK000015116716;Priority 4;NA
SEC;MNT;SEC;SR;OK;TASK000015116731;Priority 4;NA
SEC;812;SEC;SR;Defect;TASK000015116785;Priority 3;NA
DBA;812;DBA;SR;OK;TASK000015116867;Priority 3;NA
FUN;WS;FUN;SR;OK;TASK000015117090;Priority 4;NA
SEC;DPY;SEC;SR;OK;TASK000015117129;Priority 4;NA
SEC;812;SEC;SR;Defect;TASK000015117239;Priority 3;NA
SEC;812;SEC;SR;OK;TASK000015117259;Priority 3;NA
SEC;812;SEC;SR;OK;TASK000015117286;Priority 3;NA
SEC;812;SEC;SR;Defect;TASK000015117357;Priority 3;NA
SEC;DCF;SEC;SR;OK;TASK000015117508;Priority 4;NA
FIN;MNT;FUN;INC;OK;TASK000015117553;Priority 3;NA
SEC;812;SEC;SR;OK;TASK000015117598;Priority 3;NA
SEC;BWI;SEC;SR;OK;TASK000015117625;Priority 4;NA
SEC;EES;SEC;SR;OK;TASK000015117719;Priority 4;NA
SEC;812;SEC;SR;Defect;TASK000015117758;Priority 3;NA
SEC;DCF;SEC;SR;OK;TASK000015117774;Priority 4;NA
SEC;ETH;SEC;SR;OK;TASK000015117775;Priority 4;NA
SEC;DCF;SEC;SR;OK;TASK000015117798;Priority 4;NA
SEC;812;SEC;SR;OK;TASK000015117818;Priority 3;NA
SEC;812;SEC;SR;OK;TASK000015117883;Priority 3;NA
APS;ETH;APS;SR;OK;TASK000015117970;Priority 3;NA
SCH;812;SCH;SR;OK;TASK000015118114;Priority 3;NA
SCH;812;SCH;SR;OK;TASK000015118132;Priority 3;NA
DCF;DCF;FUN;SR;OK;TASK000015118157;Priority 3;NA
SEC;MNT;SEC;SR;OK;TASK000015118258;Priority 4;NA
SEC;SYN;SEC;SR;OK;TASK000015118271;Priority 3;NA
SEC;MNT;SEC;SR;OK;TASK000015118440;Priority 4;NA
SEC;MNT;SEC;SR;OK;TASK000015118449;Priority 4;NA
SEC;MNT;SEC;SR;OK;TASK000015118471;Priority 4;NA
SEC;MNT;SEC;SR;OK;TASK000015118482;Priority 4;NA
SEC;MNT;SEC;SR;OK;TASK000015118484;Priority 4;NA
SEC;MNT;SEC;SR;OK;TASK000015118489;Priority 4;NA
SEC;MNT;SEC;SR;OK;TASK000015118504;Priority 4;NA
SEC;MNT;SEC;SR;OK;TASK000015118509;Priority 4;NA
SEC;EMS;SEC;SR;OK;TASK000015118515;Priority 3;NA
SEC;MNT;SEC;SR;OK;TASK000015118518;Priority 4;NA
SEC;MNT;SEC;SR;OK;TASK000015118521;Priority 4;NA
FUN;EES;FUN;SR;Defect;TASK000015118530;Priority 4;NA
APS;ETH;APS;SR;OK;TASK000015118858;Priority 3;NA
APS;ETH;APS;SR;OK;TASK000015118923;Priority 3;NA
FUN;MNT;FUN;SR;OK;TASK000015118932;Priority 3;NA
SEC;ETH;SEC;SR;OK;TASK000015119019;Priority 4;NA
SEC;SYN;SEC;SR;OK;TASK000015119103;Priority 3;NA
APS;EES;APS;SR;OK;TASK000015119182;Priority 3;NA
SEC;ETH;SEC;SR;OK;TASK000015119291;Priority 4;NA
SEC;MNT;SEC;SR;OK;TASK000015119346;Priority 4;NA
SEC;MNT;SEC;SR;OK;TASK000015119350;Priority 3;NA
SEC;ETH;SEC;SR;OK;TASK000015119467;Priority 4;NA
SEC;ETH;SEC;SR;OK;TASK000015119468;Priority 4;NA
SEC;812;SEC;SR;Defect;TASK000015119616;Priority 3;NA
SEC;812;SEC;SR;Defect;TASK000015119619;Priority 3;NA
SEC;ETH;SEC;SR;OK;TASK000015119635;Priority 4;NA
DBA;812;DBA;SR;OK;TASK000015119784;Priority 3;NA
SEC;BWI;SEC;SR;OK;TASK000015119803;Priority 4;NA
SEC;ETH;SEC;SR;OK;TASK000015119822;Priority 4;NA
L1;DPY;MON;SR;OK;TASK000015119843;Priority 3;NA
DBA;812;DBA;SR;OK;TASK000015119900;Priority 3;NA
APS;ETH;APS;SR;OK;TASK000015120057;Priority 4;NA
FIN;MNT;FUN;INC;OK;TASK000015120497;Priority 3;NA
FIN;MNT;FUN;SR;OK;TASK000015120499;Priority 3;NA
SEC;MNT;SEC;SR;OK;TASK000015120500;Priority 4;NA
FUN;MNT;FUN;SR;OK;TASK000015120501;Priority 3;NA
FIN;MNT;FUN;INC;OK;TASK000015120505;Priority 3;NA
FUN;MNT;FUN;SR;OK;TASK000015120507;Priority 3;NA
FIN;MNT;FUN;SR;OK;TASK000015120508;Priority 3;NA
FIN;MNT;FUN;SR;OK;TASK000015120510;Priority 3;NA
FUN;MNT;FUN;SR;OK;TASK000015120512;Priority 3;NA
FIN;MNT;FUN;SR;OK;TASK000015120515;Priority 3;NA
FUN;812;FUN;SR;OK;TASK000015121251;Priority 3;NA
SEC;EMS;SEC;SR;OK;TASK000015121376;Priority 3;NA
SEC;812;SEC;SR;OK;TASK000015121500;Priority 4;NA
FUN;812;FUN;SR;OK;TASK000015121589;Priority 3;NA
APS;ETH;APS;SR;OK;TASK000015121640;Priority 3;NA
APS;ETH;APS;SR;OK;TASK000015121641;Priority 3;NA
FUN;WS;FUN;SR;OK;TASK000015121657;Priority 4;NA
FUN;812;FUN;SR;OK;TASK000015121756;Priority 3;NA
FUN;WS;FUN;SR;OK;TASK000015121814;Priority 3;NA
SEC;812;SEC;SR;OK;TASK000015121845;Priority 4;NA
APS;ETH;APS;SR;OK;TASK000015122074;Priority 3;NA
SEC;812;SEC;SR;Defect;TASK000015122171;Priority 3;NA
SEC;812;SEC;SR;Defect;TASK000015122194;Priority 3;NA
SEC;ETH;SEC;SR;OK;TASK000015122220;Priority 4;NA
SEC;812;SEC;SR;OK;TASK000015122229;Priority 3;NA
SEC;BWI;SEC;SR;OK;TASK000015122264;Priority 4;NA
SEC;812;SEC;SR;OK;TASK000015122363;Priority 4;NA
SEC;EMS;FUN;SR;OK;TASK000015122395;Priority 3;NA
FUN;812;FUN;SR;OK;TASK000015122453;Priority 3;NA
FUN;812;FUN;SR;OK;TASK000015122625;Priority 4;NA
TEC;DCF;TEC;SR;OK;TASK000015122657;Priority 4;NA
SEC;MNT;SEC;SR;OK;TASK000015122681;Priority 4;NA
TEC;SYN;FUN;SR;OK;TASK000015122706;Priority 3;NA
FUN;812;FUN;SR;OK;TASK000015122722;Priority 4;NA
FUN;812;FUN;SR;OK;TASK000015122735;Priority 3;NA
DBA;812;DBA;SR;OK;TASK000015122850;Priority 3;NA
SEC;812;SEC;SR;OK;TASK000015122884;Priority 3;NA
APS;EES;APS;SR;OK;TASK000015123334;Priority 4;NA
SEC;SYN;SEC;SR;OK;TASK000015123502;Priority 3;NA
L1;BWI;L1 ;SR;OK;TASK000015123577;Priority 3;NA
SCH;812;SCH;SR;OK;TASK000015123602;Priority 3;NA
SEC;DCF;SEC;SR;OK;TASK000015123787;Priority 4;NA
FIN;812;FUN;SR;OK;TASK000015124053;Priority 4;NA
TEC;SYN;FUN;SR;OK;TASK000015124162;Priority 3;NA
SEC;ETH;SEC;SR;OK;TASK000015124230;Priority 4;NA
SEC;SYN;SEC;SR;Defect;TASK000015124365;Priority 3;NA
L1;BWI;L1 ;SR;OK;TASK000015124482;Priority 4;NA
SEC;MNT;SEC;SR;OK;TASK000015124782;Priority 4;NA
OPS;EMS;OPS;SR;OK;TASK000015124828;Priority 4;NA
SEC;WS;SEC;SR;OK;TASK000015124931;Priority 3;NA
SEC;SYN;SEC;SR;OK;TASK000015125000;Priority 3;NA
APS;ETH;APS;SR;OK;TASK000015125050;Priority 4;NA
APS;ETH;APS;SR;OK;TASK000015125073;Priority 3;NA
SEC;BWI;SEC;SR;OK;TASK000015125132;Priority 4;NA
SEC;ETH;SEC;SR;Defect;TASK000015125322;Priority 3;NA
APS;EES;APS;SR;OK;TASK000015125458;Priority 4;NA
APS;EES;APS;SR;OK;TASK000015125500;Priority 4;NA
APS;EES;APS;SR;OK;TASK000015125507;Priority 4;NA
APS;EES;APS;SR;OK;TASK000015125522;Priority 4;NA
0;BWI;L1 ;SR;OK;TASK000015125569;Priority 3;NA
0;BWI;L1 ;SR;OK;TASK000015125648;Priority 3;NA
SEC;BWI;SEC;SR;OK;TASK000015125710;Priority 4;NA
SEC;BWI;SEC;SR;OK;TASK000015125712;Priority 4;NA
DBA;812;DBA;SR;OK;TASK000015125964;Priority 3;NA
DBA;812;DBA;SR;OK;TASK000015126106;Priority 3;NA
SEC;812;SEC;SR;Defect;TASK000015126212;Priority 3;NA
DBA;812;DBA;SR;OK;TASK000015126299;Priority 3;NA
FIN;812;INS;SR;OK;TASK000015126511;Priority 3;NA
DBA;812;DBA;SR;OK;TASK000015126582;Priority 3;NA
DBA;812;DBA;SR;OK;TASK000015126639;Priority 3;NA
CNC;812;MON;SR;OK;TASK000015126709;Priority 3;NA
SEC;812;SEC;SR;OK;TASK000015126804;Priority 4;NA
FUN;COR;FUN;SR;OK;TASK000015126806;Priority 3;NA
FUN;COR;FUN;SR;OK;TASK000015126840;Priority 3;NA
SEC;SYN;SEC;SR;OK;TASK000015126896;Priority 3;NA
SEC;812;SEC;SR;OK;TASK000015126934;Priority 4;NA
DBA;812;DBA;SR;OK;TASK000015126959;Priority 3;NA
APS;ETH;APS;SR;OK;TASK000015126968;Priority 3;NA
DBA;812;DBA;SR;OK;TASK000015127074;Priority 3;NA
SEC;ETH;SEC;SR;Defect;TASK000015127077;Priority 3;NA
SEC;812;SEC;SR;OK;TASK000015127231;Priority 3;NA
FUN;812;FUN;SR;OK;TASK000015127233;Priority 4;NA
SEC;DXE;SEC;SR;OK;TASK000015127349;Priority 4;NA
SEC;DCF;SEC;SR;OK;TASK000015127389;Priority 4;NA
FUN;812;FUN;SR;OK;TASK000015127478;Priority 4;NA
FUN;ETH;FUN;SR;OK;TASK000015127516;Priority 3;NA
SEC;DPY;SEC;SR;OK;TASK000015127550;Priority 4;NA
APS;ETH;APS;SR;OK;TASK000015127563;Priority 3;NA
SEC;ETH;SEC;SR;OK;TASK000015127594;Priority 4;NA
SEC;EES;SEC;SR;OK;TASK000015127632;Priority 4;NA
FIN;812;FUN;SR;OK;TASK000015127666;Priority 4;NA
SEC;ETH;SEC;SR;OK;TASK000015127741;Priority 4;NA
SEC;DCF;SEC;SR;OK;TASK000015127747;Priority 4;NA
SEC;ETH;SEC;SR;Defect;TASK000015127813;Priority 3;NA
SEC;ETH;SEC;SR;OK;TASK000015127849;Priority 4;NA
SCH;812;SCH;SR;OK;TASK000015127868;Priority 3;NA
SEC;812;SEC;SR;Defect;TASK000015128056;Priority 3;NA
APS;ETH;APS;SR;OK;TASK000015128077;Priority 3;NA
SEC;BWI;SEC;SR;OK;TASK000015128090;Priority 4;NA
APS;ETH;APS;SR;OK;TASK000015128139;Priority 4;NA
SEC;DXE;SEC;SR;OK;TASK000015128150;Priority 4;NA
L1;BWI;L1 ;SR;OK;TASK000015128225;Priority 3;NA
TEC;SYN;FUN;SR;OK;TASK000015128278;Priority 3;NA
SEC;MNT;SEC;SR;OK;TASK000015128295;Priority 4;NA
SEC;BWI;SEC;SR;OK;TASK000015128308;Priority 4;NA
SEC;812;SEC;SR;OK;TASK000015128389;Priority 3;NA
SEC;LAT;SEC;SR;OK;TASK000015128445;Priority 4;NA
SEC;812;SEC;SR;OK;TASK000015128446;Priority 3;NA
L1;812;MON;SR;OK;TASK000015128474;Priority 3;NA
SEC;BWI;SEC;SR;OK;TASK000015128492;Priority 4;NA
SEC;BWI;SEC;SR;OK;TASK000015128562;Priority 4;NA
DBA;812;DBA;SR;OK;TASK000015128600;Priority 3;NA
DBA;812;DBA;SR;OK;TASK000015128632;Priority 3;NA
SCH;812;SCH;SR;OK;TASK000015128723;Priority 3;NA
SEC;DCF;SEC;SR;OK;TASK000015128850;Priority 4;NA
SEC;DCF;SEC;SR;OK;TASK000015128872;Priority 4;NA
SEC;DCF;SEC;SR;OK;TASK000015128890;Priority 4;NA
TEC;DCF;TEC;SR;OK;TASK000015128932;Priority 3;NA
FUN;MNT;FUN;SR;OK;TASK000015128965;Priority 4;NA
SEC;ETH;SEC;SR;Defect;TASK000015128991;Priority 3;NA
SEC;DPY;SEC;SR;OK;TASK000015129162;Priority 4;NA
TEC;SYN;FUN;SR;OK;TASK000015129329;Priority 3;NA
SEC;DCF;SEC;SR;OK;TASK000015129454;Priority 4;NA
SEC;BWI;SEC;SR;OK;TASK000015129459;Priority 4;NA
SEC;BWI;SEC;SR;OK;TASK000015129526;Priority 4;NA
SEC;DPY;SEC;SR;OK;TASK000015129536;Priority 4;NA
SEC;ETH;SEC;SR;OK;TASK000015129542;Priority 4;NA
SEC;DCF;SEC;SR;OK;TASK000015129562;Priority 4;NA
SEC;DPY;SEC;SR;OK;TASK000015129566;Priority 3;NA
SEC;EMS;SEC;SR;OK;TASK000015129580;Priority 4;NA
SEC;DCF;SEC;SR;OK;TASK000015129652;Priority 4;NA
SEC;SYN;SEC;SR;OK;TASK000015129671;Priority 3;NA
SEC;MNT;SEC;SR;OK;TASK000015129708;Priority 4;NA
SEC;BWI;SEC;SR;OK;TASK000015129723;Priority 4;NA
APS;ETH;APS;SR;OK;TASK000015129730;Priority 3;NA
TEC;SYN;FUN;SR;OK;TASK000015129776;Priority 3;NA
SEC;BWI;SEC;SR;OK;TASK000015129808;Priority 4;NA
TEC;BWI;TEC;SR;OK;TASK000015129834;Priority 3;NA
SEC;BWI;SEC;SR;OK;TASK000015129886;Priority 4;NA
SEC;MNT;SEC;SR;OK;TASK000015129896;Priority 4;NA
SEC;ETH;SEC;SR;Defect;TASK000015129922;Priority 3;NA
SEC;MNT;SEC;SR;OK;TASK000015130010;Priority 3;NA
SEC;BWI;SEC;SR;OK;TASK000015130092;Priority 3;NA
APS;ETH;APS;SR;OK;TASK000015130097;Priority 3;NA
L1;BWI;L1 ;SR;OK;TASK000015130246;Priority 3;NA
SEC;SYN;SEC;SR;OK;TASK000015130251;Priority 3;NA
APS;EES;APS;SR;OK;TASK000015130253;Priority 4;NA
APS;EES;APS;SR;OK;TASK000015130256;Priority 4;NA
APS;EES;APS;SR;OK;TASK000015130258;Priority 4;NA
APS;EES;APS;SR;OK;TASK000015130272;Priority 4;NA
SEC;ETH;SEC;SR;OK;TASK000015130279;Priority 4;NA
APS;ETH;APS;SR;OK;TASK000015130312;Priority 3;NA
APS;ETH;APS;SR;OK;TASK000015130322;Priority 3;NA
APS;EES;APS;SR;OK;TASK000015130334;Priority 4;NA
APS;EES;APS;SR;OK;TASK000015130340;Priority 4;NA
APS;EES;APS;SR;OK;TASK000015130345;Priority 4;NA
APS;EES;APS;SR;OK;TASK000015130349;Priority 4;NA
APS;EES;APS;SR;OK;TASK000015130361;Priority 4;NA
FUN;ETH;FUN;SR;OK;TASK000015130363;Priority 3;NA
SEC;ETH;SEC;SR;Defect;TASK000015130498;Priority 3;NA
SEC;EES;SEC;SR;OK;TASK000015130562;Priority 4;NA
0;BWI;L1 ;SR;OK;TASK000015130618;Priority 3;NA
SEC;EMS;SEC;SR;OK;TASK000015130650;Priority 3;NA
SEC;DXE;SEC;SR;OK;TASK000015130665;Priority 3;NA
APS;ETH;APS;SR;OK;TASK000015131177;Priority 3;NA
SEC;812;SEC;SR;OK;TASK000015131224;Priority 4;NA
APS;ETH;APS;SR;OK;TASK000015131242;Priority 3;NA
DBA;812;DBA;SR;OK;TASK000015131322;Priority 3;NA
APS;ETH;APS;SR;OK;TASK000015131402;Priority 3;NA
SEC;EES;SEC;SR;OK;TASK000015131403;Priority 4;NA
APS;ETH;APS;SR;OK;TASK000015131428;Priority 3;NA
FUN;812;FUN;SR;OK;TASK000015131457;Priority 4;NA
SEC;812;SEC;SR;OK;TASK000015131492;Priority 4;NA
FUN;MNT;FUN;SR;OK;TASK000015131494;Priority 3;NA
SEC;DXE;SEC;SR;OK;TASK000015131501;Priority 3;NA
SEC;812;SEC;SR;OK;TASK000015131528;Priority 3;NA
SEC;DXE;SEC;SR;OK;TASK000015131555;Priority 3;NA
FIN;812;FUN;SR;OK;TASK000015131675;Priority 4;NA
SEC;812;SEC;SR;OK;TASK000015131690;Priority 3;NA
FUN;EMS;FUN;SR;OK;TASK000015131769;Priority 3;NA
APS;ETH;APS;SR;OK;TASK000015131934;Priority 3;NA
SEC;EMS;SEC;SR;OK;TASK000015132150;Priority 3;NA
FUN;812;FUN;SR;OK;TASK000015132153;Priority 4;NA
OPS;WS;OPS;SR;OK;TASK000015132248;Priority 3;NA
DBA;812;DBA;SR;OK;TASK000015132254;Priority 3;NA
APS;ETH;APS;SR;OK;TASK000015132260;Priority 3;NA
SEC;DXE;SEC;SR;OK;TASK000015132334;Priority 3;NA
SEC;DXE;SEC;SR;Defect;TASK000015132343;Priority 3;NA
FIN;812;FUN;SR;OK;TASK000015132346;Priority 3;NA
SEC;812;SEC;SR;OK;TASK000015132370;Priority 4;NA
APS;ETH;APS;SR;OK;TASK000015132499;Priority 3;NA
DBA;812;DBA;SR;OK;TASK000015132632;Priority 3;NA
FUN;812;FUN;SR;OK;TASK000015132673;Priority 4;NA
APS;ETH;APS;SR;OK;TASK000015132681;Priority 3;NA
L1;BWI;L1 ;SR;OK;TASK000015132796;Priority 3;NA
SEC;DXE;SEC;SR;Defect;TASK000015132957;Priority 3;NA
CNC;WS;WS ;SR;OK;TASK000015133050;Priority 3;NA
SEC;BWI;SEC;SR;OK;TASK000015133112;Priority 4;NA
SEC;812;SEC;SR;OK;TASK000015133201;Priority 3;NA
SEC;DCF;SEC;SR;OK;TASK000015133381;Priority 4;NA
DBA;812;DBA;SR;OK;TASK000015133399;Priority 3;NA
APS;ETH;APS;SR;OK;TASK000015133445;Priority 3;NA
APS;ETH;APS;SR;OK;TASK000015133526;Priority 3;NA
DBA;812;DBA;SR;OK;TASK000015133585;Priority 3;NA
APS;ETH;APS;SR;OK;TASK000015133720;Priority 3;NA
SEC;ETH;SEC;SR;Defect;TASK000015133822;Priority 3;NA
SEC;EMS;FUN;SR;OK;TASK000015133825;Priority 3;NA
SEC;EMS;SEC;SR;OK;TASK000015133897;Priority 4;NA
SEC;SYN;SEC;SR;OK;TASK000015133946;Priority 3;NA
L1;BWI;L1 ;SR;OK;TASK000015134026;Priority 3;NA
SEC;812;SEC;SR;OK;TASK000015134147;Priority 4;NA
SEC;BWI;SEC;SR;OK;TASK000015134194;Priority 4;NA
SEC;BWI;SEC;SR;OK;TASK000015134281;Priority 4;NA
DBA;812;DBA;SR;OK;TASK000015134282;Priority 3;NA
SEC;DCF;SEC;SR;OK;TASK000015134306;Priority 4;NA
SEC;MNT;SEC;SR;OK;TASK000015134362;Priority 4;NA
APS;ETH;APS;SR;OK;TASK000015134406;Priority 3;NA
SEC;WS;SEC;SR;OK;TASK000015134448;Priority 3;NA
APS;ETH;APS;SR;OK;TASK000015134471;Priority 3;NA
SEC;SYN;SEC;SR;Defect;TASK000015134542;Priority 3;NA
SEC;DPY;SEC;SR;OK;TASK000015134546;Priority 4;NA
SEC;SYN;SEC;SR;OK;TASK000015134606;Priority 3;NA
SEC;ETH;SEC;SR;Defect;TASK000015134643;Priority 3;NA
TEC;SYN;FUN;SR;OK;TASK000015134649;Priority 3;NA
SEC;MNT;SEC;SR;OK;TASK000015134690;Priority 4;NA
SEC;BWI;SEC;SR;OK;TASK000015134800;Priority 4;NA
FUN;EES;FUN;SR;OK;TASK000015134930;Priority 3;NA
SEC;ETH;SEC;SR;OK;TASK000015135184;Priority 4;NA
TEC;DCF;TEC;SR;OK;TASK000015135343;Priority 3;NA
TEC;DCF;TEC;SR;OK;TASK000015135392;Priority 3;NA
APS;ETH;APS;SR;OK;TASK000015135824;Priority 3;NA
APS;ETH;APS;SR;OK;TASK000015135925;Priority 3;NA
SEC;DXE;SEC;SR;OK;TASK000015135993;Priority 4;NA
SEC;812;SEC;SR;Defect;TASK000015135995;Priority 3;NA
SEC;812;SEC;SR;Defect;TASK000015136027;Priority 3;NA
SEC;DCF;SEC;SR;OK;TASK000015136030;Priority 4;NA
DBA;812;DBA;SR;OK;TASK000015136036;Priority 3;NA
TEC;SYN;FUN;SR;OK;TASK000015136039;Priority 3;NA
SEC;812;SEC;SR;OK;TASK000015136043;Priority 4;NA
APS;ETH;APS;SR;OK;TASK000015136054;Priority 3;NA
CNC;812;MON;SR;OK;TASK000015136065;Priority 3;NA
DBA;812;DBA;SR;OK;TASK000015136066;Priority 3;NA
DBA;812;DBA;SR;OK;TASK000015136073;Priority 3;NA
DBA;812;DBA;SR;OK;TASK000015136127;Priority 3;NA
SEC;812;SEC;SR;OK;TASK000015136226;Priority 3;NA
FUN;COR;FUN;SR;OK;TASK000015136344;Priority 3;NA
APS;ETH;APS;SR;OK;TASK000015136362;Priority 3;NA
APS;ETH;APS;SR;OK;TASK000015136433;Priority 3;NA
DBA;812;DBA;SR;OK;TASK000015136541;Priority 3;NA
DCF;DCF;FUN;SR;OK;TASK000015136581;Priority 3;NA
SEC;ETH;SEC;SR;OK;TASK000015136598;Priority 4;NA
DBA;812;DBA;SR;OK;TASK000015136625;Priority 3;NA
L1;BWI;L1 ;SR;OK;TASK000015136661;Priority 3;NA
SEC;DXE;SEC;SR;OK;TASK000015136674;Priority 4;NA
FUN;812;FUN;SR;OK;TASK000015136809;Priority 4;NA
SEC;EES;SEC;SR;OK;TASK000015136838;Priority 4;NA
L1;WS;WS ;SR;OK;TASK000015136989;Priority 3;NA
SEC;MNT;SEC;SR;OK;TASK000015137001;Priority 4;NA
DBA;812;DBA;SR;OK;TASK000015137088;Priority 3;NA
SEC;ETH;SEC;SR;OK;TASK000015137126;Priority 4;NA
SCH;812;SCH;SR;Defect;TASK000015137181;Priority 3;NA
SEC;SYN;SEC;SR;OK;TASK000015137230;Priority 3;NA
FUN;ETH;FUN;SR;OK;TASK000015137258;Priority 3;NA
SEC;EMS;SEC;SR;OK;TASK000015137382;Priority 4;NA
SEC;812;SEC;SR;OK;TASK000015137607;Priority 3;NA
SEC;812;SEC;SR;OK;TASK000015137637;Priority 3;NA
SEC;812;SEC;SR;OK;TASK000015137650;Priority 3;NA
SEC;812;SEC;SR;OK;TASK000015137677;Priority 3;NA
SCH;812;SCH;SR;OK;TASK000015137735;Priority 3;NA
SEC;SYN;SEC;SR;OK;TASK000015137769;Priority 3;NA
SEC;BWI;SEC;SR;OK;TASK000015137775;Priority 4;NA
L1;BWI;L1 ;SR;OK;TASK000015137966;Priority 3;NA
L1;BWI;L1 ;SR;OK;TASK000015138131;Priority 3;NA
L1;BWI;L1 ;SR;OK;TASK000015138168;Priority 3;NA
SEC;SYN;SEC;SR;OK;TASK000015138176;Priority 3;NA
SEC;DPY;SEC;SR;OK;TASK000015138178;Priority 4;NA
SEC;BWI;SEC;SR;OK;TASK000015138213;Priority 4;NA
SEC;SYN;SEC;SR;OK;TASK000015138338;Priority 3;NA
SEC;SYN;SEC;SR;Defect;TASK000015138382;Priority 3;NA
SEC;EES;SEC;SR;OK;TASK000015138388;Priority 4;NA
SEC;BWI;SEC;SR;OK;TASK000015138555;Priority 4;NA
SEC;WS;SEC;SR;OK;TASK000015138582;Priority 3;NA
SEC;WS;SEC;SR;OK;TASK000015138603;Priority 3;NA
SEC;ETH;SEC;SR;Defect;TASK000015138668;Priority 3;NA
SEC;MNT;SEC;SR;OK;TASK000015138672;Priority 4;NA
SEC;MNT;SEC;SR;OK;TASK000015138730;Priority 4;NA
SEC;SYN;SEC;SR;OK;TASK000015138739;Priority 3;NA
SEC;MNT;SEC;SR;OK;TASK000015138964;Priority 4;NA
SEC;812;SEC;SR;Defect;TASK000015139113;Priority 3;NA
L1;BWI;L1 ;SR;OK;TASK000015139340;Priority 3;NA
APS;ETH;APS;SR;OK;TASK000015139602;Priority 3;NA
SEC;ETH;SEC;SR;OK;TASK000015139613;Priority 3;NA
SEC;812;SEC;SR;OK;TASK000015139859;Priority 3;NA
APS;ETH;APS;SR;OK;TASK000015139982;Priority 3;NA
APS;ETH;APS;SR;OK;TASK000015140038;Priority 3;NA
APS;ETH;APS;SR;OK;TASK000015140060;Priority 3;NA
APS;ETH;APS;SR;OK;TASK000015140147;Priority 3;NA
APS;ETH;APS;SR;OK;TASK000015140155;Priority 4;NA
DBA;812;DBA;SR;OK;TASK000015140176;Priority 3;NA
SCH;812;SCH;SR;OK;TASK000015140318;Priority 3;NA
FUN;COR;FUN;SR;OK;TASK000015140423;Priority 3;NA
FIN;812;FUN;SR;OK;TASK000015140426;Priority 3;NA
FUN;812;FUN;INC;OK;TASK000015140428;Priority 3;NA
FUN;COR;FUN;SR;OK;TASK000015140515;Priority 3;NA
FUN;COR;FUN;SR;OK;TASK000015140576;Priority 3;NA
SEC;812;SEC;SR;OK;TASK000015140666;Priority 4;NA
SEC;812;SEC;SR;OK;TASK000015140684;Priority 4;NA
L1;WS;WS ;SR;OK;TASK000015140738;Priority 3;NA
SEC;812;SEC;SR;OK;TASK000015140897;Priority 4;NA
SEC;MNT;SEC;SR;OK;TASK000015140921;Priority 4;NA
SEC;DPY;SEC;SR;OK;TASK000015140931;Priority 4;NA
SEC;MNT;SEC;SR;OK;TASK000015140954;Priority 4;NA
SEC;DXE;SEC;SR;OK;TASK000015140987;Priority 3;NA
APS;ETH;APS;SR;OK;TASK000015141044;Priority 3;NA
SEC;DCF;SEC;SR;OK;TASK000015141224;Priority 4;NA
SCH;812;SCH;SR;OK;TASK000015141225;Priority 3;NA
SEC;DCF;SEC;SR;OK;TASK000015141296;Priority 4;NA
SCH;812;SCH;SR;OK;TASK000015141299;Priority 3;NA
APS;ETH;APS;SR;OK;TASK000015141440;Priority 3;NA
FUN;DXE;FUN;SR;OK;TASK000015141441;Priority 3;NA
SCH;BWI;SCH;SR;OK;TASK000015141472;Priority 3;NA
SCH;BWI;SCH;SR;Defect;TASK000015141630;Priority 3;NA
SEC;BWI;SEC;SR;OK;TASK000015141823;Priority 4;NA
SEC;ETH;SEC;SR;OK;TASK000015142031;Priority 4;NA
SEC;DXE;SEC;SR;OK;TASK000015142117;Priority 3;NA
SEC;SYN;SEC;SR;OK;TASK000015142209;Priority 3;NA
SEC;EMS;SEC;SR;OK;TASK000015142222;Priority 3;NA
SEC;LAT;SEC;SR;OK;TASK000015142236;Priority 3;NA
SEC;ETH;SEC;SR;OK;TASK000015142427;Priority 3;NA
APS;ETH;APS;SR;OK;TASK000015142454;Priority 4;NA
SEC;EES;SEC;SR;OK;TASK000015142459;Priority 4;NA
APS;EES;APS;SR;OK;TASK000015142570;Priority 4;NA
SEC;BWI;SEC;SR;OK;TASK000015142698;Priority 4;NA
APS;EES;APS;SR;OK;TASK000015142775;Priority 4;NA
SEC;ETH;SEC;SR;Defect;TASK000015142874;Priority 3;NA
SEC;ETH;SEC;SR;OK;TASK000015142878;Priority 4;NA
SEC;DCF;SEC;SR;Defect;TASK000015143025;Priority 4;NA
SEC;DCF;SEC;SR;OK;TASK000015143036;Priority 4;NA
SEC;DCF;SEC;SR;OK;TASK000015143038;Priority 4;NA
SEC;DCF;SEC;SR;OK;TASK000015143069;Priority 4;NA
SEC;DCF;SEC;SR;OK;TASK000015143093;Priority 4;NA
SEC;EES;SEC;SR;OK;TASK000015143305;Priority 4;NA
SEC;ETH;SEC;SR;Defect;TASK000015143308;Priority 3;NA
SEC;BWI;SEC;SR;OK;TASK000015143400;Priority 4;NA
APS;DCF;APS;SR;OK;TASK000015143654;Priority 3;NA
DBA;812;DBA;SR;OK;TASK000015144386;Priority 3;NA
APS;ETH;APS;SR;OK;TASK000015144653;Priority 3;NA
DBA;812;DBA;SR;OK;TASK000015144696;Priority 3;NA
DBA;812;DBA;SR;OK;TASK000015144697;Priority 3;NA
DBA;812;DBA;SR;OK;TASK000015144715;Priority 3;NA
DBA;812;DBA;SR;OK;TASK000015144740;Priority 3;NA
SEC;812;SEC;SR;OK;TASK000015144750;Priority 4;NA
DBA;812;DBA;SR;OK;TASK000015144775;Priority 3;NA
SEC;812;SEC;SR;OK;TASK000015144782;Priority 4;NA
SEC;812;SEC;SR;OK;TASK000015144853;Priority 3;NA
FUN;COR;FUN;SR;OK;TASK000015144892;Priority 3;NA
DBA;812;DBA;SR;OK;TASK000015144912;Priority 3;NA
DBA;812;DBA;SR;OK;TASK000015144933;Priority 3;NA
DBA;812;DBA;SR;OK;TASK000015144943;Priority 3;NA
DBA;812;DBA;SR;OK;TASK000015145002;Priority 3;NA
DBA;812;DBA;SR;OK;TASK000015145013;Priority 3;NA
SEC;WS;SEC;SR;OK;TASK000015145057;Priority 3;NA
SEC;812;SEC;SR;OK;TASK000015145095;Priority 4;NA
SEC;812;SEC;SR;OK;TASK000015145097;Priority 3;NA
DBA;812;DBA;SR;OK;TASK000015145098;Priority 3;NA
DBA;812;DBA;SR;OK;TASK000015145099;Priority 3;NA
DBA;812;DBA;SR;OK;TASK000015145100;Priority 3;NA
SEC;EMS;SEC;SR;OK;TASK000015145139;Priority 3;NA
APS;ETH;APS;SR;OK;TASK000015145208;Priority 3;NA
FUN;812;FUN;SR;OK;TASK000015145246;Priority 3;NA
SEC;812;SEC;SR;OK;TASK000015145264;Priority 3;NA
FUN;812;FUN;SR;OK;TASK000015145291;Priority 3;NA
SEC;812;SEC;SR;OK;TASK000015145295;Priority 3;NA
SEC;812;SEC;SR;OK;TASK000015145297;Priority 3;NA
FUN;812;FUN;SR;OK;TASK000015145300;Priority 3;NA
FUN;812;FUN;SR;OK;TASK000015145301;Priority 3;NA
FUN;812;FUN;SR;OK;TASK000015145302;Priority 3;NA
FUN;812;FUN;SR;OK;TASK000015145303;Priority 3;NA
FUN;812;FUN;SR;OK;TASK000015145304;Priority 3;NA
FUN;812;FUN;SR;OK;TASK000015145309;Priority 3;NA
DBA;812;DBA;SR;OK;TASK000015145321;Priority 3;NA
SEC;812;SEC;SR;OK;TASK000015145324;Priority 3;NA
FUN;DXE;FUN;SR;OK;TASK000015145332;Priority 3;NA
APS;ETH;APS;SR;OK;TASK000015145364;Priority 3;NA
SEC;812;SEC;SR;OK;TASK000015145386;Priority 3;NA
APS;ETH;APS;SR;OK;TASK000015145432;Priority 3;NA
SEC;DCF;SEC;SR;OK;TASK000015145481;Priority 4;NA
DBA;812;DBA;SR;OK;TASK000015145515;Priority 3;NA
SEC;812;SEC;SR;OK;TASK000015145738;Priority 3;NA
DBA;812;DBA;SR;OK;TASK000015145774;Priority 3;NA
DBA;812;DBA;SR;OK;TASK000015145918;Priority 3;NA
APS;ETH;APS;SR;OK;TASK000015145921;Priority 3;NA
FIN;812;FUN;SR;OK;TASK000015145964;Priority 4;NA
DBA;812;DBA;SR;OK;TASK000015145969;Priority 3;NA
SEC;DCF;SEC;SR;OK;TASK000015146008;Priority 4;NA
SEC;ETH;SEC;SR;OK;TASK000015146051;Priority 4;NA
FUN;WS;FUN;SR;OK;TASK000015146055;Priority 3;NA
TEC;DCF;TEC;SR;OK;TASK000015146084;Priority 3;NA
DBA;812;DBA;SR;OK;TASK000015146105;Priority 3;NA
SEC;812;SEC;SR;OK;TASK000015146123;Priority 3;NA
FIN;812;FUN;SR;OK;TASK000015146150;Priority 4;NA
SEC;BWI;SEC;SR;OK;TASK000015146207;Priority 4;NA
SEC;BWI;SEC;SR;OK;TASK000015146216;Priority 4;NA
SEC;SYN;SEC;SR;OK;TASK000015146221;Priority 3;NA
SEC;BWI;SEC;SR;OK;TASK000015146255;Priority 4;NA
OPS;EMS;OPS;SR;OK;TASK000015146367;Priority 3;NA
SEC;BWI;SEC;SR;OK;TASK000015146374;Priority 4;NA
DBA;812;DBA;SR;Defect;TASK000015146386;Priority 3;NA
FUN;812;FUN;SR;OK;TASK000015146438;Priority 3;NA
DBA;812;DBA;SR;OK;TASK000015146442;Priority 3;NA
DBA;812;DBA;SR;OK;TASK000015146445;Priority 3;NA
SEC;812;SEC;SR;OK;TASK000015146602;Priority 4;NA
SEC;SYN;SEC;SR;OK;TASK000015146604;Priority 3;NA
DBA;812;DBA;SR;OK;TASK000015146606;Priority 3;NA
SEC;812;SEC;SR;Defect;TASK000015146631;Priority 3;NA
SCH;812;SCH;SR;OK;TASK000015146750;Priority 3;NA
SEC;812;SEC;SR;OK;TASK000015146756;Priority 3;NA
SEC;812;SEC;SR;OK;TASK000015146786;Priority 3;NA
SEC;BWI;SEC;SR;OK;TASK000015146801;Priority 4;NA
TEC;DCF;TEC;SR;OK;TASK000015146871;Priority 3;NA
TEC;BWI;TEC;SR;OK;TASK000015146957;Priority 3;NA
SEC;EES;SEC;SR;OK;TASK000015147002;Priority 4;NA
APS;ETH;APS;SR;OK;TASK000015147113;Priority 3;NA
SEC;MNT;SEC;SR;OK;TASK000015147121;Priority 4;NA
DBA;812;DBA;SR;OK;TASK000015147201;Priority 3;NA
SEC;WS;SEC;SR;OK;TASK000015147212;Priority 3;NA
APS;ETH;APS;SR;OK;TASK000015147213;Priority 3;NA
SEC;WS;SEC;SR;OK;TASK000015147240;Priority 3;NA
SEC;WS;SEC;SR;OK;TASK000015147261;Priority 3;NA
FUN;DXE;FUN;SR;OK;TASK000015147266;Priority 3;NA
SEC;EMS;SEC;SR;OK;TASK000015147356;Priority 3;NA
SEC;BWI;SEC;SR;OK;TASK000015147622;Priority 4;NA
APS;EES;APS;SR;OK;TASK000015147654;Priority 4;NA
APS;EES;APS;SR;OK;TASK000015147655;Priority 4;NA
APS;EES;APS;SR;OK;TASK000015147656;Priority 4;NA
TEC;SYN;FUN;SR;OK;TASK000015147783;Priority 3;NA
SEC;BWI;SEC;SR;OK;TASK000015147806;Priority 4;NA
SEC;EES;SEC;SR;OK;TASK000015147850;Priority 4;NA
SEC;812;SEC;SR;Defect;TASK000015147908;Priority 3;NA
TEC;LAT;TEC;SR;OK;TASK000015147917;Priority 3;NA
SEC;812;SEC;SR;Defect;TASK000015147927;Priority 3;NA
SEC;812;SEC;SR;Defect;TASK000015147942;Priority 3;NA
SEC;812;SEC;SR;OK;TASK000015147991;Priority 4;NA
SEC;812;SEC;SR;OK;TASK000015148026;Priority 3;NA
DBA;812;DBA;SR;OK;TASK000015148067;Priority 3;NA
APS;ETH;APS;SR;OK;TASK000015148194;Priority 3;NA
APS;ETH;APS;SR;OK;TASK000015148276;Priority 3;NA
SEC;MNT;SEC;SR;OK;TASK000015148350;Priority 4;NA
FUN;ETH;FUN;SR;OK;TASK000015148528;Priority 3;NA
FUN;MNT;FUN;SR;OK;TASK000015148685;Priority 3;NA
SEC;DXE;SEC;SR;OK;TASK000015149061;Priority 4;NA
SEC;DCF;SEC;SR;OK;TASK000015149638;Priority 4;NA
SEC;812;SEC;SR;OK;TASK000015150192;Priority 3;NA
SEC;812;SEC;SR;OK;TASK000015150193;Priority 3;NA
DBA;812;DBA;SR;OK;TASK000015150221;Priority 3;NA
SEC;812;SEC;SR;OK;TASK000015150304;Priority 3;NA
SEC;812;SEC;SR;OK;TASK000015150363;Priority 3;NA
DBA;812;DBA;SR;OK;TASK000015150391;Priority 3;NA
DBA;812;DBA;SR;OK;TASK000015150530;Priority 3;NA
SEC;812;SEC;SR;OK;TASK000015150576;Priority 3;NA
SEC;812;SEC;SR;OK;TASK000015150623;Priority 4;NA
FIN;812;FUN;SR;OK;TASK000015150638;Priority 3;NA
DBA;812;DBA;SR;OK;TASK000015150643;Priority 3;NA
FIN;812;FUN;SR;OK;TASK000015150656;Priority 3;NA
SEC;812;SEC;SR;OK;TASK000015150709;Priority 3;NA
DBA;812;DBA;SR;OK;TASK000015150717;Priority 3;NA
DBA;812;DBA;SR;OK;TASK000015150782;Priority 3;NA
DBA;812;DBA;SR;OK;TASK000015151054;Priority 3;NA
TEC;BWI;TEC;SR;OK;TASK000015151245;Priority 3;NA
APS;ETH;APS;SR;OK;TASK000015151290;Priority 3;NA
DBA;812;DBA;SR;OK;TASK000015151468;Priority 3;NA
SEC;MNT;SEC;SR;OK;TASK000015151476;Priority 4;NA
APS;ETH;APS;SR;OK;TASK000015151495;Priority 3;NA
DBA;812;DBA;SR;OK;TASK000015151669;Priority 3;NA
APS;ETH;APS;SR;OK;TASK000015151746;Priority 3;NA
DBA;812;DBA;SR;OK;TASK000015151866;Priority 3;NA
SEC;MNT;SEC;SR;OK;TASK000015151902;Priority 4;NA
SEC;ETH;SEC;SR;OK;TASK000015152138;Priority 3;NA
APS;ETH;APS;SR;OK;TASK000015152233;Priority 4;NA
L1;WS;WS ;SR;OK;TASK000015152243;Priority 3;NA
TEC;LAT;TEC;SR;OK;TASK000015152294;Priority 3;NA
SEC;812;SEC;SR;Defect;TASK000015152305;Priority 3;NA
APS;ETH;APS;SR;OK;TASK000015152388;Priority 3;NA
SEC;812;SEC;SR;Defect;TASK000015152407;Priority 3;NA
SEC;812;SEC;SR;OK;TASK000015152556;Priority 4;NA
SEC;SYN;SEC;SR;OK;TASK000015152650;Priority 3;NA
FUN;812;FUN;SR;OK;TASK000015152686;Priority 3;NA
APS;ETH;APS;SR;OK;TASK000015152780;Priority 3;NA
TEC;DCF;TEC;SR;OK;TASK000015152851;Priority 3;NA
APS;ETH;APS;SR;OK;TASK000015152903;Priority 3;NA
FIN;812;FUN;SR;OK;TASK000015153045;Priority 4;NA
TEC;ETH;TEC;SR;OK;TASK000015153501;Priority 4;NA
SEC;SYN;SEC;SR;OK;TASK000015153641;Priority 3;NA
L1;BWI;L1 ;SR;OK;TASK000015153644;Priority 3;NA
TEC;SYN;FUN;SR;OK;TASK000015153651;Priority 3;NA
SEC;EES;SEC;SR;OK;TASK000015153655;Priority 4;NA
SEC;BWI;SEC;SR;OK;TASK000015153706;Priority 4;NA
TEC;DCF;TEC;SR;OK;TASK000015153720;Priority 3;NA
SEC;BWI;SEC;SR;OK;TASK000015153744;Priority 4;NA
SEC;ETH;SEC;SR;OK;TASK000015153772;Priority 3;NA
SEC;BWI;SEC;SR;OK;TASK000015153781;Priority 4;NA
SEC;BWI;SEC;SR;OK;TASK000015153799;Priority 4;NA
SEC;BWI;SEC;SR;OK;TASK000015153803;Priority 4;NA
SEC;WS;SEC;SR;OK;TASK000015153925;Priority 3;NA
CNC;BWI;L1 ;SR;OK;TASK000015153941;Priority 3;NA
FIN;812;FUN;SR;OK;TASK000015154092;Priority 4;NA
SEC;BWI;SEC;SR;OK;TASK000015154282;Priority 4;NA
SEC;812;SEC;SR;OK;TASK000015155629;Priority 4;NA
SEC;812;SEC;SR;OK;TASK000015156360;Priority 4;NA
SEC;BWI;SEC;SR;OK;TASK000015156398;Priority 4;NA
SEC;812;SEC;SR;OK;TASK000015156457;Priority 4;NA
SEC;BWI;SEC;SR;OK;TASK000015156484;Priority 4;NA
SEC;BWI;SEC;SR;OK;TASK000015156575;Priority 4;NA
SEC;812;SEC;SR;OK;TASK000015156699;Priority 4;NA
SEC;DCF;SEC;SR;OK;TASK000015157090;Priority 4;NA
SEC;812;SEC;SR;OK;TASK000015157106;Priority 4;NA
FUN;812;FUN;SR;OK;TASK000015157113;Priority 4;NA
FIN;812;FUN;SR;OK;TASK000015157222;Priority 4;NA
FIN;812;INS;INC;OK;TASK000015157342;Priority 4;NA
SEC;BWI;SEC;SR;OK;TASK000015157557;Priority 4;NA
SEC;BWI;SEC;SR;OK;TASK000015157956;Priority 4;NA
FUN;MNT;FUN;SR;OK;TASK000015157993;Priority 4;NA
SEC;EES;SEC;SR;OK;TASK000015158271;Priority 4;NA
SEC;EES;SEC;SR;OK;TASK000015158421;Priority 4;NA
SEC;EES;SEC;SR;OK;TASK000015158448;Priority 4;NA
SEC;DPY;SEC;SR;OK;TASK000015158585;Priority 4;NA
SEC;DPY;SEC;SR;OK;TASK000015158724;Priority 4;NA
SEC;DPY;SEC;SR;OK;TASK000015158749;Priority 4;NA
SEC;BWI;SEC;SR;OK;TASK000015158960;Priority 4;NA
SEC;ETH;SEC;SR;OK;TASK000015159232;Priority 4;NA
FIN;812;FUN;SR;OK;TASK000015159851;Priority 4;NA
SEC;DXE;SEC;SR;OK;TASK000015160349;Priority 4;NA
FUN;DXE;FUN;SR;OK;TASK000015160448;Priority 4;NA
SEC;812;SEC;SR;OK;TASK000015160961;Priority 4;NA
TEC;ETH;TEC;SR;OK;TASK000015160995;Priority 4;NA
SEC;812;SEC;SR;OK;TASK000015161075;Priority 4;NA
FIN;812;FUN;SR;OK;TASK000015161171;Priority 4;NA
SEC;ETH;SEC;SR;OK;TASK000015161172;Priority 4;NA
FUN;812;FUN;SR;OK;TASK000015161307;Priority 4;NA
SEC;DCF;SEC;SR;OK;TASK000015161874;Priority 4;NA
FUN;812;FUN;SR;Defect;TASK000015161930;Priority 4;NA
SEC;812;SEC;SR;OK;TASK000015162012;Priority 4;NA
FUN;812;FUN;SR;OK;TASK000015162032;Priority 4;NA
FUN;812;FUN;SR;OK;TASK000015162263;Priority 4;NA
SEC;DCF;SEC;SR;OK;TASK000015162279;Priority 4;NA
SEC;BWI;SEC;SR;OK;TASK000015162543;Priority 4;NA
SEC;BWI;SEC;SR;OK;TASK000015162741;Priority 4;NA
FUN;ETH;FUN;SR;OK;TASK000015162949;Priority 4;NA
APS;EES;APS;SR;OK;TASK000015163057;Priority 4;NA
APS;EES;APS;SR;OK;TASK000015163063;Priority 4;NA
APS;EES;APS;SR;OK;TASK000015163070;Priority 4;NA
APS;EES;APS;SR;OK;TASK000015163080;Priority 4;NA
APS;EES;APS;SR;OK;TASK000015163091;Priority 4;NA
APS;EES;APS;SR;OK;TASK000015163109;Priority 4;NA
APS;EES;APS;SR;OK;TASK000015163130;Priority 4;NA
APS;EES;APS;SR;OK;TASK000015163139;Priority 4;NA
APS;EES;APS;SR;OK;TASK000015163142;Priority 4;NA
APS;EES;APS;SR;OK;TASK000015163149;Priority 4;NA
APS;EES;APS;SR;OK;TASK000015163157;Priority 4;NA
APS;EES;APS;SR;OK;TASK000015163170;Priority 4;NA
SEC;BWI;SEC;SR;OK;TASK000015163428;Priority 4;NA
FUN;EES;FUN;SR;OK;TASK000015163541;Priority 4;NA
SEC;DCF;SEC;SR;OK;TASK000015163569;Priority 4;NA
SEC;MNT;SEC;SR;OK;TASK000015163776;Priority 4;NA
SEC;DCF;SEC;SR;OK;TASK000015164197;Priority 4;NA
SEC;MNT;SEC;SR;OK;TASK000015164288;Priority 4;NA
L1;812;MON;SR;OK;TASK000015164658;Priority 3;NA
SEC;812;SEC;SR;Defect;TASK000015164681;Priority 3;NA
SCH;812;SCH;SR;OK;TASK000015164860;Priority 3;NA
FUN;812;FUN;SR;OK;TASK000015165004;Priority 3;NA
FUN;812;FUN;SR;OK;TASK000015165005;Priority 3;NA
SEC;812;SEC;SR;OK;TASK000015165112;Priority 3;NA
SEC;812;SEC;SR;OK;TASK000015165127;Priority 3;NA
FUN;812;FUN;SR;OK;TASK000015165269;Priority 4;NA
FIN;812;FUN;SR;OK;TASK000015165285;Priority 3;NA
FIN;812;FUN;SR;OK;TASK000015165363;Priority 3;NA
SEC;812;SEC;SR;OK;TASK000015165436;Priority 3;NA
FUN;812;FUN;SR;OK;TASK000015165529;Priority 3;NA
SEC;812;SEC;SR;OK;TASK000015165562;Priority 4;NA
SEC;812;SEC;SR;OK;TASK000015165639;Priority 3;NA
DBA;812;DBA;SR;OK;TASK000015165657;Priority 3;NA
TEC;BWI;TEC;SR;OK;TASK000015165715;Priority 3;NA
FUN;812;FUN;SR;OK;TASK000015165816;Priority 4;NA
FUN;812;FUN;SR;OK;TASK000015165858;Priority 3;NA
DBA;812;DBA;SR;OK;TASK000015165951;Priority 3;NA
FUN;812;FUN;SR;OK;TASK000015166111;Priority 3;NA
SEC;WS;SEC;SR;OK;TASK000015166215;Priority 3;NA
APS;EES;APS;SR;OK;TASK000015166220;Priority 4;NA
FUN;EES;FUN;SR;OK;TASK000015166281;Priority 3;NA
APS;ETH;APS;SR;OK;TASK000015166333;Priority 3;NA
SEC;EES;SEC;SR;OK;TASK000015166582;Priority 3;NA
SEC;DCF;SEC;SR;OK;TASK000015166600;Priority 4;NA
SEC;812;SEC;SR;OK;TASK000015166676;Priority 4;NA
SEC;812;SEC;SR;OK;TASK000015166739;Priority 4;NA
SEC;EES;SEC;SR;OK;TASK000015166821;Priority 3;NA
FIN;DXE;FUN;SR;OK;TASK000015166952;Priority 4;NA
SEC;DXE;SEC;SR;OK;TASK000015167014;Priority 4;NA
SEC;DXE;SEC;SR;OK;TASK000015167041;Priority 4;NA
SEC;812;SEC;SR;OK;TASK000015167172;Priority 4;NA
SEC;DXE;SEC;SR;OK;TASK000015167240;Priority 4;NA
SCH;812;SCH;SR;OK;TASK000015167291;Priority 3;NA
SCH;812;SCH;SR;OK;TASK000015167303;Priority 3;NA
SEC;EES;SEC;SR;OK;TASK000015167493;Priority 3;NA
SEC;MNT;SEC;SR;OK;TASK000015167567;Priority 4;NA
SEC;MNT;SEC;SR;OK;TASK000015167600;Priority 4;NA
TEC;SYN;FUN;SR;OK;TASK000015167653;Priority 3;NA
SEC;SYN;SEC;SR;Defect;TASK000015167824;Priority 3;NA
SEC;SYN;SEC;SR;Defect;TASK000015167863;Priority 3;NA
SEC;SYN;SEC;SR;Defect;TASK000015167910;Priority 3;NA
SEC;SYN;SEC;SR;OK;TASK000015167926;Priority 4;NA
SEC;MNT;SEC;SR;OK;TASK000015167927;Priority 4;NA
SEC;ETH;SEC;SR;OK;TASK000015167945;Priority 3;NA
APS;EES;APS;SR;OK;TASK000015168014;Priority 3;NA
SEC;BWI;SEC;SR;OK;TASK000015168102;Priority 4;NA
FUN;ETH;FUN;INC;OK;TASK000015168103;Priority 3;NA
SEC;BWI;SEC;SR;OK;TASK000015168174;Priority 4;NA
APS;EES;APS;SR;OK;TASK000015168176;Priority 3;NA
SEC;EES;SEC;SR;OK;TASK000015168189;Priority 3;NA
APS;ETH;APS;SR;OK;TASK000015168245;Priority 3;NA
SEC;ETH;SEC;SR;OK;TASK000015168450;Priority 3;NA
SEC;ETH;SEC;SR;OK;TASK000015168451;Priority 3;NA
SEC;ETH;SEC;SR;OK;TASK000015168452;Priority 3;NA
SEC;ETH;SEC;SR;OK;TASK000015168454;Priority 3;NA
SEC;ETH;SEC;SR;OK;TASK000015168457;Priority 3;NA
SEC;ETH;SEC;SR;OK;TASK000015168458;Priority 4;NA
SEC;ETH;SEC;SR;OK;TASK000015168460;Priority 3;NA
SEC;ETH;SEC;SR;OK;TASK000015168461;Priority 3;NA
SEC;ETH;SEC;SR;Defect;TASK000015168467;Priority 3;NA
SEC;ETH;SEC;SR;OK;TASK000015168470;Priority 4;NA
SEC;ETH;SEC;SR;Defect;TASK000015168471;Priority 3;NA
SEC;ETH;SEC;SR;Defect;TASK000015168474;Priority 3;NA
SEC;ETH;SEC;SR;Defect;TASK000015168475;Priority 3;NA
SEC;ETH;SEC;SR;OK;TASK000015168476;Priority 4;NA
SEC;ETH;SEC;SR;Defect;TASK000015168477;Priority 3;NA
SEC;ETH;SEC;SR;OK;TASK000015168480;Priority 4;NA
SEC;EMS;SEC;SR;OK;TASK000015168519;Priority 3;NA
DCF;DCF;FUN;SR;OK;TASK000015168684;Priority 3;NA
SEC;BWI;SEC;SR;OK;TASK000015168823;Priority 4;NA
SEC;EES;SEC;SR;OK;TASK000015168855;Priority 3;NA
SEC;DCF;SEC;SR;OK;TASK000015168994;Priority 4;NA
SEC;SYN;SEC;SR;OK;TASK000015169113;Priority 3;NA
FIN;MNT;FUN;SR;OK;TASK000015169195;Priority 3;NA
FIN;MNT;FUN;SR;OK;TASK000015169197;Priority 3;NA
SEC;ETH;SEC;SR;OK;TASK000015169869;Priority 3;NA
SEC;DPY;SEC;SR;OK;TASK000015170304;Priority 3;NA
DBA;812;DBA;SR;OK;TASK000015170506;Priority 3;NA
DBA;812;DBA;SR;OK;TASK000015170680;Priority 3;NA
DBA;812;DBA;SR;OK;TASK000015170850;Priority 3;NA
DCF;DCF;FUN;SR;OK;TASK000015170885;Priority 3;NA
DBA;812;DBA;SR;OK;TASK000015170927;Priority 3;NA
FUN;ETH;FUN;SR;OK;TASK000015170988;Priority 4;NA
SEC;EMS;SEC;SR;Defect;TASK000015171022;Priority 3;NA
SEC;DPY;SEC;SR;OK;TASK000015171071;Priority 4;NA
SEC;812;SEC;SR;OK;TASK000015171251;Priority 3;NA
SEC;DCF;SEC;SR;OK;TASK000015171402;Priority 4;NA
FUN;WS;FUN;SR;OK;TASK000015171457;Priority 3;NA
APS;ETH;APS;SR;OK;TASK000015171520;Priority 4;NA
SEC;ETH;SEC;SR;OK;TASK000015171656;Priority 4;NA
SEC;BWI;SEC;SR;OK;TASK000015171805;Priority 4;NA
SCH;812;SCH;SR;OK;TASK000015171844;Priority 3;NA
SCH;812;SCH;SR;OK;TASK000015171888;Priority 3;NA
SEC;ETH;SEC;SR;OK;TASK000015171898;Priority 3;NA
TEC;BWI;TEC;SR;OK;TASK000015172007;Priority 3;NA
SEC;ETH;SEC;SR;OK;TASK000015172185;Priority 3;NA
DBA;812;DBA;SR;OK;TASK000015172221;Priority 3;NA
SEC;DXE;SEC;SR;OK;TASK000015172231;Priority 4;NA
SEC;SYN;SEC;SR;OK;TASK000015172276;Priority 3;NA
FIN;MNT;FUN;SR;OK;TASK000015172335;Priority 3;NA
SEC;SYN;SEC;SR;OK;TASK000015172339;Priority 3;NA
SEC;812;SEC;SR;Defect;TASK000015172354;Priority 3;NA
SEC;ETH;SEC;SR;OK;TASK000015172373;Priority 3;NA
SEC;SYN;SEC;SR;OK;TASK000015172374;Priority 3;NA
SEC;ETH;SEC;SR;OK;TASK000015172379;Priority 3;NA
SEC;SYN;SEC;SR;OK;TASK000015172388;Priority 3;NA
SEC;812;SEC;SR;OK;TASK000015172428;Priority 3;NA
SEC;BWI;SEC;SR;OK;TASK000015172450;Priority 4;NA
SEC;812;SEC;SR;Defect;TASK000015172469;Priority 3;NA
SEC;DPY;SEC;SR;OK;TASK000015172527;Priority 3;NA
APS;EES;APS;SR;OK;TASK000015172577;Priority 4;NA
APS;EES;APS;SR;OK;TASK000015172587;Priority 4;NA
SEC;DPY;SEC;SR;OK;TASK000015172618;Priority 4;NA
SEC;WS;SEC;SR;OK;TASK000015172707;Priority 3;NA
TEC;SYN;FUN;SR;OK;TASK000015172719;Priority 3;NA
SEC;WS;SEC;SR;OK;TASK000015172724;Priority 3;NA
DBA;812;DBA;SR;OK;TASK000015172788;Priority 3;NA
SEC;EES;SEC;SR;OK;TASK000015172795;Priority 3;NA
SEC;EES;SEC;SR;OK;TASK000015172800;Priority 3;NA
SEC;EES;SEC;SR;OK;TASK000015172847;Priority 3;NA
SEC;BWI;SEC;SR;OK;TASK000015172852;Priority 4;NA
SEC;EES;SEC;SR;OK;TASK000015172862;Priority 3;NA
SEC;812;SEC;SR;OK;TASK000015172890;Priority 3;NA
SEC;EES;SEC;SR;OK;TASK000015172936;Priority 4;NA
SEC;812;SEC;SR;OK;TASK000015172939;Priority 4;NA
SEC;EMS;SEC;SR;OK;TASK000015173018;Priority 4;NA
SEC;812;SEC;SR;Defect;TASK000015173045;Priority 3;NA
FUN;812;FUN;SR;OK;TASK000015173088;Priority 4;NA
DCF;DCF;FUN;SR;OK;TASK000015173143;Priority 3;NA
SEC;EES;SEC;SR;OK;TASK000015173305;Priority 4;NA
SEC;812;SEC;SR;OK;TASK000015173338;Priority 3;NA
SEC;DCF;SEC;SR;OK;TASK000015173343;Priority 4;NA
SEC;812;SEC;SR;OK;TASK000015173424;Priority 3;NA
SEC;SYN;SEC;SR;OK;TASK000015173426;Priority 3;NA
SEC;EES;SEC;SR;OK;TASK000015173436;Priority 3;NA
SEC;BWI;SEC;SR;OK;TASK000015173532;Priority 4;NA
SEC;MNT;SEC;SR;OK;TASK000015173627;Priority 4;NA
SEC;812;SEC;SR;OK;TASK000015173641;Priority 3;NA
DBA;812;DBA;SR;OK;TASK000015173855;Priority 3;NA
SEC;SYN;SEC;SR;OK;TASK000015173945;Priority 3;NA
SEC;SYN;SEC;SR;OK;TASK000015173958;Priority 3;NA
SEC;MNT;SEC;SR;OK;TASK000015173962;Priority 4;NA
SEC;MNT;SEC;SR;OK;TASK000015173985;Priority 4;NA
SEC;EES;SEC;SR;OK;TASK000015174110;Priority 4;NA
SEC;WS;SEC;SR;OK;TASK000015174383;Priority 3;NA
SEC;MNT;SEC;SR;OK;TASK000015174424;Priority 4;NA
SEC;MNT;SEC;SR;OK;TASK000015174439;Priority 4;NA
SEC;SYN;SEC;SR;OK;TASK000015174473;Priority 3;NA
DBA;812;DBA;SR;OK;TASK000015174611;Priority 3;NA
DBA;812;DBA;SR;OK;TASK000015174622;Priority 3;NA
SEC;SYN;SEC;SR;Defect;TASK000015174858;Priority 3;NA
SEC;SYN;SEC;SR;Defect;TASK000015174877;Priority 3;NA
DCF;DCF;FUN;SR;OK;TASK000015175296;Priority 3;NA
FUN;COR;FUN;SR;OK;TASK000015176046;Priority 3;NA
SEC;SYN;SEC;SR;OK;TASK000015176062;Priority 3;NA
SEC;812;SEC;SR;Defect;TASK000015176118;Priority 3;NA
SEC;812;SEC;SR;OK;TASK000015176172;Priority 3;NA
FUN;812;FUN;SR;OK;TASK000015176247;Priority 3;NA
SEC;DCF;SEC;SR;OK;TASK000015176323;Priority 4;NA
SEC;EMS;SEC;SR;OK;TASK000015176338;Priority 3;NA
FUN;812;FUN;SR;OK;TASK000015176348;Priority 4;NA
SEC;DXE;SEC;SR;Defect;TASK000015176386;Priority 3;NA
SEC;DXE;SEC;SR;OK;TASK000015176488;Priority 4;NA
SCH;812;SCH;SR;OK;TASK000015176528;Priority 3;NA
FUN;812;FUN;SR;OK;TASK000015176722;Priority 3;NA
SEC;DCF;SEC;SR;OK;TASK000015177044;Priority 4;NA
SEC;ETH;SEC;SR;OK;TASK000015177070;Priority 3;NA
SEC;812;SEC;SR;OK;TASK000015177144;Priority 4;NA
SEC;BWI;SEC;SR;OK;TASK000015177318;Priority 4;NA
SEC;WS;SEC;SR;OK;TASK000015177345;Priority 3;NA
SEC;812;SEC;SR;Defect;TASK000015177494;Priority 3;NA
TEC;SYN;FUN;SR;OK;TASK000015177584;Priority 3;NA
SEC;812;SEC;SR;Defect;TASK000015177587;Priority 3;NA
SEC;BWI;SEC;SR;OK;TASK000015177613;Priority 4;NA
SEC;BWI;SEC;SR;OK;TASK000015177648;Priority 4;NA
SEC;812;SEC;SR;OK;TASK000015177649;Priority 4;NA
SEC;812;SEC;SR;OK;TASK000015177658;Priority 4;NA
SEC;812;SEC;SR;OK;TASK000015177671;Priority 3;NA
SEC;812;SEC;SR;Defect;TASK000015177687;Priority 3;NA
SEC;812;SEC;SR;OK;TASK000015177714;Priority 3;NA
SEC;DCF;SEC;SR;OK;TASK000015177738;Priority 4;NA
SEC;BWI;SEC;SR;OK;TASK000015177775;Priority 4;NA
SEC;BWI;SEC;SR;OK;TASK000015177776;Priority 4;NA
APS;ETH;APS;SR;OK;TASK000015177934;Priority 3;NA
DBA;812;DBA;SR;OK;TASK000015178004;Priority 3;NA
SEC;812;SEC;SR;OK;TASK000015178019;Priority 3;NA
SCH;812;SCH;SR;OK;TASK000015178119;Priority 3;NA
FUN;812;FUN;SR;OK;TASK000015178197;Priority 4;NA
SEC;812;SEC;SR;OK;TASK000015178204;Priority 3;NA
FUN;DXE;FUN;SR;OK;TASK000015178303;Priority 3;NA
FIN;812;FUN;SR;OK;TASK000015178523;Priority 3;NA
FUN;812;FUN;SR;OK;TASK000015178528;Priority 4;NA
SCH;812;SCH;SR;OK;TASK000015178653;Priority 3;NA
APS;ETH;APS;SR;OK;TASK000015178737;Priority 4;NA
APS;ETH;APS;SR;OK;TASK000015178766;Priority 4;NA
APS;EES;APS;SR;OK;TASK000015178863;Priority 4;NA
SEC;BWI;SEC;SR;OK;TASK000015178890;Priority 4;NA
SEC;BWI;SEC;SR;OK;TASK000015178902;Priority 4;NA
SEC;MNT;SEC;SR;OK;TASK000015178922;Priority 4;NA
SEC;DCF;SEC;SR;OK;TASK000015179007;Priority 4;NA
DBA;812;DBA;SR;OK;TASK000015179335;Priority 3;NA
DBA;812;DBA;SR;OK;TASK000015179351;Priority 3;NA
SEC;ETH;SEC;SR;OK;TASK000015179353;Priority 3;NA
SEC;MNT;SEC;SR;OK;TASK000015179526;Priority 4;NA
SEC;BWI;SEC;SR;Defect;TASK000015179574;Priority 4;NA
FUN;MNT;FUN;SR;OK;TASK000015179580;Priority 3;NA
DBA;812;DBA;SR;OK;TASK000015179676;Priority 3;NA
DBA;812;DBA;SR;OK;TASK000015179682;Priority 3;NA
SEC;MNT;SEC;SR;OK;TASK000015179691;Priority 4;NA
SEC;EES;SEC;SR;Defect;TASK000015179731;Priority 3;NA
SEC;SYN;SEC;SR;OK;TASK000015179772;Priority 3;NA
SEC;SYN;SEC;SR;OK;TASK000015179779;Priority 4;NA
SEC;SYN;SEC;SR;OK;TASK000015179802;Priority 3;NA
APS;ETH;APS;SR;OK;TASK000015179822;Priority 3;NA
APS;ETH;APS;SR;OK;TASK000015179872;Priority 4;NA
L1;BWI;L1 ;SR;OK;TASK000015179925;Priority 3;NA
APS;ETH;APS;SR;OK;TASK000015180717;Priority 3;NA
SEC;DCF;SEC;SR;OK;TASK000015180735;Priority 4;NA
APS;DCF;APS;SR;OK;TASK000015180818;Priority 3;NA
DBA;812;DBA;SR;OK;TASK000015181141;Priority 3;NA
SCH;812;SCH;SR;OK;TASK000015181208;Priority 3;NA
SEC;812;SEC;SR;Defect;TASK000015181217;Priority 3;NA
SEC;812;SEC;SR;OK;TASK000015181221;Priority 3;NA
DCF;DCF;FUN;INC;OK;TASK000015181284;Priority 4;NA
FUN;DXE;FUN;SR;OK;TASK000015181293;Priority 3;NA
L1;812;MON;SR;OK;TASK000015181423;Priority 3;NA
SEC;MNT;SEC;SR;OK;TASK000015181435;Priority 4;NA
APS;ETH;APS;SR;OK;TASK000015181516;Priority 3;NA
APS;ETH;APS;SR;OK;TASK000015181523;Priority 3;NA
SEC;BWI;SEC;SR;OK;TASK000015181590;Priority 4;NA
DBA;812;DBA;SR;OK;TASK000015181603;Priority 3;NA
FUN;812;FUN;SR;OK;TASK000015181671;Priority 4;NA
SCH;812;SCH;SR;OK;TASK000015181733;Priority 3;NA
SCH;812;SCH;SR;OK;TASK000015181758;Priority 3;NA
SEC;EDS;SEC;SR;OK;TASK000015181806;Priority 3;NA
DBA;812;DBA;SR;OK;TASK000015181825;Priority 3;NA
SEC;WS;SEC;SR;OK;TASK000015181861;Priority 3;NA
SEC;ETH;SEC;SR;OK;TASK000015181873;Priority 3;NA
SEC;ETH;SEC;SR;OK;TASK000015181896;Priority 3;NA
SEC;ETH;SEC;SR;OK;TASK000015181916;Priority 3;NA
SEC;ETH;SEC;SR;OK;TASK000015181931;Priority 3;NA
SEC;SYN;SEC;SR;OK;TASK000015182013;Priority 3;NA
APS;ETH;APS;SR;OK;TASK000015182108;Priority 3;NA
APS;ETH;APS;SR;OK;TASK000015182121;Priority 3;NA
SEC;EMS;SEC;SR;Defect;TASK000015182173;Priority 3;NA
SEC;SYN;SEC;SR;OK;TASK000015182222;Priority 3;NA
SEC;EMS;SEC;SR;OK;TASK000015182235;Priority 4;NA
FUN;812;FUN;SR;OK;TASK000015182238;Priority 4;NA
DBA;812;DBA;SR;OK;TASK000015182308;Priority 3;NA
DBA;812;DBA;SR;OK;TASK000015182314;Priority 3;NA
L1;BWI;L1 ;SR;OK;TASK000015182335;Priority 3;NA
SEC;BWI;SEC;SR;OK;TASK000015182363;Priority 4;NA
SEC;SYN;SEC;SR;OK;TASK000015182396;Priority 3;NA
SEC;ETH;SEC;SR;OK;TASK000015182431;Priority 3;NA
SEC;ETH;SEC;SR;OK;TASK000015182457;Priority 3;NA
DBA;812;DBA;SR;OK;TASK000015182499;Priority 3;NA
FIN;DXE;FUN;INC;Defect;TASK000015182570;Priority 4;NA
SEC;SYN;SEC;SR;OK;TASK000015182601;Priority 3;NA
SEC;SYN;SEC;SR;OK;TASK000015182608;Priority 3;NA
APS;ETH;APS;SR;OK;TASK000015182616;Priority 3;NA
SEC;812;SEC;SR;OK;TASK000015182621;Priority 3;NA
SEC;SYN;SEC;SR;Defect;TASK000015182662;Priority 3;NA
SEC;SYN;SEC;SR;OK;TASK000015182712;Priority 3;NA
SEC;SYN;SEC;SR;OK;TASK000015182841;Priority 3;NA
APS;ETH;APS;SR;OK;TASK000015182987;Priority 3;NA
SEC;SYN;SEC;SR;OK;TASK000015183006;Priority 3;NA
SEC;EES;SEC;SR;OK;TASK000015183112;Priority 3;NA
SEC;EMS;SEC;SR;OK;TASK000015183256;Priority 3;NA
SEC;DCF;SEC;SR;OK;TASK000015183268;Priority 4;NA
FUN;EES;FUN;SR;OK;TASK000015183271;Priority 4;NA
APS;ETH;APS;SR;OK;TASK000015183307;Priority 3;NA
SEC;EES;SEC;SR;OK;TASK000015183337;Priority 3;NA
FIN;DXE;FUN;SR;OK;TASK000015183361;Priority 4;NA
SEC;MNT;SEC;SR;OK;TASK000015183362;Priority 4;NA
SEC;BWI;SEC;SR;OK;TASK000015183405;Priority 4;NA
SEC;SYN;SEC;SR;OK;TASK000015183409;Priority 3;NA
APS;ETH;APS;SR;OK;TASK000015183416;Priority 3;NA
SEC;DCF;SEC;SR;OK;TASK000015183418;Priority 4;NA
SEC;SYN;SEC;SR;Defect;TASK000015183437;Priority 3;NA
SEC;MNT;SEC;SR;OK;TASK000015183617;Priority 4;NA
SEC;MNT;SEC;SR;OK;TASK000015183622;Priority 4;NA
SEC;SYN;SEC;SR;OK;TASK000015183629;Priority 3;NA
APS;ETH;APS;SR;OK;TASK000015183644;Priority 3;NA
APS;ETH;APS;SR;OK;TASK000015183669;Priority 3;NA
SEC;EMS;SEC;SR;OK;TASK000015183728;Priority 4;NA
APS;ETH;APS;SR;OK;TASK000015183737;Priority 3;NA
SEC;BWI;SEC;SR;OK;TASK000015183917;Priority 4;NA
DCF;DCF;FUN;INC;OK;TASK000015183929;Priority 4;NA
SEC;SYN;SEC;SR;OK;TASK000015183987;Priority 3;NA
SEC;MNT;SEC;SR;OK;TASK000015184015;Priority 4;NA
SEC;BWI;SEC;SR;OK;TASK000015184105;Priority 4;NA
DBA;812;DBA;SR;OK;TASK000015184175;Priority 3;NA
APS;DCF;APS;SR;OK;TASK000015184272;Priority 3;NA
SEC;ETH;SEC;SR;OK;TASK000015184331;Priority 3;NA
SEC;812;SEC;SR;OK;TASK000015184722;Priority 3;NA
SEC;812;SEC;SR;Defect;TASK000015185149;Priority 3;NA
SEC;812;SEC;SR;OK;TASK000015185226;Priority 3;NA
SEC;812;SEC;SR;Defect;TASK000015185257;Priority 3;NA
SEC;DCF;SEC;SR;OK;TASK000015185275;Priority 4;NA
SEC;EMS;SEC;SR;OK;TASK000015185366;Priority 3;NA
SEC;ETH;SEC;SR;OK;TASK000015185430;Priority 3;NA
FUN;812;FUN;SR;OK;TASK000015185440;Priority 3;NA
FUN;DXE;FUN;SR;OK;TASK000015185558;Priority 3;NA
SCH;812;SCH;SR;OK;TASK000015185605;Priority 3;NA
FIN;812;FUN;SR;OK;TASK000015185618;Priority 3;NA
DBA;812;DBA;SR;OK;TASK000015185706;Priority 3;NA
SEC;DCF;SEC;SR;OK;TASK000015185802;Priority 4;NA
SEC;DXE;SEC;SR;Defect;TASK000015186023;Priority 3;NA
SCH;812;SCH;SR;OK;TASK000015186066;Priority 3;NA
FUN;812;FUN;SR;Defect;TASK000015186144;Priority 3;NA
SEC;812;SEC;SR;OK;TASK000015186191;Priority 4;NA
FIN;DXE;FUN;SR;OK;TASK000015186221;Priority 3;NA
SEC;SYN;SEC;SR;Defect;TASK000015186227;Priority 3;NA
FIN;DXE;FUN;SR;OK;TASK000015186232;Priority 3;NA
FUN;812;FUN;SR;OK;TASK000015186252;Priority 3;NA
APS;ETH;APS;SR;OK;TASK000015186297;Priority 3;NA
DBA;812;DBA;SR;OK;TASK000015186322;Priority 4;NA
SCH;812;SCH;SR;Defect;TASK000015186433;Priority 3;NA
FUN;812;FUN;SR;OK;TASK000015186538;Priority 3;NA
FIN;MNT;FUN;SR;Defect;TASK000015186894;Priority 4;NA
APS;ETH;APS;SR;OK;TASK000015186920;Priority 4;NA
APS;ETH;APS;SR;OK;TASK000015186976;Priority 3;NA
SEC;812;SEC;SR;OK;TASK000015187008;Priority 4;NA
DBA;812;DBA;SR;OK;TASK000015187084;Priority 3;NA
SEC;SYN;SEC;SR;OK;TASK000015187085;Priority 3;NA
SEC;EDS;SEC;SR;OK;TASK000015187110;Priority 3;NA
FUN;812;FUN;SR;Defect;TASK000015187153;Priority 4;NA
DBA;812;DBA;SR;OK;TASK000015187264;Priority 3;NA
SEC;812;SEC;SR;OK;TASK000015187299;Priority 4;NA
SEC;ETH;SEC;SR;OK;TASK000015187393;Priority 3;NA
DBA;812;DBA;SR;OK;TASK000015187603;Priority 3;NA
SEC;812;SEC;SR;OK;TASK000015187615;Priority 3;NA
SEC;DCF;SEC;SR;OK;TASK000015187647;Priority 4;NA
APS;ETH;APS;SR;OK;TASK000015187676;Priority 3;NA
SEC;SYN;SEC;SR;Defect;TASK000015187679;Priority 3;NA
SEC;812;SEC;SR;OK;TASK000015187720;Priority 4;NA
FUN;812;FUN;SR;Defect;TASK000015187749;Priority 3;NA
APS;ETH;APS;SR;OK;TASK000015187752;Priority 3;NA
FUN;812;FUN;SR;OK;TASK000015187786;Priority 4;NA
DBA;812;DBA;SR;OK;TASK000015187804;Priority 3;NA
FIN;812;FUN;SR;OK;TASK000015187820;Priority 3;NA
FIN;812;FUN;SR;OK;TASK000015187821;Priority 3;NA
FIN;812;FUN;SR;OK;TASK000015187823;Priority 3;NA
FIN;812;FUN;SR;OK;TASK000015187825;Priority 3;NA
FIN;812;FUN;SR;OK;TASK000015187827;Priority 3;NA
FIN;812;FUN;SR;OK;TASK000015187828;Priority 3;NA
FIN;812;FUN;SR;OK;TASK000015187831;Priority 3;NA
FIN;812;FUN;SR;OK;TASK000015187832;Priority 3;NA
FIN;812;FUN;SR;OK;TASK000015187833;Priority 3;NA
FIN;812;FUN;SR;OK;TASK000015187834;Priority 3;NA
FIN;812;FUN;SR;OK;TASK000015187837;Priority 3;NA
FIN;812;FUN;SR;OK;TASK000015187838;Priority 3;NA
FIN;812;FUN;SR;OK;TASK000015187839;Priority 3;NA
FIN;812;FUN;SR;OK;TASK000015187844;Priority 3;NA
FIN;812;FUN;SR;OK;TASK000015187845;Priority 3;NA
FIN;812;FUN;SR;OK;TASK000015187847;Priority 3;NA
FIN;812;FUN;SR;OK;TASK000015187849;Priority 3;NA
FIN;812;FUN;SR;OK;TASK000015187850;Priority 3;NA
FIN;812;FUN;SR;OK;TASK000015187851;Priority 3;NA
FUN;MNT;FUN;SR;OK;TASK000015187863;Priority 3;NA
L1;812;MON;SR;OK;TASK000015187872;Priority 3;NA
SEC;SYN;SEC;SR;OK;TASK000015187874;Priority 3;NA
SEC;BWI;SEC;SR;OK;TASK000015187915;Priority 4;NA
SEC;SYN;SEC;SR;Defect;TASK000015187976;Priority 3;NA
SEC;SYN;SEC;SR;OK;TASK000015187990;Priority 3;NA
DCF;DCF;FUN;SR;OK;TASK000015188213;Priority 3;NA
SEC;ETH;SEC;SR;OK;TASK000015188232;Priority 3;NA
SEC;ETH;SEC;SR;OK;TASK000015188252;Priority 3;NA
SEC;ETH;SEC;SR;OK;TASK000015188263;Priority 3;NA
TEC;SYN;FUN;SR;Defect;TASK000015188271;Priority 3;NA
SEC;ETH;SEC;SR;Defect;TASK000015188278;Priority 3;NA
SEC;ETH;SEC;SR;Defect;TASK000015188329;Priority 3;NA
SEC;DCF;SEC;SR;OK;TASK000015188345;Priority 4;NA
SEC;DCF;SEC;SR;OK;TASK000015188359;Priority 4;NA
SEC;SYN;SEC;SR;Defect;TASK000015188715;Priority 3;NA
SEC;ETH;SEC;SR;Defect;TASK000015188883;Priority 3;NA
SEC;MNT;SEC;SR;OK;TASK000015188923;Priority 4;NA
SEC;ETH;SEC;SR;Defect;TASK000015189144;Priority 3;NA
SEC;EDS;SEC;SR;OK;TASK000015189600;Priority 3;NA
FUN;COR;FUN;SR;OK;TASK000015189752;Priority 3;NA
CNC;812;MON;SR;OK;TASK000015189799;Priority 3;NA
FIN;812;FUN;SR;OK;TASK000015189946;Priority 4;NA
DBA;812;DBA;SR;OK;TASK000015189976;Priority 3;NA
FUN;812;FUN;SR;OK;TASK000015189979;Priority 3;NA
SCH;812;SCH;SR;OK;TASK000015189996;Priority 3;NA
SCH;812;SCH;SR;OK;TASK000015189998;Priority 3;NA
DBA;812;DBA;SR;OK;TASK000015190082;Priority 3;NA
FUN;812;FUN;SR;OK;TASK000015190149;Priority 3;NA
FUN;812;FUN;SR;OK;TASK000015190170;Priority 3;NA
SEC;812;SEC;SR;OK;TASK000015190221;Priority 4;NA
SEC;812;SEC;SR;OK;TASK000015190326;Priority 4;NA
DBA;812;DBA;SR;OK;TASK000015190348;Priority 3;NA
DBA;812;DBA;SR;OK;TASK000015190363;Priority 3;NA
SCH;812;SCH;SR;OK;TASK000015190365;Priority 3;NA
DBA;812;DBA;SR;OK;TASK000015190440;Priority 4;NA
CNC;812;MON;SR;OK;TASK000015190458;Priority 3;NA
SEC;812;SEC;SR;OK;TASK000015190541;Priority 3;NA
FUN;EMS;FUN;SR;OK;TASK000015190577;Priority 4;NA
SEC;812;SEC;SR;OK;TASK000015190733;Priority 3;NA
DBA;812;DBA;SR;OK;TASK000015190770;Priority 3;NA
SEC;812;SEC;SR;Defect;TASK000015190788;Priority 3;NA
FUN;812;FUN;SR;OK;TASK000015190802;Priority 3;NA
SEC;812;SEC;SR;OK;TASK000015190935;Priority 4;NA
TEC;LAT;TEC;SR;OK;TASK000015191116;Priority 3;NA
SEC;ETH;SEC;SR;OK;TASK000015191137;Priority 3;NA
APS;ETH;APS;SR;OK;TASK000015191163;Priority 3;NA
SEC;EMS;SEC;SR;OK;TASK000015191237;Priority 3;NA
SEC;SYN;SEC;SR;OK;TASK000015191278;Priority 3;NA
TEC;SYN;FUN;SR;OK;TASK000015191285;Priority 3;NA
TEC;DCF;TEC;SR;OK;TASK000015191308;Priority 4;NA
FUN;812;FUN;SR;OK;TASK000015191401;Priority 3;NA
FUN;812;FUN;SR;OK;TASK000015191431;Priority 4;NA
FUN;812;FUN;SR;OK;TASK000015191455;Priority 3;NA
APS;ETH;APS;SR;OK;TASK000015191689;Priority 3;NA
SEC;EMS;SEC;SR;Defect;TASK000015191746;Priority 3;NA
SEC;812;SEC;SR;OK;TASK000015191789;Priority 3;NA
FUN;812;FUN;SR;OK;TASK000015191905;Priority 3;NA
SCH;BWI;SCH;SR;OK;TASK000015191966;Priority 3;NA
SEC;SYN;SEC;SR;OK;TASK000015191970;Priority 3;NA
DBA;812;DBA;SR;OK;TASK000015192074;Priority 3;NA
APS;ETH;APS;SR;OK;TASK000015192088;Priority 4;NA
SEC;WS;SEC;SR;OK;TASK000015192205;Priority 3;NA
SEC;ETH;SEC;SR;Defect;TASK000015192243;Priority 3;NA
SEC;812;SEC;SR;OK;TASK000015192274;Priority 4;NA
SEC;ETH;SEC;SR;OK;TASK000015192316;Priority 3;NA
SEC;MNT;SEC;SR;OK;TASK000015192338;Priority 4;NA
SEC;SYN;SEC;SR;OK;TASK000015192412;Priority 3;NA
APS;ETH;APS;SR;OK;TASK000015192459;Priority 3;NA
SEC;EMS;SEC;SR;OK;TASK000015192466;Priority 3;NA
SEC;ETH;SEC;SR;OK;TASK000015192508;Priority 4;NA
SEC;BWI;SEC;SR;OK;TASK000015192650;Priority 4;NA
SEC;SYN;SEC;SR;OK;TASK000015192675;Priority 3;NA
SEC;SYN;SEC;SR;OK;TASK000015192687;Priority 3;NA
APS;ETH;APS;SR;OK;TASK000015192819;Priority 3;NA
SEC;BWI;SEC;SR;OK;TASK000015192887;Priority 4;NA
APS;EES;APS;SR;OK;TASK000015192909;Priority 4;NA
APS;EES;APS;SR;OK;TASK000015192918;Priority 4;NA
APS;ETH;APS;SR;OK;TASK000015192933;Priority 3;NA
APS;ETH;APS;SR;OK;TASK000015192941;Priority 3;NA
APS;DCF;APS;SR;OK;TASK000015193114;Priority 3;NA
SEC;DXE;SEC;SR;OK;TASK000015193473;Priority 4;NA
SEC;DXE;SEC;SR;Defect;TASK000015193479;Priority 3;NA
SEC;812;SEC;SR;Defect;TASK000015193598;Priority 3;NA
SEC;WS;SEC;SR;OK;TASK000015194029;Priority 3;NA
SEC;812;SEC;SR;OK;TASK000015194128;Priority 3;NA
SEC;DXE;SEC;SR;OK;TASK000015194134;Priority 3;NA
FUN;812;FUN;SR;Defect;TASK000015194924;Priority 4;NA
SEC;DXE;SEC;SR;OK;TASK000015194969;Priority 4;NA
FIN;DXE;FUN;SR;OK;TASK000015195122;Priority 3;NA
APS;ETH;APS;SR;OK;TASK000015195143;Priority 3;NA
FUN;812;FUN;SR;OK;TASK000015195202;Priority 3;NA
APS;ETH;APS;SR;OK;TASK000015195203;Priority 3;NA
FUN;812;FUN;SR;OK;TASK000015195229;Priority 3;NA
SEC;812;SEC;SR;Defect;TASK000015195392;Priority 3;NA
SEC;812;SEC;SR;OK;TASK000015195460;Priority 4;NA
DBA;812;DBA;SR;OK;TASK000015195600;Priority 3;NA
FUN;812;FUN;SR;OK;TASK000015195768;Priority 4;NA
FUN;DXE;FUN;SR;OK;TASK000015195920;Priority 4;NA
SEC;812;SEC;SR;OK;TASK000015196102;Priority 4;NA
SEC;DCF;SEC;SR;OK;TASK000015196155;Priority 4;NA
SEC;ETH;SEC;SR;OK;TASK000015196230;Priority 4;NA
TEC;BWI;TEC;SR;OK;TASK000015196244;Priority 3;NA
SEC;812;SEC;SR;OK;TASK000015196303;Priority 3;NA
DBA;812;DBA;SR;OK;TASK000015196350;Priority 3;NA
SCH;812;SCH;SR;OK;TASK000015196382;Priority 3;NA
SEC;WS;SEC;SR;OK;TASK000015196427;Priority 3;NA
FUN;ETH;FUN;INC;OK;TASK000015196443;Priority 4;NA
DBA;812;DBA;SR;OK;TASK000015196458;Priority 3;NA
SEC;BWI;SEC;SR;OK;TASK000015196577;Priority 4;NA
SEC;SYN;SEC;SR;OK;TASK000015196582;Priority 3;NA
TEC;LAT;TEC;SR;OK;TASK000015196641;Priority 3;NA
SEC;812;SEC;SR;Defect;TASK000015196745;Priority 3;NA
SEC;DCF;SEC;SR;OK;TASK000015196753;Priority 4;NA
SEC;SYN;SEC;SR;Defect;TASK000015196869;Priority 3;NA
SEC;BWI;SEC;SR;OK;TASK000015196904;Priority 4;NA
SEC;812;SEC;SR;OK;TASK000015196932;Priority 4;NA
FUN;812;FUN;SR;OK;TASK000015197039;Priority 3;NA
SEC;812;SEC;SR;OK;TASK000015197044;Priority 3;NA
DBA;812;DBA;SR;OK;TASK000015197079;Priority 3;NA
SEC;ETH;SEC;SR;OK;TASK000015197134;Priority 3;NA
SEC;812;SEC;SR;OK;TASK000015197184;Priority 3;NA
SCH;812;SCH;SR;OK;TASK000015197199;Priority 3;NA
SCH;812;SCH;SR;OK;TASK000015197225;Priority 3;NA
SEC;SYN;SEC;SR;OK;TASK000015197251;Priority 3;NA
SEC;DXE;SEC;SR;OK;TASK000015197380;Priority 4;NA
FUN;ETH;FUN;SR;OK;TASK000015197484;Priority 3;NA
DBA;812;DBA;SR;OK;TASK000015197487;Priority 3;NA
SEC;SYN;SEC;SR;OK;TASK000015197627;Priority 3;NA
SEC;DCF;SEC;SR;OK;TASK000015197691;Priority 4;NA
FUN;812;FUN;SR;OK;TASK000015197697;Priority 3;NA
APS;ETH;APS;SR;OK;TASK000015197964;Priority 3;NA
FUN;812;FUN;SR;OK;TASK000015197978;Priority 3;NA
FUN;812;FUN;SR;OK;TASK000015198076;Priority 3;NA
SEC;SYN;SEC;SR;Defect;TASK000015198088;Priority 3;NA
SEC;DCF;SEC;SR;OK;TASK000015198295;Priority 4;NA
SEC;812;SEC;SR;OK;TASK000015198327;Priority 3;NA
L1;BWI;L1 ;SR;OK;TASK000015198500;Priority 3;NA
L1;BWI;L1 ;SR;OK;TASK000015198566;Priority 3;NA
TEC;SYN;FUN;SR;OK;TASK000015198658;Priority 3;NA
FUN;ETH;FUN;SR;OK;TASK000015198672;Priority 3;NA
TEC;SYN;FUN;SR;OK;TASK000015198778;Priority 3;NA
SEC;EES;SEC;SR;OK;TASK000015198810;Priority 4;NA
L1;BWI;L1 ;SR;OK;TASK000015198874;Priority 3;NA
SEC;EMS;SEC;SR;OK;TASK000015199031;Priority 3;NA
SEC;DCF;SEC;SR;OK;TASK000015199039;Priority 4;NA
SEC;BWI;SEC;SR;OK;TASK000015199122;Priority 4;NA
CNC;BWI;L1 ;SR;OK;TASK000015199393;Priority 3;NA
L1;BWI;L1 ;SR;OK;TASK000015199449;Priority 3;NA
SEC;ETH;SEC;SR;OK;TASK000015199480;Priority 4;NA
CNC;BWI;L1 ;SR;OK;TASK000015199508;Priority 3;NA
SEC;DCF;SEC;SR;OK;TASK000015199774;Priority 4;NA
SEC;ETH;SEC;SR;OK;TASK000015199867;Priority 4;NA
DBA;812;DBA;SR;OK;TASK000015200308;Priority 3;NA
DBA;812;DBA;SR;OK;TASK000015200363;Priority 3;NA
APS;ETH;APS;SR;OK;TASK000015200494;Priority 3;NA
SEC;MNT;SEC;SR;OK;TASK000015200553;Priority 4;NA
SEC;MNT;SEC;SR;OK;TASK000015200558;Priority 4;NA
DBA;812;DBA;SR;OK;TASK000015200594;Priority 3;NA
SEC;812;SEC;SR;OK;TASK000015200631;Priority 3;NA
SEC;812;SEC;SR;Defect;TASK000015200750;Priority 3;NA
DBA;812;DBA;SR;OK;TASK000015200780;Priority 3;NA
SEC;812;SEC;SR;OK;TASK000015200785;Priority 4;NA
SEC;EMS;OPS;SR;Defect;TASK000015200862;Priority 3;NA
SEC;812;SEC;SR;OK;TASK000015200923;Priority 3;NA
SCH;812;SCH;SR;OK;TASK000015201019;Priority 3;NA
DBA;812;DBA;SR;OK;TASK000015201088;Priority 3;NA
SEC;812;SEC;SR;OK;TASK000015201160;Priority 4;NA
SEC;812;SEC;SR;Defect;TASK000015201215;Priority 3;NA
SEC;812;SEC;SR;OK;TASK000015201219;Priority 3;NA
SEC;812;SEC;SR;OK;TASK000015201266;Priority 3;NA
TEC;BWI;TEC;SR;OK;TASK000015201370;Priority 3;NA
SCH;812;SCH;SR;OK;TASK000015201487;Priority 3;NA
SEC;812;SEC;SR;OK;TASK000015201585;Priority 3;NA
APS;ETH;APS;SR;OK;TASK000015201721;Priority 3;NA
DBA;812;DBA;SR;OK;TASK000015201763;Priority 3;NA
SEC;SYN;SEC;SR;OK;TASK000015201842;Priority 3;NA
SEC;SYN;SEC;SR;OK;TASK000015201843;Priority 3;NA
SEC;WS;SEC;SR;OK;TASK000015201917;Priority 3;NA
APS;ETH;APS;SR;OK;TASK000015201993;Priority 3;NA
TEC;LAT;TEC;SR;OK;TASK000015202064;Priority 3;NA
SEC;BWI;SEC;SR;OK;TASK000015202127;Priority 4;NA
DBA;812;DBA;SR;OK;TASK000015202201;Priority 3;NA
SEC;812;SEC;SR;OK;TASK000015202209;Priority 3;NA
SEC;BWI;SEC;SR;OK;TASK000015202308;Priority 4;NA
SEC;BWI;SEC;SR;OK;TASK000015202322;Priority 4;NA
FUN;COR;FUN;SR;OK;TASK000015202329;Priority 3;NA
APS;ETH;APS;SR;Defect;TASK000015202383;Priority 4;NA
SEC;DXE;SEC;SR;OK;TASK000015202397;Priority 4;NA
TEC;DCF;TEC;SR;OK;TASK000015202400;Priority 4;NA
SEC;MNT;SEC;SR;OK;TASK000015202404;Priority 4;NA
SEC;DCF;SEC;SR;OK;TASK000015202405;Priority 4;NA
SEC;812;SEC;SR;Defect;TASK000015202434;Priority 3;NA
SEC;EMS;SEC;SR;OK;TASK000015202686;Priority 3;NA
SEC;EMS;SEC;SR;OK;TASK000015202841;Priority 3;NA
FUN;EES;FUN;SR;OK;TASK000015202954;Priority 4;NA
SEC;812;SEC;SR;OK;TASK000015203139;Priority 4;NA
SEC;SYN;SEC;SR;Defect;TASK000015203224;Priority 3;NA
SEC;812;SEC;SR;OK;TASK000015203306;Priority 3;NA
APS;ETH;APS;SR;OK;TASK000015203576;Priority 3;NA
SEC;SYN;SEC;SR;Defect;TASK000015203848;Priority 3;NA
SEC;SYN;SEC;SR;Defect;TASK000015203854;Priority 3;NA
FUN;812;FUN;SR;OK;TASK000015203873;Priority 4;NA
SEC;SYN;SEC;SR;Defect;TASK000015203874;Priority 3;NA
SEC;SYN;SEC;SR;OK;TASK000015204032;Priority 3;NA
APS;EES;APS;SR;OK;TASK000015204283;Priority 3;NA
SEC;SYN;SEC;SR;OK;TASK000015204336;Priority 3;NA
SEC;MNT;SEC;SR;OK;TASK000015204346;Priority 3;NA
APS;ETH;APS;SR;OK;TASK000015204349;Priority 3;NA
SEC;SYN;SEC;SR;OK;TASK000015204405;Priority 3;NA
APS;ETH;APS;SR;OK;TASK000015204563;Priority 3;NA
SEC;BWI;SEC;SR;OK;TASK000015204569;Priority 4;NA
SEC;SYN;SEC;SR;Defect;TASK000015204579;Priority 3;NA
CNC;BWI;L1 ;SR;OK;TASK000015204663;Priority 3;NA
SEC;ETH;SEC;SR;OK;TASK000015204666;Priority 3;NA
FUN;812;FUN;SR;OK;TASK000015204717;Priority 4;NA
APS;ETH;APS;SR;OK;TASK000015205120;Priority 3;NA
APS;ETH;APS;SR;OK;TASK000015205283;Priority 3;NA
SEC;DCF;SEC;SR;OK;TASK000015205494;Priority 4;NA
DBA;812;DBA;SR;OK;TASK000015205845;Priority 3;NA
SEC;DXE;SEC;SR;OK;TASK000015205934;Priority 3;NA
APS;ETH;APS;SR;OK;TASK000015205970;Priority 3;NA
DCF;DCF;FUN;SR;OK;TASK000015205974;Priority 3;NA
SEC;812;SEC;SR;OK;TASK000015206063;Priority 4;NA
FUN;812;FUN;SR;OK;TASK000015206184;Priority 4;NA
SCH;812;SCH;SR;OK;TASK000015206225;Priority 3;NA
DBA;812;DBA;SR;OK;TASK000015206229;Priority 3;NA
FUN;812;FUN;SR;OK;TASK000015206234;Priority 4;NA
SCH;812;SCH;SR;OK;TASK000015206238;Priority 3;NA
FUN;812;FUN;SR;OK;TASK000015206243;Priority 4;NA
FUN;812;FUN;SR;OK;TASK000015206261;Priority 4;NA
SCH;812;SCH;SR;OK;TASK000015206372;Priority 3;NA
TEC;BWI;TEC;SR;OK;TASK000015206383;Priority 3;NA
FIN;812;FUN;SR;OK;TASK000015206459;Priority 3;NA
DBA;812;DBA;SR;OK;TASK000015206542;Priority 4;NA
SEC;812;SEC;SR;Defect;TASK000015206567;Priority 3;NA
SEC;812;SEC;SR;OK;TASK000015206571;Priority 4;NA
SEC;DCF;SEC;SR;OK;TASK000015206591;Priority 4;NA
APS;ETH;APS;SR;OK;TASK000015206698;Priority 3;NA
SEC;SYN;SEC;SR;OK;TASK000015206700;Priority 3;NA
DBA;812;DBA;SR;OK;TASK000015206944;Priority 3;NA
SEC;DCF;SEC;SR;OK;TASK000015206948;Priority 4;NA
DBA;812;DBA;SR;OK;TASK000015206977;Priority 3;NA
FUN;812;FUN;SR;OK;TASK000015206982;Priority 3;NA
SEC;ETH;SEC;SR;Defect;TASK000015207083;Priority 3;NA
SEC;ETH;SEC;SR;OK;TASK000015207110;Priority 3;NA
APS;ETH;APS;SR;OK;TASK000015207148;Priority 3;NA
APS;ETH;APS;SR;OK;TASK000015207171;Priority 3;NA
TEC;SYN;FUN;SR;OK;TASK000015207240;Priority 3;NA
APS;ETH;APS;SR;OK;TASK000015207327;Priority 3;NA
SEC;SYN;SEC;SR;Defect;TASK000015207376;Priority 3;NA
L1;WS;FUN;SR;OK;TASK000015207601;Priority 3;NA
APS;ETH;APS;SR;OK;TASK000015207626;Priority 3;NA
APS;ETH;APS;SR;OK;TASK000015207653;Priority 3;NA
SEC;812;SEC;SR;Defect;TASK000015207705;Priority 3;NA
L1;BWI;L1 ;SR;OK;TASK000015207783;Priority 3;NA
FIN;DXE;FUN;SR;OK;TASK000015207899;Priority 4;NA
FIN;DXE;FUN;SR;OK;TASK000015207928;Priority 4;NA
SEC;SYN;SEC;SR;OK;TASK000015207943;Priority 3;NA
APS;ETH;APS;SR;OK;TASK000015207999;Priority 3;NA
FIN;812;FUN;SR;OK;TASK000015208027;Priority 3;NA
SEC;EES;SEC;SR;OK;TASK000015208067;Priority 4;NA
L1;BWI;L1 ;SR;OK;TASK000015208094;Priority 3;NA
DBA;812;DBA;SR;OK;TASK000015208130;Priority 3;NA
SEC;812;SEC;SR;OK;TASK000015208165;Priority 4;NA
TEC;SYN;FUN;SR;OK;TASK000015208199;Priority 3;NA
SEC;SYN;SEC;SR;Defect;TASK000015208345;Priority 3;NA
SEC;SYN;SEC;SR;OK;TASK000015208456;Priority 3;NA
SEC;BWI;SEC;SR;OK;TASK000015208536;Priority 4;NA
SEC;DCF;SEC;SR;OK;TASK000015208726;Priority 4;NA
SEC;BWI;SEC;SR;OK;TASK000015208794;Priority 3;NA
TEC;SYN;FUN;SR;OK;TASK000015208801;Priority 3;NA
SEC;BWI;SEC;SR;Defect;TASK000015208808;Priority 4;NA
SEC;SYN;SEC;SR;OK;TASK000015208958;Priority 3;NA
SEC;DCF;SEC;SR;OK;TASK000015209065;Priority 4;NA
APS;ETH;APS;SR;OK;TASK000015209072;Priority 3;NA
CNC;BWI;L1 ;SR;OK;TASK000015209428;Priority 3;NA
SEC;SYN;SEC;SR;OK;TASK000015209494;Priority 3;NA
SEC;BWI;SEC;SR;OK;TASK000015209531;Priority 4;NA
SEC;BWI;SEC;SR;OK;TASK000015209786;Priority 4;NA
SEC;BWI;SEC;SR;OK;TASK000015209790;Priority 4;NA
SEC;EMS;SEC;SR;Defect;TASK000015210115;Priority 3;NA
FUN;812;FUN;SR;OK;TASK000015210287;Priority 4;NA
TEC;ETH;TEC;SR;Defect;TASK000015210498;Priority 4;NA
DBA;812;DBA;SR;OK;TASK000015210502;Priority 3;NA
SEC;812;SEC;SR;OK;TASK000015210570;Priority 3;NA
SEC;812;SEC;SR;OK;TASK000015210654;Priority 3;NA
SEC;812;SEC;SR;OK;TASK000015210718;Priority 3;NA
SEC;812;SEC;SR;OK;TASK000015210812;Priority 3;NA
APS;ETH;APS;SR;OK;TASK000015210862;Priority 3;NA
APS;ETH;APS;SR;OK;TASK000015210880;Priority 3;NA
SEC;812;SEC;SR;OK;TASK000015210924;Priority 3;NA
APS;ETH;APS;SR;OK;TASK000015210927;Priority 3;NA
SEC;812;SEC;SR;OK;TASK000015210928;Priority 3;NA
SEC;812;SEC;SR;OK;TASK000015211046;Priority 3;NA
SCH;812;SCH;SR;OK;TASK000015211088;Priority 3;NA
SEC;DXE;SEC;SR;Defect;TASK000015211258;Priority 3;NA
SCH;812;SCH;SR;OK;TASK000015211337;Priority 3;NA
SEC;DXE;SEC;SR;OK;TASK000015211359;Priority 4;NA
DBA;812;DBA;SR;OK;TASK000015211387;Priority 3;NA
DBA;812;DBA;SR;OK;TASK000015211427;Priority 3;NA
FIN;812;FUN;SR;OK;TASK000015211525;Priority 3;NA
SEC;812;SEC;SR;OK;TASK000015211655;Priority 4;NA
SEC;DCF;SEC;SR;OK;TASK000015211714;Priority 4;NA
SEC;812;SEC;SR;OK;TASK000015211824;Priority 3;NA
TEC;SYN;FUN;SR;OK;TASK000015211927;Priority 3;NA
APS;EES;APS;SR;OK;TASK000015212001;Priority 4;NA
FUN;WS;FUN;SR;OK;TASK000015212044;Priority 4;NA
SCH;812;SCH;SR;OK;TASK000015212150;Priority 3;NA
SEC;BWI;SEC;SR;OK;TASK000015212225;Priority 4;NA
SEC;MNT;SEC;SR;OK;TASK000015212228;Priority 4;NA
SEC;812;SEC;SR;OK;TASK000015212352;Priority 3;NA
SEC;DCF;SEC;SR;OK;TASK000015212355;Priority 4;NA
SEC;DXE;SEC;SR;OK;TASK000015212514;Priority 3;NA
SEC;BWI;SEC;SR;OK;TASK000015212531;Priority 4;NA
SEC;DCF;SEC;SR;OK;TASK000015212668;Priority 4;NA
SCH;812;SCH;SR;OK;TASK000015212720;Priority 3;NA
SEC;SYN;SEC;SR;Defect;TASK000015212855;Priority 3;NA
SEC;812;SEC;SR;OK;TASK000015212862;Priority 3;NA
SEC;DXE;SEC;SR;OK;TASK000015212864;Priority 4;NA
SCH;812;SCH;SR;OK;TASK000015213126;Priority 3;NA
SEC;SYN;SEC;SR;OK;TASK000015213150;Priority 3;NA
SEC;EES;SEC;SR;OK;TASK000015213186;Priority 4;NA
SEC;BWI;SEC;SR;OK;TASK000015213233;Priority 4;NA
SCH;812;SCH;SR;OK;TASK000015213320;Priority 3;NA
SEC;BWI;SEC;SR;OK;TASK000015213420;Priority 4;NA
TEC;SYN;FUN;SR;Defect;TASK000015213687;Priority 3;NA
SEC;SYN;SEC;SR;OK;TASK000015213696;Priority 3;NA
SEC;SYN;SEC;SR;OK;TASK000015213701;Priority 3;NA
SEC;DPY;SEC;SR;OK;TASK000015213731;Priority 4;NA
FUN;812;FUN;SR;OK;TASK000015213738;Priority 4;NA
FIN;MNT;FUN;SR;OK;TASK000015213753;Priority 3;NA
SCH;BWI;SCH;SR;OK;TASK000015213819;Priority 3;NA
L1;BWI;L1 ;SR;OK;TASK000015213843;Priority 3;NA
SEC;MNT;SEC;SR;OK;TASK000015213859;Priority 4;NA
SEC;812;SEC;SR;OK;TASK000015214014;Priority 4;NA
TEC;SYN;FUN;SR;OK;TASK000015214015;Priority 3;NA
APS;EES;APS;SR;OK;TASK000015214169;Priority 4;NA
SEC;BWI;SEC;SR;OK;TASK000015214288;Priority 4;NA
SEC;SYN;SEC;SR;Defect;TASK000015214353;Priority 3;NA
SEC;MNT;SEC;SR;OK;TASK000015215592;Priority 3;NA
FUN;812;FUN;SR;OK;TASK000015215615;Priority 4;NA
DBA;812;DBA;SR;OK;TASK000015215639;Priority 3;NA
DCF;DCF;FUN;SR;OK;TASK000015216171;Priority 3;NA
SEC;812;SEC;SR;OK;TASK000015216245;Priority 4;NA
FUN;MNT;FUN;SR;OK;TASK000015216403;Priority 4;NA
SEC;812;SEC;SR;OK;TASK000015216425;Priority 4;NA
SEC;MNT;SEC;SR;OK;TASK000015216445;Priority 4;NA
TEC;BWI;TEC;SR;OK;TASK000015216479;Priority 3;NA
DBA;812;DBA;SR;OK;TASK000015216518;Priority 3;NA
SEC;BWI;SEC;SR;OK;TASK000015216579;Priority 4;NA
FUN;WS;FUN;SR;OK;TASK000015216585;Priority 4;NA
SEC;812;SEC;SR;OK;TASK000015216695;Priority 3;NA
SEC;812;SEC;SR;OK;TASK000015216750;Priority 3;NA
SCH;812;SCH;SR;OK;TASK000015216804;Priority 3;NA
SCH;812;SCH;SR;OK;TASK000015216830;Priority 3;NA
FUN;812;FUN;SR;OK;TASK000015216837;Priority 3;NA
FUN;812;FUN;SR;OK;TASK000015216849;Priority 3;NA
FUN;812;FUN;SR;OK;TASK000015216856;Priority 3;NA
SEC;ETH;SEC;SR;OK;TASK000015216894;Priority 3;NA
DBA;812;DBA;SR;OK;TASK000015216896;Priority 3;NA
SEC;ETH;SEC;SR;OK;TASK000015216934;Priority 3;NA
SEC;812;SEC;SR;OK;TASK000015217030;Priority 3;NA
TEC;DCF;TEC;SR;OK;TASK000015217078;Priority 3;NA
L1;812;MON;SR;OK;TASK000015217149;Priority 3;NA
SEC;812;SEC;SR;OK;TASK000015217158;Priority 4;NA
SEC;EMS;SEC;SR;OK;TASK000015217182;Priority 3;NA
SEC;812;SEC;SR;Defect;TASK000015217229;Priority 3;NA
SCH;812;SCH;SR;OK;TASK000015217405;Priority 3;NA
SCH;812;SCH;SR;OK;TASK000015217449;Priority 3;NA
APS;ETH;APS;SR;OK;TASK000015217579;Priority 3;NA
SEC;DCF;SEC;SR;OK;TASK000015217602;Priority 4;NA
SEC;EMS;SEC;SR;OK;TASK000015217623;Priority 3;NA
SCH;812;SCH;SR;OK;TASK000015217653;Priority 3;NA
SCH;812;SCH;SR;OK;TASK000015217728;Priority 3;NA
FIN;812;FUN;SR;OK;TASK000015217865;Priority 4;NA
APS;ETH;APS;SR;OK;TASK000015217926;Priority 3;NA
SEC;812;SEC;SR;OK;TASK000015218035;Priority 3;NA
SEC;812;SEC;SR;OK;TASK000015218044;Priority 4;NA
SEC;ETH;SEC;SR;OK;TASK000015218090;Priority 3;NA
SCH;812;SCH;SR;OK;TASK000015218099;Priority 3;NA
SEC;BWI;SEC;SR;Defect;TASK000015218149;Priority 3;NA
DBA;812;DBA;SR;OK;TASK000015218310;Priority 3;NA
APS;ETH;APS;SR;OK;TASK000015218318;Priority 3;NA
SEC;BWI;SEC;SR;OK;TASK000015218596;Priority 4;NA
SEC;SYN;SEC;SR;OK;TASK000015218649;Priority 3;NA
APS;ETH;APS;SR;OK;TASK000015218715;Priority 3;NA
APS;EES;APS;SR;OK;TASK000015218762;Priority 3;NA
APS;ETH;APS;SR;OK;TASK000015218783;Priority 3;NA
SEC;BWI;SEC;SR;OK;TASK000015218923;Priority 3;NA
SEC;812;SEC;SR;OK;TASK000015219020;Priority 3;NA
DCF;DCF;FUN;INC;OK;TASK000015219545;Priority 3;NA
SEC;DCF;SEC;SR;OK;TASK000015219760;Priority 4;NA
SEC;EES;SEC;SR;OK;TASK000015220075;Priority 4;NA
SEC;EES;SEC;SR;OK;TASK000015220083;Priority 4;NA
SEC;EES;SEC;SR;OK;TASK000015220087;Priority 4;NA
SEC;EES;SEC;SR;OK;TASK000015220091;Priority 4;NA
SEC;EES;SEC;SR;OK;TASK000015220103;Priority 3;NA
SEC;EES;SEC;SR;OK;TASK000015220181;Priority 3;NA
SEC;EES;SEC;SR;OK;TASK000015220184;Priority 3;NA
SEC;EES;SEC;SR;OK;TASK000015220186;Priority 4;NA
DBA;812;DBA;SR;OK;TASK000015220434;Priority 3;NA
FIN;812;FUN;SR;OK;TASK000015221244;Priority 3;NA
SCH;812;SCH;SR;OK;TASK000015221309;Priority 3;NA
DBA;812;DBA;SR;OK;TASK000015221359;Priority 3;NA
SEC;812;SEC;SR;OK;TASK000015221497;Priority 4;NA
SEC;SYN;SEC;SR;OK;TASK000015221505;Priority 3;NA
SCH;812;SCH;SR;OK;TASK000015221566;Priority 3;NA
SEC;DXE;SEC;SR;OK;TASK000015221626;Priority 4;NA
DBA;812;DBA;SR;OK;TASK000015221642;Priority 3;NA
SEC;DXE;SEC;SR;OK;TASK000015221674;Priority 4;NA
SEC;EES;SEC;SR;Defect;TASK000015221705;Priority 3;NA
FUN;812;FUN;SR;OK;TASK000015221763;Priority 3;NA
SEC;812;SEC;SR;OK;TASK000015222005;Priority 4;NA
FUN;COR;FUN;SR;OK;TASK000015222012;Priority 3;NA
TEC;BWI;TEC;SR;OK;TASK000015222035;Priority 3;NA
DBA;812;DBA;SR;OK;TASK000015222092;Priority 3;NA
SEC;812;SEC;SR;OK;TASK000015222121;Priority 3;NA
SEC;DCF;SEC;SR;OK;TASK000015222153;Priority 4;NA
FUN;812;FUN;SR;OK;TASK000015222201;Priority 4;NA
SEC;812;SEC;SR;Defect;TASK000015222265;Priority 3;NA
DBA;812;DBA;SR;OK;TASK000015222331;Priority 3;NA
SEC;ETH;SEC;SR;OK;TASK000015222332;Priority 3;NA
SEC;DCF;SEC;SR;OK;TASK000015222356;Priority 4;NA
SEC;DCF;SEC;SR;OK;TASK000015222440;Priority 4;NA
L1;BWI;L1 ;SR;OK;TASK000015222483;Priority 3;NA
SEC;BWI;SEC;SR;OK;TASK000015222486;Priority 4;NA
DBA;812;DBA;SR;OK;TASK000015222496;Priority 3;NA
TEC;LAT;TEC;SR;OK;TASK000015222505;Priority 3;NA
SEC;812;SEC;SR;OK;TASK000015222511;Priority 4;NA
TEC;SYN;FUN;SR;OK;TASK000015222515;Priority 3;NA
SEC;ETH;SEC;SR;OK;TASK000015222604;Priority 3;NA
TEC;SYN;FUN;SR;OK;TASK000015222669;Priority 3;NA
SEC;BWI;SEC;SR;OK;TASK000015222675;Priority 4;NA
SEC;SYN;SEC;SR;OK;TASK000015222679;Priority 3;NA
SEC;812;SEC;SR;OK;TASK000015222681;Priority 3;NA
SEC;SYN;SEC;SR;OK;TASK000015222699;Priority 3;NA
SEC;DPY;SEC;SR;OK;TASK000015222727;Priority 4;NA
SEC;ETH;SEC;SR;OK;TASK000015222759;Priority 4;NA
SEC;DCF;SEC;SR;OK;TASK000015222817;Priority 4;NA
FIN;DCF;FUN;SR;OK;TASK000015222860;Priority 3;NA
DBA;812;DBA;SR;OK;TASK000015222898;Priority 3;NA
SEC;ETH;SEC;SR;OK;TASK000015222899;Priority 3;NA
SEC;MNT;SEC;SR;OK;TASK000015222910;Priority 4;NA
SEC;SYN;SEC;SR;OK;TASK000015222912;Priority 3;NA
TEC;ETH;TEC;SR;OK;TASK000015222982;Priority 4;NA
APS;ETH;APS;SR;OK;TASK000015222996;Priority 3;NA
SEC;BWI;SEC;SR;OK;TASK000015223057;Priority 4;NA
DBA;812;DBA;SR;OK;TASK000015223076;Priority 3;NA
DBA;812;DBA;SR;OK;TASK000015223466;Priority 3;NA
SEC;BWI;SEC;SR;OK;TASK000015223529;Priority 4;NA
FUN;812;FUN;SR;OK;TASK000015223531;Priority 4;NA
DCF;DCF;FUN;SR;Defect;TASK000015223577;Priority 4;NA
FUN;812;FUN;SR;OK;TASK000015223661;Priority 3;NA
TEC;ETH;TEC;SR;OK;TASK000015223746;Priority 4;NA
TEC;ETH;TEC;SR;OK;TASK000015223776;Priority 3;NA
SEC;EES;SEC;SR;OK;TASK000015223797;Priority 3;NA
TEC;BWI;TEC;SR;Defect;TASK000015223956;Priority 3;NA
TEC;BWI;TEC;SR;OK;TASK000015223962;Priority 3;NA
FUN;812;FUN;SR;OK;TASK000015224011;Priority 4;NA
SEC;ETH;SEC;SR;Defect;TASK000015224036;Priority 3;NA
SEC;SYN;SEC;SR;OK;TASK000015224075;Priority 3;NA
APS;ETH;APS;SR;OK;TASK000015224099;Priority 4;NA
APS;ETH;APS;SR;OK;TASK000015224277;Priority 3;NA
SEC;DXE;SEC;SR;OK;TASK000015224350;Priority 3;NA
FUN;EES;FUN;SR;OK;TASK000015224356;Priority 4;NA
SEC;DCF;SEC;SR;OK;TASK000015224395;Priority 4;NA
SEC;EES;SEC;SR;OK;TASK000015224397;Priority 3;NA
SCH;LAT;SCH;SR;OK;TASK000015224436;Priority 3;NA
SEC;EMS;SEC;SR;OK;TASK000015224483;Priority 4;NA
SEC;SYN;SEC;SR;OK;TASK000015224641;Priority 3;NA
SEC;EES;SEC;SR;OK;TASK000015224825;Priority 4;NA
SEC;MNT;SEC;SR;OK;TASK000015224879;Priority 4;NA
CNC;BWI;L1 ;SR;OK;TASK000015224891;Priority 3;NA
SEC;BWI;SEC;SR;OK;TASK000015224911;Priority 4;NA
APS;ETH;APS;SR;OK;TASK000015225037;Priority 3;NA
DBA;812;DBA;SR;OK;TASK000015225058;Priority 3;NA
CNC;BWI;L1 ;SR;OK;TASK000015225312;Priority 3;NA
SEC;EMS;SEC;SR;OK;TASK000015225764;Priority 3;NA
DBA;812;DBA;SR;OK;TASK000015226154;Priority 3;NA
SEC;812;SEC;SR;OK;TASK000015226446;Priority 4;NA
SEC;812;SEC;SR;OK;TASK000015226450;Priority 3;NA
SCH;812;SCH;SR;OK;TASK000015226621;Priority 3;NA
DBA;812;DBA;SR;OK;TASK000015226663;Priority 3;NA
SEC;DXE;SEC;SR;OK;TASK000015226843;Priority 3;NA
DBA;812;DBA;SR;OK;TASK000015226997;Priority 3;NA
SEC;ETH;SEC;SR;OK;TASK000015227269;Priority 3;NA
SEC;812;SEC;SR;Defect;TASK000015227454;Priority 3;NA
SEC;DXE;SEC;SR;OK;TASK000015227552;Priority 4;NA
SEC;812;SEC;SR;OK;TASK000015227613;Priority 3;NA
FUN;812;FUN;SR;OK;TASK000015227630;Priority 3;NA
FUN;812;FUN;SR;Defect;TASK000015227649;Priority 3;NA
SEC;812;SEC;SR;Defect;TASK000015227673;Priority 3;NA
FUN;812;FUN;SR;OK;TASK000015227697;Priority 4;NA
FUN;812;FUN;SR;OK;TASK000015227699;Priority 4;NA
SEC;LAT;SEC;SR;Defect;TASK000015227714;Priority 3;NA
SEC;BWI;SEC;SR;OK;TASK000015227718;Priority 4;NA
APS;DCF;APS;SR;OK;TASK000015227770;Priority 3;NA
SEC;DCF;SEC;SR;OK;TASK000015227840;Priority 4;NA
SEC;DXE;SEC;SR;OK;TASK000015227856;Priority 4;NA
SEC;812;SEC;SR;OK;TASK000015227936;Priority 4;NA
SEC;ETH;SEC;SR;OK;TASK000015228019;Priority 3;NA
SEC;SYN;SEC;SR;OK;TASK000015228023;Priority 3;NA
SEC;DCF;SEC;SR;OK;TASK000015228054;Priority 4;NA
DBA;812;DBA;SR;OK;TASK000015228149;Priority 3;NA
APS;ETH;APS;SR;OK;TASK000015228397;Priority 3;NA
FIN;812;FUN;SR;OK;TASK000015228482;Priority 4;NA
APS;ETH;APS;SR;OK;TASK000015228495;Priority 3;NA
APS;ETH;APS;SR;OK;TASK000015228559;Priority 3;NA
APS;ETH;APS;SR;OK;TASK000015228560;Priority 3;NA
DBA;812;DBA;SR;OK;TASK000015228620;Priority 3;NA
APS;ETH;APS;SR;OK;TASK000015228710;Priority 3;NA
SEC;812;SEC;SR;Defect;TASK000015228779;Priority 3;NA
TEC;SYN;FUN;SR;OK;TASK000015228934;Priority 3;NA
SEC;DCF;SEC;SR;OK;TASK000015228958;Priority 4;NA
DBA;812;DBA;SR;OK;TASK000015228966;Priority 3;NA
FUN;WS;FUN;SR;OK;TASK000015228984;Priority 4;NA
SEC;MNT;SEC;SR;OK;TASK000015229000;Priority 4;NA
SEC;DCF;SEC;SR;OK;TASK000015229041;Priority 4;NA
DBA;812;DBA;SR;OK;TASK000015229083;Priority 3;NA
SEC;EMS;SEC;SR;OK;TASK000015229091;Priority 3;NA
SEC;ETH;SEC;SR;OK;TASK000015229119;Priority 3;NA
SEC;812;SEC;SR;OK;TASK000015229137;Priority 3;NA
SEC;ETH;SEC;SR;OK;TASK000015229139;Priority 3;NA
SEC;DPY;SEC;SR;OK;TASK000015229152;Priority 4;NA
SEC;BWI;SEC;SR;OK;TASK000015229192;Priority 4;NA
SEC;812;SEC;SR;OK;TASK000015229311;Priority 4;NA
TEC;BWI;TEC;SR;OK;TASK000015229325;Priority 3;NA
SEC;DPY;SEC;SR;OK;TASK000015229347;Priority 4;NA
SEC;ETH;SEC;SR;OK;TASK000015229391;Priority 3;NA
SEC;LAT;SEC;SR;OK;TASK000015229393;Priority 4;NA
SEC;SYN;SEC;SR;OK;TASK000015229403;Priority 3;NA
APS;ETH;APS;SR;OK;TASK000015229410;Priority 3;NA
SEC;SYN;SEC;SR;OK;TASK000015229418;Priority 3;NA
SEC;MNT;SEC;SR;OK;TASK000015229472;Priority 3;NA
SEC;DCF;SEC;SR;OK;TASK000015229518;Priority 4;NA
SEC;ETH;SEC;SR;OK;TASK000015229537;Priority 3;NA
APS;EES;APS;SR;OK;TASK000015229591;Priority 4;NA
SEC;EES;SEC;SR;OK;TASK000015229605;Priority 4;NA
TEC;SYN;FUN;SR;OK;TASK000015229623;Priority 3;NA
FUN;812;FUN;SR;OK;TASK000015229824;Priority 3;NA
SEC;SYN;SEC;SR;OK;TASK000015229925;Priority 3;NA
APS;EES;APS;SR;OK;TASK000015230032;Priority 3;NA
APS;ETH;APS;SR;OK;TASK000015230069;Priority 3;NA
CNC;BWI;L1 ;SR;OK;TASK000015230159;Priority 3;NA
SEC;MNT;SEC;SR;OK;TASK000015230165;Priority 3;NA
SEC;EES;SEC;SR;OK;TASK000015230438;Priority 4;NA
SEC;EES;SEC;SR;OK;TASK000015230443;Priority 3;NA
SEC;BWI;SEC;SR;OK;TASK000015230496;Priority 4;NA
DBA;812;DBA;SR;OK;TASK000015230832;Priority 3;NA
APS;ETH;APS;SR;OK;TASK000015230871;Priority 3;NA
APS;ETH;APS;SR;OK;TASK000015230972;Priority 3;NA
TEC;DCF;TEC;SR;OK;TASK000015230977;Priority 3;NA
SEC;812;SEC;SR;OK;TASK000015231159;Priority 4;NA
SEC;DXE;SEC;SR;OK;TASK000015231281;Priority 4;NA
SEC;EMS;SEC;SR;Defect;TASK000015231313;Priority 3;NA
DBA;812;DBA;SR;OK;TASK000015231376;Priority 4;NA
SEC;812;SEC;SR;OK;TASK000015231503;Priority 3;NA
SEC;812;SEC;SR;Defect;TASK000015231562;Priority 3;NA
SEC;812;SEC;SR;OK;TASK000015231587;Priority 4;NA
FIN;812;FUN;SR;OK;TASK000015231615;Priority 4;NA
SEC;812;SEC;SR;OK;TASK000015231635;Priority 3;NA
SEC;812;SEC;SR;OK;TASK000015231748;Priority 4;NA
DBA;812;DBA;SR;OK;TASK000015231829;Priority 3;NA
APS;ETH;APS;SR;OK;TASK000015231880;Priority 3;NA
TEC;BWI;TEC;SR;OK;TASK000015231897;Priority 3;NA
SEC;BWI;SEC;SR;OK;TASK000015231946;Priority 4;NA
SEC;812;SEC;SR;OK;TASK000015231968;Priority 3;NA
SEC;812;SEC;SR;OK;TASK000015232026;Priority 3;NA
SEC;EMS;SEC;SR;OK;TASK000015232127;Priority 3;NA
DBA;812;DBA;SR;OK;TASK000015232139;Priority 3;NA
SEC;SYN;SEC;SR;OK;TASK000015232198;Priority 3;NA
SEC;DPY;SEC;SR;OK;TASK000015232261;Priority 4;NA
DBA;812;DBA;SR;OK;TASK000015232311;Priority 3;NA
DCF;DCF;FUN;SR;OK;TASK000015232316;Priority 4;NA
OPS;EMS;OPS;SR;OK;TASK000015232332;Priority 3;NA
APS;ETH;APS;SR;OK;TASK000015232401;Priority 3;NA
FIN;812;FUN;SR;OK;TASK000015232439;Priority 4;NA
SEC;DPY;SEC;SR;OK;TASK000015232511;Priority 3;NA
SEC;DCF;SEC;SR;Defect;TASK000015232602;Priority 3;NA
SEC;MNT;SEC;SR;OK;TASK000015232758;Priority 4;NA
APS;ETH;APS;SR;OK;TASK000015232852;Priority 3;NA
SEC;DCF;SEC;SR;OK;TASK000015232860;Priority 4;NA
SEC;812;SEC;SR;Defect;TASK000015232942;Priority 3;NA
L1;BWI;L1 ;SR;OK;TASK000015233105;Priority 3;NA
APS;ETH;APS;SR;OK;TASK000015233153;Priority 3;NA
SEC;812;SEC;SR;OK;TASK000015233154;Priority 3;NA
DBA;812;DBA;SR;OK;TASK000015233160;Priority 3;NA
FUN;812;FUN;SR;OK;TASK000015233187;Priority 4;NA
DBA;812;DBA;SR;OK;TASK000015233251;Priority 3;NA
APS;ETH;APS;SR;OK;TASK000015233315;Priority 3;NA
APS;ETH;APS;SR;OK;TASK000015233329;Priority 3;NA
SEC;812;SEC;SR;OK;TASK000015233388;Priority 4;NA
SEC;EES;SEC;SR;OK;TASK000015233458;Priority 3;NA
DBA;812;DBA;SR;OK;TASK000015233460;Priority 3;NA
SEC;EES;SEC;SR;OK;TASK000015233468;Priority 3;NA
TEC;SYN;FUN;INC;OK;TASK000015233484;Priority 3;NA
SEC;ETH;SEC;SR;OK;TASK000015233623;Priority 3;NA
SEC;ETH;SEC;SR;OK;TASK000015233626;Priority 3;NA
SEC;ETH;SEC;SR;OK;TASK000015233636;Priority 3;NA
SEC;ETH;SEC;SR;OK;TASK000015233645;Priority 3;NA
SEC;ETH;SEC;SR;OK;TASK000015233653;Priority 3;NA
L1;MNT;SEC;SR;OK;TASK000015233659;Priority 4;NA
L1;BWI;L1 ;SR;OK;TASK000015233702;Priority 3;NA
APS;ETH;APS;SR;OK;TASK000015233778;Priority 4;NA
APS;ETH;APS;SR;OK;TASK000015233947;Priority 3;NA
SEC;SYN;SEC;SR;OK;TASK000015233988;Priority 3;NA
SCH;BWI;SCH;SR;OK;TASK000015234055;Priority 3;NA
SEC;SYN;SEC;SR;Defect;TASK000015234092;Priority 3;NA
SEC;EES;SEC;SR;OK;TASK000015234294;Priority 4;NA
SEC;WS;SEC;SR;OK;TASK000015234472;Priority 3;NA
FUN;MNT;FUN;SR;Defect;TASK000015234653;Priority 3;NA
L1;CRD;MON;SR;OK;TASK000015234904;Priority 3;NA
SEC;EMS;SEC;SR;OK;TASK000015235330;Priority 3;NA
SEC;BWI;SEC;SR;OK;TASK000015235414;Priority 4;NA
L1;MNT;SEC;SR;OK;TASK000015235426;Priority 4;NA
APS;ETH;APS;SR;OK;TASK000015235738;Priority 3;NA
APS;ETH;APS;SR;OK;TASK000015235814;Priority 4;NA
L1;MNT;SEC;SR;OK;TASK000015235876;Priority 4;NA
FIN;DXE;FUN;SR;OK;TASK000015236135;Priority 4;NA
SEC;SYN;SEC;SR;OK;TASK000015236204;Priority 3;NA
SEC;DXE;SEC;SR;OK;TASK000015236213;Priority 4;NA
SEC;812;SEC;SR;OK;TASK000015236228;Priority 3;NA
SEC;DXE;SEC;SR;OK;TASK000015236230;Priority 3;NA
SEC;812;SEC;SR;OK;TASK000015236241;Priority 4;NA
DBA;812;DBA;SR;OK;TASK000015236321;Priority 3;NA
SEC;812;SEC;SR;Defect;TASK000015236327;Priority 3;NA
SEC;BWI;SEC;SR;OK;TASK000015236333;Priority 3;NA
SEC;812;SEC;SR;OK;TASK000015236394;Priority 3;NA
SEC;812;SEC;SR;OK;TASK000015236465;Priority 3;NA
DBA;812;DBA;SR;OK;TASK000015236479;Priority 3;NA
SEC;DCF;SEC;SR;OK;TASK000015236480;Priority 4;NA
SEC;812;SEC;SR;OK;TASK000015236515;Priority 4;NA
FUN;WS;FUN;SR;OK;TASK000015236665;Priority 3;NA
TEC;BWI;TEC;SR;OK;TASK000015236858;Priority 3;NA
SEC;812;SEC;SR;OK;TASK000015236864;Priority 3;NA
SEC;WS;SEC;SR;OK;TASK000015236983;Priority 3;NA
FUN;WS;FUN;SR;OK;TASK000015236991;Priority 4;NA
SEC;BWI;SEC;SR;OK;TASK000015237007;Priority 4;NA
SEC;DXE;SEC;SR;OK;TASK000015237010;Priority 3;NA
SEC;EMS;SEC;SR;OK;TASK000015237074;Priority 3;NA
TEC;SYN;FUN;SR;OK;TASK000015237117;Priority 3;NA
SEC;EMS;SEC;SR;OK;TASK000015237208;Priority 3;NA
FIN;812;FUN;SR;OK;TASK000015237271;Priority 3;NA
SEC;MNT;SEC;SR;OK;TASK000015237339;Priority 4;NA
SEC;812;SEC;SR;OK;TASK000015237356;Priority 3;NA
L1;812;MON;SR;OK;TASK000015237664;Priority 3;NA
SEC;SYN;SEC;SR;OK;TASK000015237816;Priority 3;NA
SEC;BWI;SEC;SR;OK;TASK000015237833;Priority 4;NA
APS;ETH;APS;SR;OK;TASK000015237861;Priority 3;NA
FUN;DXE;FUN;SR;OK;TASK000015238064;Priority 4;NA
FUN;812;FUN;SR;OK;TASK000015238240;Priority 3;NA
DBA;812;DBA;SR;OK;TASK000015238394;Priority 3;NA
SEC;EES;SEC;SR;OK;TASK000015238475;Priority 3;NA
SEC;EES;SEC;SR;OK;TASK000015238520;Priority 3;NA
SEC;DCF;SEC;SR;OK;TASK000015238526;Priority 4;NA
SEC;DCF;SEC;SR;OK;TASK000015238918;Priority 4;NA
SEC;812;SEC;SR;OK;TASK000015238997;Priority 4;NA
SEC;DCF;SEC;SR;OK;TASK000015239288;Priority 4;NA
SEC;MNT;SEC;SR;OK;TASK000015239294;Priority 4;NA
SEC;SYN;SEC;SR;OK;TASK000015239539;Priority 3;NA
CNC;BWI;L1 ;SR;OK;TASK000015239542;Priority 3;NA
SEC;SYN;SEC;SR;OK;TASK000015239622;Priority 3;NA
L1;BWI;L1 ;SR;OK;TASK000015240548;Priority 3;NA
SEC;DPY;SEC;SR;OK;TASK000015240974;Priority 3;NA
FUN;812;FUN;SR;OK;TASK000015241318;Priority 3;NA
APS;ETH;APS;SR;OK;TASK000015241321;Priority 3;NA
DBA;812;DBA;SR;OK;TASK000015241514;Priority 3;NA
LEAD;DCF;FUN;SR;OK;TASK000015241665;Priority 3;NA
SCH;812;SCH;SR;OK;TASK000015241826;Priority 3;NA
L1;MNT;SEC;SR;OK;TASK000015242020;Priority 4;NA
SEC;BWI;SEC;SR;OK;TASK000015242084;Priority 4;NA
TEC;SYN;FUN;SR;OK;TASK000015242100;Priority 3;NA
L1;MNT;SEC;SR;OK;TASK000015242133;Priority 4;NA
SEC;DCF;SEC;SR;OK;TASK000015242298;Priority 4;NA
SEC;DXE;SEC;SR;OK;TASK000015242358;Priority 4;NA
SEC;EMS;SEC;SR;OK;TASK000015242432;Priority 3;NA
FUN;812;FUN;SR;OK;TASK000015242436;Priority 4;NA
SEC;DXE;SEC;SR;OK;TASK000015242481;Priority 3;NA
SEC;BWI;SEC;SR;OK;TASK000015242522;Priority 4;NA
APS;ETH;APS;SR;OK;TASK000015242592;Priority 3;NA
SEC;DPY;SEC;SR;OK;TASK000015242636;Priority 4;NA
DBA;812;DBA;SR;OK;TASK000015242669;Priority 3;NA
SEC;812;SEC;SR;OK;TASK000015242691;Priority 3;NA
DBA;812;DBA;SR;OK;TASK000015242694;Priority 3;NA
SEC;812;SEC;SR;OK;TASK000015242712;Priority 4;NA
APS;ETH;APS;SR;OK;TASK000015242745;Priority 3;NA
DBA;812;DBA;SR;OK;TASK000015242808;Priority 3;NA
SEC;EDS;SEC;SR;OK;TASK000015242814;Priority 3;NA
SEC;MNT;SEC;SR;OK;TASK000015242916;Priority 4;NA
SEC;ETH;SEC;SR;OK;TASK000015243041;Priority 3;NA
SEC;BWI;SEC;SR;OK;TASK000015243101;Priority 4;NA
SEC;MNT;SEC;SR;OK;TASK000015243102;Priority 4;NA
SEC;EMS;SEC;SR;OK;TASK000015243144;Priority 3;NA
SEC;EMS;SEC;SR;OK;TASK000015243222;Priority 3;NA
SEC;BWI;SEC;SR;OK;TASK000015243240;Priority 4;NA
SEC;BWI;SEC;SR;OK;TASK000015243357;Priority 4;NA
APS;EES;APS;SR;OK;TASK000015243393;Priority 4;NA
APS;EES;APS;SR;OK;TASK000015243439;Priority 4;NA
APS;ETH;APS;SR;OK;TASK000015243983;Priority 3;NA
APS;EES;APS;SR;OK;TASK000015244135;Priority 3;NA
APS;EES;APS;SR;OK;TASK000015244153;Priority 3;NA
APS;DCF;APS;SR;OK;TASK000015245329;Priority 3;NA
SEC;ETH;SEC;SR;OK;TASK000015245470;Priority 3;NA
SEC;ETH;SEC;SR;OK;TASK000015245487;Priority 3;NA
SEC;ETH;SEC;SR;OK;TASK000015245519;Priority 3;NA
SEC;SYN;SEC;SR;OK;TASK000015245790;Priority 3;NA
FUN;COR;FUN;SR;OK;TASK000015245988;Priority 3;NA
APS;ETH;APS;SR;OK;TASK000015247104;Priority 3;NA
APS;ETH;APS;SR;OK;TASK000015247568;Priority 3;NA
SEC;DCF;SEC;SR;OK;TASK000015247712;Priority 4;NA
TEC;SYN;FUN;SR;OK;TASK000015248095;Priority 3;NA
SEC;812;SEC;SR;OK;TASK000015248200;Priority 3;NA
L1;812;MON;SR;OK;TASK000015248360;Priority 3;NA
APS;ETH;APS;SR;OK;TASK000015248439;Priority 3;NA
APS;EES;APS;SR;OK;TASK000015248628;Priority 4;NA
L1;812;MON;SR;OK;TASK000015248724;Priority 3;NA
APS;ETH;APS;SR;OK;TASK000015249083;Priority 3;NA
APS;EES;APS;SR;OK;TASK000015249090;Priority 4;NA
FIN;DXE;FUN;SR;OK;TASK000015249346;Priority 4;NA
SEC;ETH;SEC;SR;OK;TASK000015249853;Priority 3;NA
SEC;SYN;SEC;SR;OK;TASK000015250461;Priority 3;NA
TEC;DCF;TEC;SR;OK;TASK000015250608;Priority 3;NA
APS;EES;APS;SR;OK;TASK000015250661;Priority 4;NA
APS;ETH;APS;SR;OK;TASK000015251987;Priority 3;NA
FIN;812;FUN;INC;OK;TASK000015252123;Priority 4;NA
FUN;812;FUN;SR;OK;TASK000015252246;Priority 3;NA
APS;ETH;APS;SR;OK;TASK000015252505;Priority 3;NA
FUN;COR;FUN;SR;OK;TASK000015252878;Priority 3;NA
FUN;COR;FUN;SR;OK;TASK000015252879;Priority 3;NA
SEC;ETH;SEC;SR;OK;TASK000015253019;Priority 3;NA
SEC;812;SEC;SR;OK;TASK000015253032;Priority 3;NA
TEC;BWI;TEC;SR;OK;TASK000015253101;Priority 3;NA
TEC;SYN;FUN;SR;OK;TASK000015253258;Priority 3;NA
DBA;812;DBA;SR;OK;TASK000015253281;Priority 3;NA
SEC;LAT;SEC;SR;OK;TASK000015253302;Priority 4;NA
SEC;BWI;SEC;SR;OK;TASK000015253350;Priority 4;NA
TEC;SYN;FUN;SR;OK;TASK000015253418;Priority 3;NA
SEC;BWI;SEC;SR;OK;TASK000015253433;Priority 4;NA
APS;EES;APS;SR;OK;TASK000015253453;Priority 4;NA
SEC;DPY;SEC;SR;OK;TASK000015253481;Priority 4;NA
SEC;BWI;SEC;SR;OK;TASK000015253800;Priority 4;NA
SEC;BWI;SEC;SR;OK;TASK000015253806;Priority 4;NA
SEC;BWI;SEC;SR;OK;TASK000015253813;Priority 4;NA
SEC;MNT;SEC;SR;OK;TASK000015253867;Priority 4;NA
SEC;SYN;SEC;SR;OK;TASK000015253900;Priority 3;NA
SEC;SYN;SEC;SR;OK;TASK000015253930;Priority 3;NA
TEC;SYN;FUN;SR;OK;TASK000015254008;Priority 3;NA
TEC;SYN;FUN;SR;OK;TASK000015254027;Priority 3;NA
APS;ETH;APS;SR;OK;TASK000015254214;Priority 3;NA
SEC;DCF;SEC;SR;OK;TASK000015254291;Priority 4;NA
SEC;BWI;SEC;SR;OK;TASK000015254431;Priority 4;NA
SEC;BWI;SEC;SR;OK;TASK000015254585;Priority 4;NA
SEC;BWI;SEC;SR;OK;TASK000015254797;Priority 4;NA
SEC;BWI;SEC;SR;OK;TASK000015254833;Priority 4;NA
SEC;SYN;SEC;SR;OK;TASK000015254925;Priority 3;NA
SEC;DCF;SEC;SR;OK;TASK000015255046;Priority 4;NA
SEC;DCF;SEC;SR;OK;TASK000015255308;Priority 4;NA
SEC;DCF;SEC;SR;OK;TASK000015255435;Priority 4;NA
SEC;EES;SEC;SR;OK;TASK000015255573;Priority 4;NA
CNC;BWI;L1 ;SR;OK;TASK000015255715;Priority 3;NA
L1;CRD;MON;SR;OK;TASK000015256234;Priority 3;NA
L1;CRD;MON;SR;OK;TASK000015256326;Priority 3;NA
DBA;812;DBA;SR;OK;TASK000015256559;Priority 3;NA
APS;ETH;APS;SR;OK;TASK000015256961;Priority 3;NA
SEC;DCF;SEC;SR;OK;TASK000015257120;Priority 4;NA
SEC;EMS;SEC;SR;OK;TASK000015257296;Priority 3;NA
APS;ETH;APS;SR;OK;TASK000015257411;Priority 3;NA
APS;ETH;APS;SR;OK;TASK000015257738;Priority 3;NA
APS;ETH;APS;SR;OK;TASK000015257929;Priority 3;NA
APS;ETH;APS;SR;OK;TASK000015258018;Priority 3;NA
CNC;812;SCH;SR;OK;TASK000015258389;Priority 3;NA
APS;ETH;APS;SR;OK;TASK000015258394;Priority 3;NA
SEC;ETH;SEC;SR;OK;TASK000015258990;Priority 3;NA
SEC;812;SEC;SR;OK;TASK000015258992;Priority 3;NA
APS;ETH;APS;SR;OK;TASK000015259450;Priority 3;NA
APS;ETH;APS;SR;OK;TASK000015259459;Priority 3;NA
SEC;ETH;SEC;SR;OK;TASK000015259563;Priority 3;NA
APS;ETH;APS;SR;OK;TASK000015259601;Priority 3;NA
APS;ETH;APS;SR;OK;TASK000015259655;Priority 3;NA
APS;EES;APS;SR;OK;TASK000015259779;Priority 4;NA
APS;EES;APS;SR;OK;TASK000015259785;Priority 4;NA
APS;EES;APS;SR;OK;TASK000015259796;Priority 4;NA
L1;CRD;MON;SR;OK;TASK000015260072;Priority 3;NA
DBA;812;DBA;SR;OK;TASK000015260286;Priority 3;NA
L1;CRD;MON;SR;OK;TASK000015260399;Priority 3;NA
SEC;DCF;SEC;SR;OK;TASK000015264568;Priority 4;NA
FUN;812;FUN;SR;OK;TASK000015264791;Priority 4;NA
FUN;812;FUN;SR;OK;TASK000015265281;Priority 4;NA
SEC;812;SEC;SR;OK;TASK000015265369;Priority 4;NA
SEC;DCF;SEC;SR;OK;TASK000015265593;Priority 4;NA
DBA;812;DBA;SR;OK;TASK000015265738;Priority 4;NA
DBA;812;DBA;SR;OK;TASK000015265829;Priority 4;NA
SEC;DCF;SEC;SR;OK;TASK000015265858;Priority 4;NA
SEC;812;SEC;SR;OK;TASK000015265859;Priority 4;NA
DBA;812;DBA;SR;OK;TASK000015265972;Priority 4;NA
DXE;DXE;FUN;SR;OK;TASK000015266014;Priority 4;NA
SEC;DCF;SEC;SR;OK;TASK000015266019;Priority 4;NA
FUN;812;FUN;SR;OK;TASK000015266215;Priority 4;NA
SEC;DCF;SEC;SR;OK;TASK000015266461;Priority 4;NA
SEC;EMS;SEC;SR;OK;TASK000015268645;Priority 4;NA
SEC;812;SEC;SR;OK;TASK000015269219;Priority 4;NA
SEC;EES;SEC;SR;OK;TASK000015269232;Priority 4;NA
TEC;BWI;TEC;SR;OK;TASK000015269237;Priority 4;NA
TEC;BWI;TEC;SR;OK;TASK000015269247;Priority 4;NA
SEC;DXE;SEC;SR;OK;TASK000015269252;Priority 4;NA
SEC;EMS;SEC;SR;OK;TASK000015269307;Priority 4;NA
SEC;DPY;SEC;SR;OK;TASK000015269775;Priority 4;NA
SEC;812;SEC;SR;OK;TASK000015269812;Priority 4;NA
SEC;EES;SEC;SR;OK;TASK000015269960;Priority 4;NA
SEC;812;SEC;SR;OK;TASK000015270070;Priority 4;NA
SEC;BWI;SEC;SR;OK;TASK000015270211;Priority 4;NA
SEC;DCF;SEC;SR;OK;TASK000015270497;Priority 4;NA
FUN;WS;FUN;SR;OK;TASK000015270536;Priority 4;NA
SEC;DPY;SEC;SR;OK;TASK000015270557;Priority 4;NA
SEC;BWI;SEC;SR;OK;TASK000015270798;Priority 4;NA
SEC;MNT;SEC;SR;OK;TASK000015270816;Priority 4;NA
SEC;BWI;SEC;SR;OK;TASK000015271075;Priority 4;NA
SEC;EES;SEC;SR;OK;TASK000015271349;Priority 4;NA
SEC;BWI;SEC;SR;OK;TASK000015271421;Priority 4;NA
L1;MNT;SEC;SR;OK;TASK000015271443;Priority 4;NA
SEC;DCF;SEC;SR;OK;TASK000015271535;Priority 4;NA
L1;MNT;SEC;SR;OK;TASK000015271612;Priority 4;NA
L1;MNT;SEC;SR;OK;TASK000015271727;Priority 4;NA
L1;MNT;SEC;SR;OK;TASK000015272280;Priority 4;NA
SEC;DCF;SEC;SR;OK;TASK000015272552;Priority 4;NA
SEC;DCF;SEC;SR;OK;TASK000015272553;Priority 4;NA
SEC;DCF;SEC;SR;OK;TASK000015272554;Priority 4;NA
L1;MNT;SEC;SR;OK;TASK000015272563;Priority 4;NA
L1;MNT;SEC;SR;OK;TASK000015272564;Priority 4;NA
SEC;MNT;SEC;SR;OK;TASK000015273107;Priority 4;NA
FUN;812;FUN;SR;OK;TASK000015273691;Priority 3;NA
FUN;812;FUN;SR;OK;TASK000015273719;Priority 3;NA
FUN;812;FUN;SR;OK;TASK000015273920;Priority 3;NA
DBA;812;DBA;SR;OK;TASK000015274010;Priority 3;NA
APS;ETH;APS;SR;OK;TASK000015274025;Priority 3;NA
SEC;DXE;SEC;SR;OK;TASK000015274221;Priority 4;NA
APS;DCF;APS;SR;OK;TASK000015274370;Priority 4;NA
SEC;812;SEC;SR;OK;TASK000015274490;Priority 4;NA
FUN;812;FUN;SR;OK;TASK000015274603;Priority 4;NA
SEC;DXE;SEC;SR;OK;TASK000015274670;Priority 3;NA
FUN;812;FUN;SR;OK;TASK000015274682;Priority 4;NA
SEC;EMS;SEC;SR;OK;TASK000015274704;Priority 4;NA
SEC;DCF;SEC;SR;OK;TASK000015274812;Priority 4;NA
SEC;DCF;SEC;SR;OK;TASK000015274834;Priority 4;NA
TEC;BWI;TEC;SR;OK;TASK000015274841;Priority 3;NA
SEC;ETH;SEC;SR;Defect;TASK000015274914;Priority 3;NA
SEC;DCF;SEC;SR;Defect;TASK000015274940;Priority 4;NA
SEC;MNT;SEC;SR;OK;TASK000015274973;Priority 4;NA
SEC;DCF;SEC;SR;OK;TASK000015275097;Priority 4;NA
SEC;DXE;SEC;SR;OK;TASK000015275113;Priority 4;NA
FUN;812;FUN;SR;OK;TASK000015275197;Priority 4;NA
SEC;812;SEC;SR;OK;TASK000015275202;Priority 4;NA
FUN;812;FUN;SR;OK;TASK000015275243;Priority 4;NA
SEC;MNT;SEC;SR;OK;TASK000015275273;Priority 4;NA
DBA;812;DBA;SR;OK;TASK000015275328;Priority 3;NA
SEC;DCF;SEC;SR;OK;TASK000015275341;Priority 4;NA
TEC;ETH;FUN;SR;OK;TASK000015275436;Priority 4;NA
SEC;DXE;SEC;SR;OK;TASK000015275468;Priority 4;NA
SEC;SYN;SEC;SR;OK;TASK000015275644;Priority 3;NA
SEC;SYN;SEC;SR;OK;TASK000015275685;Priority 3;NA
SEC;812;SEC;SR;OK;TASK000015275777;Priority 4;NA
APS;ETH;APS;SR;OK;TASK000015275793;Priority 4;NA
SEC;812;SEC;SR;OK;TASK000015275815;Priority 3;NA
SEC;812;SEC;SR;OK;TASK000015275855;Priority 3;NA
SEC;812;SEC;SR;OK;TASK000015275891;Priority 4;NA
SEC;SYN;SEC;SR;Defect;TASK000015275946;Priority 3;NA
SEC;DPY;SEC;SR;OK;TASK000015275963;Priority 4;NA
APS;ETH;APS;SR;OK;TASK000015275995;Priority 4;NA
FUN;DCF;FUN;SR;OK;TASK000015276016;Priority 3;NA
DBA;812;DBA;SR;OK;TASK000015276019;Priority 3;NA
SEC;812;SEC;SR;OK;TASK000015276028;Priority 3;NA
SEC;DXE;SEC;SR;OK;TASK000015276030;Priority 3;NA
SEC;812;SEC;SR;OK;TASK000015276116;Priority 4;NA
L1;BWI;L1 ;SR;OK;TASK000015276137;Priority 3;NA
L1;812;MON;SR;OK;TASK000015276148;Priority 3;NA
SEC;812;SEC;SR;OK;TASK000015276301;Priority 4;NA
FUN;COR;FUN;SR;OK;TASK000015276491;Priority 3;NA
SEC;ETH;SEC;SR;OK;TASK000015276549;Priority 3;NA
APS;DCF;APS;SR;OK;TASK000015276598;Priority 3;NA
SEC;812;SEC;SR;OK;TASK000015276607;Priority 4;NA
SEC;DXE;SEC;SR;OK;TASK000015276623;Priority 3;NA
SEC;812;SEC;SR;OK;TASK000015276633;Priority 3;NA
FUN;COR;FUN;SR;OK;TASK000015276666;Priority 3;NA
FIN;MNT;FUN;SR;OK;TASK000015276892;Priority 3;NA
SEC;BWI;SEC;SR;OK;TASK000015276996;Priority 4;NA
SEC;BWI;SEC;SR;OK;TASK000015277007;Priority 4;NA
SEC;BWI;SEC;SR;OK;TASK000015277018;Priority 4;NA
SEC;BWI;SEC;SR;OK;TASK000015277031;Priority 4;NA
APS;ETH;APS;SR;OK;TASK000015277048;Priority 4;NA
L1;MNT;SEC;SR;OK;TASK000015277176;Priority 4;NA
APS;ETH;APS;SR;OK;TASK000015277184;Priority 3;NA
FUN;MNT;FUN;SR;OK;TASK000015277209;Priority 3;NA
SEC;SYN;SEC;SR;OK;TASK000015277301;Priority 3;NA
SEC;SYN;SEC;SR;OK;TASK000015277402;Priority 3;NA
SEC;DXE;SEC;SR;Defect;TASK000015277454;Priority 3;NA
L1;BWI;L1 ;SR;OK;TASK000015277460;Priority 3;NA
SEC;DCF;SEC;SR;Defect;TASK000015277466;Priority 4;NA
SEC;ETH;SEC;SR;OK;TASK000015277477;Priority 3;NA
SEC;SYN;SEC;SR;Defect;TASK000015277494;Priority 3;NA
APS;ETH;APS;SR;OK;TASK000015277690;Priority 3;NA
CNC;DPY;SEC;SR;OK;TASK000015277708;Priority 4;NA
APS;ETH;APS;SR;OK;TASK000015277844;Priority 3;NA
SEC;EMS;SEC;SR;OK;TASK000015277991;Priority 3;NA
SEC;ETH;SEC;SR;OK;TASK000015278037;Priority 3;NA
SEC;DCF;SEC;SR;OK;TASK000015278043;Priority 4;NA
SEC;DXE;SEC;SR;OK;TASK000015278135;Priority 3;NA
APS;ETH;APS;SR;OK;TASK000015278167;Priority 3;NA
SEC;BWI;SEC;SR;OK;TASK000015278379;Priority 3;NA
SEC;BWI;SEC;SR;OK;TASK000015278393;Priority 3;NA
APS;ETH;APS;SR;OK;TASK000015278646;Priority 3;NA
SEC;DPY;SEC;SR;OK;TASK000015278714;Priority 4;NA
SEC;MNT;SEC;SR;OK;TASK000015279053;Priority 4;NA
L1;MNT;SEC;SR;OK;TASK000015279109;Priority 4;NA
SEC;SYN;SEC;SR;OK;TASK000015279150;Priority 3;NA
SEC;812;SEC;SR;OK;TASK000015279397;Priority 4;NA
APS;ETH;APS;SR;OK;TASK000015279638;Priority 3;NA
SEC;DCF;SEC;SR;OK;TASK000015279796;Priority 4;NA
SEC;EMS;SEC;SR;OK;TASK000015279812;Priority 3;NA
FUN;812;FUN;SR;OK;TASK000015279905;Priority 4;NA
SEC;812;SEC;SR;OK;TASK000015279917;Priority 3;NA
FUN;812;FUN;SR;OK;TASK000015279936;Priority 4;NA
SCH;812;SCH;SR;OK;TASK000015279974;Priority 3;NA
SEC;EMS;SEC;SR;OK;TASK000015280080;Priority 4;NA
FUN;812;FUN;SR;OK;TASK000015280122;Priority 4;NA
FUN;812;FUN;SR;OK;TASK000015280144;Priority 4;NA
TEC;BWI;TEC;SR;OK;TASK000015280260;Priority 3;NA
FUN;ETH;FUN;SR;OK;TASK000015280376;Priority 3;NA
SEC;ETH;SEC;SR;OK;TASK000015280378;Priority 3;NA
SEC;ETH;SEC;SR;OK;TASK000015280398;Priority 3;NA
SEC;812;SEC;SR;OK;TASK000015280444;Priority 3;NA
DBA;812;DBA;SR;OK;TASK000015280470;Priority 3;NA
APS;ETH;APS;SR;OK;TASK000015280489;Priority 3;NA
APS;ETH;APS;SR;OK;TASK000015280591;Priority 3;NA
SEC;812;SEC;SR;OK;TASK000015280640;Priority 4;NA
SEC;MNT;SEC;SR;OK;TASK000015280654;Priority 4;NA
SEC;812;SEC;SR;OK;TASK000015280674;Priority 4;NA
DBA;812;DBA;SR;OK;TASK000015280820;Priority 3;NA
SEC;SYN;SEC;SR;Defect;TASK000015280826;Priority 3;NA
DBA;812;DBA;SR;OK;TASK000015280843;Priority 3;NA
SEC;EMS;SEC;SR;OK;TASK000015280892;Priority 3;NA
FIN;DXE;FUN;SR;OK;TASK000015280936;Priority 3;NA
FIN;DXE;FUN;SR;OK;TASK000015280957;Priority 3;NA
FIN;DXE;FUN;SR;OK;TASK000015280978;Priority 3;NA
FIN;DXE;FUN;SR;OK;TASK000015280983;Priority 3;NA
TEC;DCF;TEC;SR;OK;TASK000015281068;Priority 3;NA
DBA;812;DBA;SR;OK;TASK000015281077;Priority 3;NA
SEC;ETH;SEC;SR;OK;TASK000015281092;Priority 3;NA
SEC;ETH;SEC;SR;OK;TASK000015281136;Priority 3;NA
APS;ETH;APS;SR;OK;TASK000015281140;Priority 3;NA
APS;ETH;APS;SR;OK;TASK000015281169;Priority 3;NA
SEC;ETH;SEC;SR;OK;TASK000015281197;Priority 3;NA
SEC;ETH;SEC;SR;OK;TASK000015281224;Priority 3;NA
SEC;ETH;SEC;SR;Defect;TASK000015281240;Priority 3;NA
APS;ETH;APS;SR;OK;TASK000015281322;Priority 3;NA
SEC;ETH;SEC;SR;OK;TASK000015281422;Priority 3;NA
SEC;SYN;SEC;SR;Defect;TASK000015281519;Priority 3;NA
SEC;DCF;SEC;SR;OK;TASK000015281527;Priority 4;NA
SCH;812;SCH;SR;OK;TASK000015281529;Priority 3;NA
SEC;BWI;SEC;SR;OK;TASK000015281569;Priority 4;NA
SEC;SYN;SEC;SR;OK;TASK000015281573;Priority 3;NA
DBA;812;DBA;SR;OK;TASK000015281617;Priority 3;NA
SEC;812;SEC;SR;OK;TASK000015281639;Priority 4;NA
DBA;812;DBA;SR;OK;TASK000015281678;Priority 3;NA
SEC;DCF;SEC;SR;OK;TASK000015281788;Priority 4;NA
SEC;BWI;SEC;SR;Defect;TASK000015281826;Priority 4;NA
SEC;BWI;SEC;SR;Defect;TASK000015281851;Priority 4;NA
APS;ETH;APS;SR;OK;TASK000015281890;Priority 3;NA
SEC;SYN;SEC;SR;OK;TASK000015282071;Priority 3;NA
SEC;BWI;SEC;SR;OK;TASK000015282133;Priority 4;NA
TEC;SYN;FUN;SR;OK;TASK000015282184;Priority 3;NA
SEC;BWI;SEC;SR;OK;TASK000015282186;Priority 4;NA
SEC;EES;SEC;SR;OK;TASK000015282256;Priority 3;NA
SEC;BWI;SEC;SR;OK;TASK000015282264;Priority 4;NA
L1;MNT;SEC;SR;OK;TASK000015282275;Priority 4;NA
SEC;812;SEC;SR;OK;TASK000015282300;Priority 3;NA
L1;MNT;SEC;SR;OK;TASK000015282345;Priority 4;NA
SEC;EMS;SEC;SR;OK;TASK000015282354;Priority 4;NA
SEC;EMS;SEC;SR;OK;TASK000015282409;Priority 3;NA
SEC;EMS;SEC;SR;OK;TASK000015282489;Priority 4;NA
SEC;EES;SEC;SR;OK;TASK000015282539;Priority 4;NA
SEC;ETH;SEC;SR;OK;TASK000015282614;Priority 3;NA
APS;ETH;APS;SR;OK;TASK000015282739;Priority 3;NA
SEC;SYN;SEC;SR;OK;TASK000015282927;Priority 3;NA
SEC;SYN;SEC;SR;OK;TASK000015282931;Priority 3;NA
SEC;812;SEC;SR;OK;TASK000015282953;Priority 4;NA
APS;EES;APS;SR;OK;TASK000015283346;Priority 4;NA
L1;MNT;SEC;SR;OK;TASK000015283365;Priority 4;NA
SEC;SYN;SEC;SR;Defect;TASK000015283703;Priority 3;NA
SEC;DPY;SEC;SR;OK;TASK000015284005;Priority 4;NA
SEC;SYN;SEC;SR;OK;TASK000015284018;Priority 3;NA
SEC;EES;SEC;SR;OK;TASK000015284628;Priority 3;NA
FUN;DXE;FUN;SR;OK;TASK000015284735;Priority 3;NA
SEC;EES;SEC;SR;OK;TASK000015284944;Priority 4;NA
SEC;812;SEC;SR;OK;TASK000015285057;Priority 4;NA
SEC;812;SEC;SR;OK;TASK000015285086;Priority 4;NA
SEC;812;SEC;SR;OK;TASK000015285129;Priority 3;NA
APS;ETH;APS;SR;OK;TASK000015285276;Priority 3;NA
SEC;EMS;SEC;SR;OK;TASK000015285286;Priority 3;NA
SEC;812;SEC;SR;OK;TASK000015285341;Priority 3;NA
APS;ETH;APS;SR;OK;TASK000015285647;Priority 3;NA
MNT;MNT;FUN;SR;OK;TASK000015285686;Priority 4;NA
TEC;BWI;TEC;SR;OK;TASK000015285688;Priority 3;NA
SEC;MNT;SEC;SR;OK;TASK000015285692;Priority 4;NA
SEC;DXE;SEC;SR;OK;TASK000015285878;Priority 3;NA
SEC;ETH;SEC;SR;OK;TASK000015286006;Priority 3;NA
SEC;EMS;SEC;SR;OK;TASK000015286020;Priority 4;NA
SEC;BWI;SEC;SR;OK;TASK000015286051;Priority 4;NA
TEC;SYN;FUN;SR;OK;TASK000015286058;Priority 3;NA
APS;ETH;APS;SR;OK;TASK000015286118;Priority 3;NA
APS;ETH;APS;SR;OK;TASK000015286130;Priority 3;NA
SEC;812;SEC;SR;OK;TASK000015286171;Priority 3;NA
SEC;SYN;SEC;SR;OK;TASK000015286528;Priority 3;NA
SEC;812;SEC;SR;OK;TASK000015286714;Priority 3;NA
TEC;LAT;TEC;SR;OK;TASK000015286721;Priority 3;NA
SEC;812;SEC;SR;OK;TASK000015286750;Priority 4;NA
SEC;DXE;SEC;SR;OK;TASK000015286768;Priority 3;NA
SEC;DXE;SEC;SR;OK;TASK000015286781;Priority 3;NA
SEC;812;SEC;SR;OK;TASK000015286810;Priority 4;NA
SEC;DXE;SEC;SR;OK;TASK000015286820;Priority 3;NA
SEC;EMS;SEC;SR;OK;TASK000015286824;Priority 4;NA
SEC;812;SEC;SR;OK;TASK000015286849;Priority 3;NA
SEC;WS;SEC;SR;OK;TASK000015286857;Priority 3;NA
DBA;812;DBA;SR;OK;TASK000015286946;Priority 3;NA
FUN;WS;FUN;SR;OK;TASK000015287012;Priority 4;NA
SEC;EES;SEC;SR;OK;TASK000015287042;Priority 3;NA
DBA;812;DBA;SR;OK;TASK000015287043;Priority 3;NA
SEC;EMS;SEC;SR;OK;TASK000015287150;Priority 4;NA
FUN;812;FUN;SR;OK;TASK000015287223;Priority 3;NA
SEC;DPY;SEC;SR;OK;TASK000015287230;Priority 4;NA
SEC;SYN;SEC;SR;Defect;TASK000015287416;Priority 3;NA
SEC;BWI;SEC;SR;OK;TASK000015287440;Priority 4;NA
L1;MNT;SEC;SR;OK;TASK000015287533;Priority 4;NA
CNC;812;SCH;SR;OK;TASK000015287541;Priority 3;NA
L1;MNT;SEC;SR;OK;TASK000015287610;Priority 4;NA
SEC;812;SEC;SR;OK;TASK000015287685;Priority 4;NA
SEC;EMS;SEC;SR;OK;TASK000015287854;Priority 3;NA
SEC;MNT;SEC;SR;OK;TASK000015287916;Priority 4;NA
SEC;BWI;SEC;SR;OK;TASK000015288081;Priority 4;NA
SEC;BWI;SEC;SR;OK;TASK000015288130;Priority 4;NA
SEC;BWI;SEC;SR;OK;TASK000015288202;Priority 4;NA
SEC;SYN;SEC;SR;OK;TASK000015288230;Priority 3;NA
L1;BWI;L1 ;SR;OK;TASK000015288246;Priority 3;NA
SEC;BWI;SEC;SR;OK;TASK000015288285;Priority 4;NA
SEC;SYN;SEC;SR;OK;TASK000015288368;Priority 3;NA
SEC;ETH;SEC;SR;OK;TASK000015288439;Priority 3;NA
SEC;DPY;SEC;SR;OK;TASK000015288458;Priority 4;NA
SEC;MNT;SEC;SR;OK;TASK000015288499;Priority 4;NA
SEC;BWI;SEC;SR;OK;TASK000015288677;Priority 3;NA
MNT;MNT;FUN;SR;OK;TASK000015288744;Priority 3;NA
SEC;MNT;SEC;SR;OK;TASK000015288746;Priority 4;NA
CNC;BWI;L1 ;SR;OK;TASK000015288763;Priority 3;NA
APS;EES;APS;SR;OK;TASK000015288766;Priority 4;NA
SEC;EES;SEC;SR;OK;TASK000015288964;Priority 4;NA
CNC;BWI;L1 ;SR;OK;TASK000015288978;Priority 3;NA
SEC;ETH;SEC;SR;OK;TASK000015289017;Priority 3;NA
SEC;SYN;SEC;SR;Defect;TASK000015289040;Priority 3;NA
SEC;MNT;SEC;SR;OK;TASK000015289233;Priority 4;NA
FUN;EMS;FUN;SR;OK;TASK000015289375;Priority 4;NA
SEC;ETH;SEC;SR;Defect;TASK000015289718;Priority 3;NA
FUN;WS;FUN;SR;OK;TASK000015290009;Priority 3;NA
L1;BWI;L1 ;SR;OK;TASK000015290022;Priority 3;NA
CNC;812;SCH;SR;OK;TASK000015290140;Priority 3;NA
SEC;812;SEC;SR;OK;TASK000015290327;Priority 3;NA
DBA;812;DBA;SR;OK;TASK000015290606;Priority 3;NA
DBA;812;DBA;SR;OK;TASK000015290673;Priority 3;NA
SEC;EMS;SEC;SR;OK;TASK000015290717;Priority 3;NA
TEC;BWI;TEC;SR;OK;TASK000015290855;Priority 3;NA
TEC;BWI;TEC;SR;OK;TASK000015290875;Priority 3;NA
TEC;BWI;TEC;SR;OK;TASK000015290878;Priority 3;NA
TEC;BWI;TEC;SR;OK;TASK000015290880;Priority 3;NA
TEC;BWI;TEC;SR;OK;TASK000015290882;Priority 3;NA
SEC;812;SEC;SR;OK;TASK000015291007;Priority 4;NA
SEC;MNT;SEC;SR;OK;TASK000015291212;Priority 3;NA
FIN;WS;FUN;SR;OK;TASK000015291451;Priority 3;NA
SEC;812;SEC;SR;OK;TASK000015291488;Priority 4;NA
SEC;812;SEC;SR;OK;TASK000015291530;Priority 4;NA
APS;ETH;APS;SR;OK;TASK000015291582;Priority 3;NA
FUN;812;FUN;SR;OK;TASK000015291656;Priority 4;NA
DBA;812;DBA;SR;OK;TASK000015291922;Priority 3;NA
TEC;SYN;FUN;SR;OK;TASK000015291954;Priority 3;NA
TEC;ETH;FUN;SR;OK;TASK000015292032;Priority 4;NA
TEC;SYN;FUN;SR;OK;TASK000015292048;Priority 3;NA
SEC;SYN;SEC;SR;OK;TASK000015292077;Priority 3;NA
SEC;BWI;SEC;SR;OK;TASK000015292262;Priority 4;NA
SCH;LAT;SCH;SR;OK;TASK000015292266;Priority 3;NA
FIN;812;FUN;SR;OK;TASK000015292463;Priority 4;NA
SEC;BWI;SEC;SR;OK;TASK000015292466;Priority 4;NA
DBA;812;DBA;SR;OK;TASK000015292659;Priority 3;NA
SEC;MNT;SEC;SR;OK;TASK000015292688;Priority 4;NA
ETH;ETH;FUN;SR;OK;TASK000015292787;Priority 3;NA
FUN;ETH;FUN;SR;OK;TASK000015292792;Priority 3;NA
SEC;ETH;SEC;SR;OK;TASK000015292816;Priority 3;NA
SEC;DXE;SEC;SR;OK;TASK000015292858;Priority 4;NA
SEC;ETH;SEC;SR;OK;TASK000015293079;Priority 3;NA
SEC;ETH;SEC;SR;OK;TASK000015293123;Priority 3;NA
L1;BWI;L1 ;SR;OK;TASK000015293149;Priority 3;NA
SEC;DCF;SEC;SR;OK;TASK000015293321;Priority 4;NA
SEC;BWI;SEC;SR;OK;TASK000015293428;Priority 4;NA
SEC;SYN;SEC;SR;OK;TASK000015293433;Priority 4;NA
SEC;BWI;SEC;SR;OK;TASK000015293442;Priority 4;NA
SEC;BWI;SEC;SR;OK;TASK000015293450;Priority 4;NA
SEC;DCF;SEC;SR;OK;TASK000015293500;Priority 4;NA
ETH;ETH;FUN;SR;OK;TASK000015293519;Priority 4;NA
SEC;MNT;SEC;SR;OK;TASK000015293611;Priority 4;NA
APS;EES;APS;SR;OK;TASK000015293618;Priority 4;NA
APS;EES;APS;SR;OK;TASK000015293642;Priority 4;NA
ETH;ETH;FUN;SR;OK;TASK000015293654;Priority 3;NA
SEC;MNT;SEC;SR;OK;TASK000015293685;Priority 4;NA
APS;ETH;APS;SR;OK;TASK000015293689;Priority 3;NA
TEC;SYN;FUN;SR;OK;TASK000015293691;Priority 3;NA
L1;MNT;SEC;SR;OK;TASK000015293705;Priority 4;NA
L1;MNT;SEC;SR;OK;TASK000015293707;Priority 4;NA
SEC;WS;SEC;SR;OK;TASK000015293739;Priority 3;NA
SEC;WS;SEC;SR;OK;TASK000015293752;Priority 3;NA
L1;MNT;SEC;SR;OK;TASK000015293772;Priority 4;NA
APS;ETH;APS;SR;OK;TASK000015293799;Priority 4;NA
APS;DCF;APS;SR;OK;TASK000015293844;Priority 3;NA
SEC;DCF;SEC;SR;OK;TASK000015293910;Priority 4;NA
SEC;ETH;SEC;SR;OK;TASK000015294023;Priority 3;NA
L1;BWI;L1 ;SR;OK;TASK000015294063;Priority 3;NA
SEC;812;SEC;SR;OK;TASK000015294416;Priority 4;NA
DBA;812;DBA;SR;OK;TASK000015294636;Priority 3;NA
DBA;812;DBA;SR;OK;TASK000015294637;Priority 3;NA
DBA;812;DBA;SR;OK;TASK000015294638;Priority 3;NA
DBA;812;DBA;SR;OK;TASK000015294640;Priority 3;NA
DBA;812;DBA;SR;OK;TASK000015294641;Priority 3;NA
DBA;812;DBA;SR;OK;TASK000015294645;Priority 3;NA
DBA;812;DBA;SR;OK;TASK000015294646;Priority 3;NA
DBA;812;DBA;SR;OK;TASK000015294647;Priority 3;NA
DBA;812;DBA;SR;OK;TASK000015294648;Priority 3;NA
FUN;812;FUN;SR;OK;TASK000015295520;Priority 3;NA
DBA;812;DBA;SR;OK;TASK000015295522;Priority 3;NA
SEC;BWI;SEC;SR;OK;TASK000015295531;Priority 4;NA
SEC;DPY;SEC;SR;OK;TASK000015295546;Priority 4;NA
SEC;DCF;SEC;SR;OK;TASK000015295562;Priority 4;NA
SEC;MNT;SEC;SR;OK;TASK000015295623;Priority 4;NA
SEC;EES;SEC;SR;OK;TASK000015295672;Priority 3;NA
FUN;812;FUN;SR;OK;TASK000015295865;Priority 3;NA
SEC;812;SEC;SR;OK;TASK000015295946;Priority 4;NA
SEC;DXE;SEC;SR;OK;TASK000015296108;Priority 4;NA
SEC;DXE;SEC;SR;OK;TASK000015296129;Priority 4;NA
SEC;812;SEC;SR;OK;TASK000015296389;Priority 4;NA
FIN;DXE;FUN;SR;OK;TASK000015296423;Priority 3;NA
CNC;812;MON;SR;OK;TASK000015296428;Priority 3;NA
SEC;812;SEC;SR;OK;TASK000015296439;Priority 4;NA
CNC;812;MON;SR;OK;TASK000015296444;Priority 3;NA
FUN;812;FUN;SR;OK;TASK000015296491;Priority 3;NA
SEC;EMS;SEC;SR;OK;TASK000015296704;Priority 4;NA
SEC;812;SEC;SR;OK;TASK000015296755;Priority 3;NA
FUN;812;FUN;SR;Defect;TASK000015296871;Priority 4;NA
DCF;DCF;FUN;SR;OK;TASK000015296930;Priority 3;NA
SEC;WS;SEC;SR;OK;TASK000015296986;Priority 3;NA
APS;ETH;APS;SR;OK;TASK000015296998;Priority 3;NA
FUN;812;FUN;SR;OK;TASK000015297022;Priority 4;NA
FUN;812;FUN;SR;OK;TASK000015297049;Priority 3;NA
SEC;812;SEC;SR;OK;TASK000015297114;Priority 4;NA
SEC;DCF;SEC;SR;OK;TASK000015297139;Priority 4;NA
DBA;812;DBA;SR;OK;TASK000015297151;Priority 3;NA
SEC;812;SEC;SR;OK;TASK000015297227;Priority 3;NA
TEC;SYN;FUN;SR;OK;TASK000015297335;Priority 3;NA
SEC;EMS;SEC;SR;OK;TASK000015297350;Priority 3;NA
SEC;DCF;SEC;SR;OK;TASK000015297360;Priority 4;NA
TEC;SYN;FUN;SR;OK;TASK000015297404;Priority 3;NA
SEC;ETH;SEC;SR;OK;TASK000015297431;Priority 3;NA
SEC;BWI;SEC;SR;OK;TASK000015297476;Priority 4;NA
SEC;812;SEC;SR;OK;TASK000015297644;Priority 4;NA
SCH;DXE;SCH;SR;OK;TASK000015297647;Priority 3;NA
SEC;MNT;SEC;SR;OK;TASK000015297667;Priority 4;NA
APS;ETH;APS;SR;OK;TASK000015297682;Priority 4;NA
TEC;BWI;TEC;SR;OK;TASK000015297697;Priority 3;NA
SEC;DCF;SEC;SR;OK;TASK000015297722;Priority 4;NA
TEC;BWI;TEC;SR;OK;TASK000015297732;Priority 3;NA
CNC;DPY;SEC;SR;OK;TASK000015297762;Priority 4;NA
TEC;BWI;TEC;SR;OK;TASK000015297769;Priority 3;NA
SEC;MNT;SEC;SR;OK;TASK000015297789;Priority 4;NA
SEC;MNT;SEC;SR;OK;TASK000015297853;Priority 4;NA
DBA;812;DBA;SR;OK;TASK000015298059;Priority 3;NA
SEC;BWI;SEC;SR;OK;TASK000015298070;Priority 3;NA
SEC;BWI;SEC;SR;OK;TASK000015298079;Priority 3;NA
L1;CRD;MON;SR;OK;TASK000015298091;Priority 3;NA
SEC;812;SEC;SR;OK;TASK000015298105;Priority 4;NA
SEC;BWI;SEC;SR;OK;TASK000015298275;Priority 4;NA
SEC;812;SEC;SR;OK;TASK000015298295;Priority 4;NA
L1;MNT;SEC;SR;OK;TASK000015298304;Priority 4;NA
SEC;ETH;SEC;SR;OK;TASK000015298321;Priority 3;NA
L1;MNT;SEC;SR;OK;TASK000015298345;Priority 4;NA
SEC;BWI;SEC;SR;OK;TASK000015298451;Priority 4;NA
APS;ETH;APS;SR;OK;TASK000015298521;Priority 3;NA
SEC;EMS;SEC;SR;OK;TASK000015298545;Priority 3;NA
SEC;EES;SEC;SR;OK;TASK000015298558;Priority 4;NA
SEC;812;SEC;SR;OK;TASK000015298602;Priority 4;NA
APS;ETH;APS;SR;OK;TASK000015298654;Priority 3;NA
DBA;812;DBA;SR;OK;TASK000015298757;Priority 4;NA
SEC;DPY;SEC;SR;OK;TASK000015298760;Priority 4;NA
SEC;812;SEC;SR;OK;TASK000015298766;Priority 4;NA
SEC;SYN;SEC;SR;OK;TASK000015299094;Priority 3;NA
SEC;SYN;SEC;SR;OK;TASK000015299141;Priority 4;NA
SEC;812;SEC;SR;OK;TASK000015299174;Priority 4;NA
SEC;BWI;SEC;SR;OK;TASK000015299197;Priority 4;NA
SEC;812;SEC;SR;OK;TASK000015299228;Priority 4;NA
FUN;812;FUN;SR;OK;TASK000015299239;Priority 3;NA
TEC;SYN;FUN;SR;OK;TASK000015299372;Priority 3;NA
SEC;BWI;SEC;SR;OK;TASK000015299557;Priority 4;NA
L1;MNT;SEC;SR;OK;TASK000015299612;Priority 4;NA
SEC;MNT;SEC;SR;OK;TASK000015299626;Priority 4;NA
SEC;MNT;SEC;SR;OK;TASK000015299633;Priority 4;NA
L1;MNT;SEC;SR;OK;TASK000015299643;Priority 4;NA
SEC;MNT;SEC;SR;OK;TASK000015299650;Priority 4;NA
SEC;SYN;SEC;SR;OK;TASK000015299695;Priority 3;NA
SEC;MNT;SEC;SR;OK;TASK000015299734;Priority 4;NA
MNT;MNT;FUN;SR;OK;TASK000015299742;Priority 3;NA
SEC;SYN;SEC;SR;OK;TASK000015299894;Priority 3;NA
L1;CRD;MON;SR;OK;TASK000015299900;Priority 3;NA
SEC;EES;SEC;SR;OK;TASK000015300053;Priority 4;NA
DBA;812;DBA;SR;OK;TASK000015300056;Priority 3;NA
SEC;BWI;SEC;SR;OK;TASK000015300080;Priority 4;NA
SEC;SYN;SEC;SR;OK;TASK000015300111;Priority 3;NA
L1;MNT;SEC;SR;OK;TASK000015300141;Priority 4;NA
SEC;SYN;SEC;SR;OK;TASK000015300222;Priority 3;NA
SEC;SYN;SEC;SR;OK;TASK000015300251;Priority 3;NA
SEC;DCF;SEC;SR;OK;TASK000015301096;Priority 4;NA
FIN;WS;FUN;SR;OK;TASK000015301151;Priority 3;NA
CNC;812;MON;SR;OK;TASK000015301259;Priority 3;NA
FUN;812;FUN;SR;OK;TASK000015301432;Priority 3;NA
FIN;812;INS;SR;OK;TASK000015301784;Priority 4;NA
DBA;812;DBA;SR;OK;TASK000015301791;Priority 3;NA
DBA;812;DBA;SR;OK;TASK000015301882;Priority 3;NA
DBA;812;DBA;SR;OK;TASK000015301921;Priority 3;NA
CNC;WS;MON;SR;OK;TASK000015301942;Priority 3;NA
DBA;812;DBA;SR;OK;TASK000015301945;Priority 3;NA
DCF;DCF;FUN;SR;OK;TASK000015301989;Priority 3;NA
FUN;812;FUN;SR;OK;TASK000015301991;Priority 3;NA
APS;ETH;APS;SR;OK;TASK000015302148;Priority 3;NA
SEC;812;SEC;SR;OK;TASK000015302216;Priority 4;NA
FIN;WS;FUN;SR;OK;TASK000015302278;Priority 3;NA
DCF;DCF;FUN;SR;OK;TASK000015302311;Priority 4;NA
SEC;EMS;SEC;SR;OK;TASK000015302400;Priority 3;NA
CNC;812;MON;SR;OK;TASK000015302470;Priority 3;NA
FIN;812;FUN;SR;OK;TASK000015302772;Priority 3;NA
SEC;DXE;SEC;SR;OK;TASK000015302859;Priority 4;NA
CNC;BWI;L1 ;SR;OK;TASK000015302875;Priority 3;NA
SCH;BWI;SCH;SR;OK;TASK000015302989;Priority 3;NA
DCF;DCF;FUN;SR;OK;TASK000015303019;Priority 3;NA
SCH;BWI;SCH;SR;OK;TASK000015303024;Priority 3;NA
SEC;BWI;SEC;SR;OK;TASK000015303070;Priority 4;NA
TEC;SYN;FUN;SR;OK;TASK000015303097;Priority 3;NA
SEC;EMS;SEC;SR;OK;TASK000015303098;Priority 3;NA
SEC;WS;SEC;SR;OK;TASK000015303130;Priority 3;NA
L1;MNT;SEC;SR;OK;TASK000015303189;Priority 4;NA
SEC;EES;SEC;SR;OK;TASK000015303201;Priority 4;NA
SEC;BWI;SEC;SR;OK;TASK000015303202;Priority 4;NA
L1;BWI;L1 ;SR;OK;TASK000015303297;Priority 3;NA
SEC;BWI;SEC;SR;OK;TASK000015303341;Priority 4;NA
DBA;812;DBA;SR;OK;TASK000015303366;Priority 3;NA
SEC;DCF;SEC;SR;OK;TASK000015303403;Priority 4;NA
FUN;ETH;FUN;SR;OK;TASK000015303458;Priority 3;NA
L1;BWI;L1 ;SR;OK;TASK000015303459;Priority 3;NA
SEC;EMS;SEC;SR;OK;TASK000015303481;Priority 3;NA
SEC;812;SEC;SR;OK;TASK000015303550;Priority 3;NA
APS;ETH;APS;SR;OK;TASK000015303603;Priority 3;NA
SEC;SYN;SEC;SR;OK;TASK000015303623;Priority 3;NA
DBA;812;DBA;SR;OK;TASK000015303627;Priority 3;NA
SEC;BWI;SEC;SR;OK;TASK000015303641;Priority 4;NA
FIN;812;FUN;SR;OK;TASK000015303664;Priority 4;NA
DBA;812;DBA;SR;OK;TASK000015303683;Priority 3;NA
APS;ETH;APS;SR;OK;TASK000015303705;Priority 3;NA
SEC;BWI;SEC;SR;OK;TASK000015304129;Priority 4;NA
SEC;EMS;SEC;SR;OK;TASK000015304152;Priority 3;NA
SCH;812;SCH;SR;OK;TASK000015304224;Priority 3;NA
CNC;812;SCH;SR;Defect;TASK000015304248;Priority 3;NA
L1;MNT;SEC;SR;OK;TASK000015304260;Priority 4;NA
L1;MNT;SEC;SR;OK;TASK000015304303;Priority 4;NA
L1;MNT;SEC;SR;OK;TASK000015304315;Priority 4;NA
MNT;MNT;FUN;SR;OK;TASK000015304396;Priority 3;NA
DBA;812;DBA;SR;OK;TASK000015304399;Priority 3;NA
L1;MNT;SEC;SR;OK;TASK000015304729;Priority 4;NA
DBA;812;DBA;SR;OK;TASK000015304734;Priority 4;NA
SEC;BWI;SEC;SR;OK;TASK000015304739;Priority 3;NA
APS;ETH;APS;SR;OK;TASK000015304764;Priority 3;NA
SEC;DCF;SEC;SR;OK;TASK000015304882;Priority 4;NA
SEC;MNT;SEC;SR;OK;TASK000015305047;Priority 4;NA
SEC;SYN;SEC;SR;Defect;TASK000015305070;Priority 3;NA
SEC;SYN;SEC;SR;OK;TASK000015305208;Priority 3;NA
SEC;SYN;SEC;SR;OK;TASK000015305235;Priority 3;NA
L1;MNT;SEC;SR;OK;TASK000015305279;Priority 4;NA
APS;ETH;APS;SR;OK;TASK000015305326;Priority 3;NA
L1;BWI;L1 ;SR;OK;TASK000015305386;Priority 3;NA
SEC;SYN;SEC;SR;OK;TASK000015305485;Priority 3;NA
SCH;812;SCH;SR;OK;TASK000015305489;Priority 3;NA
L1;CRD;MON;SR;OK;TASK000015305544;Priority 3;NA
SEC;SYN;SEC;SR;OK;TASK000015305658;Priority 3;NA
SEC;BWI;SEC;SR;OK;TASK000015305698;Priority 3;NA
APS;ETH;APS;SR;OK;TASK000015305811;Priority 3;NA
SEC;SYN;SEC;SR;OK;TASK000015306047;Priority 3;NA
APS;ETH;APS;SR;OK;TASK000015306088;Priority 3;NA
SEC;DPY;SEC;SR;OK;TASK000015306111;Priority 4;NA
CNC;812;MON;SR;OK;TASK000015306710;Priority 3;NA
CNC;812;MON;SR;OK;TASK000015307161;Priority 3;NA
DBA;812;DBA;SR;OK;TASK000015307162;Priority 3;NA
L1;BWI;L1 ;SR;OK;TASK000015307204;Priority 3;NA
SEC;812;SEC;SR;OK;TASK000015307462;Priority 3;NA
MNT;MNT;FUN;SR;OK;TASK000015307465;Priority 3;NA
SEC;812;SEC;SR;OK;TASK000015307507;Priority 4;NA
SEC;812;SEC;SR;OK;TASK000015307509;Priority 4;NA
APS;ETH;APS;SR;OK;TASK000015307531;Priority 3;NA
SCH;812;SCH;SR;OK;TASK000015307578;Priority 3;NA
DBA;812;DBA;SR;OK;TASK000015307583;Priority 3;NA
SEC;EES;SEC;SR;OK;TASK000015307682;Priority 3;NA
SEC;MNT;SEC;SR;OK;TASK000015307698;Priority 4;NA
SEC;MNT;SEC;SR;OK;TASK000015307784;Priority 4;NA
L1;MNT;SEC;SR;OK;TASK000015307823;Priority 4;NA
DBA;812;DBA;SR;OK;TASK000015307914;Priority 3;NA
DBA;812;DBA;SR;OK;TASK000015307923;Priority 3;NA
SEC;MNT;SEC;SR;OK;TASK000015308095;Priority 4;NA
DBA;812;DBA;SR;OK;TASK000015308125;Priority 3;NA
SEC;SYN;SEC;SR;OK;TASK000015308378;Priority 3;NA
SCH;BWI;SCH;SR;OK;TASK000015308429;Priority 3;NA
SEC;SYN;SEC;SR;OK;TASK000015308460;Priority 3;NA
SEC;812;SEC;SR;OK;TASK000015308503;Priority 4;NA
DBA;812;DBA;SR;OK;TASK000015308566;Priority 3;NA
APS;ETH;APS;SR;OK;TASK000015308576;Priority 3;NA
FUN;COR;FUN;SR;OK;TASK000015308614;Priority 3;NA
DBA;812;DBA;SR;OK;TASK000015308646;Priority 3;NA
APS;ETH;APS;SR;OK;TASK000015308719;Priority 3;NA
SEC;ETH;SEC;SR;OK;TASK000015308724;Priority 3;NA
SEC;DCF;SEC;SR;OK;TASK000015308787;Priority 4;NA
SEC;BWI;SEC;SR;OK;TASK000015308877;Priority 4;NA
APS;ETH;APS;SR;OK;TASK000015308892;Priority 3;NA
APS;ETH;APS;SR;OK;TASK000015308925;Priority 3;NA
SEC;BWI;SEC;SR;OK;TASK000015308926;Priority 4;NA
APS;ETH;APS;SR;OK;TASK000015308955;Priority 3;NA
APS;ETH;APS;SR;OK;TASK000015309010;Priority 3;NA
SEC;DXE;SEC;SR;OK;TASK000015309024;Priority 4;NA
SEC;DCF;SEC;SR;OK;TASK000015309065;Priority 4;NA
DCF;DCF;FUN;SR;OK;TASK000015309087;Priority 4;NA
APS;ETH;APS;SR;OK;TASK000015309142;Priority 3;NA
SEC;MNT;SEC;SR;OK;TASK000015309144;Priority 4;NA
FUN;812;FUN;SR;OK;TASK000015309147;Priority 3;NA
APS;ETH;APS;SR;OK;TASK000015309392;Priority 3;NA
FUN;EES;FUN;SR;Defect;TASK000015309408;Priority 4;NA
SEC;812;SEC;SR;OK;TASK000015309421;Priority 3;NA
APS;ETH;APS;SR;OK;TASK000015309446;Priority 3;NA
APS;ETH;APS;SR;OK;TASK000015309453;Priority 3;NA
DBA;812;DBA;SR;OK;TASK000015309475;Priority 3;NA
SEC;812;SEC;SR;OK;TASK000015309482;Priority 4;NA
SEC;DCF;SEC;SR;OK;TASK000015309583;Priority 4;NA
SEC;BWI;SEC;SR;OK;TASK000015309584;Priority 3;NA
SEC;EMS;SEC;SR;OK;TASK000015309620;Priority 4;NA
APS;ETH;APS;SR;OK;TASK000015309689;Priority 3;NA
SEC;DCF;SEC;SR;OK;TASK000015309760;Priority 4;NA
SEC;DXE;SEC;SR;OK;TASK000015309863;Priority 4;NA
SEC;DXE;SEC;SR;OK;TASK000015309866;Priority 4;NA
FUN;812;FUN;SR;OK;TASK000015309900;Priority 4;NA
APS;ETH;APS;SR;OK;TASK000015310110;Priority 3;NA
SEC;ETH;SEC;SR;OK;TASK000015310195;Priority 3;NA
APS;ETH;APS;SR;OK;TASK000015310200;Priority 3;NA
TEC;ETH;FUN;SR;OK;TASK000015310314;Priority 4;NA
SEC;BWI;SEC;SR;OK;TASK000015310363;Priority 4;NA
SEC;BWI;SEC;SR;OK;TASK000015310374;Priority 4;NA
SEC;BWI;SEC;SR;OK;TASK000015310399;Priority 4;NA
APS;ETH;APS;SR;OK;TASK000015310572;Priority 3;NA
APS;ETH;APS;SR;OK;TASK000015310579;Priority 3;NA
SEC;EES;SEC;SR;OK;TASK000015310607;Priority 4;NA
SEC;BWI;SEC;SR;OK;TASK000015310963;Priority 3;NA
SEC;SYN;SEC;SR;Defect;TASK000015311000;Priority 3;NA
SEC;ETH;SEC;SR;OK;TASK000015311277;Priority 3;NA
SEC;812;SEC;SR;OK;TASK000015311415;Priority 3;NA
DBA;812;DBA;SR;OK;TASK000015311866;Priority 3;NA
SEC;812;SEC;SR;OK;TASK000015312018;Priority 4;NA
SEC;812;SEC;SR;OK;TASK000015312035;Priority 4;NA
SEC;812;SEC;SR;OK;TASK000015312046;Priority 4;NA
SEC;812;SEC;SR;OK;TASK000015312057;Priority 4;NA
SEC;812;SEC;SR;OK;TASK000015312068;Priority 4;NA
DBA;812;DBA;SR;OK;TASK000015312172;Priority 3;NA
FIN;812;FUN;SR;OK;TASK000015312222;Priority 4;NA
SEC;812;SEC;SR;OK;TASK000015312229;Priority 4;NA
SEC;812;SEC;SR;OK;TASK000015312374;Priority 4;NA
SEC;812;SEC;SR;OK;TASK000015312384;Priority 4;NA
FIN;812;FUN;SR;OK;TASK000015312448;Priority 3;NA
SEC;812;SEC;SR;OK;TASK000015312458;Priority 4;NA
SEC;ETH;SEC;SR;OK;TASK000015312480;Priority 3;NA
FUN;812;FUN;SR;OK;TASK000015312550;Priority 4;NA
APS;ETH;APS;SR;OK;TASK000015312673;Priority 4;NA
DBA;812;DBA;SR;OK;TASK000015312678;Priority 3;NA
APS;ETH;APS;SR;OK;TASK000015312735;Priority 4;NA
L1;812;MON;SR;OK;TASK000015312914;Priority 3;NA
SEC;812;SEC;SR;OK;TASK000015313087;Priority 4;NA
SEC;812;SEC;SR;OK;TASK000015313141;Priority 4;NA
SEC;812;SEC;SR;OK;TASK000015313147;Priority 4;NA
SEC;812;SEC;SR;OK;TASK000015313160;Priority 4;NA
SEC;812;SEC;SR;OK;TASK000015313205;Priority 4;NA
SEC;MNT;SEC;SR;OK;TASK000015313317;Priority 4;NA
SEC;ETH;SEC;SR;OK;TASK000015313322;Priority 3;NA
SEC;MNT;SEC;SR;OK;TASK000015313329;Priority 4;NA
SEC;DCF;SEC;SR;OK;TASK000015313406;Priority 4;NA
DBA;812;DBA;SR;OK;TASK000015313498;Priority 3;NA
SEC;DCF;SEC;SR;OK;TASK000015313622;Priority 4;NA
SEC;DXE;SEC;SR;OK;TASK000015313972;Priority 4;NA
SEC;EMS;SEC;SR;OK;TASK000015313992;Priority 3;NA
SEC;ETH;SEC;SR;OK;TASK000015314237;Priority 3;NA
SEC;SYN;SEC;SR;OK;TASK000015314311;Priority 3;NA
SEC;BWI;SEC;SR;OK;TASK000015314336;Priority 3;NA
SEC;812;SEC;SR;OK;TASK000015314398;Priority 3;NA
SEC;812;SEC;SR;OK;TASK000015314434;Priority 4;NA
SEC;812;SEC;SR;OK;TASK000015314484;Priority 4;NA
SEC;812;SEC;SR;OK;TASK000015314582;Priority 4;NA
SEC;BWI;SEC;SR;OK;TASK000015314613;Priority 3;NA
APS;EES;APS;SR;OK;TASK000015314927;Priority 3;NA
L1;WS;MON;SR;OK;TASK000015314932;Priority 3;NA
DBA;812;DBA;SR;OK;TASK000015315043;Priority 3;NA
SEC;812;SEC;SR;OK;TASK000015315216;Priority 4;NA
SEC;EMS;SEC;SR;OK;TASK000015315472;Priority 4;NA
SEC;MNT;SEC;SR;OK;TASK000015315492;Priority 4;NA
SEC;BWI;SEC;SR;OK;TASK000015315516;Priority 3;NA
SEC;BWI;SEC;SR;OK;TASK000015315604;Priority 3;NA
FUN;EMS;FUN;SR;OK;TASK000015315607;Priority 3;NA
APS;ETH;APS;SR;OK;TASK000015315623;Priority 4;NA
SCH;BWI;SCH;SR;OK;TASK000015315690;Priority 3;NA
APS;EES;APS;SR;OK;TASK000015315736;Priority 3;NA
APS;EES;APS;SR;OK;TASK000015315742;Priority 3;NA
SEC;MNT;SEC;SR;OK;TASK000015315762;Priority 4;NA
SEC;ETH;SEC;SR;OK;TASK000015315770;Priority 3;NA
APS;EES;APS;SR;OK;TASK000015315789;Priority 3;NA
SEC;SYN;SEC;SR;OK;TASK000015315814;Priority 3;NA
DBA;812;DBA;SR;OK;TASK000015315827;Priority 3;NA
FUN;ETH;FUN;SR;Defect;TASK000015316127;Priority 4;NA
APS;DCF;APS;SR;OK;TASK000015316221;Priority 3;NA
SEC;SYN;SEC;SR;OK;TASK000015316234;Priority 3;NA
SEC;MNT;SEC;SR;OK;TASK000015316990;Priority 4;NA
FUN;WS;FUN;SR;OK;TASK000015317061;Priority 4;NA
FIN;WS;FUN;SR;OK;TASK000015317062;Priority 4;NA
FUN;812;FUN;SR;OK;TASK000015317237;Priority 4;NA
FUN;WS;FUN;SR;OK;TASK000015317295;Priority 4;NA
SEC;DXE;SEC;SR;OK;TASK000015317400;Priority 4;NA
DBA;812;DBA;SR;OK;TASK000015317574;Priority 3;NA
SEC;812;SEC;SR;OK;TASK000015317643;Priority 4;NA
TEC;SYN;FUN;SR;OK;TASK000015317668;Priority 3;NA
FUN;COR;FUN;SR;OK;TASK000015317708;Priority 3;NA
SEC;MNT;SEC;SR;OK;TASK000015317717;Priority 4;NA
SEC;MNT;SEC;SR;OK;TASK000015317752;Priority 4;NA
DBA;812;DBA;SR;OK;TASK000015317869;Priority 3;NA
FIN;EMS;FUN;SR;OK;TASK000015317876;Priority 4;NA
SEC;SYN;SEC;SR;OK;TASK000015318074;Priority 3;NA
L1;812;MON;SR;OK;TASK000015318083;Priority 3;NA
SEC;EMS;SEC;SR;OK;TASK000015318102;Priority 3;NA
SEC;ETH;SEC;SR;OK;TASK000015318108;Priority 3;NA
L1;812;MON;SR;OK;TASK000015318121;Priority 3;NA
SEC;DXE;SEC;SR;OK;TASK000015318175;Priority 3;NA
SEC;812;SEC;SR;OK;TASK000015318365;Priority 4;NA
SEC;ETH;SEC;SR;OK;TASK000015318457;Priority 3;NA
SEC;SYN;SEC;SR;Defect;TASK000015318535;Priority 3;NA
SEC;DXE;SEC;SR;OK;TASK000015318547;Priority 4;NA
SEC;812;SEC;SR;OK;TASK000015318649;Priority 4;NA
DCF;DCF;FUN;SR;OK;TASK000015318653;Priority 3;NA
APS;ETH;APS;SR;OK;TASK000015318663;Priority 3;NA
SEC;EES;SEC;SR;OK;TASK000015318670;Priority 3;NA
APS;ETH;APS;SR;OK;TASK000015318853;Priority 3;NA
SEC;SYN;SEC;SR;OK;TASK000015318880;Priority 3;NA
SEC;EMS;SEC;SR;OK;TASK000015318981;Priority 3;NA
SEC;EMS;SEC;SR;OK;TASK000015319006;Priority 3;NA
APS;ETH;APS;SR;OK;TASK000015319034;Priority 3;NA
APS;ETH;APS;SR;OK;TASK000015319395;Priority 3;NA
SEC;BWI;SEC;SR;OK;TASK000015319516;Priority 4;NA
SEC;ETH;SEC;SR;OK;TASK000015319566;Priority 3;NA
SEC;BWI;SEC;SR;OK;TASK000015319835;Priority 4;NA
SEC;BWI;SEC;SR;OK;TASK000015319998;Priority 4;NA
SEC;SYN;SEC;SR;OK;TASK000015320365;Priority 3;NA
SEC;812;SEC;SR;OK;TASK000015320541;Priority 4;NA
SEC;ETH;SEC;SR;Defect;TASK000015320548;Priority 3;NA
SEC;DCF;SEC;SR;OK;TASK000015320567;Priority 4;NA
SEC;BWI;SEC;SR;OK;TASK000015320609;Priority 3;NA
SEC;MNT;SEC;SR;OK;TASK000015320633;Priority 4;NA
SEC;EMS;SEC;SR;OK;TASK000015322629;Priority 4;NA
SEC;EMS;SEC;SR;OK;TASK000015322679;Priority 3;NA
FUN;MNT;FUN;SR;OK;TASK000015322774;Priority 4;NA
DBA;812;DBA;SR;OK;TASK000015322792;Priority 3;NA
SEC;812;SEC;SR;OK;TASK000015322904;Priority 4;NA
SEC;812;SEC;SR;OK;TASK000015323001;Priority 4;NA
SEC;812;SEC;SR;OK;TASK000015323037;Priority 4;NA
DBA;812;DBA;SR;OK;TASK000015323086;Priority 3;NA
SEC;812;SEC;SR;OK;TASK000015323089;Priority 4;NA
SEC;DCF;SEC;SR;OK;TASK000015323118;Priority 4;NA
SEC;812;SEC;SR;OK;TASK000015323143;Priority 4;NA
SEC;812;SEC;SR;OK;TASK000015323187;Priority 4;NA
SEC;DXE;SEC;SR;OK;TASK000015323409;Priority 4;NA
SEC;812;SEC;SR;OK;TASK000015323534;Priority 4;NA
SEC;DXE;SEC;SR;OK;TASK000015323544;Priority 3;NA
SEC;812;SEC;SR;OK;TASK000015323570;Priority 4;NA
SEC;DXE;SEC;SR;OK;TASK000015323609;Priority 4;NA
DBA;812;DBA;SR;OK;TASK000015323614;Priority 3;NA
TEC;BWI;TEC;SR;OK;TASK000015323621;Priority 3;NA
SEC;SYN;SEC;SR;OK;TASK000015323746;Priority 3;NA
SEC;ETH;SEC;SR;OK;TASK000015323860;Priority 3;NA
SEC;DCF;SEC;SR;OK;TASK000015323907;Priority 4;NA
SEC;BWI;SEC;SR;OK;TASK000015324054;Priority 4;NA
SEC;BWI;SEC;SR;OK;TASK000015324073;Priority 3;NA
SEC;EMS;SEC;SR;OK;TASK000015324113;Priority 4;NA
SEC;DPY;SEC;SR;OK;TASK000015324131;Priority 4;NA
SEC;DCF;SEC;SR;OK;TASK000015324185;Priority 4;NA
DBA;812;DBA;SR;OK;TASK000015324225;Priority 3;NA
SCH;BWI;SCH;SR;OK;TASK000015324238;Priority 3;NA
TEC;SYN;FUN;SR;OK;TASK000015324293;Priority 3;NA
SEC;DXE;SEC;SR;OK;TASK000015324517;Priority 4;NA
SEC;BWI;SEC;SR;OK;TASK000015324577;Priority 3;NA
SEC;BWI;SEC;SR;OK;TASK000015324586;Priority 4;NA
FUN;812;FUN;SR;OK;TASK000015324594;Priority 4;NA
SEC;SYN;SEC;SR;OK;TASK000015324597;Priority 3;NA
SEC;812;SEC;SR;OK;TASK000015324699;Priority 3;NA
SEC;812;SEC;SR;OK;TASK000015324705;Priority 4;NA
SEC;812;SEC;SR;OK;TASK000015324837;Priority 3;NA
APS;ETH;APS;SR;OK;TASK000015324900;Priority 3;NA
SEC;DXE;SEC;SR;OK;TASK000015324909;Priority 4;NA
SEC;812;SEC;SR;OK;TASK000015324965;Priority 4;NA
SEC;SYN;SEC;SR;OK;TASK000015325053;Priority 3;NA
SEC;MNT;SEC;SR;OK;TASK000015325100;Priority 4;NA
SEC;DCF;SEC;SR;OK;TASK000015325175;Priority 4;NA
SEC;BWI;SEC;SR;OK;TASK000015325276;Priority 4;NA
SEC;BWI;SEC;SR;Defect;TASK000015325312;Priority 3;NA
SEC;812;SEC;SR;OK;TASK000015325358;Priority 4;NA
SEC;812;SEC;SR;OK;TASK000015325368;Priority 4;NA
SEC;MNT;SEC;SR;OK;TASK000015325411;Priority 4;NA
SEC;EES;SEC;SR;OK;TASK000015325413;Priority 3;NA
SEC;ETH;SEC;SR;Defect;TASK000015325519;Priority 3;NA
SEC;BWI;SEC;SR;OK;TASK000015325632;Priority 4;NA
TEC;BWI;TEC;SR;OK;TASK000015325750;Priority 3;NA
TEC;BWI;TEC;SR;OK;TASK000015325773;Priority 3;NA
DBA;812;DBA;SR;OK;TASK000015325876;Priority 3;NA
SEC;DXE;SEC;SR;OK;TASK000015325897;Priority 3;NA
SEC;DXE;SEC;SR;OK;TASK000015326125;Priority 4;NA
SEC;BWI;SEC;SR;OK;TASK000015326244;Priority 4;NA
SEC;MNT;SEC;SR;OK;TASK000015326480;Priority 4;NA
APS;EES;APS;SR;OK;TASK000015326734;Priority 4;NA
APS;EES;APS;SR;OK;TASK000015326739;Priority 4;NA
APS;EES;APS;SR;OK;TASK000015326741;Priority 4;NA
APS;EES;APS;SR;OK;TASK000015326744;Priority 4;NA
APS;EES;APS;SR;OK;TASK000015326748;Priority 4;NA
APS;EES;APS;SR;OK;TASK000015326753;Priority 4;NA
APS;EES;APS;SR;OK;TASK000015326760;Priority 4;NA
DCF;DCF;FUN;SR;OK;TASK000015327426;Priority 4;NA
SEC;WS;SEC;SR;OK;TASK000015327708;Priority 3;NA
CNC;812;MON;SR;OK;TASK000015327715;Priority 3;NA
DBA;812;DBA;SR;OK;TASK000015327805;Priority 3;NA
SEC;812;SEC;SR;OK;TASK000015327970;Priority 4;NA
SEC;SYN;SEC;SR;OK;TASK000015327986;Priority 3;NA
SEC;812;SEC;SR;OK;TASK000015327995;Priority 4;NA
SEC;812;SEC;SR;OK;TASK000015328071;Priority 4;NA
FIN;WS;FUN;SR;OK;TASK000015328088;Priority 4;NA
SEC;DXE;SEC;SR;OK;TASK000015328220;Priority 4;NA
SEC;DCF;SEC;SR;OK;TASK000015328238;Priority 4;NA
FIN;812;INS;SR;OK;TASK000015328326;Priority 4;NA
FUN;812;FUN;SR;OK;TASK000015328419;Priority 4;NA
DBA;812;DBA;SR;OK;TASK000015328457;Priority 3;NA
APS;ETH;APS;SR;OK;TASK000015328497;Priority 4;NA
SEC;812;SEC;SR;OK;TASK000015328510;Priority 3;NA
SEC;ETH;SEC;SR;OK;TASK000015328639;Priority 3;NA
FUN;812;FUN;SR;OK;TASK000015328678;Priority 3;NA
SCH;BWI;SCH;SR;OK;TASK000015328797;Priority 3;NA
APS;ETH;APS;SR;OK;TASK000015328832;Priority 3;NA
APS;ETH;APS;SR;OK;TASK000015328842;Priority 3;NA
SEC;BWI;SEC;SR;OK;TASK000015328847;Priority 3;NA
SEC;812;SEC;SR;OK;TASK000015328947;Priority 3;NA
SEC;812;SEC;SR;OK;TASK000015328968;Priority 3;NA
TEC;SYN;FUN;SR;OK;TASK000015328974;Priority 3;NA
SEC;812;SEC;SR;OK;TASK000015328984;Priority 3;NA
SEC;812;SEC;SR;OK;TASK000015329024;Priority 4;NA
SEC;ETH;SEC;SR;OK;TASK000015329051;Priority 3;NA
L1;CRD;MON;SR;OK;TASK000015329093;Priority 3;NA
SEC;SYN;SEC;SR;OK;TASK000015329214;Priority 3;NA
SEC;DCF;SEC;SR;OK;TASK000015329415;Priority 4;NA
FUN;812;FUN;SR;OK;TASK000015329496;Priority 3;NA
SEC;EES;SEC;SR;OK;TASK000015329516;Priority 4;NA
SEC;EMS;SEC;SR;OK;TASK000015329522;Priority 3;NA
SEC;MNT;SEC;SR;OK;TASK000015329541;Priority 4;NA
APS;EES;APS;SR;OK;TASK000015329622;Priority 4;NA
APS;EES;APS;SR;OK;TASK000015329638;Priority 4;NA
APS;EES;APS;SR;OK;TASK000015329664;Priority 4;NA
FUN;812;FUN;SR;OK;TASK000015329688;Priority 4;NA
APS;EES;APS;SR;OK;TASK000015329708;Priority 4;NA
APS;EES;APS;SR;OK;TASK000015329739;Priority 4;NA
APS;EES;APS;SR;OK;TASK000015329777;Priority 4;NA
SEC;812;SEC;SR;OK;TASK000015329855;Priority 3;NA
SEC;812;SEC;SR;OK;TASK000015329861;Priority 3;NA
SEC;DCF;SEC;SR;OK;TASK000015329867;Priority 4;NA
SEC;EMS;SEC;SR;OK;TASK000015329897;Priority 3;NA
SEC;812;SEC;SR;OK;TASK000015329935;Priority 3;NA
SEC;SYN;SEC;SR;OK;TASK000015329950;Priority 3;NA
SEC;812;SEC;SR;OK;TASK000015330033;Priority 4;NA
SEC;812;SEC;SR;OK;TASK000015330080;Priority 4;NA
TEC;ETH;FUN;SR;OK;TASK000015330166;Priority 3;NA
SEC;DCF;SEC;SR;OK;TASK000015330192;Priority 4;NA
SEC;DXE;SEC;SR;OK;TASK000015330203;Priority 4;NA
SEC;812;SEC;SR;OK;TASK000015330224;Priority 3;NA
APS;ETH;APS;SR;OK;TASK000015330313;Priority 3;NA
DBA;812;DBA;SR;OK;TASK000015330318;Priority 3;NA
TEC;SYN;FUN;SR;OK;TASK000015330336;Priority 3;NA
SEC;812;SEC;SR;OK;TASK000015330345;Priority 4;NA
SEC;812;SEC;SR;OK;TASK000015330352;Priority 3;NA
SEC;DCF;SEC;SR;OK;TASK000015330388;Priority 4;NA
SEC;DCF;SEC;SR;Defect;TASK000015330425;Priority 4;NA
L1;CRD;MON;SR;OK;TASK000015330427;Priority 3;NA
SEC;BWI;SEC;SR;OK;TASK000015330459;Priority 4;NA
SEC;MNT;SEC;SR;OK;TASK000015330516;Priority 4;NA
DBA;812;DBA;SR;OK;TASK000015330572;Priority 3;NA
SEC;812;SEC;SR;OK;TASK000015330620;Priority 4;NA
SEC;SYN;SEC;SR;Defect;TASK000015330640;Priority 3;NA
SEC;EES;SEC;SR;OK;TASK000015330644;Priority 3;NA
SEC;SYN;SEC;SR;OK;TASK000015330749;Priority 3;NA
SEC;SYN;SEC;SR;OK;TASK000015330767;Priority 3;NA
TEC;BWI;TEC;SR;OK;TASK000015330910;Priority 3;NA
SEC;SYN;SEC;SR;OK;TASK000015331053;Priority 3;NA
SEC;BWI;SEC;SR;OK;TASK000015331078;Priority 3;NA
SEC;BWI;SEC;SR;OK;TASK000015331079;Priority 4;NA
APS;ETH;APS;SR;OK;TASK000015331096;Priority 4;NA
APS;ETH;APS;SR;OK;TASK000015331102;Priority 3;NA
SEC;SYN;SEC;SR;OK;TASK000015331241;Priority 3;NA
SEC;DPY;SEC;SR;OK;TASK000015331315;Priority 4;NA
SEC;MNT;SEC;SR;OK;TASK000015331346;Priority 4;NA
SEC;SYN;SEC;SR;OK;TASK000015331352;Priority 3;NA
SEC;ETH;SEC;SR;OK;TASK000015331376;Priority 3;NA
APS;ETH;APS;SR;OK;TASK000015331439;Priority 3;NA
APS;EES;APS;SR;OK;TASK000015331669;Priority 3;NA
L1;BWI;L1 ;SR;OK;TASK000015331795;Priority 3;NA
SEC;BWI;SEC;SR;OK;TASK000015331864;Priority 3;NA
CNC;812;MON;SR;OK;TASK000015332022;Priority 3;NA
SEC;DCF;SEC;SR;OK;TASK000015332135;Priority 4;NA
FUN;812;FUN;SR;OK;TASK000015332261;Priority 3;NA
SEC;DXE;SEC;SR;OK;TASK000015332330;Priority 4;NA
SEC;812;SEC;SR;OK;TASK000015332420;Priority 3;NA
SEC;812;SEC;SR;OK;TASK000015332505;Priority 4;NA
DBA;812;DBA;SR;OK;TASK000015332523;Priority 3;NA
SEC;812;SEC;SR;OK;TASK000015332587;Priority 4;NA
TEC;SYN;FUN;SR;OK;TASK000015332592;Priority 3;NA
APS;ETH;APS;SR;OK;TASK000015332754;Priority 3;NA
APS;ETH;APS;SR;OK;TASK000015332776;Priority 3;NA
SEC;812;SEC;SR;OK;TASK000015332800;Priority 3;NA
SEC;812;SEC;SR;OK;TASK000015332833;Priority 4;NA
SEC;812;SEC;SR;OK;TASK000015332866;Priority 3;NA
SEC;EMS;SEC;SR;OK;TASK000015332899;Priority 3;NA
SCH;812;SCH;SR;OK;TASK000015332948;Priority 3;NA
SEC;812;SEC;SR;OK;TASK000015332961;Priority 4;NA
SEC;812;SEC;SR;OK;TASK000015333077;Priority 3;NA
DBA;812;DBA;SR;OK;TASK000015333127;Priority 3;NA
SEC;812;SEC;SR;OK;TASK000015333316;Priority 4;NA
FUN;812;FUN;SR;OK;TASK000015333357;Priority 3;NA
FUN;812;FUN;SR;OK;TASK000015333369;Priority 4;NA
TEC;BWI;TEC;SR;OK;TASK000015333380;Priority 3;NA
FUN;812;FUN;SR;OK;TASK000015333403;Priority 4;NA
SEC;ETH;SEC;SR;OK;TASK000015333463;Priority 3;NA
APS;ETH;APS;SR;OK;TASK000015333478;Priority 3;NA
SEC;DCF;SEC;SR;OK;TASK000015333579;Priority 4;NA
APS;DCF;APS;SR;OK;TASK000015333609;Priority 3;NA
DBA;812;DBA;SR;OK;TASK000015333648;Priority 3;NA
SEC;812;SEC;SR;OK;TASK000015333718;Priority 4;NA
APS;ETH;APS;SR;OK;TASK000015333756;Priority 3;NA
APS;ETH;APS;SR;OK;TASK000015333802;Priority 3;NA
812;812;FUN;SR;Defect;TASK000015333819;Priority 4;NA
FUN;COR;FUN;SR;OK;TASK000015334065;Priority 3;NA
SEC;ETH;SEC;SR;OK;TASK000015334089;Priority 3;NA
APS;ETH;APS;SR;OK;TASK000015334145;Priority 3;NA
SEC;SYN;SEC;SR;Defect;TASK000015334171;Priority 3;NA
APS;EES;APS;SR;OK;TASK000015334206;Priority 4;NA
SEC;SYN;SEC;SR;OK;TASK000015334320;Priority 3;NA
812;812;FUN;SR;OK;TASK000015334325;Priority 3;NA
SEC;812;SEC;SR;OK;TASK000015334328;Priority 4;NA
SEC;SYN;SEC;SR;OK;TASK000015334356;Priority 3;NA
SCH;812;SCH;SR;OK;TASK000015334367;Priority 3;NA
APS;EES;APS;SR;OK;TASK000015334371;Priority 4;NA
SCH;BWI;SCH;SR;OK;TASK000015334461;Priority 3;NA
APS;EES;APS;SR;OK;TASK000015334467;Priority 4;NA
APS;EES;APS;SR;OK;TASK000015334537;Priority 4;NA
SEC;DXE;SEC;SR;OK;TASK000015334564;Priority 4;NA
APS;ETH;APS;SR;OK;TASK000015334853;Priority 3;NA
APS;ETH;APS;SR;OK;TASK000015334963;Priority 4;NA
DBA;812;DBA;SR;OK;TASK000015335028;Priority 3;NA
SCH;812;SCH;SR;OK;TASK000015335098;Priority 3;NA
SEC;812;SEC;SR;OK;TASK000015335165;Priority 4;NA
SEC;BWI;SEC;SR;OK;TASK000015335560;Priority 3;NA
SEC;BWI;SEC;SR;OK;TASK000015335566;Priority 3;NA
SEC;ETH;SEC;SR;Defect;TASK000015335755;Priority 3;NA
SEC;812;SEC;SR;OK;TASK000015335825;Priority 3;NA
SEC;EMS;SEC;SR;OK;TASK000015335865;Priority 3;NA
SEC;SYN;SEC;SR;OK;TASK000015335946;Priority 3;NA
DCF;DCF;FUN;SR;OK;TASK000015336051;Priority 3;NA
L1;BWI;L1 ;SR;OK;TASK000015336146;Priority 3;NA
L1;MNT;MON;SR;OK;TASK000015336160;Priority 3;NA
SEC;BWI;SEC;SR;OK;TASK000015336220;Priority 3;NA
SEC;EES;SEC;SR;OK;TASK000015336281;Priority 4;NA
SEC;DCF;SEC;SR;OK;TASK000015336510;Priority 4;NA
SEC;EES;SEC;SR;OK;TASK000015336921;Priority 3;NA
APS;ETH;APS;SR;OK;TASK000015337001;Priority 3;NA
FIN;812;FUN;SR;OK;TASK000015337088;Priority 4;NA
DBA;812;DBA;SR;OK;TASK000015337158;Priority 3;NA
SEC;812;SEC;SR;OK;TASK000015337205;Priority 4;NA
SCH;812;SCH;SR;OK;TASK000015337287;Priority 3;NA
SEC;812;SEC;SR;OK;TASK000015337348;Priority 3;NA
APS;ETH;APS;SR;OK;TASK000015337390;Priority 3;NA
SEC;812;SEC;SR;OK;TASK000015337415;Priority 4;NA
SEC;812;SEC;SR;OK;TASK000015337433;Priority 4;NA
SEC;812;SEC;SR;OK;TASK000015337453;Priority 4;NA
CNC;812;MON;SR;OK;TASK000015337472;Priority 3;NA
FUN;812;FUN;SR;OK;TASK000015337481;Priority 3;NA
SEC;BWI;SEC;SR;OK;TASK000015337522;Priority 3;NA
SEC;ETH;SEC;SR;OK;TASK000015337537;Priority 3;NA
DBA;812;DBA;SR;OK;TASK000015337598;Priority 3;NA
DBA;812;DBA;SR;OK;TASK000015337685;Priority 3;NA
SEC;EMS;SEC;SR;OK;TASK000015337721;Priority 3;NA
SEC;812;SEC;SR;OK;TASK000015337735;Priority 4;NA
SEC;812;SEC;SR;OK;TASK000015337785;Priority 4;NA
FUN;812;FUN;SR;OK;TASK000015337796;Priority 3;NA
SEC;EMS;SEC;SR;OK;TASK000015337807;Priority 3;NA
FIN;812;FUN;SR;OK;TASK000015337943;Priority 4;NA
SEC;812;SEC;SR;OK;TASK000015337961;Priority 4;NA
TEC;BWI;TEC;SR;OK;TASK000015337999;Priority 3;NA
TEC;BWI;TEC;SR;OK;TASK000015338005;Priority 3;NA
TEC;BWI;TEC;SR;OK;TASK000015338009;Priority 3;NA
MNT;MNT;FUN;SR;Defect;TASK000015338048;Priority 4;NA
TEC;ETH;FUN;SR;OK;TASK000015338214;Priority 3;NA
SEC;MNT;SEC;SR;OK;TASK000015338231;Priority 4;NA
SEC;812;SEC;SR;OK;TASK000015338324;Priority 4;NA
SEC;DPY;SEC;SR;OK;TASK000015338395;Priority 4;NA
OPS;EMS;OPS;SR;Defect;TASK000015338502;Priority 3;NA
SEC;DXE;SEC;SR;OK;TASK000015338505;Priority 3;NA
SEC;EMS;SEC;SR;OK;TASK000015338539;Priority 3;NA
SEC;EMS;SEC;SR;OK;TASK000015338731;Priority 4;NA
TEC;SYN;FUN;SR;OK;TASK000015338844;Priority 3;NA
FUN;812;FUN;SR;OK;TASK000015338864;Priority 4;NA
APS;ETH;APS;SR;OK;TASK000015338991;Priority 3;NA
SEC;EMS;SEC;SR;OK;TASK000015339016;Priority 4;NA
SEC;812;SEC;SR;OK;TASK000015339024;Priority 4;NA
SEC;ETH;SEC;SR;OK;TASK000015339116;Priority 3;NA
SEC;EMS;SEC;SR;OK;TASK000015339131;Priority 3;NA
SEC;EMS;SEC;SR;OK;TASK000015339212;Priority 3;NA
APS;ETH;APS;SR;OK;TASK000015339247;Priority 4;NA
SEC;BWI;SEC;SR;OK;TASK000015339307;Priority 4;NA
TEC;SYN;FUN;SR;OK;TASK000015339431;Priority 3;NA
SEC;ETH;SEC;SR;OK;TASK000015339482;Priority 3;NA
SEC;812;SEC;SR;OK;TASK000015339500;Priority 3;NA
SEC;SYN;SEC;SR;OK;TASK000015339521;Priority 3;NA
SCH;BWI;SCH;SR;OK;TASK000015339540;Priority 3;NA
SEC;DCF;SEC;SR;OK;TASK000015339594;Priority 4;NA
SEC;ETH;SEC;SR;OK;TASK000015339808;Priority 3;NA
APS;EES;APS;SR;OK;TASK000015339838;Priority 4;NA
APS;EES;APS;SR;OK;TASK000015339899;Priority 4;NA
APS;EES;APS;SR;OK;TASK000015339911;Priority 4;NA
SEC;ETH;SEC;SR;OK;TASK000015340002;Priority 3;NA
SEC;SYN;SEC;SR;OK;TASK000015340030;Priority 3;NA
SEC;EMS;SEC;SR;OK;TASK000015340115;Priority 3;NA
FUN;812;FUN;SR;OK;TASK000015340137;Priority 4;NA
SEC;EMS;SEC;SR;OK;TASK000015340138;Priority 3;NA
SEC;ETH;SEC;SR;Defect;TASK000015340141;Priority 3;NA
DBA;812;DBA;SR;OK;TASK000015340152;Priority 3;NA
SEC;ETH;SEC;SR;Defect;TASK000015340154;Priority 3;NA
SEC;EMS;SEC;SR;OK;TASK000015340263;Priority 3;NA
APS;ETH;APS;SR;OK;TASK000015340373;Priority 4;NA
APS;EES;APS;SR;OK;TASK000015340470;Priority 4;NA
SEC;ETH;SEC;SR;OK;TASK000015340493;Priority 3;NA
SCH;BWI;SCH;SR;OK;TASK000015340505;Priority 3;NA
SEC;BWI;SEC;SR;OK;TASK000015340630;Priority 4;NA
SEC;BWI;SEC;SR;OK;TASK000015340642;Priority 4;NA
OPS;EMS;OPS;SR;Defect;TASK000015341254;Priority 3;NA
SEC;DCF;SEC;SR;OK;TASK000015341922;Priority 4;NA
APS;ETH;APS;SR;OK;TASK000015342269;Priority 3;NA
APS;ETH;APS;SR;OK;TASK000015342374;Priority 3;NA
SEC;DCF;SEC;SR;OK;TASK000015342394;Priority 4;NA
SEC;812;SEC;SR;OK;TASK000015342428;Priority 3;NA
SCH;812;SCH;SR;OK;TASK000015342436;Priority 3;NA
SEC;812;SEC;SR;OK;TASK000015342443;Priority 3;NA
DBA;812;DBA;SR;OK;TASK000015342584;Priority 3;NA
DBA;812;DBA;SR;OK;TASK000015342586;Priority 3;NA
DBA;812;DBA;SR;OK;TASK000015342714;Priority 3;NA
SEC;EMS;SEC;SR;OK;TASK000015342715;Priority 3;NA
SEC;EMS;SEC;SR;OK;TASK000015342720;Priority 3;NA
TEC;BWI;TEC;SR;OK;TASK000015342732;Priority 3;NA
SEC;ETH;SEC;SR;OK;TASK000015342831;Priority 3;NA
SEC;SYN;SEC;SR;OK;TASK000015342903;Priority 3;NA
SEC;812;SEC;SR;OK;TASK000015342904;Priority 3;NA
SEC;812;SEC;SR;OK;TASK000015343010;Priority 3;NA
SEC;EMS;SEC;SR;OK;TASK000015343065;Priority 3;NA
SCH;BWI;SCH;SR;OK;TASK000015343101;Priority 3;NA
SEC;SYN;SEC;SR;OK;TASK000015343230;Priority 3;NA
SEC;SYN;SEC;SR;Defect;TASK000015343382;Priority 3;NA
SEC;LAT;SEC;SR;OK;TASK000015343424;Priority 4;NA
APS;ETH;APS;SR;OK;TASK000015343435;Priority 3;NA
SEC;EMS;SEC;SR;OK;TASK000015343501;Priority 3;NA
SEC;BWI;SEC;SR;OK;TASK000015343572;Priority 3;NA
FUN;812;FUN;SR;OK;TASK000015343606;Priority 4;NA
SEC;ETH;SEC;SR;OK;TASK000015343640;Priority 3;NA
TEC;SYN;FUN;SR;OK;TASK000015343714;Priority 3;NA
SEC;MNT;SEC;SR;OK;TASK000015343811;Priority 4;NA
FUN;812;FUN;SR;OK;TASK000015343818;Priority 4;NA
SEC;SYN;SEC;SR;OK;TASK000015343872;Priority 4;NA
SEC;SYN;SEC;SR;OK;TASK000015343942;Priority 3;NA
FUN;812;FUN;SR;OK;TASK000015344078;Priority 4;NA
TEC;DCF;TEC;SR;OK;TASK000015344369;Priority 3;NA
SEC;EES;SEC;SR;OK;TASK000015344390;Priority 4;NA
SEC;ETH;SEC;SR;OK;TASK000015344427;Priority 3;NA
SEC;BWI;SEC;SR;OK;TASK000015344535;Priority 3;NA
FUN;ETH;FUN;SR;OK;TASK000015344600;Priority 3;NA
SEC;BWI;SEC;SR;OK;TASK000015344624;Priority 4;NA
SEC;EES;SEC;SR;OK;TASK000015344751;Priority 4;NA
SEC;BWI;SEC;SR;OK;TASK000015344779;Priority 3;NA
SEC;812;SEC;SR;OK;TASK000015344847;Priority 4;NA
SEC;DXE;SEC;SR;OK;TASK000015344912;Priority 4;NA
SEC;812;SEC;SR;OK;TASK000015344996;Priority 3;NA
SEC;812;SEC;SR;OK;TASK000015345303;Priority 3;NA
FUN;812;FUN;SR;OK;TASK000015345305;Priority 4;NA
SEC;EES;SEC;SR;OK;TASK000015345308;Priority 3;NA
SEC;EMS;SEC;SR;OK;TASK000015345381;Priority 4;NA
SEC;ETH;SEC;SR;OK;TASK000015345508;Priority 3;NA
SEC;EMS;SEC;SR;OK;TASK000015346588;Priority 4;NA
L1;WS;MON;SR;OK;TASK000015346761;Priority 3;NA
SEC;EMS;SEC;SR;OK;TASK000015346811;Priority 3;NA
FUN;812;FUN;SR;OK;TASK000015346831;Priority 4;NA
APS;ETH;APS;SR;OK;TASK000015347054;Priority 3;NA
SEC;DCF;SEC;SR;OK;TASK000015347097;Priority 4;NA
CNC;812;MON;SR;OK;TASK000015347262;Priority 3;NA
DBA;812;DBA;SR;OK;TASK000015347351;Priority 3;NA
SCH;812;SCH;SR;OK;TASK000015347393;Priority 3;NA
APS;ETH;APS;SR;OK;TASK000015347416;Priority 3;NA
SEC;812;SEC;SR;OK;TASK000015347494;Priority 3;NA
FUN;COR;FUN;SR;OK;TASK000015347528;Priority 3;NA
SEC;WS;SEC;SR;OK;TASK000015347603;Priority 3;NA
FUN;812;FUN;SR;OK;TASK000015347817;Priority 3;NA
TEC;BWI;TEC;SR;OK;TASK000015347988;Priority 3;NA
SEC;812;SEC;SR;OK;TASK000015348051;Priority 3;NA
FUN;COR;FUN;SR;OK;TASK000015348064;Priority 3;NA
CNC;812;MON;SR;OK;TASK000015348081;Priority 3;NA
FUN;MNT;FUN;SR;OK;TASK000015348082;Priority 4;NA
TEC;BWI;TEC;SR;OK;TASK000015348094;Priority 3;NA
TEC;BWI;TEC;SR;OK;TASK000015348103;Priority 3;NA
SEC;812;SEC;SR;OK;TASK000015348118;Priority 3;NA
FUN;812;FUN;SR;OK;TASK000015348127;Priority 3;NA
FUN;812;FUN;SR;OK;TASK000015348128;Priority 3;NA
APS;ETH;APS;SR;OK;TASK000015348241;Priority 3;NA
SEC;ETH;SEC;SR;OK;TASK000015348321;Priority 3;NA
SEC;BWI;SEC;SR;OK;TASK000015348455;Priority 4;NA
SCH;812;SCH;SR;OK;TASK000015348695;Priority 3;NA
SEC;812;SEC;SR;OK;TASK000015348763;Priority 4;NA
SEC;MNT;SEC;SR;OK;TASK000015348948;Priority 4;NA
DCF;DCF;FUN;SR;OK;TASK000015348977;Priority 3;NA
SEC;812;SEC;SR;OK;TASK000015349214;Priority 3;NA
TEC;SYN;FUN;SR;OK;TASK000015349304;Priority 3;NA
SEC;812;SEC;SR;OK;TASK000015349432;Priority 4;NA
SEC;812;SEC;SR;OK;TASK000015349502;Priority 4;NA
SEC;BWI;SEC;SR;OK;TASK000015349749;Priority 3;NA
L1;BWI;FUN;SR;OK;TASK000015349752;Priority 3;NA
FUN;EES;FUN;SR;OK;TASK000015349936;Priority 4;NA
TEC;SYN;FUN;SR;Defect;TASK000015350139;Priority 3;NA
SEC;EES;SEC;SR;OK;TASK000015350168;Priority 3;NA
SEC;BWI;SEC;SR;OK;TASK000015350206;Priority 3;NA
SEC;DCF;SEC;SR;OK;TASK000015350271;Priority 4;NA
SEC;SYN;SEC;SR;OK;TASK000015350309;Priority 4;NA
SEC;BWI;SEC;SR;OK;TASK000015350324;Priority 3;NA
SEC;MNT;SEC;SR;OK;TASK000015350716;Priority 4;NA
SEC;SYN;SEC;SR;OK;TASK000015350722;Priority 3;NA
SCH;BWI;SCH;SR;OK;TASK000015350731;Priority 3;NA
SEC;BWI;SEC;SR;OK;TASK000015352076;Priority 4;NA
DBA;812;DBA;SR;OK;TASK000015352229;Priority 3;NA
SEC;EMS;SEC;SR;OK;TASK000015352231;Priority 3;NA
CNC;812;MON;SR;OK;TASK000015352339;Priority 3;NA
CNC;812;MON;SR;OK;TASK000015352379;Priority 3;NA
SEC;812;SEC;SR;OK;TASK000015352388;Priority 3;NA
SEC;812;SEC;SR;OK;TASK000015352389;Priority 3;NA
SEC;812;SEC;SR;OK;TASK000015352447;Priority 4;NA
DBA;812;DBA;SR;OK;TASK000015352605;Priority 3;NA
SEC;DPY;SEC;SR;OK;TASK000015352794;Priority 4;NA
SEC;812;SEC;SR;OK;TASK000015353138;Priority 3;NA
SEC;812;SEC;SR;OK;TASK000015353232;Priority 4;NA
SEC;812;SEC;SR;OK;TASK000015353281;Priority 3;NA
TEC;ETH;FUN;SR;OK;TASK000015353351;Priority 4;NA
TEC;SYN;FUN;SR;OK;TASK000015353430;Priority 3;NA
FUN;812;FUN;SR;OK;TASK000015353486;Priority 4;NA
SEC;SYN;SEC;SR;OK;TASK000015353600;Priority 3;NA
SEC;BWI;SEC;SR;OK;TASK000015353914;Priority 4;NA
SEC;MNT;SEC;SR;OK;TASK000015353978;Priority 4;NA
SEC;ETH;SEC;SR;OK;TASK000015354068;Priority 3;NA
FUN;812;FUN;SR;OK;TASK000015354086;Priority 4;NA
SEC;SYN;SEC;SR;OK;TASK000015354238;Priority 3;NA
APS;ETH;APS;SR;OK;TASK000015354591;Priority 4;NA
APS;ETH;APS;SR;OK;TASK000015354598;Priority 3;NA
APS;ETH;APS;SR;OK;TASK000015354621;Priority 3;NA
SEC;812;SEC;SR;OK;TASK000015354664;Priority 4;NA
L1;WS;L1 ;SR;OK;TASK000015354688;Priority 3;NA
DBA;812;DBA;SR;OK;TASK000015354689;Priority 3;NA
SEC;BWI;SEC;SR;OK;TASK000015354723;Priority 3;NA
SEC;BWI;SEC;SR;OK;TASK000015354851;Priority 3;NA
SEC;EMS;SEC;SR;OK;TASK000015354895;Priority 3;NA
SEC;SYN;SEC;SR;OK;TASK000015354936;Priority 3;NA
SEC;812;SEC;SR;OK;TASK000015354966;Priority 4;NA
SEC;DPY;SEC;SR;OK;TASK000015355018;Priority 4;NA
TEC;ETH;FUN;SR;OK;TASK000015355021;Priority 4;NA
SEC;DPY;SEC;SR;OK;TASK000015355024;Priority 4;NA
L1;BWI;FUN;SR;OK;TASK000015355083;Priority 3;NA
SEC;MNT;SEC;SR;OK;TASK000015355128;Priority 4;NA
TEC;SYN;FUN;SR;OK;TASK000015355200;Priority 3;NA
TEC;SYN;FUN;SR;OK;TASK000015355225;Priority 3;NA
TEC;SYN;FUN;SR;OK;TASK000015355252;Priority 3;NA
APS;ETH;APS;SR;OK;TASK000015355331;Priority 3;NA
SEC;EES;SEC;SR;OK;TASK000015355419;Priority 3;NA
APS;ETH;APS;SR;OK;TASK000015355559;Priority 3;NA
SEC;BWI;SEC;SR;OK;TASK000015355579;Priority 4;NA
SEC;BWI;SEC;SR;OK;TASK000015355746;Priority 4;NA
APS;ETH;APS;SR;OK;TASK000015355892;Priority 3;NA
L1;BWI;L1 ;SR;OK;TASK000015355914;Priority 3;NA
SEC;DXE;SEC;SR;Defect;TASK000015356757;Priority 3;NA
SEC;812;SEC;SR;OK;TASK000015356761;Priority 3;NA
APS;ETH;APS;SR;OK;TASK000015356805;Priority 3;NA
APS;ETH;APS;SR;OK;TASK000015356855;Priority 4;NA
DBA;812;DBA;SR;OK;TASK000015356880;Priority 3;NA
DBA;812;DBA;SR;OK;TASK000015356927;Priority 3;NA
DBA;812;DBA;SR;OK;TASK000015356979;Priority 3;NA
APS;ETH;APS;SR;OK;TASK000015357002;Priority 3;NA
APS;ETH;APS;SR;OK;TASK000015357017;Priority 3;NA
APS;ETH;APS;SR;OK;TASK000015357115;Priority 3;NA
SEC;DXE;SEC;SR;OK;TASK000015357143;Priority 3;NA
SEC;MNT;SEC;SR;OK;TASK000015357174;Priority 4;NA
SEC;DCF;SEC;SR;OK;TASK000015357184;Priority 4;NA
APS;ETH;APS;SR;OK;TASK000015357319;Priority 3;NA
APS;ETH;APS;SR;OK;TASK000015357400;Priority 3;NA
APS;ETH;APS;SR;OK;TASK000015357515;Priority 3;NA
SEC;812;SEC;SR;OK;TASK000015357516;Priority 3;NA
DBA;812;DBA;SR;OK;TASK000015357619;Priority 3;NA
APS;ETH;APS;SR;OK;TASK000015357621;Priority 3;NA
APS;ETH;APS;SR;OK;TASK000015357748;Priority 3;NA
APS;ETH;APS;SR;OK;TASK000015357771;Priority 3;NA
DBA;812;DBA;SR;OK;TASK000015357823;Priority 3;NA
FUN;812;FUN;SR;OK;TASK000015357879;Priority 4;NA
SEC;MNT;SEC;SR;OK;TASK000015358062;Priority 4;NA
FUN;812;FUN;SR;OK;TASK000015358154;Priority 4;NA
TEC;SYN;FUN;SR;OK;TASK000015358166;Priority 3;NA
APS;ETH;APS;SR;OK;TASK000015358169;Priority 3;NA
SEC;MNT;SEC;SR;OK;TASK000015358175;Priority 4;NA
SEC;MNT;SEC;SR;OK;TASK000015358199;Priority 4;NA
APS;ETH;APS;SR;OK;TASK000015358304;Priority 3;NA
SCH;BWI;SCH;SR;OK;TASK000015358354;Priority 3;NA
FIN;EMS;FUN;SR;OK;TASK000015358384;Priority 3;NA
APS;ETH;APS;SR;OK;TASK000015358385;Priority 3;NA
SEC;812;SEC;SR;OK;TASK000015358421;Priority 3;NA
APS;ETH;APS;SR;OK;TASK000015358422;Priority 3;NA
APS;ETH;APS;SR;OK;TASK000015358435;Priority 3;NA
SEC;812;SEC;SR;OK;TASK000015358511;Priority 4;NA
SEC;SYN;SEC;SR;OK;TASK000015358532;Priority 3;NA
SEC;BWI;SEC;SR;OK;TASK000015358550;Priority 3;NA
SEC;ETH;SEC;SR;OK;TASK000015358562;Priority 3;NA
FIN;WS;FUN;SR;OK;TASK000015358578;Priority 4;NA
DBA;812;DBA;SR;OK;TASK000015358808;Priority 3;NA
SEC;812;SEC;SR;OK;TASK000015358811;Priority 3;NA
DBA;812;DBA;SR;OK;TASK000015358836;Priority 3;NA
SEC;MNT;SEC;SR;OK;TASK000015358842;Priority 4;NA
TEC;DCF;TEC;SR;OK;TASK000015358962;Priority 3;NA
SEC;BWI;SEC;SR;OK;TASK000015358976;Priority 3;NA
SEC;EMS;SEC;SR;OK;TASK000015359091;Priority 3;NA
DBA;812;DBA;SR;OK;TASK000015359093;Priority 3;NA
SEC;EMS;SEC;SR;OK;TASK000015359119;Priority 3;NA
SEC;BWI;SEC;SR;OK;TASK000015359125;Priority 3;NA
SEC;812;SEC;SR;OK;TASK000015359312;Priority 4;NA
SEC;812;SEC;SR;OK;TASK000015359341;Priority 4;NA
SEC;812;SEC;SR;OK;TASK000015359342;Priority 4;NA
APS;ETH;APS;SR;OK;TASK000015359627;Priority 3;NA
SEC;ETH;SEC;SR;OK;TASK000015359685;Priority 3;NA
SEC;SYN;SEC;SR;OK;TASK000015359687;Priority 3;NA
L1;BWI;FUN;SR;OK;TASK000015359719;Priority 3;NA
SEC;BWI;SEC;SR;OK;TASK000015359724;Priority 3;NA
SEC;DPY;SEC;SR;OK;TASK000015359729;Priority 4;NA
L1;MNT;MON;SR;OK;TASK000015359918;Priority 3;NA
SEC;BWI;SEC;SR;OK;TASK000015359962;Priority 4;NA
SEC;BWI;SEC;SR;OK;TASK000015360125;Priority 4;NA
SEC;BWI;SEC;SR;OK;TASK000015360156;Priority 4;NA
SEC;MNT;SEC;SR;OK;TASK000015360581;Priority 4;NA
L1;BWI;L1 ;SR;OK;TASK000015360703;Priority 3;NA
CNC;812;MON;SR;OK;TASK000015361359;Priority 3;NA
APS;ETH;APS;SR;OK;TASK000015361443;Priority 3;NA
SEC;DCF;SEC;SR;OK;TASK000015361592;Priority 4;NA
SEC;DCF;SEC;SR;OK;TASK000015361601;Priority 4;NA
SEC;DCF;SEC;SR;OK;TASK000015361628;Priority 4;NA
SEC;DCF;SEC;SR;OK;TASK000015361633;Priority 4;NA
SEC;DCF;SEC;SR;OK;TASK000015361639;Priority 4;NA
SEC;DCF;SEC;SR;OK;TASK000015361649;Priority 4;NA
SEC;DCF;SEC;SR;OK;TASK000015361658;Priority 4;NA
APS;ETH;APS;SR;OK;TASK000015361977;Priority 3;NA
APS;ETH;APS;SR;OK;TASK000015361988;Priority 3;NA
APS;ETH;APS;SR;OK;TASK000015361996;Priority 3;NA
CNC;812;SCH;SR;Defect;TASK000015362044;Priority 3;NA
APS;ETH;APS;SR;OK;TASK000015362123;Priority 3;NA
DBA;812;DBA;SR;OK;TASK000015362138;Priority 3;NA
SEC;DCF;SEC;SR;OK;TASK000015362149;Priority 4;NA
FUN;WS;FUN;SR;OK;TASK000015362291;Priority 4;NA
SEC;MNT;SEC;SR;OK;TASK000015362430;Priority 4;NA
FUN;812;FUN;SR;OK;TASK000015362454;Priority 3;NA
DBA;812;DBA;SR;OK;TASK000015362538;Priority 3;NA
SEC;812;SEC;SR;OK;TASK000015362569;Priority 4;NA
FUN;812;FUN;SR;OK;TASK000015362601;Priority 3;NA
CNC;WS;L1 ;SR;OK;TASK000015362662;Priority 3;NA
SEC;812;SEC;SR;OK;TASK000015362670;Priority 3;NA
SEC;812;SEC;SR;OK;TASK000015362676;Priority 3;NA
SEC;BWI;SEC;SR;OK;TASK000015362710;Priority 3;NA
SEC;812;SEC;SR;OK;TASK000015362721;Priority 3;NA
SEC;812;SEC;SR;OK;TASK000015362755;Priority 4;NA
APS;ETH;APS;SR;OK;TASK000015362769;Priority 3;NA
TEC;SYN;FUN;SR;OK;TASK000015362770;Priority 3;NA
TEC;BWI;TEC;SR;OK;TASK000015362776;Priority 3;NA
SEC;EMS;SEC;SR;OK;TASK000015362781;Priority 4;NA
TEC;SYN;FUN;SR;OK;TASK000015362906;Priority 3;NA
TEC;SYN;FUN;SR;OK;TASK000015362994;Priority 3;NA
SEC;812;SEC;SR;OK;TASK000015363199;Priority 3;NA
TEC;SYN;FUN;SR;OK;TASK000015363209;Priority 3;NA
SEC;BWI;SEC;SR;OK;TASK000015363212;Priority 3;NA
SEC;DCF;SEC;SR;OK;TASK000015363271;Priority 4;NA
FUN;EES;FUN;SR;OK;TASK000015363313;Priority 4;NA
SEC;EES;SEC;SR;OK;TASK000015363476;Priority 3;NA
SEC;812;SEC;SR;OK;TASK000015363544;Priority 4;NA
SEC;SYN;SEC;SR;OK;TASK000015363672;Priority 4;NA
SEC;812;SEC;SR;OK;TASK000015363848;Priority 4;NA
APS;ETH;APS;SR;OK;TASK000015363925;Priority 3;NA
DBA;812;DBA;SR;OK;TASK000015364426;Priority 3;NA
APS;EES;APS;SR;OK;TASK000015364448;Priority 4;NA
SEC;ETH;SEC;SR;OK;TASK000015364459;Priority 3;NA
SEC;ETH;SEC;SR;OK;TASK000015364481;Priority 3;NA
SEC;BWI;SEC;SR;OK;TASK000015364689;Priority 4;NA
SEC;BWI;SEC;SR;OK;TASK000015364726;Priority 3;NA
SEC;BWI;SEC;SR;OK;TASK000015364733;Priority 4;NA
TEC;SYN;FUN;SR;OK;TASK000015364745;Priority 3;NA
CNC;812;MON;SR;OK;TASK000015365576;Priority 3;NA
SEC;812;SEC;SR;OK;TASK000015365648;Priority 4;NA
DBA;812;DBA;SR;OK;TASK000015365986;Priority 3;NA
SEC;MNT;SEC;SR;OK;TASK000015366072;Priority 4;NA
APS;ETH;APS;SR;OK;TASK000015366112;Priority 3;NA
DBA;812;DBA;SR;OK;TASK000015366318;Priority 3;NA
SEC;EMS;SEC;SR;OK;TASK000015366327;Priority 3;NA
FIN;812;FUN;SR;OK;TASK000015366361;Priority 4;NA
SEC;812;SEC;SR;OK;TASK000015366425;Priority 3;NA
FUN;812;FUN;SR;OK;TASK000015366534;Priority 4;NA
SCH;BWI;SCH;SR;OK;TASK000015366543;Priority 3;NA
APS;ETH;APS;SR;OK;TASK000015366675;Priority 3;NA
DCF;DCF;FUN;SR;OK;TASK000015366713;Priority 3;NA
SEC;BWI;SEC;SR;OK;TASK000015366764;Priority 3;NA
EES;EES;FUN;SR;OK;TASK000015366779;Priority 4;NA
SEC;BWI;SEC;SR;OK;TASK000015366788;Priority 4;NA
SEC;DXE;SEC;SR;OK;TASK000015366798;Priority 3;NA
SEC;EMS;SEC;SR;OK;TASK000015366849;Priority 4;NA
TEC;SYN;FUN;SR;OK;TASK000015366893;Priority 3;NA
APS;ETH;APS;SR;OK;TASK000015366901;Priority 3;NA
DBA;812;DBA;SR;OK;TASK000015366981;Priority 3;NA
TEC;SYN;FUN;SR;OK;TASK000015366984;Priority 3;NA
TEC;ETH;FUN;SR;OK;TASK000015367046;Priority 4;NA
DCF;DCF;FUN;SR;OK;TASK000015367071;Priority 3;NA
APS;ETH;APS;SR;OK;TASK000015367116;Priority 3;NA
SEC;812;SEC;SR;OK;TASK000015367127;Priority 3;NA
FUN;812;FUN;SR;OK;TASK000015367205;Priority 4;NA
DBA;812;DBA;SR;OK;TASK000015367251;Priority 3;NA
SEC;BWI;SEC;SR;OK;TASK000015367340;Priority 4;NA
TEC;SYN;FUN;SR;Defect;TASK000015367377;Priority 3;NA
SEC;ETH;SEC;SR;OK;TASK000015367424;Priority 3;NA
SEC;SYN;SEC;SR;OK;TASK000015367570;Priority 3;NA
TEC;SYN;FUN;SR;Defect;TASK000015367615;Priority 3;NA
L1;WS;L1 ;SR;OK;TASK000015367659;Priority 3;NA
SEC;ETH;SEC;SR;OK;TASK000015367682;Priority 3;NA
SEC;BWI;SEC;SR;OK;TASK000015367729;Priority 4;NA
SEC;MNT;SEC;SR;OK;TASK000015367838;Priority 4;NA
SEC;812;SEC;SR;OK;TASK000015368029;Priority 4;NA
SEC;DXE;SEC;SR;OK;TASK000015368230;Priority 4;NA
SEC;DXE;SEC;SR;OK;TASK000015368239;Priority 4;NA
SEC;BWI;SEC;SR;OK;TASK000015368478;Priority 3;NA
FUN;812;FUN;SR;OK;TASK000015370422;Priority 4;NA
SEC;BWI;SEC;SR;OK;TASK000015370516;Priority 4;NA
FUN;812;FUN;SR;OK;TASK000015370606;Priority 4;NA
SEC;MNT;SEC;SR;OK;TASK000015370624;Priority 4;NA
SEC;DCF;SEC;SR;OK;TASK000015370836;Priority 4;NA
SEC;EMS;SEC;SR;OK;TASK000015370844;Priority 4;NA
SEC;DPY;SEC;SR;OK;TASK000015371097;Priority 4;NA
TEC;ETH;TEC;SR;OK;TASK000015371231;Priority 4;NA
SEC;BWI;SEC;SR;OK;TASK000015371238;Priority 4;NA
SEC;DCF;SEC;SR;Defect;TASK000015371257;Priority 4;NA
SEC;DCF;SEC;SR;OK;TASK000015371258;Priority 4;NA
SEC;BWI;SEC;SR;OK;TASK000015371337;Priority 4;NA
SEC;DCF;SEC;SR;OK;TASK000015371467;Priority 4;NA
SEC;DCF;SEC;SR;OK;TASK000015371881;Priority 4;NA
CNC;812;MON;SR;OK;TASK000015371948;Priority 3;NA
DBA;812;DBA;SR;OK;TASK000015372249;Priority 3;NA
CNC;812;MON;SR;OK;TASK000015372326;Priority 3;NA
FUN;WS ;FUN;SR;OK;TASK000015372395;Priority 4;NA
CNC;812;MON;SR;OK;TASK000015372476;Priority 3;NA
FIN;DXE;FUN;SR;OK;TASK000015372477;Priority 4;NA
CNC;812;MON;SR;OK;TASK000015372494;Priority 3;NA
SEC;MNT;SEC;SR;OK;TASK000015372513;Priority 4;NA
FIN;DXE;FUN;SR;OK;TASK000015372576;Priority 4;NA
SEC;DXE;SEC;SR;OK;TASK000015372595;Priority 3;NA
APS;ETH;APS;SR;OK;TASK000015372608;Priority 3;NA
SEC;SYN;SEC;SR;OK;TASK000015372660;Priority 3;NA
SEC;DCF;SEC;SR;Defect;TASK000015372682;Priority 4;NA
FUN;812;FUN;SR;OK;TASK000015372687;Priority 3;NA
TEC;BWI;TEC;SR;OK;TASK000015372771;Priority 3;NA
SEC;EMS;SEC;SR;OK;TASK000015372781;Priority 4;NA
SCH;BWI;SCH;SR;OK;TASK000015372800;Priority 3;NA
SEC;BWI;SEC;SR;OK;TASK000015372815;Priority 3;NA
CNC;812;MON;SR;OK;TASK000015372866;Priority 3;NA
SEC;BWI;SEC;SR;OK;TASK000015372900;Priority 4;NA
SEC;SYN;SEC;SR;OK;TASK000015372934;Priority 3;NA
TEC;BWI;TEC;SR;OK;TASK000015372943;Priority 3;NA
APS;ETH;APS;SR;OK;TASK000015372955;Priority 3;NA
SEC;SYN;SEC;SR;Defect;TASK000015373000;Priority 3;NA
SEC;812;SEC;SR;OK;TASK000015373041;Priority 3;NA
FUN;812;FUN;SR;OK;TASK000015373137;Priority 3;NA
SEC;MNT;SEC;SR;OK;TASK000015373353;Priority 4;NA
SEC;ETH;SEC;SR;OK;TASK000015373589;Priority 3;NA
SEC;SYN;SEC;SR;OK;TASK000015373622;Priority 3;NA
APS;ETH;APS;SR;OK;TASK000015373631;Priority 3;NA
APS;ETH;APS;SR;OK;TASK000015373633;Priority 3;NA
APS;ETH;APS;SR;OK;TASK000015373651;Priority 3;NA
L1;BWI;MON;SR;OK;TASK000015373661;Priority 3;NA
APS;ETH;APS;SR;OK;TASK000015373681;Priority 3;NA
SEC;DCF;SEC;SR;OK;TASK000015373698;Priority 4;NA
SEC;DPY;SEC;SR;OK;TASK000015373728;Priority 4;NA
SEC;BWI;SEC;SR;OK;TASK000015373903;Priority 4;NA
L1;BWI;MON;SR;OK;TASK000015373965;Priority 3;NA
APS;ETH;APS;SR;OK;TASK000015374045;Priority 3;NA
FUN;812;FUN;SR;OK;TASK000015374879;Priority 3;NA
SEC;SYN;SEC;SR;OK;TASK000015374916;Priority 3;NA
SEC;812;SEC;SR;OK;TASK000015375028;Priority 4;NA
DBA;812;DBA;SR;OK;TASK000015375031;Priority 3;NA
FUN;WS ;FUN;SR;OK;TASK000015375074;Priority 3;NA
SEC;812;SEC;SR;OK;TASK000015375415;Priority 3;NA
DBA;812;DBA;SR;OK;TASK000015375426;Priority 3;NA
L1;812;MON;SR;OK;TASK000015375529;Priority 3;NA
SEC;SYN;SEC;SR;OK;TASK000015375534;Priority 3;NA
SEC;812;SEC;SR;OK;TASK000015375567;Priority 3;NA
FIN;812;FUN;SR;OK;TASK000015375578;Priority 4;NA
FUN;812;FUN;SR;OK;TASK000015375604;Priority 4;NA
FUN;ETH;TEC;SR;OK;TASK000015375613;Priority 3;NA
FIN;812;FUN;SR;OK;TASK000015375671;Priority 3;NA
SEC;DCF;SEC;SR;OK;TASK000015375705;Priority 4;NA
EES;EES;FUN;SR;Defect;TASK000015375799;Priority 4;NA
SEC;EMS;SEC;SR;OK;TASK000015376015;Priority 4;NA
OPS;EMS;OPS;SR;OK;TASK000015376066;Priority 3;NA
SEC;812;SEC;SR;OK;TASK000015376082;Priority 4;NA
TEC;ETH;TEC;SR;OK;TASK000015376223;Priority 4;NA
SEC;SYN;SEC;SR;OK;TASK000015376286;Priority 3;NA
FUN;MNT;FUN;SR;OK;TASK000015376349;Priority 3;NA
DBA;812;DBA;SR;OK;TASK000015377133;Priority 3;NA
TEC;BWI;TEC;SR;OK;TASK000015377573;Priority 3;NA
TEC;SYN;FUN;SR;OK;TASK000015377613;Priority 3;NA
SCH;BWI;SCH;SR;OK;TASK000015377666;Priority 3;NA
SEC;MNT;SEC;SR;OK;TASK000015377714;Priority 4;NA
TEC;SYN;FUN;SR;OK;TASK000015377722;Priority 3;NA
FUN;812;FUN;SR;OK;TASK000015377756;Priority 4;NA
SEC;812;SEC;SR;OK;TASK000015377908;Priority 3;NA
SEC;ETH;SEC;SR;OK;TASK000015377940;Priority 3;NA
SEC;812;SEC;SR;OK;TASK000015378016;Priority 4;NA
DBA;812;DBA;SR;OK;TASK000015378083;Priority 3;NA
DBA;812;DBA;SR;OK;TASK000015378087;Priority 3;NA
FUN;MNT;FUN;SR;OK;TASK000015378114;Priority 3;NA
SEC;MNT;SEC;SR;OK;TASK000015378156;Priority 4;NA
APS;ETH;APS;SR;OK;TASK000015378263;Priority 3;NA
SEC;SYN;SEC;SR;Defect;TASK000015378280;Priority 3;NA
DBA;812;DBA;SR;OK;TASK000015378474;Priority 3;NA
SEC;ETH;SEC;SR;OK;TASK000015378518;Priority 3;NA
DCF;DCF;FUN;SR;OK;TASK000015378525;Priority 3;NA
SEC;EMS;SEC;SR;OK;TASK000015380527;Priority 3;NA
SEC;EMS;SEC;SR;OK;TASK000015380603;Priority 3;NA
SEC;MNT;SEC;SR;OK;TASK000015380630;Priority 4;NA
SEC;ETH;SEC;SR;OK;TASK000015380638;Priority 3;NA
CNC;812;MON;SR;OK;TASK000015381289;Priority 3;NA
APS;ETH;APS;SR;OK;TASK000015381866;Priority 3;NA
SEC;DXE;SEC;SR;OK;TASK000015381878;Priority 4;NA
SEC;812;SEC;SR;OK;TASK000015381928;Priority 4;NA
SEC;WS ;SEC;SR;OK;TASK000015382539;Priority 3;NA
SEC;DXE;SEC;SR;OK;TASK000015382646;Priority 3;NA
CNC;812;MON;SR;OK;TASK000015382763;Priority 3;NA
SEC;DCF;SEC;SR;OK;TASK000015382857;Priority 4;NA
SEC;ETH;SEC;SR;OK;TASK000015382950;Priority 3;NA
SEC;ETH;SEC;SR;OK;TASK000015382956;Priority 3;NA
FUN;COR;FUN;SR;OK;TASK000015382961;Priority 3;NA
APS;ETH;APS;SR;OK;TASK000015383039;Priority 3;NA
SEC;812;SEC;SR;OK;TASK000015383041;Priority 3;NA
SEC;DXE;SEC;SR;OK;TASK000015383061;Priority 3;NA
FUN;COR;FUN;SR;OK;TASK000015383103;Priority 3;NA
FIN;812;FUN;SR;OK;TASK000015383121;Priority 3;NA
SEC;SYN;SEC;SR;OK;TASK000015383122;Priority 3;NA
SEC;DPY;SEC;SR;OK;TASK000015383159;Priority 4;NA
SEC;EMS;SEC;SR;OK;TASK000015383233;Priority 4;NA
SEC;SYN;SEC;SR;OK;TASK000015383286;Priority 3;NA
APS;ETH;APS;SR;OK;TASK000015383340;Priority 3;NA
SEC;SYN;SEC;SR;OK;TASK000015383361;Priority 3;NA
L1;812;MON;SR;OK;TASK000015383433;Priority 3;NA
SEC;812;SEC;SR;OK;TASK000015383500;Priority 3;NA
SCH;LAT;SCH;SR;OK;TASK000015383587;Priority 3;NA
DBA;812;DBA;SR;OK;TASK000015383698;Priority 3;NA
SEC;SYN;SEC;SR;OK;TASK000015383806;Priority 3;NA
SEC;812;SEC;SR;OK;TASK000015383843;Priority 3;NA
SEC;SYN;SEC;SR;OK;TASK000015383983;Priority 3;NA
SEC;812;SEC;SR;OK;TASK000015384012;Priority 4;NA
APS;ETH;APS;SR;OK;TASK000015384040;Priority 3;NA
DCF;DCF;FUN;SR;OK;TASK000015384081;Priority 3;NA
SEC;812;SEC;SR;OK;TASK000015384152;Priority 4;NA
SEC;BWI;SEC;SR;OK;TASK000015384169;Priority 3;NA
FIN;DXE;FUN;SR;OK;TASK000015384303;Priority 3;NA
TEC;DCF;FUN;SR;OK;TASK000015384308;Priority 4;NA
FIN;DXE;FUN;SR;OK;TASK000015384320;Priority 3;NA
SEC;DXE;SEC;SR;OK;TASK000015384348;Priority 4;NA
SEC;BWI;SEC;SR;OK;TASK000015384446;Priority 4;NA
APS;ETH;APS;SR;OK;TASK000015384476;Priority 4;NA
SEC;BWI;SEC;SR;OK;TASK000015384487;Priority 4;NA
SEC;EES;SEC;SR;OK;TASK000015384603;Priority 4;NA
SEC;SYN;SEC;SR;Defect;TASK000015384646;Priority 3;NA
FUN;812;FUN;SR;OK;TASK000015384652;Priority 4;NA
SEC;SYN;SEC;SR;Defect;TASK000015384702;Priority 3;NA
SEC;DCF;SEC;SR;OK;TASK000015384826;Priority 4;NA
TEC;SYN;FUN;SR;OK;TASK000015384834;Priority 3;NA
SEC;BWI;SEC;SR;OK;TASK000015384875;Priority 4;NA
SEC;SYN;SEC;SR;OK;TASK000015385107;Priority 3;NA
TEC;SYN;FUN;SR;OK;TASK000015385167;Priority 3;NA
SEC;EES;SEC;SR;OK;TASK000015385291;Priority 4;NA
SEC;EES;SEC;SR;OK;TASK000015385318;Priority 4;NA
CNC;DPY;SEC;SR;Defect;TASK000015385448;Priority 4;NA
FUN;ETH;FUN;SR;OK;TASK000015385609;Priority 3;NA
SCH;BWI;SCH;SR;OK;TASK000015385614;Priority 3;NA
SEC;EES;SEC;SR;OK;TASK000015385625;Priority 4;NA
SEC;SYN;SEC;SR;OK;TASK000015385666;Priority 3;NA
SEC;BWI;SEC;SR;OK;TASK000015385667;Priority 3;NA
SEC;DPY;SEC;SR;OK;TASK000015385671;Priority 4;NA
SEC;SYN;SEC;SR;OK;TASK000015385977;Priority 3;NA
L1;812;MON;SR;OK;TASK000015386005;Priority 3;NA
L1;812;MON;SR;OK;TASK000015386006;Priority 3;NA
CNC;812;MON;SR;OK;TASK000015386477;Priority 3;NA
CNC;812;MON;SR;OK;TASK000015386517;Priority 3;NA
FUN;812;FUN;SR;OK;TASK000015386754;Priority 3;NA
APS;ETH;APS;SR;OK;TASK000015387038;Priority 3;NA
APS;ETH;APS;SR;OK;TASK000015387098;Priority 3;NA
APS;ETH;APS;SR;OK;TASK000015387112;Priority 3;NA
DBA;812;DBA;SR;OK;TASK000015387123;Priority 3;NA
DBA;812;DBA;SR;OK;TASK000015387184;Priority 3;NA
APS;ETH;APS;SR;OK;TASK000015387203;Priority 3;NA
SEC;812;SEC;SR;OK;TASK000015387223;Priority 3;NA
APS;ETH;APS;SR;OK;TASK000015387345;Priority 3;NA
SEC;DXE;SEC;SR;OK;TASK000015387523;Priority 4;NA
DBA;812;DBA;SR;OK;TASK000015387578;Priority 3;NA
FUN;812;FUN;SR;OK;TASK000015387724;Priority 4;NA
SEC;DCF;SEC;SR;OK;TASK000015387731;Priority 4;NA
SEC;812;SEC;SR;OK;TASK000015387749;Priority 3;NA
DBA;812;DBA;SR;OK;TASK000015387837;Priority 3;NA
TEC;BWI;TEC;SR;OK;TASK000015387919;Priority 3;NA
APS;ETH;APS;SR;OK;TASK000015388162;Priority 3;NA
APS;ETH;APS;SR;OK;TASK000015388174;Priority 3;NA
DBA;812;DBA;SR;OK;TASK000015388292;Priority 3;NA
SEC;812;SEC;SR;OK;TASK000015388437;Priority 4;NA
FUN;812;FUN;SR;OK;TASK000015388466;Priority 3;NA
APS;ETH;APS;SR;OK;TASK000015388490;Priority 3;NA
OPS;EMS;OPS;SR;OK;TASK000015388508;Priority 3;NA
SEC;SYN;SEC;SR;OK;TASK000015388533;Priority 3;NA
APS;ETH;APS;SR;OK;TASK000015388553;Priority 3;NA
SEC;812;SEC;SR;OK;TASK000015388604;Priority 4;NA
APS;ETH;APS;SR;OK;TASK000015388605;Priority 3;NA
TEC;ETH;TEC;SR;OK;TASK000015388615;Priority 4;NA
SEC;SYN;SEC;SR;OK;TASK000015388751;Priority 3;NA
SEC;SYN;SEC;SR;Defect;TASK000015388789;Priority 3;NA
SEC;DCF;SEC;SR;OK;TASK000015388881;Priority 4;NA
SCH;812;SCH;SR;OK;TASK000015388896;Priority 3;NA
SEC;DCF;SEC;SR;OK;TASK000015388943;Priority 4;NA
APS;ETH;APS;SR;OK;TASK000015388945;Priority 3;NA
DBA;812;DBA;SR;OK;TASK000015389122;Priority 3;NA
SEC;BWI;SEC;SR;OK;TASK000015389184;Priority 4;NA
SEC;SYN;SEC;SR;OK;TASK000015389195;Priority 3;NA
L1;BWI;MON;SR;OK;TASK000015389197;Priority 3;NA
TEC;SYN;FUN;SR;OK;TASK000015389327;Priority 3;NA
SEC;SYN;SEC;SR;OK;TASK000015389447;Priority 3;NA
SEC;DCF;SEC;SR;OK;TASK000015389449;Priority 4;NA
SEC;EES;SEC;SR;OK;TASK000015389514;Priority 4;NA
SEC;812;SEC;SR;OK;TASK000015389527;Priority 4;NA
DBA;812;DBA;SR;OK;TASK000015389564;Priority 3;NA
APS;ETH;APS;SR;OK;TASK000015389643;Priority 3;NA
APS;ETH;APS;SR;OK;TASK000015389704;Priority 3;NA
DCF;DCF;FUN;SR;OK;TASK000015389887;Priority 3;NA
L1;812;MON;SR;OK;TASK000015389895;Priority 3;NA
SEC;DCF;SEC;SR;OK;TASK000015389926;Priority 4;NA
SEC;SYN;SEC;SR;OK;TASK000015390055;Priority 3;NA
TEC;SYN;FUN;SR;OK;TASK000015390094;Priority 3;NA
APS;ETH;APS;SR;OK;TASK000015390142;Priority 3;NA
DCF;DCF;FUN;SR;OK;TASK000015390152;Priority 3;NA
SEC;BWI;SEC;SR;OK;TASK000015390270;Priority 4;NA
SEC;BWI;SEC;SR;OK;TASK000015390289;Priority 4;NA
TEC;SYN;FUN;SR;OK;TASK000015390354;Priority 3;NA
TEC;SYN;FUN;SR;OK;TASK000015390356;Priority 3;NA
SEC;SYN;SEC;SR;OK;TASK000015390360;Priority 3;NA
TEC;SYN;FUN;SR;OK;TASK000015390369;Priority 3;NA
SEC;SYN;SEC;SR;OK;TASK000015390379;Priority 3;NA
SEC;SYN;SEC;SR;Defect;TASK000015390382;Priority 3;NA
SEC;SYN;SEC;SR;OK;TASK000015390635;Priority 3;NA
SEC;BWI;SEC;SR;OK;TASK000015390667;Priority 4;NA
SEC;SYN;SEC;SR;Defect;TASK000015390726;Priority 3;NA
TEC;SYN;FUN;SR;OK;TASK000015390731;Priority 3;NA
SEC;ETH;SEC;SR;OK;TASK000015390783;Priority 3;NA
SEC;BWI;SEC;SR;Defect;TASK000015390949;Priority 4;NA
FUN;EES;FUN;SR;OK;TASK000015391074;Priority 4;NA
SEC;BWI;SEC;SR;OK;TASK000015391245;Priority 3;NA
APS;DCF;APS;SR;OK;TASK000015391275;Priority 3;NA
CNC;BWI;MON;SR;OK;TASK000015391287;Priority 3;NA
CNC;DPY;SEC;SR;OK;TASK000015391339;Priority 4;NA
SEC;SYN;SEC;SR;OK;TASK000015391559;Priority 3;NA
APS;ETH;APS;SR;OK;TASK000015392082;Priority 3;NA
FUN;COR;FUN;SR;OK;TASK000015392248;Priority 3;NA
SEC;812;SEC;SR;OK;TASK000015392320;Priority 4;NA
FUN;COR;FUN;SR;OK;TASK000015392372;Priority 3;NA
SEC;DCF;SEC;SR;OK;TASK000015392458;Priority 4;NA
DBA;812;DBA;SR;OK;TASK000015392472;Priority 3;NA
FUN;812;FUN;SR;OK;TASK000015392650;Priority 4;NA
APS;ETH;APS;SR;OK;TASK000015392723;Priority 3;NA
L1;812;MON;SR;OK;TASK000015392777;Priority 4;NA
APS;ETH;APS;SR;OK;TASK000015393069;Priority 3;NA
SEC;812;SEC;SR;OK;TASK000015393079;Priority 3;NA
SEC;812;SEC;SR;OK;TASK000015393100;Priority 4;NA
SEC;812;SEC;SR;OK;TASK000015393115;Priority 3;NA
SEC;812;SEC;SR;OK;TASK000015393135;Priority 3;NA
SEC;812;SEC;SR;OK;TASK000015393265;Priority 4;NA
SEC;812;SEC;SR;OK;TASK000015393290;Priority 4;NA
FUN;812;FUN;SR;OK;TASK000015393298;Priority 4;NA
SEC;812;SEC;SR;OK;TASK000015393308;Priority 3;NA
SEC;812;SEC;SR;OK;TASK000015393345;Priority 4;NA
SEC;812;SEC;SR;OK;TASK000015393364;Priority 4;NA
SEC;812;SEC;SR;OK;TASK000015393372;Priority 4;NA
SCH;812;SCH;SR;OK;TASK000015393430;Priority 3;NA
FUN;812;FUN;SR;OK;TASK000015393434;Priority 4;NA
FUN;812;FUN;SR;OK;TASK000015393491;Priority 4;NA
CNC;812;MON;SR;OK;TASK000015393526;Priority 3;NA
FUN;812;FUN;SR;OK;TASK000015393601;Priority 4;NA
CNC;812;MON;SR;OK;TASK000015393605;Priority 3;NA
TEC;BWI;TEC;SR;OK;TASK000015393633;Priority 3;NA
TEC;SYN;FUN;SR;OK;TASK000015393714;Priority 3;NA
SEC;DCF;SEC;SR;OK;TASK000015393766;Priority 4;NA
DBA;812;DBA;SR;OK;TASK000015393776;Priority 3;NA
OPS;EMS;OPS;SR;OK;TASK000015393908;Priority 3;NA
APS;ETH;APS;SR;OK;TASK000015393970;Priority 3;NA
SEC;812;SEC;SR;OK;TASK000015394140;Priority 4;NA
SEC;WS ;SEC;SR;OK;TASK000015394180;Priority 3;NA
APS;ETH;APS;SR;OK;TASK000015394216;Priority 3;NA
SEC;812;SEC;SR;OK;TASK000015394350;Priority 3;NA
SEC;ETH;SEC;SR;OK;TASK000015394472;Priority 3;NA
SEC;812;SEC;SR;OK;TASK000015394491;Priority 3;NA
TEC;ETH;TEC;SR;OK;TASK000015394621;Priority 3;NA
SEC;DXE;SEC;SR;OK;TASK000015394625;Priority 3;NA
FUN;COR;FUN;SR;OK;TASK000015394743;Priority 3;NA
L1;MNT;SEC;SR;OK;TASK000015394798;Priority 4;NA
812;812;INS;SR;OK;TASK000015394821;Priority 4;NA
L1;BWI;MON;SR;OK;TASK000015394967;Priority 3;NA
SEC;SYN;SEC;SR;OK;TASK000015394980;Priority 3;NA
SEC;SYN;SEC;SR;OK;TASK000015395177;Priority 3;NA
SCH;BWI;SCH;SR;OK;TASK000015395194;Priority 3;NA
TEC;SYN;FUN;SR;OK;TASK000015395505;Priority 3;NA
SEC;SYN;SEC;SR;OK;TASK000015395732;Priority 3;NA
L1;BWI;MON;SR;OK;TASK000015395781;Priority 3;NA
FIN;MNT;FUN;SR;OK;TASK000015395810;Priority 3;NA
L1;812;MON;SR;OK;TASK000015395823;Priority 3;NA
SEC;BWI;SEC;SR;OK;TASK000015395891;Priority 4;NA
SEC;SYN;SEC;SR;OK;TASK000015395922;Priority 3;NA
L1;BWI;MON;SR;OK;TASK000015395944;Priority 3;NA
SEC;SYN;SEC;SR;Defect;TASK000015395992;Priority 3;NA
SEC;ETH;SEC;SR;OK;TASK000015396065;Priority 3;NA
SEC;ETH;SEC;SR;OK;TASK000015396071;Priority 3;NA
SEC;ETH;SEC;SR;OK;TASK000015396075;Priority 3;NA
SEC;ETH;SEC;SR;OK;TASK000015396081;Priority 3;NA
SEC;ETH;SEC;SR;OK;TASK000015396089;Priority 3;NA
FIN;812;INS;SR;OK;TASK000015396210;Priority 4;NA
FUN;EMS;FUN;SR;Defect;TASK000015396253;Priority 3;NA
TEC;SYN;FUN;SR;Defect;TASK000015396357;Priority 3;NA
SEC;812;SEC;SR;OK;TASK000015396400;Priority 4;NA
L1;MNT;SEC;SR;OK;TASK000015396550;Priority 4;NA
CNC;812;MON;SR;OK;TASK000015397149;Priority 3;NA
CNC;812;MON;SR;OK;TASK000015397158;Priority 3;NA
APS;ETH;APS;SR;OK;TASK000015397249;Priority 3;NA
SEC;EDS;SEC;SR;OK;TASK000015397372;Priority 3;NA
SEC;812;SEC;SR;OK;TASK000015397518;Priority 3;NA
APS;ETH;APS;SR;OK;TASK000015397591;Priority 3;NA
SEC;812;SEC;SR;OK;TASK000015397624;Priority 3;NA
CNC;812;MON;SR;OK;TASK000015397913;Priority 3;NA
DBA;812;DBA;SR;OK;TASK000015397928;Priority 3;NA
SEC;812;SEC;SR;OK;TASK000015397948;Priority 4;NA
SEC;DXE;SEC;SR;OK;TASK000015397964;Priority 4;NA
DBA;812;DBA;SR;OK;TASK000015398014;Priority 3;NA
SEC;812;SEC;SR;OK;TASK000015398071;Priority 3;NA
SEC;812;SEC;SR;OK;TASK000015398162;Priority 4;NA
SEC;812;SEC;SR;OK;TASK000015398352;Priority 4;NA
SEC;EMS;SEC;SR;OK;TASK000015398391;Priority 4;NA
SEC;812;SEC;SR;OK;TASK000015398557;Priority 4;NA
TEC;SYN;FUN;SR;OK;TASK000015398568;Priority 3;NA
SEC;812;SEC;SR;OK;TASK000015398595;Priority 3;NA
SCH;812;SCH;SR;OK;TASK000015398598;Priority 3;NA
SEC;SYN;SEC;SR;OK;TASK000015398625;Priority 3;NA
SEC;SYN;SEC;SR;Defect;TASK000015398676;Priority 3;NA
APS;ETH;APS;SR;OK;TASK000015398747;Priority 3;NA
SEC;EMS;SEC;SR;OK;TASK000015398761;Priority 4;NA
DBA;812;DBA;SR;OK;TASK000015399001;Priority 3;NA
DCF;DCF;FUN;SR;OK;TASK000015399154;Priority 3;NA
SEC;SYN;SEC;SR;Defect;TASK000015399259;Priority 3;NA
L1;BWI;MON;SR;OK;TASK000015399394;Priority 3;NA
SEC;SYN;SEC;SR;Defect;TASK000015399477;Priority 3;NA
SEC;ETH;SEC;SR;OK;TASK000015399560;Priority 3;NA
SCH;BWI;SCH;SR;OK;TASK000015399686;Priority 3;NA
TEC;SYN;FUN;SR;Defect;TASK000015399738;Priority 3;NA
TEC;SYN;FUN;SR;Defect;TASK000015399923;Priority 3;NA
SEC;MNT;SEC;SR;OK;TASK000015400213;Priority 4;NA
APS;ETH;APS;SR;OK;TASK000015400450;Priority 3;NA
SEC;BWI;SEC;SR;OK;TASK000015400520;Priority 4;NA
APS;ETH;APS;SR;OK;TASK000015400543;Priority 4;NA
APS;EES;APS;SR;OK;TASK000015400544;Priority 3;NA
FIN;MNT;FUN;SR;Defect;TASK000015400654;Priority 3;NA
L1;MNT;SEC;SR;OK;TASK000015400669;Priority 4;NA
SEC;812;SEC;SR;OK;TASK000015400828;Priority 3;NA
SEC;812;SEC;SR;OK;TASK000015400839;Priority 4;NA
TEC;SYN;FUN;SR;Defect;TASK000015400907;Priority 3;NA
DBA;812;DBA;SR;OK;TASK000015400962;Priority 3;NA
SEC;ETH;SEC;SR;OK;TASK000015400998;Priority 3;NA
SEC;SYN;SEC;SR;OK;TASK000015401447;Priority 3;NA
CNC;812;MON;SR;OK;TASK000015401943;Priority 3;NA
DBA;812;DBA;SR;OK;TASK000015402392;Priority 3;NA
APS;ETH;APS;SR;OK;TASK000015402499;Priority 3;NA
FUN;812;FUN;SR;OK;TASK000015402509;Priority 4;NA
L1;812;MON;SR;OK;TASK000015402517;Priority 3;NA
APS;ETH;APS;SR;OK;TASK000015402539;Priority 3;NA
L1;812;MON;SR;OK;TASK000015402616;Priority 3;NA
SEC;812;SEC;SR;OK;TASK000015402670;Priority 3;NA
DBA;812;DBA;SR;OK;TASK000015402719;Priority 3;NA
FUN;812;FUN;SR;OK;TASK000015402788;Priority 3;NA
DBA;812;DBA;SR;OK;TASK000015402869;Priority 3;NA
DBA;812;DBA;SR;OK;TASK000015402907;Priority 3;NA
L1;812;MON;SR;OK;TASK000015402950;Priority 3;NA
DBA;812;DBA;SR;OK;TASK000015402967;Priority 3;NA
L1;812;MON;SR;OK;TASK000015403038;Priority 3;NA
DBA;812;DBA;SR;OK;TASK000015403085;Priority 3;NA
DBA;812;DBA;SR;OK;TASK000015403188;Priority 3;NA
FUN;812;FUN;SR;OK;TASK000015403227;Priority 4;NA
APS;ETH;APS;SR;OK;TASK000015403240;Priority 3;NA
DBA;812;DBA;SR;OK;TASK000015403280;Priority 3;NA
FUN;ETH;FUN;SR;OK;TASK000015403392;Priority 3;NA
TEC;BWI;TEC;SR;OK;TASK000015403437;Priority 3;NA
DBA;812;DBA;SR;OK;TASK000015403539;Priority 3;NA
DBA;812;DBA;SR;OK;TASK000015403564;Priority 3;NA
APS;ETH;APS;SR;OK;TASK000015403662;Priority 3;NA
SEC;SYN;SEC;SR;OK;TASK000015403692;Priority 3;NA
SEC;ETH;SEC;SR;OK;TASK000015403704;Priority 3;NA
SEC;DXE;SEC;SR;OK;TASK000015403717;Priority 4;NA
SEC;DXE;SEC;SR;OK;TASK000015403741;Priority 4;NA
SEC;ETH;SEC;SR;OK;TASK000015403755;Priority 3;NA
SEC;DCF;SEC;SR;OK;TASK000015403852;Priority 4;NA
SEC;DPY;SEC;SR;OK;TASK000015403941;Priority 4;NA
OPS; WS;OPS;SR;OK;TASK000015404017;Priority 3;NA
SCH;BWI;SCH;SR;OK;TASK000015404021;Priority 3;NA
SEC;DXE;SEC;SR;OK;TASK000015404049;Priority 4;NA
SEC;ETH;SEC;SR;OK;TASK000015404058;Priority 3;NA
CNC;812;MON;SR;OK;TASK000015404078;Priority 3;NA
APS;ETH;APS;SR;OK;TASK000015404115;Priority 3;NA
SEC;812;SEC;SR;OK;TASK000015404142;Priority 4;NA
SEC;812;SEC;SR;OK;TASK000015404210;Priority 4;NA
SEC;EES;SEC;SR;OK;TASK000015404245;Priority 3;NA
SEC;DXE;SEC;SR;OK;TASK000015404319;Priority 3;NA
SEC;DXE;SEC;SR;OK;TASK000015404342;Priority 4;NA
FUN;COR;FUN;SR;OK;TASK000015404347;Priority 3;NA
SCH;BWI;SCH;SR;OK;TASK000015404452;Priority 3;NA
SEC;SYN;SEC;SR;OK;TASK000015404504;Priority 3;NA
APS;ETH;APS;SR;OK;TASK000015404511;Priority 3;NA
SCH;812;SCH;SR;OK;TASK000015404519;Priority 3;NA
SEC;812;SEC;SR;OK;TASK000015404659;Priority 3;NA
SEC;EMS;SEC;SR;OK;TASK000015404713;Priority 3;NA
TEC;SYN;FUN;SR;OK;TASK000015404716;Priority 3;NA
SEC;812;SEC;SR;OK;TASK000015404764;Priority 4;NA
SEC;SYN;SEC;SR;OK;TASK000015404822;Priority 3;NA
FUN;812;FUN;SR;OK;TASK000015404844;Priority 4;NA
SEC;ETH;SEC;SR;OK;TASK000015404945;Priority 3;NA
FUN;812;FUN;SR;OK;TASK000015404974;Priority 3;NA
SEC;812;SEC;SR;OK;TASK000015405143;Priority 4;NA
SEC;DXE;SEC;SR;OK;TASK000015405381;Priority 4;NA
SEC;812;SEC;SR;OK;TASK000015405415;Priority 3;NA
SEC;812;SEC;SR;OK;TASK000015405421;Priority 4;NA
CNC;812;MON;SR;OK;TASK000015405485;Priority 3;NA
CNC;BWI;MON;SR;OK;TASK000015405565;Priority 3;NA
SEC;SYN;SEC;SR;OK;TASK000015405567;Priority 3;NA
SEC;SYN;SEC;SR;Defect;TASK000015405593;Priority 3;NA
SEC;SYN;SEC;SR;OK;TASK000015405734;Priority 3;NA
SEC;DPY;SEC;SR;OK;TASK000015405854;Priority 4;NA
L1;MNT;SEC;SR;OK;TASK000015405954;Priority 4;NA
SEC;EES;SEC;SR;OK;TASK000015405961;Priority 3;NA
SEC;SYN;SEC;SR;OK;TASK000015406027;Priority 3;NA
TEC;ETH;TEC;SR;OK;TASK000015406255;Priority 3;NA
APS;ETH;APS;SR;OK;TASK000015406308;Priority 3;NA
SEC;SYN;SEC;SR;OK;TASK000015406465;Priority 3;NA
APS;ETH;APS;SR;OK;TASK000015406705;Priority 3;NA
SEC;EES;SEC;SR;OK;TASK000015406820;Priority 4;NA
SEC;WS ;SEC;SR;OK;TASK000015406940;Priority 3;NA
SEC;SYN;SEC;SR;OK;TASK000015406959;Priority 4;NA
FUN;MNT;FUN;SR;OK;TASK000015406992;Priority 3;NA
SEC;812;SEC;SR;OK;TASK000015407662;Priority 4;NA
DBA;812;DBA;SR;OK;TASK000015408044;Priority 3;NA
FUN;812;FUN;SR;OK;TASK000015408352;Priority 4;NA
FUN;812;FUN;SR;OK;TASK000015408370;Priority 3;NA
FUN;EMS;FUN;SR;OK;TASK000015408418;Priority 3;NA
SEC;812;SEC;SR;OK;TASK000015408513;Priority 4;NA
DBA;812;DBA;SR;OK;TASK000015408641;Priority 3;NA
SEC;812;SEC;SR;OK;TASK000015408681;Priority 4;NA
DBA;812;DBA;SR;OK;TASK000015408869;Priority 3;NA
DBA;812;DBA;SR;OK;TASK000015408873;Priority 3;NA
SEC;DPY;SEC;SR;OK;TASK000015409318;Priority 4;NA
SEC;BWI;SEC;SR;OK;TASK000015409401;Priority 3;NA
CNC;812;MON;SR;OK;TASK000015409561;Priority 3;NA
L1;MNT;SEC;SR;OK;TASK000015409643;Priority 4;NA
L1;MNT;SEC;SR;OK;TASK000015409651;Priority 4;NA
SEC;812;SEC;SR;OK;TASK000015409665;Priority 4;NA
SEC;BWI;SEC;SR;OK;TASK000015409786;Priority 4;NA
SEC;ETH;SEC;SR;OK;TASK000015409918;Priority 3;NA
SEC;ETH;SEC;SR;OK;TASK000015409968;Priority 3;NA
DBA;812;DBA;SR;OK;TASK000015409978;Priority 3;NA
SEC;BWI;SEC;SR;OK;TASK000015410080;Priority 3;NA
SEC;812;SEC;SR;OK;TASK000015410141;Priority 4;NA
SCH;812;SCH;SR;OK;TASK000015410167;Priority 3;NA
SEC;BWI;SEC;SR;OK;TASK000015410170;Priority 3;NA
SEC;SYN;SEC;SR;OK;TASK000015410250;Priority 3;NA
SEC;DCF;SEC;SR;OK;TASK000015410265;Priority 4;NA
SEC;SYN;SEC;SR;Defect;TASK000015410288;Priority 3;NA
SEC;SYN;SEC;SR;Defect;TASK000015410370;Priority 3;NA
FUN;812;FUN;SR;OK;TASK000015410446;Priority 4;NA
SEC;DCF;SEC;SR;OK;TASK000015410454;Priority 4;NA
FUN;812;FUN;SR;OK;TASK000015410484;Priority 4;NA
APS;ETH;APS;SR;OK;TASK000015410547;Priority 3;NA
SEC;ETH;SEC;SR;OK;TASK000015410671;Priority 3;NA
SEC;SYN;SEC;SR;OK;TASK000015410685;Priority 3;NA
SEC;DXE;SEC;SR;OK;TASK000015410712;Priority 3;NA
SEC;ETH;SEC;SR;OK;TASK000015410737;Priority 3;NA
APS;ETH;APS;SR;OK;TASK000015410819;Priority 3;NA
SEC;DCF;SEC;SR;OK;TASK000015410834;Priority 4;NA
OPS;EMS;OPS;SR;Defect;TASK000015410957;Priority 3;NA
SEC;SYN;SEC;SR;OK;TASK000015410994;Priority 3;NA
SEC;DXE;SEC;SR;OK;TASK000015411017;Priority 3;NA
SEC;812;SEC;SR;OK;TASK000015411048;Priority 4;NA
SEC;SYN;SEC;SR;OK;TASK000015411068;Priority 3;NA
SEC;812;SEC;SR;OK;TASK000015411186;Priority 4;NA
APS;ETH;APS;SR;OK;TASK000015411204;Priority 3;NA
APS;ETH;APS;SR;OK;TASK000015411307;Priority 3;NA
OPS;EMS;OPS;SR;OK;TASK000015411473;Priority 3;NA
SEC;EES;SEC;SR;OK;TASK000015411490;Priority 3;NA
SEC;DCF;SEC;SR;OK;TASK000015411740;Priority 4;NA
SEC;SYN;SEC;SR;OK;TASK000015411747;Priority 3;NA
SEC;BWI;SEC;SR;OK;TASK000015412031;Priority 4;NA
SEC;BWI;SEC;SR;OK;TASK000015412140;Priority 3;NA
SEC;BWI;SEC;SR;OK;TASK000015412152;Priority 3;NA
L1;BWI;MON;SR;OK;TASK000015412252;Priority 3;NA
APS;ETH;APS;SR;OK;TASK000015412269;Priority 3;NA
APS;ETH;APS;SR;OK;TASK000015412373;Priority 3;NA
SEC;ETH;SEC;SR;OK;TASK000015412573;Priority 3;NA
APS;ETH;APS;SR;OK;TASK000015412594;Priority 3;NA
SEC;MNT;SEC;SR;OK;TASK000015412743;Priority 4;NA
FUN;MNT;FUN;SR;OK;TASK000015412752;Priority 3;NA
APS;EES;APS;SR;OK;TASK000015412754;Priority 3;NA
CNC;BWI;MON;SR;OK;TASK000015412802;Priority 3;NA
L1;BWI;MON;SR;OK;TASK000015412818;Priority 3;NA
CNC;BWI;MON;SR;OK;TASK000015412867;Priority 3;NA
SEC;812;SEC;SR;OK;TASK000015412881;Priority 4;NA
SEC;SYN;SEC;SR;Defect;TASK000015413123;Priority 3;NA
SEC;EES;SEC;SR;OK;TASK000015413124;Priority 4;NA
SEC;SYN;SEC;SR;OK;TASK000015413134;Priority 3;NA
FUN;812;FUN;SR;OK;TASK000015413599;Priority 3;NA
FUN;812;FUN;SR;OK;TASK000015413601;Priority 4;NA
FUN;812;FUN;SR;OK;TASK000015414002;Priority 4;NA
SEC;DXE;SEC;SR;OK;TASK000015414065;Priority 4;NA
SEC;812;SEC;SR;OK;TASK000015414066;Priority 4;NA
FUN;812;FUN;SR;OK;TASK000015414169;Priority 3;NA
SEC;812;SEC;SR;OK;TASK000015414232;Priority 4;NA
SEC;812;SEC;SR;OK;TASK000015414286;Priority 4;NA
APS;ETH;APS;SR;OK;TASK000015414307;Priority 3;NA
SEC;DCF;SEC;SR;OK;TASK000015414312;Priority 4;NA
SEC;MNT;SEC;SR;OK;TASK000015414354;Priority 4;NA
SEC;812;SEC;SR;OK;TASK000015414371;Priority 4;NA
L1;812;MON;SR;OK;TASK000015414381;Priority 3;NA
DBA;812;DBA;SR;OK;TASK000015414392;Priority 3;NA
L1;812;MON;SR;OK;TASK000015414399;Priority 3;NA
L1;812;MON;SR;OK;TASK000015414408;Priority 3;NA
SEC;SYN;SEC;SR;OK;TASK000015414444;Priority 3;NA
APS;ETH;APS;SR;OK;TASK000015414493;Priority 3;NA
DCF;DCF;FUN;SR;Defect;TASK000015414631;Priority 3;NA
DBA;812;DBA;SR;OK;TASK000015414717;Priority 3;NA
SEC;812;SEC;SR;OK;TASK000015414789;Priority 4;NA
FIN;812;FUN;SR;OK;TASK000015414853;Priority 3;NA
SEC;SYN;SEC;SR;OK;TASK000015414921;Priority 3;NA
SEC;812;SEC;SR;OK;TASK000015414934;Priority 4;NA
SEC;812;SEC;SR;OK;TASK000015414935;Priority 4;NA
TEC;BWI;TEC;SR;OK;TASK000015414945;Priority 3;NA
FUN;812;FUN;SR;OK;TASK000015415016;Priority 4;NA
SEC;812;SEC;SR;OK;TASK000015415150;Priority 4;NA
SEC;812;SEC;SR;OK;TASK000015415169;Priority 3;NA
TEC;BWI;TEC;SR;OK;TASK000015415179;Priority 3;NA
TEC;BWI;TEC;SR;OK;TASK000015415187;Priority 3;NA
APS;ETH;APS;SR;OK;TASK000015415285;Priority 3;NA
TEC;SYN;FUN;SR;OK;TASK000015415287;Priority 3;NA
FUN;WS ;FUN;SR;OK;TASK000015415321;Priority 3;NA
SEC;BWI;SEC;SR;OK;TASK000015415325;Priority 4;NA
FUN;812;FUN;SR;OK;TASK000015415332;Priority 4;NA
TEC;BWI;TEC;SR;OK;TASK000015415343;Priority 3;NA
SCH;BWI;SCH;SR;OK;TASK000015415396;Priority 3;NA
SEC;MNT;SEC;SR;OK;TASK000015415565;Priority 4;NA
TEC;SYN;FUN;SR;OK;TASK000015415577;Priority 3;NA
SEC;DCF;SEC;SR;OK;TASK000015415753;Priority 4;NA
APS;ETH;APS;SR;OK;TASK000015415770;Priority 3;NA
SEC;EMS;SEC;SR;OK;TASK000015415775;Priority 3;NA
SEC;EMS;SEC;SR;OK;TASK000015415836;Priority 3;NA
SEC;DCF;SEC;SR;OK;TASK000015415880;Priority 4;NA
APS;ETH;APS;SR;OK;TASK000015415898;Priority 3;NA
APS;ETH;APS;SR;OK;TASK000015415980;Priority 3;NA
SEC;812;SEC;SR;OK;TASK000015416002;Priority 4;NA
APS;ETH;APS;SR;OK;TASK000015416007;Priority 3;NA
SEC;812;SEC;SR;OK;TASK000015416008;Priority 4;NA
TEC;SYN;FUN;SR;OK;TASK000015416039;Priority 3;NA
APS;ETH;APS;SR;OK;TASK000015416041;Priority 3;NA
APS;ETH;APS;SR;OK;TASK000015416179;Priority 3;NA
APS;ETH;APS;SR;OK;TASK000015416266;Priority 3;NA
SEC;SYN;SEC;SR;Defect;TASK000015416289;Priority 3;NA
SEC;MNT;SEC;SR;OK;TASK000015416347;Priority 4;NA
SEC;812;SEC;SR;OK;TASK000015416401;Priority 4;NA
SEC;SYN;SEC;SR;OK;TASK000015416436;Priority 3;NA
APS;ETH;APS;SR;OK;TASK000015416542;Priority 3;NA
FUN;WS ;FUN;SR;OK;TASK000015416561;Priority 3;NA
DCF;DCF;FUN;SR;OK;TASK000015416580;Priority 3;NA
SEC;SYN;SEC;SR;OK;TASK000015416613;Priority 3;NA
SEC;EMS;SEC;SR;OK;TASK000015416663;Priority 3;NA
DCF;DCF;FUN;SR;OK;TASK000015416783;Priority 3;NA
APS;ETH;APS;SR;OK;TASK000015416787;Priority 3;NA
SEC;ETH;SEC;SR;OK;TASK000015416794;Priority 3;NA
SEC;SYN;SEC;SR;Defect;TASK000015416838;Priority 3;NA
SEC;812;SEC;SR;OK;TASK000015416840;Priority 4;NA
SEC;812;SEC;SR;OK;TASK000015416854;Priority 4;NA
SEC;812;SEC;SR;OK;TASK000015416861;Priority 4;NA
SEC;BWI;SEC;SR;OK;TASK000015416994;Priority 3;NA
SEC;ETH;SEC;SR;OK;TASK000015417080;Priority 3;NA
CNC;BWI;MON;SR;OK;TASK000015417081;Priority 3;NA
SEC;SYN;SEC;SR;OK;TASK000015417324;Priority 3;NA
CNC;BWI;MON;SR;OK;TASK000015417425;Priority 3;NA
SEC;SYN;SEC;SR;OK;TASK000015417433;Priority 3;NA
SEC;DCF;SEC;SR;OK;TASK000015417486;Priority 4;NA
TEC;ETH;TEC;SR;OK;TASK000015417611;Priority 4;NA
APS;ETH;APS;SR;OK;TASK000015417620;Priority 3;NA
SEC;SYN;SEC;SR;OK;TASK000015417632;Priority 3;NA
APS;ETH;APS;SR;OK;TASK000015417644;Priority 3;NA
L1;MNT;SEC;SR;OK;TASK000015417660;Priority 4;NA
APS;ETH;APS;SR;OK;TASK000015417710;Priority 3;NA
TEC;LAT;TEC;SR;OK;TASK000015417717;Priority 3;NA
APS;ETH;APS;SR;OK;TASK000015417892;Priority 3;NA
APS;ETH;APS;SR;OK;TASK000015417972;Priority 3;NA
APS;ETH;APS;SR;OK;TASK000015418054;Priority 3;NA
SEC;ETH;SEC;SR;OK;TASK000015418089;Priority 3;NA
SEC;SYN;SEC;SR;Defect;TASK000015418264;Priority 3;NA
APS;ETH;APS;SR;OK;TASK000015418281;Priority 3;NA
SEC;SYN;SEC;SR;OK;TASK000015418313;Priority 3;NA
SEC;BWI;SEC;SR;OK;TASK000015418455;Priority 4;NA
SEC;MNT;SEC;SR;OK;TASK000015418457;Priority 4;NA
SEC;BWI;SEC;SR;OK;TASK000015418560;Priority 3;NA
SEC;ETH;SEC;SR;OK;TASK000015418938;Priority 3;NA
SEC;ETH;SEC;SR;OK;TASK000015418981;Priority 3;NA
DBA;812;DBA;SR;OK;TASK000015419213;Priority 3;NA
SEC;812;SEC;SR;OK;TASK000015419640;Priority 3;NA
SEC;812;SEC;SR;OK;TASK000015419745;Priority 4;NA
L1;MNT;SEC;SR;OK;TASK000015419910;Priority 4;NA
FIN;812;FUN;SR;OK;TASK000015420001;Priority 3;NA
SEC;BWI;SEC;SR;OK;TASK000015420006;Priority 4;NA
SEC;DCF;SEC;SR;OK;TASK000015420116;Priority 4;NA
SEC;DXE;SEC;SR;OK;TASK000015420239;Priority 4;NA
SEC;DXE;SEC;SR;OK;TASK000015420243;Priority 4;NA
SEC;DCF;SEC;SR;OK;TASK000015420275;Priority 4;NA
FIN;812;FUN;SR;OK;TASK000015420300;Priority 3;NA
FUN;DXE;FUN;SR;OK;TASK000015420398;Priority 3;NA
SEC;DCF;SEC;SR;OK;TASK000015420422;Priority 4;NA
SEC;812;SEC;SR;OK;TASK000015420460;Priority 4;NA
SEC;812;SEC;SR;OK;TASK000015420468;Priority 4;NA
SEC;SYN;SEC;SR;Defect;TASK000015420544;Priority 3;NA
SEC;812;SEC;SR;OK;TASK000015420611;Priority 4;NA
TEC;BWI;TEC;SR;OK;TASK000015420720;Priority 3;NA
SEC;EES;SEC;SR;OK;TASK000015420765;Priority 3;NA
DBA;812;DBA;SR;OK;TASK000015420817;Priority 3;NA
SEC;SYN;SEC;SR;Defect;TASK000015420857;Priority 3;NA
SEC;BWI;SEC;SR;OK;TASK000015420907;Priority 4;NA
APS;ETH;APS;SR;OK;TASK000015421138;Priority 3;NA
SEC;MNT;SEC;SR;OK;TASK000015421155;Priority 4;NA
SEC;SYN;SEC;SR;OK;TASK000015421168;Priority 4;NA
SEC;812;SEC;SR;OK;TASK000015421194;Priority 4;NA
SEC;BWI;SEC;SR;OK;TASK000015421225;Priority 4;NA
SEC;SYN;SEC;SR;OK;TASK000015421248;Priority 3;NA
SEC;SYN;SEC;SR;OK;TASK000015421320;Priority 3;NA
FUN;ETH;FUN;SR;OK;TASK000015421339;Priority 3;NA
FUN;ETH;FUN;SR;OK;TASK000015421347;Priority 3;NA
FUN;ETH;FUN;SR;OK;TASK000015421368;Priority 3;NA
SEC;SYN;SEC;SR;OK;TASK000015421371;Priority 4;NA
FUN;ETH;FUN;SR;OK;TASK000015421378;Priority 3;NA
SEC;812;SEC;SR;OK;TASK000015421415;Priority 4;NA
SEC;SYN;SEC;SR;OK;TASK000015421531;Priority 3;NA
SEC;EES;SEC;SR;OK;TASK000015421578;Priority 3;NA
SCH;812;SCH;SR;OK;TASK000015421763;Priority 3;NA
APS;ETH;APS;SR;OK;TASK000015421790;Priority 3;NA
SEC;ETH;SEC;SR;OK;TASK000015421802;Priority 3;NA
SEC;SYN;SEC;SR;Defect;TASK000015421830;Priority 4;NA
SEC;LAT;SEC;SR;OK;TASK000015421997;Priority 4;NA
SEC;SYN;SEC;SR;Defect;TASK000015422009;Priority 3;NA
APS;ETH;APS;SR;OK;TASK000015422069;Priority 3;NA
DBA;812;DBA;SR;OK;TASK000015422241;Priority 3;NA
SEC;812;SEC;SR;OK;TASK000015422256;Priority 4;NA
TEC;SYN;FUN;SR;OK;TASK000015422388;Priority 3;NA
SEC;812;SEC;SR;OK;TASK000015422432;Priority 4;NA
CNC;BWI;MON;SR;OK;TASK000015422479;Priority 3;NA
DBA;812;DBA;SR;OK;TASK000015422665;Priority 3;NA
SEC;SYN;SEC;SR;OK;TASK000015422669;Priority 3;NA
SEC;SYN;SEC;SR;OK;TASK000015422861;Priority 3;NA
SEC;SYN;SEC;SR;Defect;TASK000015422880;Priority 3;NA
L1;BWI;MON;SR;OK;TASK000015422955;Priority 3;NA
SEC;BWI;SEC;SR;OK;TASK000015423037;Priority 4;NA
SEC;SYN;SEC;SR;Defect;TASK000015423048;Priority 3;NA
SEC;SYN;SEC;SR;OK;TASK000015423130;Priority 3;NA
SEC;SYN;SEC;SR;OK;TASK000015423131;Priority 3;NA
CNC;812;MON;SR;OK;TASK000015423229;Priority 3;NA
SEC;EES;SEC;SR;OK;TASK000015423371;Priority 3;NA
SEC;BWI;SEC;SR;OK;TASK000015423399;Priority 4;NA
L1;MNT;SEC;SR;OK;TASK000015423438;Priority 4;NA
SEC;SYN;SEC;SR;Defect;TASK000015423474;Priority 3;NA
SEC;BWI;SEC;SR;OK;TASK000015423496;Priority 4;NA
SEC;SYN;SEC;SR;OK;TASK000015423530;Priority 4;NA
L1;MNT;MON;SR;OK;TASK000015423556;Priority 3;NA
SEC;ETH;SEC;SR;Defect;TASK000015423726;Priority 3;NA
SEC;EES;SEC;SR;OK;TASK000015423959;Priority 3;NA
SEC;SYN;SEC;SR;Defect;TASK000015423993;Priority 3;NA
CNC;BWI;MON;SR;OK;TASK000015424102;Priority 3;NA
L1;BWI;MON;SR;OK;TASK000015424126;Priority 3;NA
SEC;SYN;SEC;SR;Defect;TASK000015424140;Priority 3;NA
SEC;BWI;SEC;SR;OK;TASK000015424486;Priority 3;NA
FUN;EMS;FUN;SR;OK;TASK000015424659;Priority 4;NA
SEC;DXE;SEC;SR;OK;TASK000015425071;Priority 4;NA
SEC;DCF;SEC;SR;OK;TASK000015425138;Priority 4;NA
SEC;ETH;SEC;SR;OK;TASK000015425198;Priority 3;NA
SEC;DCF;SEC;SR;OK;TASK000015425218;Priority 4;NA
DBA;812;DBA;SR;OK;TASK000015425486;Priority 3;NA
DBA;812;DBA;SR;OK;TASK000015425522;Priority 3;NA
APS;ETH;APS;SR;OK;TASK000015425737;Priority 3;NA
SEC;812;SEC;SR;OK;TASK000015425919;Priority 3;NA
DBA;812;DBA;SR;OK;TASK000015425932;Priority 3;NA
DBA;812;DBA;SR;OK;TASK000015426026;Priority 3;NA
TEC;BWI;TEC;SR;OK;TASK000015426079;Priority 3;NA
SCH;812;SCH;SR;OK;TASK000015426337;Priority 3;NA
DBA;812;DBA;SR;OK;TASK000015426397;Priority 3;NA
SEC;812;SEC;SR;OK;TASK000015426510;Priority 4;NA
APS;EES;APS;SR;OK;TASK000015426523;Priority 3;NA
SEC;812;SEC;SR;OK;TASK000015426526;Priority 3;NA
SEC;DCF;SEC;SR;OK;TASK000015426547;Priority 4;NA
APS;EES;APS;SR;OK;TASK000015426555;Priority 3;NA
APS;ETH;APS;SR;OK;TASK000015426585;Priority 4;NA
L1;MNT;SEC;SR;OK;TASK000015426695;Priority 4;NA
SEC;ETH;SEC;SR;Defect;TASK000015426775;Priority 3;NA
SEC;ETH;SEC;SR;Defect;TASK000015426776;Priority 3;NA
SEC;812;SEC;SR;OK;TASK000015426777;Priority 3;NA
DBA;812;DBA;SR;OK;TASK000015426805;Priority 3;NA
SEC;SYN;SEC;SR;OK;TASK000015426896;Priority 4;NA
APS;ETH;APS;SR;OK;TASK000015426913;Priority 3;NA
SEC;812;SEC;SR;OK;TASK000015426925;Priority 3;NA
SEC;SYN;SEC;SR;OK;TASK000015426976;Priority 3;NA
SEC;SYN;SEC;SR;OK;TASK000015426982;Priority 3;NA
APS;EES;APS;SR;OK;TASK000015426998;Priority 3;NA
APS;ETH;APS;SR;OK;TASK000015427099;Priority 3;NA
OPS; WS;OPS;SR;OK;TASK000015427218;Priority 3;NA
SEC;SYN;SEC;SR;OK;TASK000015427232;Priority 3;NA
OPS;EMS;OPS;SR;OK;TASK000015427287;Priority 3;NA
APS;ETH;APS;SR;OK;TASK000015427345;Priority 4;NA
SEC;BWI;SEC;SR;OK;TASK000015427416;Priority 4;NA
APS;EES;APS;SR;OK;TASK000015427435;Priority 3;NA
APS;EES;APS;SR;OK;TASK000015427465;Priority 3;NA
APS;ETH;APS;SR;OK;TASK000015427480;Priority 3;NA
APS;EES;APS;SR;OK;TASK000015427494;Priority 3;NA
TEC;SYN;FUN;SR;OK;TASK000015427530;Priority 3;NA
TEC;DCF;FUN;SR;OK;TASK000015427634;Priority 4;NA
SEC;LAT;SEC;SR;OK;TASK000015427730;Priority 3;NA
APS;ETH;APS;SR;OK;TASK000015427799;Priority 3;NA
SEC;SYN;SEC;SR;OK;TASK000015427970;Priority 3;NA
SEC;SYN;SEC;SR;OK;TASK000015428061;Priority 3;NA
SEC;SYN;SEC;SR;OK;TASK000015428153;Priority 3;NA
FUN;812;FUN;SR;OK;TASK000015428154;Priority 4;NA
SEC;SYN;SEC;SR;OK;TASK000015428161;Priority 3;NA
APS;ETH;APS;SR;OK;TASK000015428212;Priority 3;NA
L1;812;MON;SR;OK;TASK000015428350;Priority 3;NA
CNC;BWI;MON;SR;OK;TASK000015428854;Priority 3;NA
SEC;SYN;SEC;SR;OK;TASK000015428861;Priority 3;NA
SEC;SYN;SEC;SR;OK;TASK000015428868;Priority 3;NA
APS;EES;APS;SR;OK;TASK000015428933;Priority 3;NA
APS;EES;APS;SR;OK;TASK000015428957;Priority 4;NA
APS;EES;APS;SR;OK;TASK000015428963;Priority 4;NA
APS;EES;APS;SR;OK;TASK000015428973;Priority 4;NA
APS;EES;APS;SR;OK;TASK000015428976;Priority 4;NA
APS;EES;APS;SR;OK;TASK000015428977;Priority 3;NA
APS;EES;APS;SR;OK;TASK000015429058;Priority 3;NA
APS;EES;APS;SR;OK;TASK000015429068;Priority 4;NA
SEC;DCF;SEC;SR;OK;TASK000015429098;Priority 4;NA
SEC;SYN;SEC;SR;OK;TASK000015429121;Priority 3;NA
SEC;DCF;SEC;SR;OK;TASK000015429166;Priority 4;NA
SEC;DCF;SEC;SR;OK;TASK000015429251;Priority 4;NA
SEC;DCF;SEC;SR;OK;TASK000015429254;Priority 4;NA
DCF;DCF;FUN;SR;OK;TASK000015429312;Priority 3;NA
DBA;812;DBA;SR;OK;TASK000015429337;Priority 3;NA
FUN;812;FUN;SR;OK;TASK000015429596;Priority 3;NA
SEC;812;SEC;SR;OK;TASK000015429599;Priority 4;NA
SEC;812;SEC;SR;OK;TASK000015429610;Priority 4;NA
DBA;812;DBA;SR;OK;TASK000015430806;Priority 3;NA
SEC;812;SEC;SR;OK;TASK000015430991;Priority 3;NA
SEC;EMS;SEC;SR;OK;TASK000015431177;Priority 3;NA
APS;ETH;APS;SR;OK;TASK000015431303;Priority 3;NA
FUN;COR;FUN;SR;OK;TASK000015431523;Priority 3;NA
DBA;812;DBA;SR;OK;TASK000015431643;Priority 3;NA
DBA;812;DBA;SR;OK;TASK000015431675;Priority 3;NA
SEC;SYN;SEC;SR;Defect;TASK000015431776;Priority 3;NA
SEC;812;SEC;SR;OK;TASK000015431786;Priority 3;NA
DBA;812;DBA;SR;OK;TASK000015431874;Priority 3;NA
FUN;812;FUN;SR;OK;TASK000015431974;Priority 3;NA
DBA;812;DBA;SR;OK;TASK000015431989;Priority 3;NA
DBA;812;DBA;SR;OK;TASK000015432060;Priority 3;NA
SEC;WS ;SEC;SR;OK;TASK000015432105;Priority 3;NA
DBA;812;DBA;SR;OK;TASK000015432131;Priority 3;NA
SEC;DCF;SEC;SR;OK;TASK000015432182;Priority 4;NA
SEC;812;SEC;SR;OK;TASK000015432237;Priority 4;NA
FUN;DXE;FUN;SR;OK;TASK000015432267;Priority 3;NA
DBA;812;DBA;SR;OK;TASK000015432268;Priority 3;NA
SEC;812;SEC;SR;OK;TASK000015432360;Priority 4;NA
SEC;DXE;SEC;SR;OK;TASK000015432375;Priority 4;NA
SEC;EMS;SEC;SR;OK;TASK000015432391;Priority 4;NA
SEC;812;SEC;SR;OK;TASK000015432429;Priority 3;NA
SEC;ETH;SEC;SR;OK;TASK000015432577;Priority 3;NA
DBA;812;DBA;SR;OK;TASK000015432605;Priority 3;NA
SEC;SYN;SEC;SR;OK;TASK000015432619;Priority 3;NA
SEC;BWI;SEC;SR;OK;TASK000015432625;Priority 4;NA
DBA;812;DBA;SR;OK;TASK000015432656;Priority 3;NA
SEC;DXE;SEC;SR;OK;TASK000015432671;Priority 3;NA
SEC;DCF;SEC;SR;OK;TASK000015432723;Priority 4;NA
TEC;BWI;TEC;SR;Defect;TASK000015432813;Priority 3;NA
SEC;EES;SEC;SR;OK;TASK000015432820;Priority 3;NA
DBA;812;DBA;SR;OK;TASK000015432843;Priority 3;NA
SEC;812;SEC;SR;OK;TASK000015432929;Priority 3;NA
L1;MNT;SEC;SR;OK;TASK000015432937;Priority 4;NA
SCH;812;SCH;SR;OK;TASK000015432939;Priority 3;NA
TEC;SYN;FUN;SR;OK;TASK000015432943;Priority 3;NA
CNC;812;MON;SR;OK;TASK000015433008;Priority 3;NA
OPS;EMS;OPS;SR;OK;TASK000015433040;Priority 3;NA
SEC;DXE;SEC;SR;OK;TASK000015433043;Priority 4;NA
SEC;BWI;SEC;SR;OK;TASK000015433045;Priority 4;NA
FUN;WS ;FUN;SR;OK;TASK000015433078;Priority 4;NA
SEC;812;SEC;SR;OK;TASK000015433117;Priority 3;NA
SEC;DCF;SEC;SR;OK;TASK000015433215;Priority 4;NA
FUN;WS ;FUN;SR;OK;TASK000015433232;Priority 4;NA
SEC;812;SEC;SR;OK;TASK000015433288;Priority 4;NA
SEC;BWI;SEC;SR;OK;TASK000015433354;Priority 4;NA
L1;MNT;SEC;SR;OK;TASK000015433425;Priority 4;NA
SEC;DPY;SEC;SR;OK;TASK000015433434;Priority 4;NA
APS;ETH;APS;SR;OK;TASK000015433456;Priority 3;NA
TEC;SYN;FUN;SR;OK;TASK000015433470;Priority 3;NA
L1;MNT;SEC;SR;OK;TASK000015433513;Priority 4;NA
SEC;812;SEC;SR;OK;TASK000015433525;Priority 4;NA
APS;ETH;APS;SR;OK;TASK000015433527;Priority 3;NA
SEC;SYN;SEC;SR;OK;TASK000015433600;Priority 3;NA
SEC;DCF;SEC;SR;OK;TASK000015433844;Priority 4;NA
SEC;SYN;SEC;SR;OK;TASK000015433977;Priority 3;NA
SEC;BWI;SEC;SR;OK;TASK000015434026;Priority 4;NA
APS;ETH;APS;SR;OK;TASK000015434078;Priority 3;NA
SEC;SYN;SEC;SR;OK;TASK000015434137;Priority 3;NA
SEC;DXE;SEC;SR;OK;TASK000015434189;Priority 4;NA
APS;ETH;APS;SR;OK;TASK000015434244;Priority 3;NA
APS;ETH;APS;SR;OK;TASK000015434257;Priority 3;NA
SEC;ETH;SEC;SR;OK;TASK000015434261;Priority 3;NA
FUN;EES;FUN;SR;OK;TASK000015434340;Priority 3;NA
SEC;DCF;SEC;SR;OK;TASK000015434351;Priority 4;NA
SEC;EES;SEC;SR;OK;TASK000015434435;Priority 3;NA
SEC;SYN;SEC;SR;OK;TASK000015434543;Priority 3;NA
SEC;DCF;SEC;SR;OK;TASK000015434553;Priority 4;NA
FUN;MNT;FUN;SR;OK;TASK000015434635;Priority 3;NA
SEC;EES;SEC;SR;OK;TASK000015434682;Priority 3;NA
SEC;EES;SEC;SR;OK;TASK000015434695;Priority 3;NA
SEC;SYN;SEC;SR;OK;TASK000015434735;Priority 3;NA
SEC;DCF;SEC;SR;OK;TASK000015434984;Priority 4;NA
SEC;812;SEC;SR;OK;TASK000015434997;Priority 3;NA
SEC;DCF;SEC;SR;OK;TASK000015435003;Priority 4;NA
SEC;DCF;SEC;SR;OK;TASK000015435032;Priority 4;NA
SEC;812;SEC;SR;OK;TASK000015435244;Priority 4;NA
SEC;SYN;SEC;SR;OK;TASK000015435522;Priority 3;NA
SEC;SYN;SEC;SR;Defect;TASK000015435644;Priority 3;NA
SEC;DCF;SEC;SR;OK;TASK000015435726;Priority 4;NA
SEC;DXE;SEC;SR;OK;TASK000015435864;Priority 4;NA
SEC;BWI;SEC;SR;OK;TASK000015435905;Priority 4;NA
APS;ETH;APS;SR;OK;TASK000015435916;Priority 3;NA
SEC;SYN;SEC;SR;OK;TASK000015436522;Priority 3;NA
FUN;WS ;FUN;SR;OK;TASK000015436736;Priority 3;NA
SEC;SYN;SEC;SR;OK;TASK000015436897;Priority 3;NA
OPS;EMS;OPS;SR;OK;TASK000015437125;Priority 3;NA
SEC;EMS;SEC;SR;OK;TASK000015437169;Priority 3;NA
SEC;812;SEC;SR;OK;TASK000015437344;Priority 3;NA
FUN;812;FUN;SR;OK;TASK000015437450;Priority 3;NA
APS;ETH;APS;SR;OK;TASK000015437466;Priority 3;NA
SEC;812;SEC;SR;OK;TASK000015437521;Priority 3;NA
FUN;812;FUN;SR;OK;TASK000015437707;Priority 3;NA
SEC;812;SEC;SR;OK;TASK000015437740;Priority 3;NA
SEC;812;SEC;SR;OK;TASK000015437742;Priority 3;NA
SEC;812;SEC;SR;OK;TASK000015437752;Priority 4;NA
SEC;812;SEC;SR;OK;TASK000015437797;Priority 3;NA
DBA;812;DBA;SR;OK;TASK000015437866;Priority 3;NA
SEC;812;SEC;SR;OK;TASK000015437909;Priority 4;NA
SEC;812;SEC;SR;OK;TASK000015437912;Priority 3;NA
DBA;812;DBA;SR;OK;TASK000015437919;Priority 3;NA
SEC;812;SEC;SR;OK;TASK000015438241;Priority 4;NA
FUN;812;FUN;SR;OK;TASK000015438475;Priority 3;NA
FUN;812;FUN;SR;OK;TASK000015438524;Priority 3;NA
SEC;EMS;SEC;SR;OK;TASK000015438591;Priority 3;NA
L1;MNT;SEC;SR;OK;TASK000015438623;Priority 4;NA
SCH;812;SCH;SR;OK;TASK000015438671;Priority 3;NA
SEC;812;SEC;SR;OK;TASK000015438676;Priority 4;NA
L1;MNT;SEC;SR;OK;TASK000015438694;Priority 4;NA
SCH;BWI;SCH;SR;Defect;TASK000015439023;Priority 3;NA
SEC;DCF;SEC;SR;OK;TASK000015439052;Priority 4;NA
SEC;DCF;SEC;SR;OK;TASK000015439081;Priority 4;NA
FUN;812;FUN;SR;OK;TASK000015439105;Priority 4;NA
FUN;ETH;FUN;SR;OK;TASK000015439307;Priority 3;NA
SEC;812;SEC;SR;OK;TASK000015439337;Priority 4;NA
SEC;SYN;SEC;SR;OK;TASK000015439399;Priority 3;NA
FUN;812;FUN;SR;OK;TASK000015439408;Priority 4;NA
FUN;EMS;FUN;SR;OK;TASK000015439489;Priority 4;NA
SEC;SYN;SEC;SR;OK;TASK000015439581;Priority 3;NA
TEC;LAT;TEC;SR;OK;TASK000015439590;Priority 3;NA
CNC;812;MON;SR;OK;TASK000015439698;Priority 3;NA
SEC;ETH;SEC;SR;OK;TASK000015439708;Priority 3;NA
SEC;SYN;SEC;SR;OK;TASK000015439896;Priority 3;NA
DBA;812;DBA;SR;OK;TASK000015440197;Priority 3;NA
FUN;ETH;FUN;SR;OK;TASK000015440228;Priority 3;NA
DBA;812;DBA;SR;OK;TASK000015440709;Priority 3;NA
APS;ETH;APS;SR;OK;TASK000015440713;Priority 3;NA
APS;ETH;APS;SR;OK;TASK000015440852;Priority 4;NA
SEC;812;SEC;SR;OK;TASK000015441068;Priority 4;NA
SEC;EES;SEC;SR;OK;TASK000015441133;Priority 3;NA
SEC;812;SEC;SR;OK;TASK000015441150;Priority 4;NA
SEC;EES;SEC;SR;Defect;TASK000015441223;Priority 3;NA
SEC;SYN;SEC;SR;OK;TASK000015441383;Priority 3;NA
SEC;SYN;SEC;SR;OK;TASK000015441402;Priority 3;NA
SEC;SYN;SEC;SR;Defect;TASK000015441428;Priority 3;NA
SEC;DXE;SEC;SR;OK;TASK000015441538;Priority 4;NA
SEC;SYN;SEC;SR;Defect;TASK000015441553;Priority 3;NA
SEC;BWI;SEC;SR;Defect;TASK000015441604;Priority 3;NA
SEC;ETH;SEC;SR;OK;TASK000015441673;Priority 3;NA
APS;ETH;APS;SR;OK;TASK000015441710;Priority 3;NA
SEC;BWI;SEC;SR;OK;TASK000015441812;Priority 4;NA
SEC;EES;SEC;SR;OK;TASK000015441814;Priority 3;NA
CNC;BWI;MON;SR;OK;TASK000015441887;Priority 3;NA
SEC;SYN;SEC;SR;OK;TASK000015441955;Priority 3;NA
APS;ETH;APS;SR;OK;TASK000015441990;Priority 3;NA
SEC;SYN;SEC;SR;Defect;TASK000015442011;Priority 3;NA
SEC;SYN;SEC;SR;Defect;TASK000015442016;Priority 3;NA
APS;ETH;APS;SR;OK;TASK000015442093;Priority 3;NA
APS;ETH;APS;SR;OK;TASK000015442156;Priority 4;NA
FUN;MNT;FUN;SR;Defect;TASK000015442218;Priority 4;NA
SEC;DXE;SEC;SR;OK;TASK000015442302;Priority 3;NA
APS;EES;APS;SR;OK;TASK000015442560;Priority 3;NA
APS;ETH;APS;SR;OK;TASK000015442697;Priority 3;NA
SEC;812;SEC;SR;OK;TASK000015443470;Priority 4;NA
SEC;812;SEC;SR;OK;TASK000015443519;Priority 3;NA
L1;812;MON;SR;OK;TASK000015443534;Priority 3;NA
FUN;812;FUN;SR;OK;TASK000015443561;Priority 4;NA
FUN;812;FUN;SR;OK;TASK000015443567;Priority 4;NA
FIN;812;FUN;SR;OK;TASK000015443582;Priority 4;NA
L1;812;MON;SR;OK;TASK000015443626;Priority 3;NA
L1;812;MON;SR;OK;TASK000015443630;Priority 3;NA
OPS;EMS;OPS;SR;OK;TASK000015443635;Priority 3;NA
SEC;812;SEC;SR;OK;TASK000015443752;Priority 4;NA
L1;MNT;SEC;SR;OK;TASK000015443851;Priority 4;NA
L1;MNT;SEC;SR;OK;TASK000015443910;Priority 4;NA
L1;812;MON;SR;OK;TASK000015443916;Priority 3;NA
L1;MNT;SEC;SR;OK;TASK000015443920;Priority 4;NA
APS;ETH;APS;SR;OK;TASK000015444006;Priority 3;NA
FUN;812;FUN;SR;OK;TASK000015444076;Priority 4;NA
APS;ETH;APS;SR;OK;TASK000015444130;Priority 4;NA
SEC;EMS;SEC;SR;OK;TASK000015444185;Priority 3;NA
FUN;812;FUN;SR;OK;TASK000015444207;Priority 4;NA
SEC;812;SEC;SR;OK;TASK000015444231;Priority 3;NA
APS;ETH;APS;SR;OK;TASK000015444280;Priority 3;NA
FUN;812;FUN;SR;OK;TASK000015444320;Priority 3;NA
SEC;SYN;SEC;SR;OK;TASK000015444444;Priority 3;NA
SEC;DXE;SEC;SR;OK;TASK000015444510;Priority 3;NA
SEC;WS ;SEC;SR;OK;TASK000015444543;Priority 3;NA
SEC;WS ;SEC;SR;OK;TASK000015444550;Priority 3;NA
SEC;812;SEC;SR;OK;TASK000015444612;Priority 3;NA
TEC;BWI;TEC;SR;OK;TASK000015444713;Priority 3;NA
SEC;BWI;SEC;SR;OK;TASK000015444793;Priority 4;NA
DBA;812;DBA;SR;OK;TASK000015444800;Priority 3;NA
SEC;812;SEC;SR;OK;TASK000015444834;Priority 4;NA
TEC;SYN;FUN;SR;OK;TASK000015444836;Priority 3;NA
SEC;DCF;SEC;SR;OK;TASK000015444873;Priority 4;NA
APS;ETH;APS;SR;OK;TASK000015444945;Priority 3;NA
SEC;812;SEC;SR;OK;TASK000015444960;Priority 3;NA
SEC;SYN;SEC;SR;OK;TASK000015444965;Priority 3;NA
SEC;DCF;SEC;SR;OK;TASK000015444972;Priority 4;NA
SEC;812;SEC;SR;OK;TASK000015445022;Priority 4;NA
FUN;812;FUN;SR;OK;TASK000015445029;Priority 3;NA
SCH;BWI;SCH;SR;OK;TASK000015445054;Priority 3;NA
APS;ETH;APS;SR;OK;TASK000015445190;Priority 3;NA
TEC;LAT;TEC;SR;OK;TASK000015445254;Priority 3;NA
SEC;SYN;SEC;SR;OK;TASK000015445261;Priority 3;NA
APS;ETH;APS;SR;OK;TASK000015445301;Priority 3;NA
APS;ETH;APS;SR;OK;TASK000015445347;Priority 3;NA
TEC;SYN;FUN;SR;OK;TASK000015445357;Priority 3;NA
SEC;BWI;SEC;SR;OK;TASK000015445520;Priority 4;NA
DCF;DCF;FUN;SR;OK;TASK000015445522;Priority 4;NA
APS;ETH;APS;SR;OK;TASK000015445556;Priority 3;NA
APS;ETH;APS;SR;OK;TASK000015445568;Priority 3;NA
APS;DCF;APS;SR;OK;TASK000015445734;Priority 3;NA
SEC;EES;SEC;SR;OK;TASK000015445736;Priority 3;NA
L1;BWI;MON;SR;OK;TASK000015445783;Priority 3;NA
SEC;BWI;SEC;SR;Defect;TASK000015445830;Priority 3;NA
SCH;812;SCH;SR;OK;TASK000015445839;Priority 3;NA
SEC;EMS;SEC;SR;OK;TASK000015445913;Priority 3;NA
APS;ETH;APS;SR;OK;TASK000015445983;Priority 3;NA
TEC;SYN;FUN;SR;OK;TASK000015446012;Priority 3;NA
FUN;812;FUN;SR;Defect;TASK000015446037;Priority 4;NA
FUN;812;FUN;SR;OK;TASK000015446175;Priority 3;NA
APS;ETH;APS;SR;OK;TASK000015446179;Priority 3;NA
APS;ETH;APS;SR;OK;TASK000015446474;Priority 3;NA
L1;MNT;SEC;SR;OK;TASK000015446485;Priority 4;NA
SEC;SYN;SEC;SR;OK;TASK000015446488;Priority 3;NA
L1;MNT;SEC;SR;OK;TASK000015446492;Priority 4;NA
TEC;SYN;FUN;SR;OK;TASK000015446558;Priority 3;NA
SEC;SYN;SEC;SR;Defect;TASK000015446614;Priority 3;NA
SEC;DCF;SEC;SR;OK;TASK000015446933;Priority 4;NA
FUN;ETH;FUN;SR;OK;TASK000015446955;Priority 3;NA
APS;ETH;APS;SR;OK;TASK000015447000;Priority 3;NA
SEC;SYN;SEC;SR;OK;TASK000015447040;Priority 3;NA
SEC;BWI;SEC;SR;OK;TASK000015447131;Priority 3;NA
APS;ETH;APS;SR;OK;TASK000015447191;Priority 4;NA
SEC;MNT;SEC;SR;OK;TASK000015447224;Priority 4;NA
SEC;BWI;SEC;SR;OK;TASK000015447263;Priority 4;NA
CNC;BWI;MON;SR;OK;TASK000015447270;Priority 3;NA
SEC;SYN;SEC;SR;OK;TASK000015447309;Priority 3;NA
L1;MNT;SEC;SR;OK;TASK000015447338;Priority 4;NA
SEC;SYN;SEC;SR;Defect;TASK000015447361;Priority 3;NA
SEC;EES;SEC;SR;OK;TASK000015447720;Priority 3;NA
SEC;ETH;SEC;SR;OK;TASK000015447775;Priority 3;NA
SEC;SYN;SEC;SR;Defect;TASK000015447998;Priority 3;NA
SEC;SYN;SEC;SR;Defect;TASK000015448014;Priority 3;NA
SEC;DCF;SEC;SR;OK;TASK000015448202;Priority 4;NA
SEC;SYN;SEC;SR;OK;TASK000015448308;Priority 3;NA
SEC;812;SEC;SR;OK;TASK000015448354;Priority 4;NA
OPS;EMS;OPS;SR;OK;TASK000015448642;Priority 3;NA
FUN;812;FUN;SR;OK;TASK000015448661;Priority 4;NA
SEC;812;SEC;SR;OK;TASK000015448750;Priority 3;NA
L1; WS;MON;SR;OK;TASK000015448763;Priority 3;NA
APS;ETH;APS;SR;OK;TASK000015448942;Priority 3;NA
FUN;812;FUN;SR;OK;TASK000015449023;Priority 3;NA
L1;812;MON;SR;OK;TASK000015449139;Priority 3;NA
SEC;812;SEC;SR;OK;TASK000015449161;Priority 4;NA
SEC;DCF;SEC;SR;OK;TASK000015449234;Priority 4;NA
SCH;812;SCH;SR;OK;TASK000015449255;Priority 3;NA
DBA;812;DBA;SR;OK;TASK000015449428;Priority 3;NA
SEC;DXE;SEC;SR;OK;TASK000015449460;Priority 4;NA
SEC;EMS;SEC;SR;OK;TASK000015449531;Priority 4;NA
SEC;EMS;SEC;SR;OK;TASK000015449571;Priority 4;NA
FUN;812;FUN;SR;OK;TASK000015449725;Priority 3;NA
SEC;812;SEC;SR;OK;TASK000015449738;Priority 4;NA
SEC;812;SEC;SR;OK;TASK000015449789;Priority 4;NA
SEC;EMS;SEC;SR;OK;TASK000015449824;Priority 4;NA
APS;ETH;APS;SR;OK;TASK000015449839;Priority 3;NA
L1;MNT;SEC;SR;OK;TASK000015449951;Priority 4;NA
L1;812;MON;SR;OK;TASK000015449993;Priority 3;NA
L1;812;MON;SR;OK;TASK000015449997;Priority 3;NA
SCH;BWI;SCH;SR;OK;TASK000015450041;Priority 3;NA
FIN;DXE;FUN;SR;OK;TASK000015450070;Priority 3;NA
TEC;LAT;TEC;SR;OK;TASK000015450081;Priority 3;NA
SEC;812;SEC;SR;OK;TASK000015450110;Priority 4;NA
APS;ETH;APS;SR;OK;TASK000015450163;Priority 3;NA
SEC;SYN;SEC;SR;OK;TASK000015450217;Priority 3;NA
DBA;812;DBA;SR;OK;TASK000015450296;Priority 3;NA
APS;ETH;APS;SR;OK;TASK000015450302;Priority 3;NA
SEC;812;SEC;SR;OK;TASK000015450322;Priority 4;NA
SEC;DXE;SEC;SR;OK;TASK000015450429;Priority 3;NA
SEC;DXE;SEC;SR;OK;TASK000015450507;Priority 4;NA
SEC;BWI;SEC;SR;OK;TASK000015450526;Priority 4;NA
FUN;ETH;FUN;SR;OK;TASK000015450599;Priority 3;NA
SEC;ETH;SEC;SR;OK;TASK000015450641;Priority 3;NA
SEC;812;SEC;SR;OK;TASK000015450645;Priority 4;NA
TEC;SYN;FUN;SR;OK;TASK000015450669;Priority 3;NA
SEC;SYN;SEC;SR;OK;TASK000015450730;Priority 3;NA
SEC;EMS;SEC;SR;OK;TASK000015450741;Priority 3;NA
DBA;812;DBA;SR;OK;TASK000015450793;Priority 3;NA
DBA;812;DBA;SR;OK;TASK000015450796;Priority 3;NA
CNC;BWI;MON;SR;OK;TASK000015450909;Priority 3;NA
SEC;EES;SEC;SR;OK;TASK000015450995;Priority 3;NA
APS;ETH;APS;SR;OK;TASK000015451030;Priority 3;NA
FUN;812;FUN;SR;OK;TASK000015451142;Priority 4;NA
APS;ETH;APS;SR;OK;TASK000015451192;Priority 3;NA
CNC;BWI;MON;SR;OK;TASK000015451395;Priority 3;NA
SEC;812;SEC;SR;OK;TASK000015451548;Priority 3;NA
FIN;812;FUN;SR;OK;TASK000015451556;Priority 3;NA
CNC;DPY;SEC;SR;OK;TASK000015451693;Priority 4;NA
CNC;812;SCH;SR;OK;TASK000015451826;Priority 3;NA
SEC;EMS;SEC;SR;OK;TASK000015452008;Priority 3;NA
SEC;ETH;SEC;SR;OK;TASK000015452014;Priority 3;NA
SEC;BWI;SEC;SR;OK;TASK000015452051;Priority 3;NA
APS;ETH;APS;SR;OK;TASK000015452073;Priority 3;NA
SEC;SYN;SEC;SR;Defect;TASK000015452104;Priority 3;NA
TEC;SYN;FUN;SR;OK;TASK000015452127;Priority 3;NA
SEC;SYN;SEC;SR;OK;TASK000015452305;Priority 3;NA
CNC;DPY;SEC;SR;OK;TASK000015452401;Priority 4;NA
SEC;SYN;SEC;SR;OK;TASK000015452568;Priority 3;NA
SEC;MNT;SEC;SR;OK;TASK000015452573;Priority 4;NA
SEC;SYN;SEC;SR;OK;TASK000015452689;Priority 3;NA
SEC;BWI;SEC;SR;OK;TASK000015452853;Priority 3;NA
L1;BWI;MON;SR;OK;TASK000015452881;Priority 3;NA
FIN;MNT;FUN;SR;OK;TASK000015453088;Priority 4;NA
L1;BWI;MON;SR;OK;TASK000015453128;Priority 3;NA
SEC;SYN;SEC;SR;OK;TASK000015453705;Priority 3;NA
OPS;EMS;OPS;SR;OK;TASK000015453905;Priority 3;NA
DBA;812;DBA;SR;OK;TASK000015454149;Priority 3;NA
SEC;EMS;SEC;SR;OK;TASK000015454413;Priority 4;NA
APS;ETH;APS;SR;OK;TASK000015454445;Priority 3;NA
DBA;812;DBA;SR;OK;TASK000015454463;Priority 3;NA
APS;ETH;APS;SR;OK;TASK000015454539;Priority 3;NA
SEC;EMS;SEC;SR;OK;TASK000015454663;Priority 3;NA
SEC;MNT;SEC;SR;OK;TASK000015454689;Priority 4;NA
CNC;812;MON;SR;OK;TASK000015454748;Priority 3;NA
SEC;812;SEC;SR;OK;TASK000015454806;Priority 4;NA
APS;ETH;APS;SR;OK;TASK000015454819;Priority 3;NA
DBA;812;DBA;SR;OK;TASK000015454878;Priority 3;NA
SEC;EMS;SEC;SR;OK;TASK000015455021;Priority 3;NA
APS;ETH;APS;SR;OK;TASK000015455203;Priority 4;NA
SCH;812;SCH;SR;OK;TASK000015455482;Priority 3;NA
SEC;812;SEC;SR;OK;TASK000015455617;Priority 4;NA
TEC;SYN;FUN;SR;OK;TASK000015455628;Priority 3;NA
TEC;SYN;FUN;SR;OK;TASK000015455695;Priority 3;NA
SEC;EDS;SEC;SR;OK;TASK000015455800;Priority 3;NA
APS;EES;APS;SR;OK;TASK000015455841;Priority 4;NA
APS;EES;APS;SR;OK;TASK000015455850;Priority 4;NA
CNC;812;SCH;SR;OK;TASK000015456016;Priority 3;NA
EES;EES;FUN;SR;OK;TASK000015456089;Priority 4;NA
SEC;EES;SEC;SR;OK;TASK000015456114;Priority 4;NA
SCH;812;SCH;SR;OK;TASK000015456143;Priority 3;NA
SEC;DPY;SEC;SR;OK;TASK000015456184;Priority 4;NA
CNC;BWI;MON;SR;OK;TASK000015456489;Priority 3;NA
SEC;SYN;SEC;SR;OK;TASK000015456589;Priority 3;NA
SEC;SYN;SEC;SR;Defect;TASK000015456607;Priority 3;NA
APS;EES;APS;SR;OK;TASK000015456704;Priority 3;NA
SEC;BWI;SEC;SR;OK;TASK000015456809;Priority 4;NA
FIN;812;FUN;SR;OK;TASK000015456897;Priority 4;NA
SEC;DPY;SEC;SR;OK;TASK000015457092;Priority 4;NA
FUN;812;FUN;SR;OK;TASK000015457354;Priority 4;NA
SEC;812;SEC;SR;OK;TASK000015457461;Priority 3;NA
FUN;812;FUN;SR;OK;TASK000015457464;Priority 4;NA
DBA;812;DBA;SR;OK;TASK000015457512;Priority 3;NA
FUN;EES;FUN;SR;Defect;TASK000015457619;Priority 4;NA
SEC;DCF;SEC;SR;OK;TASK000015457630;Priority 4;NA
SEC;DCF;SEC;SR;OK;TASK000015457650;Priority 4;NA
SEC;MNT;SEC;SR;OK;TASK000015457841;Priority 4;NA
SEC;BWI;SEC;SR;OK;TASK000015458020;Priority 4;NA
SEC;BWI;SEC;SR;OK;TASK000015458021;Priority 4;NA
L1;812;MON;SR;OK;TASK000015458097;Priority 3;NA
L1;812;MON;SR;OK;TASK000015458098;Priority 3;NA
L1;DXE;MON;SR;OK;TASK000015458101;Priority 3;NA
L1;812;MON;SR;OK;TASK000015458103;Priority 3;NA
FUN;ETH;FUN;SR;OK;TASK000015458182;Priority 4;NA
DBA;812;DBA;SR;OK;TASK000015458243;Priority 4;NA
CNC;BWI;MON;SR;OK;TASK000015458296;Priority 3;NA
CNC;BWI;MON;SR;OK;TASK000015458297;Priority 3;NA
SEC;DCF;SEC;SR;OK;TASK000015458369;Priority 4;NA
DCF;DCF;FUN;SR;OK;TASK000015458469;Priority 3;NA
DCF;DCF;FUN;SR;OK;TASK000015458516;Priority 3;NA
L1;812;MON;SR;OK;TASK000015458728;Priority 3;NA
DBA;812;DBA;SR;OK;TASK000015459600;Priority 3;NA
SEC;812;SEC;SR;OK;TASK000015460027;Priority 3;NA
SEC;812;SEC;SR;OK;TASK000015460200;Priority 3;NA
SEC;812;SEC;SR;OK;TASK000015460216;Priority 3;NA
CNC;812;MON;SR;OK;TASK000015460227;Priority 3;NA
SEC;812;SEC;SR;OK;TASK000015460304;Priority 4;NA
FUN;812;FUN;SR;OK;TASK000015460404;Priority 3;NA
SEC;DXE;SEC;SR;OK;TASK000015460414;Priority 4;NA
FUN;812;FUN;SR;OK;TASK000015460443;Priority 3;NA
SEC;812;SEC;SR;OK;TASK000015460465;Priority 3;NA
DBA;812;DBA;SR;OK;TASK000015460477;Priority 3;NA
FUN;812;FUN;SR;OK;TASK000015460530;Priority 3;NA
DBA;812;DBA;SR;OK;TASK000015460540;Priority 3;NA
DBA;812;DBA;SR;OK;TASK000015460643;Priority 3;NA
CNC;812;MON;SR;OK;TASK000015460647;Priority 3;NA
FUN;812;FUN;SR;OK;TASK000015460654;Priority 3;NA
FUN;812;FUN;SR;OK;TASK000015460669;Priority 4;NA
DBA;812;DBA;SR;OK;TASK000015460679;Priority 3;NA
DBA;812;DBA;SR;OK;TASK000015460934;Priority 3;NA
DBA;812;DBA;SR;OK;TASK000015461124;Priority 3;NA
FUN;812;FUN;SR;OK;TASK000015461126;Priority 3;NA
CNC;812;MON;SR;OK;TASK000015461185;Priority 3;NA
SEC;812;SEC;SR;OK;TASK000015461195;Priority 4;NA
FUN;812;FUN;SR;OK;TASK000015461230;Priority 4;NA
SEC;DCF;SEC;SR;OK;TASK000015461243;Priority 4;NA
FUN;812;FUN;SR;OK;TASK000015461334;Priority 3;NA
SEC;812;SEC;SR;OK;TASK000015461369;Priority 4;NA
DBA;812;DBA;SR;OK;TASK000015461407;Priority 3;NA
SEC;DCF;SEC;SR;OK;TASK000015461409;Priority 4;NA
SEC;ETH;SEC;SR;OK;TASK000015461423;Priority 3;NA
SEC;MNT;SEC;SR;OK;TASK000015461470;Priority 4;NA
SEC;MNT;SEC;SR;OK;TASK000015461492;Priority 4;NA
SEC;SYN;SEC;SR;OK;TASK000015461633;Priority 3;NA
CNC;812;MON;SR;OK;TASK000015461711;Priority 3;NA
SEC;DXE;SEC;SR;OK;TASK000015461758;Priority 3;NA
SEC;812;SEC;SR;Defect;TASK000015461760;Priority 3;NA
CNC;BWI;MON;SR;OK;TASK000015461813;Priority 3;NA
SEC;ETH;SEC;SR;OK;TASK000015461832;Priority 3;NA
TEC;SYN;FUN;SR;OK;TASK000015461842;Priority 3;NA
SCH;812;SCH;SR;OK;TASK000015461845;Priority 3;NA
SCH;812;SCH;SR;OK;TASK000015461878;Priority 3;NA
DBA;812;DBA;SR;OK;TASK000015461894;Priority 3;NA
SEC;812;SEC;SR;OK;TASK000015462099;Priority 3;NA
L1;BWI;MON;SR;OK;TASK000015462136;Priority 3;NA
L1;MNT;SEC;SR;OK;TASK000015462147;Priority 4;NA
OPS;EMS;OPS;SR;Defect;TASK000015462359;Priority 3;NA
CNC;812;MON;SR;OK;TASK000015462449;Priority 3;NA
SEC;812;SEC;SR;Defect;TASK000015462452;Priority 3;NA
SEC;EMS;SEC;SR;OK;TASK000015462524;Priority 3;NA
SEC;SYN;SEC;SR;OK;TASK000015462605;Priority 3;NA
SEC;SYN;SEC;SR;Defect;TASK000015462681;Priority 3;NA
SEC;812;SEC;SR;OK;TASK000015462725;Priority 4;NA
FUN;812;FUN;SR;OK;TASK000015462727;Priority 3;NA
APS;ETH;APS;SR;OK;TASK000015462769;Priority 4;NA
SEC;SYN;SEC;SR;OK;TASK000015462789;Priority 3;NA
SEC;SYN;SEC;SR;OK;TASK000015462802;Priority 3;NA
DBA;812;DBA;SR;OK;TASK000015462812;Priority 3;NA
SEC;SYN;SEC;SR;OK;TASK000015462821;Priority 3;NA
SEC;SYN;SEC;SR;OK;TASK000015462827;Priority 3;NA
CNC;DPY;SEC;SR;OK;TASK000015462838;Priority 4;NA
SEC;SYN;SEC;SR;OK;TASK000015462946;Priority 3;NA
SEC;SYN;SEC;SR;OK;TASK000015462963;Priority 3;NA
SEC;SYN;SEC;SR;OK;TASK000015462986;Priority 3;NA
APS;ETH;APS;SR;OK;TASK000015463024;Priority 3;NA
SEC;812;SEC;SR;OK;TASK000015463025;Priority 4;NA
SEC;BWI;SEC;SR;OK;TASK000015463260;Priority 4;NA
SEC;BWI;SEC;SR;OK;TASK000015463261;Priority 4;NA
SEC;EMS;SEC;SR;OK;TASK000015463285;Priority 3;NA
SEC;EMS;SEC;SR;OK;TASK000015463286;Priority 3;NA
SEC;BWI;SEC;SR;OK;TASK000015463371;Priority 3;NA
SEC;SYN;SEC;SR;Defect;TASK000015463402;Priority 3;NA
CNC;BWI;MON;SR;OK;TASK000015463456;Priority 3;NA
SEC;BWI;SEC;SR;OK;TASK000015463468;Priority 4;NA
SEC;ETH;SEC;SR;OK;TASK000015463532;Priority 3;NA
DBA;812;DBA;SR;OK;TASK000015463614;Priority 3;NA
APS;ETH;APS;SR;OK;TASK000015463673;Priority 3;NA
SEC;SYN;SEC;SR;OK;TASK000015463684;Priority 3;NA
L1;MNT;SEC;SR;OK;TASK000015463691;Priority 4;NA
SEC;WS ;SEC;SR;OK;TASK000015463706;Priority 3;NA
SEC;WS ;SEC;SR;OK;TASK000015463707;Priority 3;NA
SEC;BWI;SEC;SR;OK;TASK000015463745;Priority 3;NA
SEC;DCF;SEC;SR;OK;TASK000015463805;Priority 4;NA
SEC;SYN;SEC;SR;OK;TASK000015463811;Priority 3;NA
SEC;SYN;SEC;SR;Defect;TASK000015464289;Priority 3;NA
L1;MNT;SEC;SR;OK;TASK000015465053;Priority 4;NA
L1;BWI;MON;SR;OK;TASK000015465054;Priority 3;NA
FUN;812;FUN;SR;OK;TASK000015465658;Priority 3;NA
CNC;812;MON;SR;OK;TASK000015465751;Priority 3;NA
SEC;EMS;SEC;SR;OK;TASK000015465804;Priority 4;NA
L1;MNT;SEC;SR;OK;TASK000015465924;Priority 4;NA
DBA;812;DBA;SR;OK;TASK000015466034;Priority 3;NA
FIN;812;FUN;SR;OK;TASK000015466230;Priority 4;NA
DBA;812;DBA;SR;OK;TASK000015466441;Priority 3;NA
L1;DXE;MON;SR;OK;TASK000015466505;Priority 3;NA
SEC;DXE;SEC;SR;OK;TASK000015466604;Priority 4;NA
DBA;812;DBA;SR;OK;TASK000015466609;Priority 3;NA
SEC;DCF;SEC;SR;OK;TASK000015466618;Priority 4;NA
SEC;EMS;SEC;SR;OK;TASK000015466651;Priority 3;NA
SEC;DXE;SEC;SR;OK;TASK000015466684;Priority 4;NA
DBA;812;DBA;SR;OK;TASK000015466749;Priority 3;NA
FUN;812;FUN;SR;OK;TASK000015466806;Priority 3;NA
CNC;812;SCH;SR;OK;TASK000015466807;Priority 3;NA
CNC;DPY;SEC;SR;Defect;TASK000015466839;Priority 4;NA
SEC;MNT;SEC;SR;OK;TASK000015466896;Priority 4;NA
SEC;MNT;SEC;SR;OK;TASK000015466908;Priority 4;NA
L1;MNT;SEC;SR;OK;TASK000015466921;Priority 4;NA
DBA;812;DBA;SR;OK;TASK000015466942;Priority 3;NA
SEC;MNT;SEC;SR;OK;TASK000015466945;Priority 4;NA
SEC;WS ;SEC;SR;OK;TASK000015466954;Priority 4;NA
SEC;EMS;SEC;SR;OK;TASK000015467026;Priority 3;NA
SCH;812;SCH;SR;OK;TASK000015467079;Priority 3;NA
SEC;812;SEC;SR;OK;TASK000015467121;Priority 4;NA
CNC;812;MON;SR;OK;TASK000015467142;Priority 3;NA
SEC;812;SEC;SR;OK;TASK000015467152;Priority 3;NA
FUN;COR;FUN;SR;OK;TASK000015467199;Priority 3;NA
FUN;812;FUN;SR;OK;TASK000015467214;Priority 3;NA
SEC;DCF;SEC;SR;OK;TASK000015467261;Priority 4;NA
FUN;812;FUN;SR;OK;TASK000015467293;Priority 4;NA
L1;MNT;SEC;SR;OK;TASK000015467296;Priority 4;NA
SEC;DCF;SEC;SR;OK;TASK000015467307;Priority 4;NA
L1;MNT;SEC;SR;OK;TASK000015467316;Priority 4;NA
SEC;812;SEC;SR;OK;TASK000015467507;Priority 3;NA
TEC;SYN;FUN;SR;OK;TASK000015467550;Priority 3;NA
SEC;SYN;SEC;SR;OK;TASK000015467551;Priority 3;NA
SEC;SYN;SEC;SR;Defect;TASK000015467570;Priority 3;NA
CNC;812;MON;SR;OK;TASK000015467641;Priority 3;NA
SEC;812;SEC;SR;OK;TASK000015467691;Priority 4;NA
SEC;SYN;SEC;SR;OK;TASK000015467698;Priority 3;NA
CNC;BWI;MON;SR;OK;TASK000015467863;Priority 3;NA
SEC;812;SEC;SR;OK;TASK000015467929;Priority 4;NA
TEC;LAT;TEC;SR;OK;TASK000015467949;Priority 3;NA
DBA;812;DBA;SR;OK;TASK000015468039;Priority 3;NA
SEC;ETH;SEC;SR;OK;TASK000015468353;Priority 3;NA
SEC;SYN;SEC;SR;Defect;TASK000015468373;Priority 3;NA
SEC;BWI;SEC;SR;OK;TASK000015468427;Priority 3;NA
SEC;SYN;SEC;SR;OK;TASK000015468471;Priority 3;NA
SEC;SYN;SEC;SR;OK;TASK000015468509;Priority 3;NA
SEC;EMS;SEC;SR;OK;TASK000015468834;Priority 3;NA
SEC;SYN;SEC;SR;OK;TASK000015468958;Priority 3;NA
SEC;SYN;SEC;SR;Defect;TASK000015468971;Priority 3;NA
SEC;SYN;SEC;SR;Defect;TASK000015469052;Priority 3;NA
SEC;SYN;SEC;SR;Defect;TASK000015469060;Priority 3;NA
CNC;DPY;SEC;SR;OK;TASK000015469107;Priority 4;NA
CNC;DPY;SEC;SR;OK;TASK000015469112;Priority 4;NA
SEC;BWI;SEC;SR;OK;TASK000015469184;Priority 4;NA
SEC;ETH;SEC;SR;OK;TASK000015469194;Priority 3;NA
SCH;BWI;SCH;SR;OK;TASK000015469251;Priority 3;NA
SEC;BWI;SEC;SR;Defect;TASK000015469267;Priority 3;NA
CNC;DPY;SEC;SR;OK;TASK000015469327;Priority 4;NA
SEC;ETH;SEC;SR;OK;TASK000015469342;Priority 3;NA
SEC;SYN;SEC;SR;OK;TASK000015469359;Priority 3;NA
L1;BWI;MON;SR;OK;TASK000015469382;Priority 3;NA
APS;ETH;APS;SR;OK;TASK000015469404;Priority 3;NA
SEC;SYN;SEC;SR;OK;TASK000015469425;Priority 4;NA
APS;ETH;APS;SR;OK;TASK000015469431;Priority 3;NA
SEC;ETH;SEC;SR;OK;TASK000015469477;Priority 3;NA
SEC;MNT;SEC;SR;OK;TASK000015469495;Priority 4;NA
SEC;ETH;SEC;SR;OK;TASK000015469531;Priority 3;NA
FUN;ETH;FUN;SR;OK;TASK000015469533;Priority 3;NA
SEC;SYN;SEC;SR;Defect;TASK000015469570;Priority 3;NA
SEC;SYN;SEC;SR;Defect;TASK000015469579;Priority 3;NA
SEC;SYN;SEC;SR;Defect;TASK000015469587;Priority 3;NA
SEC;SYN;SEC;SR;Defect;TASK000015469598;Priority 3;NA
SEC;812;SEC;SR;OK;TASK000015469628;Priority 3;NA
L1;MNT;SEC;SR;OK;TASK000015469683;Priority 4;NA
SEC;BWI;SEC;SR;OK;TASK000015469840;Priority 4;NA
L1;BWI;MON;SR;OK;TASK000015469872;Priority 3;NA
FIN;MNT;FUN;SR;OK;TASK000015469873;Priority 4;NA
SEC;BWI;SEC;SR;OK;TASK000015469976;Priority 3;NA
SEC;SYN;SEC;SR;Defect;TASK000015469988;Priority 3;NA
SEC;SYN;SEC;SR;Defect;TASK000015469993;Priority 3;NA
DBA;812;DBA;SR;OK;TASK000015471069;Priority 3;NA
DBA;812;DBA;SR;OK;TASK000015471089;Priority 3;NA
SEC;812;SEC;SR;OK;TASK000015471319;Priority 3;NA
FUN;812;FUN;SR;OK;TASK000015471476;Priority 3;NA
DBA;812;DBA;SR;OK;TASK000015471524;Priority 3;NA
L1;BWI;MON;SR;OK;TASK000015471724;Priority 3;NA
SEC;ETH;SEC;SR;Defect;TASK000015471875;Priority 3;NA
SEC;DXE;SEC;SR;OK;TASK000015471975;Priority 4;NA
FUN;WS ;FUN;SR;OK;TASK000015472110;Priority 3;NA
TEC;BWI;TEC;SR;OK;TASK000015472182;Priority 3;NA
APS;ETH;APS;SR;OK;TASK000015472219;Priority 3;NA
DCF;DCF;FUN;SR;OK;TASK000015472243;Priority 3;NA
TEC;BWI;TEC;SR;OK;TASK000015472254;Priority 3;NA
TEC;BWI;TEC;SR;OK;TASK000015472257;Priority 3;NA
APS;ETH;APS;SR;OK;TASK000015472459;Priority 3;NA
SEC;ETH;SEC;SR;OK;TASK000015472554;Priority 3;NA
APS;ETH;APS;SR;OK;TASK000015472568;Priority 3;NA
SEC;ETH;SEC;SR;OK;TASK000015472706;Priority 3;NA
FIN;812;FUN;SR;OK;TASK000015472760;Priority 3;NA
FIN;812;FUN;SR;OK;TASK000015472799;Priority 3;NA
SEC;ETH;SEC;SR;OK;TASK000015472809;Priority 3;NA
DCF;DCF;FUN;SR;OK;TASK000015472832;Priority 4;NA
SEC;DCF;SEC;SR;OK;TASK000015472833;Priority 4;NA
SEC;BWI;SEC;SR;Defect;TASK000015472890;Priority 3;NA
APS;ETH;APS;SR;OK;TASK000015472892;Priority 3;NA
SEC;BWI;SEC;SR;Defect;TASK000015472900;Priority 3;NA
SEC;BWI;SEC;SR;Defect;TASK000015472935;Priority 3;NA
SEC;BWI;SEC;SR;Defect;TASK000015472947;Priority 3;NA
SEC;BWI;SEC;SR;Defect;TASK000015472951;Priority 3;NA
SEC;BWI;SEC;SR;Defect;TASK000015472963;Priority 3;NA
FUN;812;FUN;SR;OK;TASK000015473157;Priority 4;NA
SEC;812;SEC;SR;OK;TASK000015473176;Priority 4;NA
APS;ETH;APS;SR;OK;TASK000015473311;Priority 3;NA
SEC;EMS;SEC;SR;OK;TASK000015473328;Priority 4;NA
CNC;812;SCH;SR;OK;TASK000015473349;Priority 3;NA
APS;ETH;APS;SR;OK;TASK000015473483;Priority 3;NA
APS;ETH;APS;SR;OK;TASK000015473507;Priority 3;NA
EES;EES;FUN;SR;OK;TASK000015473536;Priority 4;NA
SCH;812;SCH;SR;OK;TASK000015473588;Priority 3;NA
SEC;EES;SEC;SR;OK;TASK000015473705;Priority 3;NA
DBA;812;DBA;SR;OK;TASK000015473809;Priority 3;NA
SEC;BWI;SEC;SR;OK;TASK000015473817;Priority 4;NA
SEC;DXE;SEC;SR;OK;TASK000015473866;Priority 3;NA
SEC;BWI;SEC;SR;OK;TASK000015473884;Priority 4;NA
SEC;BWI;SEC;SR;OK;TASK000015473939;Priority 4;NA
SEC;812;SEC;SR;OK;TASK000015473968;Priority 4;NA
TEC;SYN;FUN;SR;OK;TASK000015473995;Priority 3;NA
SEC;EES;SEC;SR;OK;TASK000015474056;Priority 3;NA
SEC;EES;SEC;SR;OK;TASK000015474068;Priority 3;NA
APS;ETH;APS;SR;OK;TASK000015474117;Priority 3;NA
APS;EES;APS;SR;OK;TASK000015474195;Priority 4;NA
SEC;ETH;SEC;SR;OK;TASK000015474259;Priority 3;NA
SCH;BWI;SCH;SR;OK;TASK000015474294;Priority 3;NA
SEC;MNT;SEC;SR;OK;TASK000015474345;Priority 4;NA
APS;ETH;APS;SR;OK;TASK000015474398;Priority 4;NA
SEC;SYN;SEC;SR;Defect;TASK000015474438;Priority 3;NA
FIN;812;FUN;SR;OK;TASK000015474543;Priority 3;NA
APS;ETH;APS;SR;OK;TASK000015474578;Priority 3;NA
APS;ETH;APS;SR;OK;TASK000015474594;Priority 3;NA
APS;ETH;APS;SR;OK;TASK000015474651;Priority 3;NA
SEC;BWI;SEC;SR;OK;TASK000015474833;Priority 4;NA
SEC;BWI;SEC;SR;OK;TASK000015474900;Priority 4;NA
SEC;EES;SEC;SR;OK;TASK000015474952;Priority 3;NA
SEC;812;SEC;SR;OK;TASK000015474958;Priority 3;NA
L1;MNT;SEC;SR;OK;TASK000015475143;Priority 4;NA
L1;MNT;SEC;SR;OK;TASK000015475147;Priority 4;NA
SEC;ETH;SEC;SR;OK;TASK000015475151;Priority 3;NA
FUN;812;FUN;SR;OK;TASK000015475167;Priority 4;NA
SEC;BWI;SEC;SR;OK;TASK000015475252;Priority 4;NA
SEC;MNT;SEC;SR;OK;TASK000015475578;Priority 4;NA
L1;812;MON;SR;OK;TASK000015476024;Priority 3;NA
SEC;EMS;SEC;SR;OK;TASK000015476045;Priority 3;NA
L1;812;MON;SR;OK;TASK000015476204;Priority 3;NA
OPS;EMS;OPS;SR;OK;TASK000015476361;Priority 3;NA
FUN;812;FUN;SR;OK;TASK000015476590;Priority 3;NA
DBA;812;DBA;SR;OK;TASK000015476686;Priority 3;NA
SEC;EES;SEC;SR;OK;TASK000015476828;Priority 3;NA
SEC;DXE;SEC;SR;OK;TASK000015476887;Priority 3;NA
DBA;812;DBA;SR;OK;TASK000015477109;Priority 3;NA
SEC;ETH;SEC;SR;OK;TASK000015477439;Priority 3;NA
DBA;812;DBA;SR;OK;TASK000015477467;Priority 3;NA
SCH;BWI;SCH;SR;OK;TASK000015477705;Priority 3;NA
TEC;SYN;FUN;SR;OK;TASK000015477871;Priority 3;NA
SEC;812;SEC;SR;Defect;TASK000015477874;Priority 3;NA
DBA;812;DBA;SR;OK;TASK000015477941;Priority 3;NA
SEC;SYN;SEC;SR;Defect;TASK000015477995;Priority 3;NA
SEC;SYN;SEC;SR;Defect;TASK000015478007;Priority 3;NA
SCH;812;SCH;SR;OK;TASK000015478133;Priority 3;NA
SEC;SYN;SEC;SR;Defect;TASK000015478141;Priority 3;NA
DBA;812;DBA;SR;OK;TASK000015478288;Priority 3;NA
APS;ETH;APS;SR;OK;TASK000015478307;Priority 3;NA
DBA;812;DBA;SR;OK;TASK000015478376;Priority 3;NA
SEC;BWI;SEC;SR;Defect;TASK000015478753;Priority 3;NA
SEC;SYN;SEC;SR;OK;TASK000015478829;Priority 3;NA
TEC;SYN;FUN;SR;OK;TASK000015478962;Priority 3;NA
SEC;812;SEC;SR;OK;TASK000015479009;Priority 3;NA
SEC;SYN;SEC;SR;Defect;TASK000015479030;Priority 3;NA
SEC;SYN;SEC;SR;Defect;TASK000015479061;Priority 3;NA
APS;ETH;APS;SR;OK;TASK000015479158;Priority 3;NA
APS;ETH;APS;SR;OK;TASK000015479174;Priority 3;NA
APS;ETH;APS;SR;OK;TASK000015479186;Priority 3;NA
APS;ETH;APS;SR;OK;TASK000015479273;Priority 3;NA
SEC;EMS;SEC;SR;OK;TASK000015479469;Priority 3;NA
SEC;SYN;SEC;SR;OK;TASK000015479525;Priority 3;NA
APS;ETH;APS;SR;OK;TASK000015479764;Priority 3;NA
SEC;ETH;SEC;SR;OK;TASK000015479774;Priority 3;NA
SEC;BWI;SEC;SR;OK;TASK000015479955;Priority 3;NA
SEC;SYN;SEC;SR;Defect;TASK000015480009;Priority 3;NA
SEC;SYN;SEC;SR;Defect;TASK000015480027;Priority 3;NA
SEC;SYN;SEC;SR;OK;TASK000015480067;Priority 3;NA
APS;ETH;APS;SR;Defect;TASK000015480205;Priority 3;NA
L1;812;MON;SR;OK;TASK000015481563;Priority 3;NA
DBA;812;DBA;SR;OK;TASK000015481799;Priority 3;NA
CNC;812;MON;SR;OK;TASK000015481824;Priority 3;NA
DBA;812;DBA;SR;OK;TASK000015481836;Priority 3;NA
SEC;812;SEC;SR;Defect;TASK000015481891;Priority 3;NA
CNC;812;MON;SR;OK;TASK000015481972;Priority 3;NA
SCH;812;SCH;SR;OK;TASK000015481992;Priority 3;NA
SEC;812;SEC;SR;Defect;TASK000015482095;Priority 3;NA
CNC;812;MON;SR;OK;TASK000015482187;Priority 3;NA
DBA;812;DBA;SR;OK;TASK000015482363;Priority 3;NA
APS;ETH;APS;SR;OK;TASK000015482397;Priority 3;NA
L1;812;MON;SR;OK;TASK000015482430;Priority 3;NA
APS;ETH;APS;SR;OK;TASK000015482474;Priority 3;NA
SEC;ETH;SEC;SR;OK;TASK000015482501;Priority 3;NA
TEC;LAT;TEC;SR;OK;TASK000015482568;Priority 3;NA
SEC;ETH;SEC;SR;OK;TASK000015482577;Priority 3;NA
SEC;ETH;SEC;SR;OK;TASK000015482592;Priority 3;NA
SCH;812;SCH;SR;OK;TASK000015482790;Priority 3;NA
TEC;SYN;FUN;SR;OK;TASK000015482811;Priority 3;NA
TEC;SYN;FUN;SR;OK;TASK000015482868;Priority 3;NA
SEC;DCF;SEC;SR;OK;TASK000015482886;Priority 3;NA
FUN;COR;FUN;SR;OK;TASK000015482904;Priority 3;NA
SEC;ETH;SEC;SR;OK;TASK000015482912;Priority 3;NA
CNC;BWI;MON;SR;OK;TASK000015483028;Priority 3;NA
FUN;MNT;FUN;SR;OK;TASK000015483181;Priority 3;NA
CNC;812;MON;SR;OK;TASK000015483195;Priority 3;NA
SEC;BWI;SEC;SR;OK;TASK000015483808;Priority 3;NA
SEC;812;SEC;SR;Defect;TASK000015483822;Priority 3;NA
SEC;BWI;SEC;SR;OK;TASK000015483830;Priority 3;NA
APS;ETH;APS;SR;OK;TASK000015483996;Priority 3;NA
APS;ETH;APS;SR;OK;TASK000015484032;Priority 3;NA
SEC;SYN;SEC;SR;Defect;TASK000015484125;Priority 3;NA
SEC;SYN;SEC;SR;Defect;TASK000015484144;Priority 3;NA
SEC;EES;SEC;SR;OK;TASK000015484182;Priority 3;NA
SEC;SYN;SEC;SR;Defect;TASK000015484362;Priority 3;NA
TEC;SYN;FUN;SR;OK;TASK000015484372;Priority 3;NA
DCF;DCF;FUN;SR;OK;TASK000015484384;Priority 3;NA
L1;BWI;MON;SR;OK;TASK000015484579;Priority 3;NA
DBA;812;DBA;SR;OK;TASK000015484612;Priority 3;NA
SEC;SYN;SEC;SR;Defect;TASK000015484710;Priority 3;NA
SEC;ETH;SEC;SR;OK;TASK000015484791;Priority 3;NA
FIN;MNT;FUN;SR;OK;TASK000015484875;Priority 3;NA
SEC;SYN;SEC;SR;Defect;TASK000015484942;Priority 3;NA
FUN;WS ;FUN;SR;OK;TASK000015485397;Priority 3;NA
CNC;812;MON;SR;OK;TASK000015485449;Priority 3;NA
CNC;812;MON;SR;OK;TASK000015485451;Priority 3;NA
